500 2000
109 25 115 110 44 67 92 30 40 70 108 101 94 66 72 59 101 87 88 50 24 25 42 31 40 44 36 63 71 80 35 61 78 34 110 84 32 62 58 83 61 51 46 78 23 39 26 104 80 109 102 108 111 42 33 20 70 46 66 27 107 97 100 67 53 117 69 54 97 51 49 52 101 25 103 112 46 28 104 24 68 71 83 112 51 92 30 34 83 26 93 111 102 91 57 55 60 83 74 112 21 107 40 38 50 103 114 43 74 66 113 77 65 117 119 36 90 39 46 76 70 92 43 57 22 70 104 103 62 102 50 109 39 112 87 34 43 118 44 40 95 73 108 54 110 102 77 105 61 37 54 32 43 112 93 82 113 31 83 29 81 101 93 41 102 72 64 108 111 112 28 52 52 114 77 58 40 56 57 27 58 64 73 82 35 77 115 26 78 47 34 46 55 110 107 21 87 39 68 60 113 118 116 47 97 50 116 29 69 28 117 80 115 88 114 96 33 61 45 36 33 43 83 59 118 118 44 70 106 67 64 79 28 67 62 37 103 61 55 99 88 93 44 79 85 114 112 111 66 107 59 34 73 43 73 73 48 54 38 70 58 39 55 64 116 101 32 76 115 35 56 80 115 73 99 67 100 71 110 59 94 96 81 93 105 102 41 52 67 62 114 93 73 85 60 90 74 48 48 47 109 51 90 56 108 64 36 93 27 94 68 116 55 29 90 21 94 54 117 90 58 82 79 96 39 73 98 79 43 40 69 108 63 48 119 41 53 97 60 20 46 110 95 85 37 40 23 95 72 94 73 28 47 59 32 120 50 23 63 62 94 105 84 59 85 93 96 36 114 78 120 30 60 74 32 44 55 86 42 84 61 31 45 59 118 103 79 62 96 109 71 87 93 119 106 40 21 100 113 72 52 78 104 64 80 73 79 117 59 70 78 65 34 23 66 96 47 109 100 67 23 96 72 81 69 61 66 46 46 98 37 26 106 79 74 66 29 83 60 119 24 45 115 76 112 82 58 87 53 20 30 98 43 86 34 90 99 114 64 114 60 81 51 52 81 29 34 77 92 79 113 115 31 68 106 120 37 105 31 65 67 50 103 115 112 110 57 21 79 50 100 27 33 110 55 66 57 43 30 99 
1 61
1 68
1 212
1 330
1 356
1 477
1 487
2 68
2 153
2 368
3 40
3 271
3 284
3 287
4 64
4 93
4 159
4 204
4 285
4 391
4 417
4 420
5 61
5 103
5 207
5 228
5 236
5 314
5 427
6 183
6 480
7 24
7 280
7 386
8 409
8 468
9 469
10 180
10 372
10 488
11 85
11 249
11 308
11 341
11 368
11 380
11 387
12 17
12 277
12 308
12 397
13 160
13 250
13 388
13 443
14 182
14 416
14 449
15 44
15 158
15 265
15 273
15 367
16 27
16 57
16 82
16 334
17 110
17 168
17 308
17 321
17 448
18 258
19 79
19 217
19 435
19 479
20 67
20 273
20 443
21 100
21 142
21 168
21 177
21 315
21 406
22 70
22 113
22 145
22 204
22 258
22 348
22 475
22 500
23 183
23 187
24 192
24 267
24 325
24 449
25 81
25 95
25 240
25 289
25 348
26 6
26 27
26 258
26 391
27 6
27 336
27 498
28 81
28 128
28 186
28 277
29 90
30 191
30 209
30 263
30 347
30 407
30 440
31 3
31 370
31 477
32 177
32 491
32 500
33 15
33 151
33 400
34 67
34 190
34 387
34 461
34 488
35 75
35 475
36 44
36 83
36 340
36 416
37 66
37 178
38 17
38 20
38 53
38 382
39 34
39 162
39 407
39 496
40 11
40 119
40 159
40 257
40 345
40 467
41 145
41 148
41 194
41 245
41 303
42 387
42 489
42 490
43 472
44 34
44 392
45 55
45 128
45 132
45 164
45 203
45 435
45 486
45 495
46 26
46 50
46 138
46 315
46 358
46 440
47 227
47 249
47 287
47 302
47 303
47 479
48 70
48 152
48 299
48 469
49 48
49 108
49 345
49 407
49 445
49 481
50 18
50 120
50 151
50 167
50 366
50 472
51 105
51 136
51 195
51 298
51 329
51 453
52 160
52 210
52 378
53 143
53 210
53 274
53 406
54 337
54 367
54 381
54 387
54 495
55 98
55 124
55 151
55 372
56 208
56 249
56 269
57 69
57 89
57 156
57 318
57 488
58 343
59 94
59 196
59 248
59 326
59 475
60 8
60 34
60 237
60 405
61 8
61 342
61 387
61 452
62 25
62 69
62 105
62 212
62 225
62 343
62 380
63 34
63 88
63 115
64 7
64 27
64 48
64 94
64 102
64 179
64 412
64 499
65 86
65 110
65 395
65 465
65 487
66 376
66 424
67 4
67 114
67 192
67 367
68 171
68 174
68 425
68 446
69 104
69 353
69 373
69 391
70 4
70 8
70 17
70 188
70 244
70 308
70 343
70 430
71 298
71 332
72 353
72 417
72 467
73 8
73 141
74 82
74 97
74 277
74 328
75 27
75 46
75 76
75 81
75 338
75 374
75 382
75 423
76 43
76 127
76 316
77 34
78 95
78 398
79 164
79 219
79 268
79 350
79 447
80 168
80 318
81 125
81 229
81 451
82 87
82 97
82 281
82 355
82 401
83 17
83 110
83 171
83 229
83 288
83 356
83 388
83 489
84 53
84 363
84 485
85 72
85 91
85 204
85 237
85 275
85 457
86 81
86 122
86 285
86 347
86 372
86 424
86 466
87 92
87 201
87 303
87 372
87 393
87 409
89 33
89 310
90 138
90 252
90 283
91 11
91 35
91 50
91 424
93 95
93 158
93 210
93 238
93 243
93 386
94 112
94 346
94 496
95 137
95 185
95 352
96 39
96 337
97 63
97 242
97 262
97 411
97 439
97 459
98 1
98 2
98 57
98 316
99 121
99 169
99 234
99 413
99 442
100 222
100 240
101 54
101 315
101 497
102 251
103 52
103 61
103 125
103 197
103 326
103 370
104 122
104 130
104 269
104 339
104 497
105 39
105 57
106 50
106 236
106 328
107 41
107 136
107 156
107 493
108 235
108 291
108 410
108 427
108 492
109 40
109 66
109 143
109 239
110 39
110 135
110 304
110 340
110 468
111 117
111 120
111 296
111 308
111 324
111 409
112 196
112 240
112 321
112 405
112 488
113 51
113 344
113 442
114 181
114 230
114 238
114 252
114 460
114 480
115 135
115 145
115 257
115 288
115 298
115 483
115 498
116 71
116 86
116 130
116 177
116 193
116 455
117 48
117 151
117 269
117 293
117 363
117 402
117 433
118 139
118 222
118 439
119 31
119 133
119 214
119 290
120 60
120 124
120 158
121 319
121 423
121 443
122 178
122 356
122 370
122 395
123 228
123 352
123 451
124 2
124 162
124 166
124 289
124 302
124 375
124 396
125 226
125 330
125 404
125 416
126 235
126 341
126 346
126 444
126 491
127 190
127 354
127 424
127 475
127 481
128 6
128 213
128 214
128 220
128 343
128 418
129 158
129 329
129 380
129 458
130 197
130 248
130 462
131 4
131 68
131 105
131 114
131 308
131 452
132 57
132 214
133 356
133 498
134 196
134 320
134 335
135 255
136 61
136 64
136 228
136 337
136 365
137 93
137 268
137 342
137 429
138 49
138 182
138 188
138 257
138 464
139 12
139 37
139 111
139 229
139 437
139 438
139 463
139 485
140 134
140 217
141 1
141 50
141 123
141 169
141 181
141 365
141 484
141 498
142 43
142 149
142 205
142 229
142 270
142 408
143 29
143 233
143 454
143 472
144 103
144 121
144 320
144 366
145 205
145 352
145 369
145 386
146 130
146 136
146 200
146 301
146 394
147 160
147 327
147 377
148 208
148 254
148 320
148 371
148 430
149 45
149 49
149 190
149 280
149 378
149 458
150 221
150 425
151 78
151 263
151 295
151 322
151 462
152 77
152 268
152 330
153 374
153 490
154 109
154 111
154 414
154 482
155 258
155 331
156 22
156 125
156 189
156 194
156 209
156 306
156 330
157 35
157 175
157 182
157 347
157 448
158 192
158 307
158 325
158 339
159 55
159 194
159 228
160 51
160 104
160 224
160 261
160 377
161 77
161 205
161 217
161 304
161 373
161 415
161 429
162 17
162 65
162 149
162 261
163 226
163 487
164 52
164 183
164 323
165 55
165 301
165 311
166 64
166 97
166 133
166 299
166 450
167 70
167 153
167 337
167 424
168 48
168 471
169 17
169 464
170 123
171 121
171 310
171 332
172 72
172 243
172 426
173 9
173 188
173 234
174 66
174 312
174 349
175 60
175 201
175 349
176 35
176 83
176 167
176 330
176 492
177 119
177 434
177 463
178 77
178 98
179 253
179 434
179 481
180 119
180 273
180 328
182 5
182 230
182 271
183 120
183 269
183 443
184 132
184 169
184 318
184 382
184 435
184 458
185 166
186 184
186 189
187 5
187 214
187 297
187 337
187 366
187 387
187 434
187 455
188 273
188 367
188 396
189 50
189 87
189 108
189 124
189 242
189 342
189 399
190 50
190 71
190 96
190 98
190 186
190 202
190 350
190 452
190 492
191 240
191 375
192 38
192 89
192 139
192 288
192 317
192 469
193 14
193 129
193 339
193 385
193 424
193 442
194 138
194 142
194 160
194 187
194 211
194 213
194 363
194 364
194 469
195 241
195 293
195 397
196 42
196 65
196 356
197 406
197 431
197 496
198 200
198 299
199 154
199 182
199 214
200 235
200 456
201 31
201 472
202 15
202 242
202 250
202 263
202 491
203 200
203 252
204 201
204 477
205 40
205 192
205 197
206 115
206 119
206 346
206 381
206 390
207 33
207 54
207 80
207 132
207 154
207 267
207 381
207 384
207 418
208 190
208 442
209 220
209 253
209 488
209 490
210 475
211 29
211 48
211 161
211 276
211 327
211 337
211 414
212 179
212 217
212 311
212 319
212 388
213 165
214 51
214 206
214 234
214 250
214 302
215 2
215 193
215 245
216 8
216 24
216 349
217 166
217 367
217 392
217 452
218 30
218 52
218 183
218 256
219 202
219 245
220 50
220 139
220 334
221 237
221 267
221 481
222 28
222 82
222 116
222 255
222 275
222 352
223 42
223 109
223 126
223 184
223 494
224 82
224 109
224 208
224 329
224 389
224 412
224 431
225 24
225 75
225 471
226 31
226 66
226 78
226 211
226 393
226 456
227 6
227 7
227 231
227 409
227 460
227 466
228 132
228 328
228 452
229 140
229 146
229 263
229 301
229 349
229 364
229 469
230 338
231 23
231 406
232 160
232 328
232 449
233 3
233 26
233 50
233 226
234 96
234 289
234 368
234 437
235 231
235 343
235 363
236 102
236 146
236 196
236 361
236 404
236 478
237 213
237 242
237 358
237 462
238 39
238 52
238 65
238 136
238 159
238 266
238 377
239 27
239 107
239 190
239 223
239 280
239 357
239 462
240 273
240 322
240 337
240 412
241 9
241 24
241 51
241 240
241 347
241 357
242 31
242 333
242 370
242 416
242 487
242 490
243 62
243 143
243 363
244 45
244 91
244 265
244 432
245 126
245 254
245 359
245 468
246 66
246 193
246 248
246 408
247 146
247 206
247 278
247 359
247 492
248 150
248 259
248 311
248 360
248 495
249 88
249 131
250 184
250 441
250 478
251 15
251 134
251 278
251 280
252 477
253 52
253 124
253 461
253 483
254 184
254 374
254 403
254 428
255 12
255 20
255 185
255 254
255 319
255 340
256 93
256 101
256 175
256 229
256 246
256 313
256 413
257 38
257 58
257 77
257 350
257 436
258 63
258 77
258 310
259 44
259 111
259 209
259 242
259 277
259 284
259 325
260 137
260 490
261 102
261 114
261 146
261 322
261 381
262 29
262 38
262 59
262 161
262 283
263 56
264 19
264 123
264 313
264 319
264 475
265 29
265 309
266 110
266 131
266 269
267 29
267 71
267 426
268 56
268 273
269 96
269 107
269 198
269 412
269 438
269 449
270 72
270 300
270 324
270 472
271 219
271 348
271 420
271 464
272 143
272 167
272 225
272 239
272 413
273 7
273 69
273 75
273 349
273 497
274 26
274 155
274 160
274 392
274 407
274 474
275 497
276 9
276 261
276 371
277 156
277 202
277 203
278 368
278 411
278 414
278 459
279 52
279 77
279 365
280 76
280 181
280 313
280 319
280 376
280 466
281 46
281 125
281 223
281 239
281 377
282 97
282 113
282 155
282 252
282 352
282 400
282 424
282 482
283 13
283 413
283 467
284 60
284 159
284 186
284 359
284 403
284 486
285 48
285 231
285 454
286 153
286 231
286 283
286 297
287 13
287 36
287 149
287 199
287 201
287 277
287 402
287 424
287 479
288 12
288 84
288 85
288 238
290 44
290 115
290 146
290 216
290 238
290 275
290 456
290 494
291 258
291 399
292 99
292 243
292 290
292 325
293 1
293 10
293 213
293 220
293 277
293 434
294 56
294 105
294 215
295 369
295 439
295 463
296 438
296 445
297 12
297 126
297 428
298 12
298 146
298 189
298 321
299 116
299 138
299 238
299 265
300 70
300 112
300 464
301 48
301 192
301 259
301 355
301 397
302 306
302 307
302 470
303 141
303 147
303 155
303 323
303 365
303 455
303 480
304 56
304 268
304 448
304 500
305 13
306 87
306 400
307 148
307 190
307 191
307 311
308 28
308 74
308 185
308 233
308 281
308 312
308 374
308 498
309 310
309 358
309 367
310 84
310 224
310 261
310 281
310 336
310 363
311 22
311 84
311 245
311 353
311 360
312 18
312 282
312 301
312 304
312 401
313 123
313 156
313 477
313 490
314 8
314 72
314 151
314 168
314 269
314 376
315 17
315 44
315 184
315 461
315 490
315 494
316 44
316 74
316 187
316 297
317 37
317 157
317 172
318 16
318 372
318 452
318 495
319 10
319 28
319 185
319 291
319 429
320 24
320 49
320 254
320 337
320 413
320 449
321 125
321 291
321 477
321 499
322 64
322 281
322 460
323 232
324 31
324 88
324 411
324 419
325 260
325 285
325 295
325 345
325 440
326 208
326 290
326 335
327 39
327 65
327 328
327 396
328 170
328 182
328 332
328 361
328 481
329 9
329 29
329 57
329 63
329 302
330 438
331 252
331 272
331 389
331 429
332 109
332 289
332 378
332 438
333 378
334 104
335 77
335 199
335 271
335 289
336 435
337 35
337 461
338 27
338 51
338 64
338 296
338 324
338 356
338 440
338 481
339 218
339 307
340 21
340 78
340 194
340 237
340 263
340 424
341 21
341 45
341 201
341 325
341 388
341 467
342 131
342 156
342 277
342 434
342 456
342 473
343 88
343 112
343 116
343 182
343 246
343 461
343 463
344 89
344 266
344 399
345 108
345 109
345 161
345 448
346 10
346 157
346 388
347 8
347 53
347 281
347 370
347 450
348 45
348 197
348 265
348 480
348 491
349 167
349 187
349 307
349 324
349 332
349 374
349 457
350 12
350 50
350 171
350 189
350 218
351 35
351 44
351 102
351 154
351 162
351 181
351 204
351 408
351 411
351 446
352 108
352 139
352 470
353 30
353 118
353 425
353 478
354 9
354 34
354 184
354 323
355 199
355 436
356 3
356 229
356 433
356 480
357 80
357 94
357 260
357 368
358 39
358 248
358 254
359 132
359 227
359 253
359 272
359 274
359 278
359 353
359 383
359 400
359 418
359 457
360 291
361 370
361 474
362 14
362 25
362 166
362 214
362 412
362 457
362 498
363 157
363 266
364 420
365 55
365 102
365 134
365 197
365 312
365 349
365 385
365 403
365 437
366 212
366 257
366 333
366 338
367 18
367 73
367 89
367 159
368 29
368 109
368 302
368 495
369 6
369 59
369 133
369 499
370 270
370 374
370 376
370 402
370 404
371 456
371 493
372 294
372 304
372 325
373 21
373 146
373 285
373 313
373 457
374 98
374 199
374 215
374 408
374 444
374 477
375 295
375 431
376 223
376 329
376 462
377 97
377 149
377 216
377 258
377 268
377 498
378 44
378 215
378 272
378 376
378 408
379 155
379 282
379 296
379 344
380 17
380 77
380 181
380 228
380 315
380 319
380 424
380 468
382 30
382 100
382 143
382 158
382 183
383 332
384 59
384 454
385 165
385 194
385 350
385 384
385 476
386 158
386 211
386 406
386 436
387 175
388 10
388 16
388 75
388 153
388 249
388 263
388 368
389 246
389 403
389 408
390 24
390 163
390 207
390 221
390 461
390 480
391 386
392 406
392 462
393 98
393 135
393 172
393 192
393 478
394 5
394 77
394 155
394 235
394 459
395 9
395 144
395 300
396 116
396 293
396 319
396 478
397 3
397 28
397 69
397 104
397 198
397 206
397 207
397 214
397 246
397 323
397 382
398 112
398 310
398 453
398 500
399 162
399 414
399 486
400 57
400 223
400 450
401 321
402 104
402 277
403 14
403 43
403 182
403 201
403 439
404 43
404 105
404 138
404 260
404 333
404 341
404 489
405 233
406 34
406 151
406 169
406 170
406 206
406 332
406 402
407 294
407 295
407 475
408 316
409 11
409 25
409 83
409 92
409 159
409 252
409 354
409 408
409 476
410 8
410 57
410 152
410 374
410 494
411 41
411 253
411 463
411 491
412 260
412 311
412 382
413 358
413 418
414 72
414 279
414 341
414 441
414 451
414 484
416 138
416 175
416 214
416 231
416 276
416 432
417 149
417 234
417 349
417 381
417 466
418 124
418 412
418 438
419 34
419 62
419 351
419 352
419 499
420 17
420 147
420 171
420 200
420 359
420 478
421 291
421 344
421 388
422 51
422 196
423 98
423 298
423 464
424 113
424 258
424 388
425 106
425 179
426 183
426 212
426 224
426 253
426 344
426 392
426 420
427 92
427 174
427 193
427 418
427 453
428 19
428 310
428 332
428 354
428 367
428 406
429 470
430 122
431 316
431 407
432 456
432 489
433 36
433 163
433 441
433 454
434 114
434 270
434 310
434 359
434 458
435 202
435 404
435 431
436 88
436 285
436 324
436 365
436 445
437 177
437 327
437 364
437 427
438 497
439 8
439 157
439 259
439 397
440 19
440 38
440 202
440 275
440 297
440 317
440 436
440 478
440 480
441 93
441 172
441 174
441 257
441 305
442 25
442 50
442 138
442 255
442 295
443 453
443 497
444 136
444 232
444 252
444 279
444 354
444 376
445 104
445 228
445 258
445 273
445 392
445 395
445 448
446 306
446 332
446 350
446 369
446 385
446 462
447 94
447 203
447 337
448 52
448 60
448 119
448 239
449 48
449 176
450 63
450 414
451 71
451 127
451 440
451 488
452 12
452 375
453 158
453 209
453 324
453 420
454 83
454 112
454 164
454 366
454 400
454 474
455 144
455 189
455 269
456 113
457 153
457 215
457 435
458 167
458 210
459 308
459 354
459 400
460 98
460 378
460 448
461 5
461 33
461 40
461 80
461 193
461 228
461 280
461 296
461 371
462 173
462 303
462 343
462 437
462 486
463 89
463 191
463 254
463 265
464 192
464 474
465 25
465 27
465 388
465 435
466 196
466 244
466 282
466 303
466 446
467 70
468 55
468 411
469 69
469 117
469 193
469 475
470 5
470 55
470 204
470 221
470 464
471 289
472 115
472 237
473 84
473 315
473 450
473 461
473 469
474 33
474 179
474 225
474 431
474 500
475 14
475 326
476 299
476 419
477 170
477 253
477 340
478 206
478 296
478 414
479 248
479 374
479 406
480 175
480 195
480 249
480 481
480 499
481 478
482 40
482 135
482 293
483 98
483 138
483 284
484 250
484 350
485 66
485 145
485 430
486 32
487 88
487 153
487 316
487 425
487 458
488 360
489 103
489 110
489 171
489 172
489 203
489 251
489 265
490 10
490 169
490 263
490 282
490 381
491 56
491 280
491 282
491 354
491 486
492 9
492 21
492 101
492 296
492 358
492 359
492 411
492 415
493 50
493 67
493 255
493 451
493 461
493 474
494 85
494 130
494 191
494 248
495 136
495 323
495 462
496 90
496 97
496 168
496 282
497 122
497 191
497 337
498 72
498 264
498 429
499 98
499 99
500 269

