1000 1000
40 120 75 103 46 78 90 97 84 26 21 27 106 37 48 100 83 55 65 92 37 30 54 61 32 23 78 50 116 23 92 108 120 53 86 85 38 66 33 45 24 23 105 40 79 68 25 105 24 66 99 26 40 73 49 98 75 45 66 86 97 90 61 55 27 108 97 115 78 74 116 89 82 109 23 112 52 38 96 78 96 120 42 53 117 64 48 116 26 36 62 55 111 44 70 119 79 86 50 110 99 40 66 38 35 96 21 93 92 83 72 111 84 86 55 58 40 98 48 107 80 48 84 23 107 55 71 95 60 89 79 43 76 111 95 100 43 88 30 106 49 87 71 117 51 37 34 95 26 31 86 94 30 39 54 24 109 102 45 89 109 43 64 71 68 98 89 96 74 48 69 97 118 91 46 78 20 31 39 104 53 99 32 28 51 120 115 46 63 108 47 26 101 43 48 102 72 45 113 34 28 45 117 113 64 68 88 46 93 84 64 48 111 27 22 55 39 38 50 94 99 91 20 59 72 78 54 105 107 79 58 59 67 62 45 93 91 120 96 26 32 101 86 117 115 39 76 27 85 118 107 115 91 57 42 45 42 56 89 79 46 27 92 40 25 55 47 86 115 47 23 52 119 41 61 107 98 86 44 53 26 118 95 71 33 48 69 113 25 93 26 62 116 64 23 24 89 73 20 63 89 90 106 38 85 36 111 21 79 118 110 74 65 31 54 114 111 99 39 54 63 62 67 66 92 103 42 61 118 86 56 115 34 110 87 40 57 34 81 88 105 90 30 20 63 47 99 85 93 120 59 92 51 71 46 102 20 77 28 111 112 61 53 28 32 104 47 61 45 49 109 115 75 58 115 50 57 80 118 99 25 61 72 32 60 115 94 105 64 54 73 82 56 62 72 50 80 115 57 67 82 43 80 38 79 42 92 56 54 64 81 107 57 57 102 97 68 80 91 47 110 108 81 68 48 41 38 113 69 27 80 103 81 34 55 77 119 94 33 53 68 35 53 89 34 32 41 45 88 111 28 38 84 60 93 63 104 46 24 62 94 22 47 88 101 32 118 106 32 33 108 52 116 79 87 20 114 111 74 94 73 78 68 117 20 111 48 46 117 36 42 82 35 47 98 54 113 63 36 29 29 20 84 43 72 110 116 62 20 102 98 108 29 60 58 103 104 27 73 93 57 98 53 116 24 51 80 60 28 104 92 106 57 98 77 84 77 101 115 43 54 39 58 118 119 54 54 50 53 82 66 36 47 111 83 73 44 102 59 90 25 119 97 22 48 82 21 26 31 48 24 47 94 67 79 41 120 48 107 106 95 70 24 115 46 88 83 70 99 41 70 20 46 98 107 28 80 100 75 114 26 56 101 68 120 76 38 61 42 76 30 93 59 119 40 50 91 23 99 25 118 99 60 52 63 68 38 61 90 85 42 24 108 63 48 120 25 68 34 67 80 72 24 42 99 68 44 24 74 67 101 21 28 72 41 89 62 70 21 65 108 35 41 57 50 109 93 58 80 62 40 21 94 69 95 70 38 118 85 116 23 100 114 35 101 64 26 49 32 101 68 36 36 64 31 54 46 113 74 47 97 67 50 58 29 76 33 113 91 114 73 82 60 52 109 32 61 71 53 92 117 119 34 58 34 28 23 26 86 44 89 55 111 93 44 26 27 98 70 81 32 96 48 115 68 113 45 51 111 100 46 49 65 109 22 26 91 34 95 98 52 109 118 40 56 42 92 93 71 89 25 52 70 68 93 22 53 114 34 100 25 23 51 74 68 34 96 68 89 102 55 23 47 50 34 90 70 40 64 84 70 89 84 80 95 99 83 118 44 103 54 113 51 88 103 93 109 81 43 66 44 33 36 57 80 33 54 117 83 113 88 116 81 98 94 49 25 57 50 120 51 56 73 21 24 77 89 49 67 88 28 34 96 49 46 60 95 62 49 73 63 38 44 57 42 110 119 21 77 55 29 86 61 39 94 101 76 41 69 26 110 60 46 70 37 67 52 65 77 53 62 96 85 79 118 20 39 28 20 81 91 50 40 41 20 38 107 100 113 105 51 120 52 116 42 75 116 98 65 61 39 71 97 64 36 34 27 21 92 36 26 117 50 114 77 31 86 108 73 74 102 28 51 75 102 95 77 112 24 69 42 112 62 120 42 87 63 96 59 54 36 108 112 26 104 88 62 41 102 60 119 45 109 27 59 108 76 35 38 34 60 62 73 116 112 55 107 66 37 119 104 90 59 49 83 71 90 49 44 27 
1 544
1 769
3 49
4 916
6 327
6 968
8 365
9 256
11 535
13 650
14 167
14 330
14 396
15 631
16 454
16 720
19 196
19 593
20 967
21 954
24 107
24 135
25 409
26 419
27 475
28 84
29 306
29 804
33 121
33 943
34 357
34 389
36 809
38 999
39 631
43 794
45 89
45 452
46 205
47 617
49 774
49 960
52 88
52 151
52 298
53 578
53 831
53 847
54 183
55 374
55 681
55 872
56 228
58 539
60 115
61 512
62 94
62 336
63 17
64 260
64 454
64 468
65 499
67 418
68 928
70 250
71 272
72 65
74 508
77 157
77 343
77 696
78 703
80 993
82 450
84 502
84 536
85 336
85 488
85 499
85 771
85 826
87 126
88 194
88 506
89 422
90 176
91 144
91 203
92 35
92 205
92 558
94 28
94 385
96 757
96 837
97 555
97 688
98 856
99 282
100 53
100 612
101 169
102 208
102 404
108 42
109 233
111 176
111 373
111 851
112 535
115 25
115 994
120 900
121 47
122 583
122 659
123 98
123 365
124 295
124 769
126 659
127 472
127 667
128 705
128 884
130 288
130 474
132 457
132 937
136 55
136 121
136 829
137 69
137 310
138 628
140 326
141 449
141 986
142 32
144 169
145 79
145 513
147 998
149 201
152 372
152 798
153 310
154 310
156 645
156 699
159 546
160 277
161 292
161 394
162 437
163 741
164 697
165 985
166 333
166 342
166 900
170 93
171 331
171 614
172 211
172 666
175 268
175 409
176 521
176 615
176 843
178 395
179 442
179 547
180 77
180 152
180 640
181 219
181 589
184 50
184 146
184 899
184 938
185 480
185 832
185 987
186 120
186 472
189 544
189 720
190 718
191 767
192 897
197 351
202 134
203 743
203 987
204 448
204 963
205 395
205 602
206 279
206 861
209 314
209 427
209 596
211 717
212 259
212 443
212 599
214 350
215 501
215 957
218 269
219 663
220 928
221 126
221 309
223 28
224 48
225 892
225 946
226 840
227 896
228 3
228 449
229 282
229 754
231 696
232 187
234 460
234 786
237 462
237 981
238 8
240 158
240 377
241 412
241 684
242 32
244 950
246 346
246 412
246 569
248 217
249 186
250 959
251 439
252 207
252 556
253 558
253 780
253 796
254 662
255 947
256 551
257 403
257 461
258 220
258 785
262 123
262 945
264 503
265 692
265 747
266 247
267 118
267 345
268 507
268 795
272 294
273 291
273 938
274 794
274 970
275 643
276 735
279 601
285 980
285 982
286 10
286 362
286 902
287 312
287 577
289 700
289 736
291 246
291 872
292 971
293 387
294 47
294 224
296 99
298 857
299 353
299 591
301 573
302 742
304 451
306 379
306 563
307 853
310 560
310 740
311 165
311 174
311 831
312 138
313 126
313 834
315 729
315 884
316 670
318 783
319 664
319 926
319 973
320 192
323 113
325 390
327 12
327 18
328 708
330 364
333 300
333 844
334 55
335 325
336 419
337 139
338 282
338 747
339 57
339 860
340 973
341 111
343 25
344 120
344 443
345 370
346 15
346 729
348 339
348 439
348 662
349 446
350 128
350 136
350 193
351 493
351 967
352 296
352 427
352 530
352 889
357 127
358 185
358 774
358 936
362 96
363 665
364 345
364 718
365 972
367 251
370 209
371 597
372 154
372 188
372 415
374 511
374 687
376 484
377 739
378 818
379 629
380 439
381 306
381 586
382 432
382 722
383 158
383 472
383 736
386 902
387 845
387 903
388 501
390 405
390 745
391 632
392 389
392 885
395 35
396 405
396 730
399 495
400 894
401 966
402 123
402 924
403 164
403 754
404 56
405 247
405 694
408 218
409 685
413 7
414 722
414 804
416 336
416 971
419 641
421 567
421 855
423 131
423 645
423 705
425 934
427 86
429 470
429 926
430 703
431 158
432 115
432 716
433 582
435 680
436 66
436 740
438 392
440 204
441 276
441 780
441 942
442 343
442 995
443 283
443 465
443 654
444 19
444 144
444 915
445 555
446 50
447 369
447 623
447 911
448 514
449 454
449 701
449 705
450 319
450 562
451 182
454 871
455 7
455 385
455 616
455 618
455 798
455 880
456 891
458 659
458 731
459 57
459 408
459 672
459 786
460 271
460 840
462 130
462 421
462 455
465 951
468 21
468 576
468 647
469 144
469 697
471 64
471 212
473 437
476 709
476 736
477 848
478 239
478 871
480 435
480 540
480 675
480 988
482 493
483 759
487 381
488 278
488 699
488 787
489 422
489 608
490 693
491 247
494 404
494 957
496 158
496 292
496 879
497 640
497 868
498 460
499 531
499 747
500 358
502 184
504 254
504 756
506 533
506 900
507 477
509 493
509 495
509 780
513 230
513 766
516 468
516 646
517 439
517 663
518 415
518 973
519 115
519 322
519 972
520 703
524 472
524 537
525 81
525 234
528 865
528 987
529 29
531 416
531 497
533 259
538 741
539 474
540 833
543 493
545 406
545 416
546 66
549 248
552 443
554 561
555 539
556 107
556 112
558 695
560 199
560 212
560 777
561 509
561 875
562 602
562 932
563 215
567 323
567 534
567 662
570 175
570 248
570 384
570 744
571 846
571 879
572 635
572 864
574 672
575 106
575 529
577 645
579 665
579 986
580 311
582 132
584 992
585 277
585 421
586 935
587 320
587 829
589 2
589 786
591 510
591 754
592 979
593 563
593 839
598 185
598 194
599 266
600 590
600 684
601 618
602 552
604 286
604 354
604 474
606 389
607 375
608 263
608 944
609 777
610 468
611 904
617 929
618 981
620 568
621 494
623 304
627 102
627 185
627 274
627 950
628 191
628 246
629 646
631 174
633 403
634 798
634 983
635 118
635 681
636 287
636 596
636 963
637 241
640 973
641 19
642 741
643 267
643 543
644 792
645 119
645 297
645 691
645 751
646 577
647 253
647 748
647 952
648 877
649 517
649 932
651 174
651 563
651 682
653 52
653 294
653 354
653 857
654 702
655 5
656 703
656 723
656 941
656 950
657 634
658 33
659 282
660 379
661 223
661 438
661 901
662 153
664 758
667 887
668 528
671 69
671 700
673 24
673 594
675 526
675 822
677 733
680 653
681 247
682 345
682 618
683 413
683 722
684 575
684 702
685 271
686 812
689 122
691 120
691 149
691 599
691 734
692 199
693 397
693 492
694 719
694 907
697 229
697 363
697 480
697 951
699 449
701 617
701 780
701 856
702 948
704 528
708 25
708 631
709 271
710 712
711 681
711 846
712 572
713 522
717 363
718 275
719 284
721 164
721 319
721 537
721 909
722 852
722 894
725 490
725 966
727 831
730 731
731 614
732 587
732 847
735 743
738 931
741 282
743 197
743 281
744 722
744 962
745 241
745 488
745 617
746 46
746 501
747 488
749 659
749 728
750 689
751 642
753 664
755 107
755 503
757 129
757 526
757 664
758 449
760 504
761 31
761 701
763 566
763 732
764 696
765 131
766 829
767 312
768 632
770 865
771 252
772 565
773 65
773 877
774 843
776 185
777 252
777 400
777 791
778 2
778 674
779 69
780 823
781 679
783 610
783 702
783 760
784 259
787 354
787 656
787 667
793 865
794 689
796 385
797 765
797 905
799 934
800 782
801 862
802 676
803 682
807 410
808 138
808 181
810 945
811 219
811 856
812 571
817 380
817 499
818 360
821 428
822 843
823 13
823 48
823 535
824 608
825 951
826 853
827 32
827 888
828 679
828 903
829 369
830 467
831 163
833 443
833 884
834 540
835 551
837 616
844 171
844 534
844 540
847 262
847 279
847 385
847 387
847 503
849 483
849 974
851 783
853 19
853 570
853 874
854 902
856 131
857 619
857 657
857 757
858 321
862 72
862 398
862 626
863 321
863 379
864 287
866 95
866 159
866 588
866 737
867 133
869 706
869 778
870 464
872 445
874 824
874 930
874 971
875 667
877 101
877 629
878 259
879 606
880 296
882 191
882 848
884 420
884 541
884 853
885 58
885 546
887 179
888 29
891 86
892 516
897 369
898 454
898 665
899 377
900 386
901 5
902 219
902 297
903 25
903 314
903 898
905 620
908 529
910 370
911 158
912 501
913 896
915 995
916 140
917 440
920 242
921 31
922 293
922 572
923 66
923 158
923 313
925 785
930 872
930 934
931 197
931 527
933 21
935 17
936 856
937 83
940 83
940 693
941 131
941 783
942 25
943 69
943 145
943 306
946 709
947 152
947 963
948 488
948 976
949 672
949 685
949 827
951 437
951 660
951 725
952 174
954 230
955 278
957 828
959 8
960 686
960 904
961 903
962 8
962 316
962 329
963 489
966 30
969 314
973 935
975 10
975 66
975 723
978 258
978 621
978 900
979 997
980 965
981 190
981 826
982 122
982 396
982 680
984 295
984 949
986 151
986 749
986 902
987 752
988 243
988 520
988 694
989 273
989 293
989 342
989 929
992 341
993 566
994 188
994 233
994 846
995 579
996 138
997 219
998 441
998 479
999 802

