800 2000
94 66 97 76 95 35 48 61 91 113 39 72 25 120 28 93 30 92 66 84 27 44 118 80 62 106 101 75 55 110 110 93 91 51 40 90 67 118 20 22 79 116 61 100 84 22 68 67 69 70 66 92 79 119 66 56 95 66 104 31 80 75 62 51 106 83 34 95 85 55 22 27 52 33 106 21 102 55 76 31 90 95 63 34 41 84 119 98 85 24 35 20 71 32 115 114 78 113 68 107 111 65 75 80 77 108 59 99 46 43 42 35 74 70 76 77 61 42 32 53 81 25 22 58 102 100 74 55 104 43 48 86 115 70 75 40 116 35 111 102 53 104 25 75 35 26 68 75 58 60 44 53 68 80 105 110 95 73 49 79 119 22 90 73 117 80 51 67 37 101 42 120 95 72 42 70 29 91 116 51 25 31 98 43 38 47 40 56 86 106 98 54 27 99 54 108 30 24 31 74 63 56 100 95 61 68 82 43 37 93 78 53 108 69 83 84 29 54 102 71 58 44 105 38 34 51 81 48 99 105 51 64 38 30 62 110 101 53 98 26 72 45 104 77 67 95 109 43 23 80 50 38 75 38 40 20 84 47 44 90 51 30 78 67 73 78 115 71 73 97 108 35 113 107 78 113 40 119 22 98 72 74 40 42 91 45 106 88 105 120 31 31 75 68 31 24 118 40 40 34 69 44 66 23 68 64 114 112 84 35 95 84 71 49 80 21 103 103 119 51 39 81 74 30 40 84 38 90 108 43 57 102 80 22 68 38 117 27 114 60 65 35 114 88 47 50 99 36 82 37 80 87 50 45 34 105 91 94 93 32 72 46 101 96 46 94 56 116 74 99 75 52 104 38 74 34 80 55 111 40 25 50 50 50 28 36 48 110 70 47 105 66 26 104 118 71 120 88 48 80 27 49 56 114 97 34 67 112 34 64 82 62 59 70 51 44 37 66 90 42 75 79 103 108 98 36 96 103 113 106 27 86 41 77 46 88 82 59 56 106 54 114 27 92 91 34 75 25 91 28 42 91 61 59 103 43 80 26 22 81 98 71 99 46 75 86 28 39 62 71 70 27 86 119 119 52 52 114 85 94 67 85 110 29 55 69 84 96 109 39 98 106 117 82 116 21 64 49 48 32 72 57 61 98 74 111 54 97 91 30 39 55 110 85 74 42 40 90 37 110 88 104 99 39 110 34 81 105 70 26 98 85 39 109 74 101 117 88 27 53 118 108 95 44 41 52 82 94 63 20 109 29 68 98 101 108 25 113 56 60 117 119 70 88 77 75 20 31 99 82 32 98 98 85 33 114 96 97 95 67 120 84 79 35 83 70 81 96 76 91 99 23 110 60 85 40 21 23 105 75 68 28 72 84 40 48 29 77 119 109 117 48 111 76 65 56 84 72 52 74 63 69 65 42 74 60 110 41 89 27 25 39 97 79 53 113 50 88 109 47 74 24 24 81 90 73 33 37 73 93 82 103 67 113 20 111 86 104 119 26 105 36 29 54 32 84 117 27 26 29 76 61 96 79 36 66 66 32 47 45 88 92 58 111 32 66 97 102 35 62 72 70 39 26 88 25 83 55 83 116 26 119 90 114 24 76 74 38 102 44 65 44 25 35 117 21 84 109 54 89 76 69 73 56 103 108 63 61 56 120 117 111 80 51 46 91 28 76 53 120 85 41 68 71 32 88 37 106 26 29 91 43 33 70 28 27 67 64 82 100 51 112 116 24 25 48 105 57 70 47 104 120 38 53 25 94 43 60 79 71 89 92 78 71 119 63 80 88 107 47 62 45 28 115 63 42 25 42 26 108 
1 641
2 14
2 568
3 255
4 208
4 444
6 504
7 88
7 546
7 642
7 660
8 440
8 589
9 196
9 378
9 505
9 749
10 239
10 376
10 696
11 434
12 576
13 77
13 400
14 536
15 50
15 173
15 609
16 550
16 618
17 645
17 718
17 757
19 34
19 104
19 207
19 410
19 620
19 743
20 633
22 47
23 359
23 598
24 48
24 437
24 523
24 658
25 106
25 138
25 296
26 717
26 746
27 390
27 719
28 382
29 467
30 192
30 250
30 409
31 100
31 324
31 610
31 719
32 101
32 343
32 683
32 786
33 159
33 195
33 247
34 28
34 64
34 713
35 329
35 356
35 424
36 96
36 700
36 738
37 51
37 179
37 472
37 543
38 1
38 110
38 582
38 583
39 57
39 146
39 317
39 323
39 569
39 646
40 149
40 462
41 332
41 349
41 509
42 555
42 681
42 690
43 181
43 338
46 373
47 661
47 700
47 747
48 240
48 319
48 523
49 50
49 246
49 333
49 600
49 624
50 439
50 470
50 587
50 670
51 63
51 239
51 643
52 306
53 338
53 386
53 401
54 418
55 338
55 765
56 168
56 253
56 307
57 548
58 148
58 393
58 664
58 696
59 74
59 290
60 20
60 84
60 579
61 622
62 319
62 722
63 236
65 382
65 778
66 592
67 656
68 209
68 625
69 49
70 472
72 261
72 679
73 387
73 570
73 760
74 109
74 670
75 227
76 78
76 387
76 767
77 88
77 417
78 83
78 133
78 162
78 447
78 452
78 534
79 362
79 483
79 713
79 741
79 774
80 257
80 274
80 691
81 94
81 767
82 685
82 798
83 205
83 320
83 749
85 231
85 336
85 463
85 743
87 12
87 202
87 318
88 331
88 345
88 352
89 587
90 132
91 212
92 150
92 276
92 445
93 220
93 261
93 470
93 711
93 745
94 355
94 384
95 526
96 153
96 252
96 433
96 704
97 365
98 83
98 168
98 215
98 440
98 468
99 565
99 576
99 596
99 719
99 744
100 160
100 179
100 184
101 384
101 595
101 798
102 756
102 763
103 136
103 336
104 34
105 161
105 306
105 353
106 65
106 124
106 436
106 715
107 14
107 35
107 93
107 665
107 711
108 5
108 661
109 49
109 368
110 102
111 38
111 136
111 254
111 282
112 82
112 186
112 269
112 275
112 421
112 611
112 682
112 728
112 750
113 222
114 178
114 380
115 177
115 192
115 454
116 145
116 243
116 416
116 642
116 687
116 744
117 6
118 59
118 75
119 60
119 489
120 511
120 619
121 210
121 236
121 277
121 711
122 158
122 354
122 385
122 504
123 97
124 82
125 241
125 397
125 436
125 623
126 298
126 419
127 28
127 30
127 292
127 587
128 158
128 411
128 581
129 118
129 553
130 40
130 481
131 161
132 187
133 226
133 239
134 444
135 323
135 518
136 120
136 218
136 505
136 609
136 760
137 208
137 246
137 254
137 508
137 651
137 698
137 788
138 179
138 552
139 495
139 569
140 285
140 754
141 271
141 412
141 723
141 768
142 312
142 368
142 486
142 494
143 213
144 366
144 454
144 597
144 773
145 686
146 23
146 609
147 677
148 99
148 139
148 288
148 402
148 720
149 3
149 55
149 167
149 508
149 560
150 44
150 171
150 258
150 262
150 628
151 439
151 569
151 624
152 64
153 27
153 289
153 315
153 437
154 773
155 480
156 64
156 796
157 363
157 780
158 408
158 481
158 673
159 267
159 424
159 545
159 596
160 251
160 799
161 376
162 466
162 596
163 143
163 560
163 782
165 445
165 668
166 67
166 72
166 139
166 241
168 374
168 489
168 586
169 22
169 176
169 552
169 628
170 766
171 104
171 143
171 177
172 142
172 166
172 392
174 69
174 158
174 179
174 560
175 91
175 186
176 241
176 568
176 597
177 333
177 504
177 652
177 656
177 672
178 333
178 649
178 736
179 1
179 511
179 699
180 457
180 506
180 629
180 652
180 747
180 777
181 8
182 39
182 59
182 78
182 313
182 445
183 333
183 425
184 408
184 591
184 627
184 693
185 234
185 713
185 782
186 134
186 522
186 619
186 736
187 159
188 36
188 136
188 305
189 695
189 743
190 389
190 636
190 638
190 751
191 131
192 173
192 649
193 139
194 330
194 366
194 471
194 495
195 142
195 276
195 647
195 705
196 248
196 532
196 561
197 335
197 737
198 538
198 784
199 88
201 99
201 157
201 296
201 575
201 626
202 553
203 308
203 334
203 370
204 96
204 440
205 62
205 190
205 633
205 768
206 364
206 616
206 755
207 227
207 782
208 710
208 750
209 77
210 57
210 278
210 779
210 786
212 1
212 240
212 354
212 749
213 15
213 194
213 199
213 698
214 223
214 292
214 427
215 187
215 718
215 758
216 45
216 99
216 350
216 473
217 297
217 445
217 755
218 43
218 168
218 503
218 732
219 237
219 420
219 625
219 659
219 782
220 5
220 719
221 325
221 376
221 724
221 751
222 376
222 417
222 780
222 784
223 633
223 686
223 715
224 383
224 406
224 796
225 461
225 693
226 145
226 274
226 464
226 727
227 249
227 411
227 478
227 649
227 714
227 716
228 561
228 605
228 608
228 703
229 389
229 401
229 723
230 113
230 542
231 230
231 486
231 504
231 618
232 150
232 757
233 77
233 91
233 347
233 656
234 5
234 353
234 522
236 61
236 297
236 385
236 440
236 748
237 120
237 221
237 337
238 279
238 739
239 456
239 654
242 83
242 132
242 405
243 263
243 576
243 577
243 684
244 12
244 177
244 374
244 494
244 544
244 638
244 742
245 3
245 107
245 240
245 627
245 703
246 346
246 358
247 86
247 175
247 191
247 356
247 454
247 569
248 61
248 753
248 781
249 426
249 736
249 799
250 135
250 160
250 385
251 227
251 369
251 733
253 506
253 797
254 16
254 198
254 558
254 773
255 193
255 384
255 390
255 500
255 588
255 728
255 751
255 785
256 344
256 758
257 228
257 320
257 718
258 171
258 190
258 508
258 672
259 43
259 434
261 98
261 319
261 475
261 614
262 309
262 598
263 9
263 256
263 606
264 380
264 648
265 65
266 198
266 481
267 160
268 32
268 175
268 326
268 764
269 154
269 760
270 312
271 717
272 89
272 147
272 167
272 361
272 412
272 558
272 653
272 772
272 778
273 261
273 380
274 326
275 224
275 583
276 477
276 552
277 25
277 99
277 409
277 614
278 126
278 182
278 255
278 386
278 395
279 337
280 113
280 201
281 140
282 110
282 221
282 620
282 698
283 228
284 12
284 472
284 509
284 516
284 540
284 776
285 174
285 619
286 794
287 267
287 298
287 400
288 8
288 559
288 708
290 162
290 394
290 525
291 239
292 275
292 477
292 565
293 113
293 473
293 785
294 593
294 637
296 406
297 177
297 224
297 730
298 291
298 445
298 640
298 719
298 748
298 761
300 334
300 560
300 610
300 679
300 726
301 5
302 588
304 166
304 172
304 303
304 378
304 492
304 544
304 669
305 450
305 465
305 552
306 198
306 725
307 189
307 341
308 277
308 460
308 638
309 530
309 731
310 99
310 483
310 526
311 353
311 531
312 76
312 157
312 534
312 752
314 295
314 361
314 565
314 601
314 623
315 65
315 423
315 556
315 638
316 632
317 159
317 618
318 193
318 359
318 437
318 591
319 443
319 508
319 542
319 748
320 291
320 292
320 486
320 634
320 659
320 713
321 216
321 298
321 360
321 400
321 544
322 31
322 35
322 229
322 391
323 17
324 225
324 348
324 397
325 122
325 663
326 378
326 427
326 548
326 644
326 724
327 320
327 462
327 489
327 622
328 573
328 635
329 43
329 385
329 415
330 251
330 586
330 774
331 32
331 81
331 170
331 193
331 508
331 586
332 500
333 143
333 356
333 638
333 679
334 104
334 252
334 444
335 124
335 326
335 585
336 26
336 522
336 622
336 670
337 429
337 701
338 17
338 353
338 357
338 396
339 116
339 456
340 240
340 722
341 447
342 192
342 222
343 119
343 698
344 363
344 425
345 31
345 61
345 132
345 269
345 593
346 96
346 173
346 184
346 353
346 466
346 520
346 639
346 760
347 296
347 362
347 529
347 740
348 183
348 352
348 393
349 379
349 733
351 76
351 180
351 421
352 208
352 632
352 796
353 591
354 254
354 601
355 309
356 83
356 120
356 311
356 616
356 686
357 600
357 698
357 727
357 761
358 352
358 590
358 600
358 761
359 280
359 334
360 173
360 754
361 66
361 508
362 651
363 186
363 485
363 771
364 45
364 719
365 292
365 412
365 505
365 660
365 667
366 73
366 318
366 370
367 244
367 257
367 299
367 678
368 39
368 430
369 33
370 168
370 235
371 39
371 534
371 658
371 695
372 297
372 326
372 371
373 527
374 167
374 525
375 206
375 445
376 162
376 169
376 212
376 385
377 94
378 292
378 379
378 513
378 522
378 793
379 588
380 510
380 593
380 763
381 53
381 98
381 244
381 668
383 159
384 187
384 334
384 512
384 636
385 206
385 361
385 392
386 437
386 637
386 744
387 158
387 243
387 379
387 441
387 558
387 720
388 302
388 577
388 663
388 680
389 125
389 216
390 411
391 25
391 217
391 290
392 48
392 58
392 131
392 173
392 799
393 73
393 579
393 723
394 244
394 572
395 136
395 237
395 572
396 4
396 455
396 629
397 133
397 261
397 395
398 87
398 145
398 242
398 743
399 260
399 712
400 340
400 447
400 466
401 544
402 704
402 770
403 301
404 431
405 334
405 585
405 612
406 272
406 527
406 791
407 49
407 180
407 613
407 647
408 42
408 720
409 143
409 152
409 234
410 412
410 679
410 751
411 66
411 624
411 732
412 303
412 592
413 52
414 58
414 690
415 75
415 557
415 689
416 429
417 103
417 219
417 306
417 351
417 483
417 594
417 718
417 773
418 173
419 53
419 793
420 208
420 440
421 170
421 266
421 317
422 152
422 323
422 354
423 46
423 103
424 83
424 644
424 798
425 357
425 712
426 153
426 194
427 594
428 206
428 500
429 794
430 407
430 483
430 735
431 216
431 263
431 613
432 110
432 370
432 771
433 743
434 268
434 314
435 449
435 621
436 336
436 554
436 575
436 788
437 248
437 568
437 613
437 710
438 366
438 491
439 16
439 23
440 1
440 136
441 57
441 134
441 143
441 737
442 161
443 12
443 210
443 621
444 163
444 164
444 473
445 111
445 710
446 317
446 561
446 738
447 75
448 121
449 131
449 178
449 337
449 471
449 653
449 696
450 124
450 184
450 208
450 302
451 312
451 743
452 38
453 27
453 61
453 332
454 783
455 390
455 659
455 721
456 165
456 583
457 53
458 78
458 156
458 242
458 357
458 578
459 203
459 532
459 586
459 796
460 296
460 775
461 337
462 122
462 770
463 27
463 256
464 71
464 204
464 246
464 335
464 399
466 248
466 371
467 46
467 141
467 381
469 162
469 508
470 132
470 158
471 79
471 408
472 411
473 40
473 333
473 398
473 403
474 322
474 669
475 217
475 236
476 510
476 519
476 767
477 424
477 685
478 105
478 533
478 695
479 323
480 487
481 411
482 290
482 303
482 374
482 375
482 480
482 649
482 769
483 15
483 76
483 193
483 444
484 210
486 50
486 151
486 311
486 521
487 221
487 473
488 578
489 318
489 440
489 459
490 367
490 431
491 133
491 305
491 382
491 425
491 458
491 621
492 73
492 536
492 772
493 512
493 532
493 720
494 124
494 197
494 404
494 772
495 410
496 59
496 455
496 673
497 58
497 125
497 176
497 289
498 53
498 669
499 13
499 167
499 267
499 560
500 217
500 449
500 711
501 159
502 24
502 677
502 715
502 737
503 245
503 400
504 108
504 771
505 200
505 413
507 159
507 226
508 714
509 22
509 388
509 442
509 477
509 727
510 426
510 759
511 109
511 506
515 201
515 417
516 141
516 198
516 466
516 486
516 582
517 167
517 583
518 157
519 753
520 23
520 109
520 349
521 113
521 415
521 644
521 797
522 8
522 682
523 626
524 63
524 474
524 686
525 118
525 155
525 544
525 756
525 761
526 159
526 180
526 254
526 377
527 83
527 560
527 770
528 442
528 767
529 397
529 464
530 310
531 313
531 482
532 261
532 540
534 247
534 309
534 404
535 313
535 559
536 111
536 228
536 230
536 612
537 99
537 701
537 724
538 220
538 242
538 377
538 709
539 616
540 71
540 102
540 511
540 723
540 733
541 660
541 758
542 265
542 273
542 636
543 380
543 540
545 23
545 48
545 208
545 293
546 150
546 213
546 338
546 517
548 176
548 519
548 542
548 695
548 730
550 200
550 316
550 338
550 496
551 333
552 622
553 369
553 520
553 710
554 88
554 269
554 500
554 663
554 729
555 131
555 249
555 505
555 510
556 668
556 749
557 161
558 100
559 391
559 496
561 1
562 670
563 109
563 432
564 787
565 35
565 338
565 530
565 698
566 303
566 420
566 781
567 584
567 707
568 66
568 196
568 258
568 323
568 395
568 591
568 600
569 548
571 98
571 395
571 447
572 218
572 751
573 208
574 107
574 324
574 651
574 682
574 746
575 5
575 198
575 749
576 229
576 533
576 756
578 197
579 518
579 627
580 491
581 360
581 644
582 509
582 718
583 480
584 191
584 213
584 540
585 647
586 172
586 293
586 448
587 131
587 177
587 211
588 389
588 544
588 577
589 510
589 569
589 724
591 630
592 334
592 404
592 474
592 647
592 749
593 701
594 32
594 278
595 191
595 225
595 226
595 609
595 717
596 749
597 542
598 443
599 51
599 339
600 287
600 539
601 229
601 296
601 513
603 61
603 542
604 621
605 438
605 555
605 591
607 174
607 732
609 326
609 522
609 784
610 10
610 350
610 490
610 514
610 524
610 608
611 101
611 129
612 738
613 73
613 156
613 175
613 356
613 507
614 482
615 187
615 203
615 409
615 499
615 745
616 103
616 527
616 590
616 683
617 14
617 713
621 157
621 517
621 638
621 724
622 97
623 163
623 531
624 629
625 786
627 187
628 78
629 421
629 523
631 350
631 463
631 526
632 307
632 464
633 201
633 432
634 263
634 492
634 588
635 376
635 398
635 463
635 468
635 634
636 330
637 742
638 48
638 299
638 442
638 460
638 626
639 111
639 710
639 711
641 538
641 713
642 483
643 163
643 295
643 619
643 689
644 270
644 677
644 770
645 659
645 715
646 305
647 42
647 52
647 331
647 336
649 99
649 120
649 755
651 717
652 213
652 257
652 353
652 706
653 284
653 593
653 696
654 313
654 392
654 455
654 665
655 592
655 599
656 275
656 290
656 311
656 498
656 614
657 232
658 463
658 481
659 173
659 274
659 794
660 436
660 756
661 748
662 98
662 130
662 269
662 753
663 530
664 214
664 684
664 730
666 165
666 369
667 264
667 605
667 698
667 726
668 176
668 281
668 292
669 403
670 49
670 318
670 481
670 766
671 337
671 390
672 667
672 791
673 34
673 508
673 738
674 410
675 148
675 384
675 517
675 565
676 179
676 254
676 400
676 557
676 576
677 22
677 229
678 667
678 677
678 746
679 406
679 540
680 406
680 465
680 703
680 740
681 227
681 590
681 596
681 641
682 42
683 112
683 162
683 443
683 621
684 123
684 131
684 429
685 275
685 372
685 673
685 709
685 795
687 203
687 209
687 261
688 333
688 770
690 479
691 82
691 372
692 387
692 777
693 196
693 714
695 426
696 657
697 398
697 772
698 56
698 305
698 631
699 204
699 530
700 142
700 407
700 601
700 650
700 776
702 613
702 631
702 753
703 200
703 290
704 28
704 66
704 591
705 45
705 166
705 393
705 483
706 34
706 310
706 602
706 686
707 156
707 500
708 137
708 172
709 797
710 192
711 745
712 732
713 292
713 538
714 100
714 487
714 593
715 397
716 177
716 214
716 244
716 645
717 81
717 174
718 4
718 234
718 611
718 770
719 184
720 388
720 632
721 194
721 207
721 799
722 162
722 329
722 419
722 720
722 797
723 128
723 561
723 620
724 76
724 160
724 338
724 632
724 712
724 782
725 134
725 705
726 109
726 352
727 283
728 247
728 330
728 798
729 400
730 397
730 540
730 732
730 758
731 282
731 344
731 515
731 557
731 639
732 27
732 413
732 419
732 481
732 543
732 720
732 768
733 231
733 516
733 665
734 9
734 211
734 292
734 523
735 200
736 640
736 798
737 236
737 268
737 334
737 364
737 454
738 7
738 331
738 412
739 44
739 627
739 631
740 156
741 324
741 516
741 633
742 669
742 776
743 471
743 714
744 334
746 125
746 340
746 515
747 257
747 662
748 704
748 777
749 447
751 376
751 510
751 560
751 799
752 108
752 483
753 51
754 129
754 706
755 506
755 584
756 2
756 409
756 730
757 491
757 712
757 733
757 760
758 92
759 54
759 112
759 800
760 170
760 694
761 238
761 344
761 349
761 721
762 106
762 339
762 375
762 400
762 408
762 451
762 707
763 719
764 301
764 452
764 504
765 18
765 258
765 458
765 656
766 289
766 304
766 740
767 464
767 580
767 627
768 24
768 45
769 293
769 431
769 568
770 51
770 84
770 194
771 408
771 718
771 775
772 59
772 488
772 687
773 779
774 4
774 13
774 399
776 9
776 23
776 416
776 551
776 687
778 164
778 472
778 721
780 748
781 145
781 365
781 570
782 61
782 336
782 654
782 759
783 448
783 697
784 88
784 173
785 709
786 232
787 372
787 531
787 796
788 340
789 11
789 209
789 446
789 534
789 628
789 744
789 790
790 72
790 323
790 342
791 391
792 498
793 439
793 613
794 4
794 25
794 613
794 697
795 67
795 73
795 208
795 267
795 395
796 390
796 674
796 714
797 165
797 270
797 487
797 761
798 144
798 167
798 661
799 266
799 439
799 586
800 138
800 142
800 247

