500 5000
104 29 40 107 49 56 81 113 25 74 75 54 70 78 108 76 78 67 82 119 110 24 106 31 81 99 117 68 21 117 84 80 116 72 66 30 81 112 94 27 95 76 55 42 119 88 96 82 20 72 101 63 55 65 38 36 44 106 75 80 70 88 86 40 62 83 97 67 33 104 33 96 111 76 32 96 56 95 101 78 78 42 64 39 103 44 108 70 98 111 42 119 87 65 42 95 115 81 58 23 38 24 115 63 42 98 104 55 93 24 103 61 56 118 108 33 68 60 67 46 88 106 44 107 58 82 102 26 73 94 75 50 41 32 40 41 108 91 95 90 86 58 117 108 37 43 54 28 119 72 39 107 38 69 29 50 102 81 101 101 74 41 68 73 56 31 96 24 78 102 72 109 75 46 105 59 120 98 53 82 104 107 21 107 37 88 62 34 28 80 106 90 58 114 69 49 107 57 97 44 112 78 102 77 53 76 38 108 114 113 61 78 96 63 35 72 56 44 87 46 75 27 112 71 106 91 69 99 97 73 52 78 78 71 25 37 96 111 95 59 72 72 49 59 65 82 60 62 37 119 113 24 85 70 106 70 95 39 35 92 95 83 97 92 44 114 55 98 81 95 110 42 92 107 46 112 63 58 120 32 90 53 85 37 91 104 44 26 100 63 45 115 102 103 86 86 20 93 79 78 60 108 49 67 30 38 118 37 102 84 114 70 108 35 93 103 25 77 110 70 87 48 80 81 83 105 40 22 53 65 58 58 114 75 51 47 88 89 65 75 42 66 93 78 28 81 74 26 115 46 31 111 52 85 55 48 116 27 77 42 95 81 72 86 81 61 57 20 86 87 96 70 103 40 103 84 44 24 75 52 105 113 25 72 53 108 86 57 31 62 88 69 88 81 51 43 34 67 116 96 53 26 22 88 32 71 116 62 83 99 36 117 42 38 119 79 50 80 20 67 106 76 38 24 55 107 48 61 94 87 60 39 58 116 117 110 77 56 120 39 39 82 33 53 51 96 80 49 83 111 66 31 54 80 103 45 46 49 82 49 114 116 20 52 81 28 58 39 35 117 91 79 72 110 98 76 36 94 95 84 100 36 99 92 89 25 39 96 30 59 31 49 95 70 28 68 81 72 58 51 
1 13
1 112
1 117
1 127
1 137
1 167
1 217
1 301
1 405
1 417
1 444
2 94
2 103
2 107
2 180
2 237
2 313
2 355
2 424
2 435
2 436
2 442
2 491
3 37
3 172
3 173
3 189
3 325
3 391
3 397
4 31
4 149
4 168
4 297
4 327
4 390
4 427
5 23
5 71
5 87
5 167
5 224
5 253
5 305
5 334
5 337
5 450
5 451
5 480
6 2
6 25
6 76
6 94
6 113
6 126
6 209
6 211
6 296
6 332
6 355
6 451
7 21
7 27
7 69
7 103
7 202
7 212
7 256
7 280
7 293
7 294
7 367
7 445
7 488
8 322
8 346
8 390
8 414
8 485
9 112
9 127
9 145
9 223
9 227
9 280
9 314
9 334
9 342
9 368
9 382
10 50
10 155
10 269
10 271
10 375
10 402
10 463
11 138
11 226
11 227
11 291
11 313
11 323
11 334
11 405
11 410
11 416
12 99
12 203
12 208
12 282
12 297
12 363
12 377
13 6
13 61
13 100
13 157
13 464
14 31
14 193
14 219
14 370
14 379
14 413
14 437
14 452
14 458
14 470
15 23
15 30
15 76
15 141
15 177
15 215
15 235
15 292
15 444
15 471
16 140
16 242
16 317
16 338
16 364
16 379
16 440
16 461
16 481
17 56
17 80
17 127
17 172
17 284
17 301
17 361
18 17
18 170
18 217
18 252
18 273
18 293
18 317
18 335
18 340
18 375
18 434
18 463
18 471
18 494
19 81
19 193
19 227
19 269
19 279
19 358
19 392
19 482
20 4
20 36
20 111
20 172
20 177
20 179
20 184
20 265
20 283
20 314
20 338
20 423
20 483
20 499
21 10
21 182
21 250
21 346
21 376
21 476
22 82
22 119
22 261
22 385
22 420
22 439
23 76
23 107
23 249
23 314
23 324
23 383
23 415
23 479
23 480
24 2
24 7
24 9
24 106
24 308
24 342
24 343
24 354
24 401
24 448
24 464
24 480
24 488
24 493
25 110
25 119
25 138
25 156
25 158
25 249
25 393
25 479
26 6
26 8
26 164
26 244
26 257
26 273
26 282
26 307
26 314
26 381
26 499
27 8
27 19
27 32
27 66
27 82
27 104
27 130
27 208
27 209
27 232
27 294
27 334
27 392
27 456
28 33
28 110
28 131
28 163
28 181
28 225
28 280
28 284
28 300
28 316
28 354
28 407
28 459
29 23
29 25
29 115
29 132
29 173
29 194
29 223
29 286
29 299
29 310
29 394
29 427
29 458
29 460
29 467
30 57
30 65
30 92
30 134
30 259
30 286
30 305
30 327
30 391
30 444
30 484
31 42
31 93
31 109
31 122
31 158
31 193
31 200
31 238
31 257
31 362
31 466
32 123
32 136
32 137
32 143
32 169
32 315
32 426
32 427
32 444
32 461
32 464
32 481
32 492
32 500
33 17
33 89
33 126
33 202
33 345
33 379
33 417
34 20
34 39
34 60
34 76
34 88
34 103
34 142
34 146
34 147
34 157
34 170
34 225
34 406
34 419
34 440
34 473
34 481
35 128
35 134
35 175
35 177
35 278
35 305
35 335
35 352
35 377
36 45
36 82
36 160
36 210
36 258
36 273
36 298
36 311
36 430
36 447
37 2
37 119
37 224
37 280
37 284
37 420
37 443
37 450
37 460
37 486
38 52
38 62
38 73
38 107
38 113
38 176
38 177
38 325
38 344
38 391
38 475
39 61
39 80
39 192
39 360
39 392
39 443
39 466
39 469
39 481
40 15
40 114
40 126
40 135
40 172
40 341
40 420
41 35
41 44
41 81
41 206
41 224
41 375
41 474
42 47
42 83
42 97
42 115
42 119
42 164
42 185
42 263
42 450
42 461
43 38
43 145
43 261
43 347
43 444
44 34
44 54
44 250
44 317
44 342
44 401
44 426
44 446
45 70
45 90
45 128
45 209
45 224
45 282
45 347
45 382
46 30
46 31
46 75
46 113
46 129
46 188
46 248
46 269
46 286
46 318
46 332
46 365
46 445
46 486
46 487
47 13
47 21
47 68
47 110
47 164
47 201
47 315
47 400
47 409
47 430
47 438
47 455
47 472
47 499
48 163
48 200
48 236
48 256
48 262
48 396
48 451
48 463
49 1
49 2
49 25
49 67
49 93
49 98
49 102
49 125
49 153
49 160
49 257
49 272
49 349
49 354
49 401
50 9
50 45
50 85
50 155
50 197
50 257
50 300
50 317
50 385
50 397
50 411
50 469
50 496
51 37
51 80
51 127
51 192
51 214
51 231
51 399
51 471
51 489
52 32
52 119
52 179
52 184
52 252
52 256
52 295
52 386
52 402
52 421
52 444
53 84
53 95
53 101
53 113
53 126
53 135
53 145
53 171
53 379
53 391
53 478
54 24
54 75
54 138
54 155
54 157
54 191
54 267
54 317
54 329
54 369
54 470
55 89
55 121
55 144
55 213
55 215
55 216
55 251
55 265
55 274
55 283
55 340
55 345
55 424
55 479
55 493
56 2
56 35
56 90
56 130
56 212
56 227
56 300
56 355
56 413
57 7
57 67
57 138
57 144
57 147
57 152
57 173
57 221
57 286
57 353
57 388
57 463
58 7
58 22
58 63
58 78
58 226
58 267
58 278
58 338
58 432
58 500
59 22
59 36
59 57
59 65
59 110
59 166
59 177
59 234
59 315
59 316
59 333
59 338
59 347
59 353
59 385
59 398
59 435
59 472
59 473
60 5
60 194
60 202
60 285
60 305
60 384
60 454
61 19
61 201
61 218
61 290
61 300
61 302
61 368
61 386
62 46
62 63
62 101
62 104
62 294
62 321
62 328
62 379
63 147
63 150
63 153
63 228
63 241
63 257
63 284
63 315
63 368
63 483
64 100
64 176
64 192
64 195
64 204
64 207
64 228
64 244
64 269
64 279
64 331
64 344
64 382
64 385
64 429
64 441
64 450
64 476
65 41
65 66
65 194
65 375
65 416
65 458
65 490
66 4
66 100
66 137
66 150
66 190
66 203
66 217
66 259
66 301
66 396
66 448
66 451
67 28
67 84
67 149
67 182
67 201
67 275
67 309
67 443
67 461
68 28
68 77
68 85
68 143
68 164
68 174
68 246
68 386
68 465
68 480
69 44
69 145
69 164
69 254
69 374
69 424
69 470
70 201
70 210
70 216
70 233
70 244
70 304
70 315
70 335
70 361
70 472
71 1
71 59
71 155
71 156
71 170
71 196
71 201
71 211
71 248
71 263
71 312
71 482
72 42
72 49
72 174
72 178
72 190
72 253
72 344
72 469
72 471
73 93
73 119
73 125
73 131
73 145
73 152
73 177
73 238
73 259
73 266
73 287
73 304
73 381
74 30
74 37
74 63
74 150
74 164
74 204
74 215
74 241
74 263
74 364
75 7
75 79
75 89
75 92
75 110
75 371
75 455
75 499
76 12
76 133
76 189
76 311
76 422
77 85
77 141
77 168
77 241
77 259
77 280
77 306
77 314
77 341
77 358
77 391
77 426
78 70
78 118
78 190
78 192
78 200
78 204
78 228
78 249
78 255
78 295
78 305
78 326
78 394
78 401
78 414
78 423
78 431
78 458
79 25
79 73
79 94
79 343
79 357
79 435
79 444
80 65
80 76
80 110
80 130
80 165
80 211
80 377
80 390
80 459
80 485
81 14
81 32
81 59
81 70
81 86
81 100
81 178
81 279
81 331
81 404
81 449
81 459
82 37
82 88
82 112
82 147
82 173
82 193
82 221
82 453
82 480
83 19
83 61
83 151
83 171
83 233
83 247
83 253
83 262
83 294
83 305
83 376
83 391
83 395
83 465
83 487
84 22
84 78
84 91
84 227
84 390
84 443
84 449
85 13
85 62
85 63
85 89
85 96
85 120
85 174
85 264
85 401
85 422
85 500
86 18
86 63
86 77
86 147
86 258
86 276
86 306
86 354
86 424
86 441
87 78
87 194
87 229
87 238
87 287
87 306
87 329
87 410
87 473
87 497
88 153
88 179
88 264
88 276
88 343
88 350
88 408
88 432
88 481
89 48
89 143
89 330
89 448
89 475
90 13
90 52
90 74
90 83
90 231
90 252
90 259
90 329
90 347
90 360
90 412
90 495
91 255
91 263
91 358
91 360
91 458
91 459
91 492
92 53
92 77
92 218
92 250
92 415
92 450
92 457
93 7
93 291
93 474
94 33
94 49
94 108
94 147
94 246
94 293
94 375
94 390
94 405
94 409
94 429
94 438
94 496
95 62
95 154
95 238
95 271
95 279
95 281
95 309
95 333
95 337
95 341
95 438
96 64
96 138
96 163
96 187
96 198
96 252
96 312
96 332
96 402
96 448
96 465
97 50
97 86
97 159
97 242
97 314
97 386
97 395
97 406
97 423
97 438
97 450
97 459
97 499
98 69
98 75
98 156
98 179
98 354
98 356
98 381
98 393
98 459
98 483
99 38
99 92
99 104
99 133
99 142
99 153
99 166
99 262
99 352
99 392
99 448
100 37
100 94
100 105
100 115
100 158
100 164
100 228
100 332
100 402
100 463
101 49
101 83
101 119
101 132
101 293
101 306
101 380
101 390
101 458
101 496
101 497
102 116
102 154
102 155
102 260
102 323
103 14
103 26
103 51
103 67
103 110
103 126
103 200
103 207
103 214
103 236
103 300
103 320
103 406
103 411
103 486
104 24
104 61
104 103
104 121
104 172
104 208
104 285
104 338
104 430
104 472
105 38
105 55
105 101
105 106
105 109
105 110
105 253
105 267
105 270
105 290
105 307
105 326
105 361
105 448
105 457
105 477
106 4
106 79
106 88
106 100
106 113
106 189
106 243
106 253
106 316
106 411
106 415
106 451
107 117
107 186
107 199
107 256
107 270
107 491
108 18
108 40
108 54
108 159
108 183
108 358
108 397
108 423
108 425
109 8
109 154
109 194
109 307
109 315
109 335
109 340
109 357
109 406
109 477
110 55
110 76
110 95
110 204
110 241
110 252
110 330
110 352
110 384
110 405
111 42
111 52
111 110
111 131
111 156
111 159
111 213
111 232
111 246
111 253
111 369
111 418
111 478
112 51
112 55
112 178
112 255
112 270
112 301
112 308
112 379
112 415
112 418
112 463
113 121
113 166
113 296
113 301
113 333
113 353
113 373
114 80
114 133
114 145
114 210
114 232
114 325
114 331
114 426
114 434
114 467
115 32
115 49
115 101
115 246
115 269
115 296
115 415
116 20
116 118
116 127
116 150
116 210
116 236
116 241
116 285
116 301
116 304
116 309
116 365
116 390
116 402
116 423
116 439
116 443
116 455
117 45
117 48
117 87
117 150
117 184
117 212
117 278
117 370
117 403
117 449
117 475
118 89
118 134
118 157
118 187
118 312
118 324
118 350
118 364
118 393
118 402
118 446
118 475
119 26
119 47
119 71
119 93
119 129
119 157
119 160
119 194
119 236
119 304
119 403
119 414
119 426
119 460
119 463
120 27
120 55
120 67
120 109
120 226
120 252
120 354
120 377
120 426
120 456
121 1
121 43
121 69
121 107
121 197
121 265
121 315
121 329
121 385
122 37
122 40
122 54
122 83
122 133
122 150
122 158
122 202
122 236
122 248
122 328
122 435
122 455
122 470
123 18
123 62
123 162
123 193
123 237
123 259
123 329
123 334
123 410
123 484
124 58
124 171
124 188
124 206
124 240
124 251
124 283
124 309
124 333
124 373
124 391
124 444
125 25
125 36
125 99
125 184
125 193
125 221
125 231
125 257
125 273
125 303
125 337
125 395
125 436
126 59
126 83
126 122
126 156
126 210
126 273
126 377
126 467
127 142
127 197
127 229
127 285
127 389
127 448
128 18
128 41
128 136
128 157
128 161
128 193
128 202
128 317
128 322
128 358
128 393
128 453
128 479
129 4
129 30
129 56
129 169
129 264
129 281
129 313
129 332
129 350
129 453
129 483
130 1
130 49
130 64
130 151
130 169
130 192
130 225
130 379
130 443
130 464
130 473
131 25
131 105
131 153
131 272
131 304
131 370
131 397
131 404
131 446
132 25
132 242
132 335
132 488
133 171
133 192
133 278
133 281
133 297
133 325
134 36
134 113
134 141
134 204
134 229
134 299
134 436
134 473
135 7
135 113
135 249
135 268
135 371
135 404
135 456
135 461
135 475
135 500
136 11
136 222
136 223
136 228
136 236
136 281
136 416
136 417
136 441
136 482
137 11
137 109
137 333
137 348
137 413
137 420
138 18
138 26
138 139
138 185
138 206
138 215
138 284
138 295
138 435
138 442
138 443
138 472
139 21
139 36
139 79
139 211
139 262
139 277
139 320
139 379
139 412
140 61
140 171
140 221
140 313
140 325
140 374
140 471
141 31
141 235
141 304
141 357
141 427
141 438
142 24
142 62
142 132
142 256
142 292
142 319
142 338
142 389
142 415
142 428
143 26
143 30
143 37
143 44
143 57
143 142
143 155
143 161
143 235
143 345
143 417
143 477
144 48
144 147
144 165
144 293
144 451
145 102
145 142
145 262
145 298
145 326
145 330
145 354
145 477
146 28
146 91
146 229
146 334
146 417
146 452
146 456
146 464
147 230
147 262
147 275
147 317
147 324
147 404
147 439
147 461
148 7
148 51
148 80
148 84
148 102
148 126
148 169
148 219
148 267
148 294
148 340
148 363
148 368
148 406
148 451
149 91
149 229
149 240
149 271
149 350
149 454
150 143
150 237
150 242
150 392
150 401
150 453
150 472
151 51
151 70
151 73
151 142
151 165
151 173
151 322
151 388
151 407
151 419
151 451
152 165
152 205
152 216
152 260
152 349
152 364
152 469
153 76
153 139
153 158
153 176
153 273
153 304
153 378
154 11
154 21
154 27
154 62
154 119
154 126
154 136
154 220
154 253
154 264
154 279
154 323
154 365
154 477
155 37
155 44
155 73
155 79
155 82
155 214
155 308
155 318
155 433
155 445
156 53
156 84
156 134
156 243
156 280
156 317
156 319
156 337
156 342
156 366
156 490
156 497
157 57
157 114
157 149
157 181
157 225
157 229
157 252
157 314
157 320
157 348
157 368
158 22
158 107
158 111
158 212
158 263
158 285
158 306
158 361
158 391
159 5
159 63
159 83
159 123
159 154
159 180
159 207
159 253
159 266
159 275
159 288
159 326
159 328
159 424
159 497
160 137
160 141
160 209
160 224
160 336
160 350
160 446
160 488
161 16
161 17
161 26
161 55
161 110
161 208
161 257
161 280
161 328
161 351
161 361
161 470
161 472
162 17
162 24
162 43
162 199
162 252
162 336
162 365
162 367
162 374
162 436
162 446
163 13
163 39
163 62
163 173
163 196
163 218
163 229
163 248
163 338
163 360
163 423
163 490
164 62
164 113
164 324
164 327
164 329
164 360
164 423
164 459
164 489
164 498
165 30
165 102
165 124
165 166
165 203
165 248
165 272
165 274
165 324
165 379
165 409
165 485
165 488
166 194
166 237
166 258
166 312
166 453
166 490
166 495
167 37
167 238
167 352
167 409
167 449
168 28
168 61
168 136
168 249
168 320
168 336
168 337
168 484
169 5
169 47
169 54
169 78
169 125
169 172
169 225
169 347
169 388
169 472
169 496
170 11
170 36
170 83
170 91
170 126
170 175
170 193
170 271
170 355
170 362
170 416
171 130
171 148
171 205
171 245
171 249
171 359
171 386
171 445
171 467
171 493
172 30
172 242
172 365
172 378
172 447
173 182
173 209
173 280
173 361
173 362
173 499
174 20
174 70
174 83
174 84
174 96
174 154
174 195
174 225
174 304
174 335
174 405
174 495
175 21
175 64
175 137
175 174
175 202
175 246
175 254
175 354
175 473
176 11
176 39
176 118
176 130
176 164
176 165
176 166
176 199
176 265
176 327
176 328
176 363
176 376
176 383
176 414
176 428
176 448
176 474
177 1
177 39
177 150
177 171
177 179
177 197
177 232
177 257
177 264
177 302
177 312
177 331
177 381
177 392
177 402
177 409
177 451
177 482
178 34
178 68
178 162
178 174
178 195
178 222
178 272
178 278
178 317
178 468
179 41
179 42
179 67
179 161
179 227
179 236
179 273
179 386
179 423
180 21
180 27
180 36
180 65
180 88
180 132
180 175
180 190
180 193
180 213
180 236
180 282
180 358
180 375
180 384
180 409
180 471
181 5
181 39
181 112
181 180
181 192
181 201
181 219
181 261
181 313
181 357
181 387
181 419
181 465
182 36
182 208
182 214
182 368
182 373
182 376
182 405
182 439
182 470
182 471
183 85
183 123
183 133
183 228
183 258
183 290
183 309
183 355
183 377
184 33
184 150
184 200
184 201
184 243
184 296
184 302
184 346
184 401
184 467
184 483
185 5
185 115
185 236
185 317
185 330
185 354
185 371
185 418
186 41
186 87
186 124
186 142
186 190
186 234
186 310
186 315
186 361
186 364
186 373
186 431
187 9
187 41
187 61
187 112
187 117
187 228
187 286
187 411
187 452
187 495
188 56
188 57
188 116
188 177
188 288
188 336
188 403
188 443
188 498
189 35
189 49
189 79
189 101
189 143
189 187
189 211
189 283
189 361
189 439
190 69
190 97
190 106
190 119
190 122
190 130
190 135
190 143
190 175
190 204
190 249
190 343
190 455
190 490
191 46
191 127
191 228
191 267
191 272
191 390
191 459
191 479
192 53
192 66
192 152
192 417
192 450
193 25
193 121
193 141
193 197
193 201
193 243
193 307
193 359
193 375
193 410
194 1
194 48
194 234
194 256
194 334
194 424
194 436
194 491
195 2
195 37
195 104
195 266
195 388
195 496
195 497
196 30
196 49
196 63
196 85
196 87
196 122
196 221
196 249
196 332
196 359
196 407
196 424
196 434
196 462
196 475
197 34
197 41
197 54
197 91
197 146
197 159
197 194
197 215
197 357
197 442
197 445
197 468
197 472
198 20
198 31
198 62
198 153
198 262
198 278
198 282
198 366
198 377
198 380
198 456
198 467
198 491
199 45
199 94
199 103
199 122
199 138
199 255
199 258
199 269
199 361
199 402
199 434
199 455
200 25
200 61
200 102
200 107
200 206
200 244
200 332
200 366
200 394
200 423
200 459
200 464
201 114
201 139
201 151
201 319
201 330
201 386
201 466
201 474
202 12
202 21
202 26
202 40
202 90
202 111
202 112
202 121
202 131
202 298
202 331
202 435
202 436
202 444
202 461
203 5
203 75
203 89
203 105
203 121
203 130
203 204
203 229
203 289
204 19
204 95
204 160
204 269
204 289
204 306
204 307
204 381
204 394
204 491
205 86
205 97
205 132
205 234
205 458
206 59
206 93
206 139
206 166
206 227
206 235
206 241
206 257
206 276
206 279
207 22
207 65
207 364
207 447
207 460
208 297
208 298
208 346
208 395
208 407
208 435
208 453
208 492
209 34
209 76
209 137
209 210
209 223
209 316
209 325
209 357
209 391
209 432
209 434
209 456
210 57
210 234
210 278
210 382
210 401
210 405
210 412
210 416
210 425
210 444
211 250
211 356
211 377
211 397
211 434
212 60
212 81
212 121
212 157
212 231
212 274
212 336
212 428
212 485
213 3
213 91
213 101
213 212
213 390
213 493
214 38
214 44
214 120
214 190
214 240
214 307
214 436
214 456
215 95
215 179
215 236
215 257
215 265
215 285
215 308
215 312
215 339
215 341
215 363
215 438
215 475
216 63
216 97
216 119
216 232
216 244
216 335
216 342
216 491
217 6
217 10
217 30
217 101
217 151
217 167
217 216
217 278
217 342
217 354
217 422
217 479
218 9
218 17
218 63
218 134
218 173
218 198
218 380
219 79
219 130
219 235
219 309
219 353
219 366
219 378
219 384
219 474
219 495
219 500
220 44
220 88
220 142
220 202
220 217
220 225
220 289
220 402
221 23
221 103
221 116
221 127
221 297
221 301
221 389
222 32
222 39
222 185
222 259
222 276
222 295
222 301
222 339
223 64
223 190
223 341
223 368
223 369
223 375
223 415
223 426
224 51
224 80
224 109
224 136
224 146
224 252
224 332
224 373
224 406
225 30
225 47
225 50
225 150
225 177
225 238
225 374
225 487
226 43
226 115
226 119
226 139
226 192
226 288
226 329
226 423
226 452
226 453
226 485
226 487
227 45
227 68
227 175
227 178
227 197
227 295
227 305
227 355
227 484
228 62
228 102
228 109
228 118
228 199
228 210
228 370
228 435
229 18
229 71
229 99
229 207
229 222
229 227
229 257
229 274
229 286
229 361
229 362
229 392
229 402
229 424
229 484
230 28
230 45
230 82
230 89
230 164
230 182
230 291
230 297
230 307
231 75
231 88
231 137
231 211
231 300
231 336
231 361
231 385
231 392
231 402
231 457
231 473
232 2
232 122
232 205
232 230
232 235
232 358
232 362
232 370
232 412
232 425
232 466
233 10
233 61
233 66
233 91
233 334
233 343
233 356
233 410
234 42
234 88
234 164
234 169
234 198
234 295
234 299
234 348
234 357
234 360
234 418
234 436
235 119
235 134
235 223
235 270
235 291
235 327
235 337
235 354
235 371
235 479
236 46
236 125
236 192
236 275
236 307
236 412
237 36
237 106
237 122
237 152
237 164
237 232
237 263
237 284
237 299
237 313
237 317
237 318
237 393
238 11
238 112
238 186
238 243
238 252
238 267
238 308
238 390
238 402
239 31
239 103
239 112
239 156
239 187
239 251
239 295
239 319
239 336
239 347
239 354
239 398
239 432
240 77
240 196
240 237
240 273
240 298
240 347
240 354
240 413
240 440
240 442
241 125
241 248
241 254
241 259
241 380
241 388
241 422
241 423
242 10
242 34
242 37
242 42
242 156
242 355
242 362
242 375
242 396
242 404
242 433
242 448
243 5
243 18
243 43
243 57
243 212
243 321
243 443
243 475
244 61
244 66
244 67
244 76
244 126
244 163
244 189
244 266
244 417
244 477
245 9
245 17
245 61
245 118
245 243
245 384
245 399
245 428
245 458
245 486
246 11
246 183
246 201
246 271
246 464
246 484
247 44
247 61
247 97
247 177
247 189
247 212
247 215
247 281
247 282
247 338
247 390
247 399
247 417
247 467
248 86
248 93
248 114
248 179
248 308
248 401
249 15
249 35
249 124
249 159
249 191
249 221
249 252
249 255
249 277
249 308
249 311
249 386
249 415
250 27
250 49
250 123
250 318
250 322
250 382
250 389
251 54
251 76
251 115
251 177
251 241
251 287
251 353
251 373
251 383
251 386
251 442
251 485
252 34
252 70
252 89
252 93
252 147
252 185
252 187
252 305
252 322
252 466
253 50
253 131
253 149
253 188
253 289
253 352
253 358
253 400
253 405
253 450
254 75
254 140
254 214
254 244
254 263
254 293
254 361
255 50
255 65
255 139
255 307
255 340
255 369
255 397
255 404
255 436
255 445
256 24
256 35
256 73
256 88
256 145
256 183
256 199
256 201
256 206
256 288
256 323
256 351
256 360
256 486
257 2
257 11
257 51
257 117
257 166
257 259
257 274
257 366
257 371
257 410
258 4
258 10
258 81
258 162
258 276
258 284
258 332
258 378
258 446
258 455
258 461
258 479
258 500
259 74
259 116
259 163
259 178
259 247
259 252
259 264
259 297
259 329
259 381
259 467
260 7
260 19
260 59
260 93
260 128
260 131
260 167
260 178
260 180
260 195
260 207
260 249
260 261
260 319
260 440
260 444
261 63
261 144
261 214
261 238
261 278
261 313
261 378
262 49
262 59
262 248
262 275
262 305
262 316
262 392
262 408
263 284
263 287
263 296
263 328
264 3
264 103
264 115
264 281
264 322
264 339
264 356
264 369
264 391
264 409
265 32
265 71
265 107
265 116
265 234
265 247
265 288
265 354
265 428
266 56
266 103
266 110
266 125
266 152
266 256
266 330
266 365
266 484
267 17
267 76
267 94
267 151
267 161
267 209
267 234
267 310
267 335
267 376
267 417
267 418
267 473
267 482
268 211
268 288
268 354
268 404
268 441
269 229
269 295
269 380
270 113
270 233
270 358
270 373
270 458
270 469
271 100
271 105
271 112
271 161
271 218
271 226
271 279
271 393
271 396
271 477
271 482
272 27
272 84
272 116
272 145
272 172
272 186
272 364
272 404
272 405
272 427
272 462
273 133
273 145
273 161
273 186
273 220
273 234
273 237
273 327
273 340
273 356
273 421
273 428
273 452
273 491
274 41
274 47
274 66
274 87
274 115
274 147
274 178
274 195
274 278
274 321
274 329
274 333
274 426
275 15
275 90
275 276
275 304
275 307
275 312
275 341
275 388
275 430
275 437
275 461
276 5
276 59
276 71
276 101
276 216
276 251
276 261
276 335
276 475
276 476
276 479
277 100
277 131
277 138
277 144
277 234
277 264
277 269
277 308
277 331
277 332
277 344
277 454
277 482
278 112
278 136
278 356
278 368
278 488
279 16
279 29
279 173
279 237
279 274
279 302
279 342
279 355
279 369
279 373
279 385
279 450
279 480
280 62
280 245
280 278
280 318
280 327
280 429
280 500
281 237
281 352
281 379
281 466
282 1
282 18
282 170
282 200
282 208
282 224
282 250
282 256
282 269
282 285
282 407
282 496
282 500
283 54
283 61
283 73
283 116
283 193
283 205
283 216
283 302
283 358
283 396
283 485
283 494
284 156
284 190
284 201
284 235
284 244
284 248
284 342
284 365
284 372
284 434
284 447
284 448
285 26
285 38
285 93
285 97
285 102
285 143
285 210
285 260
285 268
285 296
285 319
285 335
285 358
285 381
285 428
285 491
285 497
286 52
286 63
286 108
286 119
286 121
286 161
286 209
286 252
286 290
286 368
286 421
286 452
287 19
287 49
287 157
287 181
287 221
287 289
287 327
287 384
287 404
287 469
287 488
288 5
288 27
288 33
288 41
288 42
288 88
288 133
288 144
288 157
288 228
288 287
288 310
288 323
288 349
288 372
289 87
289 91
289 354
289 377
289 401
289 415
289 462
289 490
290 85
290 150
290 173
290 187
290 231
290 411
290 468
290 486
291 25
291 29
291 116
291 244
291 286
291 303
291 398
291 481
292 78
292 117
292 145
292 237
292 260
292 304
292 334
292 453
292 496
293 30
293 32
293 77
293 172
293 274
293 328
293 341
293 378
293 396
293 429
293 441
294 13
294 24
294 95
294 113
294 164
294 198
294 211
294 272
294 278
294 382
294 394
295 84
295 96
295 117
295 143
295 175
295 262
295 272
295 317
295 344
295 347
295 464
296 51
296 145
296 158
296 192
296 198
296 268
296 365
296 396
296 403
296 445
297 16
297 31
297 57
297 158
297 218
297 468
297 487
298 17
298 91
298 158
298 195
298 198
298 210
298 213
298 230
298 234
298 407
298 411
298 427
299 70
299 206
299 257
299 284
299 338
299 410
299 431
300 20
300 79
300 162
300 227
300 247
300 307
300 409
300 493
301 18
301 34
301 93
301 105
301 187
301 240
301 284
301 291
301 490
302 96
302 98
302 113
302 150
302 178
302 188
302 206
302 224
302 320
302 344
302 352
302 362
302 458
303 5
303 36
303 76
303 81
303 157
303 201
303 219
303 258
303 307
303 351
303 366
303 409
303 424
303 430
304 11
304 117
304 162
304 165
304 214
304 234
304 339
305 145
305 152
305 158
305 171
305 188
305 232
305 259
305 326
305 471
305 483
305 485
306 23
306 50
306 54
306 114
306 151
306 186
306 264
306 312
306 344
306 380
306 401
306 425
306 473
307 11
307 95
307 120
307 176
307 190
307 338
307 438
307 483
308 25
308 78
308 96
308 106
308 119
308 144
308 180
308 303
308 337
308 404
308 459
309 135
309 198
309 325
309 342
309 346
309 420
309 499
310 4
310 23
310 79
310 136
310 175
310 184
310 209
310 309
310 324
310 452
310 480
310 495
311 18
311 53
311 62
311 71
311 93
311 109
311 140
311 163
311 187
311 202
311 222
311 287
311 343
311 454
311 463
311 479
312 12
312 39
312 91
312 101
312 103
312 156
312 167
312 216
312 427
312 463
312 489
313 12
313 392
313 405
314 14
314 30
314 85
314 232
314 256
314 257
314 285
314 350
314 373
314 379
314 385
314 391
314 401
314 410
314 480
315 44
315 51
315 144
315 193
315 303
315 361
315 396
315 483
316 3
316 211
316 252
316 282
316 345
316 367
316 383
316 429
316 460
316 469
316 488
317 107
317 152
317 311
317 358
317 419
317 464
318 34
318 158
318 247
318 291
318 349
318 353
318 402
319 87
319 112
319 120
319 155
319 167
319 302
319 342
319 362
319 390
319 472
320 29
320 95
320 121
320 135
320 160
320 207
320 299
320 301
320 383
320 409
320 480
320 494
321 45
321 83
321 111
321 388
321 401
321 427
321 428
321 429
321 461
321 471
321 479
321 480
321 486
322 75
322 87
322 341
322 350
322 380
322 484
322 496
323 37
323 64
323 67
323 99
323 105
323 127
323 173
323 213
323 271
323 311
323 396
323 481
323 490
324 8
324 114
324 122
324 142
324 219
324 256
324 286
324 298
324 301
324 322
324 426
324 455
324 479
324 497
325 1
325 75
325 91
325 141
325 146
325 161
325 187
325 233
325 288
325 290
325 330
325 397
325 410
325 455
326 38
326 58
326 258
326 306
326 339
326 355
326 383
326 389
326 402
327 72
327 248
327 261
327 262
327 286
327 402
327 495
327 497
328 17
328 20
328 27
328 41
328 48
328 107
328 130
328 209
328 219
328 340
328 357
328 362
328 473
329 13
329 15
329 79
329 80
329 86
329 138
329 167
329 320
329 331
329 421
329 426
329 459
330 134
330 140
330 155
330 186
330 196
330 262
330 277
330 280
330 305
330 355
330 373
330 395
330 470
331 5
331 21
331 42
331 45
331 52
331 86
331 308
331 359
331 377
331 399
331 449
331 481
332 143
332 163
332 184
332 194
332 240
332 254
332 435
332 487
333 39
333 99
333 110
333 191
333 234
333 322
333 323
333 434
334 101
334 134
334 185
334 186
334 215
334 224
334 274
334 329
335 10
335 26
335 116
335 121
335 163
335 217
335 382
335 419
335 445
336 9
336 140
336 174
336 285
336 290
336 324
336 402
336 492
337 32
337 42
337 50
337 55
337 79
337 92
337 206
337 224
337 245
337 261
337 382
337 449
337 478
338 61
338 161
338 193
338 224
338 254
338 256
338 302
338 342
338 422
338 448
338 476
338 487
339 37
339 51
339 97
339 111
339 117
339 211
339 275
339 390
339 427
339 479
339 499
340 29
340 73
340 117
340 189
340 211
340 282
340 286
340 318
340 360
341 3
341 13
341 38
341 62
341 120
341 126
341 147
341 154
341 222
341 227
341 292
341 482
342 28
342 187
342 458
342 494
343 2
343 7
343 62
343 66
343 198
343 260
343 379
343 401
343 404
343 411
343 413
343 489
344 16
344 25
344 109
344 153
344 165
344 348
344 376
344 442
345 66
345 78
345 89
345 229
345 246
345 252
345 261
345 278
345 319
345 330
345 356
345 380
345 444
346 53
346 59
346 131
346 249
346 255
346 298
346 378
346 419
346 469
346 481
347 3
347 15
347 30
347 80
347 100
347 121
347 138
347 495
348 84
348 154
348 246
348 281
348 325
348 403
348 464
348 484
349 50
349 111
349 112
349 279
349 322
349 348
349 437
349 463
349 483
350 49
350 193
350 215
350 216
350 327
350 329
350 343
351 19
351 22
351 35
351 50
351 90
351 248
351 257
351 285
351 290
351 342
351 371
351 442
352 47
352 54
352 57
352 116
352 154
352 170
352 203
352 210
352 232
352 242
352 367
352 373
352 452
353 66
353 73
353 83
353 168
353 180
353 254
353 274
353 280
353 389
353 398
353 427
353 497
353 498
354 2
354 13
354 18
354 74
354 161
354 322
354 385
355 5
355 89
355 112
355 122
355 134
355 226
355 308
355 321
355 458
355 500
356 61
356 99
356 158
356 172
356 223
356 248
356 420
357 64
357 74
357 230
357 243
357 266
357 298
357 319
357 460
357 493
358 14
358 44
358 82
358 96
358 99
358 113
358 115
358 169
358 377
358 421
358 422
358 482
359 14
359 118
359 128
359 192
359 204
359 219
359 254
359 287
359 351
359 362
359 374
359 377
359 379
359 458
359 463
360 51
360 68
360 126
360 171
360 270
360 313
360 348
360 374
360 424
360 425
360 468
360 473
360 490
361 1
361 31
361 85
361 128
361 238
361 263
361 295
361 366
361 374
362 18
362 37
362 57
362 77
362 111
362 118
362 233
362 419
362 432
363 50
363 165
363 198
363 222
363 354
363 357
363 423
363 429
363 436
363 440
363 447
364 38
364 75
364 155
364 270
364 311
364 386
364 398
364 403
364 452
364 463
364 481
365 57
365 67
365 76
365 140
365 309
365 327
365 381
365 396
366 13
366 30
366 73
366 88
366 180
366 187
366 236
366 252
366 283
366 288
366 309
366 371
366 400
366 437
366 450
367 37
367 123
367 452
367 495
367 498
368 79
368 109
368 151
368 228
368 267
368 433
368 453
369 33
369 52
369 105
369 143
369 217
369 319
369 336
369 406
370 7
370 39
370 40
370 58
370 135
370 310
370 314
370 321
370 441
370 463
370 494
371 46
371 86
371 88
371 116
371 139
371 142
371 180
371 194
371 247
371 264
371 290
371 352
371 483
372 8
372 71
372 187
372 269
372 405
372 425
373 3
373 32
373 70
373 157
373 158
373 276
373 300
373 305
373 336
373 340
373 347
373 354
373 382
373 494
374 44
374 99
374 100
374 222
374 356
374 479
375 69
375 217
375 252
375 281
375 335
375 419
375 488
376 81
376 189
376 214
376 228
376 233
376 234
376 254
376 372
376 394
376 427
376 450
377 34
377 75
377 108
377 155
377 279
377 335
377 369
377 371
377 375
377 455
377 465
378 350
378 363
378 386
379 2
379 92
379 103
379 153
379 161
379 218
379 228
379 244
379 333
379 369
379 410
379 417
379 454
380 2
380 11
380 55
380 91
380 96
380 108
380 164
380 176
380 188
380 204
380 226
380 272
380 303
380 364
380 450
380 485
381 118
381 162
381 180
381 220
381 299
381 384
381 412
381 468
382 90
382 161
382 236
382 260
382 274
382 293
382 394
382 418
382 419
382 431
383 148
383 359
383 414
383 445
384 18
384 32
384 34
384 88
384 121
384 144
384 194
384 267
384 387
384 421
384 470
385 19
385 41
385 128
385 144
385 226
385 299
385 304
385 340
385 342
386 109
386 112
386 137
386 144
386 191
386 214
386 259
386 335
386 354
386 399
386 412
386 464
386 479
387 19
387 63
387 160
387 199
387 259
387 373
387 444
388 11
388 67
388 102
388 179
388 201
388 293
388 343
388 472
388 486
389 12
389 43
389 122
389 223
389 225
389 255
389 288
389 308
389 380
389 398
389 414
389 419
389 488
390 91
390 223
390 283
390 340
391 70
391 176
391 193
391 277
391 288
391 387
391 443
391 456
392 61
392 80
392 135
392 331
392 357
392 402
392 442
393 14
393 35
393 45
393 88
393 102
393 156
393 260
393 313
393 317
393 330
393 376
393 420
393 431
394 33
394 43
394 70
394 86
394 196
394 199
394 241
394 257
394 335
394 439
394 481
395 31
395 82
395 155
395 276
395 370
395 411
395 461
396 40
396 64
396 124
396 153
396 176
396 237
396 241
396 338
397 41
397 42
397 218
397 280
397 282
397 347
397 398
397 472
398 7
398 8
398 139
398 190
398 359
398 390
398 434
398 466
399 19
399 33
399 143
399 159
399 319
399 374
399 384
399 412
399 443
400 12
400 24
400 34
400 92
400 99
400 179
400 211
400 236
400 287
400 316
400 413
400 465
401 142
401 190
401 203
401 283
401 290
401 292
401 295
401 302
401 340
401 365
401 398
402 4
402 7
402 127
402 233
402 263
402 353
402 404
402 443
403 32
403 110
403 138
403 166
403 196
403 283
403 300
403 390
403 455
403 474
403 488
404 35
404 96
404 256
404 357
404 374
404 419
405 44
405 101
405 112
405 203
405 278
405 301
405 304
405 455
405 485
405 492
406 129
406 134
406 135
406 146
406 371
406 448
407 31
407 46
407 98
407 118
407 211
407 276
407 303
407 310
407 356
407 366
407 496
408 126
408 157
408 180
408 183
408 217
408 341
408 369
408 397
409 51
409 154
409 181
409 237
409 273
409 421
409 498
410 77
410 97
410 147
410 157
410 270
410 310
410 337
410 388
410 453
411 41
411 100
411 209
411 224
411 322
411 405
411 451
411 492
411 499
412 35
412 102
412 290
412 312
412 348
412 450
413 35
413 112
413 148
413 204
413 221
413 231
413 232
413 237
413 244
413 267
413 273
413 302
413 305
413 364
414 16
414 43
414 51
414 295
414 306
414 373
414 402
414 415
414 488
415 10
415 32
415 48
415 130
415 141
415 166
415 167
415 212
415 218
415 269
415 357
416 77
416 111
416 183
416 196
416 278
416 290
416 381
417 18
417 70
417 108
417 138
417 167
417 176
417 214
417 246
417 271
417 386
417 423
417 444
417 452
417 492
418 21
418 108
418 221
418 229
418 467
419 24
419 26
419 91
419 109
419 168
419 285
419 306
419 435
419 461
420 117
420 268
420 298
420 399
420 482
421 84
421 144
421 279
421 414
421 466
422 16
422 72
422 86
422 197
422 223
422 236
422 292
422 294
422 447
423 77
423 103
423 253
423 275
423 301
423 325
424 47
424 61
424 79
424 209
424 225
424 257
424 314
424 346
424 386
424 415
424 422
424 427
424 448
425 74
425 202
425 207
425 256
425 263
425 301
425 305
425 420
425 431
425 477
425 480
426 35
426 65
426 166
426 191
426 216
426 222
426 346
426 359
426 375
426 422
426 453
427 49
427 58
427 131
427 139
427 152
427 173
427 199
427 201
427 216
427 229
427 233
427 347
427 361
427 428
427 473
427 482
428 2
428 6
428 45
428 132
428 138
428 228
428 234
428 248
428 260
428 261
428 306
428 412
428 418
429 96
429 291
429 330
429 390
429 406
430 6
430 43
430 64
430 274
430 299
430 427
430 439
430 440
430 487
431 30
431 86
431 172
431 220
431 247
431 250
431 286
432 40
432 41
432 150
432 161
432 371
432 405
432 429
432 487
433 28
433 95
433 105
433 196
433 222
433 246
433 273
433 330
433 403
433 478
434 8
434 15
434 36
434 65
434 81
434 84
434 104
434 147
434 167
434 172
434 180
434 221
434 235
434 316
434 317
434 377
434 482
435 97
435 259
435 337
435 345
435 376
435 377
435 386
435 405
435 412
435 422
435 431
435 497
436 36
436 117
436 182
436 203
436 219
436 226
436 292
436 361
436 465
436 475
437 52
437 92
437 107
437 123
437 127
437 155
437 206
437 231
437 291
437 320
437 344
438 7
438 42
438 44
438 139
438 178
438 243
438 315
438 461
439 20
439 141
439 159
439 249
439 268
439 292
439 322
439 348
439 349
439 383
439 459
439 474
440 41
440 96
440 137
440 161
440 176
440 222
440 319
440 324
440 455
440 493
441 15
441 26
441 32
441 76
441 192
441 286
441 308
441 311
441 466
442 55
442 67
442 70
442 151
442 190
442 224
442 239
442 283
442 294
442 295
442 377
442 390
442 494
443 53
443 60
443 68
443 207
443 218
443 251
443 263
443 264
443 268
443 271
443 281
443 327
443 413
443 438
443 479
444 77
444 194
444 218
444 379
444 385
444 401
444 471
445 13
445 100
445 115
445 118
445 192
445 230
445 310
445 312
445 317
445 382
446 55
446 76
446 79
446 127
446 155
446 193
446 196
446 236
446 289
446 477
447 43
447 105
447 111
447 244
447 276
447 288
447 327
447 381
448 115
448 117
448 133
448 140
448 160
448 169
448 215
448 262
448 416
448 426
448 436
448 496
449 31
449 47
449 56
449 110
449 262
449 281
449 302
449 317
449 428
449 430
449 433
449 450
449 475
450 9
450 111
450 298
450 326
450 399
450 443
451 97
451 160
451 167
451 178
451 200
451 217
451 241
451 257
451 297
451 369
451 385
451 414
452 97
452 135
452 166
452 182
452 209
452 303
452 341
452 428
452 445
452 449
453 14
453 43
453 76
453 106
453 213
453 317
453 327
453 397
453 476
454 12
454 54
454 61
454 73
454 89
454 131
454 186
454 220
454 333
454 334
454 363
454 431
454 442
455 63
455 126
455 146
455 287
455 288
455 298
455 299
455 326
455 384
455 441
455 487
456 58
456 64
456 123
456 134
456 203
456 262
456 277
456 282
456 329
456 495
456 500
457 130
457 138
457 175
457 239
457 291
457 293
457 380
457 417
458 2
458 163
458 188
458 203
458 238
458 306
458 370
458 454
458 476
458 489
459 55
459 60
459 64
459 99
459 123
459 178
459 263
459 266
459 314
459 383
459 391
459 483
460 17
460 30
460 33
460 39
460 72
460 84
460 219
460 380
460 400
460 410
460 426
460 467
461 28
461 82
461 146
461 274
461 298
461 367
461 432
462 5
462 80
462 87
462 93
462 121
462 291
462 333
462 343
462 371
462 422
463 71
463 97
463 145
463 213
463 254
463 350
463 451
463 488
464 75
464 97
464 124
464 156
464 183
464 206
464 289
464 290
464 373
465 35
465 67
465 270
465 299
465 325
465 341
465 375
465 385
465 391
465 414
465 429
465 470
465 471
466 12
466 45
466 67
466 115
466 143
466 192
466 336
466 348
466 372
466 397
466 416
466 495
466 497
467 3
467 62
467 73
467 181
467 209
467 211
467 217
467 332
467 339
467 354
467 374
467 395
467 434
468 53
468 60
468 111
468 159
468 183
468 219
468 331
468 441
468 476
468 478
469 207
469 208
469 240
469 290
469 466
469 479
470 89
470 114
470 174
470 190
470 247
470 294
470 418
470 438
471 52
471 87
471 210
471 238
471 246
471 253
471 283
471 347
471 443
471 463
472 13
472 22
472 34
472 37
472 38
472 79
472 163
472 256
472 305
472 355
472 362
472 440
472 455
472 459
473 2
473 104
473 161
473 198
473 206
473 322
473 359
473 399
473 410
473 420
473 499
474 4
474 6
474 134
474 137
474 184
474 228
474 248
474 306
475 81
475 123
475 142
475 200
475 222
475 248
475 291
475 316
475 351
475 367
475 388
475 394
475 447
475 479
476 14
476 28
476 34
476 91
476 153
476 157
476 160
477 47
477 139
477 181
477 219
477 251
477 286
477 288
477 354
477 373
477 382
477 471
477 487
478 4
478 14
478 27
478 55
478 139
478 229
478 317
478 353
478 358
478 379
478 447
478 495
479 26
479 31
479 58
479 66
479 146
479 272
479 379
479 460
479 461
479 489
480 63
480 75
480 107
480 142
480 167
480 171
480 190
480 237
480 270
480 285
480 305
480 318
480 379
480 406
481 18
481 86
481 208
481 219
481 341
481 379
481 392
481 449
482 11
482 51
482 149
482 171
482 228
482 275
482 313
482 485
483 30
483 110
483 190
483 212
483 256
483 298
483 345
484 13
484 35
484 47
484 84
484 89
484 107
484 111
484 189
484 271
484 328
484 398
484 444
484 468
485 123
485 148
485 149
485 173
485 181
485 195
485 254
485 406
485 464
485 491
486 75
486 92
486 97
486 165
486 187
486 365
486 389
486 404
487 16
487 89
487 244
487 279
487 334
487 440
487 443
487 466
488 41
488 88
488 113
488 129
488 289
488 297
488 317
488 346
488 401
488 471
488 474
489 24
489 57
489 89
489 150
489 250
489 283
489 300
489 302
489 329
489 377
489 455
489 460
489 484
490 9
490 35
490 36
490 91
490 137
490 198
490 202
490 203
490 274
490 432
490 480
490 488
490 496
490 499
491 7
491 64
491 73
491 75
491 106
491 118
491 145
491 185
491 253
491 286
491 318
491 339
491 364
491 366
491 401
492 74
492 177
492 194
492 313
492 392
492 446
492 455
492 474
492 488
493 73
493 141
493 169
493 174
493 184
493 325
493 326
493 404
493 413
493 435
493 498
494 100
494 107
494 167
494 244
494 252
494 356
494 368
494 387
494 423
494 489
495 55
495 175
495 210
495 279
495 387
495 446
495 453
495 480
496 66
496 124
496 151
496 211
496 236
496 279
496 320
496 458
496 472
496 492
497 149
497 243
497 251
497 298
497 378
497 409
497 450
498 13
498 135
498 282
498 311
498 414
498 431
498 457
499 80
499 203
499 235
499 291
499 294
499 314
499 351
499 393
499 409
499 437
499 440
499 457
499 479
499 482
500 3
500 4
500 263
500 363
500 434
500 491

