1000 5000
99 70 93 51 49 104 69 46 47 113 85 35 70 76 101 29 52 89 26 36 22 92 32 45 58 64 59 109 113 92 48 89 74 68 120 22 29 59 104 92 113 24 85 30 21 104 35 58 71 24 80 77 41 66 96 108 49 100 97 49 69 37 35 38 51 114 29 59 76 82 55 61 34 39 108 31 74 47 32 40 90 20 106 77 81 40 80 118 25 48 66 76 53 89 97 33 45 40 120 100 94 106 108 105 61 52 38 74 33 116 40 56 72 80 31 71 33 28 99 103 72 74 46 22 90 53 44 22 63 67 22 59 75 91 29 45 111 94 41 24 67 31 84 20 22 26 92 95 55 40 67 66 95 36 36 38 69 49 55 119 53 61 114 60 103 27 119 28 57 46 50 82 89 84 94 114 114 107 104 101 32 42 106 113 48 97 97 46 70 80 86 116 96 29 104 83 30 66 59 105 111 56 97 68 93 20 45 106 56 36 70 93 68 108 28 105 21 28 79 43 38 43 106 25 79 60 114 27 32 50 23 60 20 22 20 104 41 85 43 110 48 74 24 82 86 32 118 67 60 77 21 63 94 77 32 119 21 40 60 45 106 89 25 57 77 29 50 55 86 99 29 96 38 107 120 108 72 110 48 36 87 27 33 91 43 97 119 22 43 99 42 47 30 111 71 86 78 73 44 103 60 107 109 40 102 96 70 86 116 103 20 109 48 83 81 72 70 109 119 20 81 59 25 116 22 98 73 75 34 58 80 29 22 106 22 22 97 54 20 90 109 119 50 84 54 45 44 27 111 96 80 39 32 31 72 23 65 48 82 111 69 62 73 53 76 90 113 105 42 26 104 41 94 27 90 47 101 79 40 118 22 40 26 108 61 69 60 33 109 69 50 63 115 65 69 50 58 72 97 50 31 87 98 98 30 38 89 51 27 114 81 106 78 60 115 114 31 83 31 104 96 70 24 75 85 39 88 30 94 109 49 118 38 77 93 109 120 60 82 55 87 67 109 100 79 78 45 97 85 105 86 40 86 84 55 83 96 112 81 76 32 48 73 66 21 48 85 57 32 96 79 109 60 35 97 89 109 20 112 59 67 79 115 75 50 56 98 115 38 105 65 57 69 98 113 71 41 111 27 60 102 109 56 117 116 112 74 65 27 33 65 39 109 24 90 23 83 98 57 25 84 67 84 87 80 26 61 117 88 45 31 97 37 39 45 67 103 113 90 88 39 23 34 28 118 20 20 92 96 85 76 25 120 104 29 65 56 20 120 24 73 84 65 87 73 45 55 54 55 42 43 94 111 69 54 53 105 71 78 116 111 95 58 45 77 40 28 96 65 23 118 50 54 80 23 33 97 74 85 75 87 73 71 90 105 23 38 114 65 28 30 91 48 30 84 84 33 113 69 47 110 68 67 62 83 113 81 78 99 104 65 92 30 63 57 54 33 24 99 39 29 115 62 54 23 76 22 32 69 38 120 56 37 42 88 61 97 104 88 90 119 87 23 86 26 45 90 24 90 70 85 33 77 64 86 74 96 43 33 118 85 36 78 63 100 44 107 69 93 120 79 108 79 30 100 57 55 89 33 37 41 116 26 101 63 50 96 29 60 64 117 58 79 52 69 50 110 118 103 94 99 105 91 118 111 48 37 42 80 108 110 50 58 109 32 94 26 120 71 99 54 59 87 31 47 69 22 90 49 71 88 69 84 70 49 101 117 120 71 46 80 62 100 116 70 63 94 48 73 85 74 92 23 111 83 50 65 95 103 83 86 58 22 24 36 68 78 96 96 78 21 101 84 25 87 115 68 81 114 93 79 99 82 51 107 65 65 101 34 60 58 27 62 105 116 64 119 93 108 61 88 68 75 31 76 21 65 42 119 60 115 116 73 28 95 22 24 81 69 36 69 48 70 79 69 29 59 34 116 118 96 115 96 99 62 104 58 88 81 38 99 103 107 73 58 21 32 83 51 26 42 86 39 100 96 103 20 23 43 80 32 92 55 72 67 27 75 80 44 41 51 71 62 92 80 23 25 81 95 72 88 109 99 87 96 58 82 111 68 96 98 101 59 44 109 98 54 76 111 112 93 119 110 113 41 60 116 86 113 45 52 61 50 37 91 115 112 59 78 80 78 108 89 55 74 117 119 74 86 59 110 70 53 88 69 34 79 58 53 68 51 91 54 61 115 110 71 76 109 60 103 90 93 41 60 108 91 90 117 97 118 84 87 103 86 33 23 117 28 120 24 110 44 77 117 94 117 77 100 53 
1 461
1 490
1 493
1 609
1 763
1 993
2 111
2 112
2 117
2 901
3 218
3 425
3 493
3 512
3 631
3 638
3 854
3 908
3 960
4 154
4 402
4 418
4 848
5 93
5 246
5 407
5 437
5 439
5 672
5 811
5 831
6 7
6 112
6 195
7 15
7 212
7 249
7 680
8 145
8 182
8 189
8 432
8 461
8 604
8 831
9 235
9 572
9 664
9 731
10 9
10 142
10 292
10 620
10 893
10 988
11 20
11 64
11 289
11 337
12 425
12 598
12 702
12 730
12 880
13 191
13 321
13 340
13 415
13 487
13 609
14 507
14 527
15 9
15 485
15 689
16 5
16 152
16 177
16 314
16 320
17 92
17 707
17 740
18 305
18 463
19 441
19 900
20 32
20 414
20 468
20 812
20 937
21 47
21 173
21 317
21 389
21 578
21 771
21 808
21 863
22 299
22 535
22 595
23 414
23 565
23 738
23 942
24 117
24 148
24 168
24 439
24 612
24 783
25 306
25 383
25 432
25 502
25 754
25 954
26 129
26 140
26 296
26 507
26 587
26 713
26 789
26 808
26 821
26 988
27 119
27 193
27 232
27 642
27 958
28 279
28 295
28 503
29 139
29 423
29 450
29 829
30 90
30 101
30 163
30 278
30 754
30 780
30 791
31 608
31 609
31 836
31 987
32 5
32 180
32 481
32 559
32 775
32 807
32 820
32 863
33 96
33 138
33 246
33 591
33 760
33 972
34 336
34 376
34 391
34 578
34 705
34 924
35 74
35 123
35 267
35 687
35 782
35 978
36 204
36 221
36 589
36 648
36 675
36 801
36 827
37 265
37 303
37 321
37 593
37 712
37 771
37 972
38 123
38 125
38 766
38 769
39 78
39 361
39 946
40 246
40 730
40 939
41 42
41 218
41 230
41 467
41 484
41 530
42 347
42 453
42 510
42 566
42 637
42 848
42 961
43 41
43 47
43 128
43 218
43 252
43 541
43 723
44 514
44 578
44 929
45 212
45 330
45 888
46 151
46 691
47 58
47 70
47 170
47 292
47 874
47 899
47 958
48 190
48 500
48 626
48 684
48 697
48 712
49 192
49 562
49 594
49 656
49 747
50 204
50 716
51 110
51 116
51 126
51 307
51 633
51 673
51 681
51 963
52 338
52 403
52 868
53 400
53 747
53 917
53 994
54 598
54 747
54 871
54 988
55 37
55 133
55 224
55 254
55 648
55 674
55 824
56 33
56 522
56 592
56 756
57 395
57 755
57 967
58 240
58 320
58 804
59 26
59 707
59 843
59 929
60 511
60 611
60 901
61 5
61 202
61 256
61 316
61 445
61 451
61 632
61 831
61 900
62 155
62 186
62 327
62 455
62 557
63 113
63 503
63 631
63 653
64 157
64 224
64 337
64 463
65 52
65 183
65 230
65 729
66 94
66 215
66 554
67 38
67 366
67 515
68 692
68 723
68 891
68 973
69 355
69 615
69 662
70 48
70 68
70 276
70 670
70 807
71 686
71 723
71 906
72 255
72 305
72 325
72 910
72 971
73 3
73 101
73 334
73 539
73 580
73 901
74 294
74 321
74 391
74 689
74 886
74 967
75 285
75 554
76 293
76 297
76 356
76 705
77 368
77 578
77 937
78 133
78 147
78 225
78 414
78 654
78 804
79 471
79 536
80 234
80 633
80 679
81 201
81 205
81 434
81 511
82 627
82 644
83 402
83 768
83 812
83 820
83 896
84 94
84 736
84 777
84 873
85 174
85 196
85 223
85 235
85 380
85 478
86 7
86 74
86 683
87 2
87 36
87 116
87 387
87 458
87 609
87 620
87 763
87 935
87 978
88 96
88 107
88 565
88 820
88 874
88 983
89 229
89 250
89 350
89 576
89 683
89 933
90 463
90 489
90 633
91 37
91 189
91 248
91 557
91 614
91 644
91 663
91 798
92 15
92 565
92 700
92 734
92 823
92 872
93 86
93 118
93 196
93 661
93 700
93 942
94 82
94 106
94 278
94 600
94 870
95 112
95 281
95 372
95 475
95 924
96 38
96 48
96 130
96 258
96 293
96 352
96 468
96 605
96 776
96 841
96 848
97 205
97 207
97 262
97 322
97 573
97 644
97 658
97 743
98 95
98 374
98 645
98 982
99 645
99 868
99 994
100 240
100 371
100 492
100 709
100 911
101 259
101 323
101 583
101 744
101 781
102 383
102 648
103 25
103 135
103 246
103 775
103 838
104 68
104 420
104 954
105 488
105 608
106 494
106 725
106 807
106 832
107 392
107 395
107 422
107 643
107 943
108 191
108 193
108 221
108 618
108 759
109 154
109 285
109 364
109 655
110 252
110 347
110 624
110 949
111 136
111 529
111 583
111 604
111 714
111 887
111 929
112 699
113 143
113 199
113 239
113 288
113 468
113 490
113 562
113 799
114 49
114 115
114 136
114 489
114 509
114 679
114 743
114 883
115 8
115 721
115 759
115 833
116 14
116 130
116 134
116 216
116 423
116 598
116 923
117 108
117 129
117 157
117 533
117 907
118 3
118 80
118 175
118 568
118 633
118 780
119 147
119 334
119 399
119 916
120 95
120 232
120 344
120 368
120 511
120 532
120 611
120 781
121 174
121 286
121 324
121 530
122 42
122 73
122 401
122 529
122 533
122 565
123 126
123 284
123 438
123 540
123 615
123 748
124 163
125 364
125 987
126 34
126 124
126 547
126 791
126 883
126 885
126 989
127 3
127 190
127 334
127 487
127 491
127 497
127 604
127 676
127 899
128 135
128 222
128 293
128 463
128 464
128 755
128 960
129 135
129 492
129 539
129 661
129 718
130 40
130 87
130 178
130 520
130 526
130 760
130 838
130 888
130 904
130 951
130 984
131 298
131 396
131 694
131 705
131 910
132 93
132 533
132 553
132 791
133 142
133 308
133 467
133 671
133 720
133 963
134 76
134 106
134 312
134 545
134 615
134 643
134 701
134 713
135 403
136 429
136 471
137 176
137 415
137 631
137 980
138 19
138 27
138 175
138 199
138 326
138 373
138 796
138 984
139 53
139 124
139 770
140 126
140 268
140 673
140 799
140 836
140 856
140 889
140 981
140 994
141 61
141 390
141 498
141 608
141 721
141 914
142 132
142 420
143 187
143 308
143 506
144 71
144 98
144 311
144 804
144 950
145 110
145 146
145 394
145 666
145 744
145 957
146 753
146 793
147 170
147 276
147 327
147 363
147 421
147 772
148 65
148 234
148 346
148 570
148 670
148 674
148 752
148 781
149 47
149 434
149 517
149 722
149 795
149 804
149 894
149 966
150 114
150 298
150 709
150 761
151 181
151 581
151 654
151 943
152 107
152 412
152 720
152 872
152 977
153 54
153 76
153 617
153 623
154 199
154 289
154 306
154 457
154 814
155 383
155 825
155 863
155 964
156 472
157 88
157 92
157 445
157 496
157 858
157 993
158 419
158 859
159 402
159 562
159 622
160 644
161 13
161 114
161 220
161 491
161 648
161 761
161 833
161 844
161 949
161 980
162 48
162 190
162 487
163 777
163 839
163 964
164 309
164 425
164 660
164 750
165 179
165 465
165 608
165 768
165 816
165 916
166 206
166 522
166 670
166 901
167 628
167 942
168 324
168 537
168 638
168 788
169 261
169 386
169 698
169 890
170 206
170 275
170 376
170 410
170 519
170 560
171 102
171 137
171 161
171 448
171 472
171 720
171 737
172 68
172 218
172 325
172 450
172 707
173 63
173 111
173 247
173 350
173 583
173 608
173 644
173 668
173 940
174 191
174 419
175 144
175 262
175 265
175 587
175 699
175 819
175 902
175 926
175 955
176 71
176 181
176 359
176 396
176 431
176 518
176 547
176 847
176 858
176 922
177 246
177 410
177 706
178 443
178 459
178 713
178 970
179 267
179 284
179 617
180 131
180 173
180 589
180 730
181 1
181 533
181 836
182 216
182 342
182 426
182 599
182 709
182 835
183 3
183 69
183 100
183 442
183 625
183 632
183 762
184 755
184 759
184 938
185 18
185 241
186 631
186 754
186 923
186 967
187 58
187 235
187 769
188 325
188 379
188 427
188 554
188 571
189 185
189 355
189 685
190 159
190 238
190 588
190 608
191 280
191 334
191 418
191 707
192 248
192 468
192 523
192 598
192 695
192 906
193 225
193 265
193 476
193 760
194 5
194 364
194 430
194 432
194 752
194 830
195 166
195 313
195 382
195 578
195 633
195 655
196 183
196 188
196 509
196 586
197 20
197 321
197 528
197 681
197 795
198 115
198 380
198 600
198 720
198 730
198 900
198 921
199 59
199 749
200 386
200 415
200 447
200 506
200 629
200 900
201 100
201 538
201 726
202 141
202 270
202 564
202 606
202 723
202 863
202 963
203 29
203 435
203 688
203 807
203 832
203 858
204 565
204 612
204 642
204 684
204 741
205 96
205 221
205 493
205 771
205 862
205 932
206 86
206 394
206 574
207 168
207 569
207 790
207 941
208 226
208 325
208 400
208 656
208 699
208 770
208 815
209 110
209 851
210 43
210 132
210 147
210 224
210 448
210 508
210 815
210 919
211 87
211 332
211 388
211 449
211 688
211 857
212 321
212 570
212 578
212 767
212 794
213 143
213 189
213 251
213 387
213 705
213 823
213 876
214 99
214 147
214 495
214 507
214 749
214 772
214 898
215 365
215 811
216 76
216 237
216 514
216 608
216 842
216 860
216 939
217 121
217 268
217 282
217 466
217 882
217 972
218 295
218 305
218 320
218 380
218 610
219 140
219 421
219 621
219 903
220 110
220 298
220 831
221 609
221 796
221 955
222 394
222 702
223 105
223 253
223 455
223 753
223 815
223 975
224 207
224 220
224 636
224 894
225 46
225 219
225 350
225 749
225 953
226 55
226 281
226 432
226 782
226 804
226 903
226 941
228 79
228 590
228 760
228 911
229 78
229 247
229 437
229 536
229 996
230 194
230 196
230 304
230 433
230 446
230 533
230 720
230 783
231 209
231 339
231 374
231 454
231 561
231 644
231 917
232 215
232 256
232 535
232 888
233 173
233 426
233 508
233 509
233 520
234 45
234 53
234 245
234 373
234 453
234 473
235 75
235 110
235 432
235 612
235 987
236 343
236 590
237 217
237 415
237 528
237 908
237 963
238 154
238 171
238 520
238 866
239 80
239 200
239 376
239 380
239 896
240 134
240 174
240 186
240 275
240 374
241 313
241 337
241 671
241 765
241 969
241 999
242 159
242 329
242 661
242 704
243 14
243 45
243 247
243 279
243 716
243 796
243 896
243 995
245 5
245 83
245 86
245 698
245 817
246 34
246 85
246 110
246 187
246 223
246 459
246 513
246 606
247 139
247 144
247 467
247 550
247 921
248 68
248 86
248 150
248 386
248 528
248 788
248 818
248 960
249 49
249 284
249 286
249 292
249 376
249 733
250 64
250 125
250 264
250 532
250 882
251 372
252 104
252 859
252 896
253 148
253 157
253 248
253 249
253 553
254 234
254 294
254 427
254 766
254 885
254 889
254 898
255 816
256 238
256 258
256 359
256 456
256 682
256 794
257 211
257 576
257 686
257 793
258 69
258 82
258 185
258 281
258 301
258 425
258 576
258 663
258 688
259 31
259 319
259 685
259 728
259 799
259 816
259 946
260 98
260 425
260 552
260 743
261 30
261 737
261 892
261 907
262 37
262 211
262 363
262 597
262 623
262 672
262 741
263 28
263 101
263 108
263 178
263 294
263 783
263 844
263 854
264 222
264 462
264 537
264 543
264 760
264 916
264 948
265 282
265 347
265 412
265 521
265 569
265 937
265 945
266 12
266 123
266 301
266 514
266 577
267 136
267 374
267 404
267 533
267 821
268 442
268 577
268 806
269 129
269 230
269 377
269 410
269 883
270 287
270 598
270 715
271 198
271 264
271 439
271 500
271 535
272 296
272 322
272 342
272 465
272 935
272 969
272 978
273 517
273 597
274 127
274 229
274 423
274 622
274 704
274 839
274 947
275 229
275 389
275 392
275 498
275 833
275 964
275 982
276 85
276 144
276 175
276 194
276 281
276 390
276 596
276 721
277 105
277 157
277 285
277 449
277 557
277 681
277 824
277 969
278 8
278 267
278 341
278 616
278 672
278 797
278 912
279 272
279 278
279 383
279 431
279 765
279 809
279 979
280 8
280 399
280 419
280 472
280 622
280 655
280 762
280 886
280 921
281 510
282 15
282 105
282 313
282 425
282 633
282 656
282 898
283 73
283 82
283 161
283 244
283 251
283 470
283 741
284 587
284 888
284 980
285 81
285 337
285 524
286 47
286 49
286 98
286 233
286 347
286 555
286 557
286 604
286 665
286 924
287 218
287 447
287 542
287 852
287 978
288 1
288 125
288 382
288 474
288 496
288 660
289 61
289 103
289 189
289 281
289 383
289 441
289 480
289 739
289 754
290 18
290 510
290 575
290 772
291 173
291 278
291 378
291 550
291 822
292 44
292 119
292 382
292 541
292 551
292 596
292 654
292 818
293 53
293 445
293 460
293 730
293 908
294 149
294 157
294 531
294 776
294 991
295 52
295 117
295 678
295 968
295 995
296 428
296 633
296 650
296 674
296 755
296 770
296 874
297 123
297 472
297 716
297 804
298 145
298 215
298 367
298 402
298 419
298 470
298 748
299 177
299 236
299 734
299 767
299 842
300 408
300 439
300 490
300 537
300 592
300 730
300 733
300 855
300 863
300 967
301 107
301 464
301 537
301 806
302 347
302 512
302 611
302 782
302 902
303 462
303 677
303 789
303 902
303 920
303 976
303 998
304 241
304 254
304 341
304 907
305 123
305 209
305 519
305 627
305 791
305 882
306 719
307 543
307 632
307 826
308 471
309 100
309 119
309 161
309 270
309 531
309 559
309 785
309 822
309 956
310 98
310 408
310 434
310 469
310 691
310 791
311 47
311 89
311 113
311 709
311 736
311 816
311 966
312 424
312 560
312 594
312 598
312 611
312 680
312 740
312 912
313 34
313 554
313 619
313 659
314 72
314 163
314 550
314 681
314 870
314 962
315 261
315 894
315 917
315 963
316 5
316 36
316 111
316 214
316 395
316 713
316 778
316 789
316 904
316 961
317 247
317 270
317 493
317 683
317 850
318 243
319 62
319 161
319 663
319 727
319 825
320 100
320 307
320 318
320 500
320 560
320 585
320 669
321 60
321 141
321 172
322 117
322 135
322 458
322 550
322 785
322 858
322 880
323 41
323 250
323 320
323 789
323 935
323 958
324 75
324 283
324 290
324 305
324 405
324 716
324 825
325 486
325 648
326 308
326 511
327 8
327 513
327 579
327 710
327 798
327 815
327 847
327 884
329 59
329 164
329 344
329 505
329 667
329 739
329 863
330 7
330 19
330 158
330 289
330 323
330 387
330 411
330 517
330 544
330 690
330 913
330 921
331 93
331 470
331 849
331 895
331 952
332 147
332 255
332 978
333 378
333 491
333 580
333 788
333 894
334 59
334 134
334 152
334 574
334 657
335 398
335 588
335 656
335 694
335 801
335 922
335 956
336 33
336 102
336 444
336 527
336 699
336 706
336 979
337 45
337 124
337 670
337 752
337 764
337 791
337 930
338 48
338 325
338 332
338 462
338 675
338 727
339 697
339 935
340 82
340 111
340 139
340 175
340 214
340 281
340 492
340 538
340 638
340 990
341 377
341 474
341 701
341 720
341 810
341 975
342 94
342 101
342 339
342 517
342 735
342 792
342 907
342 986
343 195
343 789
343 842
344 354
344 516
345 11
345 881
346 111
346 584
346 631
346 690
346 774
347 18
347 87
347 94
347 132
347 772
347 898
347 899
348 12
348 49
348 511
348 574
348 670
348 983
349 9
349 145
349 587
349 640
349 801
350 10
350 77
350 135
350 272
350 382
350 401
350 577
350 626
351 154
351 194
351 262
351 478
351 486
351 965
352 221
352 444
352 570
352 641
353 142
353 217
353 254
353 397
353 959
354 283
354 286
354 527
354 690
354 769
354 878
354 988
355 456
356 62
356 389
356 410
356 499
356 631
356 938
356 950
357 300
357 460
357 604
357 805
357 825
357 948
357 982
358 132
358 721
358 801
358 839
359 31
359 43
359 91
359 246
359 372
359 458
359 527
359 573
359 754
359 926
360 330
360 479
360 862
360 884
361 835
361 967
362 62
362 115
362 306
363 292
363 405
363 486
363 487
363 635
363 682
363 835
363 846
364 10
364 175
364 294
364 573
364 736
364 950
365 101
365 196
365 463
365 815
365 888
366 8
366 299
366 543
366 711
366 712
366 827
366 918
366 978
367 73
367 226
367 591
367 744
367 902
367 905
368 313
368 342
368 353
368 538
368 581
368 834
369 17
369 95
369 243
369 520
369 594
369 670
369 709
369 911
370 482
370 711
370 864
370 889
371 299
371 358
371 398
371 726
371 969
372 31
372 236
372 275
372 412
372 440
372 846
373 421
373 445
373 579
373 772
374 30
374 45
374 97
374 371
374 403
374 782
374 811
375 130
375 347
375 582
375 669
376 134
376 258
376 390
376 761
377 299
377 481
377 873
378 110
378 250
378 295
378 357
378 703
378 739
378 754
378 981
379 101
379 238
379 382
379 389
379 800
379 1000
380 305
380 381
380 703
380 764
380 845
380 859
381 75
381 89
381 941
382 65
382 102
382 138
382 349
382 368
382 469
382 628
382 777
382 946
383 112
383 162
383 446
383 716
383 891
384 431
384 441
384 531
384 824
384 934
385 46
385 47
385 334
385 725
385 792
385 958
385 971
385 998
386 291
386 602
386 758
387 487
387 579
387 622
387 687
387 927
387 963
388 167
388 178
388 336
388 538
388 850
389 40
389 177
389 257
389 510
389 718
389 729
389 751
389 817
390 85
390 334
390 542
390 569
390 624
391 116
391 130
391 546
392 117
392 412
392 518
392 634
392 647
392 677
393 162
393 300
393 932
393 996
394 127
394 383
394 613
394 861
394 876
395 11
395 19
395 121
395 241
395 863
396 364
396 583
396 714
396 740
396 878
397 2
397 467
397 588
397 916
398 353
398 444
398 636
398 664
398 815
398 884
399 8
400 699
400 891
401 73
401 286
401 340
401 764
401 773
401 906
402 376
402 535
402 680
403 236
403 793
403 958
403 965
403 983
404 86
404 697
404 978
405 245
405 314
405 641
405 650
405 767
405 933
406 105
406 231
406 495
406 590
406 650
406 797
406 827
406 977
407 129
407 788
408 175
408 217
408 221
408 309
408 405
408 555
408 559
408 767
409 504
409 522
409 999
410 178
410 181
410 382
410 525
410 625
410 803
410 915
411 26
411 156
411 214
411 332
411 392
411 436
411 765
412 526
412 754
412 774
412 885
412 966
413 82
413 476
413 609
413 823
414 28
414 250
414 466
414 653
415 90
415 102
415 450
416 20
416 44
416 737
416 770
416 915
416 918
417 20
417 293
417 751
417 855
418 94
418 234
418 516
418 648
418 807
418 992
419 146
419 346
419 518
419 925
420 161
420 750
420 904
421 332
421 897
421 973
422 169
422 312
422 555
422 860
423 14
423 76
423 460
423 668
424 11
424 202
424 239
424 372
424 552
424 834
425 66
425 104
425 316
425 888
425 965
426 401
426 724
426 782
427 6
427 605
427 686
427 699
428 593
428 750
428 870
429 180
429 213
429 975
430 300
430 451
431 167
431 191
431 334
431 335
431 369
431 639
431 740
432 127
432 261
432 351
432 426
432 600
433 222
433 363
433 582
433 797
434 162
434 401
434 630
434 727
434 728
434 815
435 68
435 298
435 600
435 728
435 735
435 786
435 815
436 179
436 547
436 614
436 714
436 849
436 867
436 887
436 966
437 204
438 74
438 590
438 742
439 317
440 613
441 197
441 343
441 393
441 428
441 459
441 604
441 796
442 25
442 354
442 430
442 438
442 490
442 496
442 528
442 608
442 625
442 652
443 24
443 204
443 225
443 683
443 744
443 890
443 922
444 69
444 155
444 658
444 688
445 177
445 344
445 414
445 829
446 274
447 69
447 274
447 668
447 678
447 913
448 162
448 220
448 547
448 587
448 607
448 715
448 814
449 238
449 723
449 758
449 815
449 979
450 97
450 700
450 878
451 73
451 161
451 408
451 674
451 952
452 173
452 774
452 821
452 944
452 955
453 23
453 25
453 320
453 478
453 507
453 559
453 936
454 136
454 494
454 652
455 129
455 361
455 425
455 724
455 831
455 876
455 956
456 153
456 176
456 244
456 292
456 612
456 617
456 639
456 662
456 764
457 369
457 398
457 596
457 665
457 719
457 757
457 782
458 328
459 35
459 269
459 281
459 530
459 797
459 931
460 199
460 820
461 43
461 625
461 713
461 736
461 992
462 419
462 630
462 704
462 748
462 924
463 263
463 311
463 315
463 439
463 725
463 836
463 910
463 989
464 272
464 279
464 610
464 614
464 789
464 900
465 288
465 518
465 526
465 695
465 707
465 760
465 893
465 937
466 3
466 246
466 891
467 55
467 110
467 498
467 811
468 771
468 848
469 89
469 696
469 714
469 915
469 930
470 341
470 368
470 530
470 984
471 162
471 260
471 292
471 507
471 656
471 880
471 899
472 94
472 155
472 525
472 812
472 843
473 172
473 311
473 382
473 445
473 584
473 870
474 757
474 840
474 851
474 966
475 23
475 53
475 773
475 783
475 845
476 88
476 557
476 600
476 691
476 744
476 932
477 53
477 147
478 237
478 565
478 812
479 69
479 188
479 283
479 325
479 350
479 703
479 787
480 25
480 28
480 169
480 273
480 337
480 497
480 939
481 798
481 954
482 713
482 838
483 121
483 636
483 728
483 805
484 31
484 285
484 289
484 311
484 395
484 513
484 571
484 704
485 61
485 116
485 161
485 842
486 108
486 166
486 297
486 403
486 989
487 81
487 132
487 563
487 850
488 247
488 769
488 935
489 317
489 417
489 851
490 87
490 200
490 206
490 226
490 304
490 356
490 364
490 386
490 821
491 194
491 339
491 496
491 741
492 138
492 315
492 482
493 477
493 495
493 772
493 925
494 132
494 405
494 465
494 539
494 595
494 814
494 914
495 102
495 111
495 731
496 227
496 268
496 715
496 953
497 57
497 91
497 179
497 332
497 408
497 848
498 21
498 191
498 253
498 373
498 488
498 925
498 977
499 144
499 378
499 937
500 54
500 397
500 425
500 501
500 717
500 806
500 813
500 831
501 152
501 220
502 27
502 233
502 364
502 703
502 847
502 916
503 9
503 840
503 848
503 955
504 365
504 648
505 569
505 951
506 7
506 39
506 66
506 615
506 713
506 946
507 194
507 299
507 335
507 545
507 559
507 650
507 830
507 975
507 982
508 14
508 114
508 169
508 306
508 469
508 764
508 779
508 880
509 132
509 145
509 680
509 741
509 810
509 984
510 495
510 524
510 757
511 27
511 203
511 328
511 390
511 444
511 620
511 696
511 789
512 169
512 246
512 391
512 541
512 599
513 96
513 103
513 184
513 565
513 617
514 250
514 603
514 650
514 809
515 7
515 310
515 945
516 52
516 122
516 451
516 508
516 600
516 644
516 734
516 839
517 34
517 94
517 118
517 193
517 309
517 472
518 546
518 583
518 789
518 848
518 870
518 933
519 212
519 307
519 316
519 592
519 627
519 918
520 3
520 38
520 47
520 318
520 512
520 932
521 81
521 96
521 674
521 759
521 766
521 822
521 981
522 193
522 332
522 771
522 772
523 54
523 75
523 198
523 355
523 515
523 651
523 783
524 540
524 554
524 571
524 616
525 50
525 551
525 671
525 691
526 44
526 163
526 570
526 571
526 591
526 686
526 717
527 301
528 88
528 307
528 376
529 268
529 551
529 801
529 870
529 884
530 4
530 59
530 74
530 133
530 392
530 487
530 591
530 614
530 636
530 873
530 917
531 217
531 393
531 692
531 729
532 490
533 110
533 241
533 248
533 721
534 20
534 99
534 300
534 378
534 955
535 6
535 93
535 516
535 688
535 800
536 393
536 530
536 697
536 883
537 356
537 370
537 498
537 553
537 685
537 900
538 403
538 867
539 107
539 158
539 202
539 364
539 612
539 669
539 972
539 979
540 8
540 587
540 800
541 65
541 199
541 309
541 405
541 535
541 685
541 876
541 948
542 48
542 101
542 363
542 377
542 445
542 630
542 758
542 854
543 559
543 640
543 937
544 47
544 112
544 293
544 508
544 537
544 877
545 12
545 215
545 409
545 929
546 382
546 453
546 604
546 686
547 227
547 465
547 582
548 172
548 769
548 939
549 368
549 512
549 847
550 48
550 561
550 741
550 882
551 282
551 552
551 734
551 871
552 112
552 326
552 527
552 623
552 748
552 825
553 13
553 282
554 221
554 952
555 128
555 132
555 658
556 399
556 577
557 12
557 829
558 20
558 24
558 41
558 153
558 155
558 333
558 349
558 382
558 740
559 406
559 726
559 754
560 18
560 89
560 150
560 160
560 209
560 649
560 911
561 450
561 598
561 626
561 746
561 844
562 208
562 334
562 374
562 593
563 322
563 984
564 68
564 86
564 381
564 506
564 585
564 613
564 625
564 755
564 966
565 72
565 168
565 290
565 527
565 727
565 782
565 816
565 908
566 510
566 790
567 31
567 185
567 262
567 400
567 684
567 814
567 818
567 854
568 262
568 647
569 213
569 288
569 297
569 394
569 450
569 743
569 923
570 37
570 88
570 204
570 256
570 407
570 987
571 32
571 78
571 157
571 294
572 330
573 48
573 164
573 186
573 213
573 332
573 473
573 881
574 36
574 918
575 20
575 289
575 333
575 627
575 703
575 753
575 852
575 964
576 2
576 20
576 95
576 103
576 134
576 395
576 642
576 915
577 93
577 246
577 258
577 307
577 533
577 647
577 738
578 287
578 373
578 522
578 533
578 556
578 557
578 567
578 597
578 643
578 962
579 44
579 361
579 371
579 450
579 718
579 870
579 877
580 115
580 490
580 605
580 669
580 718
580 848
581 480
581 495
582 6
582 173
582 320
582 391
582 565
582 731
583 93
583 208
583 398
584 12
584 195
584 204
584 621
584 929
585 713
585 755
585 903
585 921
585 995
586 116
586 332
586 394
586 780
587 130
587 415
587 873
587 907
588 494
588 520
588 617
588 682
588 838
588 894
589 253
589 435
589 663
589 731
589 770
589 868
590 43
590 401
590 416
590 453
590 501
591 32
591 34
591 518
591 896
592 720
593 149
593 279
593 641
593 658
593 803
593 825
594 100
594 343
594 528
594 570
594 849
594 892
594 943
595 393
595 427
595 517
595 708
595 841
596 416
597 160
597 162
597 287
597 514
597 639
597 722
597 842
598 33
598 203
598 393
598 515
599 110
599 517
599 529
599 545
600 234
600 608
600 663
600 750
600 799
600 924
600 999
601 145
601 269
601 924
601 936
602 178
602 377
602 686
602 699
602 726
602 884
603 408
603 573
603 836
603 863
604 64
604 162
604 289
604 517
604 589
604 677
604 722
604 743
604 964
604 979
605 24
605 80
605 240
605 402
605 656
605 661
605 883
605 972
606 96
606 220
607 15
607 623
607 792
608 150
608 177
608 432
608 514
608 668
608 765
609 304
609 756
609 811
609 898
609 934
610 18
610 622
611 91
611 116
611 188
611 422
611 487
612 178
612 222
612 238
612 430
612 488
612 768
612 791
612 906
612 990
613 15
613 29
613 202
613 627
613 700
613 710
613 951
613 998
614 28
614 414
614 744
614 941
615 54
615 471
615 747
615 972
616 254
616 340
616 517
616 526
616 584
616 882
616 923
617 22
617 102
617 402
617 483
617 991
618 2
618 38
618 75
619 17
619 412
619 603
619 617
619 687
620 699
620 867
621 108
621 306
621 362
621 715
622 186
622 232
622 419
622 586
622 607
623 39
623 140
623 223
623 606
623 648
623 723
623 806
624 251
624 554
624 562
624 574
624 933
625 31
625 45
625 533
625 660
625 836
626 119
626 162
626 451
626 579
626 632
626 709
626 953
627 113
627 481
627 886
627 902
628 37
628 49
628 138
628 369
628 389
628 566
628 571
628 888
628 985
629 10
629 209
629 461
629 663
629 683
631 129
631 141
631 310
631 447
632 131
632 143
632 231
632 257
632 267
632 351
633 46
633 301
633 406
633 432
633 642
633 831
634 400
634 910
635 11
635 242
635 626
635 923
635 967
635 996
636 658
636 713
637 90
637 992
638 58
638 282
638 423
638 535
638 727
639 240
639 561
639 895
640 116
640 286
640 288
640 381
640 772
640 841
640 884
640 957
641 197
641 243
641 698
641 734
642 551
642 710
642 760
642 887
642 968
643 9
643 783
643 886
644 42
644 109
644 177
644 977
645 45
645 468
645 753
645 893
646 665
647 50
647 236
647 615
647 673
647 758
647 915
647 924
647 936
648 119
648 177
648 335
648 407
648 499
648 829
648 906
649 37
649 66
649 151
649 170
649 331
649 508
649 519
649 531
649 657
649 724
649 752
649 794
650 15
650 177
650 334
650 351
650 805
650 908
651 564
651 615
652 82
652 630
652 670
652 851
652 971
653 331
653 554
653 708
653 810
653 858
653 920
653 936
654 692
654 977
654 982
655 58
655 708
655 757
656 84
656 133
656 308
656 313
656 414
656 423
656 699
656 882
657 254
657 466
657 488
657 675
657 926
658 164
658 169
658 436
658 663
659 98
659 140
659 275
659 368
659 686
659 895
660 80
660 203
660 590
660 656
660 756
660 997
661 145
661 436
661 548
661 809
661 845
661 867
662 111
662 446
662 554
662 631
662 679
662 891
662 964
662 965
663 274
663 290
663 605
663 890
663 911
663 987
663 996
664 820
664 875
664 969
665 2
665 82
665 91
665 165
665 284
665 423
665 682
665 712
665 755
665 898
666 446
666 947
667 270
667 320
668 327
668 595
668 699
668 742
668 889
669 71
669 90
669 162
669 405
669 817
669 939
670 100
670 422
670 466
670 519
670 574
670 780
670 994
671 248
671 456
671 670
671 805
672 261
673 347
673 426
673 572
674 8
674 75
674 101
674 145
674 842
674 989
675 299
675 674
675 682
675 702
675 998
676 311
676 313
676 360
676 693
676 878
676 964
677 142
677 391
678 52
678 108
678 143
678 438
678 544
678 564
678 585
678 612
678 747
678 934
679 112
679 346
679 469
680 183
680 884
680 963
681 79
681 256
681 307
681 394
681 457
681 501
681 653
681 924
682 26
682 97
683 115
683 891
683 947
684 27
684 119
684 152
684 574
684 769
685 26
685 329
685 352
685 353
685 401
685 535
685 797
686 460
686 590
686 646
686 944
686 988
687 110
687 138
687 388
687 873
688 332
688 749
688 869
689 199
689 232
690 3
690 363
690 565
691 589
691 819
691 858
692 703
692 833
693 261
693 617
693 632
693 783
694 10
694 157
694 607
694 801
695 94
695 124
695 393
695 981
696 11
696 265
696 394
696 703
696 825
696 962
697 12
697 65
697 75
697 413
697 470
697 710
697 909
697 938
697 965
697 980
698 375
698 609
698 985
699 149
699 814
700 65
700 250
700 601
700 634
700 816
700 997
701 219
701 618
701 899
702 74
702 197
702 426
702 660
702 965
703 137
703 253
703 673
703 828
703 945
703 946
703 975
704 122
704 178
705 548
705 651
705 833
705 908
705 914
705 959
705 995
706 30
706 97
706 551
706 599
706 980
707 35
707 285
707 487
708 33
708 66
708 143
708 296
708 374
708 379
709 1
709 467
709 587
709 698
710 27
710 209
710 248
710 574
710 608
711 101
711 201
711 253
711 677
712 16
712 465
712 479
712 610
713 35
713 71
713 381
713 552
713 752
713 822
713 848
713 932
714 51
714 157
714 216
714 471
714 697
714 766
714 847
715 11
715 66
715 163
715 175
715 473
715 672
715 697
715 796
715 851
716 507
716 864
716 877
716 899
716 974
717 25
717 231
717 288
717 475
717 809
717 862
717 919
718 193
718 286
718 405
718 521
718 660
719 37
719 236
719 309
719 354
719 534
719 735
719 894
720 56
720 331
720 403
720 480
720 581
720 659
720 989
721 68
721 328
721 700
722 160
722 230
722 265
722 527
722 775
723 421
723 506
723 691
724 50
724 59
724 405
724 475
724 501
724 823
725 74
725 812
726 27
726 95
726 203
726 214
726 235
726 296
726 381
726 593
726 777
726 981
726 994
727 60
727 208
727 679
727 831
728 55
728 120
728 129
728 367
728 610
728 761
728 870
728 962
729 89
729 322
729 575
729 893
729 914
730 325
730 355
730 796
730 884
731 18
731 62
731 70
731 397
731 695
732 149
732 229
732 256
732 306
732 506
732 579
732 621
732 728
733 34
733 503
734 137
734 243
734 308
734 437
734 446
734 563
735 836
736 63
736 337
736 817
736 972
737 530
738 133
738 445
738 457
738 843
739 87
739 197
739 263
739 603
739 640
739 714
739 839
739 913
739 950
740 11
740 164
740 311
740 530
740 629
740 669
741 86
741 181
741 242
741 705
741 760
741 836
742 245
742 901
743 226
743 396
744 55
744 157
744 258
744 283
744 528
744 784
744 997
745 177
745 194
745 548
745 912
746 445
746 494
746 643
746 944
747 112
747 236
747 464
747 587
748 82
748 132
748 633
748 940
748 980
749 74
749 281
749 383
749 447
749 642
749 758
749 830
750 129
750 240
750 354
750 549
750 650
750 986
751 74
751 199
751 412
751 566
751 665
751 684
751 911
752 376
752 736
753 366
753 367
753 539
754 471
754 592
754 623
754 752
755 160
755 404
755 462
755 578
755 854
755 912
755 952
755 965
756 295
756 632
756 757
757 219
757 393
757 459
757 570
757 662
757 808
758 569
758 878
758 922
758 941
758 964
758 974
759 398
759 509
759 938
760 56
760 174
760 270
760 417
760 492
761 52
761 637
761 709
761 745
761 846
762 5
762 79
762 221
762 595
762 710
762 721
762 778
762 888
762 937
762 940
763 33
763 72
763 300
763 748
764 6
764 458
764 515
764 756
764 825
764 925
765 449
765 516
765 555
765 698
765 769
765 954
766 178
766 260
766 767
767 163
767 285
767 300
767 379
767 479
767 551
767 602
767 778
767 882
768 67
768 92
768 405
768 545
768 975
769 141
769 672
769 884
770 266
770 557
770 660
770 756
771 75
771 556
771 580
771 638
772 105
772 384
772 600
772 903
773 85
773 155
773 181
773 224
773 328
773 578
773 874
773 980
774 182
774 367
774 499
774 584
774 642
774 838
775 444
775 502
775 629
775 954
776 18
776 49
776 130
776 151
776 316
776 361
776 559
776 583
776 609
776 705
777 681
778 279
778 458
778 591
778 622
779 89
779 206
779 350
779 440
779 840
779 880
779 937
780 38
780 138
780 541
780 590
780 777
780 809
780 955
781 213
781 506
781 585
781 889
782 186
782 607
782 895
782 905
783 351
783 778
784 65
784 369
784 570
784 779
784 810
785 231
785 549
785 819
786 292
786 481
786 509
786 652
786 685
787 310
787 335
787 473
787 499
787 714
788 635
788 646
788 727
788 941
789 122
789 321
789 694
789 950
790 70
790 324
790 415
790 454
790 627
790 645
790 782
790 791
790 896
791 89
791 469
791 668
791 926
791 954
792 193
793 319
793 739
794 46
794 68
794 175
794 715
794 735
794 906
794 961
794 996
795 199
795 252
795 312
795 367
795 496
795 644
795 688
795 868
796 95
796 101
796 240
796 321
796 399
796 645
796 910
797 149
797 188
797 574
797 644
797 645
797 963
798 72
798 186
798 368
798 582
799 336
799 540
799 553
799 682
799 881
800 51
800 407
800 491
800 615
800 859
800 860
801 290
801 330
801 446
801 627
801 644
801 791
801 838
801 867
801 997
802 110
802 128
802 295
802 382
802 626
802 811
802 903
803 54
803 64
803 70
803 117
803 129
803 254
803 549
803 589
804 253
804 265
804 276
804 411
804 424
804 476
804 598
804 707
805 153
805 358
805 528
805 630
805 739
805 816
805 968
806 199
806 226
806 254
806 366
806 383
806 712
806 735
806 783
806 872
807 64
807 278
807 363
807 399
808 333
808 1000
809 108
809 130
809 211
809 241
809 397
809 668
810 434
810 709
810 843
811 372
811 840
812 37
812 133
812 345
812 465
812 498
812 621
812 814
813 111
813 368
813 540
813 576
813 973
814 202
814 209
814 419
814 434
814 590
814 596
814 683
815 97
815 278
815 600
816 3
816 418
816 628
816 633
816 679
816 722
817 436
817 440
817 566
817 869
817 931
818 88
818 258
818 737
818 776
819 121
819 601
819 814
820 11
820 59
820 191
820 273
820 274
820 974
821 264
821 353
821 368
821 872
821 878
821 882
821 883
822 48
822 227
822 460
822 619
822 964
823 40
823 238
823 642
823 955
823 990
824 279
824 837
824 936
825 52
825 72
825 264
825 310
825 599
825 854
825 983
826 631
826 815
826 942
827 324
827 355
827 652
828 34
828 249
828 529
828 694
828 903
829 522
829 598
829 620
829 828
829 856
830 243
830 590
830 908
830 946
831 7
831 95
831 98
831 114
831 200
831 400
831 525
831 645
831 670
831 687
832 211
832 499
832 752
833 108
833 125
833 263
833 395
833 567
833 873
834 1
834 125
834 366
834 414
834 434
834 551
834 680
834 723
834 763
834 879
835 285
835 418
835 496
835 714
835 931
836 99
836 255
836 338
836 418
836 554
836 779
836 933
837 287
837 486
837 513
837 592
837 600
837 604
837 925
838 273
838 485
838 584
838 592
838 716
838 785
839 327
839 669
840 244
840 431
840 472
840 492
840 946
841 68
841 93
841 135
841 143
841 259
842 342
842 449
842 482
842 921
843 117
843 290
843 614
843 681
843 861
844 254
844 463
844 578
844 885
845 112
845 116
845 534
845 708
845 723
845 794
845 902
845 983
846 299
846 392
846 646
847 8
847 119
847 566
847 592
848 26
848 62
848 99
848 122
848 139
848 523
848 582
848 898
848 991
849 163
849 264
849 265
849 517
850 134
850 461
850 590
850 613
850 809
850 873
850 941
850 967
851 434
851 674
851 738
851 760
851 825
851 846
852 307
852 338
852 469
852 710
852 717
852 847
853 332
853 620
853 740
853 831
854 467
854 525
854 642
854 702
855 103
855 946
856 101
856 744
856 959
857 381
857 639
857 825
858 703
858 833
859 427
859 597
859 638
860 47
860 70
860 485
860 490
860 977
861 460
861 464
861 803
861 956
862 314
862 444
863 252
863 374
863 649
863 733
863 921
864 195
864 239
864 344
864 374
864 611
864 698
864 779
865 31
865 80
865 566
865 632
865 681
865 787
866 28
866 69
866 193
866 217
866 284
866 391
866 405
866 407
866 500
866 533
866 587
867 90
867 92
867 115
867 478
867 566
867 671
867 773
867 790
868 63
868 271
868 519
868 833
869 92
869 103
869 343
869 373
870 76
870 183
870 414
870 650
870 859
870 894
871 32
871 297
872 417
872 538
872 560
872 574
872 778
873 11
873 29
873 116
873 118
873 184
873 416
873 516
873 866
873 883
874 200
874 514
874 590
874 940
875 433
875 554
875 768
875 831
875 884
875 891
875 994
876 232
876 447
876 462
876 810
877 304
877 668
877 894
878 161
878 429
878 737
879 226
879 233
879 806
880 17
880 168
880 210
880 284
880 430
880 555
880 735
880 736
880 764
880 845
881 216
881 313
882 608
882 990
883 234
883 371
883 396
883 491
883 505
883 654
883 859
884 32
884 303
884 882
884 901
885 61
885 72
885 213
885 462
885 482
886 358
886 457
886 597
886 607
887 484
887 518
887 593
887 831
887 933
888 193
888 233
888 481
888 734
888 998
889 29
889 393
889 597
889 632
890 306
890 502
891 140
891 522
891 928
892 150
892 536
893 172
893 801
894 567
894 615
894 864
894 934
895 116
895 568
895 883
896 175
896 193
896 299
896 487
897 712
897 745
898 122
898 337
898 746
898 786
899 55
899 175
899 188
899 427
899 496
899 507
899 558
900 99
900 229
900 320
900 421
900 642
900 730
900 860
900 940
901 6
901 600
901 785
901 947
902 157
902 350
902 408
902 660
903 150
903 151
903 208
903 694
903 923
904 298
904 418
904 793
904 897
905 286
905 763
905 772
905 813
905 948
906 17
906 319
906 988
907 336
907 390
907 524
907 631
907 651
907 660
907 737
907 809
907 864
908 31
908 426
908 438
908 495
908 538
908 691
908 979
909 50
909 189
909 477
910 19
910 122
910 335
910 528
910 544
910 813
910 942
911 93
911 335
911 365
911 734
911 853
912 95
912 102
912 124
912 498
912 515
912 672
913 19
913 30
913 201
913 373
913 375
913 423
913 689
913 728
914 165
914 277
914 512
914 911
915 427
915 598
915 648
915 665
915 693
916 22
916 358
916 488
916 590
916 726
917 3
917 9
917 18
917 240
917 414
917 478
917 841
918 159
918 292
918 328
918 341
918 347
918 514
918 587
918 612
919 128
919 323
919 507
919 901
920 222
920 302
920 618
920 774
920 813
920 984
921 57
921 90
921 350
921 363
921 540
921 674
921 681
921 750
922 72
922 695
922 829
923 70
923 130
923 401
923 446
923 472
923 514
923 589
923 796
923 961
924 133
924 466
924 468
924 510
924 531
924 559
924 907
925 40
925 194
925 523
926 4
926 77
926 400
927 339
927 442
927 590
928 255
928 302
928 320
928 521
929 800
929 838
930 190
930 518
930 523
930 549
930 559
930 756
930 922
931 117
931 506
931 546
932 41
932 235
932 247
932 567
933 715
933 722
933 987
934 65
934 189
934 370
934 592
934 801
934 861
935 52
935 151
935 247
935 261
935 344
935 538
935 778
936 59
936 345
936 523
936 758
936 789
937 124
937 647
937 714
938 6
938 376
938 484
938 731
939 113
939 339
939 653
939 765
939 875
940 334
940 537
940 540
940 584
941 106
941 346
941 372
941 749
941 751
941 756
941 837
942 632
942 730
942 853
942 857
943 28
943 62
943 211
943 258
943 494
943 802
943 938
943 979
944 57
944 637
945 167
945 218
945 303
945 339
945 660
945 892
945 982
946 79
946 149
946 251
946 271
946 508
946 620
947 149
947 399
947 423
948 203
948 297
948 343
948 490
948 633
948 640
948 975
949 44
949 45
949 441
949 853
950 11
950 17
950 136
950 595
950 838
950 944
951 39
951 541
951 838
951 856
952 100
952 127
952 218
952 235
952 724
952 766
952 777
952 875
953 7
953 242
953 332
953 367
954 54
954 200
954 373
954 429
954 477
954 577
954 804
954 905
955 53
955 441
955 640
955 974
956 140
956 429
956 465
957 161
957 551
957 604
957 669
957 692
957 908
957 938
957 965
958 145
958 206
958 305
958 463
958 706
958 868
958 883
958 892
958 981
959 241
959 520
959 525
959 923
960 73
960 776
960 819
961 341
961 395
961 413
961 723
961 734
962 343
962 838
963 450
964 230
964 338
964 417
964 496
965 325
965 515
965 629
965 744
965 916
966 4
966 45
966 194
966 823
966 985
967 141
967 160
967 370
967 874
967 902
967 954
968 90
968 174
968 466
968 701
968 870
968 917
969 68
969 308
969 388
969 428
969 639
969 854
970 310
970 356
970 455
970 497
970 504
970 769
970 919
971 145
971 217
971 248
971 349
971 460
971 464
971 502
971 550
972 6
972 97
972 415
972 508
972 567
973 55
973 377
973 477
973 642
973 811
974 72
974 158
974 418
974 514
974 590
974 859
975 36
975 45
975 274
975 397
975 515
976 400
976 607
976 629
976 851
976 872
976 906
976 927
976 968
977 209
977 466
977 524
977 549
977 724
977 935
978 90
978 196
978 300
978 396
978 486
978 568
978 682
978 737
978 776
978 877
979 277
979 303
979 316
979 317
979 617
979 645
980 68
980 74
980 136
980 384
980 439
980 587
980 964
981 386
981 635
981 656
982 284
982 285
982 514
982 697
983 779
983 855
984 402
984 578
984 585
984 609
984 793
984 797
984 930
985 346
985 475
985 619
985 841
986 163
986 187
986 349
986 617
986 991
987 136
987 143
987 271
987 822
988 396
988 454
988 604
989 166
989 250
989 480
989 534
990 324
990 377
990 538
990 735
990 771
990 844
990 879
990 973
991 200
991 466
991 695
991 781
991 942
992 334
992 369
992 383
992 448
992 563
992 717
993 386
994 11
994 208
994 247
994 345
994 897
995 39
995 43
995 437
995 602
995 872
996 221
996 481
996 519
996 555
996 640
996 718
996 725
996 759
997 337
997 501
997 634
997 654
997 687
998 50
998 230
998 895
999 142
999 490
1000 282
1000 700
1000 713

