500 10000
106 32 25 111 34 107 67 112 27 40 20 20 40 40 81 111 34 78 53 24 111 114 96 77 70 40 25 28 99 108 99 88 103 34 112 116 45 91 74 65 103 107 74 44 45 44 116 95 112 27 119 99 93 32 45 71 77 88 100 60 62 118 58 39 91 90 53 45 96 92 109 74 41 30 43 83 28 86 110 70 68 94 55 116 66 42 59 46 101 40 26 66 38 107 22 36 61 79 47 101 99 92 49 119 34 77 114 96 62 41 96 73 38 115 44 65 78 54 102 92 98 84 99 36 55 70 68 77 24 104 104 84 96 68 61 54 52 89 103 98 70 85 74 32 52 112 62 86 67 38 84 46 56 87 54 51 48 91 101 50 110 75 68 109 70 111 64 71 31 44 61 116 42 85 45 48 40 40 33 72 110 36 32 56 88 54 57 50 64 39 38 47 88 61 113 101 112 52 120 33 93 82 30 49 105 25 107 99 51 95 69 26 67 102 38 70 106 58 101 106 108 71 86 50 100 40 87 103 115 117 68 88 94 41 86 74 102 54 115 104 84 43 32 49 73 117 112 74 77 99 40 48 50 60 48 39 26 26 42 49 108 48 116 80 85 64 120 116 43 72 100 33 111 38 51 64 41 107 43 62 31 105 120 117 43 97 23 88 59 63 36 73 65 111 34 82 109 79 107 96 112 47 85 34 59 62 111 23 105 47 105 45 87 88 62 52 95 47 58 119 52 87 111 58 25 48 27 48 84 35 90 111 111 96 31 74 42 30 80 30 46 111 85 117 65 28 104 44 92 60 64 24 92 75 54 30 92 23 51 29 72 76 32 36 70 59 78 113 113 120 100 84 105 62 120 32 51 96 60 71 43 90 110 94 72 55 64 45 113 42 52 66 100 50 62 30 50 100 76 65 41 63 100 75 110 25 105 100 111 120 59 115 76 99 104 68 88 92 112 34 30 109 49 100 50 24 83 83 74 25 90 115 114 40 54 93 26 66 44 98 80 91 34 117 73 97 23 66 111 115 52 60 65 32 56 89 46 28 31 100 49 95 75 34 60 42 77 49 50 112 79 40 85 105 75 108 93 101 33 108 78 119 60 51 71 26 74 97 55 49 54 23 39 84 113 77 120 45 35 36 
1 17
1 58
1 64
1 91
1 134
1 157
1 239
1 257
1 265
1 268
1 271
1 331
1 380
1 386
1 410
1 454
2 14
2 45
2 54
2 72
2 120
2 127
2 142
2 184
2 185
2 204
2 237
2 241
2 280
2 339
2 453
2 460
2 473
3 52
3 64
3 79
3 181
3 226
3 233
3 258
3 286
3 294
3 318
3 321
3 322
3 342
3 346
3 359
3 367
3 373
3 430
3 438
3 454
3 457
3 471
3 474
3 490
4 6
4 23
4 65
4 91
4 97
4 123
4 198
4 231
4 237
4 257
4 308
4 379
4 382
4 388
4 436
4 469
5 13
5 16
5 73
5 110
5 117
5 124
5 139
5 174
5 235
5 357
5 359
5 382
5 388
5 397
5 407
5 417
5 421
5 422
5 424
5 434
5 440
6 14
6 50
6 73
6 77
6 102
6 114
6 122
6 127
6 144
6 145
6 167
6 173
6 190
6 195
6 197
6 203
6 249
6 253
6 311
6 338
6 363
6 405
6 427
6 444
6 452
6 465
7 49
7 118
7 119
7 153
7 160
7 170
7 180
7 210
7 217
7 246
7 260
7 290
7 373
7 401
7 420
7 427
7 431
7 478
8 13
8 19
8 103
8 113
8 137
8 199
8 220
8 263
8 418
8 425
8 438
8 449
9 18
9 54
9 57
9 78
9 89
9 95
9 97
9 164
9 189
9 210
9 213
9 215
9 273
9 319
9 414
9 436
9 475
9 498
10 87
10 93
10 122
10 131
10 186
10 196
10 208
10 219
10 220
10 243
10 277
10 284
10 332
10 359
10 363
10 387
10 431
10 485
11 70
11 132
11 158
11 165
11 170
11 171
11 181
11 216
11 235
11 242
11 256
11 311
11 319
11 354
11 371
11 393
11 442
11 445
11 456
11 464
11 471
11 486
11 490
11 492
12 21
12 26
12 145
12 178
12 217
12 298
12 332
12 334
12 335
12 350
12 421
12 440
12 499
13 21
13 66
13 80
13 98
13 113
13 123
13 142
13 151
13 164
13 196
13 246
13 261
13 282
13 306
13 310
13 342
13 376
13 383
13 387
13 397
13 499
14 18
14 43
14 56
14 103
14 156
14 182
14 237
14 245
14 256
14 294
14 311
14 316
14 320
14 323
14 359
14 369
14 409
14 429
14 430
14 436
14 437
14 439
14 477
14 483
14 498
15 30
15 56
15 73
15 85
15 91
15 94
15 99
15 107
15 141
15 165
15 256
15 271
15 273
15 276
15 303
15 343
15 378
15 399
15 427
15 463
15 476
15 488
15 493
16 4
16 14
16 46
16 47
16 65
16 105
16 126
16 145
16 174
16 199
16 204
16 227
16 286
16 289
16 295
16 325
16 332
16 342
16 354
16 376
16 391
16 443
17 32
17 45
17 136
17 191
17 201
17 211
17 219
17 220
17 233
17 253
17 283
17 287
17 310
17 318
17 328
17 383
17 392
17 426
17 455
17 483
17 489
18 106
18 235
18 296
18 352
18 369
18 376
18 401
18 402
18 424
18 468
18 469
18 491
18 499
19 3
19 21
19 45
19 54
19 61
19 69
19 73
19 123
19 146
19 157
19 171
19 205
19 231
19 255
19 258
19 263
19 290
19 321
19 334
19 359
19 369
19 372
19 373
19 432
19 474
20 44
20 45
20 46
20 71
20 83
20 91
20 104
20 110
20 121
20 131
20 256
20 259
20 284
20 286
20 318
20 325
20 337
20 346
20 354
20 373
20 387
20 421
20 447
21 22
21 31
21 36
21 39
21 46
21 65
21 103
21 109
21 185
21 218
21 258
21 271
21 313
21 324
21 347
21 373
21 397
21 462
21 479
21 482
22 60
22 62
22 102
22 172
22 207
22 219
22 225
22 286
22 289
22 295
22 324
22 334
22 368
22 390
22 421
22 426
22 439
22 470
22 476
23 43
23 62
23 82
23 99
23 106
23 139
23 141
23 153
23 169
23 174
23 176
23 198
23 221
23 232
23 233
23 284
23 292
23 298
23 324
23 357
23 393
23 458
24 7
24 14
24 18
24 57
24 100
24 139
24 146
24 216
24 241
24 243
24 248
24 263
24 270
24 322
24 356
24 366
24 392
24 432
24 449
24 452
24 499
25 6
25 8
25 12
25 14
25 19
25 46
25 85
25 112
25 143
25 155
25 186
25 190
25 199
25 224
25 230
25 231
25 272
25 307
25 322
25 339
25 353
25 359
25 398
25 421
25 477
25 479
25 494
25 498
26 5
26 47
26 70
26 87
26 128
26 164
26 198
26 207
26 208
26 210
26 260
26 269
26 270
26 308
26 325
26 335
26 358
26 365
26 371
26 380
26 424
26 465
27 76
27 107
27 129
27 181
27 189
27 224
27 240
27 268
27 312
27 313
27 325
27 432
27 480
27 481
28 59
28 113
28 131
28 134
28 135
28 141
28 148
28 157
28 189
28 227
28 242
28 256
28 264
28 293
28 305
28 329
28 335
28 349
28 467
29 83
29 102
29 136
29 137
29 197
29 240
29 304
29 381
29 383
29 416
29 425
30 31
30 86
30 88
30 94
30 137
30 151
30 171
30 236
30 258
30 269
30 342
30 355
30 410
30 412
30 422
30 423
30 458
30 496
30 499
31 39
31 44
31 48
31 70
31 213
31 218
31 258
31 265
31 291
31 319
31 392
31 426
32 1
32 94
32 102
32 165
32 177
32 258
32 288
32 315
32 316
32 343
32 371
32 381
32 398
32 427
32 435
32 436
32 452
32 458
32 468
32 480
32 498
33 2
33 46
33 103
33 114
33 131
33 139
33 159
33 162
33 179
33 186
33 195
33 205
33 292
33 335
33 354
33 384
33 406
33 447
34 61
34 77
34 86
34 102
34 122
34 171
34 244
34 254
34 287
34 289
34 359
34 375
34 385
34 391
34 403
34 405
34 421
34 478
34 487
34 497
35 17
35 18
35 85
35 91
35 93
35 95
35 98
35 101
35 102
35 123
35 155
35 163
35 164
35 251
35 267
35 292
35 314
35 374
35 422
35 439
35 452
35 453
36 32
36 38
36 40
36 49
36 87
36 94
36 208
36 228
36 234
36 357
36 358
36 390
36 394
36 462
36 474
36 475
37 27
37 31
37 44
37 99
37 105
37 108
37 117
37 138
37 169
37 171
37 181
37 235
37 244
37 310
37 381
37 395
37 401
37 447
37 476
37 487
38 10
38 21
38 67
38 109
38 141
38 181
38 212
38 226
38 251
38 297
38 305
38 319
38 344
38 375
38 378
38 412
38 422
38 457
38 478
38 486
38 493
38 498
39 22
39 28
39 37
39 60
39 71
39 107
39 121
39 141
39 142
39 163
39 174
39 204
39 213
39 219
39 222
39 242
39 288
39 309
39 315
39 322
39 367
39 382
39 425
39 447
39 475
39 485
40 12
40 77
40 92
40 146
40 170
40 187
40 214
40 220
40 224
40 249
40 256
40 266
40 270
40 286
40 315
40 335
40 352
40 355
40 374
40 408
40 410
40 467
40 484
40 497
41 43
41 45
41 73
41 124
41 171
41 173
41 195
41 228
41 274
41 292
41 349
41 366
41 381
41 384
41 392
41 402
41 422
41 435
41 443
42 9
42 17
42 30
42 57
42 83
42 85
42 96
42 99
42 138
42 141
42 274
42 277
42 332
42 418
42 496
43 17
43 35
43 53
43 60
43 90
43 94
43 103
43 121
43 126
43 192
43 206
43 229
43 237
43 242
43 261
43 325
43 336
43 368
43 385
43 390
43 392
43 471
44 33
44 60
44 77
44 108
44 143
44 164
44 169
44 177
44 200
44 216
44 289
44 317
44 323
44 354
44 375
44 419
44 462
45 47
45 54
45 62
45 70
45 76
45 215
45 217
45 271
45 275
45 328
45 352
45 384
45 444
45 446
45 474
46 40
46 84
46 92
46 132
46 255
46 256
46 311
46 321
46 329
46 368
46 401
46 403
46 425
46 433
46 488
47 1
47 6
47 25
47 28
47 147
47 167
47 177
47 183
47 194
47 202
47 248
47 274
47 291
47 345
47 367
47 370
47 381
47 393
47 398
47 454
47 460
47 478
47 487
48 11
48 42
48 50
48 56
48 74
48 85
48 99
48 118
48 124
48 127
48 164
48 185
48 198
48 235
48 263
48 286
48 338
48 344
48 400
48 406
48 463
48 467
48 496
49 12
49 14
49 27
49 42
49 79
49 122
49 161
49 191
49 197
49 198
49 235
49 278
49 279
49 305
49 333
49 382
49 383
49 447
49 450
49 468
49 476
49 487
49 489
50 11
50 14
50 58
50 65
50 80
50 87
50 124
50 207
50 287
50 300
50 389
50 393
50 416
50 431
50 476
50 495
51 3
51 13
51 19
51 126
51 132
51 138
51 175
51 329
51 332
51 338
51 397
51 407
51 424
51 464
51 481
51 484
52 31
52 43
52 61
52 67
52 73
52 100
52 108
52 139
52 163
52 185
52 196
52 251
52 266
52 293
52 309
52 320
52 357
52 359
52 366
52 404
52 426
52 447
53 5
53 14
53 113
53 120
53 133
53 209
53 212
53 233
53 248
53 260
53 270
53 321
53 354
53 383
53 404
53 412
53 425
53 430
53 446
53 468
54 7
54 78
54 118
54 122
54 126
54 146
54 197
54 205
54 247
54 254
54 276
54 282
54 335
54 349
54 372
54 379
54 407
54 417
54 439
54 453
54 478
55 60
55 90
55 141
55 168
55 188
55 192
55 205
55 244
55 264
55 283
55 291
55 292
55 299
55 304
55 326
55 334
55 371
55 395
55 398
55 459
55 491
56 6
56 74
56 110
56 112
56 115
56 134
56 145
56 152
56 154
56 235
56 254
56 269
56 342
56 392
56 459
57 17
57 37
57 44
57 53
57 83
57 113
57 121
57 129
57 145
57 150
57 156
57 159
57 226
57 254
57 311
57 337
57 412
57 476
57 483
57 495
58 91
58 206
58 223
58 296
58 305
58 336
58 348
58 358
58 391
58 421
58 423
58 425
58 472
58 474
59 10
59 41
59 78
59 95
59 190
59 215
59 216
59 253
59 307
59 372
59 402
59 427
59 461
59 482
60 1
60 38
60 48
60 59
60 66
60 73
60 106
60 176
60 200
60 291
60 295
60 306
60 321
60 391
60 400
60 430
60 435
60 458
61 5
61 68
61 83
61 90
61 117
61 176
61 179
61 207
61 236
61 247
61 262
61 283
61 290
61 329
61 334
61 394
61 418
61 427
61 435
61 474
61 477
61 482
62 5
62 49
62 79
62 90
62 119
62 179
62 186
62 195
62 205
62 223
62 384
62 409
63 32
63 38
63 56
63 61
63 70
63 92
63 165
63 197
63 200
63 235
63 279
63 283
63 296
63 327
63 365
63 381
63 405
63 421
63 441
63 444
63 450
63 452
64 17
64 50
64 83
64 109
64 134
64 143
64 148
64 171
64 182
64 204
64 234
64 236
64 265
64 289
64 290
64 297
64 302
64 323
64 400
64 463
64 464
65 41
65 86
65 117
65 123
65 140
65 165
65 204
65 227
65 232
65 259
65 278
65 316
65 337
65 397
65 402
65 433
65 438
65 468
65 496
66 12
66 22
66 43
66 81
66 132
66 156
66 193
66 224
66 273
66 281
66 327
66 345
66 362
66 391
66 483
66 493
66 495
67 12
67 14
67 18
67 92
67 118
67 154
67 255
67 317
67 322
67 342
67 355
67 393
67 459
67 460
67 492
68 15
68 44
68 53
68 60
68 66
68 145
68 160
68 163
68 173
68 176
68 180
68 201
68 213
68 221
68 264
68 270
68 281
68 291
68 294
68 329
68 417
68 421
68 447
68 487
68 489
68 491
69 8
69 17
69 170
69 220
69 270
69 275
69 276
69 278
69 296
69 311
69 320
69 347
69 357
69 402
69 420
69 441
69 497
70 20
70 62
70 110
70 160
70 189
70 199
70 246
70 261
70 284
70 304
70 316
70 349
70 386
70 454
71 10
71 16
71 50
71 63
71 86
71 99
71 100
71 185
71 214
71 266
71 273
71 294
71 307
71 312
71 345
71 354
71 390
71 418
71 429
71 461
71 470
71 486
71 497
72 3
72 39
72 74
72 82
72 107
72 130
72 144
72 178
72 191
72 244
72 250
72 274
72 357
72 408
72 424
72 445
72 473
72 483
73 12
73 53
73 68
73 84
73 94
73 188
73 210
73 314
73 330
73 347
73 362
73 400
73 482
73 484
73 495
74 87
74 97
74 109
74 130
74 199
74 206
74 243
74 252
74 258
74 264
74 327
74 329
74 330
74 342
74 393
74 399
74 432
74 436
74 460
74 480
75 45
75 53
75 89
75 181
75 197
75 202
75 204
75 229
75 238
75 260
75 332
75 343
75 347
75 348
75 381
75 385
75 392
75 415
75 442
75 469
75 488
76 88
76 89
76 102
76 150
76 154
76 219
76 225
76 229
76 264
76 319
76 329
76 335
76 359
76 381
76 488
77 108
77 116
77 120
77 178
77 193
77 210
77 250
77 270
77 271
77 278
77 281
77 291
77 298
77 304
77 314
77 338
77 411
77 449
77 474
78 20
78 22
78 29
78 43
78 83
78 117
78 166
78 223
78 231
78 271
78 359
78 363
78 396
78 416
78 417
78 447
78 460
78 496
79 10
79 25
79 53
79 77
79 80
79 95
79 107
79 147
79 157
79 171
79 179
79 204
79 213
79 241
79 258
79 271
79 279
79 317
79 354
79 400
79 405
79 409
79 422
79 431
79 466
79 484
79 497
80 16
80 29
80 71
80 103
80 142
80 200
80 203
80 299
80 308
80 324
80 332
80 348
80 385
80 392
80 425
80 470
81 14
81 24
81 32
81 64
81 76
81 89
81 92
81 106
81 133
81 146
81 152
81 191
81 201
81 233
81 238
81 250
81 269
81 270
81 279
81 353
81 356
81 368
81 420
81 429
81 472
81 474
82 15
82 83
82 89
82 103
82 201
82 221
82 252
82 285
82 294
82 296
82 355
82 366
82 376
82 382
82 393
82 413
83 33
83 54
83 59
83 87
83 151
83 336
83 352
83 366
83 382
83 386
83 401
83 404
83 417
83 434
83 435
83 437
84 3
84 14
84 18
84 19
84 41
84 94
84 110
84 124
84 145
84 186
84 205
84 208
84 212
84 215
84 238
84 247
84 278
84 303
84 360
84 387
84 390
84 403
84 417
84 421
84 458
84 464
85 6
85 19
85 30
85 36
85 37
85 89
85 113
85 156
85 190
85 203
85 204
85 304
85 319
85 355
85 359
85 427
85 461
86 25
86 84
86 138
86 148
86 171
86 193
86 211
86 219
86 253
86 285
86 289
86 306
86 323
86 343
86 357
86 392
86 422
86 437
87 19
87 21
87 110
87 163
87 309
87 318
87 331
87 332
87 338
87 344
87 382
87 388
87 406
87 407
87 481
87 497
88 7
88 14
88 27
88 102
88 104
88 111
88 136
88 152
88 155
88 165
88 193
88 242
88 281
88 294
88 379
88 394
88 409
88 430
88 458
88 460
88 484
89 5
89 8
89 22
89 23
89 24
89 115
89 118
89 144
89 149
89 156
89 167
89 204
89 205
89 240
89 248
89 250
89 266
89 269
89 295
89 328
89 414
89 447
89 459
89 465
90 30
90 126
90 190
90 207
90 228
90 238
90 239
90 294
90 338
90 410
90 437
90 472
91 48
91 106
91 119
91 140
91 159
91 174
91 228
91 231
91 249
91 287
91 293
91 328
91 340
91 341
91 347
91 361
91 471
91 500
92 59
92 72
92 117
92 120
92 122
92 126
92 157
92 170
92 178
92 191
92 212
92 213
92 230
92 376
92 383
92 394
92 429
92 454
92 463
92 469
92 495
92 496
93 29
93 41
93 104
93 117
93 130
93 150
93 157
93 234
93 326
93 386
93 408
93 433
93 486
94 17
94 20
94 28
94 71
94 92
94 134
94 139
94 161
94 215
94 216
94 266
94 294
94 301
94 343
94 352
94 368
94 404
94 413
94 421
94 470
94 478
95 111
95 138
95 155
95 190
95 196
95 198
95 295
95 309
95 324
95 336
95 342
95 363
95 385
95 398
95 401
95 422
95 436
96 26
96 86
96 100
96 117
96 119
96 143
96 148
96 168
96 170
96 198
96 204
96 265
96 280
96 326
96 331
96 386
96 408
96 424
96 474
97 13
97 41
97 55
97 108
97 140
97 170
97 177
97 193
97 201
97 241
97 245
97 251
97 267
97 333
97 367
97 426
97 445
97 457
97 467
98 17
98 46
98 55
98 70
98 144
98 159
98 160
98 163
98 178
98 187
98 190
98 224
98 285
98 328
98 349
98 430
98 438
99 53
99 105
99 107
99 119
99 141
99 186
99 188
99 204
99 206
99 220
99 287
99 289
99 338
99 376
99 401
99 447
99 478
100 6
100 12
100 68
100 127
100 180
100 255
100 309
100 313
100 337
100 338
100 371
100 380
100 390
100 423
100 451
100 460
101 16
101 25
101 77
101 143
101 144
101 184
101 302
101 348
101 432
101 437
101 439
101 447
101 455
101 461
101 477
101 478
102 15
102 94
102 103
102 125
102 134
102 146
102 226
102 265
102 327
102 328
102 336
102 352
102 375
102 389
102 392
102 437
102 443
102 458
103 10
103 19
103 65
103 68
103 76
103 84
103 91
103 92
103 109
103 159
103 173
103 175
103 192
103 235
103 267
103 293
103 320
103 329
103 345
103 372
103 420
103 423
103 438
104 11
104 37
104 63
104 131
104 214
104 255
104 262
104 273
104 345
104 421
104 431
104 438
104 444
104 455
104 475
104 476
105 9
105 68
105 72
105 208
105 221
105 239
105 346
105 385
105 393
105 414
105 417
106 29
106 43
106 64
106 118
106 130
106 132
106 137
106 148
106 188
106 198
106 260
106 296
106 299
106 309
106 318
106 337
106 354
106 361
106 385
106 464
106 466
107 19
107 86
107 120
107 200
107 207
107 209
107 231
107 274
107 308
107 335
107 342
107 370
107 372
107 399
107 406
107 410
107 417
107 418
107 438
107 442
107 475
108 19
108 59
108 63
108 145
108 154
108 161
108 243
108 272
108 280
108 313
108 381
108 383
108 407
108 430
108 439
108 450
108 458
108 469
109 70
109 169
109 208
109 212
109 282
109 311
109 315
109 335
109 380
109 407
109 419
109 429
109 436
109 468
109 478
109 489
110 9
110 73
110 83
110 94
110 101
110 115
110 124
110 149
110 304
110 306
110 310
110 313
110 345
110 354
110 360
110 367
110 370
110 378
110 383
110 396
110 415
110 480
110 499
111 2
111 16
111 26
111 30
111 44
111 61
111 116
111 122
111 160
111 162
111 187
111 199
111 213
111 220
111 222
111 247
111 265
111 282
111 286
111 289
111 295
111 296
111 326
111 330
111 374
111 398
111 401
111 451
111 459
111 463
112 30
112 51
112 81
112 99
112 198
112 206
112 238
112 264
112 313
112 323
112 329
112 346
112 353
112 371
112 469
113 22
113 43
113 66
113 81
113 95
113 100
113 104
113 107
113 161
113 220
113 324
113 352
113 399
113 410
113 453
113 488
114 41
114 85
114 95
114 116
114 140
114 182
114 223
114 257
114 268
114 276
114 326
114 425
114 448
115 26
115 125
115 127
115 138
115 210
115 244
115 248
115 275
115 293
115 331
115 352
115 425
115 428
115 457
115 478
115 493
116 10
116 33
116 44
116 93
116 123
116 139
116 148
116 171
116 214
116 243
116 292
116 315
116 323
116 326
116 336
116 376
116 379
116 413
116 434
116 443
116 449
116 468
116 480
117 47
117 59
117 76
117 94
117 99
117 102
117 114
117 129
117 176
117 179
117 204
117 252
117 266
117 306
117 310
117 319
117 326
117 361
117 381
117 425
117 435
117 445
118 30
118 78
118 98
118 177
118 189
118 194
118 218
118 219
118 228
118 243
118 321
118 327
118 329
118 377
118 400
118 449
118 486
119 18
119 79
119 140
119 166
119 171
119 175
119 180
119 181
119 183
119 246
119 260
119 282
119 332
119 387
119 392
119 424
119 449
119 461
119 471
119 473
120 1
120 6
120 24
120 29
120 38
120 80
120 90
120 100
120 144
120 167
120 182
120 202
120 243
120 290
120 295
120 332
120 364
120 383
120 388
120 390
120 411
120 429
120 430
120 449
120 450
120 474
120 497
121 74
121 95
121 128
121 151
121 179
121 202
121 242
121 262
121 264
121 282
121 310
121 316
121 324
121 326
121 355
121 357
121 389
121 395
121 414
121 435
121 490
122 1
122 35
122 60
122 114
122 120
122 144
122 158
122 180
122 218
122 256
122 314
122 396
122 415
122 453
122 455
123 25
123 28
123 44
123 68
123 150
123 231
123 238
123 266
123 293
123 355
123 368
123 408
123 432
123 457
123 464
123 466
124 158
124 176
124 202
124 221
124 226
124 244
124 274
124 333
124 348
124 369
124 399
124 425
124 448
124 482
125 30
125 39
125 49
125 67
125 95
125 97
125 113
125 116
125 118
125 161
125 199
125 218
125 233
125 256
125 273
125 371
125 402
125 423
125 430
125 441
125 454
126 33
126 36
126 55
126 77
126 108
126 203
126 230
126 271
126 290
126 321
126 347
126 356
126 401
126 411
126 422
126 452
126 453
126 461
126 468
127 11
127 43
127 71
127 110
127 130
127 139
127 173
127 201
127 209
127 212
127 244
127 248
127 275
127 277
127 363
127 433
127 446
127 448
127 458
127 476
128 2
128 30
128 31
128 73
128 86
128 95
128 115
128 123
128 139
128 187
128 189
128 199
128 242
128 244
128 257
128 327
128 339
128 412
128 473
128 498
129 10
129 54
129 62
129 140
129 152
129 155
129 185
129 209
129 215
129 258
129 264
129 303
129 334
129 443
129 449
129 451
130 22
130 103
130 135
130 176
130 201
130 221
130 245
130 253
130 255
130 279
130 300
130 356
130 357
130 366
130 371
130 387
131 18
131 89
131 98
131 129
131 223
131 263
131 321
131 331
131 332
131 344
131 351
131 410
131 419
131 449
132 31
132 40
132 60
132 64
132 72
132 78
132 144
132 163
132 188
132 234
132 273
132 274
132 281
132 286
132 308
132 318
132 334
132 345
132 360
132 374
132 392
132 447
132 463
133 3
133 39
133 62
133 72
133 139
133 167
133 184
133 235
133 239
133 244
133 287
133 331
133 344
133 368
133 375
133 407
133 417
133 424
133 425
133 431
133 471
133 498
134 7
134 70
134 75
134 109
134 135
134 140
134 142
134 150
134 151
134 160
134 164
134 195
134 248
134 303
134 318
134 326
134 339
134 398
134 412
134 414
134 416
134 422
134 465
134 486
135 30
135 45
135 57
135 84
135 126
135 131
135 133
135 155
135 170
135 189
135 251
135 264
135 283
135 312
135 331
135 372
135 398
135 456
135 460
136 1
136 23
136 68
136 71
136 114
136 146
136 173
136 175
136 183
136 187
136 202
136 218
136 234
136 235
136 237
136 257
136 271
136 304
136 325
136 363
136 365
136 391
136 402
136 405
136 424
136 441
136 444
137 7
137 47
137 88
137 93
137 118
137 144
137 215
137 220
137 252
137 297
137 301
137 309
137 312
137 319
137 335
137 338
137 381
137 383
137 467
137 476
137 498
138 33
138 69
138 84
138 92
138 144
138 152
138 163
138 167
138 234
138 256
138 264
138 297
138 301
138 325
138 372
138 390
138 408
138 491
139 37
139 41
139 50
139 99
139 160
139 190
139 244
139 260
139 342
139 347
139 365
139 411
139 424
139 454
139 473
139 495
140 17
140 115
140 122
140 145
140 153
140 168
140 215
140 262
140 268
140 269
140 286
140 304
140 324
140 399
140 425
140 429
141 16
141 21
141 32
141 97
141 145
141 154
141 162
141 169
141 171
141 185
141 204
141 287
141 299
141 305
141 313
141 348
141 353
141 361
141 374
141 397
141 419
141 430
141 446
141 457
141 462
141 483
141 492
142 10
142 11
142 36
142 94
142 157
142 161
142 213
142 228
142 233
142 254
142 282
142 313
142 316
142 317
142 384
142 401
142 448
142 475
142 479
142 500
143 19
143 46
143 60
143 79
143 91
143 209
143 226
143 285
143 287
143 312
143 319
143 341
143 468
143 475
143 481
143 500
144 44
144 64
144 70
144 83
144 141
144 146
144 224
144 244
144 269
144 354
144 355
144 383
144 400
144 411
144 414
144 426
144 492
145 91
145 93
145 99
145 177
145 281
145 285
145 393
146 41
146 92
146 116
146 128
146 131
146 195
146 196
146 198
146 259
146 281
146 295
146 303
146 327
146 328
146 348
146 367
146 405
146 420
146 437
146 446
146 465
146 472
146 498
147 28
147 63
147 78
147 95
147 116
147 129
147 151
147 153
147 184
147 223
147 249
147 266
147 274
147 293
147 310
147 323
147 372
147 381
147 408
147 415
147 425
147 447
147 464
147 471
147 481
147 488
148 5
148 76
148 138
148 216
148 222
148 239
148 244
148 263
148 275
148 284
148 291
148 332
148 343
148 345
148 352
148 364
148 409
148 462
149 16
149 41
149 42
149 44
149 58
149 70
149 113
149 114
149 183
149 191
149 198
149 237
149 271
149 285
149 328
149 358
149 489
150 10
150 16
150 20
150 62
150 90
150 101
150 104
150 106
150 171
150 177
150 227
150 250
150 290
150 309
150 379
150 416
150 440
151 15
151 25
151 47
151 128
151 136
151 190
151 228
151 278
151 312
151 349
151 387
151 395
151 455
151 464
151 468
151 470
152 14
152 46
152 51
152 61
152 67
152 69
152 106
152 111
152 161
152 182
152 194
152 212
152 222
152 223
152 230
152 315
152 324
152 325
152 339
152 365
152 378
152 403
152 405
152 428
152 435
152 436
152 493
153 29
153 49
153 56
153 84
153 93
153 96
153 206
153 241
153 242
153 258
153 268
153 324
153 331
153 360
153 397
153 407
153 491
153 495
154 61
154 84
154 111
154 113
154 142
154 158
154 172
154 200
154 213
154 248
154 260
154 311
154 354
154 391
154 406
154 407
154 471
154 474
155 9
155 41
155 42
155 59
155 69
155 85
155 87
155 106
155 164
155 256
155 294
155 314
155 324
155 326
155 418
155 421
155 434
155 449
156 24
156 59
156 79
156 92
156 97
156 104
156 109
156 128
156 198
156 253
156 283
156 305
156 309
156 318
156 387
156 391
156 427
157 6
157 114
157 127
157 128
157 169
157 181
157 191
157 192
157 195
157 200
157 212
157 251
157 287
157 291
157 319
157 356
157 357
157 380
157 389
157 394
157 445
158 1
158 48
158 52
158 82
158 98
158 113
158 126
158 144
158 162
158 176
158 183
158 206
158 268
158 275
158 324
158 331
158 370
158 432
158 435
158 443
158 474
159 25
159 44
159 80
159 108
159 127
159 133
159 145
159 152
159 215
159 244
159 272
159 273
159 287
159 313
159 331
159 420
159 442
159 443
159 450
159 474
159 475
159 479
159 484
159 492
160 42
160 107
160 119
160 132
160 133
160 159
160 186
160 190
160 226
160 248
160 252
160 255
160 280
160 318
160 434
160 467
161 41
161 86
161 93
161 184
161 218
161 224
161 264
161 346
161 372
161 382
161 398
161 410
161 421
161 462
161 476
162 56
162 163
162 213
162 219
162 261
162 287
162 317
162 368
162 375
162 410
162 450
162 480
162 500
163 22
163 69
163 102
163 112
163 133
163 198
163 208
163 264
163 274
163 278
163 283
163 294
163 307
163 309
163 310
163 352
163 394
163 411
163 464
163 476
164 115
164 146
164 166
164 241
164 243
164 264
164 268
164 304
164 333
164 351
164 374
164 406
164 417
164 425
164 433
164 466
164 472
165 5
165 13
165 36
165 40
165 51
165 59
165 70
165 74
165 108
165 117
165 121
165 136
165 145
165 156
165 211
165 219
165 221
165 298
165 401
165 432
165 445
165 461
165 474
165 478
165 491
166 56
166 59
166 75
166 80
166 97
166 150
166 152
166 153
166 249
166 288
166 298
166 325
166 353
166 498
167 3
167 54
167 75
167 79
167 96
167 110
167 127
167 129
167 154
167 179
167 220
167 227
167 240
167 299
167 333
167 351
167 361
167 364
167 422
167 492
167 493
168 25
168 103
168 138
168 148
168 201
168 241
168 245
168 290
168 335
168 359
168 366
168 405
168 419
168 422
168 437
168 450
168 478
169 20
169 27
169 34
169 65
169 66
169 88
169 102
169 108
169 115
169 123
169 143
169 160
169 171
169 177
169 178
169 186
169 207
169 223
169 299
169 300
169 347
169 375
169 383
169 473
169 489
169 495
170 14
170 35
170 78
170 134
170 162
170 173
170 205
170 233
170 241
170 256
170 273
170 316
170 345
170 360
170 428
170 439
170 443
170 467
171 6
171 8
171 36
171 73
171 87
171 91
171 124
171 125
171 132
171 140
171 146
171 156
171 173
171 174
171 233
171 283
171 284
171 293
171 332
171 394
171 436
171 446
171 489
171 491
172 10
172 14
172 36
172 48
172 57
172 68
172 99
172 112
172 117
172 120
172 126
172 139
172 157
172 194
172 226
172 231
172 325
172 340
172 349
172 389
172 397
172 415
172 488
173 3
173 25
173 34
173 63
173 95
173 100
173 110
173 159
173 190
173 209
173 228
173 234
173 237
173 266
173 292
173 315
173 325
173 336
173 346
173 364
173 378
173 412
173 469
173 477
174 11
174 20
174 33
174 68
174 101
174 106
174 129
174 165
174 182
174 187
174 191
174 192
174 228
174 257
174 348
174 352
174 355
174 367
174 375
174 391
174 439
174 466
175 11
175 53
175 66
175 92
175 93
175 100
175 121
175 145
175 192
175 194
175 220
175 235
175 351
175 355
175 391
175 399
175 400
175 401
175 403
175 423
175 462
175 484
176 3
176 19
176 30
176 87
176 102
176 110
176 153
176 207
176 261
176 314
176 330
176 346
176 366
176 383
176 395
176 411
176 461
176 494
177 7
177 38
177 40
177 56
177 74
177 94
177 122
177 126
177 138
177 165
177 198
177 201
177 247
177 277
177 288
177 311
177 333
177 349
177 354
177 355
177 367
177 382
177 412
177 428
177 463
177 467
178 115
178 138
178 139
178 174
178 177
178 196
178 295
178 355
178 425
178 447
178 448
178 460
179 1
179 9
179 10
179 22
179 60
179 92
179 118
179 133
179 144
179 195
179 200
179 221
179 224
179 286
179 296
179 338
179 364
179 367
179 371
179 396
179 431
179 444
179 454
180 17
180 22
180 35
180 62
180 81
180 101
180 106
180 111
180 112
180 126
180 143
180 162
180 168
180 174
180 176
180 186
180 207
180 224
180 230
180 231
180 235
180 256
180 298
180 311
180 325
180 331
180 349
180 374
180 395
180 415
180 481
180 493
180 497
181 4
181 6
181 23
181 33
181 47
181 59
181 133
181 195
181 197
181 212
181 218
181 225
181 232
181 253
181 254
181 262
181 264
181 272
181 291
181 293
181 297
181 352
181 356
181 395
181 414
181 446
181 454
181 466
181 467
181 478
181 497
182 3
182 26
182 32
182 43
182 49
182 68
182 74
182 87
182 141
182 214
182 216
182 228
182 268
182 283
182 310
182 347
182 367
182 407
182 412
182 437
182 468
183 98
183 163
183 196
183 210
183 248
183 255
183 271
183 272
183 276
183 280
183 308
183 349
183 380
183 392
183 440
183 447
183 472
183 476
183 479
183 480
183 495
184 34
184 76
184 116
184 126
184 149
184 175
184 281
184 286
184 353
184 364
184 411
184 422
184 427
184 453
184 464
184 481
185 39
185 46
185 73
185 99
185 106
185 111
185 181
185 190
185 234
185 238
185 257
185 275
185 302
185 312
185 435
185 448
185 449
185 464
186 5
186 19
186 77
186 98
186 168
186 196
186 197
186 204
186 212
186 269
186 374
186 392
186 413
186 465
187 45
187 57
187 97
187 101
187 134
187 135
187 147
187 172
187 229
187 258
187 335
187 343
187 362
187 384
187 457
187 488
188 10
188 41
188 51
188 80
188 82
188 94
188 122
188 129
188 138
188 139
188 146
188 162
188 175
188 189
188 201
188 241
188 244
188 250
188 286
188 306
188 310
188 351
188 370
188 374
188 397
188 421
188 452
188 468
188 494
189 37
189 42
189 43
189 61
189 139
189 179
189 257
189 264
189 279
189 290
189 306
189 316
189 335
189 354
189 357
189 359
189 406
189 446
189 452
189 456
189 461
189 481
189 486
189 494
190 79
190 92
190 108
190 117
190 119
190 135
190 191
190 209
190 211
190 330
190 344
190 354
190 355
190 357
190 358
190 360
190 404
190 409
190 415
190 426
190 436
190 445
190 459
191 9
191 13
191 24
191 71
191 82
191 130
191 144
191 154
191 156
191 162
191 231
191 246
191 323
191 356
191 375
191 379
191 419
191 423
191 425
191 439
191 480
191 494
191 495
192 10
192 23
192 41
192 73
192 78
192 96
192 207
192 215
192 218
192 322
192 386
192 413
192 420
192 427
192 461
193 6
193 17
193 63
193 83
193 116
193 171
193 222
193 251
193 266
193 314
193 406
193 411
193 438
193 460
193 468
193 482
194 35
194 40
194 43
194 54
194 150
194 164
194 218
194 221
194 242
194 251
194 273
194 287
194 293
194 311
194 370
194 372
194 412
194 471
195 36
195 140
195 141
195 155
195 171
195 204
195 252
195 281
195 350
195 371
195 439
195 461
196 2
196 15
196 45
196 59
196 110
196 171
196 177
196 192
196 201
196 266
196 273
196 298
196 386
196 390
196 419
196 444
196 456
196 479
196 498
197 4
197 13
197 21
197 27
197 39
197 45
197 59
197 64
197 71
197 85
197 191
197 212
197 219
197 223
197 300
197 357
197 398
197 408
197 427
197 428
197 459
197 466
197 487
198 7
198 18
198 76
198 77
198 120
198 123
198 126
198 134
198 153
198 168
198 175
198 209
198 241
198 264
198 299
198 343
198 361
198 390
198 398
198 451
198 481
199 32
199 62
199 66
199 113
199 114
199 123
199 131
199 142
199 143
199 150
199 161
199 233
199 242
199 302
199 310
199 328
199 344
199 354
199 422
199 441
199 452
199 462
199 480
199 487
200 6
200 12
200 43
200 45
200 145
200 186
200 196
200 207
200 211
200 237
200 311
200 404
200 450
200 453
200 496
201 25
201 42
201 89
201 132
201 139
201 152
201 195
201 198
201 202
201 206
201 207
201 222
201 258
201 297
201 303
201 313
201 315
201 355
201 356
201 369
201 382
201 393
201 409
201 461
201 465
201 484
202 9
202 43
202 49
202 91
202 114
202 137
202 148
202 203
202 219
202 240
202 246
202 258
202 273
202 284
202 301
202 309
202 319
202 370
202 374
202 381
202 382
202 388
202 445
203 69
203 78
203 79
203 142
203 167
203 235
203 260
203 265
203 300
203 302
203 312
203 349
203 352
203 400
204 77
204 86
204 142
204 219
204 244
204 338
204 344
204 378
204 473
205 20
205 23
205 37
205 57
205 96
205 153
205 234
205 246
205 248
205 301
205 310
205 387
205 389
205 392
205 482
205 484
206 11
206 47
206 51
206 52
206 56
206 67
206 94
206 162
206 166
206 179
206 203
206 232
206 266
206 302
206 374
206 382
206 424
206 426
206 468
207 18
207 21
207 28
207 37
207 38
207 47
207 62
207 84
207 86
207 103
207 114
207 136
207 139
207 163
207 212
207 276
207 283
207 284
207 310
207 334
207 370
207 396
207 401
207 437
207 453
207 483
208 5
208 20
208 22
208 38
208 39
208 86
208 101
208 102
208 116
208 140
208 156
208 158
208 181
208 205
208 210
208 304
208 330
208 367
208 391
208 394
208 402
208 425
208 429
208 460
208 482
209 14
209 16
209 19
209 39
209 56
209 58
209 77
209 79
209 122
209 142
209 186
209 216
209 222
209 225
209 276
209 319
209 351
209 358
209 436
209 456
209 485
209 495
210 29
210 33
210 39
210 52
210 78
210 83
210 85
210 97
210 172
210 229
210 251
210 294
210 312
210 313
210 345
210 346
210 417
210 427
210 445
210 486
211 1
211 13
211 26
211 27
211 35
211 73
211 93
211 102
211 115
211 136
211 160
211 176
211 198
211 216
211 239
211 265
211 280
211 297
211 313
211 314
211 354
211 372
211 373
211 374
211 394
211 397
211 403
211 413
211 431
211 458
211 488
211 499
212 48
212 73
212 101
212 135
212 145
212 148
212 206
212 219
212 238
212 255
212 272
212 290
212 299
212 305
212 315
212 350
212 361
212 362
212 422
212 423
212 458
213 11
213 40
213 43
213 44
213 99
213 102
213 128
213 165
213 180
213 186
213 227
213 260
213 299
213 307
213 339
213 341
213 344
213 358
213 455
213 459
213 462
213 488
214 2
214 26
214 28
214 42
214 45
214 50
214 85
214 112
214 154
214 205
214 216
214 219
214 250
214 323
214 324
214 347
214 364
214 392
214 427
214 433
214 447
214 453
214 485
214 495
215 37
215 57
215 81
215 125
215 176
215 184
215 201
215 227
215 259
215 271
215 333
215 382
215 439
216 37
216 39
216 48
216 70
216 73
216 75
216 144
216 152
216 168
216 225
216 235
216 324
216 439
216 479
216 484
216 492
216 494
216 499
217 5
217 113
217 117
217 126
217 183
217 184
217 231
217 249
217 265
217 275
217 354
217 383
217 424
217 451
217 457
217 465
217 473
218 52
218 90
218 116
218 133
218 137
218 142
218 145
218 166
218 291
218 322
218 338
218 341
218 353
218 391
218 395
218 429
218 443
218 486
218 493
218 495
219 44
219 67
219 70
219 108
219 117
219 119
219 121
219 125
219 152
219 191
219 297
219 312
219 315
219 395
219 402
219 438
219 445
219 467
219 474
220 1
220 3
220 23
220 32
220 61
220 63
220 86
220 89
220 107
220 108
220 128
220 158
220 192
220 222
220 223
220 239
220 259
220 293
220 301
220 319
220 339
220 343
220 345
220 348
220 392
220 412
220 413
220 439
220 474
220 482
220 490
221 10
221 28
221 43
221 52
221 70
221 89
221 120
221 146
221 157
221 183
221 214
221 225
221 250
221 285
221 297
221 304
221 306
221 338
221 339
221 372
221 402
221 418
221 467
221 472
222 27
222 32
222 35
222 59
222 63
222 70
222 174
222 186
222 243
222 307
222 310
222 345
222 355
222 358
222 359
222 385
222 404
222 435
222 476
222 495
223 74
223 81
223 86
223 87
223 90
223 116
223 123
223 132
223 157
223 162
223 193
223 234
223 263
223 264
223 322
223 326
223 339
223 348
223 351
223 376
223 402
223 406
223 420
223 465
223 474
224 56
224 63
224 72
224 95
224 116
224 124
224 140
224 142
224 165
224 196
224 197
224 207
224 238
224 275
224 281
224 320
224 348
224 468
224 493
224 500
225 13
225 18
225 26
225 52
225 110
225 153
225 190
225 218
225 248
225 285
225 290
225 308
225 350
225 364
225 374
225 379
225 425
225 449
225 475
225 485
225 489
225 498
226 24
226 34
226 41
226 54
226 66
226 68
226 75
226 97
226 128
226 139
226 149
226 207
226 220
226 242
226 265
226 289
226 303
226 314
226 366
226 376
226 394
226 436
226 487
226 492
227 36
227 157
227 192
227 218
227 219
227 221
227 242
227 262
227 281
227 354
227 367
227 398
228 1
228 61
228 99
228 218
228 233
228 310
228 322
228 335
228 337
228 358
228 386
228 394
228 430
228 457
228 464
228 467
228 479
229 15
229 78
229 87
229 90
229 91
229 125
229 129
229 155
229 159
229 183
229 196
229 197
229 244
229 249
229 276
229 304
229 312
229 316
229 330
229 368
229 387
229 390
229 409
229 474
229 496
230 7
230 12
230 37
230 49
230 54
230 72
230 79
230 81
230 96
230 108
230 119
230 130
230 138
230 175
230 181
230 205
230 221
230 224
230 258
230 278
230 280
230 337
230 378
230 399
230 450
230 465
230 489
230 492
231 9
231 37
231 68
231 70
231 175
231 179
231 251
231 254
231 258
231 287
231 306
231 347
231 355
231 360
231 362
231 419
231 433
231 438
232 130
232 144
232 150
232 162
232 175
232 196
232 197
232 263
232 295
232 297
232 350
232 363
232 451
232 454
232 459
232 467
232 485
233 51
233 90
233 124
233 140
233 149
233 187
233 194
233 204
233 217
233 219
233 220
233 249
233 268
233 334
233 354
233 366
233 370
233 426
233 429
233 432
233 436
233 438
233 440
233 466
233 475
233 476
233 496
234 10
234 12
234 17
234 127
234 166
234 172
234 177
234 212
234 226
234 257
234 259
234 261
234 293
234 314
234 380
234 392
234 425
234 429
234 484
235 8
235 75
235 81
235 120
235 176
235 188
235 193
235 221
235 298
235 321
235 323
235 348
235 397
235 449
235 461
235 478
236 20
236 24
236 63
236 76
236 89
236 100
236 107
236 112
236 143
236 169
236 194
236 219
236 257
236 263
236 275
236 283
236 287
236 305
236 336
236 368
236 403
236 465
237 6
237 33
237 34
237 37
237 45
237 53
237 58
237 88
237 94
237 122
237 138
237 227
237 249
237 255
237 274
237 304
237 327
237 328
237 330
237 340
237 370
237 371
237 396
237 406
237 409
237 414
237 416
237 418
237 455
237 493
237 496
238 8
238 11
238 37
238 57
238 88
238 98
238 116
238 176
238 204
238 208
238 374
238 381
238 391
238 450
238 453
238 485
239 87
239 120
239 167
239 210
239 226
239 248
239 302
239 331
239 337
239 340
239 363
239 367
239 371
239 405
239 487
240 46
240 57
240 80
240 150
240 154
240 176
240 180
240 214
240 233
240 269
240 288
240 312
240 344
240 349
240 429
240 456
240 459
240 477
240 484
241 75
241 90
241 173
241 208
241 225
241 226
241 273
241 288
241 296
241 326
241 328
241 335
241 397
241 421
241 477
241 490
242 34
242 67
242 73
242 98
242 114
242 132
242 160
242 196
242 237
242 246
242 260
242 284
242 305
242 350
242 359
242 366
242 375
242 381
242 397
242 485
243 63
243 88
243 198
243 207
243 210
243 225
243 239
243 254
243 281
243 293
243 361
243 394
243 397
243 419
244 59
244 60
244 71
244 73
244 76
244 105
244 119
244 166
244 201
244 231
244 270
244 285
244 338
244 353
244 357
244 379
244 449
245 3
245 38
245 50
245 83
245 143
245 149
245 161
245 170
245 183
245 228
245 242
245 309
245 310
245 313
245 321
245 324
245 339
245 361
245 362
245 365
245 378
245 383
245 403
245 424
245 432
245 461
245 479
246 24
246 30
246 40
246 47
246 74
246 88
246 125
246 164
246 169
246 190
246 206
246 233
246 280
246 333
246 371
246 399
246 432
246 462
246 484
246 491
247 15
247 65
247 69
247 103
247 133
247 139
247 162
247 236
247 245
247 288
247 322
247 326
247 329
247 332
247 364
247 470
247 485
248 3
248 26
248 61
248 102
248 109
248 132
248 133
248 194
248 216
248 228
248 290
248 330
248 355
248 359
248 375
248 393
248 394
248 416
248 429
248 446
248 484
249 29
249 51
249 84
249 88
249 96
249 128
249 185
249 190
249 196
249 201
249 204
249 216
249 257
249 297
249 299
249 332
249 338
249 339
249 349
249 370
249 374
249 377
249 415
249 418
249 444
249 467
249 488
250 27
250 39
250 61
250 99
250 114
250 165
250 177
250 242
250 281
250 292
250 303
250 379
250 380
250 398
250 400
250 423
250 487
251 28
251 50
251 87
251 122
251 129
251 188
251 192
251 228
251 303
251 338
251 347
251 348
251 355
251 357
251 363
251 366
251 367
251 373
251 387
251 407
251 416
251 471
251 490
252 19
252 56
252 84
252 87
252 96
252 99
252 155
252 179
252 214
252 333
252 397
252 399
252 420
252 448
252 455
252 482
253 7
253 25
253 32
253 54
253 111
253 118
253 141
253 161
253 162
253 170
253 173
253 201
253 216
253 235
253 294
253 308
253 316
253 330
253 378
253 380
253 413
253 446
253 464
253 478
253 486
254 4
254 11
254 59
254 97
254 99
254 114
254 140
254 149
254 157
254 258
254 259
254 311
254 330
254 331
254 401
254 415
254 416
254 432
254 449
255 22
255 38
255 42
255 60
255 98
255 117
255 131
255 134
255 161
255 260
255 381
255 385
255 415
255 442
256 57
256 93
256 124
256 164
256 173
256 200
256 216
256 235
256 250
256 274
256 325
256 327
256 339
256 367
256 403
256 404
256 428
256 432
256 448
256 458
257 42
257 113
257 116
257 160
257 235
257 259
257 274
257 286
257 291
257 335
257 341
257 398
257 408
257 460
257 477
257 479
257 490
257 497
258 9
258 47
258 87
258 113
258 136
258 193
258 211
258 228
258 271
258 272
258 323
258 413
258 450
259 23
259 48
259 61
259 72
259 114
259 115
259 128
259 139
259 149
259 212
259 227
259 255
259 265
259 279
259 285
259 297
259 306
259 315
259 326
259 365
259 381
259 390
259 398
259 449
259 451
259 471
260 9
260 11
260 36
260 50
260 63
260 81
260 93
260 136
260 149
260 158
260 220
260 251
260 320
260 333
260 335
260 344
260 373
260 494
261 16
261 83
261 120
261 131
261 157
261 161
261 202
261 205
261 235
261 242
261 255
261 279
261 341
261 352
261 363
261 409
261 482
261 497
262 5
262 100
262 103
262 125
262 175
262 178
262 190
262 200
262 336
262 374
262 382
262 458
262 467
262 490
263 3
263 25
263 58
263 101
263 109
263 118
263 120
263 149
263 218
263 219
263 291
263 318
263 338
263 344
263 350
263 394
263 413
263 434
263 461
264 23
264 40
264 50
264 90
264 106
264 140
264 143
264 169
264 176
264 187
264 222
264 224
264 228
264 235
264 252
264 425
264 430
264 432
264 452
264 459
264 482
264 490
264 495
265 39
265 42
265 59
265 72
265 98
265 110
265 154
265 184
265 202
265 231
265 242
265 245
265 281
265 288
265 291
265 408
265 413
265 429
265 430
265 445
265 457
265 476
266 50
266 69
266 163
266 246
266 252
266 260
266 261
266 283
266 286
266 300
266 317
266 353
266 364
266 367
266 377
266 391
266 435
266 440
266 441
267 25
267 101
267 124
267 129
267 131
267 183
267 197
267 208
267 248
267 303
267 310
267 431
267 439
267 457
268 18
268 36
268 42
268 48
268 76
268 88
268 102
268 132
268 137
268 145
268 184
268 247
268 258
268 261
268 274
268 275
268 287
268 334
268 336
268 343
268 347
268 451
268 492
269 5
269 12
269 127
269 135
269 198
269 204
269 215
269 237
269 257
269 317
269 347
269 399
269 404
269 419
269 437
269 444
269 491
270 28
270 39
270 42
270 57
270 66
270 85
270 113
270 143
270 156
270 179
270 206
270 234
270 245
270 250
270 255
270 263
270 303
270 315
270 411
270 432
270 491
270 498
271 17
271 31
271 63
271 72
271 94
271 103
271 111
271 120
271 134
271 151
271 157
271 160
271 224
271 252
271 276
271 281
271 289
271 293
271 294
271 300
271 304
271 312
271 315
271 341
271 405
271 438
271 455
271 456
271 469
271 480
272 99
272 106
272 122
272 133
272 134
272 172
272 199
272 214
272 232
272 248
272 257
272 322
272 345
272 379
272 433
272 454
272 468
272 475
272 484
272 497
273 22
273 24
273 35
273 93
273 129
273 146
273 149
273 156
273 294
273 308
273 344
273 353
273 396
273 411
273 441
273 444
273 486
274 63
274 85
274 89
274 108
274 133
274 171
274 248
274 276
274 307
274 320
274 348
274 380
274 410
274 440
274 452
274 469
275 93
275 101
275 109
275 110
275 119
275 180
275 215
275 245
275 295
275 321
275 373
275 385
275 388
275 412
275 420
275 436
275 457
275 486
275 498
276 11
276 42
276 93
276 165
276 184
276 198
276 231
276 248
276 268
276 278
276 281
276 292
276 333
276 366
276 428
276 449
276 486
277 29
277 118
277 161
277 165
277 176
277 199
277 212
277 280
277 299
277 318
277 342
277 355
277 394
277 427
278 25
278 87
278 111
278 126
278 128
278 140
278 145
278 150
278 153
278 187
278 194
278 219
278 235
278 246
278 256
278 285
278 343
278 387
278 417
278 481
279 11
279 18
279 59
279 127
279 142
279 144
279 166
279 180
279 183
279 202
279 208
279 227
279 252
279 290
279 292
279 304
279 344
279 351
279 362
279 399
279 422
279 444
279 456
280 131
280 132
280 145
280 154
280 157
280 195
280 206
280 214
280 222
280 223
280 237
280 292
280 320
280 336
280 343
280 349
280 376
280 423
280 426
280 453
280 486
281 9
281 72
281 84
281 89
281 90
281 118
281 175
281 252
281 269
281 317
281 345
281 453
281 478
281 485
282 8
282 10
282 18
282 45
282 86
282 110
282 129
282 137
282 150
282 169
282 177
282 179
282 194
282 224
282 231
282 238
282 256
282 270
282 332
282 351
282 364
282 423
282 425
282 428
282 436
282 442
283 57
283 60
283 141
283 148
283 222
283 278
283 321
283 341
283 342
283 350
283 354
283 388
283 403
283 435
283 446
284 17
284 19
284 33
284 55
284 80
284 97
284 119
284 120
284 162
284 179
284 180
284 181
284 190
284 193
284 203
284 213
284 302
284 310
284 322
284 332
284 355
284 436
284 480
284 495
285 1
285 5
285 83
285 105
285 111
285 133
285 138
285 161
285 172
285 220
285 263
285 286
285 338
285 351
285 366
285 475
286 9
286 57
286 73
286 97
286 107
286 122
286 124
286 131
286 137
286 159
286 169
286 199
286 215
286 225
286 236
286 279
286 310
286 311
286 348
286 363
286 364
286 367
286 486
287 63
287 106
287 112
287 116
287 155
287 238
287 247
287 325
287 390
287 400
287 473
287 500
288 23
288 35
288 76
288 96
288 108
288 125
288 126
288 136
288 160
288 178
288 217
288 230
288 242
288 255
288 287
288 296
288 430
288 440
288 483
288 488
289 89
289 94
289 143
289 168
289 170
289 173
289 222
289 251
289 299
289 300
289 301
289 425
289 433
289 475
290 39
290 50
290 63
290 108
290 113
290 141
290 143
290 174
290 185
290 191
290 235
290 254
290 275
290 298
290 299
290 304
290 407
290 413
290 454
291 8
291 18
291 32
291 97
291 98
291 187
291 189
291 201
291 206
291 213
291 215
291 219
291 222
291 236
291 240
291 281
291 282
291 290
291 393
291 396
291 405
291 411
291 415
291 419
291 438
291 475
291 480
292 2
292 25
292 28
292 62
292 78
292 85
292 89
292 92
292 133
292 161
292 174
292 232
292 251
292 285
292 304
292 310
292 320
292 331
292 340
292 361
292 389
292 393
292 396
292 404
292 413
292 447
293 23
293 30
293 34
293 69
293 114
293 119
293 120
293 226
293 289
293 320
293 345
293 356
293 392
293 412
293 418
293 420
293 436
293 443
293 460
293 466
293 471
293 478
294 6
294 31
294 75
294 136
294 179
294 211
294 226
294 265
294 268
294 282
294 321
294 342
294 347
294 371
294 379
294 394
294 399
294 407
294 423
294 427
294 435
294 450
294 494
295 7
295 17
295 19
295 45
295 62
295 72
295 73
295 101
295 131
295 133
295 168
295 209
295 211
295 213
295 217
295 221
295 233
295 239
295 247
295 267
295 291
295 294
295 325
295 368
295 383
295 419
295 430
295 464
295 474
296 4
296 22
296 64
296 81
296 105
296 112
296 162
296 171
296 180
296 202
296 244
296 247
296 295
296 298
296 300
296 344
296 393
296 398
296 411
296 419
296 453
297 69
297 72
297 124
297 126
297 134
297 135
297 142
297 178
297 189
297 196
297 210
297 214
297 236
297 280
297 292
297 305
297 345
297 368
297 372
297 394
297 424
297 437
297 441
297 455
297 460
298 57
298 86
298 106
298 118
298 152
298 184
298 185
298 191
298 220
298 222
298 377
298 378
298 389
298 396
298 402
298 423
298 426
298 445
298 461
299 7
299 27
299 58
299 105
299 109
299 129
299 161
299 243
299 262
299 271
299 273
299 284
299 298
299 306
299 325
299 347
299 350
299 373
299 436
299 447
299 449
299 457
299 466
299 483
300 22
300 26
300 35
300 57
300 71
300 118
300 152
300 209
300 214
300 228
300 235
300 262
300 287
300 299
300 314
300 325
300 338
300 346
300 365
300 419
300 451
300 490
301 25
301 34
301 45
301 68
301 80
301 90
301 142
301 167
301 260
301 297
301 319
301 340
301 375
301 413
301 456
301 499
301 500
302 19
302 28
302 73
302 103
302 126
302 131
302 136
302 231
302 274
302 325
302 345
302 349
302 367
302 371
302 376
302 449
302 450
302 481
302 483
302 487
303 5
303 16
303 30
303 35
303 37
303 77
303 99
303 113
303 147
303 160
303 194
303 218
303 233
303 237
303 280
303 288
303 378
303 413
303 478
303 493
304 20
304 21
304 22
304 26
304 51
304 61
304 97
304 155
304 157
304 168
304 178
304 180
304 182
304 212
304 219
304 260
304 281
304 303
304 312
304 318
304 321
304 322
304 324
304 328
304 348
304 355
304 363
304 366
304 378
304 398
304 421
305 2
305 16
305 100
305 197
305 202
305 225
305 292
305 366
305 370
305 394
305 403
305 425
305 435
305 487
306 35
306 72
306 85
306 101
306 157
306 160
306 257
306 274
306 283
306 313
306 349
306 376
306 382
306 383
306 390
306 419
306 494
307 8
307 13
307 68
307 89
307 198
307 225
307 231
307 235
307 236
307 248
307 252
307 262
307 292
307 297
307 337
307 341
307 375
307 411
307 446
307 456
308 7
308 20
308 85
308 136
308 157
308 192
308 197
308 207
308 223
308 258
308 279
308 282
308 318
308 335
308 357
308 369
308 425
308 439
308 445
308 452
308 456
308 457
308 488
309 54
309 69
309 184
309 265
309 268
309 291
309 371
309 388
309 411
309 460
309 465
309 476
310 20
310 22
310 52
310 63
310 98
310 108
310 109
310 119
310 122
310 127
310 186
310 202
310 210
310 212
310 234
310 255
310 258
310 273
310 316
310 350
310 359
310 360
310 377
310 379
310 442
310 443
310 461
310 469
310 475
310 494
310 495
310 497
310 498
311 98
311 111
311 112
311 116
311 138
311 153
311 160
311 163
311 170
311 182
311 203
311 218
311 223
311 226
311 232
311 263
311 303
311 352
311 369
311 403
311 456
311 470
312 10
312 17
312 52
312 56
312 59
312 94
312 105
312 110
312 127
312 183
312 186
312 264
312 280
312 327
312 336
312 363
312 378
312 388
312 409
312 447
312 448
312 453
312 471
312 495
313 3
313 5
313 10
313 24
313 83
313 90
313 92
313 106
313 125
313 128
313 150
313 263
313 315
313 339
313 368
313 369
313 388
313 420
314 28
314 42
314 74
314 94
314 145
314 242
314 272
314 281
314 307
314 332
314 384
314 396
314 411
314 429
314 473
314 491
315 9
315 26
315 106
315 118
315 135
315 172
315 175
315 182
315 190
315 200
315 210
315 274
315 284
315 297
315 309
315 355
315 361
315 367
315 380
315 402
315 405
315 419
315 431
315 488
315 496
316 1
316 4
316 26
316 33
316 51
316 72
316 200
316 236
316 243
316 290
316 311
316 318
316 384
316 410
316 440
316 474
316 496
317 17
317 24
317 47
317 60
317 72
317 80
317 93
317 121
317 146
317 179
317 219
317 229
317 239
317 244
317 340
317 345
317 359
317 365
317 432
317 468
317 469
318 21
318 22
318 62
318 68
318 78
318 127
318 166
318 183
318 191
318 200
318 231
318 285
318 389
318 436
318 460
318 484
319 4
319 29
319 54
319 68
319 105
319 128
319 190
319 216
319 264
319 274
319 280
319 360
319 373
319 379
319 452
319 492
319 493
320 39
320 63
320 96
320 151
320 166
320 170
320 181
320 206
320 221
320 240
320 281
320 286
320 306
320 313
320 354
320 410
320 446
320 493
321 18
321 35
321 42
321 76
321 94
321 101
321 109
321 112
321 124
321 125
321 128
321 133
321 172
321 175
321 193
321 206
321 207
321 210
321 212
321 236
321 258
321 331
321 332
321 374
321 380
321 408
321 413
321 427
321 430
321 432
321 455
321 456
321 459
321 467
322 29
322 96
322 134
322 145
322 154
322 189
322 199
322 205
322 212
322 282
322 311
322 345
322 358
322 383
322 384
322 400
322 430
322 450
322 469
322 496
323 25
323 60
323 78
323 81
323 131
323 236
323 244
323 254
323 270
323 292
323 309
323 351
323 360
323 379
323 442
323 468
323 473
324 8
324 39
324 60
324 85
324 89
324 97
324 103
324 114
324 117
324 188
324 194
324 197
324 203
324 217
324 342
324 344
324 362
324 363
324 382
324 397
324 410
324 491
325 42
325 59
325 67
325 68
325 74
325 87
325 96
325 154
325 200
325 214
325 218
325 233
325 285
325 342
325 354
325 365
325 455
325 476
326 35
326 41
326 49
326 58
326 120
326 157
326 165
326 166
326 257
326 284
326 302
326 327
326 329
326 350
326 351
326 356
326 424
326 454
326 476
326 490
326 499
327 14
327 75
327 87
327 106
327 175
327 194
327 196
327 273
327 274
327 295
327 339
327 341
327 399
327 416
327 429
327 464
327 491
328 3
328 33
328 65
328 90
328 106
328 134
328 148
328 162
328 172
328 203
328 210
328 259
328 274
328 275
328 327
328 331
328 346
328 402
328 444
328 462
328 482
329 23
329 45
329 49
329 106
329 113
329 123
329 147
329 151
329 158
329 191
329 233
329 290
329 303
329 376
329 404
329 454
330 17
330 20
330 43
330 76
330 113
330 115
330 116
330 126
330 131
330 152
330 165
330 167
330 187
330 197
330 240
330 256
330 259
330 265
330 274
330 301
330 341
330 403
330 405
330 425
330 428
330 433
330 452
330 493
330 497
331 34
331 48
331 64
331 79
331 101
331 136
331 226
331 228
331 312
331 349
331 364
332 9
332 54
332 151
332 174
332 202
332 208
332 228
332 239
332 243
332 290
332 424
332 436
332 450
332 496
333 18
333 37
333 91
333 94
333 113
333 118
333 128
333 138
333 142
333 152
333 166
333 175
333 192
333 193
333 197
333 224
333 250
333 262
333 269
333 271
333 287
333 295
333 342
333 352
333 359
333 382
333 390
333 425
333 435
333 461
333 496
334 59
334 84
334 94
334 149
334 167
334 179
334 231
334 238
334 242
334 251
334 394
334 411
334 412
334 427
334 438
334 442
334 484
335 13
335 29
335 44
335 55
335 61
335 94
335 133
335 138
335 154
335 193
335 203
335 236
335 238
335 273
335 277
335 284
335 351
335 374
335 385
335 414
335 432
335 444
335 453
335 454
335 463
335 467
336 26
336 27
336 69
336 78
336 90
336 93
336 96
336 109
336 169
336 225
336 261
336 266
336 272
336 283
336 299
336 302
336 339
336 365
336 367
336 382
336 395
336 413
336 415
336 439
336 458
336 477
337 51
337 58
337 79
337 91
337 108
337 118
337 161
337 162
337 164
337 203
337 213
337 233
337 295
337 328
337 338
337 349
337 360
337 373
337 374
337 381
337 385
337 417
337 467
338 10
338 91
338 104
338 107
338 113
338 115
338 202
338 212
338 250
338 280
338 283
338 292
338 308
338 316
338 393
338 445
338 452
338 477
338 489
339 66
339 79
339 113
339 154
339 161
339 200
339 229
339 287
339 378
339 383
339 396
339 405
339 434
339 449
339 475
340 9
340 21
340 34
340 75
340 77
340 79
340 118
340 120
340 156
340 163
340 187
340 215
340 221
340 223
340 233
340 278
340 288
340 298
340 310
340 325
340 330
340 332
340 361
340 395
340 467
340 471
340 477
340 489
341 2
341 36
341 103
341 116
341 150
341 169
341 172
341 191
341 197
341 232
341 294
341 308
341 331
341 334
341 359
341 368
341 427
341 434
341 440
341 463
341 465
341 499
342 27
342 34
342 39
342 42
342 53
342 66
342 69
342 98
342 169
342 250
342 255
342 282
342 306
342 384
342 401
342 442
342 463
342 491
342 497
343 120
343 134
343 158
343 172
343 257
343 270
343 303
343 317
343 370
343 377
343 380
343 459
343 461
344 9
344 23
344 86
344 107
344 140
344 161
344 183
344 184
344 198
344 226
344 230
344 288
344 328
344 404
344 412
344 455
344 488
345 5
345 11
345 23
345 30
345 38
345 51
345 69
345 85
345 91
345 95
345 133
345 141
345 144
345 180
345 188
345 197
345 223
345 224
345 238
345 253
345 261
345 266
345 290
345 291
345 324
345 358
345 377
345 386
345 388
345 393
345 427
345 467
345 481
346 6
346 34
346 43
346 47
346 52
346 58
346 127
346 149
346 159
346 192
346 216
346 262
346 279
346 282
346 357
346 419
346 448
346 453
346 480
347 7
347 14
347 40
347 51
347 96
347 112
347 147
347 150
347 167
347 180
347 208
347 213
347 301
347 331
347 358
347 363
347 387
347 421
347 452
347 463
348 27
348 54
348 105
348 113
348 128
348 129
348 135
348 180
348 188
348 192
348 196
348 214
348 215
348 366
348 379
348 389
348 391
348 458
348 471
349 22
349 31
349 79
349 91
349 100
349 102
349 113
349 147
349 156
349 161
349 173
349 218
349 286
349 310
349 367
349 384
349 404
350 45
350 52
350 63
350 91
350 113
350 114
350 116
350 213
350 252
350 277
350 345
350 404
350 412
350 430
350 431
350 432
350 434
350 446
350 456
350 477
350 480
350 497
351 22
351 40
351 68
351 74
351 85
351 86
351 87
351 92
351 101
351 108
351 118
351 163
351 171
351 177
351 191
351 192
351 216
351 220
351 230
351 233
351 252
351 260
351 270
351 286
351 311
351 362
351 387
351 399
351 404
351 474
351 485
351 494
351 495
352 16
352 34
352 43
352 50
352 72
352 119
352 142
352 188
352 226
352 234
352 310
352 325
352 351
352 390
352 437
352 458
353 19
353 34
353 53
353 55
353 97
353 113
353 122
353 137
353 192
353 228
353 230
353 247
353 282
353 306
353 325
353 340
353 393
353 397
353 442
353 445
354 18
354 36
354 86
354 91
354 108
354 119
354 123
354 132
354 136
354 157
354 161
354 162
354 171
354 208
354 226
354 291
354 292
354 294
354 403
354 444
354 449
354 470
354 476
355 89
355 104
355 107
355 113
355 157
355 254
355 256
355 275
355 278
355 296
355 314
355 318
355 335
355 353
355 427
355 448
355 457
356 10
356 13
356 36
356 93
356 122
356 156
356 177
356 180
356 203
356 208
356 223
356 232
356 260
356 261
356 272
356 281
356 308
356 338
356 350
356 354
356 393
356 394
356 399
356 440
357 53
357 77
357 80
357 87
357 95
357 141
357 166
357 173
357 183
357 199
357 208
357 238
357 259
357 294
357 327
357 366
357 375
357 393
357 428
357 443
357 445
357 475
357 480
357 497
358 32
358 50
358 85
358 91
358 99
358 105
358 134
358 212
358 235
358 253
358 255
358 258
358 301
358 316
358 338
358 412
359 30
359 106
359 161
359 215
359 218
359 263
359 273
359 279
359 327
359 371
359 380
359 391
359 406
359 465
360 77
360 79
360 129
360 138
360 149
360 168
360 171
360 198
360 214
360 220
360 230
360 255
360 273
360 274
360 282
360 291
360 294
360 320
360 353
360 367
360 424
360 470
360 495
361 3
361 40
361 64
361 65
361 69
361 85
361 133
361 134
361 160
361 205
361 206
361 241
361 254
361 273
361 277
361 295
361 345
361 367
361 383
361 410
361 419
361 452
361 458
362 17
362 24
362 33
362 81
362 82
362 100
362 106
362 122
362 133
362 136
362 178
362 197
362 222
362 264
362 272
362 328
362 335
362 360
362 365
362 410
362 415
363 26
363 38
363 55
363 56
363 135
363 166
363 181
363 191
363 223
363 297
363 314
363 327
363 328
363 361
363 366
363 379
363 392
363 399
363 410
363 450
363 459
363 460
363 487
364 36
364 146
364 189
364 205
364 210
364 253
364 255
364 258
364 277
364 288
364 293
364 296
364 324
364 352
364 393
364 408
364 410
364 428
364 434
364 446
364 466
365 8
365 18
365 22
365 25
365 27
365 45
365 55
365 87
365 146
365 192
365 206
365 216
365 244
365 249
365 261
365 291
365 296
365 298
365 314
365 316
365 318
365 382
365 395
365 410
365 412
365 430
365 437
365 496
365 499
366 8
366 10
366 25
366 36
366 39
366 72
366 76
366 85
366 93
366 121
366 143
366 164
366 178
366 193
366 221
366 245
366 257
366 269
366 286
366 295
366 319
366 331
366 365
366 367
366 406
366 480
366 490
366 500
367 13
367 25
367 40
367 45
367 60
367 76
367 83
367 88
367 147
367 183
367 197
367 216
367 249
367 279
367 291
367 296
367 304
367 330
367 333
367 358
367 395
367 398
367 403
367 423
367 432
367 435
367 436
367 457
367 464
367 465
367 486
368 5
368 20
368 41
368 63
368 126
368 135
368 137
368 202
368 255
368 256
368 283
368 323
368 362
368 384
368 396
368 476
368 495
369 4
369 12
369 51
369 114
369 148
369 149
369 178
369 198
369 214
369 220
369 242
369 278
369 284
369 288
369 307
369 315
369 331
369 347
369 357
369 367
369 385
369 387
369 390
369 396
369 424
369 449
369 461
369 492
370 6
370 11
370 23
370 69
370 113
370 130
370 146
370 184
370 278
370 325
370 327
370 334
370 338
370 362
370 387
370 393
370 424
371 18
371 65
371 66
371 83
371 123
371 127
371 157
371 170
371 220
371 249
371 253
371 261
371 263
371 285
371 292
371 366
371 416
371 495
372 4
372 111
372 141
372 188
372 196
372 245
372 248
372 251
372 252
372 279
372 281
372 330
372 337
372 403
372 429
372 447
372 489
373 106
373 107
373 108
373 132
373 154
373 182
373 219
373 246
373 263
373 318
373 336
373 359
373 382
373 453
374 15
374 37
374 78
374 104
374 123
374 143
374 158
374 198
374 220
374 230
374 348
374 354
374 364
374 380
374 405
374 406
374 423
374 425
374 427
374 469
374 488
375 4
375 40
375 69
375 123
375 146
375 152
375 175
375 241
375 340
375 385
375 436
376 14
376 30
376 60
376 76
376 104
376 106
376 123
376 177
376 185
376 195
376 229
376 251
376 256
376 286
376 295
376 301
376 305
376 310
376 342
376 390
376 409
376 417
376 428
376 439
376 459
376 478
376 488
376 492
376 499
377 3
377 10
377 13
377 18
377 34
377 64
377 67
377 82
377 97
377 104
377 129
377 178
377 185
377 190
377 204
377 226
377 251
377 269
377 293
377 316
377 373
377 387
377 450
377 481
377 483
378 143
378 164
378 223
378 243
378 260
378 279
378 284
378 329
378 365
378 399
378 417
378 426
378 444
378 450
379 33
379 51
379 71
379 118
379 126
379 140
379 141
379 231
379 233
379 252
379 255
379 280
379 287
379 301
379 344
379 364
379 367
379 373
379 380
379 389
379 408
379 435
379 478
380 4
380 20
380 24
380 29
380 34
380 35
380 59
380 247
380 256
380 269
380 286
380 364
380 367
380 375
380 466
380 468
380 489
381 13
381 42
381 72
381 150
381 174
381 254
381 277
381 338
381 344
381 357
381 373
381 391
381 403
381 406
381 431
381 451
381 500
382 9
382 18
382 23
382 31
382 36
382 60
382 93
382 99
382 102
382 103
382 174
382 210
382 218
382 260
382 292
382 326
382 343
382 344
382 379
382 408
382 409
382 434
382 443
382 455
383 23
383 40
383 57
383 256
383 278
383 377
383 380
383 389
383 399
383 417
383 493
384 12
384 34
384 74
384 93
384 95
384 117
384 151
384 162
384 205
384 225
384 233
384 258
384 306
384 310
384 408
384 420
385 35
385 144
385 171
385 218
385 224
385 256
385 259
385 309
385 345
385 347
385 387
385 422
385 449
385 486
386 20
386 39
386 75
386 91
386 92
386 101
386 133
386 153
386 160
386 169
386 195
386 305
386 306
386 349
386 367
386 408
386 413
386 423
386 424
386 428
386 454
386 466
386 473
386 479
386 481
386 483
387 5
387 16
387 48
387 52
387 77
387 102
387 103
387 137
387 147
387 149
387 227
387 254
387 271
387 280
387 298
387 327
387 334
387 362
387 407
387 415
387 428
387 437
387 460
387 497
388 7
388 23
388 33
388 42
388 55
388 105
388 107
388 112
388 123
388 129
388 151
388 177
388 186
388 222
388 266
388 280
388 317
388 357
388 367
388 452
388 473
389 26
389 31
389 37
389 49
389 66
389 112
389 165
389 173
389 200
389 238
389 265
389 366
389 384
389 392
389 471
389 479
390 87
390 104
390 151
390 169
390 186
390 194
390 197
390 208
390 245
390 264
390 323
390 348
390 359
390 360
390 379
390 412
390 413
390 440
391 14
391 27
391 38
391 69
391 98
391 100
391 157
391 159
391 178
391 290
391 293
391 305
391 314
391 331
391 498
392 15
392 30
392 62
392 66
392 101
392 112
392 145
392 236
392 246
392 268
392 279
392 296
392 308
392 315
392 337
392 344
392 377
392 383
392 394
392 407
392 436
392 467
392 479
392 490
393 30
393 71
393 131
393 140
393 174
393 188
393 233
393 245
393 247
393 425
393 459
393 497
394 1
394 9
394 18
394 19
394 30
394 31
394 38
394 78
394 109
394 118
394 151
394 153
394 155
394 215
394 233
394 284
394 335
394 347
394 380
394 403
394 436
394 462
394 484
395 17
395 21
395 25
395 38
395 87
395 101
395 123
395 144
395 152
395 168
395 182
395 193
395 207
395 239
395 254
395 272
395 279
395 289
395 322
395 324
395 372
395 437
395 442
396 17
396 41
396 53
396 76
396 80
396 95
396 140
396 147
396 177
396 180
396 197
396 261
396 262
396 377
396 379
396 381
396 405
396 466
396 496
397 2
397 26
397 87
397 129
397 138
397 144
397 147
397 152
397 175
397 179
397 239
397 244
397 343
397 423
397 448
397 478
397 483
398 20
398 33
398 56
398 81
398 113
398 193
398 265
398 320
398 380
398 384
398 386
398 476
398 493
398 494
399 20
399 53
399 94
399 132
399 142
399 154
399 162
399 171
399 220
399 222
399 236
399 288
399 307
399 321
399 397
399 409
399 421
399 445
399 472
399 474
399 492
400 5
400 22
400 27
400 38
400 67
400 72
400 93
400 145
400 150
400 159
400 161
400 174
400 194
400 270
400 312
400 372
400 376
400 452
400 456
400 476
400 480
400 490
401 79
401 102
401 119
401 153
401 179
401 218
401 283
401 284
401 369
401 372
401 373
401 386
401 419
401 472
401 473
401 475
401 483
401 490
401 498
402 7
402 92
402 119
402 121
402 127
402 130
402 142
402 162
402 174
402 182
402 192
402 196
402 207
402 209
402 229
402 236
402 266
402 268
402 278
402 302
402 311
402 314
402 324
402 326
402 347
402 362
402 372
402 385
402 392
402 399
402 411
402 433
402 484
403 95
403 97
403 107
403 109
403 113
403 122
403 147
403 184
403 190
403 248
403 257
403 264
403 282
403 320
403 322
403 346
403 352
403 414
403 415
403 431
403 443
403 456
403 463
403 491
404 5
404 16
404 29
404 35
404 41
404 43
404 63
404 112
404 197
404 261
404 277
404 287
404 288
404 303
404 338
404 352
404 375
404 390
404 398
404 408
404 442
405 12
405 19
405 56
405 59
405 111
405 163
405 172
405 185
405 249
405 254
405 265
405 336
405 345
405 397
405 410
405 446
405 456
405 464
406 17
406 45
406 67
406 78
406 82
406 155
406 160
406 179
406 185
406 188
406 240
406 244
406 257
406 265
406 274
406 276
406 294
406 315
406 327
406 339
406 389
406 484
406 491
407 28
407 44
407 65
407 71
407 73
407 127
407 246
407 261
407 262
407 266
407 298
407 330
407 363
407 414
407 439
407 482
408 26
408 34
408 39
408 135
408 180
408 198
408 215
408 227
408 251
408 278
408 310
408 337
408 359
408 398
408 436
408 445
408 472
409 11
409 42
409 46
409 71
409 84
409 186
409 188
409 199
409 262
409 303
409 325
409 337
409 369
409 429
409 476
409 491
410 43
410 75
410 82
410 89
410 112
410 167
410 195
410 207
410 223
410 224
410 225
410 269
410 271
410 353
410 356
410 397
410 424
410 447
410 458
410 479
410 490
410 494
411 33
411 64
411 65
411 81
411 125
411 131
411 138
411 148
411 174
411 180
411 206
411 209
411 210
411 229
411 279
411 322
411 325
411 332
411 359
411 428
411 454
411 466
411 488
412 68
412 71
412 117
412 139
412 142
412 170
412 186
412 189
412 214
412 218
412 232
412 240
412 259
412 295
412 312
412 329
412 343
412 354
412 371
412 384
412 396
413 4
413 17
413 71
413 77
413 130
413 153
413 198
413 201
413 204
413 249
413 267
413 281
413 319
413 343
413 367
413 437
413 451
413 475
413 480
413 495
414 1
414 22
414 30
414 39
414 53
414 70
414 149
414 186
414 193
414 200
414 227
414 348
414 362
414 394
414 399
414 416
414 430
414 472
414 488
415 20
415 48
415 60
415 61
415 71
415 77
415 97
415 99
415 107
415 157
415 163
415 171
415 229
415 231
415 257
415 283
415 284
415 292
415 299
415 307
415 312
415 318
415 323
415 333
415 417
415 432
415 445
415 452
415 456
415 462
415 484
416 44
416 130
416 133
416 165
416 186
416 221
416 401
416 403
416 407
416 435
416 449
416 475
417 57
417 66
417 99
417 134
417 143
417 145
417 153
417 226
417 281
417 282
417 313
417 316
417 350
417 421
417 424
418 20
418 100
418 189
418 194
418 213
418 261
418 310
418 316
418 361
418 363
418 369
418 411
418 445
418 449
418 451
418 468
418 469
419 24
419 43
419 100
419 122
419 130
419 158
419 237
419 251
419 262
419 268
419 277
419 287
419 325
419 332
419 385
419 387
419 408
419 416
419 420
419 474
420 16
420 38
420 72
420 88
420 109
420 138
420 161
420 176
420 210
420 237
420 254
420 263
420 264
420 271
420 286
420 288
420 295
420 328
420 334
420 393
420 394
420 398
420 448
420 457
420 471
421 47
421 77
421 122
421 149
421 175
421 219
421 229
421 245
421 266
421 322
421 335
421 344
421 372
421 376
421 382
421 409
421 457
421 458
421 462
421 482
421 492
421 497
422 2
422 20
422 32
422 37
422 73
422 76
422 108
422 154
422 192
422 207
422 227
422 348
422 390
422 391
422 392
422 412
422 416
422 420
422 430
422 481
422 489
423 3
423 19
423 54
423 59
423 89
423 107
423 127
423 205
423 223
423 245
423 259
423 277
423 281
423 302
423 314
423 316
423 317
423 360
423 389
423 406
423 417
423 439
423 488
423 489
423 492
424 73
424 98
424 110
424 137
424 147
424 167
424 172
424 213
424 267
424 277
424 301
424 319
424 341
424 404
424 413
424 444
424 484
424 487
424 489
424 490
425 15
425 26
425 41
425 56
425 157
425 158
425 162
425 165
425 222
425 223
425 229
425 279
425 318
425 327
425 383
425 417
425 429
425 452
426 16
426 77
426 101
426 152
426 202
426 235
426 253
426 261
426 296
426 300
426 329
426 356
426 370
426 373
426 375
426 400
426 431
426 442
426 447
426 455
426 459
426 471
427 23
427 25
427 28
427 46
427 53
427 60
427 68
427 70
427 87
427 165
427 228
427 304
427 372
427 379
427 399
427 419
427 452
427 465
427 475
427 491
428 22
428 24
428 60
428 103
428 111
428 123
428 157
428 162
428 169
428 174
428 180
428 204
428 237
428 238
428 304
428 368
428 425
428 462
428 486
429 12
429 60
429 98
429 110
429 193
429 198
429 213
429 293
429 302
429 332
429 348
429 399
429 403
429 415
429 418
429 444
429 449
429 475
429 481
430 43
430 76
430 111
430 118
430 123
430 138
430 161
430 198
430 240
430 249
430 256
430 272
430 275
430 290
430 300
430 354
430 378
430 409
430 420
430 423
430 432
430 437
430 445
430 447
430 500
431 17
431 30
431 57
431 62
431 82
431 137
431 212
431 255
431 268
431 282
431 297
431 328
431 369
431 393
431 422
431 424
431 433
431 440
431 455
431 494
432 8
432 25
432 32
432 36
432 79
432 85
432 108
432 109
432 115
432 138
432 139
432 145
432 149
432 173
432 188
432 199
432 216
432 260
432 280
432 296
432 308
432 315
432 333
432 353
432 414
432 428
432 441
432 464
432 473
432 491
433 10
433 11
433 21
433 83
433 85
433 98
433 112
433 119
433 152
433 155
433 159
433 173
433 177
433 179
433 191
433 200
433 216
433 279
433 369
433 386
433 391
433 401
433 405
433 444
434 15
434 49
434 51
434 93
434 142
434 179
434 191
434 199
434 201
434 255
434 313
434 335
434 370
434 384
434 451
434 459
435 51
435 67
435 72
435 77
435 81
435 118
435 139
435 188
435 252
435 260
435 270
435 290
435 304
435 345
435 365
435 405
435 415
435 459
435 488
436 20
436 21
436 45
436 62
436 68
436 79
436 93
436 100
436 156
436 165
436 178
436 197
436 215
436 238
436 256
436 271
436 273
436 296
436 309
436 337
436 363
436 365
436 384
436 405
436 456
436 467
436 488
437 1
437 115
437 138
437 148
437 205
437 220
437 221
437 228
437 306
437 312
437 326
437 340
437 345
437 391
437 428
437 448
437 464
437 484
437 486
437 492
438 25
438 36
438 123
438 130
438 136
438 188
438 194
438 212
438 222
438 235
438 260
438 301
438 304
438 318
438 329
438 337
438 372
438 451
438 483
438 493
439 40
439 64
439 65
439 77
439 126
439 129
439 137
439 150
439 175
439 176
439 204
439 292
439 303
439 304
439 328
439 334
439 345
439 360
439 403
439 411
439 415
439 447
439 475
440 11
440 24
440 54
440 105
440 130
440 134
440 162
440 164
440 170
440 180
440 203
440 261
440 264
440 318
440 343
440 406
440 408
440 423
440 435
440 497
441 35
441 70
441 80
441 86
441 99
441 121
441 193
441 213
441 216
441 237
441 260
441 295
441 299
441 338
441 341
441 368
441 387
441 407
441 429
441 473
441 496
442 23
442 35
442 40
442 43
442 49
442 65
442 72
442 99
442 109
442 110
442 118
442 130
442 164
442 214
442 219
442 220
442 237
442 241
442 263
442 298
442 316
442 326
442 348
442 361
442 363
442 364
442 421
442 451
442 477
443 15
443 70
443 87
443 150
443 156
443 166
443 194
443 195
443 204
443 215
443 272
443 275
443 286
443 337
443 358
443 365
443 368
443 375
443 392
443 394
443 405
443 420
443 423
443 470
443 475
443 498
444 2
444 61
444 66
444 117
444 124
444 134
444 177
444 195
444 217
444 220
444 256
444 270
444 286
444 290
444 293
444 369
444 408
444 430
444 493
445 14
445 78
445 87
445 92
445 101
445 105
445 113
445 124
445 173
445 246
445 251
445 263
445 266
445 277
445 293
445 323
445 327
445 331
445 363
445 379
445 380
445 401
445 437
445 442
445 457
445 465
445 488
446 81
446 142
446 147
446 197
446 219
446 242
446 244
446 264
446 281
446 284
446 291
446 323
446 357
446 367
446 380
446 402
446 412
446 419
446 427
446 473
446 476
446 486
447 2
447 30
447 36
447 57
447 66
447 72
447 88
447 96
447 111
447 174
447 179
447 213
447 220
447 229
447 250
447 260
447 300
447 347
447 380
447 396
447 434
447 448
447 469
447 496
448 31
448 47
448 58
448 104
448 129
448 143
448 239
448 253
448 271
448 284
448 353
448 361
448 363
448 376
448 412
448 417
448 452
448 471
449 35
449 153
449 257
449 267
449 297
449 312
449 333
449 347
449 353
449 359
449 410
449 453
449 494
449 497
450 53
450 96
450 124
450 127
450 171
450 186
450 195
450 228
450 241
450 272
450 290
450 314
450 349
450 355
450 380
450 414
450 418
450 427
450 440
450 484
450 485
451 6
451 41
451 51
451 70
451 97
451 155
451 185
451 188
451 218
451 238
451 256
451 266
451 274
451 281
451 355
451 401
451 402
451 411
451 419
451 428
451 431
451 445
451 447
452 11
452 22
452 33
452 122
452 133
452 141
452 157
452 170
452 183
452 226
452 267
452 279
452 312
452 317
452 348
452 359
452 366
452 390
452 405
452 444
452 446
453 33
453 53
453 79
453 100
453 130
453 142
453 147
453 165
453 212
453 227
453 231
453 232
453 240
453 245
453 297
453 394
453 454
453 489
453 492
454 16
454 38
454 44
454 97
454 102
454 113
454 124
454 128
454 169
454 219
454 240
454 245
454 251
454 274
454 316
454 322
454 414
454 443
454 451
454 463
454 495
455 95
455 134
455 145
455 233
455 291
455 356
455 364
455 366
455 370
455 386
455 391
455 432
455 437
455 464
456 36
456 64
456 106
456 113
456 181
456 182
456 190
456 194
456 204
456 265
456 268
456 287
456 326
456 346
456 382
456 434
456 467
456 494
457 11
457 35
457 83
457 120
457 157
457 179
457 194
457 218
457 253
457 313
457 327
457 362
457 389
457 391
457 444
457 452
457 453
457 470
457 484
457 498
458 12
458 24
458 28
458 56
458 107
458 112
458 138
458 204
458 214
458 245
458 250
458 287
458 290
458 300
458 342
458 377
458 391
458 392
458 429
458 452
458 453
458 459
459 23
459 52
459 57
459 61
459 78
459 128
459 155
459 174
459 177
459 193
459 211
459 300
459 323
459 345
459 357
459 373
459 379
459 411
459 412
459 415
459 460
459 476
460 32
460 143
460 162
460 168
460 185
460 194
460 215
460 370
460 372
460 377
460 397
460 401
460 467
460 494
461 23
461 25
461 35
461 43
461 44
461 48
461 115
461 133
461 209
461 223
461 262
461 267
461 286
461 304
461 305
461 321
461 332
461 340
461 379
461 418
461 428
461 441
461 471
461 495
462 1
462 19
462 49
462 51
462 79
462 83
462 96
462 103
462 114
462 143
462 163
462 186
462 202
462 216
462 266
462 279
462 286
462 312
462 320
462 335
462 361
462 376
462 379
462 442
462 453
462 500
463 16
463 18
463 31
463 113
463 149
463 208
463 225
463 247
463 271
463 278
463 289
463 308
463 332
463 354
463 360
463 366
463 379
463 398
463 401
463 405
463 418
463 445
463 459
463 466
463 467
463 469
463 488
463 493
463 494
464 7
464 48
464 79
464 110
464 172
464 189
464 193
464 219
464 286
464 288
464 326
464 378
464 396
464 411
464 419
464 420
464 421
464 429
464 459
464 468
465 50
465 105
465 147
465 188
465 218
465 231
465 316
465 350
465 390
465 399
465 456
465 467
465 476
465 499
466 10
466 36
466 49
466 68
466 93
466 104
466 112
466 126
466 140
466 146
466 149
466 180
466 183
466 211
466 218
466 222
466 226
466 237
466 263
466 264
466 307
466 339
466 344
466 347
466 363
466 365
466 388
466 470
466 489
467 7
467 21
467 42
467 63
467 72
467 87
467 117
467 294
467 349
467 362
467 391
467 393
467 438
467 445
468 6
468 9
468 31
468 44
468 46
468 55
468 99
468 106
468 124
468 138
468 153
468 201
468 215
468 230
468 231
468 236
468 288
468 296
468 313
468 329
468 332
468 334
468 357
468 361
468 370
468 394
468 436
468 487
469 62
469 187
469 223
469 234
469 235
469 295
469 350
469 362
469 394
469 429
469 458
469 471
469 476
470 10
470 29
470 34
470 42
470 48
470 58
470 110
470 153
470 157
470 222
470 253
470 294
470 389
470 416
470 462
470 481
470 496
471 64
471 93
471 113
471 140
471 151
471 212
471 221
471 289
471 298
471 309
471 326
471 384
471 390
471 417
471 422
471 451
471 500
472 8
472 23
472 86
472 123
472 188
472 189
472 220
472 234
472 256
472 267
472 293
472 320
472 324
472 352
472 365
472 382
473 5
473 28
473 62
473 109
473 123
473 155
473 161
473 170
473 178
473 189
473 192
473 209
473 218
473 228
473 278
473 280
473 291
473 329
473 348
473 362
473 389
473 394
473 448
473 488
473 497
473 499
474 41
474 49
474 182
474 297
474 373
474 378
474 382
474 411
474 433
474 446
474 469
474 500
475 17
475 18
475 27
475 35
475 41
475 50
475 73
475 98
475 115
475 116
475 127
475 128
475 139
475 163
475 168
475 287
475 306
475 372
475 408
475 421
475 433
475 438
475 449
475 450
475 457
476 102
476 122
476 151
476 155
476 156
476 185
476 203
476 225
476 267
476 273
476 334
476 388
476 389
476 415
476 417
476 424
476 428
476 448
476 466
476 489
477 3
477 11
477 47
477 79
477 126
477 133
477 136
477 152
477 158
477 166
477 268
477 284
477 285
477 293
477 346
477 352
477 436
477 446
477 448
477 455
477 476
478 10
478 43
478 111
478 122
478 133
478 147
478 157
478 169
478 196
478 200
478 202
478 242
478 279
478 282
478 330
478 354
478 386
478 398
478 465
478 486
478 498
479 61
479 106
479 134
479 166
479 214
479 224
479 293
479 327
479 340
479 431
479 443
479 454
479 467
480 31
480 38
480 42
480 46
480 57
480 124
480 129
480 163
480 203
480 216
480 224
480 266
480 330
480 450
480 483
480 486
481 35
481 40
481 132
481 237
481 238
481 241
481 286
481 292
481 299
481 314
481 327
481 340
481 341
481 358
481 362
481 367
481 387
481 392
481 409
481 411
481 414
481 426
481 462
481 471
481 485
482 28
482 44
482 78
482 121
482 202
482 224
482 248
482 257
482 304
482 306
482 393
482 402
482 424
482 426
482 447
482 450
483 41
483 47
483 101
483 151
483 153
483 171
483 175
483 206
483 209
483 228
483 281
483 339
483 353
483 431
483 458
483 470
484 56
484 87
484 107
484 220
484 297
484 329
484 344
484 352
484 353
484 371
484 416
484 419
484 428
484 434
484 464
484 483
484 487
484 495
485 4
485 9
485 14
485 61
485 68
485 115
485 130
485 142
485 146
485 199
485 258
485 259
485 272
485 289
485 311
485 313
485 363
485 398
486 7
486 51
486 58
486 64
486 91
486 110
486 121
486 122
486 138
486 158
486 209
486 219
486 298
486 311
486 349
486 361
486 368
486 373
486 401
486 413
486 419
486 425
486 435
486 453
486 499
487 51
487 54
487 78
487 79
487 110
487 116
487 157
487 187
487 237
487 255
487 256
487 259
487 285
487 350
487 410
487 415
487 418
487 452
487 466
487 488
488 10
488 57
488 58
488 64
488 72
488 77
488 82
488 99
488 132
488 165
488 167
488 201
488 212
488 236
488 256
488 285
488 309
488 321
488 324
488 361
488 366
488 367
488 381
488 399
488 403
488 406
488 442
488 444
488 479
488 485
488 489
489 71
489 92
489 96
489 154
489 163
489 181
489 236
489 241
489 287
489 296
489 299
489 304
489 336
489 344
489 379
489 396
489 417
489 427
489 429
490 74
490 132
490 138
490 151
490 153
490 159
490 165
490 201
490 208
490 249
490 284
490 306
490 307
490 324
490 352
490 359
490 362
490 365
490 393
490 409
490 431
490 441
490 447
490 449
490 453
490 460
491 30
491 40
491 41
491 44
491 61
491 66
491 114
491 159
491 184
491 206
491 224
491 297
491 351
491 372
491 378
491 410
491 439
491 452
492 3
492 8
492 18
492 21
492 91
492 112
492 120
492 158
492 183
492 249
492 262
492 267
492 286
492 316
492 341
492 352
492 379
493 3
493 32
493 33
493 34
493 61
493 74
493 85
493 88
493 101
493 104
493 133
493 140
493 144
493 192
493 193
493 208
493 247
493 289
493 316
493 323
493 334
493 344
493 358
493 368
493 421
493 440
493 468
493 488
494 39
494 61
494 69
494 78
494 88
494 142
494 163
494 211
494 299
494 311
494 322
494 368
494 377
494 401
494 436
494 479
494 484
494 499
495 10
495 47
495 99
495 106
495 134
495 145
495 146
495 157
495 179
495 226
495 229
495 242
495 256
495 315
495 316
495 338
495 388
495 390
495 391
495 406
495 466
495 479
495 487
495 493
496 25
496 63
496 77
496 102
496 151
496 204
496 224
496 225
496 251
496 265
496 338
496 359
496 403
496 475
496 480
496 481
496 492
497 44
497 62
497 67
497 72
497 73
497 74
497 97
497 130
497 164
497 216
497 220
497 253
497 292
497 298
497 334
497 375
497 379
497 408
497 434
497 438
497 444
497 447
497 458
498 29
498 46
498 130
498 144
498 206
498 232
498 252
498 272
498 284
498 308
498 333
498 350
498 355
498 356
498 406
498 430
498 460
499 51
499 117
499 139
499 144
499 193
499 222
499 223
499 265
499 268
499 316
499 323
499 345
499 387
499 418
499 481
499 497
500 5
500 83
500 96
500 105
500 174
500 219
500 264
500 284
500 313
500 418
500 428
500 447
500 469

