500 500
58 86 24 66 102 66 74 48 76 28 31 41 61 99 58 62 88 75 64 66 57 33 113 111 59 23 96 99 49 56 68 90 110 67 41 106 76 115 113 92 88 100 22 103 63 74 95 118 40 65 63 74 29 41 52 85 107 58 108 92 68 67 45 60 29 46 59 117 117 119 117 52 103 52 94 79 76 72 63 49 82 69 79 51 76 93 70 46 46 86 106 74 107 73 117 70 20 87 77 113 34 49 72 84 91 75 105 65 120 36 65 34 51 64 71 120 20 50 89 42 81 44 55 51 38 82 41 101 89 70 114 90 80 105 88 109 36 74 85 51 25 26 99 21 31 93 69 87 94 25 107 95 75 57 28 61 120 106 75 85 41 75 90 28 110 56 110 35 52 44 74 95 41 80 55 49 94 66 63 31 116 118 78 87 20 117 74 60 76 82 82 49 29 43 39 103 81 109 90 107 41 43 73 88 69 40 28 77 105 21 61 118 78 59 104 98 55 54 81 70 27 56 43 90 59 103 96 34 111 61 91 97 120 109 68 101 53 62 81 92 22 29 37 64 58 55 97 68 88 79 116 55 104 49 59 53 21 33 21 110 36 118 27 42 48 86 88 39 117 82 114 109 94 111 34 93 84 109 53 55 79 117 49 108 70 31 76 94 52 52 48 80 40 76 95 100 75 76 98 49 55 44 70 21 102 95 96 38 111 114 83 31 60 102 32 37 51 99 40 26 105 90 60 78 32 119 30 60 38 58 78 52 37 50 37 83 116 96 52 33 24 91 37 37 71 56 98 102 34 113 56 45 77 58 113 71 38 21 43 93 48 115 51 89 97 68 96 30 66 83 47 69 90 39 25 57 40 110 119 113 67 74 106 71 48 89 107 112 68 52 61 22 27 47 25 46 116 97 55 43 85 57 83 98 108 35 88 70 23 113 63 38 52 86 27 119 97 25 93 42 104 23 84 112 107 50 59 97 113 104 57 98 120 104 81 85 66 20 90 59 101 108 30 50 79 61 30 68 70 65 74 107 73 38 51 23 43 67 33 75 73 29 78 111 67 41 49 79 35 84 65 30 86 57 115 60 81 107 82 75 75 105 66 117 66 77 46 88 104 81 85 29 38 101 23 31 38 102 118 114 
3 325
4 136
4 479
5 87
5 344
5 378
6 293
7 126
7 236
10 419
11 188
14 209
14 435
19 334
20 95
24 23
25 165
25 314
25 359
27 76
27 304
31 182
32 164
33 13
34 90
37 120
37 333
38 247
38 273
38 483
42 28
43 425
45 125
45 227
46 85
47 3
47 66
47 199
48 82
48 405
51 44
52 117
52 238
52 442
54 58
54 198
55 93
55 113
56 111
58 51
58 227
59 3
59 8
60 155
62 238
64 90
66 366
72 487
73 77
73 270
74 386
75 108
76 37
77 85
79 350
80 169
81 320
82 13
82 494
83 75
83 337
84 52
84 392
85 94
86 269
86 279
87 134
87 273
87 370
87 396
88 293
88 407
89 232
92 175
92 443
93 245
93 347
93 434
94 455
95 33
95 84
95 268
96 301
97 429
98 113
98 394
101 173
101 460
103 300
103 317
103 325
104 37
105 118
106 34
106 149
107 133
108 436
111 14
114 117
115 489
117 298
117 492
118 81
118 149
121 129
121 144
121 169
121 282
121 341
121 356
122 318
123 53
124 234
126 81
126 177
127 130
127 337
127 475
128 54
128 401
129 143
130 267
131 15
131 76
131 167
134 39
134 152
135 73
135 168
135 317
135 356
136 472
138 321
139 108
140 98
140 302
141 138
141 215
142 262
143 384
143 470
145 182
145 294
146 183
147 282
150 124
150 196
151 48
151 64
152 1
152 157
152 479
153 375
154 295
154 296
157 136
157 156
158 50
158 169
159 471
162 498
165 66
165 195
165 473
166 68
166 465
169 214
171 34
172 115
172 498
173 6
173 226
175 119
175 212
176 285
177 12
177 350
177 470
180 124
182 126
184 166
184 220
184 362
186 121
186 406
187 77
188 157
191 136
191 453
192 446
193 156
193 174
195 17
195 225
196 51
197 58
197 102
199 14
199 292
200 119
200 368
202 352
203 161
203 477
204 468
205 17
205 413
206 50
206 420
207 287
208 82
209 22
209 474
210 257
211 113
212 133
213 458
213 472
214 437
214 475
217 125
221 112
222 273
222 401
222 439
225 347
228 420
229 275
230 178
231 135
231 250
232 313
233 184
233 221
236 396
243 114
243 290
244 58
247 50
247 91
247 274
247 341
250 115
251 103
252 375
255 78
257 389
258 205
260 114
260 483
261 225
263 386
264 336
267 170
269 328
270 275
272 366
272 450
274 126
275 16
277 93
279 189
281 213
283 192
284 171
284 466
285 205
285 374
286 349
286 486
288 45
288 493
289 186
289 193
290 64
290 420
291 11
291 420
292 53
293 246
293 323
296 337
297 105
297 122
297 447
298 220
299 397
299 489
300 269
301 43
303 320
304 476
307 364
307 378
308 403
309 452
310 26
311 14
312 1
312 200
312 481
313 453
313 467
314 153
314 331
314 372
315 457
317 494
318 255
321 155
321 235
322 273
323 54
324 131
324 136
325 335
325 374
325 492
327 415
330 257
330 355
332 282
333 283
335 119
336 14
336 158
336 309
337 170
338 266
338 294
342 71
342 350
345 62
347 73
348 132
348 432
350 467
351 118
352 175
352 224
353 233
353 242
355 318
355 380
355 472
357 84
358 277
358 334
359 314
359 319
360 286
363 116
364 119
365 239
365 339
365 354
365 493
366 48
366 234
366 239
366 282
368 270
368 422
368 467
370 187
372 119
372 392
373 356
374 331
375 262
375 329
376 41
376 236
377 24
377 423
378 7
379 103
380 12
380 482
381 343
382 285
384 168
386 48
387 402
388 189
390 497
391 71
391 130
391 310
395 153
395 382
396 360
397 357
398 244
399 243
402 90
402 132
405 443
406 158
408 242
410 205
410 233
411 377
411 480
412 267
414 40
414 191
414 334
415 72
415 165
415 480
416 255
417 453
418 174
419 251
420 65
421 473
421 498
422 116
428 18
428 25
428 73
430 303
431 137
431 214
431 385
434 302
435 421
435 449
436 122
436 130
436 306
437 196
439 33
440 284
441 70
441 79
441 85
443 289
443 344
444 128
444 473
447 318
449 270
453 10
453 189
454 269
454 445
455 186
456 178
457 144
460 88
460 146
461 408
461 409
466 315
466 398
468 458
468 477
469 125
471 274
472 89
472 171
473 373
474 267
474 345
475 19
476 283
476 346
478 281
479 88
479 356
480 129
480 317
480 326
482 371
484 98
484 177
486 410
488 400
489 164
489 176
489 290
490 97
491 426
492 467
494 423
498 26
498 292
499 326

