25 200
87 119 44 25 75 38 82 112 84 40 60 76 116 66 50 42 116 30 104 58 115 25 93 20 102 
1 3
1 7
1 9
1 11
1 14
1 17
1 18
1 20
1 22
1 23
1 25
2 1
2 6
2 7
2 8
2 13
2 14
2 18
2 20
2 23
3 2
3 7
3 16
3 17
4 1
4 6
4 8
4 9
4 11
4 12
4 13
4 19
4 21
4 23
4 25
5 2
5 3
5 6
5 13
5 15
5 17
5 20
5 21
5 22
5 24
5 25
6 1
6 20
6 25
7 4
7 10
7 22
8 1
8 3
8 6
8 7
8 9
8 12
8 18
8 20
8 22
8 23
8 25
9 3
9 12
9 13
9 14
9 15
9 16
9 19
9 23
9 24
10 1
10 2
10 3
10 4
10 6
10 11
10 12
10 14
10 16
10 20
11 2
11 3
11 8
11 13
11 17
11 18
11 21
12 1
12 3
12 7
12 14
12 15
12 17
12 18
12 19
12 24
13 1
13 6
13 7
13 8
13 14
13 15
13 17
13 22
13 23
13 25
14 6
14 7
14 11
14 19
14 23
14 24
14 25
15 1
15 2
15 4
15 10
15 16
15 17
15 21
15 22
16 1
16 2
16 4
16 7
16 12
16 18
16 20
16 24
17 7
17 8
17 16
17 20
17 22
17 25
18 3
18 5
18 10
18 13
18 17
18 21
18 22
19 2
19 3
19 6
19 7
19 13
19 15
19 16
19 20
19 21
19 22
19 23
20 4
20 9
20 12
20 22
21 1
21 6
21 9
21 13
21 20
21 23
21 25
22 2
22 3
22 4
22 9
22 10
22 11
22 14
23 3
23 5
23 6
23 7
23 10
23 11
23 12
23 17
23 20
24 1
24 4
24 6
24 10
24 11
24 15
24 17
24 21
24 25
25 2
25 3
25 9
25 10
25 12
25 16
25 19
25 20
25 22

