25 150
62 53 62 43 39 69 104 47 56 82 48 23 95 84 107 33 56 72 68 59 72 95 116 25 106 
1 5
1 7
1 14
1 15
1 16
1 21
1 23
2 3
2 9
2 15
2 18
2 21
3 1
3 9
3 11
3 12
3 13
3 15
3 19
3 21
3 22
4 7
4 9
4 20
4 21
5 3
5 4
5 16
5 21
5 25
6 2
6 11
6 16
6 17
6 18
6 19
7 3
7 5
7 6
7 9
7 17
7 18
7 19
8 3
8 4
8 9
8 10
8 12
9 1
9 5
9 6
9 10
9 14
9 22
10 1
10 2
10 4
10 7
10 18
10 25
11 1
11 5
11 8
11 9
11 12
11 18
11 21
12 1
12 2
12 10
12 14
12 15
12 17
12 20
12 22
12 23
12 25
13 4
13 9
13 12
13 17
13 18
13 22
14 5
14 6
14 7
14 11
14 17
14 20
14 21
14 22
15 5
15 7
15 11
15 16
15 22
16 2
16 3
16 4
16 7
16 12
16 19
16 22
17 2
17 3
17 10
17 19
17 20
18 4
18 9
18 17
18 24
18 25
19 4
19 5
19 15
19 20
19 21
20 5
20 11
20 15
20 18
20 25
21 6
21 12
21 15
21 16
21 18
21 20
21 25
22 2
22 10
22 11
22 19
22 21
22 25
23 6
23 10
23 15
23 22
24 6
24 8
24 10
24 12
25 3
25 4
25 6
25 9
25 14
25 16

