25 100
47 24 112 24 53 74 71 76 78 106 83 26 56 109 95 75 63 43 114 95 29 67 100 111 118 
1 7
1 9
1 17
1 25
2 1
2 8
2 10
2 11
2 22
3 7
3 14
3 16
3 20
3 21
3 24
3 25
4 3
4 5
4 13
4 14
4 15
4 19
4 22
4 24
5 7
5 9
5 12
5 24
5 25
6 2
6 4
6 10
6 15
6 16
6 20
6 21
6 24
7 2
7 4
7 16
7 22
8 7
9 6
9 18
9 20
9 23
10 4
10 16
10 18
10 20
11 3
11 4
11 8
11 12
11 19
11 23
12 7
12 13
12 18
12 21
13 5
13 18
13 25
14 5
14 8
15 1
15 8
15 10
15 20
15 25
16 22
16 25
17 3
18 2
18 7
18 11
18 15
19 1
19 2
19 6
19 7
19 17
19 23
20 2
20 21
20 25
21 1
21 9
21 16
21 22
22 18
23 7
23 8
23 14
23 21
23 24
24 1
24 18
24 21
25 22

