25 200
70 48 31 76 58 57 112 111 103 65 81 36 71 56 38 67 27 106 41 77 102 77 39 53 40 
1 6
1 9
1 10
1 12
1 13
1 17
1 24
2 1
2 4
2 7
2 9
2 13
2 15
2 16
3 4
3 7
3 8
3 9
3 10
3 18
3 19
4 11
4 14
4 15
4 16
4 17
4 19
4 20
4 25
5 1
5 2
5 4
5 7
5 9
5 12
5 20
5 24
5 25
6 2
6 15
6 19
6 21
7 10
7 12
7 14
7 15
7 17
7 19
7 23
7 24
8 1
8 5
8 10
8 11
8 16
8 17
8 19
8 24
8 25
9 10
9 19
9 20
9 21
9 24
9 25
10 4
10 6
10 17
10 18
10 22
10 25
11 1
11 3
11 7
11 10
11 12
11 18
11 20
11 21
12 4
12 8
12 9
12 14
12 16
12 21
12 25
13 4
13 6
13 12
13 19
13 21
13 22
13 23
13 25
14 1
14 2
14 3
14 5
14 6
14 8
14 9
14 10
14 13
14 20
14 21
14 25
15 1
15 3
15 8
15 10
15 16
15 17
15 20
15 23
15 24
16 3
16 9
16 10
16 11
16 18
16 25
17 3
17 5
17 11
17 12
17 14
17 16
17 19
17 20
18 1
18 2
18 4
18 8
18 15
18 20
18 23
19 1
19 5
19 10
19 12
19 14
19 15
19 16
19 18
19 21
19 22
19 25
20 2
20 3
20 6
20 7
20 8
20 12
20 16
20 24
21 1
21 4
21 8
21 17
21 20
21 22
21 23
22 5
22 6
22 7
22 8
22 11
22 15
22 16
22 20
22 23
22 24
23 1
23 4
23 8
23 9
23 10
23 12
23 16
23 17
23 20
23 25
24 2
24 3
24 4
24 10
24 11
24 12
24 13
24 16
24 18
24 19
24 21
25 2
25 6
25 7
25 11
25 17
25 18
25 24

