25 150
104 120 40 31 63 57 33 96 103 33 57 54 103 30 73 41 92 49 109 81 34 56 44 61 30 
1 4
1 8
1 14
1 21
1 24
1 25
2 3
2 4
2 8
2 24
3 1
3 4
3 5
3 7
3 9
3 15
3 17
3 20
3 24
4 16
4 18
4 21
4 22
5 6
5 7
5 11
5 14
5 22
6 19
6 20
6 21
6 23
6 24
7 2
7 4
7 17
7 21
8 4
8 6
8 11
8 15
8 17
8 18
8 21
8 24
8 25
9 2
9 4
9 11
9 13
9 16
9 21
9 24
10 1
10 9
10 16
10 18
10 19
11 1
11 12
11 15
11 18
11 19
12 7
12 9
12 13
12 16
12 19
12 23
13 4
13 5
13 6
13 10
13 11
13 14
13 18
13 22
14 6
14 7
14 8
14 9
14 10
14 17
15 1
15 4
15 10
15 13
15 17
15 19
15 23
15 24
16 1
16 14
16 24
17 1
17 2
18 3
18 6
18 9
18 16
18 17
18 20
18 22
18 23
19 2
19 3
19 5
19 8
19 17
19 18
19 23
20 2
20 7
20 10
20 11
20 19
20 25
21 2
21 10
21 11
21 17
21 18
21 19
22 6
22 14
22 16
22 19
22 24
23 1
23 2
23 4
23 7
23 9
23 13
23 14
23 16
23 22
24 4
24 5
24 10
24 13
24 14
24 17
25 5
25 13
25 15
25 16
25 17
25 21
25 24

