25 150
26 83 58 54 102 62 84 69 105 72 48 23 22 59 62 24 75 51 44 109 97 51 86 103 48 
1 2
1 3
1 8
1 13
1 15
1 16
1 20
1 25
2 4
2 11
2 13
2 14
2 21
2 23
3 6
3 10
3 17
3 20
4 3
4 7
4 9
4 13
4 16
4 17
4 20
4 23
5 1
5 2
5 9
5 10
5 12
5 14
5 18
5 23
6 1
6 4
6 5
6 15
6 18
6 20
7 1
7 2
7 3
7 17
7 18
7 20
8 6
8 15
8 16
8 25
9 3
9 12
9 13
9 18
10 4
10 8
10 9
10 11
10 18
10 21
10 24
10 25
11 3
11 5
11 6
11 9
11 18
11 22
11 25
12 1
12 3
12 7
12 8
12 13
12 19
12 25
13 20
13 22
14 1
14 8
14 9
14 11
14 18
14 19
14 21
14 24
14 25
15 11
15 19
15 23
16 11
16 12
16 13
16 15
16 17
16 18
16 19
17 1
17 5
17 8
17 9
17 10
17 15
17 18
17 21
18 3
18 21
18 25
19 1
19 3
19 5
19 6
19 7
19 11
20 2
20 9
20 11
20 14
20 15
20 17
20 25
21 1
21 3
21 11
21 13
21 15
21 25
22 1
22 4
22 6
22 8
22 16
22 18
22 25
23 3
23 8
23 13
23 19
23 24
24 2
24 4
24 5
24 6
24 12
25 2
25 4
25 13
25 15
25 17
25 23

