20 100
113 80 28 82 51 40 52 41 105 22 32 111 24 78 31 26 40 73 41 23 
1 2
1 3
1 10
1 11
1 12
1 19
2 9
2 13
2 15
3 13
3 17
3 18
4 2
4 8
4 9
4 10
4 11
5 1
5 3
5 6
5 7
5 13
5 18
6 1
6 3
6 10
6 14
6 15
6 18
7 2
7 3
7 4
7 6
7 13
8 3
8 6
8 7
8 13
9 3
9 8
9 13
10 2
10 5
10 7
10 12
10 13
11 3
11 8
11 9
11 18
11 19
11 20
12 3
12 7
12 8
12 13
12 14
12 15
12 16
13 6
13 11
13 18
14 2
14 5
14 8
14 17
14 18
14 20
15 7
15 8
15 18
16 1
16 2
16 4
16 13
17 1
17 8
17 9
17 10
17 11
17 16
17 20
18 1
18 2
18 8
18 10
19 4
19 9
19 10
19 15
19 16
19 18
20 2
20 3
20 4
20 5
20 7
20 8
20 13
20 16

