20 120
112 55 55 63 85 88 95 107 38 48 39 28 29 83 39 45 72 120 91 44 
1 2
1 7
1 9
1 10
1 13
1 14
1 18
1 19
2 7
2 8
2 16
2 19
2 20
3 2
3 5
3 8
3 9
3 10
3 12
3 15
3 16
3 18
4 2
4 7
4 8
4 10
4 11
4 12
4 16
4 17
4 18
5 2
5 4
5 7
5 8
5 13
5 14
5 18
5 19
6 1
6 5
6 16
6 20
7 3
7 6
7 10
7 14
7 15
7 20
8 1
8 13
8 20
9 2
9 4
9 5
9 7
9 10
9 11
9 18
9 19
9 20
10 12
10 13
10 14
10 16
10 18
11 1
11 2
11 5
11 6
11 7
11 8
12 2
12 5
12 6
12 7
12 8
12 13
12 16
13 2
13 4
13 14
13 16
14 6
14 8
14 15
14 19
15 4
15 6
15 8
15 10
15 11
15 13
15 17
15 18
16 1
16 5
16 7
16 14
16 15
16 17
16 18
17 1
17 2
17 6
17 7
17 8
17 9
17 14
19 3
19 7
19 11
19 15
19 17
19 18
20 1
20 3
20 13
20 15
20 16

