25 100
92 73 104 28 77 69 95 88 95 120 84 83 35 107 32 38 37 76 119 43 24 106 26 90 101 
1 10
1 12
1 17
2 1
2 12
2 16
2 19
2 21
3 2
3 13
3 25
4 2
4 5
4 6
4 9
4 14
4 24
5 2
5 3
5 7
5 10
5 19
6 1
6 7
6 10
6 13
7 12
7 13
7 20
8 2
8 6
8 10
8 16
8 20
8 22
9 15
9 18
9 24
9 25
11 8
11 21
11 25
12 5
12 8
12 22
12 24
13 1
13 4
13 9
13 14
13 15
13 21
13 24
14 6
14 8
14 11
14 22
15 3
15 7
15 12
15 14
15 19
15 21
16 1
16 3
16 9
16 11
16 17
16 24
18 3
18 11
18 20
18 24
19 11
19 14
19 20
19 23
20 11
20 24
21 8
21 18
21 20
22 6
22 11
22 15
22 21
23 5
23 8
23 12
23 17
23 21
23 22
24 5
24 8
24 14
24 15
25 13
25 16
25 18
25 21

