20 120
38 108 26 106 73 105 91 37 59 27 83 94 42 20 74 89 21 90 62 93 
1 6
1 11
1 12
1 16
1 17
1 19
2 9
2 10
2 11
2 15
2 17
3 1
3 5
3 7
3 9
3 11
3 18
4 2
4 3
4 8
4 15
5 1
5 2
5 4
5 8
5 9
5 10
5 13
6 3
6 8
6 11
6 16
6 20
7 1
7 5
7 15
7 18
7 19
8 1
8 7
8 17
9 1
9 4
9 7
9 11
9 14
9 20
10 3
10 7
10 9
10 20
11 4
11 5
11 7
11 8
11 10
11 13
11 14
12 2
12 3
12 4
12 5
12 9
12 11
12 14
12 18
12 19
13 1
13 2
13 8
13 10
13 12
13 14
13 16
13 19
14 5
14 6
14 7
14 8
14 10
14 19
15 3
15 8
15 10
15 12
15 14
15 17
16 8
16 10
16 14
16 17
17 4
17 5
17 7
17 9
17 14
17 18
18 8
18 11
18 13
18 14
18 15
18 16
19 2
19 9
19 10
19 11
19 16
19 18
19 20
20 1
20 3
20 4
20 5
20 11
20 12
20 13
20 15
20 17
20 18

