25 80
48 106 59 50 47 63 91 85 102 91 85 65 49 109 70 38 33 113 30 39 44 40 20 93 34 
1 7
1 10
1 21
1 23
1 24
2 8
2 17
3 4
3 7
3 9
3 14
4 10
4 19
5 8
5 16
5 22
6 12
7 9
7 12
7 16
7 17
7 21
8 10
9 8
9 14
9 21
10 12
10 14
10 22
11 2
11 4
11 8
12 1
12 18
12 19
12 25
13 15
13 25
14 6
14 13
14 17
14 25
15 16
15 22
16 1
16 2
16 3
17 3
17 23
18 4
18 7
18 8
18 10
18 13
18 15
19 3
19 5
19 7
19 15
19 24
20 1
20 8
20 13
21 12
21 20
22 4
22 13
22 17
23 14
23 20
24 4
24 8
24 11
24 12
24 13
24 17
25 1
25 5
25 9
25 10

