25 80
84 22 89 47 70 112 103 81 89 45 113 69 52 80 86 28 48 117 83 103 54 119 29 29 37 
1 3
1 4
1 5
1 10
1 21
1 25
3 13
3 14
3 18
3 23
3 24
4 6
4 7
4 14
4 20
4 24
5 6
5 19
5 22
6 8
6 11
6 13
7 5
7 10
7 12
7 16
7 20
8 2
8 9
8 11
8 15
8 17
8 19
8 22
9 5
10 2
10 21
11 1
11 15
11 16
11 23
12 6
12 9
12 11
13 1
13 10
14 25
15 5
15 17
16 3
16 5
16 13
16 17
16 23
17 4
17 6
17 10
17 18
17 23
18 2
18 23
19 2
19 6
19 9
19 15
19 24
20 3
20 14
20 15
21 3
21 11
21 12
22 23
22 24
23 2
23 10
23 19
24 10
24 16
25 23

