25 100
40 102 115 31 59 33 120 69 102 104 46 78 81 82 88 52 29 22 111 38 111 117 116 115 71 
1 2
1 3
1 16
1 17
1 23
2 3
2 4
2 7
2 14
3 7
3 20
3 22
3 24
4 3
4 9
4 12
4 15
4 16
6 22
7 16
7 19
8 5
8 6
8 10
8 11
8 14
8 25
9 13
9 19
9 22
9 23
10 1
10 2
10 6
10 7
10 17
10 20
11 7
11 24
12 7
12 11
12 18
12 19
12 20
13 25
14 10
14 16
14 21
15 5
15 8
15 13
15 16
15 19
15 21
16 9
16 12
16 18
16 21
17 2
17 11
17 13
17 15
17 20
17 24
18 2
18 5
18 8
18 13
18 19
19 3
19 10
19 14
20 4
20 7
20 8
20 14
20 16
20 18
20 22
21 6
21 8
21 9
21 10
21 12
21 17
21 20
21 22
21 23
21 24
23 6
23 12
23 20
23 25
24 2
24 4
24 9
24 18
24 19
25 7
25 9

