20 100
21 85 31 112 35 59 75 106 37 83 24 20 87 68 73 89 64 32 117 98 
1 4
1 5
1 6
1 7
1 9
1 10
1 13
2 6
2 9
2 11
2 18
2 19
3 5
3 7
3 9
3 11
3 13
3 14
3 19
4 2
4 3
4 8
4 12
4 13
4 15
4 16
4 19
5 4
5 7
5 9
5 11
5 16
5 17
6 8
6 9
6 16
6 18
7 4
7 9
7 10
7 12
7 14
7 15
7 17
7 20
8 3
8 9
8 14
8 18
8 19
9 11
9 14
9 16
9 17
9 20
10 2
10 4
10 5
10 14
10 17
10 18
12 5
12 8
12 10
13 2
13 9
13 11
13 17
13 19
14 1
14 2
14 5
15 1
15 3
15 6
15 10
15 11
15 19
16 3
16 8
16 12
16 14
16 17
16 19
17 19
18 3
18 5
18 11
18 16
18 17
19 6
19 10
19 11
19 14
20 3
20 4
20 6
20 15
20 16
20 18

