15 100
38 73 105 118 75 28 71 79 79 62 93 68 64 70 77 
1 2
1 6
1 7
1 11
1 12
1 13
1 14
2 3
2 4
2 5
2 6
2 9
2 10
2 12
2 13
3 1
3 6
3 7
3 10
3 11
3 13
3 14
4 1
4 3
4 8
4 12
4 13
4 15
5 1
5 3
5 6
5 8
5 9
5 12
5 13
5 15
6 4
6 7
6 9
6 10
6 12
6 13
6 14
6 15
7 2
7 4
7 5
7 10
7 11
7 12
7 13
7 14
7 15
8 1
8 3
8 6
8 7
8 9
8 10
8 11
9 1
9 3
9 4
9 7
9 10
10 1
10 5
10 13
11 2
11 4
11 5
11 6
11 9
11 10
11 15
12 3
12 8
12 9
12 10
12 11
13 8
13 9
13 11
13 12
13 14
14 2
14 4
14 5
14 8
14 9
14 10
14 11
14 12
15 2
15 3
15 9
15 10
15 12
15 13
15 14

