25 80
82 33 78 113 59 29 26 59 77 82 55 92 80 28 23 30 115 21 32 40 51 108 39 42 46 
1 24
2 17
3 7
3 10
3 17
3 18
4 18
4 19
4 24
4 25
5 3
5 4
5 17
5 21
6 3
6 5
6 13
6 23
6 24
7 10
7 14
7 15
7 19
8 7
8 10
8 18
8 23
8 24
9 3
9 8
9 11
9 12
10 11
10 15
10 17
10 23
11 8
11 12
11 14
12 4
12 19
13 14
13 18
14 12
14 21
14 24
15 1
15 2
15 11
16 2
16 20
17 12
17 19
17 25
18 19
18 23
19 3
19 6
19 14
19 15
19 20
19 22
19 24
20 7
20 13
20 18
20 22
21 12
22 6
22 12
22 16
22 21
22 24
23 11
23 15
23 22
24 13
25 1
25 5
25 6

