25 100
115 47 72 57 62 75 110 95 109 74 40 81 100 73 35 44 29 91 58 39 86 109 114 114 48 
1 11
1 13
1 14
1 23
2 1
2 20
3 1
3 8
3 15
3 21
4 5
4 8
4 14
4 20
5 2
5 3
5 8
5 11
5 15
5 23
5 25
6 5
7 4
7 6
7 17
7 21
7 24
8 1
8 7
8 21
9 14
9 19
10 1
10 2
10 3
10 5
10 11
11 7
11 8
11 9
11 21
11 23
11 24
12 2
12 10
12 11
12 13
12 17
12 19
12 21
12 22
12 23
13 5
13 9
13 22
13 23
13 24
14 17
14 19
14 21
14 24
15 1
15 10
16 17
16 22
17 3
17 4
17 5
17 21
18 10
18 15
18 17
18 23
18 24
19 1
19 5
19 8
19 15
20 3
20 10
20 12
20 18
20 22
21 4
21 16
22 1
22 3
22 7
22 19
22 21
23 2
23 6
23 9
23 15
23 21
25 12
25 17
25 18
25 19
25 20

