25 150
69 52 37 29 74 88 63 45 32 24 65 77 84 57 25 115 65 40 50 46 96 95 65 39 91 
1 10
1 15
2 5
2 8
2 9
2 11
2 14
2 19
2 25
3 19
3 23
4 1
4 6
4 11
4 13
4 15
4 17
4 19
4 20
4 22
4 23
5 4
5 7
5 10
5 13
5 15
5 16
5 17
5 19
6 13
6 21
7 3
7 8
7 12
7 15
8 1
8 4
8 6
8 11
8 14
8 15
8 16
8 18
8 23
8 24
9 1
9 5
9 6
9 7
9 10
9 14
9 19
9 20
9 21
9 25
10 12
10 14
10 16
10 17
11 1
11 13
11 19
11 25
12 4
12 5
12 6
12 11
12 13
12 17
12 18
12 21
12 22
13 3
13 9
13 10
13 16
13 24
14 5
14 11
14 12
14 13
14 16
14 17
14 18
14 19
14 22
14 25
15 6
15 10
15 14
15 17
15 20
15 21
16 3
16 4
16 6
16 12
16 22
16 24
17 2
17 7
17 9
17 11
17 13
17 16
17 21
17 24
17 25
18 5
18 9
18 15
18 17
18 20
19 6
19 13
19 20
20 1
20 6
20 10
20 11
20 13
20 16
20 24
20 25
21 10
21 13
21 14
22 3
22 9
22 10
22 13
22 15
22 17
22 21
22 23
22 25
23 1
23 10
23 11
23 18
23 24
24 6
24 10
24 11
24 22
25 3
25 4
25 7
25 12
25 24

