25 150
44 92 24 30 110 72 35 76 117 31 48 113 88 53 107 95 96 28 65 91 27 115 100 76 37 
1 3
1 4
1 5
1 12
1 15
1 19
1 21
1 24
2 9
2 10
2 17
2 19
2 22
2 24
2 25
3 2
3 9
3 10
3 11
3 13
3 19
3 21
3 25
4 2
4 3
4 12
4 25
5 17
5 18
5 22
6 1
6 2
6 9
6 13
7 2
7 3
7 4
7 10
7 18
7 20
7 22
7 24
8 19
8 23
9 7
9 19
9 25
10 5
10 9
10 15
10 18
10 24
11 8
11 9
11 10
11 12
11 17
11 18
11 25
12 2
12 5
12 7
12 8
12 9
13 2
13 4
13 7
13 9
13 12
13 19
13 24
14 1
14 2
14 3
14 5
14 6
14 9
14 10
14 15
14 24
14 25
15 2
15 4
15 5
15 7
15 8
15 11
15 12
15 21
15 22
16 1
16 7
16 9
16 14
16 19
16 21
16 22
17 8
17 10
17 13
17 14
17 16
17 20
17 21
18 9
18 12
18 14
18 16
18 20
18 21
19 4
19 6
19 17
19 24
20 1
20 4
20 5
20 10
20 11
20 15
21 8
21 13
21 22
22 1
22 6
22 19
23 1
23 2
23 6
23 7
23 9
23 12
23 13
23 24
24 4
24 6
24 9
24 15
24 22
24 25
25 1
25 5
25 6
25 7
25 8
25 15
25 16
25 20
25 21
25 23

