25 150
94 41 68 32 91 56 42 65 73 119 33 68 95 77 47 111 88 42 46 106 82 80 31 84 97 
1 6
1 7
1 14
1 20
1 21
1 25
2 4
3 2
3 8
3 12
3 14
3 17
3 19
3 23
3 25
4 3
4 19
4 22
4 23
4 25
5 1
5 2
5 9
5 11
5 12
5 14
5 16
5 17
5 19
6 2
6 5
6 11
6 12
6 14
6 18
6 24
7 8
7 12
7 14
7 20
8 1
8 6
8 9
8 10
9 4
9 12
9 16
9 17
9 22
10 1
10 4
10 5
10 6
10 11
10 21
10 24
11 1
11 8
11 9
11 15
11 16
11 19
11 23
12 10
12 16
12 24
13 3
13 4
13 10
13 18
13 21
13 25
14 9
14 10
14 11
14 16
14 21
14 22
15 4
15 5
15 12
15 14
15 22
16 2
16 4
16 6
16 15
16 18
16 23
17 4
17 12
17 13
17 16
17 18
17 19
17 23
17 24
18 1
18 4
18 5
18 24
19 1
19 7
19 8
19 9
19 12
19 15
19 18
19 22
19 23
20 5
20 8
20 16
20 21
20 23
21 3
21 4
21 5
21 6
21 7
21 18
21 23
21 24
21 25
22 1
22 2
22 5
22 8
22 12
22 16
23 1
23 2
23 7
23 8
23 25
24 1
24 3
24 4
24 7
24 9
24 11
24 16
24 22
25 2
25 5
25 7
25 11
25 14
25 16
25 18

