25 100
81 76 52 49 108 58 93 97 64 33 101 81 91 45 56 24 86 64 69 46 89 116 70 77 81 
1 15
1 24
2 1
2 3
2 25
3 1
3 6
3 8
3 20
3 24
4 3
4 6
4 9
4 10
5 2
5 3
5 10
5 12
5 14
5 18
5 23
6 1
6 8
7 5
7 11
7 12
7 23
8 1
8 7
8 13
9 16
10 1
10 11
10 15
10 17
10 18
10 19
11 9
11 20
11 24
12 3
12 9
12 14
13 10
13 21
13 24
13 25
14 4
14 6
14 8
14 9
14 19
14 24
14 25
15 11
15 13
15 16
15 20
16 2
16 6
16 18
16 19
17 1
17 8
17 21
18 6
18 11
18 21
19 1
19 2
19 4
19 12
19 13
19 17
19 20
19 21
19 22
20 1
20 2
20 8
20 14
21 1
21 6
21 10
21 14
21 16
21 20
22 7
22 14
22 18
23 1
23 10
23 15
23 20
24 10
24 16
24 17
24 22
25 22
25 23

