25 200
80 24 74 71 110 31 36 63 35 62 113 22 119 118 77 39 32 73 58 54 22 105 112 62 76 
1 2
1 3
1 11
1 12
1 13
1 17
1 18
1 21
1 22
1 25
2 3
2 7
2 8
2 9
2 11
2 21
2 24
2 25
3 4
3 6
3 8
3 10
3 12
3 14
3 19
3 21
3 22
3 24
4 1
4 2
4 5
4 8
4 11
4 16
4 19
4 21
4 23
4 24
5 2
5 3
5 10
5 11
5 12
5 17
5 18
5 21
5 25
6 1
6 2
6 5
6 7
6 15
6 20
6 22
6 23
7 3
7 5
7 9
7 10
7 12
7 13
7 16
7 17
7 20
7 25
8 1
8 7
8 11
8 12
8 19
8 21
8 22
8 24
9 1
9 6
9 11
9 16
9 17
9 18
9 20
9 23
10 1
10 6
10 8
10 11
10 12
10 21
10 22
10 25
11 7
11 14
11 20
11 21
11 22
11 23
11 24
11 25
12 4
12 6
12 9
12 11
12 14
12 16
12 18
12 19
12 20
12 25
13 5
13 6
13 8
13 9
13 10
13 11
13 14
13 15
13 18
13 21
13 24
14 2
14 5
14 6
14 10
14 16
14 22
14 23
15 1
15 4
15 5
15 7
15 8
15 11
15 12
15 22
15 25
16 1
16 2
16 6
16 10
16 11
16 13
16 15
16 24
17 2
17 8
17 10
17 12
17 14
18 2
18 6
18 7
18 10
18 11
18 16
18 20
18 21
19 2
19 5
19 6
19 7
19 11
19 18
19 22
19 23
20 2
20 10
20 14
20 16
20 17
20 23
21 6
21 7
21 9
21 14
21 17
21 23
22 2
23 2
23 7
23 10
23 12
23 13
23 18
24 5
24 9
24 12
24 14
24 15
24 19
24 21
24 23
25 4
25 6
25 13
25 14
25 16
25 17
25 18
25 21
25 22
25 24

