25 200
55 79 107 91 84 99 112 113 50 35 23 54 53 71 117 56 51 27 99 87 35 23 53 97 102 
1 2
1 4
1 10
1 11
1 12
1 14
1 18
1 22
1 23
1 25
2 3
2 4
2 7
2 10
2 12
2 16
2 17
2 24
3 4
3 15
3 17
3 19
3 20
3 24
3 25
4 5
4 6
4 11
4 14
5 3
5 6
5 11
5 12
5 13
5 15
5 16
6 1
6 2
6 13
6 15
6 20
6 23
6 24
6 25
7 1
7 3
7 4
7 5
7 11
7 16
7 23
7 25
8 1
8 2
8 5
8 7
8 9
8 10
8 11
8 12
8 14
8 15
8 18
9 1
9 3
9 4
9 5
9 6
9 7
9 14
9 15
9 19
9 22
10 4
10 7
10 11
10 12
10 16
10 21
10 22
11 3
11 6
11 12
11 13
11 14
11 17
11 18
11 24
12 4
12 9
12 14
12 15
12 16
12 18
12 19
12 21
12 24
13 8
13 9
13 12
13 14
13 17
13 19
13 24
14 6
14 7
14 10
14 17
14 18
14 21
14 23
15 2
15 4
15 11
15 16
15 21
15 23
16 4
16 6
16 14
16 17
16 18
16 23
16 25
17 1
17 5
17 7
17 10
17 20
17 21
17 23
18 3
18 6
18 7
18 9
18 15
18 22
19 1
19 4
19 6
19 7
19 8
19 14
19 16
19 18
19 20
19 22
19 25
20 1
20 4
20 5
20 8
20 9
20 14
20 15
20 18
20 21
20 22
20 23
21 1
21 2
21 5
21 6
21 7
21 8
21 9
21 16
21 18
21 22
21 25
22 4
22 5
22 6
22 7
22 11
22 12
22 13
22 14
22 25
23 2
23 8
23 9
23 12
23 18
23 19
23 24
24 9
24 10
24 14
24 15
24 16
24 17
24 18
24 20
25 2
25 8
25 10
25 11
25 12
25 13

