20 120
32 55 26 50 65 60 75 65 87 68 81 87 56 48 34 51 74 40 35 52 
1 3
1 4
1 5
1 11
1 12
1 13
1 19
1 20
2 8
2 11
2 15
2 17
2 19
2 20
3 2
3 11
3 19
4 2
4 10
4 18
4 19
5 6
5 7
5 12
5 17
5 19
5 20
6 2
6 4
6 7
6 9
6 11
6 15
6 16
6 20
7 1
7 4
7 12
7 15
7 18
8 1
8 3
8 6
8 11
8 13
9 2
9 4
9 5
9 7
9 10
9 15
9 17
10 2
10 12
10 19
11 7
11 9
11 10
11 13
11 14
11 18
11 19
12 2
12 4
12 6
12 9
12 14
12 17
12 18
13 5
13 6
13 7
13 12
13 14
13 17
14 2
14 4
14 5
14 6
14 7
14 19
15 1
15 4
15 8
15 12
15 13
15 17
15 19
16 2
16 3
16 4
16 7
16 8
16 12
16 13
16 14
16 18
17 1
17 4
17 16
17 20
18 8
18 10
18 13
19 6
19 7
19 9
19 12
19 13
19 16
19 18
20 3
20 4
20 9
20 10
20 11
20 12
20 13
20 15
20 19

