20 120
76 108 42 109 65 90 21 104 109 89 23 50 39 81 78 46 83 71 52 41 
1 7
1 11
1 12
1 13
2 1
2 4
2 6
2 7
2 9
2 10
2 16
3 6
3 8
3 11
3 12
3 16
3 17
4 1
4 7
4 9
4 10
4 13
4 14
5 2
5 8
5 10
5 12
5 15
5 16
6 1
6 4
6 5
6 11
6 15
6 17
7 3
7 6
7 9
7 11
7 12
7 16
8 1
8 2
8 6
8 7
8 9
8 18
8 20
9 5
9 12
9 13
9 19
10 1
10 3
10 6
10 7
10 8
10 9
10 12
10 15
10 16
10 19
11 4
11 5
11 9
11 15
11 17
11 19
12 6
12 13
12 14
12 19
13 3
13 5
13 7
13 8
13 10
13 11
13 14
14 5
14 9
14 11
14 17
14 18
14 20
15 2
15 3
15 4
15 8
15 9
15 12
15 14
15 20
16 9
16 14
16 15
16 20
17 7
17 10
17 12
17 13
17 15
18 1
18 4
18 5
18 9
18 12
18 15
19 2
19 4
19 7
19 14
19 15
19 20
20 2
20 4
20 6
20 11
20 13
20 17

