25 80
101 84 25 29 36 65 118 63 108 106 75 108 49 64 42 60 40 60 60 24 106 100 98 62 100 
1 2
1 10
1 14
1 18
1 24
2 20
3 6
3 9
3 10
3 23
4 9
4 10
4 18
4 19
4 24
5 12
6 4
6 10
7 15
7 18
7 21
7 24
8 16
8 17
9 8
10 7
10 21
11 5
11 16
11 19
11 24
12 21
13 3
13 9
13 16
13 18
14 7
14 17
15 2
15 9
15 12
15 14
15 16
15 22
16 6
16 18
17 3
17 7
17 11
17 13
19 1
19 8
19 12
19 15
20 3
20 6
20 13
21 1
21 2
21 4
21 15
21 17
21 20
21 23
21 24
22 5
22 6
22 10
22 12
22 17
22 21
22 23
23 10
23 15
23 19
24 6
24 25
25 5
25 6
25 21

