20 120
35 117 27 53 112 28 119 109 114 39 99 41 107 31 118 80 105 77 30 73 
1 5
1 9
1 11
1 12
1 19
1 20
2 3
2 6
2 13
2 16
2 18
3 6
3 8
3 16
3 17
3 19
4 2
4 3
4 8
4 9
4 14
4 16
5 2
5 3
5 4
5 6
5 7
5 10
5 15
5 20
6 7
6 14
6 20
7 1
7 2
7 3
7 4
7 8
7 11
7 16
8 2
8 5
8 11
8 12
8 13
8 19
8 20
9 3
9 20
10 3
10 13
11 4
11 5
11 6
11 10
11 16
11 20
12 2
12 3
12 5
12 6
12 10
12 14
12 19
12 20
13 5
13 6
13 7
13 15
13 16
13 18
13 19
14 1
14 3
14 10
14 13
14 17
15 1
15 8
15 10
15 11
16 1
16 5
16 6
16 9
16 10
16 18
17 1
17 2
17 4
17 5
17 6
17 9
17 11
17 13
17 16
17 19
17 20
18 5
18 6
18 8
18 11
18 12
18 14
18 15
18 17
19 2
19 5
19 6
19 11
19 14
19 15
19 16
20 3
20 4
20 7
20 13
20 14
20 16
20 18

