25 200
100 25 116 117 98 84 71 27 36 82 55 28 56 81 71 43 85 72 32 84 110 72 51 103 115 
1 5
1 6
1 7
1 8
1 12
1 14
1 17
1 22
1 24
2 1
2 5
2 6
2 16
2 17
3 7
3 10
3 12
3 17
3 18
3 22
4 5
4 9
4 11
4 13
4 15
4 16
4 18
4 20
4 21
4 24
4 25
5 3
5 13
5 15
5 23
5 24
6 3
6 5
6 8
6 9
6 11
6 15
6 21
6 25
7 4
7 5
7 6
7 8
7 11
7 12
7 16
7 19
7 20
7 22
7 25
8 2
8 3
8 5
8 15
8 16
8 21
8 22
9 1
9 2
9 7
9 8
9 13
9 14
9 18
9 19
9 21
9 23
10 4
10 7
10 8
10 15
10 17
10 19
10 23
10 25
11 3
11 5
11 8
11 13
11 23
11 24
11 25
12 2
12 6
12 8
12 9
12 11
12 14
12 15
12 16
12 17
12 18
12 19
12 21
12 24
13 2
13 3
13 8
13 14
13 15
13 22
14 2
14 3
14 8
14 11
14 17
14 18
14 20
14 21
14 25
15 1
15 2
15 3
15 11
15 17
15 20
15 23
15 25
16 1
16 3
16 5
16 19
16 21
16 25
17 4
17 6
17 8
17 9
17 11
17 19
17 20
17 25
18 2
18 5
18 15
18 23
19 2
19 3
19 5
19 11
19 14
19 15
19 21
19 22
20 1
20 2
20 3
20 5
20 6
20 9
20 12
20 16
20 22
21 1
21 5
21 10
21 15
21 17
21 18
21 20
22 5
22 6
22 12
22 15
22 16
22 21
23 2
23 3
23 8
23 13
23 14
23 16
23 17
23 19
23 21
23 24
24 3
24 6
24 8
24 9
24 10
24 13
24 14
24 15
24 21
24 22
25 1
25 9
25 12
25 18
25 19
25 20
25 21
25 22
25 23

