25 200
60 20 45 28 83 36 78 74 67 67 52 73 47 34 24 59 87 54 108 117 118 57 88 37 103 
1 8
1 10
1 11
1 13
1 14
1 17
1 23
1 24
2 6
2 7
2 11
2 16
2 17
2 18
2 19
2 22
2 23
3 5
3 6
3 7
3 10
3 14
3 19
3 25
4 1
4 5
4 11
4 14
4 15
4 16
4 17
4 19
4 21
4 22
5 1
5 10
5 12
5 13
5 17
5 21
5 24
6 1
6 5
6 10
6 11
6 15
6 17
7 1
7 4
7 5
7 6
7 9
7 10
7 16
7 18
7 24
8 2
8 3
8 6
8 7
8 10
8 12
8 14
8 15
8 18
8 19
8 20
8 21
8 22
9 2
9 4
9 5
9 6
9 11
9 13
9 15
9 19
10 4
10 9
10 15
10 19
10 21
11 15
11 17
11 18
12 2
12 4
12 9
12 11
12 13
12 21
12 23
13 3
13 7
13 14
13 15
13 16
13 20
13 21
14 5
14 6
14 10
14 11
14 15
14 17
14 18
14 19
14 20
14 22
14 23
15 1
15 3
15 5
15 12
15 18
15 19
15 25
16 5
16 6
16 9
16 10
16 11
16 14
16 17
16 20
16 21
16 23
17 8
17 9
17 13
17 23
18 1
18 3
18 4
18 9
18 10
18 16
18 17
18 19
18 24
19 1
19 5
19 6
19 7
19 13
19 16
19 24
19 25
20 1
20 4
20 5
20 6
20 9
20 11
20 19
20 25
21 1
21 6
21 9
21 11
21 14
21 15
21 18
21 19
21 20
22 1
22 3
22 9
22 10
22 12
22 13
22 16
22 19
22 24
23 3
23 4
23 6
23 10
23 11
23 13
23 22
23 25
24 2
24 8
24 9
24 11
24 14
24 16
24 17
24 21
24 25
25 1
25 2
25 8
25 11
25 13
25 14
25 16
25 17
25 18

