25 200
99 83 40 20 59 42 69 65 73 51 63 118 76 104 76 60 72 103 28 90 60 70 84 34 86 
1 5
1 10
1 12
1 13
1 14
1 15
1 16
1 18
2 1
2 3
2 6
2 7
2 9
2 10
2 20
2 21
2 22
2 24
3 1
3 4
3 5
3 9
3 11
3 13
3 14
3 15
3 16
3 19
3 20
3 24
4 1
4 5
4 18
4 20
4 21
4 25
5 6
5 7
5 11
5 16
5 17
5 18
5 21
5 24
6 1
6 3
6 4
6 10
6 14
6 15
6 17
6 19
7 1
7 3
7 4
7 9
7 10
7 12
7 15
7 16
7 17
7 20
8 4
8 5
8 11
8 14
8 16
8 20
8 22
8 24
9 4
9 5
9 6
9 12
9 16
9 17
9 19
9 21
10 3
10 5
10 8
10 9
10 13
10 19
10 22
10 24
11 1
11 2
11 9
11 12
11 15
11 17
11 22
11 24
12 2
12 8
12 10
12 13
12 14
12 15
12 16
12 17
12 18
12 20
13 2
13 4
13 8
13 9
13 11
13 19
13 21
13 22
14 2
14 5
14 13
14 18
14 21
14 24
14 25
15 4
15 8
15 9
15 10
15 13
15 16
15 17
15 19
15 20
15 24
16 2
16 4
16 10
16 11
16 14
16 17
16 19
16 21
16 23
17 21
17 24
18 2
18 10
18 11
18 13
18 16
18 17
18 23
18 24
19 2
19 5
19 7
19 8
19 11
19 17
19 24
20 10
20 11
20 14
20 16
21 6
21 8
21 12
21 19
21 20
22 3
22 4
22 6
22 7
22 16
22 17
22 18
22 19
22 25
23 1
23 3
23 5
23 6
23 11
23 12
23 15
23 17
23 22
23 24
23 25
24 4
24 9
24 13
24 20
25 1
25 5
25 7
25 9
25 11
25 12
25 13
25 15
25 16
25 18
25 20
25 21

