25 150
93 65 47 86 37 46 38 56 25 68 111 71 61 56 64 26 92 114 28 76 92 95 23 116 88 
1 2
1 3
1 8
1 9
1 13
1 14
1 19
1 23
2 6
2 17
2 20
2 24
3 9
3 10
3 11
3 14
3 17
3 20
3 22
4 1
4 6
4 7
5 4
5 18
5 19
5 22
6 5
6 8
6 9
6 11
6 19
6 20
6 21
7 1
7 5
7 10
7 13
7 17
7 24
7 25
8 4
8 5
8 9
8 16
8 25
9 2
9 4
9 13
9 17
9 20
9 23
10 2
10 4
10 6
10 13
10 18
10 19
10 20
10 25
11 16
12 7
12 11
12 14
12 15
12 16
12 19
12 20
12 25
13 2
13 12
14 2
14 7
14 9
14 10
14 15
14 18
14 19
14 20
15 2
15 5
15 6
15 7
15 9
15 18
15 22
15 23
15 25
16 2
16 10
16 13
16 17
16 24
17 11
17 14
17 18
17 19
17 21
17 25
18 1
18 7
18 9
18 25
19 2
19 3
19 4
19 8
19 9
19 13
19 15
19 18
19 22
20 5
20 7
20 15
20 19
21 1
21 2
21 3
21 4
21 14
21 19
21 22
21 24
22 7
22 9
22 14
22 20
23 4
23 5
23 10
23 12
23 13
23 14
23 16
23 20
23 22
23 24
24 1
24 4
24 11
24 15
24 20
25 1
25 2
25 5
25 6
25 13
25 16
25 19
25 23

