20 120
84 79 81 80 26 26 71 31 82 67 63 99 34 101 34 67 83 74 107 41 
1 4
1 10
1 14
1 15
2 3
2 10
2 11
2 13
2 16
3 1
3 5
3 8
3 9
3 11
3 12
3 14
3 17
4 5
4 6
4 14
4 15
4 19
5 2
5 6
5 8
5 11
5 15
5 17
5 18
5 19
6 1
6 11
6 13
6 18
7 1
7 3
7 4
7 5
7 9
7 11
7 16
8 4
8 17
9 2
9 4
9 13
9 14
9 18
9 19
10 3
10 4
10 8
10 14
10 16
10 19
10 20
11 8
11 9
11 14
11 15
11 16
11 17
11 20
12 2
12 5
12 7
12 10
12 11
12 14
12 18
13 1
13 5
13 8
13 11
13 12
14 13
14 15
14 17
14 19
15 2
15 8
15 9
15 12
15 13
15 16
15 17
16 5
16 6
16 8
16 9
16 13
16 14
16 17
16 18
16 20
17 4
17 6
17 9
17 12
18 1
18 4
18 7
18 11
18 14
19 2
19 7
19 8
19 12
19 13
19 15
19 16
19 17
19 18
20 1
20 2
20 3
20 9
20 12
20 14
20 18

