25 150
66 49 29 51 42 62 90 101 62 58 84 101 59 76 120 65 55 101 43 60 49 85 113 25 92 
1 2
1 8
1 9
1 13
1 14
1 21
1 25
2 14
2 16
2 17
2 21
3 7
3 16
3 19
3 20
3 21
4 6
4 9
4 10
4 11
4 21
5 1
5 2
5 3
5 10
5 14
5 18
6 1
6 2
6 3
6 7
6 12
6 15
6 24
7 8
7 9
7 12
7 13
7 16
7 19
8 3
8 13
8 22
8 23
8 25
9 13
9 18
9 19
9 23
10 1
10 2
10 3
10 7
10 8
10 9
10 14
10 20
10 22
10 23
11 9
11 10
11 12
11 13
11 18
12 1
12 4
12 5
12 9
12 14
12 19
12 20
12 24
13 3
13 10
13 17
13 21
13 22
14 6
14 7
14 9
14 22
15 11
15 13
15 14
15 18
15 22
16 1
16 6
16 8
16 10
16 15
16 17
16 22
16 25
17 1
17 5
17 6
17 11
17 21
17 23
18 12
18 13
18 25
19 2
19 8
19 14
19 16
19 18
20 2
20 4
20 8
20 13
20 14
20 16
20 21
21 5
21 7
21 9
21 11
21 14
21 23
22 2
22 7
22 17
22 19
22 20
22 23
22 24
23 2
23 7
23 13
23 25
24 5
24 10
24 13
24 16
24 19
24 20
24 23
25 3
25 4
25 5
25 6
25 10
25 11
25 14
25 15
25 17
25 19
25 21

