25 100
72 101 64 84 93 111 32 91 107 24 119 64 99 26 106 64 51 57 103 71 77 81 50 63 59 
1 4
1 5
1 15
1 21
2 7
2 14
2 16
2 20
3 2
3 5
3 15
3 18
3 25
4 10
4 23
5 11
5 17
5 19
5 24
6 3
6 9
6 15
6 22
6 23
7 1
7 4
7 18
8 10
8 12
9 1
9 10
9 14
9 23
10 1
10 7
10 13
10 17
10 20
10 24
11 3
11 13
11 14
11 24
12 6
12 20
13 1
13 4
13 6
13 7
13 14
13 19
13 23
13 25
14 1
14 5
14 8
14 15
14 22
14 24
15 8
15 9
15 16
15 19
15 20
16 20
16 24
17 9
17 13
17 15
17 16
17 24
18 8
18 12
18 14
19 8
19 18
19 21
19 22
20 1
20 11
20 17
20 18
20 19
21 16
21 22
22 1
22 10
22 13
23 1
23 3
23 8
23 11
23 15
23 19
23 22
24 25
25 1
25 11
25 17
25 18

