mpi 100 100 2 1 181 8
mpi 100 100 2 10 136 8
mpi 100 100 2 2 157 9
mpi 100 100 2 3 133 8
mpi 100 100 2 4 115 7
mpi 100 100 2 5 145 7
mpi 100 100 2 6 120 10
mpi 100 100 2 7 172 8
mpi 100 100 2 8 149 11
mpi 100 100 2 9 141 7
mpi 100 250 2 1 883 11
mpi 100 250 2 10 791 9
mpi 100 250 2 2 1012 14
mpi 100 250 2 3 891 9
mpi 100 250 2 4 924 11
mpi 100 250 2 5 960 11
mpi 100 250 2 6 677 12
mpi 100 250 2 7 926 9
mpi 100 250 2 8 813 11
mpi 100 250 2 9 941 12
mpi 100 500 2 1 4074 26
mpi 100 500 2 10 3507 9
mpi 100 500 2 2 3920 13
mpi 100 500 2 3 3810 15
mpi 100 500 2 4 4405 9
mpi 100 500 2 5 3652 17
mpi 100 500 2 6 3915 10
mpi 100 500 2 7 3385 10
mpi 100 500 2 8 3330 20
mpi 100 500 2 9 3820 12
mpi 100 50 2 1 55 6
mpi 100 50 2 10 58 7
mpi 100 50 2 2 50 7
mpi 100 50 2 3 64 7
mpi 100 50 2 4 59 7
mpi 100 50 2 5 50 7
mpi 100 50 2 6 62 6
mpi 100 50 2 7 54 6
mpi 100 50 2 8 51 7
mpi 100 50 2 9 43 6
mpi 100 750 2 1 9562 14
mpi 100 750 2 10 9588 11
mpi 100 750 2 2 8094 14
mpi 100 750 2 3 9313 16
mpi 100 750 2 4 9613 9
mpi 100 750 2 5 9271 15
mpi 100 750 2 6 9684 12
mpi 100 750 2 7 9632 10
mpi 100 750 2 8 7624 12
mpi 100 750 2 9 9977 14
mpi 150 100 2 1 94 19
mpi 150 100 2 10 102 21
mpi 150 100 2 2 120 19
mpi 150 100 2 3 127 19
mpi 150 100 2 4 126 20
mpi 150 100 2 5 124 23
mpi 150 100 2 6 135 19
mpi 150 100 2 7 128 22
mpi 150 100 2 8 119 22
mpi 150 100 2 9 111 19
mpi 150 250 2 1 559 26
mpi 150 250 2 10 656 32
mpi 150 250 2 2 628 34
mpi 150 250 2 3 603 27
mpi 150 250 2 4 544 27
mpi 150 250 2 5 547 22
mpi 150 250 2 6 531 27
mpi 150 250 2 7 525 32
mpi 150 250 2 8 536 28
mpi 150 250 2 9 621 32
mpi 150 500 2 1 2255 27
mpi 150 500 2 10 2194 24
mpi 150 500 2 2 2216 41
mpi 150 500 2 3 2443 26
mpi 150 500 2 4 2362 42
mpi 150 500 2 5 2623 25
mpi 150 500 2 6 2274 38
mpi 150 500 2 7 2433 36
mpi 150 500 2 8 2428 48
mpi 150 500 2 9 2267 30
mpi 150 50 2 1 50 17
mpi 150 50 2 10 47 21
mpi 150 50 2 2 55 19
mpi 150 50 2 3 51 18
mpi 150 50 2 4 59 17
mpi 150 50 2 5 49 17
mpi 150 50 2 6 50 17
mpi 150 50 2 7 49 18
mpi 150 50 2 8 48 18
mpi 150 50 2 9 48 17
mpi 150 750 2 1 5753 37
mpi 150 750 2 10 5661 25
mpi 150 750 2 2 5348 33
mpi 150 750 2 3 5131 49
mpi 150 750 2 4 5415 86
mpi 150 750 2 5 5142 28
mpi 150 750 2 6 5372 28
mpi 150 750 2 7 5317 46
mpi 150 750 2 8 5786 27
mpi 150 750 2 9 5491 40
mpi 200 100 2 1 111 41
mpi 200 100 2 10 120 38
mpi 200 100 2 2 110 39
mpi 200 100 2 3 102 39
mpi 200 100 2 4 115 40
mpi 200 100 2 5 113 42
mpi 200 100 2 6 109 41
mpi 200 100 2 7 92 39
mpi 200 100 2 8 116 39
mpi 200 100 2 9 110 38
mpi 200 250 2 1 428 49
mpi 200 250 2 10 440 56
mpi 200 250 2 2 434 58
mpi 200 250 2 3 409 57
mpi 200 250 2 4 411 45
mpi 200 250 2 5 520 46
mpi 200 250 2 6 413 51
mpi 200 250 2 7 433 45
mpi 200 250 2 8 446 55
mpi 200 250 2 9 462 59
mpi 200 500 2 1 1718 73
mpi 200 500 2 10 1537 69
mpi 200 500 2 2 1812 99
mpi 200 500 2 3 1779 50
mpi 200 500 2 4 1910 49
mpi 200 500 2 5 1669 69
mpi 200 500 2 6 1714 56
mpi 200 500 2 7 1812 57
mpi 200 500 2 8 1659 69
mpi 200 500 2 9 1855 54
mpi 200 50 2 1 49 37
mpi 200 50 2 10 50 35
mpi 200 50 2 2 51 38
mpi 200 50 2 3 42 34
mpi 200 50 2 4 45 35
mpi 200 50 2 5 49 36
mpi 200 50 2 6 50 37
mpi 200 50 2 7 54 38
mpi 200 50 2 8 46 36
mpi 200 50 2 9 50 38
mpi 200 750 2 1 4213 82
mpi 200 750 2 10 4172 67
mpi 200 750 2 2 3840 54
mpi 200 750 2 3 3558 84
mpi 200 750 2 4 4342 88
mpi 200 750 2 5 3773 96
mpi 200 750 2 6 3501 76
mpi 200 750 2 7 4370 116
mpi 200 750 2 8 4159 53
mpi 200 750 2 9 4020 55
mpi 250 1000 2 1 5455 134
mpi 250 1000 2 10 6103 157
mpi 250 1000 2 2 5646 125
mpi 250 1000 2 3 5824 110
mpi 250 1000 2 4 5407 171
mpi 250 1000 2 5 5954 153
mpi 250 1000 2 6 5333 135
mpi 250 1000 2 7 5672 180
mpi 250 1000 2 8 5767 162
mpi 250 1000 2 9 6079 123
mpi 250 2000 2 1 24050 111
mpi 250 2000 2 10 26845 163
mpi 250 2000 2 2 25931 165
mpi 250 2000 2 3 25685 135
mpi 250 2000 2 4 24338 132
mpi 250 2000 2 5 27513 177
mpi 250 2000 2 6 25719 218
mpi 250 2000 2 7 24752 211
mpi 250 2000 2 8 26311 233
mpi 250 2000 2 9 25563 171
mpi 250 250 2 1 355 91
mpi 250 250 2 10 382 98
mpi 250 250 2 2 407 130
mpi 250 250 2 3 390 101
mpi 250 250 2 4 351 99
mpi 250 250 2 5 434 163
mpi 250 250 2 6 390 98
mpi 250 250 2 7 346 97
mpi 250 250 2 8 373 96
mpi 250 250 2 9 378 116
mpi 250 5000 2 1 162684 179
mpi 250 5000 2 10 178794 135
mpi 250 5000 2 2 186298 219
mpi 250 5000 2 3 164339 195
mpi 250 5000 2 4 176314 196
mpi 250 5000 2 5 168548 159
mpi 250 5000 2 6 175346 127
mpi 250 5000 2 7 172732 316
mpi 250 5000 2 8 171169 235
mpi 250 5000 2 9 173652 247
mpi 250 500 2 1 1352 134
mpi 250 500 2 10 1390 97
mpi 250 500 2 2 1321 103
mpi 250 500 2 3 1410 138
mpi 250 500 2 4 1405 114
mpi 250 500 2 5 1396 99
mpi 250 500 2 6 1463 105
mpi 250 500 2 7 1357 130
mpi 250 500 2 8 1351 119
mpi 250 500 2 9 1552 114
mpi 250 750 2 1 3243 105
mpi 250 750 2 10 3333 150
mpi 250 750 2 2 3304 131
mpi 250 750 2 3 2854 105
mpi 250 750 2 4 3090 105
mpi 250 750 2 5 3185 123
mpi 250 750 2 6 3458 207
mpi 250 750 2 7 3359 210
mpi 250 750 2 8 3867 118
mpi 250 750 2 9 3022 146
mpi 300 1000 2 1 4956 229
mpi 300 1000 2 10 4506 265
mpi 300 1000 2 2 4775 250
mpi 300 1000 2 3 4589 221
mpi 300 1000 2 4 4804 344
mpi 300 1000 2 5 4378 173
mpi 300 1000 2 6 4783 240
mpi 300 1000 2 7 4761 206
mpi 300 1000 2 8 4561 394
mpi 300 1000 2 9 5374 188
mpi 300 2000 2 1 20470 311
mpi 300 2000 2 10 20029 261
mpi 300 2000 2 2 20399 279
mpi 300 2000 2 3 20832 199
mpi 300 2000 2 4 19843 307
mpi 300 2000 2 5 20937 297
mpi 300 2000 2 6 21712 225
mpi 300 2000 2 7 18195 321
mpi 300 2000 2 8 20872 243
mpi 300 2000 2 9 21213 218
mpi 300 250 2 1 268 175
mpi 300 250 2 10 334 151
mpi 300 250 2 2 358 158
mpi 300 250 2 3 365 156
mpi 300 250 2 4 332 169
mpi 300 250 2 5 347 176
mpi 300 250 2 6 317 146
mpi 300 250 2 7 340 159
mpi 300 250 2 8 334 147
mpi 300 250 2 9 327 163
mpi 300 5000 2 1 139004 260
mpi 300 5000 2 10 136978 301
mpi 300 5000 2 2 154635 368
mpi 300 5000 2 3 144889 376
mpi 300 5000 2 4 136192 542
mpi 300 5000 2 5 133009 224
mpi 300 5000 2 6 139732 234
mpi 300 5000 2 7 145210 312
mpi 300 5000 2 8 135471 424
mpi 300 5000 2 9 147572 261
mpi 300 500 2 1 1119 181
mpi 300 500 2 10 1345 205
mpi 300 500 2 2 1072 226
mpi 300 500 2 3 1119 196
mpi 300 500 2 4 1136 190
mpi 300 500 2 5 1193 225
mpi 300 500 2 6 1211 245
mpi 300 500 2 7 1224 174
mpi 300 500 2 8 1167 216
mpi 300 500 2 9 1170 256
mpi 300 750 2 1 2613 201
mpi 300 750 2 10 2694 186
mpi 300 750 2 2 3157 185
mpi 300 750 2 3 2844 221
mpi 300 750 2 4 2741 207
mpi 300 750 2 5 2338 186
mpi 300 750 2 6 2391 236
mpi 300 750 2 7 2666 175
mpi 300 750 2 8 2491 203
mpi 300 750 2 9 2775 238
mpi 50 100 2 1 322 1
mpi 50 100 2 10 255 2
mpi 50 100 2 2 225 1
mpi 50 100 2 3 204 1
mpi 50 100 2 4 358 1
mpi 50 100 2 5 274 2
mpi 50 100 2 6 274 2
mpi 50 100 2 7 241 2
mpi 50 100 2 8 322 1
mpi 50 100 2 9 284 1
mpi 50 250 2 1 1880 2
mpi 50 250 2 10 1629 1
mpi 50 250 2 2 1986 2
mpi 50 250 2 3 1942 2
mpi 50 250 2 4 1616 1
mpi 50 250 2 5 1791 2
mpi 50 250 2 6 1872 2
mpi 50 250 2 7 1828 2
mpi 50 250 2 8 2093 2
mpi 50 250 2 9 2052 1
mpi 50 500 2 1 8069 3
mpi 50 500 2 10 8122 2
mpi 50 500 2 2 7025 2
mpi 50 500 2 3 10264 1
mpi 50 500 2 4 9841 2
mpi 50 500 2 5 8085 2
mpi 50 500 2 6 7380 1
mpi 50 500 2 7 7902 3
mpi 50 500 2 8 7304 2
mpi 50 500 2 9 8203 5
mpi 50 50 2 1 62 1
mpi 50 50 2 10 73 1
mpi 50 50 2 2 64 1
mpi 50 50 2 3 72 1
mpi 50 50 2 4 70 1
mpi 50 50 2 5 64 1
mpi 50 50 2 6 77 1
mpi 50 50 2 7 72 1
mpi 50 50 2 8 63 1
mpi 50 50 2 9 83 2
mpi 50 750 2 1 15698 2
mpi 50 750 2 10 19727 4
mpi 50 750 2 2 21082 2
mpi 50 750 2 3 17431 2
mpi 50 750 2 4 21258 2
mpi 50 750 2 5 16253 2
mpi 50 750 2 6 18588 2
mpi 50 750 2 7 19521 2
mpi 50 750 2 8 23279 3
mpi 50 750 2 9 21085 2