mpi 100 1000 1 1 5636 12
mpi 100 1000 1 10 5418 12
mpi 100 1000 1 2 4945 14
mpi 100 1000 1 3 5501 18
mpi 100 1000 1 4 5263 12
mpi 100 1000 1 5 5908 10
mpi 100 1000 1 6 5654 11
mpi 100 1000 1 7 4918 17
mpi 100 1000 1 8 5251 12
mpi 100 1000 1 9 5585 20
mpi 100 100 1 1 2514 11
mpi 100 100 1 10 2521 8
mpi 100 100 1 2 2525 8
mpi 100 100 1 3 2634 10
mpi 100 100 1 4 2132 8
mpi 100 100 1 5 2382 8
mpi 100 100 1 6 2700 8
mpi 100 100 1 7 2544 8
mpi 100 100 1 8 2463 8
mpi 100 100 1 9 2450 8
mpi 100 2000 1 1 6644 17
mpi 100 2000 1 10 6739 15
mpi 100 2000 1 2 5592 16
mpi 100 2000 1 3 5866 19
mpi 100 2000 1 4 5631 14
mpi 100 2000 1 5 6283 15
mpi 100 2000 1 6 6053 21
mpi 100 2000 1 7 6273 13
mpi 100 2000 1 8 6344 18
mpi 100 2000 1 9 6638 19
mpi 100 250 1 1 3861 10
mpi 100 250 1 10 3853 11
mpi 100 250 1 2 3557 11
mpi 100 250 1 3 3479 16
mpi 100 250 1 4 3471 11
mpi 100 250 1 5 3557 11
mpi 100 250 1 6 4154 11
mpi 100 250 1 7 3602 8
mpi 100 250 1 8 3543 9
mpi 100 250 1 9 3925 10
mpi 100 500 1 1 4470 17
mpi 100 500 1 10 4384 12
mpi 100 500 1 2 5119 12
mpi 100 500 1 3 4349 19
mpi 100 500 1 4 4752 11
mpi 100 500 1 5 4452 11
mpi 100 500 1 6 4677 11
mpi 100 500 1 7 4540 11
mpi 100 500 1 8 4410 11
mpi 100 500 1 9 4327 17
mpi 100 750 1 1 5218 12
mpi 100 750 1 10 5312 10
mpi 100 750 1 2 5216 16
mpi 100 750 1 3 5339 15
mpi 100 750 1 4 5299 16
mpi 100 750 1 5 5283 17
mpi 100 750 1 6 5750 18
mpi 100 750 1 7 4780 10
mpi 100 750 1 8 4866 19
mpi 100 750 1 9 5091 15
mpi 150 1000 1 1 7311 30
mpi 150 1000 1 10 7754 29
mpi 150 1000 1 2 6963 32
mpi 150 1000 1 3 7080 36
mpi 150 1000 1 4 7565 35
mpi 150 1000 1 5 7703 33
mpi 150 1000 1 6 7596 35
mpi 150 1000 1 7 7726 29
mpi 150 1000 1 8 8849 33
mpi 150 1000 1 9 7682 43
mpi 150 150 1 1 3767 21
mpi 150 150 1 10 3716 24
mpi 150 150 1 2 3854 24
mpi 150 150 1 3 3940 26
mpi 150 150 1 4 3864 25
mpi 150 150 1 5 3635 23
mpi 150 150 1 6 3553 23
mpi 150 150 1 7 3631 28
mpi 150 150 1 8 3723 24
mpi 150 150 1 9 3376 25
mpi 150 2000 1 1 8743 88
mpi 150 2000 1 10 8776 38
mpi 150 2000 1 2 8297 74
mpi 150 2000 1 3 7945 36
mpi 150 2000 1 4 9106 29
mpi 150 2000 1 5 8947 44
mpi 150 2000 1 6 8542 46
mpi 150 2000 1 7 9330 44
mpi 150 2000 1 8 8813 62
mpi 150 2000 1 9 8370 37
mpi 150 250 1 1 4735 29
mpi 150 250 1 10 4745 25
mpi 150 250 1 2 4811 24
mpi 150 250 1 3 4636 37
mpi 150 250 1 4 4767 27
mpi 150 250 1 5 5187 31
mpi 150 250 1 6 4760 35
mpi 150 250 1 7 4335 25
mpi 150 250 1 8 5067 44
mpi 150 250 1 9 4543 33
mpi 150 3000 1 1 8665 37
mpi 150 3000 1 10 8989 65
mpi 150 3000 1 2 8935 53
mpi 150 3000 1 3 8507 51
mpi 150 3000 1 4 9183 50
mpi 150 3000 1 5 8934 72
mpi 150 3000 1 6 9331 35
mpi 150 3000 1 7 8568 40
mpi 150 3000 1 8 8915 37
mpi 150 3000 1 9 8832 37
mpi 150 500 1 1 6247 46
mpi 150 500 1 10 6465 27
mpi 150 500 1 2 6054 25
mpi 150 500 1 3 6185 43
mpi 150 500 1 4 5947 29
mpi 150 500 1 5 6065 32
mpi 150 500 1 6 5912 25
mpi 150 500 1 7 6238 41
mpi 150 500 1 8 5567 25
mpi 150 500 1 9 6612 36
mpi 150 750 1 1 6997 31
mpi 150 750 1 10 7152 36
mpi 150 750 1 2 7273 43
mpi 150 750 1 3 6478 43
mpi 150 750 1 4 7276 32
mpi 150 750 1 5 6295 29
mpi 150 750 1 6 7175 39
mpi 150 750 1 7 6827 33
mpi 150 750 1 8 6876 28
mpi 150 750 1 9 7406 35
mpi 200 1000 1 1 9007 76
mpi 200 1000 1 10 8742 110
mpi 200 1000 1 2 9891 103
mpi 200 1000 1 3 9094 85
mpi 200 1000 1 4 9112 87
mpi 200 1000 1 5 9345 78
mpi 200 1000 1 6 9338 63
mpi 200 1000 1 7 8911 122
mpi 200 1000 1 8 9205 56
mpi 200 1000 1 9 9540 100
mpi 200 2000 1 1 11223 86
mpi 200 2000 1 10 10818 69
mpi 200 2000 1 2 11029 75
mpi 200 2000 1 3 11125 87
mpi 200 2000 1 4 11419 142
mpi 200 2000 1 5 11267 155
mpi 200 2000 1 6 11034 79
mpi 200 2000 1 7 10799 93
mpi 200 2000 1 8 10238 65
mpi 200 2000 1 9 11346 63
mpi 200 250 1 1 5432 52
mpi 200 250 1 10 5642 56
mpi 200 250 1 2 5239 47
mpi 200 250 1 3 5190 58
mpi 200 250 1 4 5123 47
mpi 200 250 1 5 5167 58
mpi 200 250 1 6 5241 65
mpi 200 250 1 7 5644 77
mpi 200 250 1 8 5719 56
mpi 200 250 1 9 5477 54
mpi 200 3000 1 1 11748 84
mpi 200 3000 1 10 11480 89
mpi 200 3000 1 2 11533 71
mpi 200 3000 1 3 11349 93
mpi 200 3000 1 4 12004 76
mpi 200 3000 1 5 11988 112
mpi 200 3000 1 6 12123 91
mpi 200 3000 1 7 11274 140
mpi 200 3000 1 8 11661 79
mpi 200 3000 1 9 11432 72
mpi 200 500 1 1 7379 89
mpi 200 500 1 10 7395 77
mpi 200 500 1 2 7005 62
mpi 200 500 1 3 7169 65
mpi 200 500 1 4 7758 64
mpi 200 500 1 5 7383 64
mpi 200 500 1 6 7239 67
mpi 200 500 1 7 7402 78
mpi 200 500 1 8 7969 113
mpi 200 500 1 9 7722 73
mpi 200 750 1 1 8410 57
mpi 200 750 1 10 8517 92
mpi 200 750 1 2 8602 76
mpi 200 750 1 3 8130 78
mpi 200 750 1 4 8880 59
mpi 200 750 1 5 8350 82
mpi 200 750 1 6 8469 64
mpi 200 750 1 7 8664 112
mpi 200 750 1 8 8170 63
mpi 200 750 1 9 8860 94
mpi 250 1000 1 1 10614 210
mpi 250 1000 1 10 11670 188
mpi 250 1000 1 2 11356 136
mpi 250 1000 1 3 10746 176
mpi 250 1000 1 4 11078 119
mpi 250 1000 1 5 10332 138
mpi 250 1000 1 6 11217 177
mpi 250 1000 1 7 10841 149
mpi 250 1000 1 8 11023 155
mpi 250 1000 1 9 11012 147
mpi 250 2000 1 1 12465 170
mpi 250 2000 1 10 13404 232
mpi 250 2000 1 2 12394 160
mpi 250 2000 1 3 12898 168
mpi 250 2000 1 4 13412 211
mpi 250 2000 1 5 12409 219
mpi 250 2000 1 6 13066 213
mpi 250 2000 1 7 12558 180
mpi 250 2000 1 8 13512 220
mpi 250 2000 1 9 12347 160
mpi 250 250 1 1 5925 105
mpi 250 250 1 10 6472 105
mpi 250 250 1 2 6361 117
mpi 250 250 1 3 5878 151
mpi 250 250 1 4 6446 111
mpi 250 250 1 5 6053 109
mpi 250 250 1 6 6105 107
mpi 250 250 1 7 5925 133
mpi 250 250 1 8 6102 128
mpi 250 250 1 9 6174 135
mpi 250 3000 1 1 14675 267
mpi 250 3000 1 10 13887 198
mpi 250 3000 1 2 13519 159
mpi 250 3000 1 3 14427 300
mpi 250 3000 1 4 15116 128
mpi 250 3000 1 5 13582 169
mpi 250 3000 1 6 14289 171
mpi 250 3000 1 7 14150 189
mpi 250 3000 1 8 13898 350
mpi 250 3000 1 9 13792 148
mpi 250 5000 1 1 15496 231
mpi 250 5000 1 10 15309 212
mpi 250 5000 1 2 14427 236
mpi 250 5000 1 3 15086 357
mpi 250 5000 1 4 15351 155
mpi 250 5000 1 5 14332 311
mpi 250 5000 1 6 14790 196
mpi 250 5000 1 7 15946 309
mpi 250 5000 1 8 15641 151
mpi 250 5000 1 9 13664 228
mpi 250 500 1 1 8539 182
mpi 250 500 1 10 8518 131
mpi 250 500 1 2 8356 128
mpi 250 500 1 3 8671 145
mpi 250 500 1 4 8483 115
mpi 250 500 1 5 8331 196
mpi 250 500 1 6 8586 147
mpi 250 500 1 7 8838 109
mpi 250 500 1 8 8333 124
mpi 250 500 1 9 8911 306
mpi 250 750 1 1 10176 125
mpi 250 750 1 10 10367 230
mpi 250 750 1 2 9499 176
mpi 250 750 1 3 9549 211
mpi 250 750 1 4 9534 128
mpi 250 750 1 5 9682 123
mpi 250 750 1 6 9886 146
mpi 250 750 1 7 10042 127
mpi 250 750 1 8 10092 215
mpi 250 750 1 9 10274 225
mpi 300 1000 1 1 11815 282
mpi 300 1000 1 10 11965 324
mpi 300 1000 1 2 12262 182
mpi 300 1000 1 3 12433 316
mpi 300 1000 1 4 12126 187
mpi 300 1000 1 5 12377 324
mpi 300 1000 1 6 12341 303
mpi 300 1000 1 7 12344 196
mpi 300 1000 1 8 12376 315
mpi 300 1000 1 9 11569 239
mpi 300 2000 1 1 15293 292
mpi 300 2000 1 10 14165 408
mpi 300 2000 1 2 15413 318
mpi 300 2000 1 3 15222 204
mpi 300 2000 1 4 14721 340
mpi 300 2000 1 5 15084 457
mpi 300 2000 1 6 15400 230
mpi 300 2000 1 7 14963 226
mpi 300 2000 1 8 15349 199
mpi 300 2000 1 9 15044 289
mpi 300 3000 1 1 17043 224
mpi 300 3000 1 10 16513 190
mpi 300 3000 1 2 16048 518
mpi 300 3000 1 3 16641 241
mpi 300 3000 1 4 15766 381
mpi 300 3000 1 5 16744 199
mpi 300 3000 1 6 16655 364
mpi 300 3000 1 7 16149 325
mpi 300 3000 1 8 16101 313
mpi 300 3000 1 9 16209 276
mpi 300 300 1 1 7158 162
mpi 300 300 1 10 7344 205
mpi 300 300 1 2 7685 171
mpi 300 300 1 3 7423 197
mpi 300 300 1 4 7192 174
mpi 300 300 1 5 6950 190
mpi 300 300 1 6 7575 198
mpi 300 300 1 7 7864 182
mpi 300 300 1 8 7432 183
mpi 300 300 1 9 7958 177
mpi 300 5000 1 1 17615 477
mpi 300 5000 1 10 17639 345
mpi 300 5000 1 2 17511 271
mpi 300 5000 1 3 18262 523
mpi 300 5000 1 4 16794 294
mpi 300 5000 1 5 18168 351
mpi 300 5000 1 6 17951 286
mpi 300 5000 1 7 18596 510
mpi 300 5000 1 8 17476 357
mpi 300 5000 1 9 17088 220
mpi 300 500 1 1 9206 237
mpi 300 500 1 10 9527 170
mpi 300 500 1 2 10528 222
mpi 300 500 1 3 9308 185
mpi 300 500 1 4 9434 200
mpi 300 500 1 5 8978 266
mpi 300 500 1 6 9676 233
mpi 300 500 1 7 8967 255
mpi 300 500 1 8 9739 205
mpi 300 500 1 9 10296 402
mpi 300 750 1 1 11779 360
mpi 300 750 1 10 10187 316
mpi 300 750 1 2 11029 254
mpi 300 750 1 3 11291 330
mpi 300 750 1 4 11267 284
mpi 300 750 1 5 10784 374
mpi 300 750 1 6 11450 367
mpi 300 750 1 7 11279 266
mpi 300 750 1 8 11826 255
mpi 300 750 1 9 11901 208
mpi 50 1000 1 1 3401 2
mpi 50 1000 1 10 3299 3
mpi 50 1000 1 2 2812 2
mpi 50 1000 1 3 2972 3
mpi 50 1000 1 4 3396 2
mpi 50 1000 1 5 3024 3
mpi 50 1000 1 6 3199 2
mpi 50 1000 1 7 2879 2
mpi 50 1000 1 8 3051 2
mpi 50 1000 1 9 3048 3
mpi 50 100 1 1 1452 1
mpi 50 100 1 10 1576 2
mpi 50 100 1 2 1574 1
mpi 50 100 1 3 1506 1
mpi 50 100 1 4 1533 2
mpi 50 100 1 5 1754 1
mpi 50 100 1 6 1590 2
mpi 50 100 1 7 1660 2
mpi 50 100 1 8 1790 2
mpi 50 100 1 9 1785 1
mpi 50 250 1 1 2485 1
mpi 50 250 1 10 2500 2
mpi 50 250 1 2 2606 2
mpi 50 250 1 3 2206 1
mpi 50 250 1 4 2494 2
mpi 50 250 1 5 1997 3
mpi 50 250 1 6 2192 2
mpi 50 250 1 7 2461 2
mpi 50 250 1 8 2138 1
mpi 50 250 1 9 2119 2
mpi 50 500 1 1 2566 3
mpi 50 500 1 10 2562 1
mpi 50 500 1 2 2938 1
mpi 50 500 1 3 2702 4
mpi 50 500 1 4 2630 2
mpi 50 500 1 5 2763 2
mpi 50 500 1 6 2960 2
mpi 50 500 1 7 2497 2
mpi 50 500 1 8 2785 2
mpi 50 500 1 9 2762 3
mpi 50 50 1 1 1045 1
mpi 50 50 1 10 1200 1
mpi 50 50 1 2 1335 1
mpi 50 50 1 3 1087 1
mpi 50 50 1 4 1390 2
mpi 50 50 1 5 1169 1
mpi 50 50 1 6 1082 1
mpi 50 50 1 7 959 1
mpi 50 50 1 8 1259 1
mpi 50 50 1 9 1681 1
mpi 50 750 1 1 3207 2
mpi 50 750 1 10 2698 2
mpi 50 750 1 2 2954 3
mpi 50 750 1 3 3035 2
mpi 50 750 1 4 3118 3
mpi 50 750 1 5 2915 2
mpi 50 750 1 6 2890 2
mpi 50 750 1 7 3429 4
mpi 50 750 1 8 2824 2
mpi 50 750 1 9 3060 2