mpi 100 100 2 1 181 0
mpi 100 100 2 10 136 0
mpi 100 100 2 2 156 7
mpi 100 100 2 3 133 7
mpi 100 100 2 4 115 7
mpi 100 100 2 5 143 0
mpi 100 100 2 6 119 9
mpi 100 100 2 7 171 7
mpi 100 100 2 8 149 0
mpi 100 100 2 9 139 7
mpi 100 250 2 1 877 0
mpi 100 250 2 10 786 0
mpi 100 250 2 2 977 9
mpi 100 250 2 3 873 13
mpi 100 250 2 4 906 0
mpi 100 250 2 5 959 7
mpi 100 250 2 6 677 11
mpi 100 250 2 7 925 0
mpi 100 250 2 8 813 0
mpi 100 250 2 9 933 10
mpi 100 500 2 1 3915 13
mpi 100 500 2 10 3507 8
mpi 100 500 2 2 3786 0
mpi 100 500 2 3 3681 14
mpi 100 500 2 4 4114 23
mpi 100 500 2 5 3522 0
mpi 100 500 2 6 3798 9
mpi 100 500 2 7 3385 9
mpi 100 500 2 8 3214 12
mpi 100 500 2 9 3696 17
mpi 100 50 2 1 54 0
mpi 100 50 2 10 58 0
mpi 100 50 2 2 50 0
mpi 100 50 2 3 64 7
mpi 100 50 2 4 58 0
mpi 100 50 2 5 50 0
mpi 100 50 2 6 62 0
mpi 100 50 2 7 54 0
mpi 100 50 2 8 50 0
mpi 100 50 2 9 43 0
mpi 100 750 2 1 9562 0
mpi 100 750 2 10 9151 14
mpi 100 750 2 2 7910 23
mpi 100 750 2 3 9017 11
mpi 100 750 2 4 9494 22
mpi 100 750 2 5 9019 14
mpi 100 750 2 6 9531 12
mpi 100 750 2 7 9277 21
mpi 100 750 2 8 7624 14
mpi 100 750 2 9 9781 12
mpi 150 100 2 1 93 0
mpi 150 100 2 10 102 20
mpi 150 100 2 2 119 21
mpi 150 100 2 3 127 19
mpi 150 100 2 4 123 19
mpi 150 100 2 5 123 20
mpi 150 100 2 6 134 19
mpi 150 100 2 7 128 0
mpi 150 100 2 8 117 22
mpi 150 100 2 9 110 19
mpi 150 250 2 1 559 26
mpi 150 250 2 10 650 26
mpi 150 250 2 2 606 21
mpi 150 250 2 3 598 25
mpi 150 250 2 4 540 24
mpi 150 250 2 5 527 37
mpi 150 250 2 6 531 28
mpi 150 250 2 7 525 21
mpi 150 250 2 8 532 26
mpi 150 250 2 9 615 23
mpi 150 500 2 1 2186 32
mpi 150 500 2 10 2194 40
mpi 150 500 2 2 2206 0
mpi 150 500 2 3 2425 27
mpi 150 500 2 4 2359 40
mpi 150 500 2 5 2585 26
mpi 150 500 2 6 2226 25
mpi 150 500 2 7 2366 27
mpi 150 500 2 8 2415 28
mpi 150 500 2 9 2209 34
mpi 150 50 2 1 50 0
mpi 150 50 2 10 47 0
mpi 150 50 2 2 55 17
mpi 150 50 2 3 50 19
mpi 150 50 2 4 57 17
mpi 150 50 2 5 49 17
mpi 150 50 2 6 50 16
mpi 150 50 2 7 49 0
mpi 150 50 2 8 48 0
mpi 150 50 2 9 48 0
mpi 150 750 2 1 5716 31
mpi 150 750 2 10 5656 0
mpi 150 750 2 2 5221 52
mpi 150 750 2 3 5113 31
mpi 150 750 2 4 5372 29
mpi 150 750 2 5 5048 54
mpi 150 750 2 6 5345 23
mpi 150 750 2 7 5234 46
mpi 150 750 2 8 5653 32
mpi 150 750 2 9 5309 0
mpi 200 100 2 1 111 45
mpi 200 100 2 10 120 40
mpi 200 100 2 2 110 38
mpi 200 100 2 3 102 0
mpi 200 100 2 4 115 40
mpi 200 100 2 5 113 48
mpi 200 100 2 6 107 0
mpi 200 100 2 7 92 0
mpi 200 100 2 8 116 0
mpi 200 100 2 9 109 38
mpi 200 250 2 1 422 68
mpi 200 250 2 10 440 45
mpi 200 250 2 2 414 47
mpi 200 250 2 3 400 44
mpi 200 250 2 4 406 47
mpi 200 250 2 5 513 53
mpi 200 250 2 6 413 57
mpi 200 250 2 7 433 0
mpi 200 250 2 8 439 50
mpi 200 250 2 9 459 59
mpi 200 500 2 1 1678 53
mpi 200 500 2 10 1527 73
mpi 200 500 2 2 1743 62
mpi 200 500 2 3 1765 59
mpi 200 500 2 4 1884 62
mpi 200 500 2 5 1660 49
mpi 200 500 2 6 1675 52
mpi 200 500 2 7 1796 44
mpi 200 500 2 8 1624 96
mpi 200 500 2 9 1837 66
mpi 200 50 2 1 49 0
mpi 200 50 2 10 50 0
mpi 200 50 2 2 51 0
mpi 200 50 2 3 42 0
mpi 200 50 2 4 45 0
mpi 200 50 2 5 49 0
mpi 200 50 2 6 50 0
mpi 200 50 2 7 53 38
mpi 200 50 2 8 46 38
mpi 200 50 2 9 49 38
mpi 200 750 2 1 4088 98
mpi 200 750 2 10 4159 0
mpi 200 750 2 2 3705 75
mpi 200 750 2 3 3558 74
mpi 200 750 2 4 4248 86
mpi 200 750 2 5 3768 85
mpi 200 750 2 6 3464 51
mpi 200 750 2 7 4206 53
mpi 200 750 2 8 3942 57
mpi 200 750 2 9 3971 65
mpi 250 1000 2 1 5374 135
mpi 250 1000 2 10 6037 164
mpi 250 1000 2 2 5357 188
mpi 250 1000 2 3 5769 228
mpi 250 1000 2 4 5363 156
mpi 250 1000 2 5 5897 144
mpi 250 1000 2 6 5204 111
mpi 250 1000 2 7 5647 187
mpi 250 1000 2 8 5583 276
mpi 250 1000 2 9 6024 222
mpi 250 2000 2 1 23592 186
mpi 250 2000 2 10 26246 109
mpi 250 2000 2 2 25557 138
mpi 250 2000 2 3 25367 119
mpi 250 2000 2 4 24341 233
mpi 250 2000 2 5 27110 226
mpi 250 2000 2 6 24764 238
mpi 250 2000 2 7 24457 178
mpi 250 2000 2 8 25870 141
mpi 250 2000 2 9 25264 201
mpi 250 250 2 1 352 93
mpi 250 250 2 10 380 95
mpi 250 250 2 2 404 102
mpi 250 250 2 3 388 96
mpi 250 250 2 4 348 4294966326
mpi 250 250 2 5 431 96
mpi 250 250 2 6 387 93
mpi 250 250 2 7 346 0
mpi 250 250 2 8 373 0
mpi 250 250 2 9 374 110
mpi 250 5000 2 1 160869 234
mpi 250 5000 2 10 175111 270
mpi 250 5000 2 2 183819 208
mpi 250 5000 2 3 162816 175
mpi 250 5000 2 4 173655 228
mpi 250 5000 2 5 164645 210
mpi 250 5000 2 6 174359 273
mpi 250 5000 2 7 169568 221
mpi 250 5000 2 8 169544 228
mpi 250 5000 2 9 171486 137
mpi 250 500 2 1 1337 126
mpi 250 500 2 10 1297 97
mpi 250 500 2 2 1312 148
mpi 250 500 2 3 1355 110
mpi 250 500 2 4 1375 0
mpi 250 500 2 5 1385 113
mpi 250 500 2 6 1452 98
mpi 250 500 2 7 1349 122
mpi 250 500 2 8 1351 105
mpi 250 500 2 9 1514 0
mpi 250 750 2 1 3178 126
mpi 250 750 2 10 3265 150
mpi 250 750 2 2 3296 117
mpi 250 750 2 3 2842 0
mpi 250 750 2 4 3078 0
mpi 250 750 2 5 3184 133
mpi 250 750 2 6 3360 112
mpi 250 750 2 7 3254 0
mpi 250 750 2 8 3738 197
mpi 250 750 2 9 2987 151
mpi 300 1000 2 1 4952 167
mpi 300 1000 2 10 4419 0
mpi 300 1000 2 2 4755 308
mpi 300 1000 2 3 4589 340
mpi 300 1000 2 4 4672 273
mpi 300 1000 2 5 4268 260
mpi 300 1000 2 6 4777 337
mpi 300 1000 2 7 4761 253
mpi 300 1000 2 8 4515 219
mpi 300 1000 2 9 5196 246
mpi 300 2000 2 1 20394 192
mpi 300 2000 2 10 20006 243
mpi 300 2000 2 2 19588 340
mpi 300 2000 2 3 20777 243
mpi 300 2000 2 4 19811 0
mpi 300 2000 2 5 20487 182
mpi 300 2000 2 6 21549 263
mpi 300 2000 2 7 17942 248
mpi 300 2000 2 8 20431 329
mpi 300 2000 2 9 20451 219
mpi 300 250 2 1 266 0
mpi 300 250 2 10 331 154
mpi 300 250 2 2 352 168
mpi 300 250 2 3 362 155
mpi 300 250 2 4 332 160
mpi 300 250 2 5 343 154
mpi 300 250 2 6 315 159
mpi 300 250 2 7 340 164
mpi 300 250 2 8 334 150
mpi 300 250 2 9 325 187
mpi 300 5000 2 1 138810 486
mpi 300 5000 2 10 135135 295
mpi 300 5000 2 2 150542 324
mpi 300 5000 2 3 144509 256
mpi 300 5000 2 4 136176 400
mpi 300 5000 2 5 131076 271
mpi 300 5000 2 6 137336 258
mpi 300 5000 2 7 143187 256
mpi 300 5000 2 8 134344 0
mpi 300 5000 2 9 147448 253
mpi 300 500 2 1 1112 169
mpi 300 500 2 10 1322 224
mpi 300 500 2 2 1072 245
mpi 300 500 2 3 1118 206
mpi 300 500 2 4 1129 155
mpi 300 500 2 5 1184 180
mpi 300 500 2 6 1187 203
mpi 300 500 2 7 1167 173
mpi 300 500 2 8 1136 194
mpi 300 500 2 9 1166 175
mpi 300 750 2 1 2572 172
mpi 300 750 2 10 2658 163
mpi 300 750 2 2 3105 277
mpi 300 750 2 3 2770 159
mpi 300 750 2 4 2694 176
mpi 300 750 2 5 2329 173
mpi 300 750 2 6 2332 307
mpi 300 750 2 7 2623 214
mpi 300 750 2 8 2470 256
mpi 300 750 2 9 2760 265
mpi 50 100 2 1 322 1
mpi 50 100 2 10 255 0
mpi 50 100 2 2 225 0
mpi 50 100 2 3 204 0
mpi 50 100 2 4 323 1
mpi 50 100 2 5 272 1
mpi 50 100 2 6 274 0
mpi 50 100 2 7 241 2
mpi 50 100 2 8 289 0
mpi 50 100 2 9 282 1
mpi 50 250 2 1 1880 2
mpi 50 250 2 10 1595 0
mpi 50 250 2 2 1982 0
mpi 50 250 2 3 1874 3
mpi 50 250 2 4 1616 0
mpi 50 250 2 5 1791 1
mpi 50 250 2 6 1872 3
mpi 50 250 2 7 1785 0
mpi 50 250 2 8 2050 1
mpi 50 250 2 9 1998 0
mpi 50 500 2 1 7997 1
mpi 50 500 2 10 8122 2
mpi 50 500 2 2 6904 0
mpi 50 500 2 3 9825 0
mpi 50 500 2 4 9655 1
mpi 50 500 2 5 7962 2
mpi 50 500 2 6 7380 2
mpi 50 500 2 7 7606 2
mpi 50 500 2 8 7304 1
mpi 50 500 2 9 8203 4
mpi 50 50 2 1 62 2
mpi 50 50 2 10 73 0
mpi 50 50 2 2 64 0
mpi 50 50 2 3 71 1
mpi 50 50 2 4 70 0
mpi 50 50 2 5 64 1
mpi 50 50 2 6 77 0
mpi 50 50 2 7 72 1
mpi 50 50 2 8 62 1
mpi 50 50 2 9 82 1
mpi 50 750 2 1 15698 3
mpi 50 750 2 10 19727 0
mpi 50 750 2 2 21082 2
mpi 50 750 2 3 17054 2
mpi 50 750 2 4 21258 3
mpi 50 750 2 5 16253 3
mpi 50 750 2 6 18554 0
mpi 50 750 2 7 19521 0
mpi 50 750 2 8 23067 1
mpi 50 750 2 9 20409 3