mpi 100 100 2 1 192 0
mpi 100 100 2 10 146 0
mpi 100 100 2 2 167 0
mpi 100 100 2 3 144 0
mpi 100 100 2 4 119 0
mpi 100 100 2 5 151 0
mpi 100 100 2 6 139 0
mpi 100 100 2 7 182 0
mpi 100 100 2 8 159 0
mpi 100 100 2 9 147 0
mpi 100 250 2 1 932 0
mpi 100 250 2 10 833 0
mpi 100 250 2 2 1032 0
mpi 100 250 2 3 916 0
mpi 100 250 2 4 974 0
mpi 100 250 2 5 1021 0
mpi 100 250 2 6 756 0
mpi 100 250 2 7 952 0
mpi 100 250 2 8 900 0
mpi 100 250 2 9 973 0
mpi 100 500 2 1 4474 0
mpi 100 500 2 10 3651 0
mpi 100 500 2 2 4259 0
mpi 100 500 2 3 4020 0
mpi 100 500 2 4 4485 0
mpi 100 500 2 5 3822 0
mpi 100 500 2 6 4022 0
mpi 100 500 2 7 3593 0
mpi 100 500 2 8 3450 0
mpi 100 500 2 9 3989 0
mpi 100 50 2 1 60 0
mpi 100 50 2 10 64 0
mpi 100 50 2 2 50 0
mpi 100 50 2 3 79 0
mpi 100 50 2 4 68 0
mpi 100 50 2 5 54 0
mpi 100 50 2 6 67 0
mpi 100 50 2 7 60 0
mpi 100 50 2 8 54 0
mpi 100 50 2 9 47 0
mpi 100 750 2 1 10292 0
mpi 100 750 2 10 9736 0
mpi 100 750 2 2 8272 0
mpi 100 750 2 3 9590 0
mpi 100 750 2 4 10284 0
mpi 100 750 2 5 9460 0
mpi 100 750 2 6 10307 0
mpi 100 750 2 7 9837 0
mpi 100 750 2 8 8147 0
mpi 100 750 2 9 10621 0
mpi 150 100 2 1 101 0
mpi 150 100 2 10 113 0
mpi 150 100 2 2 145 0
mpi 150 100 2 3 144 0
mpi 150 100 2 4 142 0
mpi 150 100 2 5 133 0
mpi 150 100 2 6 142 0
mpi 150 100 2 7 143 0
mpi 150 100 2 8 125 0
mpi 150 100 2 9 117 0
mpi 150 250 2 1 577 0
mpi 150 250 2 10 677 0
mpi 150 250 2 2 670 0
mpi 150 250 2 3 628 0
mpi 150 250 2 4 577 0
mpi 150 250 2 5 566 0
mpi 150 250 2 6 594 0
mpi 150 250 2 7 558 0
mpi 150 250 2 8 564 0
mpi 150 250 2 9 653 0
mpi 150 500 2 1 2350 0
mpi 150 500 2 10 2292 0
mpi 150 500 2 2 2355 0
mpi 150 500 2 3 2560 0
mpi 150 500 2 4 2521 0
mpi 150 500 2 5 2724 0
mpi 150 500 2 6 2286 1
mpi 150 500 2 7 2502 0
mpi 150 500 2 8 2503 0
mpi 150 500 2 9 2275 0
mpi 150 50 2 1 53 0
mpi 150 50 2 10 51 0
mpi 150 50 2 2 60 0
mpi 150 50 2 3 54 0
mpi 150 50 2 4 64 0
mpi 150 50 2 5 50 0
mpi 150 50 2 6 51 0
mpi 150 50 2 7 53 0
mpi 150 50 2 8 50 0
mpi 150 50 2 9 49 0
mpi 150 750 2 1 6007 1
mpi 150 750 2 10 5981 1
mpi 150 750 2 2 5779 0
mpi 150 750 2 3 5414 0
mpi 150 750 2 4 5725 0
mpi 150 750 2 5 5266 1
mpi 150 750 2 6 5556 0
mpi 150 750 2 7 5575 0
mpi 150 750 2 8 6031 0
mpi 150 750 2 9 5730 0
mpi 200 100 2 1 118 0
mpi 200 100 2 10 127 0
mpi 200 100 2 2 119 0
mpi 200 100 2 3 113 0
mpi 200 100 2 4 125 0
mpi 200 100 2 5 115 0
mpi 200 100 2 6 117 0
mpi 200 100 2 7 98 0
mpi 200 100 2 8 125 0
mpi 200 100 2 9 115 0
mpi 200 250 2 1 438 0
mpi 200 250 2 10 454 0
mpi 200 250 2 2 456 0
mpi 200 250 2 3 425 0
mpi 200 250 2 4 432 0
mpi 200 250 2 5 534 0
mpi 200 250 2 6 440 0
mpi 200 250 2 7 440 1
mpi 200 250 2 8 482 0
mpi 200 250 2 9 474 1
mpi 200 500 2 1 1759 1
mpi 200 500 2 10 1610 1
mpi 200 500 2 2 1953 1
mpi 200 500 2 3 1857 1
mpi 200 500 2 4 2019 1
mpi 200 500 2 5 1723 1
mpi 200 500 2 6 1764 1
mpi 200 500 2 7 1860 1
mpi 200 500 2 8 1769 1
mpi 200 500 2 9 1950 1
mpi 200 50 2 1 51 0
mpi 200 50 2 10 54 0
mpi 200 50 2 2 55 0
mpi 200 50 2 3 43 0
mpi 200 50 2 4 46 0
mpi 200 50 2 5 52 0
mpi 200 50 2 6 52 0
mpi 200 50 2 7 57 0
mpi 200 50 2 8 47 0
mpi 200 50 2 9 52 0
mpi 200 750 2 1 4356 1
mpi 200 750 2 10 4348 1
mpi 200 750 2 2 3968 1
mpi 200 750 2 3 3827 1
mpi 200 750 2 4 4753 1
mpi 200 750 2 5 3995 1
mpi 200 750 2 6 3640 1
mpi 200 750 2 7 4597 1
mpi 200 750 2 8 4241 1
mpi 200 750 2 9 4193 1
mpi 250 1000 2 1 5719 3
mpi 250 1000 2 10 6351 2
mpi 250 1000 2 2 5764 4
mpi 250 1000 2 3 6165 3
mpi 250 1000 2 4 5642 3
mpi 250 1000 2 5 6201 4
mpi 250 1000 2 6 5628 3
mpi 250 1000 2 7 5991 3
mpi 250 1000 2 8 6090 2
mpi 250 1000 2 9 6318 4
mpi 250 2000 2 1 25044 2
mpi 250 2000 2 10 27940 2
mpi 250 2000 2 2 26784 3
mpi 250 2000 2 3 26550 5
mpi 250 2000 2 4 25629 4
mpi 250 2000 2 5 28553 3
mpi 250 2000 2 6 26664 2
mpi 250 2000 2 7 25856 4
mpi 250 2000 2 8 27223 3
mpi 250 2000 2 9 27065 2
mpi 250 250 2 1 360 1
mpi 250 250 2 10 398 1
mpi 250 250 2 2 439 1
mpi 250 250 2 3 406 1
mpi 250 250 2 4 355 2
mpi 250 250 2 5 455 1
mpi 250 250 2 6 398 1
mpi 250 250 2 7 359 1
mpi 250 250 2 8 380 1
mpi 250 250 2 9 402 1
mpi 250 5000 2 1 167345 2
mpi 250 5000 2 10 182032 1
mpi 250 5000 2 2 193308 2
mpi 250 5000 2 3 171329 2
mpi 250 5000 2 4 183790 2
mpi 250 5000 2 5 174623 2
mpi 250 5000 2 6 181058 2
mpi 250 5000 2 7 178960 2
mpi 250 5000 2 8 176771 2
mpi 250 5000 2 9 177949 2
mpi 250 500 2 1 1408 3
mpi 250 500 2 10 1472 2
mpi 250 500 2 2 1364 2
mpi 250 500 2 3 1443 3
mpi 250 500 2 4 1462 3
mpi 250 500 2 5 1434 2
mpi 250 500 2 6 1527 2
mpi 250 500 2 7 1435 2
mpi 250 500 2 8 1388 3
mpi 250 500 2 9 1617 3
mpi 250 750 2 1 3346 3
mpi 250 750 2 10 3410 3
mpi 250 750 2 2 3470 4
mpi 250 750 2 3 2983 3
mpi 250 750 2 4 3188 4
mpi 250 750 2 5 3332 3
mpi 250 750 2 6 3526 3
mpi 250 750 2 7 3495 3
mpi 250 750 2 8 3991 3
mpi 250 750 2 9 3173 3
mpi 300 1000 2 1 5247 6
mpi 300 1000 2 10 4738 5
mpi 300 1000 2 2 4911 4
mpi 300 1000 2 3 4784 4
mpi 300 1000 2 4 4808 4
mpi 300 1000 2 5 4557 4
mpi 300 1000 2 6 4940 4
mpi 300 1000 2 7 5016 5
mpi 300 1000 2 8 4676 5
mpi 300 1000 2 9 5467 5
mpi 300 2000 2 1 21372 5
mpi 300 2000 2 10 21160 4
mpi 300 2000 2 2 21110 4
mpi 300 2000 2 3 21469 5
mpi 300 2000 2 4 21214 4
mpi 300 2000 2 5 21520 6
mpi 300 2000 2 6 22612 5
mpi 300 2000 2 7 18757 5
mpi 300 2000 2 8 21665 5
mpi 300 2000 2 9 22364 2
mpi 300 250 2 1 284 0
mpi 300 250 2 10 357 1
mpi 300 250 2 2 377 1
mpi 300 250 2 3 404 0
mpi 300 250 2 4 361 0
mpi 300 250 2 5 362 1
mpi 300 250 2 6 327 1
mpi 300 250 2 7 361 1
mpi 300 250 2 8 350 1
mpi 300 250 2 9 346 1
mpi 300 5000 2 1 142618 4
mpi 300 5000 2 10 142337 3
mpi 300 5000 2 2 156989 4
mpi 300 5000 2 3 150328 4
mpi 300 5000 2 4 144012 3
mpi 300 5000 2 5 136506 4
mpi 300 5000 2 6 146325 2
mpi 300 5000 2 7 147563 5
mpi 300 5000 2 8 141785 4
mpi 300 5000 2 9 154652 3
mpi 300 500 2 1 1156 3
mpi 300 500 2 10 1432 4
mpi 300 500 2 2 1136 3
mpi 300 500 2 3 1149 3
mpi 300 500 2 4 1166 4
mpi 300 500 2 5 1230 4
mpi 300 500 2 6 1233 4
mpi 300 500 2 7 1256 4
mpi 300 500 2 8 1238 3
mpi 300 500 2 9 1203 3
mpi 300 750 2 1 2735 4
mpi 300 750 2 10 2781 4
mpi 300 750 2 2 3205 6
mpi 300 750 2 3 2846 5
mpi 300 750 2 4 2827 5
mpi 300 750 2 5 2457 4
mpi 300 750 2 6 2466 5
mpi 300 750 2 7 2712 4
mpi 300 750 2 8 2579 4
mpi 300 750 2 9 2875 4
mpi 50 100 2 1 329 0
mpi 50 100 2 10 322 0
mpi 50 100 2 2 234 0
mpi 50 100 2 3 227 0
mpi 50 100 2 4 371 0
mpi 50 100 2 5 299 0
mpi 50 100 2 6 291 0
mpi 50 100 2 7 252 0
mpi 50 100 2 8 319 0
mpi 50 100 2 9 294 0
mpi 50 250 2 1 2064 0
mpi 50 250 2 10 1692 0
mpi 50 250 2 2 2171 0
mpi 50 250 2 3 2054 0
mpi 50 250 2 4 1780 0
mpi 50 250 2 5 1935 0
mpi 50 250 2 6 2109 0
mpi 50 250 2 7 1993 0
mpi 50 250 2 8 2154 0
mpi 50 250 2 9 2170 0
mpi 50 500 2 1 8442 0
mpi 50 500 2 10 8563 0
mpi 50 500 2 2 7650 0
mpi 50 500 2 3 10416 0
mpi 50 500 2 4 10511 0
mpi 50 500 2 5 8208 0
mpi 50 500 2 6 8040 0
mpi 50 500 2 7 7961 0
mpi 50 500 2 8 7666 0
mpi 50 500 2 9 8481 0
mpi 50 50 2 1 70 0
mpi 50 50 2 10 77 0
mpi 50 50 2 2 68 0
mpi 50 50 2 3 74 0
mpi 50 50 2 4 74 0
mpi 50 50 2 5 67 0
mpi 50 50 2 6 83 0
mpi 50 50 2 7 78 0
mpi 50 50 2 8 63 0
mpi 50 50 2 9 90 0
mpi 50 750 2 1 16388 0
mpi 50 750 2 10 20856 0
mpi 50 750 2 2 22132 0
mpi 50 750 2 3 18115 0
mpi 50 750 2 4 21904 0
mpi 50 750 2 5 17769 0
mpi 50 750 2 6 18930 0
mpi 50 750 2 7 20361 0
mpi 50 750 2 8 24133 0
mpi 50 750 2 9 21268 0