mpi 100 1000 1 1 5570 0
mpi 100 1000 1 10 5707 0
mpi 100 1000 1 2 5249 0
mpi 100 1000 1 3 5869 0
mpi 100 1000 1 4 5390 0
mpi 100 1000 1 5 6050 0
mpi 100 1000 1 6 5799 0
mpi 100 1000 1 7 5183 0
mpi 100 1000 1 8 5602 0
mpi 100 1000 1 9 5749 0
mpi 100 100 1 1 2685 0
mpi 100 100 1 10 2715 0
mpi 100 100 1 2 2805 0
mpi 100 100 1 3 2882 0
mpi 100 100 1 4 2374 0
mpi 100 100 1 5 2611 0
mpi 100 100 1 6 2749 0
mpi 100 100 1 7 2606 0
mpi 100 100 1 8 2608 0
mpi 100 100 1 9 2623 0
mpi 100 2000 1 1 6766 0
mpi 100 2000 1 10 6944 0
mpi 100 2000 1 2 5766 0
mpi 100 2000 1 3 6006 0
mpi 100 2000 1 4 5718 0
mpi 100 2000 1 5 6518 0
mpi 100 2000 1 6 6177 0
mpi 100 2000 1 7 6485 0
mpi 100 2000 1 8 6520 0
mpi 100 2000 1 9 6943 0
mpi 100 250 1 1 4026 0
mpi 100 250 1 10 4122 0
mpi 100 250 1 2 3935 0
mpi 100 250 1 3 3696 0
mpi 100 250 1 4 3719 0
mpi 100 250 1 5 3641 0
mpi 100 250 1 6 4466 0
mpi 100 250 1 7 3874 0
mpi 100 250 1 8 3778 0
mpi 100 250 1 9 4261 0
mpi 100 500 1 1 4615 0
mpi 100 500 1 10 4625 0
mpi 100 500 1 2 5559 0
mpi 100 500 1 3 4710 0
mpi 100 500 1 4 5149 0
mpi 100 500 1 5 4699 0
mpi 100 500 1 6 4944 0
mpi 100 500 1 7 5009 0
mpi 100 500 1 8 4613 0
mpi 100 500 1 9 4695 0
mpi 100 750 1 1 5299 0
mpi 100 750 1 10 5538 0
mpi 100 750 1 2 5214 0
mpi 100 750 1 3 5402 0
mpi 100 750 1 4 5679 0
mpi 100 750 1 5 5497 0
mpi 100 750 1 6 5878 0
mpi 100 750 1 7 5366 0
mpi 100 750 1 8 5069 0
mpi 100 750 1 9 5231 0
mpi 150 1000 1 1 7752 0
mpi 150 1000 1 10 8256 0
mpi 150 1000 1 2 7321 0
mpi 150 1000 1 3 7568 0
mpi 150 1000 1 4 8069 0
mpi 150 1000 1 5 8201 0
mpi 150 1000 1 6 7998 0
mpi 150 1000 1 7 8205 0
mpi 150 1000 1 8 9178 0
mpi 150 1000 1 9 7845 0
mpi 150 150 1 1 3977 0
mpi 150 150 1 10 3989 0
mpi 150 150 1 2 4137 0
mpi 150 150 1 3 4198 0
mpi 150 150 1 4 4039 0
mpi 150 150 1 5 3859 0
mpi 150 150 1 6 3749 0
mpi 150 150 1 7 3763 0
mpi 150 150 1 8 3962 0
mpi 150 150 1 9 3722 0
mpi 150 2000 1 1 9096 0
mpi 150 2000 1 10 9052 1
mpi 150 2000 1 2 8523 0
mpi 150 2000 1 3 8273 0
mpi 150 2000 1 4 9486 0
mpi 150 2000 1 5 9344 0
mpi 150 2000 1 6 8882 1
mpi 150 2000 1 7 9527 0
mpi 150 2000 1 8 9213 0
mpi 150 2000 1 9 8572 0
mpi 150 250 1 1 4897 0
mpi 150 250 1 10 4918 0
mpi 150 250 1 2 5017 0
mpi 150 250 1 3 4693 0
mpi 150 250 1 4 4982 0
mpi 150 250 1 5 5440 0
mpi 150 250 1 6 5150 0
mpi 150 250 1 7 5194 0
mpi 150 250 1 8 5457 0
mpi 150 250 1 9 4726 0
mpi 150 3000 1 1 9008 0
mpi 150 3000 1 10 9437 0
mpi 150 3000 1 2 9366 0
mpi 150 3000 1 3 8849 1
mpi 150 3000 1 4 9336 1
mpi 150 3000 1 5 9269 1
mpi 150 3000 1 6 9597 0
mpi 150 3000 1 7 8657 1
mpi 150 3000 1 8 9276 0
mpi 150 3000 1 9 8808 0
mpi 150 500 1 1 6728 0
mpi 150 500 1 10 6884 0
mpi 150 500 1 2 6315 0
mpi 150 500 1 3 6528 0
mpi 150 500 1 4 6195 0
mpi 150 500 1 5 6567 0
mpi 150 500 1 6 6253 0
mpi 150 500 1 7 6379 0
mpi 150 500 1 8 5838 0
mpi 150 500 1 9 6735 0
mpi 150 750 1 1 7535 0
mpi 150 750 1 10 7461 0
mpi 150 750 1 2 7857 0
mpi 150 750 1 3 6804 0
mpi 150 750 1 4 7723 0
mpi 150 750 1 5 6642 0
mpi 150 750 1 6 7505 0
mpi 150 750 1 7 7171 0
mpi 150 750 1 8 7367 0
mpi 150 750 1 9 7747 0
mpi 200 1000 1 1 9697 1
mpi 200 1000 1 10 9366 0
mpi 200 1000 1 2 10038 1
mpi 200 1000 1 3 9644 0
mpi 200 1000 1 4 9891 1
mpi 200 1000 1 5 9580 1
mpi 200 1000 1 6 9896 1
mpi 200 1000 1 7 9265 1
mpi 200 1000 1 8 9723 1
mpi 200 1000 1 9 10146 1
mpi 200 2000 1 1 11624 1
mpi 200 2000 1 10 11205 0
mpi 200 2000 1 2 11410 1
mpi 200 2000 1 3 11319 1
mpi 200 2000 1 4 11938 1
mpi 200 2000 1 5 11716 1
mpi 200 2000 1 6 11553 1
mpi 200 2000 1 7 11363 1
mpi 200 2000 1 8 10694 1
mpi 200 2000 1 9 11770 1
mpi 200 250 1 1 5763 0
mpi 200 250 1 10 6172 0
mpi 200 250 1 2 5540 0
mpi 200 250 1 3 5405 0
mpi 200 250 1 4 5408 0
mpi 200 250 1 5 5415 0
mpi 200 250 1 6 5417 0
mpi 200 250 1 7 5944 0
mpi 200 250 1 8 6069 0
mpi 200 250 1 9 5762 0
mpi 200 3000 1 1 12177 1
mpi 200 3000 1 10 12074 1
mpi 200 3000 1 2 12170 1
mpi 200 3000 1 3 11971 1
mpi 200 3000 1 4 12335 1
mpi 200 3000 1 5 12332 1
mpi 200 3000 1 6 12495 1
mpi 200 3000 1 7 11583 1
mpi 200 3000 1 8 11917 1
mpi 200 3000 1 9 11913 1
mpi 200 500 1 1 7762 0
mpi 200 500 1 10 7685 0
mpi 200 500 1 2 7172 1
mpi 200 500 1 3 7249 1
mpi 200 500 1 4 8088 1
mpi 200 500 1 5 7956 0
mpi 200 500 1 6 7608 0
mpi 200 500 1 7 7892 0
mpi 200 500 1 8 8491 0
mpi 200 500 1 9 8265 0
mpi 200 750 1 1 8731 1
mpi 200 750 1 10 8795 1
mpi 200 750 1 2 8805 1
mpi 200 750 1 3 8700 1
mpi 200 750 1 4 9049 1
mpi 200 750 1 5 9034 1
mpi 200 750 1 6 8740 1
mpi 200 750 1 7 9139 0
mpi 200 750 1 8 8619 0
mpi 200 750 1 9 9227 0
mpi 250 1000 1 1 11250 2
mpi 250 1000 1 10 11944 2
mpi 250 1000 1 2 11924 3
mpi 250 1000 1 3 11119 3
mpi 250 1000 1 4 11440 2
mpi 250 1000 1 5 10836 2
mpi 250 1000 1 6 11750 3
mpi 250 1000 1 7 11175 3
mpi 250 1000 1 8 11737 2
mpi 250 1000 1 9 11817 2
mpi 250 2000 1 1 13087 1
mpi 250 2000 1 10 14295 2
mpi 250 2000 1 2 12595 3
mpi 250 2000 1 3 13580 3
mpi 250 2000 1 4 14030 1
mpi 250 2000 1 5 12812 3
mpi 250 2000 1 6 13651 2
mpi 250 2000 1 7 13137 3
mpi 250 2000 1 8 13976 2
mpi 250 2000 1 9 12705 3
mpi 250 250 1 1 6073 0
mpi 250 250 1 10 6721 0
mpi 250 250 1 2 6569 1
mpi 250 250 1 3 6230 0
mpi 250 250 1 4 6770 0
mpi 250 250 1 5 6423 0
mpi 250 250 1 6 6413 0
mpi 250 250 1 7 6079 0
mpi 250 250 1 8 6447 0
mpi 250 250 1 9 6603 0
mpi 250 3000 1 1 14930 3
mpi 250 3000 1 10 14315 3
mpi 250 3000 1 2 13920 3
mpi 250 3000 1 3 15113 4
mpi 250 3000 1 4 15758 2
mpi 250 3000 1 5 13963 2
mpi 250 3000 1 6 15019 2
mpi 250 3000 1 7 14502 2
mpi 250 3000 1 8 14247 3
mpi 250 3000 1 9 14262 3
mpi 250 5000 1 1 15930 3
mpi 250 5000 1 10 15857 3
mpi 250 5000 1 2 15008 2
mpi 250 5000 1 3 15687 2
mpi 250 5000 1 4 15642 3
mpi 250 5000 1 5 15102 1
mpi 250 5000 1 6 15248 2
mpi 250 5000 1 7 16715 2
mpi 250 5000 1 8 16018 3
mpi 250 5000 1 9 14006 3
mpi 250 500 1 1 8832 1
mpi 250 500 1 10 9025 1
mpi 250 500 1 2 9116 1
mpi 250 500 1 3 9292 1
mpi 250 500 1 4 8862 1
mpi 250 500 1 5 8941 1
mpi 250 500 1 6 8912 1
mpi 250 500 1 7 9195 2
mpi 250 500 1 8 8919 1
mpi 250 500 1 9 9214 1
mpi 250 750 1 1 10556 2
mpi 250 750 1 10 11096 1
mpi 250 750 1 2 9936 2
mpi 250 750 1 3 10238 1
mpi 250 750 1 4 9880 2
mpi 250 750 1 5 10315 1
mpi 250 750 1 6 10704 1
mpi 250 750 1 7 10376 3
mpi 250 750 1 8 10696 2
mpi 250 750 1 9 10422 2
mpi 300 1000 1 1 12415 4
mpi 300 1000 1 10 12347 4
mpi 300 1000 1 2 12880 2
mpi 300 1000 1 3 13015 5
mpi 300 1000 1 4 12575 4
mpi 300 1000 1 5 12697 4
mpi 300 1000 1 6 12891 2
mpi 300 1000 1 7 12748 3
mpi 300 1000 1 8 13071 2
mpi 300 1000 1 9 12559 2
mpi 300 2000 1 1 15787 3
mpi 300 2000 1 10 14734 3
mpi 300 2000 1 2 15902 3
mpi 300 2000 1 3 15962 3
mpi 300 2000 1 4 15069 4
mpi 300 2000 1 5 15829 3
mpi 300 2000 1 6 16170 4
mpi 300 2000 1 7 16069 2
mpi 300 2000 1 8 15956 4
mpi 300 2000 1 9 15837 3
mpi 300 3000 1 1 17326 4
mpi 300 3000 1 10 17206 2
mpi 300 3000 1 2 16954 2
mpi 300 3000 1 3 17344 4
mpi 300 3000 1 4 16588 2
mpi 300 3000 1 5 17182 4
mpi 300 3000 1 6 17436 5
mpi 300 3000 1 7 16697 4
mpi 300 3000 1 8 16875 3
mpi 300 3000 1 9 17144 3
mpi 300 300 1 1 7507 0
mpi 300 300 1 10 7587 1
mpi 300 300 1 2 8160 1
mpi 300 300 1 3 7812 0
mpi 300 300 1 4 7357 1
mpi 300 300 1 5 7231 1
mpi 300 300 1 6 7755 1
mpi 300 300 1 7 8248 1
mpi 300 300 1 8 7849 1
mpi 300 300 1 9 8139 1
mpi 300 5000 1 1 18224 3
mpi 300 5000 1 10 17952 4
mpi 300 5000 1 2 17897 4
mpi 300 5000 1 3 18727 5
mpi 300 5000 1 4 17515 3
mpi 300 5000 1 5 18771 4
mpi 300 5000 1 6 18147 4
mpi 300 5000 1 7 19200 4
mpi 300 5000 1 8 18341 3
mpi 300 5000 1 9 17442 4
mpi 300 500 1 1 9628 1
mpi 300 500 1 10 10164 1
mpi 300 500 1 2 11291 2
mpi 300 500 1 3 9902 2
mpi 300 500 1 4 9793 1
mpi 300 500 1 5 9393 1
mpi 300 500 1 6 10060 2
mpi 300 500 1 7 9228 2
mpi 300 500 1 8 10130 2
mpi 300 500 1 9 10805 2
mpi 300 750 1 1 12275 2
mpi 300 750 1 10 10505 3
mpi 300 750 1 2 11591 2
mpi 300 750 1 3 11881 2
mpi 300 750 1 4 12056 2
mpi 300 750 1 5 11234 3
mpi 300 750 1 6 11723 3
mpi 300 750 1 7 11806 3
mpi 300 750 1 8 12087 3
mpi 300 750 1 9 12499 2
mpi 50 1000 1 1 3484 0
mpi 50 1000 1 10 3385 0
mpi 50 1000 1 2 2876 0
mpi 50 1000 1 3 2972 0
mpi 50 1000 1 4 3400 0
mpi 50 1000 1 5 3107 0
mpi 50 1000 1 6 3191 0
mpi 50 1000 1 7 2963 0
mpi 50 1000 1 8 3114 0
mpi 50 1000 1 9 3116 0
mpi 50 100 1 1 1574 0
mpi 50 100 1 10 1700 0
mpi 50 100 1 2 1778 0
mpi 50 100 1 3 1610 0
mpi 50 100 1 4 1700 0
mpi 50 100 1 5 1900 0
mpi 50 100 1 6 1780 0
mpi 50 100 1 7 1803 0
mpi 50 100 1 8 1936 0
mpi 50 100 1 9 1933 0
mpi 50 250 1 1 2618 0
mpi 50 250 1 10 2598 0
mpi 50 250 1 2 2655 0
mpi 50 250 1 3 2370 0
mpi 50 250 1 4 2632 0
mpi 50 250 1 5 2154 0
mpi 50 250 1 6 2294 0
mpi 50 250 1 7 2585 0
mpi 50 250 1 8 2283 0
mpi 50 250 1 9 2237 0
mpi 50 500 1 1 2713 0
mpi 50 500 1 10 2706 0
mpi 50 500 1 2 3153 0
mpi 50 500 1 3 2842 0
mpi 50 500 1 4 2778 0
mpi 50 500 1 5 3004 0
mpi 50 500 1 6 2962 0
mpi 50 500 1 7 2641 0
mpi 50 500 1 8 2896 0
mpi 50 500 1 9 2938 0
mpi 50 50 1 1 1098 0
mpi 50 50 1 10 1287 0
mpi 50 50 1 2 1401 0
mpi 50 50 1 3 1266 0
mpi 50 50 1 4 1484 0
mpi 50 50 1 5 1238 0
mpi 50 50 1 6 1180 0
mpi 50 50 1 7 997 0
mpi 50 50 1 8 1470 0
mpi 50 50 1 9 1808 0
mpi 50 750 1 1 3224 0
mpi 50 750 1 10 2710 0
mpi 50 750 1 2 3057 0
mpi 50 750 1 3 3030 0
mpi 50 750 1 4 3145 0
mpi 50 750 1 5 2954 0
mpi 50 750 1 6 2922 0
mpi 50 750 1 7 3615 0
mpi 50 750 1 8 2871 0
mpi 50 750 1 9 3104 0