spi 10 10 1 1 375 0
spi 10 10 1 10 172 0
spi 10 10 1 2 210 0
spi 10 10 1 3 280 0
spi 10 10 1 4 169 0
spi 10 10 1 5 454 0
spi 10 10 1 6 317 0
spi 10 10 1 7 468 0
spi 10 10 1 8 208 0
spi 10 10 1 9 247 0
spi 10 20 1 1 308 0
spi 10 20 1 10 538 0
spi 10 20 1 2 410 0
spi 10 20 1 3 479 0
spi 10 20 1 4 454 0
spi 10 20 1 5 524 0
spi 10 20 1 6 341 0
spi 10 20 1 7 401 0
spi 10 20 1 8 438 0
spi 10 20 1 9 512 0
spi 10 30 1 1 389 0
spi 10 30 1 10 361 0
spi 10 30 1 2 566 0
spi 10 30 1 3 533 0
spi 10 30 1 4 575 0
spi 10 30 1 5 397 0
spi 10 30 1 6 540 0
spi 10 30 1 7 615 0
spi 10 30 1 8 546 0
spi 10 30 1 9 480 0
spi 10 40 1 1 637 0
spi 10 40 1 10 600 0
spi 10 40 1 2 504 0
spi 10 40 1 3 593 0
spi 10 40 1 4 367 0
spi 10 40 1 5 524 0
spi 10 40 1 6 427 0
spi 10 40 1 7 581 0
spi 10 40 1 8 561 0
spi 10 40 1 9 443 0
spi 15 100 1 1 886 0
spi 15 100 1 10 890 0
spi 15 100 1 2 859 0
spi 15 100 1 3 862 0
spi 15 100 1 4 1030 0
spi 15 100 1 5 1103 0
spi 15 100 1 6 850 0
spi 15 100 1 7 775 0
spi 15 100 1 8 957 0
spi 15 100 1 9 918 0
spi 15 20 1 1 521 0
spi 15 20 1 10 455 0
spi 15 20 1 2 546 0
spi 15 20 1 3 526 0
spi 15 20 1 4 462 0
spi 15 20 1 5 423 0
spi 15 20 1 6 510 0
spi 15 20 1 7 534 0
spi 15 20 1 8 435 0
spi 15 20 1 9 573 0
spi 15 40 1 1 466 0
spi 15 40 1 10 795 0
spi 15 40 1 2 666 0
spi 15 40 1 3 539 0
spi 15 40 1 4 672 0
spi 15 40 1 5 572 0
spi 15 40 1 6 548 0
spi 15 40 1 7 613 0
spi 15 40 1 8 867 0
spi 15 40 1 9 632 0
spi 15 60 1 1 749 0
spi 15 60 1 10 649 0
spi 15 60 1 2 633 0
spi 15 60 1 3 778 0
spi 15 60 1 4 732 0
spi 15 60 1 5 678 0
spi 15 60 1 6 749 0
spi 15 60 1 7 821 0
spi 15 60 1 8 628 0
spi 15 60 1 9 787 0
spi 15 80 1 1 840 0
spi 15 80 1 10 921 0
spi 15 80 1 2 1102 0
spi 15 80 1 3 796 0
spi 15 80 1 4 879 0
spi 15 80 1 5 687 0
spi 15 80 1 6 862 0
spi 15 80 1 7 906 0
spi 15 80 1 8 687 0
spi 15 80 1 9 843 0
spi 20 100 1 1 1268 0
spi 20 100 1 10 918 0
spi 20 100 1 2 1046 0
spi 20 100 1 3 1074 0
spi 20 100 1 4 1130 0
spi 20 100 1 5 1121 0
spi 20 100 1 6 1020 0
spi 20 100 1 7 974 0
spi 20 100 1 8 1103 0
spi 20 100 1 9 1309 0
spi 20 120 1 1 1217 0
spi 20 120 1 10 1047 0
spi 20 120 1 2 1168 0
spi 20 120 1 3 1016 0
spi 20 120 1 4 1102 0
spi 20 120 1 5 967 0
spi 20 120 1 6 1182 0
spi 20 120 1 7 1009 0
spi 20 120 1 8 1016 0
spi 20 120 1 9 1058 0
spi 20 20 1 1 624 0
spi 20 20 1 10 408 0
spi 20 20 1 2 483 0
spi 20 20 1 3 536 0
spi 20 20 1 4 491 0
spi 20 20 1 5 466 0
spi 20 20 1 6 628 0
spi 20 20 1 7 603 0
spi 20 20 1 8 419 0
spi 20 20 1 9 546 0
spi 20 40 1 1 818 0
spi 20 40 1 10 686 0
spi 20 40 1 2 612 0
spi 20 40 1 3 900 0
spi 20 40 1 4 871 0
spi 20 40 1 5 954 0
spi 20 40 1 6 664 0
spi 20 40 1 7 1002 0
spi 20 40 1 8 950 0
spi 20 40 1 9 833 0
spi 20 60 1 1 812 0
spi 20 60 1 10 973 0
spi 20 60 1 2 915 0
spi 20 60 1 3 900 0
spi 20 60 1 4 1044 0
spi 20 60 1 5 916 0
spi 20 60 1 6 1013 0
spi 20 60 1 7 1036 0
spi 20 60 1 8 949 0
spi 20 60 1 9 1026 0
spi 20 80 1 1 993 0
spi 20 80 1 10 963 0
spi 20 80 1 2 920 0
spi 20 80 1 3 851 0
spi 20 80 1 4 943 0
spi 20 80 1 5 1219 0
spi 20 80 1 6 857 0
spi 20 80 1 7 982 0
spi 20 80 1 8 934 0
spi 20 80 1 9 977 0
spi 25 100 1 1 1097 0
spi 25 100 1 10 1393 0
spi 25 100 1 2 1395 0
spi 25 100 1 3 1295 0
spi 25 100 1 4 1239 0
spi 25 100 1 5 1046 0
spi 25 100 1 6 1206 0
spi 25 100 1 7 1131 0
spi 25 100 1 8 1346 0
spi 25 100 1 9 1606 0
spi 25 150 1 1 1488 0
spi 25 150 1 10 1246 0
spi 25 150 1 2 1579 0
spi 25 150 1 3 1355 0
spi 25 150 1 4 1593 0
spi 25 150 1 5 1522 0
spi 25 150 1 6 1477 0
spi 25 150 1 7 1571 0
spi 25 150 1 8 1263 0
spi 25 150 1 9 1322 0
spi 25 200 1 1 1336 0
spi 25 200 1 10 1361 0
spi 25 200 1 2 1471 0
spi 25 200 1 3 1623 0
spi 25 200 1 4 1422 0
spi 25 200 1 5 1394 0
spi 25 200 1 6 1486 0
spi 25 200 1 7 1541 0
spi 25 200 1 8 1406 0
spi 25 200 1 9 1405 0
spi 25 40 1 1 890 0
spi 25 40 1 10 727 0
spi 25 40 1 2 783 0
spi 25 40 1 3 976 0
spi 25 40 1 4 856 0
spi 25 40 1 5 907 0
spi 25 40 1 6 860 0
spi 25 40 1 7 931 0
spi 25 40 1 8 879 0
spi 25 40 1 9 1043 0
spi 25 80 1 1 1255 0
spi 25 80 1 10 957 0
spi 25 80 1 2 1339 0
spi 25 80 1 3 1204 0
spi 25 80 1 4 1190 0
spi 25 80 1 5 1247 0
spi 25 80 1 6 1151 0
spi 25 80 1 7 1360 0
spi 25 80 1 8 970 0
spi 25 80 1 9 1085 0