spi 10 10 2 1 21 0
spi 10 10 2 10 18 0
spi 10 10 2 2 13 0
spi 10 10 2 3 13 0
spi 10 10 2 4 15 0
spi 10 10 2 5 23 0
spi 10 10 2 6 20 0
spi 10 10 2 7 17 0
spi 10 10 2 8 18 0
spi 10 10 2 9 17 0
spi 10 20 2 1 46 0
spi 10 20 2 10 86 0
spi 10 20 2 2 71 0
spi 10 20 2 3 70 0
spi 10 20 2 4 61 0
spi 10 20 2 5 72 0
spi 10 20 2 6 46 0
spi 10 20 2 7 41 0
spi 10 20 2 8 66 0
spi 10 20 2 9 41 0
spi 10 30 2 1 170 0
spi 10 30 2 10 125 0
spi 10 30 2 2 81 0
spi 10 30 2 3 137 0
spi 10 30 2 4 120 0
spi 10 30 2 5 142 0
spi 10 30 2 6 159 0
spi 10 30 2 7 169 0
spi 10 30 2 8 131 0
spi 10 30 2 9 171 0
spi 10 40 2 1 281 0
spi 10 40 2 10 239 0
spi 10 40 2 2 281 0
spi 10 40 2 3 294 0
spi 10 40 2 4 261 0
spi 10 40 2 5 312 0
spi 10 40 2 6 280 0
spi 10 40 2 7 186 0
spi 10 40 2 8 294 0
spi 10 40 2 9 303 0
spi 15 100 2 1 1283 0
spi 15 100 2 10 1018 0
spi 15 100 2 2 974 0
spi 15 100 2 3 915 0
spi 15 100 2 4 1281 0
spi 15 100 2 5 772 0
spi 15 100 2 6 1349 0
spi 15 100 2 7 1067 0
spi 15 100 2 8 1310 0
spi 15 100 2 9 1314 0
spi 15 20 2 1 58 0
spi 15 20 2 10 31 0
spi 15 20 2 2 49 0
spi 15 20 2 3 34 0
spi 15 20 2 4 47 0
spi 15 20 2 5 29 0
spi 15 20 2 6 30 0
spi 15 20 2 7 32 0
spi 15 20 2 8 53 0
spi 15 20 2 9 26 0
spi 15 40 2 1 114 0
spi 15 40 2 10 163 0
spi 15 40 2 2 176 0
spi 15 40 2 3 134 0
spi 15 40 2 4 162 0
spi 15 40 2 5 154 0
spi 15 40 2 6 169 0
spi 15 40 2 7 160 0
spi 15 40 2 8 127 0
spi 15 40 2 9 134 0
spi 15 60 2 1 369 0
spi 15 60 2 10 338 0
spi 15 60 2 2 509 0
spi 15 60 2 3 429 0
spi 15 60 2 4 340 0
spi 15 60 2 5 487 0
spi 15 60 2 6 364 0
spi 15 60 2 7 452 0
spi 15 60 2 8 316 0
spi 15 60 2 9 377 0
spi 15 80 2 1 787 0
spi 15 80 2 10 625 0
spi 15 80 2 2 877 0
spi 15 80 2 3 788 0
spi 15 80 2 4 741 0
spi 15 80 2 5 644 0
spi 15 80 2 6 843 0
spi 15 80 2 7 700 0
spi 15 80 2 8 790 0
spi 15 80 2 9 753 0
spi 20 100 2 1 907 0
spi 20 100 2 10 684 0
spi 20 100 2 2 773 0
spi 20 100 2 3 689 0
spi 20 100 2 4 638 0
spi 20 100 2 5 994 0
spi 20 100 2 6 763 0
spi 20 100 2 7 946 0
spi 20 100 2 8 1005 0
spi 20 100 2 9 729 0
spi 20 120 2 1 1172 0
spi 20 120 2 10 1436 0
spi 20 120 2 2 1174 0
spi 20 120 2 3 1474 0
spi 20 120 2 4 1248 0
spi 20 120 2 5 1000 0
spi 20 120 2 6 1125 0
spi 20 120 2 7 1502 0
spi 20 120 2 8 1403 0
spi 20 120 2 9 1572 0
spi 20 20 2 1 24 0
spi 20 20 2 10 32 0
spi 20 20 2 2 34 0
spi 20 20 2 3 27 0
spi 20 20 2 4 20 0
spi 20 20 2 5 31 0
spi 20 20 2 6 51 0
spi 20 20 2 7 23 0
spi 20 20 2 8 31 0
spi 20 20 2 9 30 0
spi 20 40 2 1 144 0
spi 20 40 2 10 87 0
spi 20 40 2 2 92 0
spi 20 40 2 3 72 0
spi 20 40 2 4 164 0
spi 20 40 2 5 86 0
spi 20 40 2 6 109 0
spi 20 40 2 7 85 0
spi 20 40 2 8 88 0
spi 20 40 2 9 93 0
spi 20 60 2 1 225 0
spi 20 60 2 10 217 0
spi 20 60 2 2 325 0
spi 20 60 2 3 337 0
spi 20 60 2 4 346 0
spi 20 60 2 5 307 0
spi 20 60 2 6 209 0
spi 20 60 2 7 339 0
spi 20 60 2 8 248 0
spi 20 60 2 9 283 0
spi 20 80 2 1 582 0
spi 20 80 2 10 664 0
spi 20 80 2 2 545 0
spi 20 80 2 3 559 0
spi 20 80 2 4 557 0
spi 20 80 2 5 482 0
spi 20 80 2 6 611 0
spi 20 80 2 7 537 0
spi 20 80 2 8 464 0
spi 20 80 2 9 810 0
spi 25 100 2 1 576 0
spi 25 100 2 10 692 0
spi 25 100 2 2 684 0
spi 25 100 2 3 754 0
spi 25 100 2 4 439 0
spi 25 100 2 5 656 0
spi 25 100 2 6 592 0
spi 25 100 2 7 539 0
spi 25 100 2 8 638 0
spi 25 100 2 9 575 0
spi 25 150 2 1 1329 0
spi 25 150 2 10 1451 0
spi 25 150 2 2 1358 0
spi 25 150 2 3 1680 0
spi 25 150 2 4 1704 0
spi 25 150 2 5 1413 0
spi 25 150 2 6 1310 0
spi 25 150 2 7 1348 0
spi 25 150 2 8 1502 0
spi 25 150 2 9 1310 0
spi 25 200 2 1 2076 0
spi 25 200 2 10 3177 0
spi 25 200 2 2 2611 0
spi 25 200 2 3 3014 0
spi 25 200 2 4 2941 0
spi 25 200 2 5 2582 0
spi 25 200 2 6 2900 0
spi 25 200 2 7 2089 0
spi 25 200 2 8 2719 0
spi 25 200 2 9 2744 0
spi 25 40 2 1 89 0
spi 25 40 2 10 72 0
spi 25 40 2 2 82 0
spi 25 40 2 3 67 0
spi 25 40 2 4 84 0
spi 25 40 2 5 92 0
spi 25 40 2 6 137 0
spi 25 40 2 7 107 0
spi 25 40 2 8 74 0
spi 25 40 2 9 82 0
spi 25 80 2 1 426 0
spi 25 80 2 10 463 0
spi 25 80 2 2 375 0
spi 25 80 2 3 394 0
spi 25 80 2 4 345 0
spi 25 80 2 5 458 0
spi 25 80 2 6 417 0
spi 25 80 2 7 216 0
spi 25 80 2 8 408 0
spi 25 80 2 9 421 0