25 150
19 48 28 25 26 143 120 95 100 40 9 81 129 85 49 64 79 155 172 7 98 118 81 8 43 
1 7
1 13
1 19
1 21
1 22
1 24
2 6
2 22
2 23
3 2
3 9
3 16
3 24
4 5
4 8
4 10
4 11
4 15
4 17
4 19
4 22
5 12
5 14
5 19
5 20
5 23
5 24
6 1
6 3
6 9
6 12
6 14
6 17
6 18
6 20
7 3
7 5
7 10
7 12
7 18
8 5
8 7
8 10
8 11
8 12
8 19
8 20
8 22
8 25
9 7
9 12
9 13
9 15
9 17
9 18
10 1
10 6
10 16
10 18
10 21
11 2
11 19
11 23
11 25
12 4
12 15
12 18
12 23
13 3
13 4
13 7
13 22
13 25
14 1
14 8
14 9
14 10
14 12
14 22
15 1
15 3
15 7
15 8
15 10
15 18
16 2
16 4
16 9
16 12
16 13
16 14
16 23
16 25
17 3
17 5
17 7
17 10
17 13
17 16
17 18
17 19
17 21
18 8
18 13
18 14
18 19
18 20
19 2
19 10
19 12
19 13
19 16
19 24
20 4
20 9
20 10
20 11
20 12
20 13
20 14
20 22
21 2
21 6
21 8
21 9
21 11
21 15
21 20
21 23
22 7
22 9
22 15
22 21
23 1
23 6
23 15
23 17
23 18
23 19
23 22
24 2
24 12
24 14
24 17
25 9
25 10
25 18
25 19
25 21
25 23

