20 120
72 16 53 4 22 78 210 59 57 77 4 91 196 104 12 68 15 2 30 50 
1 4
1 5
1 8
1 12
1 14
1 16
1 17
2 1
2 8
2 9
2 11
2 12
2 14
2 20
3 2
3 5
3 6
3 7
3 8
3 10
3 12
3 19
4 3
4 6
4 7
4 8
4 10
4 13
4 15
4 18
4 19
5 4
5 7
5 13
5 20
6 1
6 8
6 17
7 2
7 6
7 10
7 11
7 12
7 16
7 17
8 10
8 16
9 3
9 4
9 5
9 6
9 7
9 8
9 10
9 14
9 16
9 18
10 1
10 2
10 11
10 14
10 16
10 18
11 5
11 12
11 14
11 18
12 5
12 9
12 20
13 1
13 2
13 3
13 6
13 10
13 11
13 12
13 14
13 17
13 18
13 19
14 3
14 5
14 6
14 7
14 16
15 3
15 7
15 8
15 11
15 12
15 13
15 19
16 4
16 17
16 19
17 5
17 9
17 10
17 14
17 15
18 1
18 3
18 5
18 6
18 7
18 12
18 20
19 7
19 8
19 9
19 11
19 12
19 17
19 18
20 1
20 6
20 15
20 16
20 19

