25 200
5 251 271 272 94 60 85 117 125 34 167 78 286 45 66 77 194 175 144 52 48 199 193 313 37 
1 4
1 5
1 6
1 7
1 10
1 13
1 16
1 21
2 3
2 4
2 6
2 7
2 8
2 9
2 11
2 14
2 15
2 18
2 20
3 4
3 6
3 8
3 11
3 12
3 13
3 15
3 22
3 24
4 6
4 8
4 11
4 15
4 16
4 18
4 20
4 22
4 23
4 24
4 25
5 2
5 3
5 6
5 7
5 10
5 11
5 17
5 19
5 21
6 8
6 11
6 14
6 20
6 21
6 24
6 25
7 3
7 6
7 11
7 12
7 13
7 14
7 17
7 21
8 5
8 11
8 16
8 19
8 21
8 23
9 1
9 3
9 4
9 6
9 7
9 8
9 10
9 14
9 15
10 2
10 3
10 6
10 8
10 17
10 21
11 9
11 12
11 18
11 20
11 21
12 1
12 2
12 4
12 5
12 13
12 15
12 17
12 24
12 25
13 4
13 6
13 8
13 11
13 16
13 18
13 19
13 22
13 25
14 5
14 12
14 13
14 21
14 22
14 23
14 25
15 6
15 8
15 11
15 13
15 23
16 3
16 6
16 9
16 10
16 11
16 12
16 14
16 23
16 24
17 1
17 3
17 4
17 6
17 9
17 13
17 14
17 15
18 6
18 9
18 10
18 12
18 14
18 20
18 22
18 24
18 25
19 1
19 3
19 7
19 9
19 10
19 12
19 14
19 15
19 17
19 21
19 22
19 24
19 25
20 10
20 14
20 15
20 19
20 22
21 2
21 3
21 17
21 20
21 22
21 23
21 24
22 6
22 7
22 9
22 10
22 12
22 16
22 17
22 24
23 1
23 3
23 6
23 11
23 13
23 18
23 19
23 20
23 25
24 1
24 5
24 9
24 11
24 13
24 15
24 17
24 23
24 25
25 1
25 2
25 9
25 17

