20 100
32 18 92 6 97 52 99 69 93 100 75 26 75 24 74 29 82 66 34 47 
1 8
1 13
1 17
2 8
2 9
2 14
2 15
3 1
3 2
3 18
4 2
4 7
4 11
4 14
4 19
5 2
5 3
5 4
5 10
5 20
6 3
6 4
6 5
6 7
6 14
6 18
6 19
7 1
7 3
7 12
7 20
8 3
8 4
8 5
8 12
8 17
8 18
9 3
9 8
9 16
10 1
10 8
10 19
10 20
11 2
11 7
11 9
11 10
11 16
12 9
12 10
12 13
12 17
12 20
13 2
13 6
13 8
13 15
13 17
14 5
14 10
14 11
14 15
14 16
14 17
14 18
14 19
15 3
15 5
15 7
15 9
15 12
16 3
16 4
16 8
16 12
16 15
16 18
17 5
17 9
17 10
17 15
17 16
18 1
18 4
18 7
18 10
18 11
18 13
18 15
18 17
18 20
19 7
19 9
19 13
19 16
20 9
20 11
20 13
20 14

