20 100
73 59 69 165 55 37 16 25 98 51 4 24 32 128 62 9 45 14 9 1 
1 11
1 13
1 14
1 16
2 4
2 5
2 12
3 5
3 9
3 10
3 12
3 13
3 15
3 19
4 1
4 6
4 10
4 11
4 14
4 18
5 1
5 13
5 15
5 17
6 1
6 3
6 18
6 20
7 2
7 3
7 4
7 5
7 8
7 17
8 1
8 6
8 9
8 11
8 13
8 15
8 16
8 19
9 2
9 4
9 5
9 10
9 11
9 12
9 15
9 20
10 7
10 13
10 15
10 18
11 5
11 7
11 13
12 1
12 4
12 5
12 8
12 13
12 15
13 6
13 15
14 2
14 3
14 5
14 7
14 8
14 9
14 11
14 12
14 19
15 2
15 4
15 14
15 19
16 7
16 11
16 12
16 14
16 15
16 18
17 4
17 10
17 11
17 13
17 14
17 16
18 2
18 9
18 15
19 1
19 9
20 4
20 8
20 11
20 13
20 17

