20 120
100 8 255 78 24 9 43 67 10 58 74 97 29 45 158 97 66 84 20 77 
1 3
1 4
1 7
1 8
1 14
1 18
1 19
2 7
2 8
2 11
2 14
2 16
2 18
2 20
3 2
3 9
3 12
3 13
3 20
4 2
4 3
4 6
4 16
5 2
5 3
5 7
5 15
5 18
5 19
6 2
6 3
6 5
6 11
6 19
7 3
7 4
7 9
7 15
7 19
7 20
8 3
8 4
8 5
8 6
8 9
8 19
9 2
9 6
9 10
9 11
9 12
9 17
10 1
10 3
10 11
10 15
10 17
10 18
11 5
11 12
11 15
12 1
12 2
12 6
12 7
12 13
12 14
12 15
12 19
13 1
13 2
13 5
13 7
13 9
13 11
13 17
14 3
14 9
14 10
14 11
14 13
15 3
15 4
15 6
15 8
15 9
15 13
15 14
15 17
16 3
16 5
16 6
16 10
16 13
17 1
17 3
17 7
17 11
17 12
18 3
18 4
18 7
18 9
18 12
18 14
18 16
18 17
19 2
19 9
19 15
19 16
20 4
20 5
20 6
20 9
20 11
20 12
20 14
20 16
20 19

