20 100
66 107 39 66 73 91 9 63 43 47 79 135 62 8 69 73 20 111 41 43 
1 5
1 6
1 7
1 10
1 11
1 15
1 18
2 1
2 7
2 11
2 13
2 14
2 19
2 20
3 1
3 2
3 8
3 12
3 16
4 5
4 8
4 10
4 12
4 13
4 14
5 7
5 12
5 16
5 17
5 18
6 2
6 4
6 11
6 14
6 15
6 20
7 6
8 1
8 2
8 9
8 15
8 17
8 18
9 2
9 6
9 7
9 10
10 3
10 5
10 6
10 11
10 12
10 14
10 15
11 7
11 13
11 18
11 19
11 20
12 6
12 7
12 11
12 13
12 16
12 18
12 19
12 20
13 1
13 3
13 5
13 9
13 19
14 1
14 7
15 3
15 4
15 7
15 12
15 13
15 14
16 2
16 8
16 14
16 15
16 17
17 12
17 19
18 2
18 4
18 6
18 15
18 16
19 7
19 9
19 10
19 14
20 5
20 7
20 9
20 18

