25 100
14 113 7 57 40 3 43 27 13 46 77 12 1 15 62 61 45 81 64 41 69 10 123 41 18 
1 23
2 5
2 11
2 13
2 22
2 23
3 6
3 8
3 12
3 15
4 1
4 22
5 3
5 4
5 14
6 1
6 2
6 4
6 19
6 22
7 11
7 20
7 21
7 24
8 15
8 19
8 21
9 5
9 7
9 8
9 15
9 18
9 25
10 2
10 7
10 13
11 4
11 6
11 10
11 18
12 13
12 22
13 4
13 16
13 23
14 4
14 12
14 21
14 22
15 1
15 5
15 7
15 12
15 21
15 24
16 6
16 8
16 23
16 25
17 2
17 16
17 18
18 2
18 4
18 10
18 23
18 24
18 25
19 2
19 5
19 11
19 16
19 17
19 23
20 2
20 5
20 11
20 16
20 17
21 1
21 3
21 10
21 17
21 19
22 1
22 10
22 18
23 3
23 5
23 14
23 17
23 20
23 22
24 8
24 11
24 14
24 17
25 2
25 7
25 19

