20 100
5 4 4 61 47 76 45 6 42 25 9 87 45 88 83 19 97 23 8 60 
1 4
1 8
1 9
1 12
1 13
1 15
1 18
2 9
2 13
2 14
3 1
3 2
3 4
3 5
3 16
3 19
4 2
4 6
4 12
4 15
5 4
5 9
5 14
6 3
6 5
6 9
6 11
6 13
6 18
7 1
7 2
7 3
7 4
7 8
7 11
7 12
7 16
7 17
7 18
8 2
8 3
8 4
8 6
8 13
8 14
8 17
8 20
9 4
9 12
9 13
9 15
9 17
10 2
10 3
10 11
10 12
10 13
10 17
11 1
11 13
11 14
11 20
12 5
12 8
12 15
13 12
14 3
14 10
15 2
15 3
15 5
15 6
15 8
15 11
15 13
15 14
15 18
15 19
16 1
16 2
16 9
16 14
16 15
16 17
16 20
17 1
17 13
17 20
18 5
18 11
18 17
19 14
19 16
19 17
20 9
20 10
20 12
20 13
20 14
20 15

