25 100
11 3 61 62 73 8 5 50 29 3 66 29 27 38 17 71 94 35 10 13 37 33 11 8 15 
1 3
1 8
1 11
1 12
1 21
2 7
2 8
2 21
3 4
3 8
3 13
3 18
3 23
4 2
4 5
4 11
4 13
4 14
4 18
5 11
5 12
5 14
6 10
6 12
6 15
6 18
6 25
7 5
7 6
7 23
8 4
8 14
8 20
9 6
9 7
9 13
10 1
10 3
10 19
11 3
11 8
11 21
11 23
11 25
12 7
12 17
13 10
13 18
13 21
14 2
14 16
14 20
15 7
15 9
15 11
15 12
15 17
16 5
16 8
16 12
16 15
16 18
16 20
16 23
17 2
17 3
17 9
17 14
17 16
18 2
18 5
18 7
19 4
19 8
19 9
19 17
19 22
20 6
20 12
20 24
21 4
21 20
22 10
22 15
22 17
22 18
22 21
22 23
23 5
23 12
23 14
23 17
24 5
24 8
24 15
24 25
25 3
25 14
25 18
25 23

