25 80
10 25 3 27 1 5 34 3 41 35 80 12 8 4 21 3 7 20 34 8 17 11 12 48 56 
1 12
2 12
2 13
3 17
4 2
4 3
4 7
4 11
4 19
4 24
5 13
5 24
6 2
6 7
7 3
7 13
7 19
7 21
7 23
8 3
8 9
8 16
8 21
9 1
9 15
9 16
9 22
10 11
10 21
10 24
11 2
11 8
11 15
11 25
12 9
12 10
12 16
12 19
12 20
12 21
13 16
13 25
14 9
14 18
15 4
15 6
15 7
15 18
16 6
16 15
16 17
16 22
16 25
17 9
17 21
17 23
17 25
18 1
18 12
18 23
19 10
19 11
19 17
19 24
20 1
20 22
20 25
21 19
22 11
22 21
23 11
24 3
24 7
24 9
24 15
24 21
24 22
25 7
25 9
25 10

