25 200
119 53 9 169 244 115 115 149 267 89 174 26 101 49 228 236 120 126 237 258 95 3 143 92 107 
1 3
1 6
1 7
1 11
1 13
1 14
1 15
1 16
1 21
2 1
2 4
2 7
2 11
2 19
2 21
3 6
3 8
3 9
3 10
3 15
4 1
4 3
4 7
4 12
4 13
4 14
4 18
4 20
4 23
4 25
5 3
5 4
5 6
5 11
5 13
5 14
5 15
5 23
6 4
6 14
6 15
6 16
6 17
6 21
6 24
7 13
7 14
7 24
8 5
8 6
8 7
8 13
8 19
8 20
8 23
9 2
9 5
9 7
9 8
9 16
9 20
9 21
9 22
10 1
10 4
10 5
10 11
10 12
10 13
10 14
10 15
10 23
11 4
11 6
11 7
11 9
11 12
11 15
11 16
11 20
11 21
11 22
11 23
11 25
12 3
12 7
12 8
12 20
12 24
13 3
13 6
13 9
13 14
13 15
13 16
13 20
13 21
13 22
13 24
14 3
14 8
14 9
14 11
14 15
14 17
14 19
14 22
14 24
15 9
15 16
15 18
15 19
15 21
15 24
16 3
16 4
16 5
16 7
16 8
16 10
16 18
16 20
16 21
16 24
17 1
17 5
17 8
17 9
17 10
17 11
17 13
17 15
17 16
17 20
17 21
17 22
17 23
18 3
18 5
18 6
18 7
18 8
18 11
18 17
18 22
18 24
19 1
19 4
19 6
19 9
19 10
19 16
19 17
19 18
19 24
20 1
20 3
20 5
20 10
20 18
20 19
21 4
21 10
21 14
21 19
21 20
22 2
22 3
22 4
22 5
22 15
22 16
22 21
22 23
22 25
23 3
23 6
23 7
23 9
23 12
23 13
23 15
23 20
23 24
24 3
24 9
24 20
24 22
25 1
25 3
25 10
25 13
25 14
25 15
25 18
25 19
25 20
25 21
25 23
25 24

