25 200
95 241 19 199 127 24 147 150 195 160 163 187 29 17 18 212 249 69 50 282 265 95 202 36 122 
1 3
1 4
1 5
1 7
1 19
1 22
1 24
2 4
2 5
2 12
2 13
2 17
2 18
2 19
2 21
2 22
3 2
3 7
3 10
3 13
3 14
3 16
3 17
3 19
3 20
3 25
4 8
4 9
4 11
4 14
4 16
4 18
4 20
5 6
5 9
5 12
5 15
5 19
5 21
5 22
5 23
5 25
6 2
6 10
6 11
6 13
6 15
6 16
6 24
7 9
7 10
7 14
7 15
7 21
7 22
7 25
8 2
8 3
8 6
8 7
8 13
8 15
8 16
8 19
8 21
8 23
8 24
9 1
9 6
9 10
9 12
9 17
9 18
9 23
9 24
10 1
10 8
10 11
10 18
10 19
10 20
10 21
10 24
11 2
11 5
11 8
11 13
11 14
11 15
11 17
12 1
12 4
12 10
12 16
12 19
12 24
13 1
13 4
13 5
13 7
13 12
13 17
13 18
13 19
13 20
13 24
14 1
14 6
14 8
14 10
14 13
14 18
14 20
14 23
15 2
15 3
15 10
15 12
15 14
15 20
15 21
16 1
16 2
16 7
16 9
16 11
16 13
16 14
16 17
16 18
16 19
16 20
16 22
16 25
17 4
17 6
17 7
17 8
17 10
17 12
17 14
17 24
18 1
18 3
18 8
18 11
18 12
18 17
18 21
18 23
18 25
19 22
20 1
20 2
20 7
20 8
20 9
20 11
20 19
20 23
21 1
21 3
21 4
21 9
21 12
21 16
21 17
21 19
21 20
22 9
22 10
22 13
22 17
22 18
23 1
23 3
23 4
23 6
23 7
23 13
23 15
23 17
23 22
23 25
24 3
24 4
24 5
24 11
24 20
24 21
24 25
25 1
25 2
25 4
25 13
25 14
25 15
25 17
25 19
25 20

