25 80
4 2 16 45 12 19 45 14 1 23 21 23 28 43 1 34 46 121 37 7 32 55 17 30 44 
1 4
1 7
1 9
2 13
3 1
3 16
3 17
3 25
4 3
4 10
5 6
5 16
5 19
5 21
6 3
6 11
6 12
6 20
7 2
7 3
7 16
7 18
8 18
8 21
9 8
9 13
9 14
10 8
10 9
10 14
10 24
11 12
11 19
11 25
12 13
12 22
12 24
13 24
14 4
14 11
15 18
15 19
15 24
16 4
16 14
16 22
17 7
17 8
17 14
17 18
17 20
18 4
18 10
18 11
18 22
19 13
20 14
20 25
21 4
21 15
21 18
21 19
21 24
22 7
22 17
22 21
22 23
22 24
23 1
23 8
23 17
23 18
23 19
24 6
24 18
24 19
25 12
25 13
25 17
25 19

