20 100
46 7 39 92 12 59 86 64 27 51 9 40 172 44 17 30 16 50 194 28 
1 4
1 11
1 12
1 13
1 14
2 15
2 19
3 1
3 7
3 13
3 14
3 15
3 18
3 20
4 3
4 5
4 11
4 15
4 17
5 14
5 19
6 4
6 7
6 8
6 13
6 16
6 18
6 19
6 20
7 2
7 11
7 12
7 15
7 18
8 10
8 12
8 14
8 18
9 8
9 15
9 17
10 2
10 3
10 6
10 9
10 17
10 19
11 2
11 5
11 6
11 8
11 9
11 10
12 2
12 11
12 13
12 16
12 18
13 4
13 8
13 9
13 11
13 14
13 18
13 19
14 2
14 4
14 7
14 19
15 10
15 19
16 5
16 7
16 8
16 9
16 10
16 13
16 15
16 17
16 19
17 8
17 13
17 15
17 19
18 4
18 10
18 14
18 15
18 20
19 4
19 7
19 9
19 12
19 18
20 1
20 2
20 4
20 9
20 13
20 14

