25 200
212 110 39 30 11 57 30 75 117 84 84 85 184 66 281 80 182 143 127 196 123 308 195 11 274 
1 6
1 10
1 15
1 16
1 17
1 20
1 22
2 7
2 11
2 16
2 18
2 22
2 25
3 2
3 4
3 7
3 13
3 14
3 15
3 17
3 19
3 24
4 2
4 5
4 7
4 8
4 9
4 10
4 17
4 18
4 20
4 22
4 23
5 1
5 9
5 13
5 15
5 17
5 20
5 21
5 23
6 2
6 7
6 10
6 11
6 12
6 14
6 15
6 19
6 23
7 1
7 5
7 13
7 16
7 25
8 1
8 3
8 6
8 17
8 20
8 25
9 1
9 7
9 11
9 14
9 19
9 23
9 25
10 8
10 9
10 12
10 17
10 18
10 20
10 21
11 5
11 10
11 14
11 16
11 17
11 21
11 22
11 23
11 25
12 5
12 9
12 19
12 21
13 1
13 2
13 8
13 9
13 12
13 23
14 1
14 2
14 7
14 12
14 15
14 16
14 17
14 24
15 2
15 4
15 7
15 8
15 9
15 11
15 12
15 13
15 17
15 19
15 25
16 4
16 6
16 8
16 9
16 15
16 17
16 19
16 21
16 25
17 6
17 7
17 13
17 18
18 1
18 5
18 7
18 11
18 12
18 16
18 21
18 24
18 25
19 1
19 2
19 7
19 8
19 11
19 14
19 23
19 25
20 2
20 6
20 7
20 9
20 13
20 14
20 18
20 23
20 25
21 1
21 2
21 7
21 9
21 13
21 14
21 19
21 20
22 3
22 6
22 7
22 8
22 10
22 13
22 15
22 16
22 18
22 20
22 21
22 24
23 2
23 3
23 8
23 10
23 14
23 16
23 17
23 18
23 21
23 22
24 1
24 2
24 4
24 8
24 9
24 12
24 13
24 15
24 16
24 20
25 1
25 4
25 10
25 12
25 14
25 17
25 21
25 22

