25 200
146 307 161 59 87 155 69 162 184 73 176 92 116 202 110 227 7 140 99 288 13 383 132 13 17 
1 2
1 6
1 7
1 10
1 12
1 13
1 16
1 17
1 21
1 23
1 24
2 3
2 4
2 9
2 11
2 12
2 13
2 17
2 24
2 25
3 1
3 8
3 14
3 20
3 22
4 3
4 5
4 14
4 20
4 21
4 22
4 24
5 2
5 6
5 14
5 16
5 22
5 25
6 2
6 3
6 4
6 9
6 11
6 13
6 15
6 16
6 18
6 24
7 2
7 3
7 5
7 6
7 11
7 14
7 16
7 19
7 20
7 25
8 1
8 2
8 4
8 5
8 6
8 12
8 16
8 19
8 20
8 22
8 23
9 1
9 3
9 5
9 7
9 12
9 13
9 24
10 5
10 6
10 8
10 9
10 11
10 14
10 19
10 23
11 1
11 3
11 8
11 9
11 17
11 18
11 24
11 25
12 4
12 5
12 6
12 7
12 11
12 13
12 14
12 16
12 21
12 22
12 24
12 25
13 3
13 4
13 15
13 20
13 25
14 1
14 8
14 9
14 15
14 16
14 17
14 21
15 1
15 2
15 5
15 9
15 10
15 12
15 18
15 21
15 24
15 25
16 4
16 10
16 13
16 22
16 23
16 24
17 6
17 10
17 12
17 13
17 22
17 23
18 1
18 7
18 8
18 16
18 20
18 22
19 1
19 2
19 3
19 6
19 9
19 13
19 15
19 16
20 1
20 6
20 9
20 12
20 14
20 15
20 16
20 17
20 23
21 2
21 7
21 9
21 13
21 18
21 20
21 22
22 1
22 2
22 6
22 7
22 9
22 10
22 11
22 13
22 14
22 20
23 3
23 5
23 11
23 12
23 15
23 18
23 21
23 22
24 8
24 13
24 17
24 18
24 21
24 23
25 1
25 8
25 17
25 18
25 19
25 20
25 21
25 24

