25 200
133 93 79 109 232 205 115 254 85 114 30 79 66 109 338 78 234 10 227 280 47 178 202 200 7 
1 6
1 8
1 11
1 13
1 15
1 17
1 18
2 1
2 3
2 5
2 7
2 8
2 11
2 12
2 15
2 19
2 23
3 6
3 8
3 14
3 19
4 3
4 10
4 13
4 16
4 18
4 19
4 20
4 21
4 24
5 1
5 4
5 6
5 8
5 11
5 13
5 16
5 18
5 22
5 25
6 9
6 17
6 20
6 23
6 24
7 1
7 4
7 10
7 11
7 16
7 17
7 20
7 23
8 4
8 6
8 7
8 9
8 10
8 17
8 19
8 20
8 21
8 23
9 4
9 5
9 7
9 11
9 15
9 18
9 19
10 1
10 9
10 16
10 17
10 18
10 19
10 20
10 21
10 23
11 16
11 19
11 22
11 24
11 25
12 5
12 7
12 8
12 10
12 15
12 22
12 23
12 25
13 2
13 3
13 7
13 9
13 15
13 16
13 20
13 21
13 22
13 24
13 25
14 1
14 2
14 5
14 8
14 10
14 13
14 15
14 18
14 19
14 20
14 22
14 24
15 3
15 4
15 5
15 6
15 10
15 11
15 19
16 1
16 3
16 6
16 8
16 12
16 15
16 17
16 24
17 2
17 4
17 5
17 11
17 12
17 13
17 14
17 15
18 11
18 13
18 17
18 19
18 22
18 24
19 1
19 6
19 13
19 16
19 21
19 22
19 23
19 24
19 25
20 1
20 2
20 9
20 11
20 12
20 15
20 17
20 19
21 1
21 2
21 3
21 6
21 7
21 11
21 15
21 18
21 20
21 22
22 2
22 6
22 8
22 10
22 16
22 17
22 24
23 4
23 5
23 9
23 13
23 15
23 18
23 20
23 24
23 25
24 2
24 3
24 5
24 8
24 15
24 21
24 25
25 1
25 4
25 6
25 9
25 10
25 16

