25 80
40 19 36 55 5 14 23 12 39 22 23 24 6 13 70 14 49 14 35 27 14 46 22 15 31 
1 2
1 11
2 8
2 9
2 12
2 20
3 4
3 13
3 24
4 9
4 11
4 17
4 19
4 23
5 1
5 16
6 4
6 10
7 6
7 15
8 10
8 15
9 1
10 7
10 21
10 25
11 14
11 24
12 1
12 3
12 7
12 25
13 12
13 23
13 25
14 1
14 12
14 18
15 4
15 9
15 16
15 20
15 21
16 9
16 13
17 8
17 9
17 14
17 16
17 21
18 3
18 7
18 17
18 21
18 24
19 6
19 11
19 16
20 3
20 10
20 14
20 19
20 22
20 25
21 5
21 14
21 22
21 25
22 1
22 8
22 19
22 23
23 1
23 9
23 15
23 20
24 13
24 22
25 15
25 17

