25 100
58 56 80 15 31 67 1 40 1 28 63 7 70 6 9 23 63 8 29 117 16 35 8 33 35 
1 10
1 11
1 20
2 4
2 5
2 13
2 15
2 19
3 1
3 5
3 6
3 24
4 12
4 20
4 22
5 10
5 20
5 22
6 2
6 8
6 15
6 20
6 22
7 1
7 5
7 9
7 11
7 12
7 22
8 3
8 18
8 23
8 25
9 1
9 4
9 6
9 8
9 11
10 14
10 16
10 18
10 21
11 3
11 4
11 22
12 1
12 3
12 11
12 18
12 25
13 6
13 9
13 14
13 17
13 19
14 4
14 17
15 14
16 3
16 11
16 20
17 4
17 7
17 11
17 19
17 20
17 23
18 2
18 5
18 6
18 16
18 25
19 3
19 8
19 10
19 15
19 20
19 23
20 7
20 8
20 13
20 21
21 1
21 3
21 8
21 13
22 12
23 9
23 10
23 13
23 15
24 2
24 4
24 13
24 15
24 16
24 21
25 10
25 16
25 22

