20 120
9 60 102 183 40 4 17 55 134 123 35 33 46 92 28 224 72 151 104 43 
1 4
1 7
1 10
1 11
1 14
1 19
2 1
2 6
2 10
2 13
2 15
2 16
3 1
3 4
3 6
3 7
3 9
3 20
4 2
4 10
4 11
4 15
4 17
4 19
4 20
5 7
5 10
5 12
5 15
5 16
5 17
5 18
6 5
6 14
6 16
6 20
7 2
7 4
7 6
7 8
7 9
7 10
7 11
7 14
7 16
7 18
7 19
8 2
8 12
8 13
8 14
8 15
8 19
8 20
9 1
9 2
9 5
9 8
9 10
9 13
9 18
10 6
10 14
10 18
11 9
11 10
11 14
11 15
11 16
11 20
12 1
12 3
12 4
12 7
12 9
12 20
13 3
13 4
13 7
13 10
13 14
13 15
13 16
13 18
14 3
14 12
14 15
14 20
15 18
16 1
16 3
16 4
16 8
16 9
16 10
16 12
16 20
17 3
17 6
17 7
17 9
17 10
17 13
17 19
18 1
18 3
18 4
18 8
18 11
18 17
19 3
19 5
19 6
19 11
19 16
19 18
19 20
20 5
20 7
20 13

