25 100
62 7 35 33 30 40 26 18 37 54 37 7 11 88 40 48 12 56 5 13 72 42 31 18 65 
1 3
1 5
1 15
1 17
1 23
2 6
2 17
2 24
3 6
3 7
3 15
3 20
3 21
4 1
4 5
4 12
4 20
4 23
5 19
5 22
5 23
5 24
5 25
6 10
6 21
7 13
7 23
8 5
8 9
8 11
8 12
9 12
9 22
10 5
10 13
10 18
10 21
11 3
11 6
11 19
12 1
12 20
13 15
13 23
13 25
14 3
14 9
14 11
14 13
14 16
14 17
15 2
15 20
16 9
16 10
16 12
16 17
16 21
16 23
17 4
18 2
18 6
18 9
18 15
18 20
18 22
18 25
19 14
19 25
20 1
20 7
20 23
21 4
21 8
21 9
21 23
22 4
22 10
22 13
22 14
22 15
22 21
23 12
23 14
23 18
24 7
24 11
24 16
24 20
25 2
25 4
25 6
25 7
25 10
25 11
25 14
25 20
25 21
25 22
25 24

