20 120
9 69 115 52 104 87 12 55 60 86 1 51 178 24 8 23 113 162 92 137 
1 3
1 5
1 10
1 11
1 13
1 16
1 17
1 18
1 20
2 15
2 19
2 20
3 2
3 4
3 6
3 8
4 1
4 2
4 6
4 7
4 13
5 3
5 6
5 12
5 13
5 14
5 18
6 1
6 7
7 8
7 10
7 11
7 12
7 18
7 19
8 2
8 10
8 11
8 15
8 17
8 18
8 19
9 1
9 2
9 6
9 10
9 11
9 13
9 14
10 2
10 4
10 6
11 5
11 10
11 12
11 14
12 1
12 4
12 10
12 13
13 2
13 3
13 10
13 11
13 16
13 17
14 2
14 12
14 13
14 16
14 17
14 20
15 1
15 3
15 6
15 9
15 10
15 14
15 17
15 18
16 2
16 3
16 4
16 5
16 6
16 7
16 9
16 10
16 11
16 12
16 15
17 3
17 9
17 10
17 11
17 12
17 16
17 20
18 3
18 6
18 9
18 11
18 13
18 14
18 17
18 20
19 3
19 4
19 5
19 9
19 11
19 13
19 14
20 3
20 5
20 7
20 9
20 11
20 12
20 16

