25 150
90 206 34 126 30 76 55 103 5 104 108 101 13 51 45 169 107 133 53 121 30 52 69 191 146 
1 4
1 7
1 13
1 16
1 17
1 22
1 23
2 1
2 4
2 7
2 11
2 17
2 18
2 24
3 4
3 6
3 8
3 18
3 19
3 20
3 22
4 6
4 10
4 11
4 15
4 19
5 1
5 2
5 13
5 24
6 1
6 8
6 10
6 21
6 22
6 25
7 14
7 21
7 23
7 25
8 2
8 4
8 11
8 20
9 1
9 5
9 10
9 11
9 22
9 23
10 1
10 3
10 7
10 8
10 12
10 15
10 18
10 20
10 21
10 23
11 3
11 15
11 19
11 23
12 1
12 6
12 8
12 14
12 16
12 17
12 18
13 2
13 3
13 7
13 9
13 10
13 16
14 4
14 5
14 11
14 13
14 18
15 3
15 7
15 8
15 16
15 18
15 22
15 24
16 2
16 4
16 6
16 8
16 10
16 14
16 18
16 20
17 3
17 13
17 18
17 24
18 6
18 7
18 9
18 11
18 25
19 2
19 6
19 7
19 15
19 21
19 24
20 6
20 9
20 11
20 12
20 17
20 23
21 2
21 5
21 11
21 12
21 17
21 25
22 2
22 10
22 12
22 16
23 3
23 5
23 14
23 17
23 21
24 1
24 3
24 4
24 6
24 14
24 16
24 21
24 22
24 25
25 1
25 2
25 5
25 8
25 15
25 17
25 20
25 23

