15 100
119 97 64 41 116 195 163 88 164 108 123 81 59 36 79 
1 2
1 8
1 9
1 14
2 4
2 6
2 8
2 9
2 11
2 12
3 5
3 6
3 7
3 8
3 9
3 10
3 11
3 13
3 14
3 15
4 1
4 3
4 5
4 6
4 7
4 9
4 13
5 1
5 2
5 7
5 11
5 14
6 1
6 5
6 12
6 13
6 14
6 15
7 1
7 2
7 6
7 8
7 11
7 12
8 4
8 5
8 6
8 10
8 11
8 13
8 14
8 15
9 5
9 6
9 7
9 8
9 10
9 12
9 13
10 1
10 2
10 4
10 5
10 6
10 7
10 12
10 13
10 14
11 1
11 4
11 6
11 9
11 10
11 14
11 15
12 1
12 4
12 8
12 11
12 13
12 14
13 1
13 5
13 7
13 11
14 2
14 4
14 7
14 9
14 13
14 15
15 1
15 2
15 4
15 5
15 7
15 9
15 10
15 12
15 13

