20 100
74 30 86 95 10 13 23 31 43 8 20 106 12 85 11 33 5 75 16 42 
1 7
1 9
1 12
1 14
1 19
2 1
2 3
2 4
2 6
2 12
2 17
3 5
3 8
3 11
3 18
4 1
4 5
4 13
4 14
4 16
4 19
5 8
5 12
5 16
5 17
5 19
6 1
6 3
6 4
6 9
6 18
7 2
7 3
7 4
7 13
7 14
7 17
7 18
8 1
8 7
8 11
8 18
9 3
9 5
9 7
9 8
9 15
10 14
10 18
10 20
11 6
11 12
11 14
11 15
11 20
12 3
12 9
12 17
13 2
13 3
13 9
13 11
13 14
13 18
14 2
14 6
14 16
14 17
15 2
15 3
15 12
15 13
15 18
15 19
15 20
16 1
16 3
16 11
16 12
16 13
16 15
16 19
17 1
17 3
17 4
17 6
17 11
17 15
17 18
17 20
18 4
18 20
19 3
19 7
19 8
19 12
20 1
20 3
20 7
20 12

