15 100
37 14 122 32 122 165 122 95 141 152 114 142 88 135 86 
1 3
1 4
1 5
1 6
1 10
1 11
1 12
2 1
2 4
2 5
2 6
2 7
2 8
2 10
2 11
3 2
3 4
3 5
3 6
3 11
3 12
3 15
4 5
4 7
4 8
4 10
5 6
5 9
5 11
5 12
5 13
5 14
6 4
6 7
6 8
6 9
6 12
6 15
7 1
7 3
7 5
7 9
7 11
7 12
7 13
8 1
8 3
8 7
8 9
8 10
8 12
8 13
8 14
9 1
9 2
9 3
9 4
9 10
9 11
9 15
10 3
10 5
10 6
10 7
10 12
10 15
11 4
11 6
11 10
11 12
11 14
11 15
12 2
12 4
12 9
12 14
12 15
13 1
13 2
13 3
13 4
13 9
13 10
13 11
13 12
13 15
14 1
14 2
14 3
14 4
14 6
14 7
14 9
14 13
15 1
15 2
15 4
15 7
15 8
15 14

