25 200
119 115 23 156 189 135 82 251 180 269 30 265 7 270 93 99 141 228 22 209 23 15 243 131 198 
1 10
1 11
1 12
1 13
1 15
1 18
1 19
2 1
2 3
2 4
2 6
2 8
2 14
2 23
2 25
3 6
3 10
3 11
3 15
3 18
3 25
4 3
4 7
4 8
4 12
4 14
4 16
4 17
4 21
4 23
4 24
5 2
5 12
5 16
5 19
5 20
6 4
6 5
6 8
6 9
6 10
6 12
6 13
6 14
6 16
6 18
7 3
7 6
7 13
7 15
7 16
7 18
7 20
7 23
8 1
8 3
8 5
8 11
8 12
8 16
8 18
8 24
9 5
9 7
9 8
9 21
9 22
10 2
10 5
10 7
10 8
10 9
10 12
10 15
10 19
10 23
11 4
11 6
11 9
11 10
11 12
11 15
11 17
11 20
11 21
11 22
11 23
11 25
12 2
12 9
12 13
12 19
12 22
12 24
13 2
13 3
13 5
13 8
13 9
13 10
13 22
14 5
14 7
14 9
14 11
14 12
14 13
14 15
14 18
14 20
14 21
14 22
14 24
14 25
15 6
15 9
15 12
15 23
15 24
16 11
16 17
16 20
16 23
16 24
16 25
17 1
17 2
17 3
17 6
17 7
17 8
17 10
17 12
17 13
17 14
17 18
17 19
17 20
17 22
17 24
18 4
18 5
18 10
18 12
18 13
18 15
18 16
18 19
18 21
18 22
18 23
19 2
19 4
19 6
19 16
20 3
20 9
20 13
20 15
20 21
20 24
21 1
21 3
21 16
21 17
21 19
21 25
22 2
22 4
22 5
22 15
22 16
22 19
22 20
22 23
22 24
23 1
23 3
23 5
23 8
23 20
23 21
24 3
24 11
24 13
24 19
25 4
25 5
25 6
25 8
25 9
25 10
25 12
25 13
25 15
25 19
25 20
25 22
25 23
25 24

