25 150
113 24 13 138 197 53 74 189 13 60 74 35 78 109 42 41 52 157 10 72 50 99 41 98 11 
1 3
1 5
1 6
1 17
1 18
1 20
1 21
2 7
2 8
2 9
2 14
2 18
3 6
3 8
3 10
3 18
3 20
3 23
3 24
4 2
4 5
4 6
4 8
4 18
4 19
4 25
5 2
5 3
5 8
5 9
5 11
5 12
5 13
5 14
5 20
5 22
5 23
6 9
6 10
6 17
6 20
6 25
7 4
7 5
7 9
7 25
8 13
8 14
8 15
8 21
8 22
8 24
8 25
9 1
9 4
9 8
9 15
9 17
9 18
9 21
9 23
10 1
10 5
10 11
10 13
10 17
11 1
11 2
11 4
11 12
11 14
11 19
11 21
12 1
12 2
12 4
12 6
12 9
12 14
12 17
12 24
13 20
13 21
13 23
14 9
14 13
14 23
15 2
15 4
15 14
15 20
15 22
15 24
16 1
16 4
16 5
16 6
16 17
16 25
17 7
17 8
17 11
17 13
18 8
18 10
18 11
18 13
18 14
18 16
18 17
18 19
19 1
19 7
19 8
19 9
19 13
19 15
20 4
20 7
20 11
20 14
20 24
21 2
21 3
21 6
21 14
21 19
21 22
22 2
22 3
22 7
22 11
22 14
22 25
23 4
23 10
23 11
23 16
23 17
23 22
23 25
24 1
24 9
24 11
24 16
24 18
25 2
25 11
25 15
25 24

