20 120
154 92 49 115 93 40 170 87 94 149 19 59 24 97 127 149 100 140 56 77 
1 7
1 8
1 11
1 12
1 15
1 16
2 1
2 3
2 10
2 13
2 14
2 15
3 4
3 9
4 1
4 5
4 8
4 10
4 13
4 14
5 1
5 9
5 12
5 14
6 5
6 14
6 20
7 2
7 3
7 4
7 5
7 6
7 10
7 13
7 15
7 16
7 18
7 19
8 2
8 7
8 14
8 15
8 18
9 1
9 2
9 7
9 17
9 18
10 3
10 6
10 8
10 12
10 14
10 15
10 17
10 18
10 20
11 5
11 6
11 7
11 20
12 4
12 7
12 11
12 13
12 16
12 18
13 1
13 3
13 5
13 6
13 8
13 9
13 10
13 14
13 17
13 18
13 19
14 1
14 3
14 7
14 9
15 5
15 6
15 11
15 12
15 18
15 20
16 3
16 4
16 5
16 6
16 8
16 9
16 10
16 13
16 15
16 17
17 1
17 6
17 7
17 12
17 14
17 15
17 20
18 2
18 4
18 5
18 11
18 19
19 2
19 3
19 10
19 11
19 16
20 1
20 2
20 3
20 12
20 13

