20 100
26 19 5 20 31 8 84 21 85 57 96 6 96 41 2 6 21 44 26 9 
1 11
1 12
1 15
1 16
2 1
2 3
2 4
2 9
2 12
2 18
3 10
3 11
3 15
3 16
4 5
4 7
4 8
4 9
4 12
4 13
4 14
4 16
5 2
5 3
5 6
5 9
5 12
5 13
5 16
5 17
6 4
6 20
7 5
7 8
7 9
7 12
7 13
7 14
8 14
8 19
9 12
9 16
9 18
9 19
10 2
10 4
10 5
10 7
10 9
10 11
10 16
11 4
11 6
11 7
11 8
11 9
11 16
12 6
12 19
13 1
13 2
13 8
13 12
13 17
13 18
14 2
14 3
14 6
14 17
14 19
15 7
16 6
16 7
16 12
16 14
16 18
16 20
17 8
17 15
17 16
18 5
18 8
18 10
18 12
18 17
19 2
19 4
19 10
19 11
19 13
19 16
19 18
20 2
20 5
20 7
20 8
20 10
20 12
20 13
20 17

