mpi 100 100 2 1 181 0
mpi 100 100 2 10 136 0
mpi 100 100 2 2 156 0
mpi 100 100 2 3 133 0
mpi 100 100 2 4 115 0
mpi 100 100 2 5 143 0
mpi 100 100 2 6 119 0
mpi 100 100 2 7 171 0
mpi 100 100 2 8 149 0
mpi 100 100 2 9 139 0
mpi 100 250 2 1 877 0
mpi 100 250 2 10 786 0
mpi 100 250 2 2 986 0
mpi 100 250 2 3 873 0
mpi 100 250 2 4 906 0
mpi 100 250 2 5 959 0
mpi 100 250 2 6 677 0
mpi 100 250 2 7 925 0
mpi 100 250 2 8 813 0
mpi 100 250 2 9 933 0
mpi 100 500 2 1 4034 0
mpi 100 500 2 10 3507 0
mpi 100 500 2 2 3786 0
mpi 100 500 2 3 3681 0
mpi 100 500 2 4 4114 0
mpi 100 500 2 5 3522 0
mpi 100 500 2 6 3801 0
mpi 100 500 2 7 3390 0
mpi 100 500 2 8 3262 0
mpi 100 500 2 9 3697 0
mpi 100 50 2 1 54 0
mpi 100 50 2 10 58 0
mpi 100 50 2 2 50 0
mpi 100 50 2 3 64 0
mpi 100 50 2 4 58 0
mpi 100 50 2 5 50 0
mpi 100 50 2 6 62 0
mpi 100 50 2 7 54 0
mpi 100 50 2 8 50 0
mpi 100 50 2 9 43 0
mpi 100 750 2 1 9562 0
mpi 100 750 2 10 9151 0
mpi 100 750 2 2 7910 0
mpi 100 750 2 3 9022 0
mpi 100 750 2 4 9494 0
mpi 100 750 2 5 9049 0
mpi 100 750 2 6 9589 0
mpi 100 750 2 7 9277 0
mpi 100 750 2 8 7624 0
mpi 100 750 2 9 9901 0
mpi 150 100 2 1 93 0
mpi 150 100 2 10 102 0
mpi 150 100 2 2 120 0
mpi 150 100 2 3 127 0
mpi 150 100 2 4 123 0
mpi 150 100 2 5 124 0
mpi 150 100 2 6 134 0
mpi 150 100 2 7 128 0
mpi 150 100 2 8 117 0
mpi 150 100 2 9 110 0
mpi 150 250 2 1 559 0
mpi 150 250 2 10 650 0
mpi 150 250 2 2 608 0
mpi 150 250 2 3 598 0
mpi 150 250 2 4 540 0
mpi 150 250 2 5 547 0
mpi 150 250 2 6 531 0
mpi 150 250 2 7 525 0
mpi 150 250 2 8 534 0
mpi 150 250 2 9 623 0
mpi 150 500 2 1 2186 0
mpi 150 500 2 10 2218 0
mpi 150 500 2 2 2206 0
mpi 150 500 2 3 2426 0
mpi 150 500 2 4 2362 0
mpi 150 500 2 5 2596 0
mpi 150 500 2 6 2226 0
mpi 150 500 2 7 2366 0
mpi 150 500 2 8 2415 0
mpi 150 500 2 9 2209 0
mpi 150 50 2 1 50 0
mpi 150 50 2 10 47 0
mpi 150 50 2 2 55 0
mpi 150 50 2 3 50 0
mpi 150 50 2 4 57 0
mpi 150 50 2 5 49 0
mpi 150 50 2 6 50 0
mpi 150 50 2 7 49 0
mpi 150 50 2 8 48 0
mpi 150 50 2 9 48 0
mpi 150 750 2 1 5740 0
mpi 150 750 2 10 5656 0
mpi 150 750 2 2 5221 0
mpi 150 750 2 3 5136 0
mpi 150 750 2 4 5389 0
mpi 150 750 2 5 5067 0
mpi 150 750 2 6 5360 0
mpi 150 750 2 7 5292 0
mpi 150 750 2 8 5656 0
mpi 150 750 2 9 5309 0
mpi 200 100 2 1 111 0
mpi 200 100 2 10 120 0
mpi 200 100 2 2 110 0
mpi 200 100 2 3 102 0
mpi 200 100 2 4 115 0
mpi 200 100 2 5 113 0
mpi 200 100 2 6 107 0
mpi 200 100 2 7 92 0
mpi 200 100 2 8 116 0
mpi 200 100 2 9 109 0
mpi 200 250 2 1 424 0
mpi 200 250 2 10 440 0
mpi 200 250 2 2 414 0
mpi 200 250 2 3 402 0
mpi 200 250 2 4 407 0
mpi 200 250 2 5 518 0
mpi 200 250 2 6 413 0
mpi 200 250 2 7 433 0
mpi 200 250 2 8 439 0
mpi 200 250 2 9 459 0
mpi 200 500 2 1 1692 0
mpi 200 500 2 10 1532 0
mpi 200 500 2 2 1748 0
mpi 200 500 2 3 1779 0
mpi 200 500 2 4 1886 0
mpi 200 500 2 5 1669 0
mpi 200 500 2 6 1710 0
mpi 200 500 2 7 1812 0
mpi 200 500 2 8 1636 0
mpi 200 500 2 9 1850 0
mpi 200 50 2 1 49 0
mpi 200 50 2 10 50 0
mpi 200 50 2 2 51 0
mpi 200 50 2 3 42 0
mpi 200 50 2 4 45 0
mpi 200 50 2 5 49 0
mpi 200 50 2 6 50 0
mpi 200 50 2 7 53 0
mpi 200 50 2 8 46 0
mpi 200 50 2 9 49 0
mpi 200 750 2 1 4170 0
mpi 200 750 2 10 4181 0
mpi 200 750 2 2 3699 0
mpi 200 750 2 3 3558 0
mpi 200 750 2 4 4276 0
mpi 200 750 2 5 3770 0
mpi 200 750 2 6 3454 0
mpi 200 750 2 7 4218 0
mpi 200 750 2 8 3961 0
mpi 200 750 2 9 3998 0
mpi 250 1000 2 1 5586 0
mpi 250 1000 2 10 6041 0
mpi 250 1000 2 2 5389 0
mpi 250 1000 2 3 5798 0
mpi 250 1000 2 4 5363 0
mpi 250 1000 2 5 5955 0
mpi 250 1000 2 6 5214 0
mpi 250 1000 2 7 5668 0
mpi 250 1000 2 8 5624 0
mpi 250 1000 2 9 6096 0
mpi 250 2000 2 1 24020 0
mpi 250 2000 2 10 26429 0
mpi 250 2000 2 2 25557 0
mpi 250 2000 2 3 25400 0
mpi 250 2000 2 4 24353 0
mpi 250 2000 2 5 27250 0
mpi 250 2000 2 6 24878 0
mpi 250 2000 2 7 24775 0
mpi 250 2000 2 8 25870 0
mpi 250 2000 2 9 25410 0
mpi 250 250 2 1 352 0
mpi 250 250 2 10 380 0
mpi 250 250 2 2 406 0
mpi 250 250 2 3 388 0
mpi 250 250 2 4 348 0
mpi 250 250 2 5 433 0
mpi 250 250 2 6 387 0
mpi 250 250 2 7 346 0
mpi 250 250 2 8 373 0
mpi 250 250 2 9 374 0
mpi 250 5000 2 1 161137 0
mpi 250 5000 2 10 176296 0
mpi 250 5000 2 2 183935 0
mpi 250 5000 2 3 164339 0
mpi 250 5000 2 4 175901 0
mpi 250 5000 2 5 165608 0
mpi 250 5000 2 6 175346 0
mpi 250 5000 2 7 170087 0
mpi 250 5000 2 8 170418 1
mpi 250 5000 2 9 172095 0
mpi 250 500 2 1 1343 0
mpi 250 500 2 10 1298 0
mpi 250 500 2 2 1314 0
mpi 250 500 2 3 1385 0
mpi 250 500 2 4 1375 0
mpi 250 500 2 5 1385 0
mpi 250 500 2 6 1452 0
mpi 250 500 2 7 1349 0
mpi 250 500 2 8 1351 0
mpi 250 500 2 9 1545 0
mpi 250 750 2 1 3206 0
mpi 250 750 2 10 3280 0
mpi 250 750 2 2 3279 0
mpi 250 750 2 3 2861 0
mpi 250 750 2 4 3118 0
mpi 250 750 2 5 3199 0
mpi 250 750 2 6 3384 0
mpi 250 750 2 7 3272 0
mpi 250 750 2 8 3778 0
mpi 250 750 2 9 3004 0
mpi 300 1000 2 1 4978 0
mpi 300 1000 2 10 4427 0
mpi 300 1000 2 2 4755 0
mpi 300 1000 2 3 4591 0
mpi 300 1000 2 4 4672 0
mpi 300 1000 2 5 4268 0
mpi 300 1000 2 6 4778 0
mpi 300 1000 2 7 4783 0
mpi 300 1000 2 8 4529 0
mpi 300 1000 2 9 5308 0
mpi 300 2000 2 1 20586 0
mpi 300 2000 2 10 20006 0
mpi 300 2000 2 2 19909 0
mpi 300 2000 2 3 20883 0
mpi 300 2000 2 4 19811 0
mpi 300 2000 2 5 20487 0
mpi 300 2000 2 6 21556 0
mpi 300 2000 2 7 18125 0
mpi 300 2000 2 8 20418 0
mpi 300 2000 2 9 20478 0
mpi 300 250 2 1 267 0
mpi 300 250 2 10 331 0
mpi 300 250 2 2 353 0
mpi 300 250 2 3 362 0
mpi 300 250 2 4 332 0
mpi 300 250 2 5 343 0
mpi 300 250 2 6 315 0
mpi 300 250 2 7 340 0
mpi 300 250 2 8 334 0
mpi 300 250 2 9 325 0
mpi 300 5000 2 1 139128 0
mpi 300 5000 2 10 136359 0
mpi 300 5000 2 2 151508 0
mpi 300 5000 2 3 144578 0
mpi 300 5000 2 4 136869 0
mpi 300 5000 2 5 132311 0
mpi 300 5000 2 6 138711 0
mpi 300 5000 2 7 143873 1
mpi 300 5000 2 8 134344 1
mpi 300 5000 2 9 149442 1
mpi 300 500 2 1 1112 0
mpi 300 500 2 10 1336 0
mpi 300 500 2 2 1072 0
mpi 300 500 2 3 1120 0
mpi 300 500 2 4 1135 0
mpi 300 500 2 5 1189 0
mpi 300 500 2 6 1202 0
mpi 300 500 2 7 1167 0
mpi 300 500 2 8 1138 0
mpi 300 500 2 9 1170 0
mpi 300 750 2 1 2572 0
mpi 300 750 2 10 2666 0
mpi 300 750 2 2 3106 0
mpi 300 750 2 3 2780 0
mpi 300 750 2 4 2694 0
mpi 300 750 2 5 2331 0
mpi 300 750 2 6 2332 0
mpi 300 750 2 7 2623 0
mpi 300 750 2 8 2471 0
mpi 300 750 2 9 2781 0
mpi 50 100 2 1 322 0
mpi 50 100 2 10 255 0
mpi 50 100 2 2 225 0
mpi 50 100 2 3 204 0
mpi 50 100 2 4 325 0
mpi 50 100 2 5 272 0
mpi 50 100 2 6 274 0
mpi 50 100 2 7 241 0
mpi 50 100 2 8 289 0
mpi 50 100 2 9 282 0
mpi 50 250 2 1 1880 0
mpi 50 250 2 10 1595 0
mpi 50 250 2 2 1982 0
mpi 50 250 2 3 1874 0
mpi 50 250 2 4 1616 0
mpi 50 250 2 5 1791 0
mpi 50 250 2 6 1872 0
mpi 50 250 2 7 1785 0
mpi 50 250 2 8 2050 0
mpi 50 250 2 9 1999 0
mpi 50 500 2 1 7997 0
mpi 50 500 2 10 8122 0
mpi 50 500 2 2 6904 0
mpi 50 500 2 3 9834 0
mpi 50 500 2 4 9655 0
mpi 50 500 2 5 7962 0
mpi 50 500 2 6 7380 0
mpi 50 500 2 7 7606 0
mpi 50 500 2 8 7304 0
mpi 50 500 2 9 8203 0
mpi 50 50 2 1 62 0
mpi 50 50 2 10 73 0
mpi 50 50 2 2 64 0
mpi 50 50 2 3 71 0
mpi 50 50 2 4 70 0
mpi 50 50 2 5 64 0
mpi 50 50 2 6 77 0
mpi 50 50 2 7 72 0
mpi 50 50 2 8 62 0
mpi 50 50 2 9 82 0
mpi 50 750 2 1 15698 0
mpi 50 750 2 10 19727 0
mpi 50 750 2 2 21082 0
mpi 50 750 2 3 17054 0
mpi 50 750 2 4 21258 0
mpi 50 750 2 5 16253 0
mpi 50 750 2 6 18554 0
mpi 50 750 2 7 19521 0
mpi 50 750 2 8 23067 0
mpi 50 750 2 9 20409 0