mpi 100 1000 1 1 5552 0
mpi 100 1000 1 10 5464 0
mpi 100 1000 1 2 4924 0
mpi 100 1000 1 3 5489 0
mpi 100 1000 1 4 5179 0
mpi 100 1000 1 5 5649 0
mpi 100 1000 1 6 5610 0
mpi 100 1000 1 7 4918 0
mpi 100 1000 1 8 5209 0
mpi 100 1000 1 9 5475 0
mpi 100 100 1 1 2501 0
mpi 100 100 1 10 2521 0
mpi 100 100 1 2 2517 0
mpi 100 100 1 3 2634 0
mpi 100 100 1 4 2132 0
mpi 100 100 1 5 2380 0
mpi 100 100 1 6 2700 0
mpi 100 100 1 7 2514 0
mpi 100 100 1 8 2463 0
mpi 100 100 1 9 2450 0
mpi 100 2000 1 1 6474 0
mpi 100 2000 1 10 6662 0
mpi 100 2000 1 2 5614 0
mpi 100 2000 1 3 5764 0
mpi 100 2000 1 4 5460 0
mpi 100 2000 1 5 6162 0
mpi 100 2000 1 6 6032 0
mpi 100 2000 1 7 6218 0
mpi 100 2000 1 8 6296 0
mpi 100 2000 1 9 6702 0
mpi 100 250 1 1 3860 0
mpi 100 250 1 10 3819 0
mpi 100 250 1 2 3547 0
mpi 100 250 1 3 3479 0
mpi 100 250 1 4 3471 0
mpi 100 250 1 5 3517 0
mpi 100 250 1 6 4059 0
mpi 100 250 1 7 3587 0
mpi 100 250 1 8 3543 0
mpi 100 250 1 9 3889 0
mpi 100 500 1 1 4470 0
mpi 100 500 1 10 4383 0
mpi 100 500 1 2 4948 0
mpi 100 500 1 3 4349 0
mpi 100 500 1 4 4699 0
mpi 100 500 1 5 4447 0
mpi 100 500 1 6 4742 0
mpi 100 500 1 7 4540 0
mpi 100 500 1 8 4399 0
mpi 100 500 1 9 4327 0
mpi 100 750 1 1 5162 0
mpi 100 750 1 10 5216 0
mpi 100 750 1 2 5040 0
mpi 100 750 1 3 5104 0
mpi 100 750 1 4 5263 0
mpi 100 750 1 5 5297 0
mpi 100 750 1 6 5655 0
mpi 100 750 1 7 4761 0
mpi 100 750 1 8 4823 0
mpi 100 750 1 9 5044 0
mpi 150 1000 1 1 7221 0
mpi 150 1000 1 10 7628 0
mpi 150 1000 1 2 6886 0
mpi 150 1000 1 3 7080 0
mpi 150 1000 1 4 7346 0
mpi 150 1000 1 5 7646 0
mpi 150 1000 1 6 7557 0
mpi 150 1000 1 7 7667 0
mpi 150 1000 1 8 8716 0
mpi 150 1000 1 9 7502 0
mpi 150 150 1 1 3764 0
mpi 150 150 1 10 3716 0
mpi 150 150 1 2 3853 0
mpi 150 150 1 3 3908 0
mpi 150 150 1 4 3864 0
mpi 150 150 1 5 3635 0
mpi 150 150 1 6 3550 0
mpi 150 150 1 7 3610 0
mpi 150 150 1 8 3723 0
mpi 150 150 1 9 3389 0
mpi 150 2000 1 1 8725 0
mpi 150 2000 1 10 8550 0
mpi 150 2000 1 2 8271 0
mpi 150 2000 1 3 7873 0
mpi 150 2000 1 4 8997 0
mpi 150 2000 1 5 8840 0
mpi 150 2000 1 6 8437 0
mpi 150 2000 1 7 8972 0
mpi 150 2000 1 8 8678 0
mpi 150 2000 1 9 8080 0
mpi 150 250 1 1 4735 0
mpi 150 250 1 10 4588 0
mpi 150 250 1 2 4771 0
mpi 150 250 1 3 4452 0
mpi 150 250 1 4 4767 0
mpi 150 250 1 5 5187 0
mpi 150 250 1 6 4757 0
mpi 150 250 1 7 4335 0
mpi 150 250 1 8 5057 0
mpi 150 250 1 9 4541 0
mpi 150 3000 1 1 8637 0
mpi 150 3000 1 10 9024 0
mpi 150 3000 1 2 8958 0
mpi 150 3000 1 3 8384 0
mpi 150 3000 1 4 9000 0
mpi 150 3000 1 5 8899 0
mpi 150 3000 1 6 9093 0
mpi 150 3000 1 7 8568 0
mpi 150 3000 1 8 8915 0
mpi 150 3000 1 9 8719 0
mpi 150 500 1 1 6247 0
mpi 150 500 1 10 6325 0
mpi 150 500 1 2 6054 0
mpi 150 500 1 3 6185 0
mpi 150 500 1 4 5767 0
mpi 150 500 1 5 6065 0
mpi 150 500 1 6 5899 0
mpi 150 500 1 7 6124 0
mpi 150 500 1 8 5545 0
mpi 150 500 1 9 6536 0
mpi 150 750 1 1 6963 0
mpi 150 750 1 10 7152 0
mpi 150 750 1 2 7228 0
mpi 150 750 1 3 6432 0
mpi 150 750 1 4 7234 0
mpi 150 750 1 5 6295 0
mpi 150 750 1 6 7146 0
mpi 150 750 1 7 6788 0
mpi 150 750 1 8 6859 0
mpi 150 750 1 9 7283 0
mpi 200 1000 1 1 8979 0
mpi 200 1000 1 10 8680 0
mpi 200 1000 1 2 9697 0
mpi 200 1000 1 3 9006 0
mpi 200 1000 1 4 9137 0
mpi 200 1000 1 5 9041 0
mpi 200 1000 1 6 9243 0
mpi 200 1000 1 7 8867 0
mpi 200 1000 1 8 9206 0
mpi 200 1000 1 9 9385 0
mpi 200 2000 1 1 11184 0
mpi 200 2000 1 10 10816 0
mpi 200 2000 1 2 10987 0
mpi 200 2000 1 3 10874 0
mpi 200 2000 1 4 11273 0
mpi 200 2000 1 5 11347 0
mpi 200 2000 1 6 10863 0
mpi 200 2000 1 7 10681 0
mpi 200 2000 1 8 9912 0
mpi 200 2000 1 9 10988 0
mpi 200 250 1 1 5432 0
mpi 200 250 1 10 5637 0
mpi 200 250 1 2 5226 0
mpi 200 250 1 3 5194 0
mpi 200 250 1 4 5112 0
mpi 200 250 1 5 5167 0
mpi 200 250 1 6 5197 0
mpi 200 250 1 7 5643 0
mpi 200 250 1 8 5727 0
mpi 200 250 1 9 5422 0
mpi 200 3000 1 1 11605 0
mpi 200 3000 1 10 11426 1
mpi 200 3000 1 2 11552 0
mpi 200 3000 1 3 11289 0
mpi 200 3000 1 4 11880 0
mpi 200 3000 1 5 12000 0
mpi 200 3000 1 6 11874 0
mpi 200 3000 1 7 11050 0
mpi 200 3000 1 8 11563 0
mpi 200 3000 1 9 11432 0
mpi 200 500 1 1 7308 0
mpi 200 500 1 10 7366 0
mpi 200 500 1 2 6976 0
mpi 200 500 1 3 7104 0
mpi 200 500 1 4 7666 0
mpi 200 500 1 5 7314 0
mpi 200 500 1 6 7270 0
mpi 200 500 1 7 7330 0
mpi 200 500 1 8 7927 0
mpi 200 500 1 9 7759 0
mpi 200 750 1 1 8366 0
mpi 200 750 1 10 8392 0
mpi 200 750 1 2 8547 0
mpi 200 750 1 3 8068 0
mpi 200 750 1 4 8733 0
mpi 200 750 1 5 8346 0
mpi 200 750 1 6 8368 0
mpi 200 750 1 7 8621 0
mpi 200 750 1 8 8170 0
mpi 200 750 1 9 8809 0
mpi 250 1000 1 1 10666 0
mpi 250 1000 1 10 11678 0
mpi 250 1000 1 2 11153 0
mpi 250 1000 1 3 10746 0
mpi 250 1000 1 4 11113 0
mpi 250 1000 1 5 10334 0
mpi 250 1000 1 6 11199 0
mpi 250 1000 1 7 10817 0
mpi 250 1000 1 8 10838 0
mpi 250 1000 1 9 10953 0
mpi 250 2000 1 1 12429 0
mpi 250 2000 1 10 13365 0
mpi 250 2000 1 2 12350 0
mpi 250 2000 1 3 12812 0
mpi 250 2000 1 4 13381 0
mpi 250 2000 1 5 12391 0
mpi 250 2000 1 6 12980 0
mpi 250 2000 1 7 12381 0
mpi 250 2000 1 8 13494 0
mpi 250 2000 1 9 12377 0
mpi 250 250 1 1 5925 0
mpi 250 250 1 10 6426 0
mpi 250 250 1 2 6304 0
mpi 250 250 1 3 5850 0
mpi 250 250 1 4 6379 0
mpi 250 250 1 5 6027 0
mpi 250 250 1 6 6105 0
mpi 250 250 1 7 5923 0
mpi 250 250 1 8 6063 0
mpi 250 250 1 9 6174 0
mpi 250 3000 1 1 14427 0
mpi 250 3000 1 10 13680 0
mpi 250 3000 1 2 13380 0
mpi 250 3000 1 3 14338 0
mpi 250 3000 1 4 14875 0
mpi 250 3000 1 5 13581 0
mpi 250 3000 1 6 14296 1
mpi 250 3000 1 7 14051 0
mpi 250 3000 1 8 13720 0
mpi 250 3000 1 9 13862 0
mpi 250 5000 1 1 15364 1
mpi 250 5000 1 10 15229 2
mpi 250 5000 1 2 14526 0
mpi 250 5000 1 3 15105 0
mpi 250 5000 1 4 15085 0
mpi 250 5000 1 5 14157 0
mpi 250 5000 1 6 14762 0
mpi 250 5000 1 7 15887 0
mpi 250 5000 1 8 15579 0
mpi 250 5000 1 9 13558 1
mpi 250 500 1 1 8437 0
mpi 250 500 1 10 8439 0
mpi 250 500 1 2 8310 0
mpi 250 500 1 3 8667 0
mpi 250 500 1 4 8408 0
mpi 250 500 1 5 8369 0
mpi 250 500 1 6 8540 0
mpi 250 500 1 7 8818 0
mpi 250 500 1 8 8266 0
mpi 250 500 1 9 8792 0
mpi 250 750 1 1 10194 0
mpi 250 750 1 10 10286 0
mpi 250 750 1 2 9455 0
mpi 250 750 1 3 9559 0
mpi 250 750 1 4 9498 0
mpi 250 750 1 5 9554 0
mpi 250 750 1 6 9902 0
mpi 250 750 1 7 10028 0
mpi 250 750 1 8 9856 0
mpi 250 750 1 9 9773 0
mpi 300 1000 1 1 11753 0
mpi 300 1000 1 10 11822 0
mpi 300 1000 1 2 12167 0
mpi 300 1000 1 3 12378 0
mpi 300 1000 1 4 12045 0
mpi 300 1000 1 5 12306 0
mpi 300 1000 1 6 12432 0
mpi 300 1000 1 7 12311 0
mpi 300 1000 1 8 12255 0
mpi 300 1000 1 9 11546 0
mpi 300 2000 1 1 15197 0
mpi 300 2000 1 10 14058 0
mpi 300 2000 1 2 15222 0
mpi 300 2000 1 3 15037 0
mpi 300 2000 1 4 14562 0
mpi 300 2000 1 5 15013 0
mpi 300 2000 1 6 15411 0
mpi 300 2000 1 7 14944 0
mpi 300 2000 1 8 15262 0
mpi 300 2000 1 9 15076 0
mpi 300 3000 1 1 16417 0
mpi 300 3000 1 10 15993 0
mpi 300 3000 1 2 15958 0
mpi 300 3000 1 3 16520 0
mpi 300 3000 1 4 15568 0
mpi 300 3000 1 5 16538 0
mpi 300 3000 1 6 16657 1
mpi 300 3000 1 7 15930 0
mpi 300 3000 1 8 15852 0
mpi 300 3000 1 9 16283 0
mpi 300 300 1 1 7158 0
mpi 300 300 1 10 7329 0
mpi 300 300 1 2 7667 0
mpi 300 300 1 3 7391 0
mpi 300 300 1 4 7113 0
mpi 300 300 1 5 6936 0
mpi 300 300 1 6 7489 0
mpi 300 300 1 7 7867 0
mpi 300 300 1 8 7329 0
mpi 300 300 1 9 7901 0
mpi 300 5000 1 1 17490 1
mpi 300 5000 1 10 17308 1
mpi 300 5000 1 2 17477 0
mpi 300 5000 1 3 18062 0
mpi 300 5000 1 4 16710 0
mpi 300 5000 1 5 17819 0
mpi 300 5000 1 6 17546 1
mpi 300 5000 1 7 18728 0
mpi 300 5000 1 8 17381 0
mpi 300 5000 1 9 16960 0
mpi 300 500 1 1 9198 0
mpi 300 500 1 10 9527 0
mpi 300 500 1 2 10524 0
mpi 300 500 1 3 9303 0
mpi 300 500 1 4 9410 0
mpi 300 500 1 5 8933 0
mpi 300 500 1 6 9595 0
mpi 300 500 1 7 8796 0
mpi 300 500 1 8 9690 0
mpi 300 500 1 9 10146 0
mpi 300 750 1 1 11639 0
mpi 300 750 1 10 10138 0
mpi 300 750 1 2 10886 0
mpi 300 750 1 3 11328 0
mpi 300 750 1 4 11258 0
mpi 300 750 1 5 10767 0
mpi 300 750 1 6 11340 0
mpi 300 750 1 7 11151 0
mpi 300 750 1 8 11676 0
mpi 300 750 1 9 11815 0
mpi 50 1000 1 1 3401 0
mpi 50 1000 1 10 3299 0
mpi 50 1000 1 2 2801 0
mpi 50 1000 1 3 2917 0
mpi 50 1000 1 4 3349 0
mpi 50 1000 1 5 3007 0
mpi 50 1000 1 6 3074 0
mpi 50 1000 1 7 2879 0
mpi 50 1000 1 8 3007 0
mpi 50 1000 1 9 3026 0
mpi 50 100 1 1 1446 0
mpi 50 100 1 10 1576 0
mpi 50 100 1 2 1574 0
mpi 50 100 1 3 1506 0
mpi 50 100 1 4 1533 0
mpi 50 100 1 5 1729 0
mpi 50 100 1 6 1590 0
mpi 50 100 1 7 1644 0
mpi 50 100 1 8 1790 0
mpi 50 100 1 9 1785 0
mpi 50 250 1 1 2430 0
mpi 50 250 1 10 2489 0
mpi 50 250 1 2 2573 0
mpi 50 250 1 3 2184 0
mpi 50 250 1 4 2494 0
mpi 50 250 1 5 1997 0
mpi 50 250 1 6 2179 0
mpi 50 250 1 7 2419 0
mpi 50 250 1 8 2065 0
mpi 50 250 1 9 2096 0
mpi 50 500 1 1 2566 0
mpi 50 500 1 10 2562 0
mpi 50 500 1 2 2848 0
mpi 50 500 1 3 2687 0
mpi 50 500 1 4 2572 0
mpi 50 500 1 5 2763 0
mpi 50 500 1 6 2957 0
mpi 50 500 1 7 2482 0
mpi 50 500 1 8 2785 0
mpi 50 500 1 9 2762 0
mpi 50 50 1 1 1045 0
mpi 50 50 1 10 1200 0
mpi 50 50 1 2 1335 0
mpi 50 50 1 3 1087 0
mpi 50 50 1 4 1379 0
mpi 50 50 1 5 1120 0
mpi 50 50 1 6 1082 0
mpi 50 50 1 7 959 0
mpi 50 50 1 8 1259 0
mpi 50 50 1 9 1670 0
mpi 50 750 1 1 3123 0
mpi 50 750 1 10 2673 0
mpi 50 750 1 2 2954 0
mpi 50 750 1 3 2960 0
mpi 50 750 1 4 3041 1
mpi 50 750 1 5 2851 0
mpi 50 750 1 6 2847 0
mpi 50 750 1 7 3429 0
mpi 50 750 1 8 2746 0
mpi 50 750 1 9 3005 0