150 50
2875159951 1688364108 310347663 1 1 1 1 4248973744 898375447 989112590 4001882614 1 1895590874 1 1 1 1 1 1 1 1 1 1 1643389864 1 1 1127906876 1 2027097284 3682333143 606375832 1078312339 2396975822 1 1 2741554297 1633310939 1837303270 3758157780 305254749 9 1 1 1 1 844419940 2333775453 8735258 1 2548933716 1 2899899762 696768527 2476961919 3781435417 1 2204416044 662320223 1051975745 2 4 1 1464396119 1 1 2 2548834282 3208704184 5997638 4 3471084222 261138026 3066501541 1 1 2562361288 2938483043 1 756983313 2748853040 3 1 1941303073 1589871391 1 2 2859679745 135497701 1295841902 2656803612 4111269499 2025197398 573594753 1 206830863 1 217465940 9 1939850526 3546941485 3028380780 1618325327 3746564295 1538629650 1 1 3 3270663745 1 2 3904251737 4 1 1 2 1186834687 3 1 3266534236 665887213 3 2746706009 1 1 776261481 3 9 3879318096 1 2 1 1 1 4096578949 3873179895 2169540787 3204946453 161066385 1760094928 3438164120 475259488 1 3656175499 4189830766 1381910941 1 784799066 3 4 1 
4 96
6 34
12 126
14 126
15 64
16 42
17 18
19 115
20 14
21 123
23 117
26 107
28 41
41 107
43 14
43 121
44 121
51 131
56 61
60 86
60 98
61 81
62 7
66 127
70 130
75 115
78 74
81 146
82 98
86 70
94 5
98 107
105 150
109 49
110 41
112 66
113 127
114 110
117 112
118 45
124 25
127 65
129 22
130 106
132 130
133 85
148 35
148 142
149 112
149 113

