150 100
4014889665 4052809360 3 1 3 1 980062879 3661169135 1 4 7 1 1540221639 3389505568 180822717 4 1 1972218711 1 2673445919 1 1 1 9 1303588384 245971459 1 1 4 3479534144 11 8 1 540702615 1822209035 2012587691 1 9 1 1 3 3576001875 13 623219742 2041242759 3941160792 3 2882286303 2338742729 1 3 1 1 1 7 330405677 1 1237737211 1 906678765 1 1 4027882243 2 3935545504 1 2103048517 1 1 1 1 1 5 1 1 1 2 3 1 3159679635 1 8 24978547 1 3 3 14 2029085815 1313914558 2110224271 1 3423226246 4 3420144981 4 1 4 3 1 1794045203 3 9 2 4111239312 1 1 1 795329849 4 1 3434571830 4 6 1 1 2 9 16 6 1042047071 1 1 3 1 1 1 1 1 2 1 1 5 2 4199249202 3 2 3481790306 22 1 1 16 2 3 2434344991 1 1 3 2972938688 1 15 
3 129
4 51
5 85
5 107
6 57
9 22
10 33
10 54
11 64
11 138
16 110
17 76
19 114
19 128
21 41
22 149
23 116
24 16
24 87
28 109
29 117
29 123
31 27
31 53
31 107
31 130
32 142
33 125
37 141
43 138
47 68
50 87
51 140
52 43
55 24
55 27
59 138
62 71
64 109
66 78
70 62
72 38
73 43
73 119
74 32
74 61
79 141
81 77
82 68
82 122
82 145
85 12
86 117
86 121
93 32
93 87
95 75
97 6
97 87
98 38
101 38
101 69
102 6
102 87
103 132
105 98
106 9
112 41
112 95
113 99
113 150
116 55
116 103
118 43
118 73
118 91
118 150
119 16
119 39
123 77
124 113
126 133
127 47
129 96
131 78
132 150
133 138
135 57
135 147
136 11
136 102
139 132
141 115
141 142
143 40
143 117
145 84
146 3
147 124
150 138

