200 50
4 1 2049597551 1 1340465473 1 3427088815 1 453687411 3 1 1 3183840115 3111583976 1 2999218323 4085491445 318621919 3319851342 1472786245 3774062625 1 1 1978583042 4022137473 35344670 1385688220 4 2614535547 2016033992 2289621004 2941209886 802786731 2466301882 1 4 2545982931 5 1393231108 1922372800 2492230374 1852898045 1 1 1 3280730033 3904398068 3 3569701406 3247236857 1 2834948445 1 2476416720 3567091940 2735216692 1 1039241896 1 2247102457 1175900897 1574025921 4016369465 4 1124306138 1684943178 37174612 114324170 1 1665003407 1885755917 1573415625 1 3036916274 2294209405 1 481672343 2777448691 3948348472 121080443 1 2294501672 1 623927878 3607616358 1 4233997146 1 3608402398 2335616951 2380730634 2021019895 1 1 4076295615 2166570772 309418076 1 127473606 3405591137 1 1 1 4083651509 1913064178 1 1 1 4 870626305 2571659494 3045013236 1 2279696839 1 3802365600 1 1853254614 7 1311230896 1232878000 2952089250 2699979168 2 2484914672 307366006 432409778 1 4290360171 3018803466 924223688 1 345521956 842538823 3381738757 1 4187586025 4 1 5 3502914837 1515653943 4291766697 1 1 1624137708 3932490529 1233100950 3 1 2740366127 609352773 2561530575 94832827 2922277636 3318004903 1261760944 748550940 3307902589 1 2813557590 2117317213 3 2324830154 1 1844443513 1 1 1 2548650937 1 1 1 943441264 1526661564 768818104 1145437508 1551692210 525880158 322915096 1 1836557762 1 1 596251223 3801905570 1 1 1 784302626 513331012 1 1 1 1 1 1 1567427886 1 2869737429 
1 15
1 169
2 140
4 64
8 188
10 6
28 22
38 102
43 103
48 38
53 117
57 28
59 51
64 139
69 44
73 189
83 124
88 76
93 138
94 101
98 115
106 144
106 168
109 10
109 160
113 163
119 36
119 86
119 136
128 15
132 108
138 140
140 38
145 38
149 35
149 86
163 11
165 36
167 10
171 81
173 184
181 107
183 48
187 172
192 23
194 193
195 150
196 45
197 124
199 12

