150 500
4 44 15 10 17 40 16 1 38 30 30 76 23 22 31 4 2 42 17 12 4 35 12 22 1 1 111 1 2 71 1 23 26 25 126 43 15 2 6 4 44 19 76 18 32 5 5 29 10 18 22 12 16 1 37 34 16 36 10 97 4 2 58 4 15 24 3 10 30 31 15 1 10 41 6 44 41 8 4 2 32 14 67 17 4 29 4 4 7 21 52 11 13 11 37 32 1 75 18 102 10 15 4 63 35 19 19 80 30 38 16 50 78 1 7 43 14 3 43 17 31 38 22 17 33 39 23 1 3 11 23 54 4 92 27 5 38 92 45 20 19 28 33 26 80 9 2 45 14 2 
1 77
1 82
1 102
2 7
2 11
2 52
2 65
2 83
2 105
2 143
3 75
3 106
3 108
3 116
4 44
4 91
4 121
5 98
5 111
5 149
6 13
6 35
6 117
6 121
6 135
6 145
7 100
7 139
8 1
8 56
8 60
8 109
9 14
9 48
9 55
9 131
9 137
11 10
11 15
11 17
11 42
11 101
11 105
11 137
11 141
11 146
12 47
12 52
12 57
12 94
12 146
13 18
13 104
13 135
14 45
14 113
14 118
14 120
15 14
15 134
17 12
17 16
17 33
17 66
17 124
17 148
18 59
18 98
19 3
19 132
20 50
20 74
20 105
20 113
20 117
21 33
21 68
22 56
22 67
22 68
22 83
22 96
22 124
23 22
23 113
23 141
24 98
24 141
24 148
25 10
26 18
26 122
27 5
27 9
27 33
27 48
27 77
27 93
27 119
27 144
28 18
29 30
29 55
30 32
30 94
30 98
30 108
31 117
32 71
32 92
32 100
33 12
33 135
33 148
34 37
34 62
34 106
34 132
34 142
35 26
35 36
35 96
35 108
35 126
35 127
36 43
36 77
36 103
36 144
37 71
37 118
38 148
38 149
39 58
39 68
39 145
40 6
41 36
41 111
41 120
42 30
42 128
43 26
43 76
43 103
43 110
43 132
43 144
44 86
44 124
45 24
45 62
45 63
45 108
45 122
46 52
46 100
46 107
47 27
47 51
48 17
48 42
48 82
48 86
49 10
49 12
49 18
49 56
49 69
49 77
49 90
50 33
50 44
50 104
50 105
50 146
51 27
51 110
52 53
52 76
52 81
52 104
52 141
53 40
53 41
53 63
53 95
53 106
53 108
54 36
55 77
55 88
55 90
55 132
56 27
57 5
57 110
58 35
58 113
59 117
60 109
60 113
60 116
60 138
61 9
61 60
61 100
61 122
62 74
63 108
63 116
63 134
64 42
64 54
64 71
64 125
65 59
66 12
66 59
66 134
66 137
67 64
67 139
68 59
68 102
69 14
69 23
69 58
70 2
70 64
70 132
70 145
71 49
71 140
72 4
73 70
73 139
74 114
74 126
75 16
75 83
76 31
76 75
76 83
76 137
77 29
77 58
77 128
78 37
78 108
78 130
79 43
79 56
79 66
79 113
80 63
81 13
81 35
81 48
81 74
81 77
81 113
81 139
82 74
82 130
82 138
83 8
83 111
84 32
84 83
84 86
84 134
84 143
85 74
86 71
86 83
86 94
86 95
86 113
86 141
86 142
87 55
89 2
89 9
89 51
89 147
90 47
90 147
91 10
91 43
91 65
91 69
91 120
91 141
92 11
92 63
92 101
92 118
92 131
93 19
93 118
93 127
94 57
94 60
94 83
95 35
95 76
95 92
96 15
96 71
96 73
96 112
96 113
96 127
98 41
98 54
98 62
98 77
98 115
98 122
99 50
99 59
99 100
99 125
99 128
99 150
100 6
100 53
100 113
101 131
102 19
103 39
103 41
103 53
103 105
103 145
104 65
104 125
105 19
105 100
106 4
106 13
106 47
106 60
106 81
106 121
107 27
107 74
107 100
108 7
108 43
108 87
109 37
109 46
109 76
110 49
110 104
110 119
110 126
111 91
111 102
111 103
112 11
112 58
112 60
112 63
112 73
112 110
112 150
113 54
113 125
115 4
115 30
115 70
116 10
116 18
116 23
117 3
117 101
117 139
118 95
118 107
119 56
119 59
119 60
119 86
119 95
120 24
120 28
120 35
120 81
120 94
120 113
121 30
121 32
121 44
121 100
122 99
122 109
122 142
122 148
123 9
123 49
123 80
123 97
124 40
125 111
125 126
126 6
126 76
126 138
127 74
127 122
128 69
128 134
129 15
129 107
130 58
130 103
131 44
131 144
132 11
132 37
132 49
132 104
132 116
133 3
133 12
133 71
133 85
134 33
134 41
134 83
134 136
134 142
135 26
135 49
135 52
135 108
136 41
136 107
137 49
137 51
138 32
138 56
138 81
138 94
138 104
138 118
138 122
139 5
139 15
139 22
139 90
139 98
140 23
140 27
140 30
140 35
140 77
140 127
141 2
141 10
141 44
141 64
141 136
142 7
142 123
143 35
143 77
143 106
143 109
143 111
144 82
144 126
144 143
145 8
145 27
145 99
145 105
145 140
146 124
147 64
147 121
148 52
148 55
148 92
148 103
148 119
148 137
149 81
149 82
149 88
149 98
149 147
150 26
150 32
150 65
150 74
150 130

