250 2000
89 277 234 191 187 33 133 113 136 6 28 185 242 36 7 20 196 85 83 355 99 84 175 102 295 168 35 77 271 365 144 63 201 7 35 507 343 53 167 85 15 144 57 67 50 15 260 216 72 97 116 163 151 130 81 589 187 107 99 112 80 29 111 66 131 191 161 26 352 66 5 211 89 313 85 210 114 176 138 16 140 158 50 190 75 78 2 311 224 301 108 198 158 235 121 305 123 12 9 15 48 9 222 112 63 33 87 102 42 86 221 129 42 31 239 286 97 144 105 86 74 152 24 158 21 14 123 138 421 175 314 14 4 82 25 93 20 311 77 326 160 202 70 58 63 425 53 142 13 235 306 217 110 139 219 89 174 164 144 43 258 4 100 201 69 100 212 129 144 155 88 301 33 14 251 128 2 116 200 189 132 166 161 130 127 143 81 151 112 69 152 129 344 106 13 3 111 115 54 168 136 153 92 183 3 75 173 263 271 44 30 50 45 59 75 673 58 51 73 125 227 129 56 238 33 275 10 333 27 193 49 153 178 97 72 235 24 65 20 85 134 35 315 10 349 1 477 213 320 67 
1 60
1 64
1 83
1 137
1 191
1 208
2 14
2 25
2 53
2 96
2 97
2 125
2 150
2 151
2 166
2 240
3 26
3 96
3 124
3 132
3 164
3 194
3 248
4 13
4 48
4 79
4 174
4 197
4 206
4 212
4 238
4 250
5 72
5 135
5 155
5 191
5 203
5 215
6 56
6 62
6 96
6 153
6 243
7 5
7 17
7 29
7 70
7 130
7 148
7 158
7 172
7 231
7 246
8 32
8 59
8 91
8 105
8 112
8 150
8 169
9 37
9 47
9 78
9 90
9 150
9 205
9 231
10 1
10 12
10 44
10 93
10 110
10 198
10 243
11 49
11 56
11 87
11 140
11 143
11 163
11 167
11 179
11 212
11 249
12 5
12 51
12 130
12 168
12 183
12 185
12 217
12 227
13 11
13 23
13 41
13 179
13 200
13 207
13 218
14 9
14 24
14 35
14 113
14 148
14 173
15 5
15 31
15 103
15 116
15 141
15 226
16 2
16 17
16 46
16 83
16 89
16 130
16 140
16 150
16 196
16 202
17 9
17 39
17 79
17 85
17 111
17 116
17 165
17 196
17 215
17 226
17 241
17 249
18 15
18 17
18 19
18 53
18 168
18 177
18 242
19 3
19 37
19 47
19 54
19 128
19 175
19 218
19 227
20 28
20 61
20 71
20 92
20 135
20 165
20 213
20 219
20 236
20 249
21 11
21 38
21 40
21 111
21 130
21 188
22 131
22 165
22 242
23 10
23 20
23 22
23 26
23 55
23 74
23 150
23 157
23 186
24 8
24 9
24 33
24 56
24 84
24 138
24 159
24 176
24 186
24 223
25 41
25 69
25 89
25 140
25 143
25 155
25 162
25 181
25 184
26 1
26 14
26 29
26 31
26 41
26 81
26 167
26 194
26 246
27 4
27 22
27 52
27 58
27 70
27 93
27 102
27 179
27 186
27 220
28 3
28 43
28 73
28 90
28 126
28 140
28 176
28 247
29 21
29 56
29 64
29 78
29 168
29 187
29 194
29 241
29 247
30 3
30 28
30 74
30 90
30 99
30 104
30 129
30 158
30 193
30 222
30 248
31 3
31 44
31 53
31 57
31 71
31 106
31 131
31 186
32 50
32 93
32 105
32 144
32 167
32 211
32 221
33 26
33 78
33 97
33 105
33 111
33 114
33 132
33 140
33 191
33 197
33 214
34 3
34 12
34 24
34 30
34 32
34 37
34 47
34 126
34 139
34 152
34 160
34 164
34 182
34 206
34 225
34 233
35 2
35 96
35 132
35 134
35 141
35 145
36 19
36 35
36 48
36 61
36 72
36 89
36 101
36 110
36 119
36 123
36 191
36 219
36 220
36 226
36 238
37 5
37 39
37 85
37 119
37 121
37 125
37 150
37 176
37 188
37 196
37 208
37 220
37 233
38 88
38 106
38 112
38 166
38 186
38 194
38 196
38 202
39 38
39 62
39 81
39 115
39 124
39 127
39 244
39 250
40 76
40 89
40 92
40 128
40 131
40 162
40 171
40 186
40 196
40 208
40 249
41 54
41 89
41 92
41 193
42 16
42 36
42 72
42 103
42 137
42 174
42 192
43 198
44 48
44 85
44 90
44 97
44 134
44 146
44 148
44 165
44 211
44 218
45 16
45 67
45 70
45 181
45 236
46 22
46 49
46 56
46 76
46 149
46 183
46 202
46 209
46 230
46 233
47 90
47 108
47 122
47 136
47 162
47 174
47 204
47 241
48 11
48 93
48 105
48 119
48 156
48 161
48 179
48 223
48 245
49 8
49 23
49 71
49 76
49 91
49 99
49 146
49 155
49 190
49 214
49 228
49 236
49 239
49 241
50 67
50 73
50 116
50 123
50 171
50 183
50 217
50 222
50 244
50 247
51 28
51 55
51 103
51 147
51 151
51 196
51 218
51 232
52 73
52 92
52 97
52 134
52 217
52 223
52 231
52 241
52 242
53 8
53 14
53 63
53 70
53 77
53 98
53 104
53 130
53 171
54 5
54 13
54 27
54 39
54 117
54 166
54 187
54 250
55 31
55 60
55 102
55 150
56 28
56 44
56 76
56 88
56 96
56 148
56 160
56 165
56 172
56 201
56 202
57 98
57 103
57 116
57 126
57 184
58 3
58 9
58 31
58 61
58 91
58 135
58 172
58 194
58 206
58 226
59 5
59 20
59 27
59 32
59 76
59 90
59 221
59 249
60 125
60 191
60 216
61 62
61 117
61 120
61 134
61 153
61 158
61 163
61 221
61 243
62 9
62 36
62 40
62 91
62 94
62 183
62 192
63 13
63 43
63 78
63 87
63 88
63 94
63 100
63 146
63 154
63 195
64 20
64 76
64 113
64 121
64 123
64 143
64 175
64 194
64 218
64 219
65 93
65 99
65 118
65 127
65 142
65 170
66 38
66 46
66 89
66 176
66 197
66 226
66 239
66 243
67 7
67 40
67 42
67 54
67 65
67 75
67 127
67 143
67 145
67 173
67 248
68 94
68 177
68 179
68 213
68 234
69 1
69 12
69 36
69 76
69 77
69 80
69 111
69 114
69 117
69 159
69 160
69 161
70 26
70 118
70 127
70 129
70 139
70 144
70 167
70 246
71 4
71 25
71 41
71 129
71 249
72 1
72 3
72 7
72 34
72 71
72 80
72 86
72 108
72 121
72 173
73 47
73 151
73 156
73 190
73 228
73 245
74 4
74 20
74 25
74 55
74 59
74 113
74 124
74 149
74 150
74 182
75 29
75 59
75 64
75 66
75 162
75 163
75 198
75 201
76 14
76 51
76 142
76 144
76 229
77 45
77 47
77 89
77 148
77 149
77 172
77 174
77 215
77 226
78 19
78 109
78 145
78 209
78 218
78 233
79 31
79 81
79 87
79 89
79 100
79 111
79 132
79 139
79 147
79 200
79 240
79 244
80 18
80 106
80 116
80 142
80 160
81 7
81 8
81 59
81 62
81 110
81 129
81 149
81 189
81 193
81 213
82 5
82 48
82 62
82 77
82 102
82 113
82 250
83 24
83 48
83 180
83 219
84 31
84 66
84 80
84 102
84 131
84 142
84 150
84 156
84 166
84 173
84 215
84 225
84 239
84 245
85 3
85 30
85 60
85 92
85 96
85 119
85 165
86 14
86 35
86 114
86 154
87 95
87 175
88 26
88 37
88 66
88 95
88 178
88 184
89 22
89 81
89 103
89 147
89 162
89 241
90 52
90 70
90 96
90 100
90 116
90 172
90 194
90 214
90 248
91 3
91 122
91 187
91 247
92 22
92 33
92 50
92 89
92 99
92 127
92 170
92 232
93 29
93 75
93 139
93 165
93 169
93 185
93 198
93 218
93 225
93 228
94 33
94 55
94 96
94 114
94 157
94 158
94 164
94 181
94 218
94 233
94 242
95 3
95 27
95 48
95 57
95 63
95 78
95 110
95 124
95 202
95 224
95 228
95 239
96 74
96 91
96 103
96 139
96 193
96 199
96 231
96 250
97 12
97 16
97 19
97 26
97 92
97 98
97 149
97 150
97 216
98 8
98 10
98 12
98 54
98 79
98 85
98 192
98 206
98 238
99 42
99 52
99 74
99 84
99 118
99 140
99 157
100 58
100 114
100 125
100 151
100 170
100 178
100 185
100 207
100 211
100 233
101 30
101 44
101 116
101 131
101 134
101 139
101 229
101 244
102 6
102 37
102 79
102 110
102 119
102 121
102 179
102 227
102 228
103 24
103 30
103 76
103 111
103 113
103 166
103 224
103 242
104 18
104 51
104 88
104 129
104 182
104 245
105 36
105 52
105 72
105 216
105 243
106 33
106 55
106 108
106 145
106 225
107 64
107 75
107 94
107 146
107 155
107 185
108 69
108 75
108 101
108 124
109 43
109 131
109 140
109 220
109 247
109 249
110 34
110 56
110 86
110 101
110 204
111 9
111 78
111 86
111 106
111 177
111 186
111 187
111 188
111 222
112 48
112 86
112 89
112 114
112 151
112 153
112 162
112 193
112 215
112 240
113 12
113 52
113 77
113 88
113 114
113 132
113 135
113 141
113 179
113 188
113 194
113 238
113 248
114 39
114 105
114 158
114 179
114 204
114 233
115 27
115 29
115 47
115 66
115 68
115 105
115 114
115 141
115 201
115 213
115 226
115 240
116 12
116 22
116 25
116 65
116 81
116 82
116 88
116 108
116 164
116 169
116 237
116 245
117 30
117 38
117 44
117 59
117 63
117 71
117 105
117 150
117 170
118 8
118 23
118 36
118 39
118 125
118 148
118 156
118 186
118 235
118 250
119 44
119 67
119 74
119 78
119 87
119 107
119 142
119 169
119 201
119 217
119 231
120 1
120 21
120 34
120 42
120 101
120 131
120 232
120 243
121 32
121 91
121 205
121 224
122 65
122 75
122 83
122 87
122 90
122 153
122 177
122 192
122 206
123 24
123 32
123 122
124 12
124 14
124 87
124 104
124 110
124 158
124 165
124 197
125 202
125 226
125 241
126 51
126 118
126 195
126 214
126 239
127 3
127 188
127 221
128 8
128 27
128 57
128 73
128 79
128 98
128 182
129 4
129 27
129 53
129 110
129 128
129 169
129 200
129 206
129 230
129 247
130 93
130 124
130 164
130 208
130 226
130 245
131 5
131 13
131 35
131 37
131 47
131 88
131 96
131 102
131 119
131 193
131 210
131 247
132 56
132 130
132 149
132 197
132 216
133 42
133 78
133 182
134 21
134 46
134 161
134 183
134 193
134 203
134 204
134 221
134 235
134 247
135 26
135 95
135 99
135 109
136 46
136 72
136 88
136 126
136 149
137 13
137 21
137 25
137 220
137 236
138 1
138 33
138 66
138 78
138 80
138 111
138 135
138 147
138 209
138 211
138 238
138 245
139 4
139 26
139 36
139 170
139 184
140 6
140 45
140 48
140 71
140 93
140 105
140 162
140 217
140 223
140 245
141 71
141 126
141 138
141 194
141 197
142 25
142 74
142 109
142 139
142 153
142 155
142 192
142 206
142 222
142 246
143 24
143 52
143 111
143 161
143 197
143 239
144 1
144 20
144 22
144 26
144 33
144 82
144 101
144 176
144 227
145 43
145 47
145 174
145 196
145 224
146 27
146 71
146 87
146 142
146 157
146 158
146 173
146 194
146 213
146 228
146 234
146 236
147 8
147 11
147 43
147 87
147 97
147 101
147 190
147 214
147 240
148 2
148 15
148 26
148 72
148 78
148 84
148 104
148 113
148 134
148 172
149 20
149 113
149 115
149 131
149 134
150 26
150 52
150 57
150 77
150 82
150 155
150 187
150 247
151 3
151 13
151 22
151 33
151 57
151 65
151 69
151 78
151 140
151 141
151 184
151 210
151 216
152 31
152 99
152 100
152 109
152 121
152 154
152 158
152 188
152 203
152 209
152 232
152 238
152 243
153 19
153 20
153 25
153 88
153 150
153 157
153 206
154 51
154 102
154 201
154 232
155 8
155 12
155 47
155 105
155 149
155 166
155 167
155 172
155 185
155 205
155 229
155 236
156 226
156 228
157 40
157 73
157 79
157 95
157 104
157 122
157 211
157 245
157 247
157 248
158 23
158 82
158 131
158 147
158 168
158 174
158 179
158 185
158 205
158 223
158 230
158 246
159 14
159 23
159 27
159 41
159 60
159 117
159 152
159 237
159 245
160 37
160 57
160 61
160 93
160 154
160 216
160 222
160 230
161 54
161 55
161 87
161 137
161 154
161 156
161 183
161 184
162 57
162 74
162 78
162 106
162 115
162 136
162 195
162 207
163 4
163 60
163 97
163 165
163 177
163 187
164 25
164 33
164 57
164 59
164 72
164 107
164 134
164 188
164 200
164 206
165 34
165 111
165 244
166 11
166 30
166 76
166 114
166 139
166 161
166 181
166 192
166 234
167 16
167 22
167 27
167 62
167 106
167 115
167 118
167 150
167 192
167 194
167 201
167 206
167 210
167 213
167 226
167 240
168 50
168 69
168 72
168 92
168 113
168 138
168 156
168 164
169 7
169 13
169 34
169 43
169 46
169 63
169 64
169 71
169 74
169 90
169 110
169 175
169 232
169 235
169 237
170 14
170 26
170 33
170 69
170 81
170 114
170 183
170 201
170 244
171 96
171 163
171 224
171 246
172 29
172 83
172 112
172 124
172 149
172 181
172 197
172 249
173 20
173 48
173 66
174 56
174 68
174 129
174 150
174 205
174 207
174 227
175 3
175 61
175 130
175 139
175 174
175 193
175 194
175 202
175 215
175 235
175 237
176 10
176 26
176 98
176 129
176 154
176 168
176 182
176 203
176 208
176 234
177 14
177 127
177 139
177 153
177 162
177 191
177 208
178 27
178 28
178 89
178 195
178 220
178 247
179 41
179 78
179 161
179 171
179 172
179 218
179 229
180 26
180 28
180 31
180 51
180 61
180 80
180 88
180 94
180 106
180 126
180 214
181 2
181 9
181 48
181 140
181 161
181 198
181 250
182 16
182 42
182 44
182 127
182 158
182 247
183 17
183 67
183 92
183 99
183 123
183 226
183 240
183 243
184 8
184 56
184 120
184 130
184 192
184 226
185 82
185 137
185 171
185 194
185 197
186 3
186 9
186 26
186 102
186 112
186 155
186 216
186 248
187 20
187 212
187 245
188 13
188 56
188 70
188 73
188 75
188 108
188 112
188 136
188 145
188 151
188 155
188 213
189 5
189 76
189 106
189 119
189 141
189 173
189 175
189 219
189 235
190 34
190 36
190 48
190 62
190 116
190 132
190 135
190 151
190 197
190 243
191 108
191 114
191 134
191 167
191 180
191 183
191 197
191 200
191 219
191 223
191 243
192 29
192 90
192 99
192 115
192 154
192 189
192 215
192 228
193 1
193 62
193 89
193 118
193 149
193 174
193 183
193 189
193 212
193 234
194 20
194 55
194 61
194 99
194 107
194 108
194 115
194 129
194 138
194 196
194 216
194 226
195 23
195 74
195 99
195 225
195 246
196 69
196 72
196 96
196 134
197 2
197 8
197 28
197 56
197 70
197 92
197 144
197 166
197 199
197 204
197 245
198 24
198 52
198 103
198 109
198 177
198 224
199 5
199 13
199 34
199 106
199 132
199 135
199 169
199 213
200 8
200 19
200 35
200 69
200 146
200 167
200 185
200 241
201 5
201 14
201 62
201 105
201 202
201 222
201 238
201 250
202 2
202 19
202 67
202 98
202 122
202 148
202 165
202 188
202 218
202 227
202 231
202 250
203 8
203 24
203 105
203 129
203 165
203 166
203 168
203 183
203 249
204 31
204 56
204 73
204 126
204 133
204 151
205 47
205 51
205 63
205 202
205 218
206 20
206 109
206 139
206 204
206 213
206 247
207 43
207 87
207 93
207 96
207 138
207 171
207 173
207 221
207 230
208 13
208 38
208 45
208 103
208 113
208 128
208 185
208 229
208 234
208 248
209 19
209 81
209 96
209 130
209 149
209 153
209 158
209 168
209 217
209 227
209 230
209 247
210 56
210 65
210 76
210 98
210 102
210 168
211 23
211 149
212 61
212 146
212 210
212 230
212 240
213 12
213 38
213 111
213 126
213 128
213 196
213 205
213 209
214 16
214 30
214 88
214 115
214 122
214 164
214 178
214 228
214 246
215 35
215 50
215 145
215 152
215 163
215 178
215 180
215 249
216 7
216 18
216 25
216 43
216 92
216 109
216 117
216 138
216 139
216 161
216 177
216 184
216 229
216 230
216 232
216 248
217 32
217 36
217 126
217 193
217 242
217 243
217 245
218 30
218 55
218 70
218 79
218 133
218 155
218 245
219 137
219 143
219 159
219 193
219 218
219 239
220 2
220 60
220 70
220 98
220 106
220 112
220 127
220 133
220 135
220 145
220 175
220 197
221 14
221 33
221 36
221 82
221 112
221 152
221 166
221 172
221 208
221 215
221 217
221 226
222 6
222 40
222 49
222 152
222 161
222 175
223 25
223 97
223 122
223 129
223 142
223 196
223 204
223 228
223 235
224 1
224 3
224 7
224 100
224 105
224 114
224 192
224 211
224 223
224 237
225 6
225 160
225 227
225 239
226 28
226 65
226 121
226 151
226 157
226 204
226 218
226 240
226 244
226 245
227 146
227 189
227 208
227 220
227 246
228 10
228 12
228 68
228 84
228 106
228 109
228 115
228 116
228 123
228 162
228 173
228 182
228 226
228 235
228 250
229 12
229 109
229 141
229 207
230 66
230 84
230 98
230 138
230 193
230 238
231 30
231 40
231 50
231 76
231 88
231 111
231 123
231 149
231 184
231 206
232 37
232 44
232 56
232 95
232 109
232 135
232 150
232 165
232 178
232 230
233 19
233 73
233 211
233 214
233 219
233 228
233 245
234 46
234 105
234 125
234 196
234 198
234 213
234 225
235 25
235 30
235 59
235 73
235 86
235 106
235 115
235 132
235 166
235 212
236 42
236 55
236 60
236 71
236 97
236 100
236 118
236 127
236 162
236 194
236 212
237 23
237 28
237 110
237 117
237 122
237 127
237 174
237 226
237 250
238 16
238 20
238 31
238 51
238 56
238 92
238 172
238 216
238 221
238 234
239 13
239 28
239 80
239 141
239 161
239 233
240 126
240 129
240 138
240 140
241 20
241 83
241 84
241 220
242 3
242 47
242 70
242 129
242 183
242 207
243 21
243 29
243 31
243 41
243 124
243 158
243 161
244 156
244 167
244 210
245 17
245 22
245 24
245 46
245 60
245 121
245 133
245 136
245 139
245 146
245 185
245 214
245 219
246 42
246 59
246 204
247 9
247 20
247 48
247 62
247 90
247 98
247 116
247 136
247 146
247 153
247 249
248 10
248 13
248 25
248 52
248 57
248 68
248 131
248 154
248 156
248 191
248 219
249 34
249 47
249 91
249 108
249 116
249 144
249 146
249 158
249 216
250 99
250 107
250 171
250 183
250 247

