50 100
51 2 2 1 21 33 6 4 6 15 27 1 28 1 15 7 14 7 1 8 4 1 1 4 2 14 2 35 58 23 10 14 3 2 2 6 2 3 4 1 8 1 17 10 1 1 2 37 2 1 
1 3
1 6
1 23
1 45
2 13
2 35
3 34
4 2
4 28
4 30
5 27
5 43
6 7
6 18
6 39
6 42
6 47
7 10
8 11
8 28
8 49
9 33
9 48
10 15
10 38
11 32
11 48
13 24
13 43
14 1
14 29
15 1
15 5
15 14
15 36
16 8
16 21
17 37
18 28
18 33
20 12
20 23
21 22
21 26
21 41
22 11
23 2
23 17
24 41
24 44
25 13
26 35
27 7
27 10
27 11
27 20
27 40
28 1
28 5
28 47
29 5
29 15
29 22
29 26
29 32
29 43
30 17
30 18
30 22
31 3
31 10
31 11
31 17
32 13
32 16
35 25
36 12
36 13
36 19
36 35
37 11
37 30
38 30
38 44
40 11
40 39
41 18
41 38
43 1
43 34
44 29
44 47
46 9
48 1
48 2
48 17
48 26
48 36
49 13
50 16

