100 750
76 180 266 101 98 76 222 333 8 51 35 203 249 126 233 133 130 265 105 78 206 7 21 23 125 4 242 66 41 127 64 51 121 25 292 26 183 211 57 42 106 108 109 50 27 67 225 120 342 61 12 197 57 136 178 21 22 207 160 14 1 280 50 276 121 55 11 60 130 79 22 89 99 166 10 36 64 91 76 218 178 21 278 83 27 182 66 166 155 82 218 216 60 55 170 184 148 76 103 82 
1 2
1 13
1 14
1 24
1 46
1 51
1 70
1 93
2 3
2 6
2 10
2 15
2 44
2 45
2 48
2 54
2 63
2 80
2 83
3 4
3 44
3 48
3 51
3 63
3 75
3 78
3 79
3 81
3 83
4 15
4 28
4 30
4 37
4 45
4 73
4 77
4 85
4 90
4 92
5 3
5 6
5 27
5 38
5 49
5 61
5 72
6 27
6 53
6 62
6 75
6 79
6 93
7 2
7 3
7 35
7 52
7 55
7 78
8 1
8 3
8 20
8 23
8 30
8 40
8 68
8 74
8 83
9 1
9 23
9 31
9 49
9 71
9 80
9 83
9 84
10 3
10 9
10 11
10 16
10 31
10 39
10 60
10 79
10 96
11 13
11 53
11 55
11 77
11 90
11 91
11 95
11 96
12 2
12 6
12 16
12 18
12 32
12 41
12 51
12 74
12 81
12 85
12 89
12 90
13 3
13 16
13 17
13 24
13 27
13 50
13 65
14 5
14 7
14 24
14 32
14 40
14 65
14 71
14 80
14 89
15 13
15 24
15 26
15 38
15 41
15 44
15 46
15 80
15 95
16 7
16 30
16 33
16 34
16 37
16 47
16 49
17 6
17 11
17 21
17 51
17 80
18 10
18 11
18 19
18 36
18 59
18 60
18 95
19 4
19 42
19 49
19 58
19 89
20 21
20 23
20 53
20 68
20 69
20 84
21 5
21 6
21 7
21 26
21 47
21 60
21 86
21 99
22 32
22 51
22 64
23 30
23 33
23 47
23 61
23 71
23 76
23 81
23 83
23 98
24 12
24 26
24 27
24 31
24 39
24 67
24 70
24 75
24 80
24 82
24 88
25 1
25 8
25 10
25 23
25 34
25 40
25 65
25 70
25 94
26 18
26 44
26 53
26 89
27 7
27 12
27 28
27 38
27 48
27 51
27 72
28 7
28 16
28 24
28 25
29 6
29 27
29 35
29 40
29 46
29 68
29 71
29 74
29 82
29 91
29 96
29 99
30 2
30 12
30 14
30 17
30 25
30 45
30 70
30 78
30 84
30 85
30 86
31 39
31 42
31 56
31 85
31 100
32 2
32 21
32 23
32 34
32 35
32 56
32 84
32 85
32 94
32 95
33 29
33 46
33 52
33 57
33 69
33 79
34 4
34 14
34 20
34 28
34 56
34 63
34 74
34 97
35 2
35 8
35 18
35 25
35 38
35 43
35 49
36 20
36 29
36 30
36 37
36 49
36 64
36 70
36 71
36 77
37 11
37 13
37 55
37 60
37 74
37 81
38 40
38 47
38 49
38 51
38 73
38 78
38 81
38 82
38 96
39 7
39 16
39 41
39 56
39 71
39 91
40 30
40 87
41 2
41 11
41 47
41 69
41 76
41 80
41 86
41 94
41 98
42 13
42 28
42 39
42 44
42 66
42 72
42 83
42 97
43 10
43 13
43 19
43 60
43 62
43 64
43 78
44 13
44 18
44 56
44 69
44 78
44 80
45 56
45 99
46 16
46 60
47 5
47 6
47 11
47 69
47 70
47 78
47 96
48 43
48 46
48 63
48 74
48 88
48 97
48 100
49 8
49 14
49 93
50 8
50 21
50 88
50 97
51 21
51 44
51 52
51 54
51 76
51 89
51 95
52 6
52 19
52 42
52 45
52 50
52 58
52 59
52 62
52 68
52 72
52 81
52 94
52 99
52 100
53 1
53 8
53 37
53 45
53 50
53 55
53 62
53 75
53 92
53 100
54 8
54 13
54 42
54 43
54 49
54 80
54 94
54 96
55 12
55 19
55 25
55 43
55 47
55 54
55 65
55 85
56 4
56 19
56 77
56 93
57 8
57 35
57 51
57 89
58 4
58 8
58 9
58 24
58 31
58 35
58 39
58 62
58 64
58 73
58 81
58 95
59 17
59 27
59 39
59 40
59 49
59 51
59 62
59 63
59 64
59 91
60 35
60 55
60 89
61 8
61 29
61 35
61 46
61 47
61 84
61 87
61 95
62 22
62 25
62 48
62 54
62 74
62 87
62 88
62 98
63 23
63 29
63 39
63 56
63 60
63 70
63 95
64 18
64 21
64 28
64 38
64 52
64 54
64 70
64 76
64 80
65 28
65 43
65 49
65 56
65 71
65 78
65 81
66 24
66 26
66 55
66 71
66 78
67 1
67 12
67 13
67 16
67 22
67 38
67 47
67 50
67 58
67 59
67 76
67 77
67 78
67 80
67 95
68 15
68 26
68 32
68 37
68 38
68 58
69 3
69 43
69 59
69 63
69 64
69 68
69 80
70 49
70 52
71 3
71 18
71 43
71 84
71 99
72 38
72 39
72 58
72 61
72 64
72 92
73 15
73 33
73 37
73 48
73 65
73 84
73 86
73 87
73 88
74 33
74 41
74 67
74 70
74 75
74 82
75 23
75 38
75 45
75 47
75 99
76 1
76 40
76 45
76 52
76 54
77 7
77 16
77 21
77 31
77 49
77 73
77 76
77 97
78 18
78 19
78 33
78 53
78 83
79 48
79 54
79 76
79 90
80 8
80 11
80 22
80 26
80 35
80 49
80 58
80 68
80 87
81 8
81 19
81 32
81 36
81 74
81 91
82 5
82 15
82 31
82 40
82 56
82 64
82 65
82 76
82 84
82 95
83 17
83 18
83 21
83 28
83 50
83 55
83 58
83 66
83 76
83 86
83 89
83 91
83 95
84 1
84 6
84 37
84 48
84 50
84 74
84 80
85 15
85 28
85 29
85 46
85 49
85 67
85 72
85 73
85 74
85 91
86 6
86 22
86 49
86 51
86 68
86 81
86 100
87 4
87 14
87 19
87 20
87 22
87 25
87 35
87 51
87 52
87 75
87 86
88 15
88 22
88 27
88 58
88 71
88 80
89 29
89 37
89 59
89 61
89 70
89 71
89 77
89 78
90 1
90 17
90 41
90 63
90 94
91 1
91 2
91 4
91 5
91 10
91 12
91 28
91 44
91 60
91 87
91 88
92 17
92 18
92 24
92 32
92 47
92 51
92 55
92 58
92 62
92 71
92 78
92 85
92 97
93 8
93 17
93 39
93 62
93 70
93 71
93 87
93 96
94 3
94 19
94 22
94 27
94 39
94 72
94 78
94 86
95 7
95 46
95 100
96 1
96 3
96 17
96 19
96 25
96 27
96 61
96 68
96 78
96 79
96 90
97 3
97 22
97 31
97 36
97 41
97 46
97 49
97 74
97 83
97 84
97 98
98 16
98 19
98 34
98 48
98 66
98 75
98 88
99 18
99 35
99 39
99 48
99 51
99 54
99 58
99 61
99 69
99 90
99 98
100 7
100 13
100 30
100 35
100 62
100 94
100 96
100 97

