300 1000
37 31 35 10 42 132 25 23 27 36 6 33 5 45 52 2 1 16 21 21 33 72 5 8 117 56 4 3 99 25 6 52 7 23 16 20 34 4 33 2 91 4 34 21 21 14 28 38 119 22 13 8 63 3 8 22 26 15 37 25 3 1 39 13 42 50 32 24 16 2 33 4 10 50 57 1 25 3 82 15 13 9 2 11 24 5 47 3 51 49 13 46 13 12 22 2 6 12 22 47 30 65 21 12 37 32 41 12 16 9 3 25 10 88 31 11 85 19 9 9 15 37 18 3 23 3 19 47 2 5 87 13 10 4 19 7 36 31 9 34 54 27 26 5 34 25 12 36 30 126 34 66 13 4 8 7 1 36 60 43 9 17 14 23 53 11 45 12 127 51 2 8 40 33 56 1 1 33 4 26 24 30 5 22 8 4 78 2 8 24 55 26 1 6 10 7 54 29 3 113 6 20 13 6 58 37 9 1 35 51 7 18 4 59 2 44 27 11 6 1 7 32 14 17 68 7 14 10 9 22 16 2 10 12 28 30 7 5 1 8 7 12 3 1 19 15 80 29 16 31 24 45 11 94 33 6 39 45 5 8 6 66 5 4 14 89 22 96 39 24 42 7 14 57 33 78 62 30 4 13 30 47 16 22 60 2 58 1 44 3 21 26 9 22 10 4 48 71 6 44 
1 39
1 156
1 262
1 298
2 23
2 93
2 184
2 293
3 32
3 66
3 134
3 141
3 191
4 77
4 168
4 217
5 96
5 228
5 284
6 145
6 182
6 254
7 13
7 35
7 202
7 204
8 34
8 68
8 192
8 211
8 216
8 223
8 232
9 111
9 147
9 148
9 295
10 18
10 138
10 291
10 292
11 30
11 63
11 108
11 121
11 134
11 153
12 41
12 91
12 137
12 169
12 206
12 287
13 145
14 68
14 79
14 200
14 243
15 21
15 29
15 50
15 117
15 131
16 6
16 199
16 205
17 79
17 101
17 176
17 192
18 94
18 150
19 15
19 105
20 115
20 117
20 286
21 102
21 135
21 230
21 272
22 141
22 161
22 163
22 216
22 297
24 163
24 208
24 242
25 126
25 151
25 162
25 180
25 191
25 196
25 277
25 287
26 42
26 57
26 127
26 130
26 139
27 251
28 19
28 100
28 217
29 68
29 124
29 253
30 117
30 254
31 39
31 108
32 102
32 103
32 137
32 191
33 287
34 68
34 200
34 255
34 264
34 292
35 27
35 98
35 300
36 100
36 194
36 265
37 7
37 138
37 188
37 200
37 234
37 275
38 135
38 176
38 178
38 187
39 73
40 73
41 47
41 145
41 146
41 214
41 225
42 284
43 139
43 141
43 268
44 78
44 204
44 252
45 86
45 177
45 212
45 258
46 71
46 178
46 240
47 204
47 283
48 1
48 85
48 170
48 221
49 62
49 78
49 151
49 158
49 174
49 237
50 2
50 6
50 106
50 123
50 131
51 74
51 117
52 53
52 252
53 46
53 210
53 256
54 127
54 241
54 268
54 286
55 41
55 110
56 101
56 143
56 199
56 257
57 137
57 168
57 181
57 276
57 297
58 47
59 46
59 96
59 220
59 254
59 268
60 174
61 72
61 87
61 160
61 204
61 237
62 96
62 177
62 283
63 75
63 133
63 269
64 39
64 74
64 167
64 216
64 273
65 6
65 54
65 56
65 63
65 75
65 119
65 217
66 47
66 75
66 144
66 224
66 266
67 152
67 256
67 269
68 81
68 102
69 62
69 127
69 137
69 197
69 291
70 270
71 13
71 54
71 101
71 176
72 164
72 186
72 279
73 6
73 131
73 158
73 159
73 226
73 230
74 32
74 92
74 98
74 107
75 43
75 46
75 49
75 150
76 140
77 110
77 252
78 121
78 218
79 30
79 83
80 32
80 135
81 53
81 241
81 275
82 159
82 227
82 234
83 49
85 200
85 236
86 79
86 101
87 115
87 128
87 129
87 138
87 142
87 143
87 228
87 287
88 80
89 24
89 54
89 190
89 264
89 278
89 287
90 65
90 104
90 105
90 193
90 229
91 92
91 149
91 197
91 198
91 262
92 140
92 262
93 292
95 168
95 292
96 48
96 235
97 6
97 23
97 246
98 107
98 273
99 136
99 169
99 278
100 58
100 67
100 169
100 216
101 10
101 135
101 214
102 78
102 114
102 123
102 190
103 254
104 85
104 197
104 205
104 275
105 166
105 275
105 281
106 137
106 180
107 36
107 89
107 91
107 162
107 192
108 48
108 59
108 121
108 130
109 145
109 217
109 266
110 114
110 161
111 8
111 254
112 19
112 39
112 269
113 23
113 175
113 294
114 79
114 99
114 107
114 117
114 120
114 233
114 287
115 70
115 74
115 170
115 213
116 22
116 177
116 182
117 6
117 17
117 23
117 125
117 223
117 234
117 288
118 29
118 241
118 266
118 287
119 265
119 289
120 183
120 297
121 119
122 28
122 67
122 128
122 156
122 251
122 257
122 291
122 300
123 49
123 163
123 191
125 74
125 95
125 140
126 137
127 152
127 241
127 260
127 292
128 100
128 147
128 255
128 261
129 196
129 253
129 289
130 75
131 20
131 34
131 43
131 142
131 152
131 178
131 241
131 261
132 118
132 219
133 19
133 207
134 214
134 266
135 115
135 160
136 129
136 192
137 21
137 239
137 282
138 26
139 102
139 166
139 195
139 246
139 248
140 58
140 165
140 168
140 173
140 201
140 218
140 278
141 130
141 247
142 19
142 64
142 183
143 78
143 150
143 175
143 187
143 206
143 253
143 272
144 296
145 1
145 63
145 142
146 19
146 47
146 53
146 109
146 142
146 258
146 277
147 71
148 52
148 135
148 158
149 29
149 68
149 254
150 82
150 95
150 117
150 128
150 133
150 172
150 257
151 92
151 300
152 22
152 30
152 205
152 235
153 3
153 189
153 212
153 242
154 29
154 197
154 247
154 258
155 20
155 109
155 236
156 203
156 204
156 275
157 61
157 214
158 171
158 272
158 281
159 126
159 131
159 140
159 285
160 134
160 289
161 236
162 111
162 243
163 156
163 245
164 123
164 139
164 216
165 12
165 43
165 79
165 132
165 162
165 246
165 265
165 284
166 89
166 106
166 160
167 52
167 203
167 281
167 291
168 47
168 137
169 58
169 80
169 175
169 230
169 269
170 38
170 44
170 176
170 200
171 55
171 103
171 276
172 33
172 79
172 194
172 270
173 49
173 153
173 175
173 180
173 192
174 41
174 200
175 116
175 192
176 25
176 79
176 87
176 287
177 5
177 156
177 159
177 247
178 66
178 149
178 187
179 164
179 271
180 69
180 152
181 19
181 212
181 222
182 18
182 63
182 115
182 135
182 198
182 270
182 300
183 104
183 159
183 175
183 178
183 192
183 223
184 56
184 150
185 29
185 238
186 132
186 170
186 203
186 254
186 299
187 58
187 77
187 129
187 132
187 166
187 256
187 288
188 125
189 51
189 61
189 110
190 131
190 207
191 38
191 143
191 295
192 91
192 142
194 259
194 276
195 78
195 132
195 181
196 155
196 195
196 197
197 66
197 78
197 195
197 221
198 151
198 168
198 169
198 235
198 241
198 283
199 300
200 77
200 212
200 263
200 276
200 297
201 22
202 9
202 80
202 249
202 282
203 66
203 113
204 27
204 110
204 181
204 232
204 257
204 287
205 1
205 237
205 293
206 60
206 150
206 212
206 222
207 106
207 232
207 246
207 297
208 189
209 180
209 205
209 274
210 144
210 205
210 224
210 227
210 287
211 209
211 291
212 84
213 290
214 163
214 254
215 9
215 90
215 103
216 21
216 25
216 133
216 248
216 258
216 262
217 22
217 102
217 105
217 179
218 33
218 252
219 99
219 141
219 187
220 74
220 87
220 113
221 26
221 82
221 165
222 5
222 94
222 103
222 148
222 154
222 194
222 273
223 34
223 78
223 80
224 90
225 93
225 94
225 111
225 190
225 226
225 232
225 261
225 295
226 33
226 41
226 87
226 117
226 160
227 80
228 20
228 163
229 31
229 48
230 173
230 260
231 11
231 15
231 45
231 84
231 108
231 202
231 217
231 235
232 67
232 112
232 151
233 24
233 150
233 178
234 125
235 169
235 177
236 75
236 86
236 210
236 289
236 292
237 280
238 162
238 249
240 96
240 289
241 8
241 91
241 98
241 133
241 250
242 29
242 36
242 209
242 214
242 277
243 6
243 185
244 186
245 41
245 64
245 79
245 138
245 139
245 141
246 138
246 170
246 295
247 15
247 41
247 184
247 214
247 223
248 50
248 58
248 65
248 68
248 205
249 5
250 49
250 98
250 120
250 135
250 167
251 51
251 111
251 226
251 278
252 6
252 12
252 53
252 98
252 180
252 198
252 219
252 245
253 103
253 256
254 81
254 169
255 22
255 187
255 237
255 268
256 94
256 201
256 281
257 29
257 108
257 190
257 207
257 210
258 97
258 111
258 141
258 156
258 168
259 116
259 260
260 160
260 269
261 5
261 10
261 242
261 282
261 297
262 4
262 95
262 152
262 206
262 238
262 271
263 103
263 124
264 14
265 174
266 86
266 90
266 114
266 167
266 173
266 197
267 59
267 80
267 106
267 112
267 210
267 268
267 286
267 294
268 24
268 44
268 60
268 88
268 209
269 54
269 81
269 128
269 160
270 166
270 170
270 252
271 3
271 84
271 137
271 227
272 224
273 14
273 53
273 84
274 5
274 25
274 29
274 40
274 91
274 162
274 238
275 111
275 135
275 175
275 212
275 273
276 48
276 60
276 214
276 271
276 277
277 50
277 264
277 275
278 93
278 106
279 105
279 184
280 59
280 188
280 226
280 297
281 178
281 187
281 235
282 13
282 26
282 89
282 99
283 85
284 215
284 242
285 28
285 150
285 225
285 263
285 267
285 268
286 92
286 141
286 149
286 192
286 270
287 148
287 174
288 87
288 147
288 238
289 57
289 90
289 92
289 142
290 134
290 146
290 247
291 39
292 28
292 86
292 109
292 252
292 277
293 53
293 60
293 191
293 289
293 300
294 6
294 52
294 165
294 210
295 241
296 169
296 224
297 233
298 2
298 43
298 99
298 111
298 119
298 147
298 226
298 249
299 14
299 285
300 32
300 128
300 132
300 164
300 246

