100 100
4 7 1 2 1 1 2 277745649 6 1 2 890258695 3 1 1 9 31 1 3975204410 1 1 23 3 7 4 6 4 2 1 5 4081523832 7 4 3 3584382282 1 4 1544302173 1 4 1 4 1 11 3 1 7 4096561309 4 3303936982 5 1 8 1 1 1 1613255712 13 4 1 1 1 2 12 4 4 2 6 1 15 1 2 1 1 12 1 1 3 3 3 6 5 7 1478258734 1 1 3 1 1 2 1 665762334 2 7 794517822 1 16 9 1 1 
1 47
1 94
2 51
2 83
3 23
4 98
5 53
6 74
7 22
10 9
11 25
11 42
15 30
16 75
17 2
17 55
17 97
18 33
20 65
21 13
22 62
23 75
24 17
24 45
26 7
26 47
26 94
27 59
28 81
29 90
30 14
30 22
32 25
32 30
34 24
34 44
36 16
39 63
44 7
44 33
44 86
45 58
46 82
47 88
49 42
49 61
51 7
51 69
52 4
53 22
53 87
58 32
58 56
58 64
59 54
60 17
63 4
63 37
64 13
64 97
65 67
67 49
68 40
68 72
68 91
70 18
70 25
70 40
72 70
73 22
75 7
75 90
77 70
78 59
78 61
79 32
79 43
80 11
80 17
81 58
81 76
82 45
82 83
83 97
85 40
87 37
87 71
87 96
89 66
93 9
93 64
94 72
96 32
97 9
97 51
98 27
98 66
99 16
100 28
100 41

