200 500
13 26 11 34 24 11 32 2 20 29 13 11 48 9 20 19 9 23 8 23 12 24 7 40 53 12 15 15 43 9 27 8 8 10 4 3 13 2 9 13 4 27 7 22 5 11 33 1 44 3 8 38 16 7 2 32 1 9 15 6 18 19 8 21 35 1 7 4 27 2 52 7 11 2 16 1 22 7 44 8 15 10 1 1 1 7 12 6 1 18 4 19 4 3 4 25 4 3 18 73 49 11 21 16 3 19 36 4 38 16 3 9 6 14 4 5 9 1 3 1 1 4 3 10 12 16 18 29 6 12 15 4 4 6 7 3 30 12 1 14 2 12 26 20 9 47 33 2 8 15 50 14 43 1 1 3 31 15 4 76 4 5 1 10 20 47 11 4 13 11 9 21 6 3 8 8 9 15 5 43 32 1 52 9 15 23 16 20 1 6 713047427 1 2 9 29 12 6 7 31 2 
1 26
1 82
1 102
2 1
2 7
2 9
2 64
3 27
3 46
3 59
3 161
4 11
4 18
4 36
4 114
4 155
5 190
6 134
6 181
6 193
7 29
7 76
7 77
7 195
8 106
8 138
8 142
9 129
10 87
10 113
10 192
11 16
11 39
11 70
12 80
13 39
14 155
15 32
15 54
15 134
15 164
16 51
16 100
16 160
16 173
17 70
17 94
17 100
17 183
18 143
18 188
19 17
20 40
20 116
20 180
21 79
21 90
22 95
22 186
23 52
23 125
23 184
24 9
24 26
24 34
24 79
24 99
25 113
25 157
25 183
26 85
26 164
26 188
27 58
28 47
28 70
28 165
28 192
29 110
29 121
29 130
29 160
29 179
30 56
30 69
30 151
30 198
31 21
31 27
31 125
31 140
32 47
32 78
33 13
33 188
34 22
34 67
34 83
34 146
34 181
35 36
35 54
36 34
36 49
37 56
37 68
37 72
37 122
39 143
39 161
39 187
40 81
41 100
41 167
42 16
42 79
42 101
42 148
42 174
43 8
44 12
44 30
44 143
45 6
45 54
45 118
45 160
46 49
46 165
47 115
47 119
48 73
49 79
49 181
49 187
50 24
50 62
51 77
52 28
52 57
52 195
53 144
53 152
53 157
55 180
55 194
56 137
56 163
57 13
58 170
59 110
59 154
60 82
60 96
61 12
61 13
61 17
61 103
62 54
62 64
62 112
62 180
64 67
64 183
64 184
65 56
65 97
65 141
66 104
67 22
67 89
69 58
69 83
69 183
70 106
70 166
70 185
71 69
71 128
71 170
72 18
72 46
72 52
72 65
73 15
73 27
73 38
73 98
73 125
74 25
75 94
75 136
77 84
78 49
78 54
79 1
79 144
79 172
79 182
80 176
80 186
81 174
82 137
82 180
83 121
84 85
85 157
86 18
86 39
86 60
86 109
86 181
86 185
87 18
87 19
87 34
88 154
90 52
90 156
90 196
91 44
91 61
91 156
91 182
92 59
92 131
92 160
92 198
93 160
93 198
94 152
94 187
96 27
96 153
98 2
98 41
98 146
99 13
99 75
99 96
99 134
99 147
100 90
100 141
100 181
100 183
100 190
101 18
101 25
101 88
101 125
101 166
101 180
101 196
102 37
102 144
102 151
102 193
103 31
103 174
104 12
104 13
104 25
104 115
105 168
106 5
106 71
106 145
107 25
107 74
107 131
107 135
108 132
109 32
109 157
110 80
110 161
111 85
112 42
112 71
112 147
112 176
112 193
113 19
113 147
113 199
114 29
114 77
115 189
116 53
116 181
117 46
117 62
117 63
117 145
117 159
119 20
119 79
119 143
120 114
120 146
122 189
123 29
123 80
124 129
124 142
125 81
125 177
126 47
126 107
126 188
127 27
127 55
127 69
127 92
128 21
128 33
128 83
128 119
128 193
129 47
130 28
130 103
131 96
131 147
131 171
132 63
132 105
132 137
132 190
133 44
133 71
134 34
134 100
134 120
134 127
135 5
135 49
136 18
136 119
136 134
137 28
137 153
137 197
138 99
138 105
138 173
138 196
139 43
140 34
141 158
142 16
143 24
143 107
143 127
144 14
144 59
145 10
145 46
145 65
146 59
146 126
146 129
146 176
147 11
147 105
147 138
148 91
149 9
149 19
149 28
149 69
149 91
149 103
149 151
150 2
150 37
150 56
150 140
151 5
151 31
151 90
151 109
151 198
152 65
152 111
152 173
153 68
153 75
153 149
154 46
154 47
154 62
154 87
154 164
154 178
155 154
156 22
156 38
156 83
156 160
157 10
157 106
158 13
158 88
158 118
160 15
160 90
160 166
161 40
162 185
163 24
163 34
163 43
163 71
163 104
164 153
165 4
165 119
166 3
166 85
166 95
166 109
167 106
167 146
167 175
168 142
169 9
169 71
169 137
169 172
170 1
170 113
171 162
171 193
172 51
172 183
172 190
173 182
174 14
174 64
174 128
175 61
175 132
177 77
177 145
178 52
178 94
178 109
179 10
180 10
180 156
180 173
180 179
180 190
180 194
181 7
181 140
182 12
183 9
183 97
183 153
183 165
184 81
185 108
186 40
186 59
186 150
187 20
188 5
188 141
189 132
190 73
190 146
192 88
192 130
192 159
192 162
193 109
194 4
194 87
194 134
195 22
195 25
195 30
195 124
196 37
196 58
196 67
196 194
197 27
197 41
198 54
199 63
199 116
199 124
199 127
199 152
200 65
200 91

