50 100
3 3 1 8 6 1 15 7 23 1914556493 15 2 23 15 7 7 1 7 18 3 3 3 5 1 2 5 14 44 1 5 12 19 8 7 22 7 32 9 12 11 1 3 12 4 13 44 4 6 30 1 
1 8
1 28
1 36
1 49
3 46
4 11
4 19
4 35
4 37
5 28
5 43
6 14
6 40
7 19
7 23
8 14
8 20
9 2
9 41
9 45
9 46
9 49
11 32
12 29
12 47
13 11
13 16
13 43
14 5
15 26
15 31
16 19
16 27
17 28
18 7
18 11
18 39
19 20
19 39
20 2
20 31
21 5
23 33
24 22
25 39
26 18
26 39
27 33
27 34
28 46
29 25
29 46
30 4
30 14
32 13
32 24
33 39
33 45
34 13
34 31
34 43
35 22
35 28
35 30
35 48
36 16
36 27
37 18
37 23
37 35
37 49
38 7
38 31
38 45
40 4
40 30
40 31
40 32
40 46
40 47
42 5
43 15
43 28
43 29
44 37
45 28
46 2
46 21
46 32
46 47
47 7
47 16
47 33
47 44
48 1
48 42
49 7
49 11
49 39
50 11

