150 500
60 7 47 28 17 18 20 35 11 2 37 30 22 3 43 17 15 22 13 49 8 30 20 23 9 13 3 88 97 24 22 8 16 2 29 15 11 1 14 1 7 2 68 24 38 27 5 24 57 21 18 2 9 12 11 7 89 56 3 20 2 37 13 32 1 41 4 2 11 31 19 95 19 27 62 10 6 113 22 11 11 46 3 18 13 7 49 35 26 60 3 33 1 10 34 8 9 33 77 21 55 46 13 1 12 2 2 7 1 27 41 47 14 13 4 3 14 32 45 24 5 64 4 5 8 7 28 2 142 2 20 13 22 64 23 21 11 8 40 2 15 34 18 121 31 56 8 2 24 4 
1 29
1 74
2 116
2 130
3 48
3 70
3 81
3 83
3 135
4 29
4 68
4 130
5 68
5 78
5 136
6 4
6 49
6 60
7 82
7 85
7 87
7 97
8 33
8 58
8 99
8 144
9 64
10 31
10 86
10 97
10 102
11 7
11 28
11 42
12 11
12 72
12 128
13 28
13 107
13 122
14 11
14 52
14 140
14 141
15 7
15 28
15 74
15 90
15 110
16 20
16 23
16 114
17 75
17 108
17 139
18 3
18 12
18 65
18 124
19 75
19 108
19 129
20 18
21 41
21 46
21 140
22 49
22 66
22 104
23 79
23 87
23 111
24 8
24 66
24 94
24 145
25 68
25 113
26 4
26 10
26 14
26 52
26 101
26 102
27 107
27 132
28 37
28 45
28 110
28 131
29 49
29 63
29 99
29 115
29 120
29 133
30 62
30 112
30 120
30 125
31 36
31 88
32 40
32 88
32 134
33 29
33 61
33 67
33 129
34 10
34 20
34 86
34 138
35 24
35 57
35 119
35 122
36 149
37 31
37 69
37 130
39 15
39 59
39 138
40 15
40 23
40 30
40 36
40 77
40 82
41 64
41 129
42 48
42 84
42 110
42 131
43 1
43 107
43 109
43 115
44 16
45 2
45 4
45 70
45 112
45 132
46 8
46 44
46 66
46 72
47 30
47 72
47 114
48 17
48 20
48 80
48 119
48 143
48 147
49 16
49 52
49 84
49 128
49 146
50 8
50 20
50 57
50 108
50 129
51 16
52 39
52 65
52 69
52 91
53 1
53 105
54 8
54 21
54 56
54 72
54 98
54 134
55 35
55 88
55 106
55 118
55 125
55 127
56 13
56 49
57 82
57 92
57 122
58 22
58 101
58 103
58 117
59 23
59 28
59 103
60 13
60 34
60 131
60 145
60 148
61 18
61 100
62 6
62 52
62 87
62 90
62 112
62 117
63 7
63 47
63 136
64 19
64 43
64 78
65 9
65 57
65 79
66 39
66 41
66 100
67 5
67 51
67 99
67 100
68 78
68 97
68 102
68 124
69 8
69 64
69 91
69 130
69 136
70 80
70 100
71 24
71 49
71 58
71 135
72 1
72 9
72 107
73 23
73 54
73 107
73 124
73 134
74 5
74 48
74 126
75 12
75 37
75 133
76 28
76 63
76 72
76 119
76 140
77 28
77 38
77 85
77 103
77 108
77 109
77 125
78 97
78 121
78 139
79 17
79 68
79 70
80 23
80 113
80 140
81 1
81 32
81 86
81 137
82 95
82 105
83 2
83 12
83 42
83 60
84 10
84 52
84 65
84 105
84 117
85 18
85 117
85 138
87 28
87 76
87 114
87 119
87 129
88 7
88 67
88 78
88 125
89 12
89 29
89 35
89 57
89 78
89 100
89 140
90 28
90 43
90 69
90 110
90 116
90 127
91 23
91 63
92 22
92 100
92 101
93 97
94 43
94 74
94 107
95 60
95 140
95 145
95 149
96 3
96 72
96 135
97 95
97 144
98 25
98 69
98 125
98 139
99 44
99 45
99 68
99 102
100 74
101 22
101 30
101 33
101 80
102 27
102 71
102 109
102 138
103 136
103 139
105 32
105 88
106 47
106 74
107 123
107 140
108 44
108 125
108 138
109 98
109 111
110 16
110 133
110 137
110 145
111 20
111 38
111 57
111 77
111 117
112 1
112 49
112 99
113 22
113 57
114 33
114 141
115 79
115 112
115 121
115 129
115 142
116 43
116 46
117 13
117 21
117 99
117 106
118 19
118 56
118 79
118 95
118 127
118 139
119 26
119 98
119 144
119 145
120 15
120 78
120 144
121 126
122 8
122 53
122 69
122 108
122 146
123 49
123 58
123 75
124 98
125 44
125 135
126 37
126 55
127 51
127 66
128 1
128 30
128 45
128 132
128 139
129 11
129 70
129 90
129 103
129 104
130 51
130 68
130 90
131 13
131 16
131 122
132 8
132 92
132 113
132 127
133 82
133 109
134 24
134 42
134 43
134 75
134 78
134 103
135 36
136 59
137 50
137 82
137 129
137 146
138 53
139 91
140 78
141 27
141 51
141 112
142 2
142 6
142 11
142 58
142 113
143 54
143 59
143 79
143 92
143 104
144 75
144 82
144 88
144 101
144 131
144 132
144 137
145 9
145 31
145 64
145 70
145 122
146 22
146 23
146 65
146 82
146 149
147 2
147 20
148 10
148 26
148 81
149 57
149 65
149 126
150 72
150 140

