50 750
1190 515 1169 251 456 782 87 672 852 706 665 648 227 973 755 404 54 550 891 813 1072 206 482 426 178 357 615 474 46 19 762 10 527 689 110 568 385 715 435 290 658 742 422 37 161 228 722 690 600 486 
1 2
1 4
1 6
1 9
1 13
1 14
1 16
1 19
1 21
1 23
1 27
1 30
1 31
1 34
1 36
1 38
1 41
1 42
1 43
1 46
1 48
1 49
2 3
2 4
2 7
2 10
2 11
2 15
2 17
2 18
2 19
2 28
2 29
2 35
2 37
2 43
2 48
2 49
2 50
3 1
3 7
3 9
3 11
3 13
3 14
3 15
3 21
3 26
3 27
3 28
3 29
3 30
3 36
3 37
3 39
3 42
3 43
3 46
3 47
4 3
4 5
4 8
4 9
4 10
4 11
4 19
4 20
4 33
4 42
5 2
5 7
5 9
5 16
5 17
5 22
5 24
5 32
5 33
5 40
5 41
5 42
5 48
6 3
6 7
6 10
6 12
6 19
6 22
6 23
6 25
6 28
6 32
6 33
6 35
6 40
6 46
7 1
7 9
7 10
7 11
7 14
7 15
7 20
7 21
7 22
7 24
7 27
7 28
7 30
7 32
7 33
7 35
7 43
8 1
8 2
8 6
8 9
8 13
8 20
8 22
8 24
8 25
8 27
8 40
8 44
9 12
9 13
9 14
9 15
9 16
9 18
9 25
9 26
9 27
9 29
9 30
9 33
9 34
9 36
9 37
9 38
9 40
9 43
9 44
10 1
10 3
10 16
10 17
10 18
10 20
10 23
10 40
10 44
10 50
11 1
11 5
11 9
11 10
11 12
11 13
11 19
11 23
11 30
11 33
11 34
11 35
11 37
11 40
11 43
11 44
11 45
11 50
12 1
12 2
12 18
12 21
12 22
12 23
12 30
12 37
12 40
12 44
12 48
12 50
13 4
13 5
13 7
13 10
13 15
13 17
13 21
13 28
13 29
13 31
13 34
13 38
13 39
13 41
13 44
14 6
14 8
14 11
14 12
14 15
14 18
14 19
14 24
14 31
14 34
14 35
14 38
14 39
14 42
14 43
14 46
14 47
15 4
15 5
15 8
15 11
15 12
15 16
15 28
15 40
15 41
15 43
15 44
15 47
15 48
16 7
16 11
16 12
16 13
16 21
16 23
16 29
16 36
16 37
16 38
16 39
16 43
16 45
16 47
16 49
17 1
17 3
17 4
17 6
17 7
17 8
17 18
17 19
17 22
17 23
17 24
17 25
17 26
17 33
17 37
17 42
17 50
18 1
18 3
18 5
18 11
18 13
18 16
18 20
18 23
18 24
18 26
18 31
18 32
18 33
18 38
18 39
18 40
18 41
18 42
18 44
18 47
19 3
19 5
19 7
19 10
19 12
19 13
19 16
19 20
19 24
19 28
19 32
19 34
19 37
19 41
19 42
19 44
19 48
19 49
20 2
20 5
20 6
20 11
20 12
20 14
20 17
20 21
20 22
20 28
20 35
20 36
20 38
20 46
20 49
21 5
21 6
21 9
21 10
21 14
21 15
21 17
21 18
21 25
21 29
21 30
21 34
21 37
21 41
21 45
21 46
21 49
21 50
22 2
22 3
22 14
22 15
22 30
22 31
22 33
22 38
22 40
22 41
22 43
22 45
22 50
23 4
23 5
23 15
23 20
23 21
23 24
23 25
23 26
23 30
23 33
23 34
23 36
23 44
23 46
23 48
24 3
24 6
24 9
24 15
24 16
24 21
24 28
24 33
24 34
24 35
24 37
24 38
24 40
24 42
24 44
24 45
24 49
25 3
25 4
25 10
25 14
25 19
25 20
25 28
25 32
25 33
25 37
25 38
25 43
25 45
26 2
26 4
26 8
26 10
26 11
26 12
26 13
26 14
26 15
26 16
26 24
26 30
26 31
26 32
26 36
26 40
26 41
26 45
26 46
26 47
27 5
27 10
27 18
27 19
27 21
27 22
27 28
27 30
27 33
27 39
27 42
27 43
27 44
27 46
27 47
27 49
28 8
28 16
28 26
28 32
28 42
28 50
29 1
29 4
29 5
29 7
29 8
29 12
29 17
29 25
29 27
29 30
29 31
29 34
29 37
29 43
29 46
29 47
30 4
30 8
30 14
30 17
30 18
30 19
30 34
30 36
30 38
30 40
30 42
30 43
30 45
30 48
30 49
31 2
31 5
31 6
31 12
31 15
31 16
31 19
31 21
31 25
31 27
31 33
31 36
31 37
31 41
31 42
31 47
32 8
32 10
32 11
32 14
32 15
32 20
32 21
32 23
32 24
32 27
32 40
32 46
32 47
32 48
33 1
33 3
33 8
33 10
33 14
33 15
33 26
33 29
33 30
33 37
33 38
33 40
33 41
33 44
33 47
33 49
34 4
34 5
34 6
34 12
34 20
34 25
34 32
34 37
34 38
34 42
34 49
34 50
35 1
35 4
35 15
35 18
35 25
35 27
35 28
35 29
35 31
35 33
35 34
35 38
35 49
35 50
36 8
36 14
36 15
36 21
36 22
36 28
36 35
36 45
36 46
36 49
36 50
37 5
37 7
37 8
37 13
37 14
37 18
37 26
37 27
37 28
37 38
37 42
37 47
38 2
38 3
38 7
38 10
38 12
38 15
38 19
38 21
38 26
38 29
38 32
38 40
38 44
38 45
39 4
39 5
39 6
39 7
39 8
39 10
39 11
39 12
39 15
39 19
39 20
39 21
39 23
39 25
39 32
39 33
39 34
39 35
39 36
39 38
39 41
39 43
39 45
40 1
40 3
40 14
40 17
40 23
40 27
40 28
40 39
40 45
40 47
41 2
41 3
41 8
41 10
41 11
41 17
41 23
41 24
41 25
41 27
41 36
41 37
41 38
41 42
41 45
41 49
42 6
42 9
42 12
42 13
42 15
42 16
42 22
42 23
42 26
42 32
42 36
42 40
42 43
42 45
42 46
43 6
43 8
43 17
43 18
43 23
43 32
43 33
43 34
43 38
43 40
43 44
43 46
44 5
44 7
44 14
44 20
44 21
44 26
44 29
44 31
44 32
44 35
44 37
44 40
44 48
45 3
45 6
45 7
45 14
45 17
45 18
45 31
45 32
45 33
45 50
46 4
46 5
46 10
46 18
46 22
46 25
46 39
46 40
46 44
46 47
46 49
47 1
47 4
47 7
47 8
47 13
47 17
47 19
47 20
47 22
47 23
47 24
47 28
47 34
47 35
47 36
47 38
47 41
47 44
48 4
48 6
48 7
48 8
48 9
48 11
48 13
48 14
48 16
48 17
48 18
48 21
48 24
48 28
48 29
48 31
48 33
48 34
48 35
48 37
48 38
48 39
48 40
48 43
48 50
49 3
49 4
49 5
49 7
49 10
49 15
49 26
49 29
49 40
49 48
50 1
50 8
50 13
50 16
50 20
50 23
50 25
50 27
50 30
50 31
50 33
50 37
50 38
50 40
50 47

