250 2000
53 67 321 39 265 28 151 12 70 27 358 143 22 67 20 26 187 181 167 122 45 110 108 141 202 361 85 16 80 170 41 56 55 224 49 121 243 226 188 17 22 396 141 60 177 16 421 21 33 116 414 84 18 28 273 64 168 37 191 515 188 6 158 27 32 145 244 252 164 48 102 46 197 22 17 355 253 110 284 70 118 101 123 90 70 7 30 99 251 46 9 323 98 1 250 345 48 324 168 88 229 247 176 4 133 21 311 176 130 57 118 35 11 287 222 322 127 197 81 142 98 377 482 62 199 225 205 196 72 288 109 92 26 62 115 56 120 129 19 218 45 120 101 189 175 202 23 113 176 168 123 1 87 13 81 34 49 227 59 158 139 168 37 106 291 65 12 11 411 244 59 143 46 314 49 48 104 194 182 91 40 220 203 149 34 82 34 114 436 34 119 102 356 143 182 319 56 197 81 85 10 238 152 66 187 13 144 218 245 292 168 120 147 399 30 137 57 85 311 196 51 221 66 70 222 51 145 295 125 50 213 215 449 63 46 67 254 80 152 343 79 53 71 509 319 302 38 25 94 199 
1 95
1 114
1 145
1 196
1 238
2 88
2 174
2 189
2 219
3 20
3 22
3 37
3 65
3 66
3 72
3 74
3 113
3 121
3 138
3 147
3 150
3 156
4 11
4 43
4 47
4 56
4 129
4 156
4 185
4 223
4 247
5 12
5 13
5 24
5 59
5 77
5 96
5 119
5 160
5 165
5 193
5 202
5 239
6 73
6 108
6 120
6 147
6 198
7 5
7 9
7 24
7 35
7 85
7 115
7 124
7 140
7 152
7 188
7 195
7 197
7 199
8 100
8 122
8 139
8 170
8 174
8 243
9 4
9 37
9 45
9 48
9 119
9 147
10 34
10 37
10 81
10 100
10 150
10 186
11 44
11 72
11 98
11 111
11 205
11 206
11 245
12 60
12 83
12 89
12 99
12 107
12 115
12 131
12 140
12 188
12 224
12 226
12 228
13 10
13 123
13 136
13 172
13 195
13 204
13 222
13 238
14 92
14 130
14 136
14 156
14 210
14 221
15 1
15 150
16 53
16 57
16 95
16 96
16 97
16 127
16 210
16 228
16 233
17 4
17 9
17 11
17 42
17 75
17 81
17 91
17 104
17 123
17 188
18 34
18 66
18 99
18 102
18 138
18 200
18 205
18 236
19 9
19 25
19 36
19 58
19 110
19 142
19 146
19 193
19 200
19 214
20 81
20 165
20 175
20 178
20 186
20 207
20 208
21 19
21 60
21 99
21 111
21 114
21 116
21 142
21 233
21 244
22 5
22 31
22 112
22 220
22 232
23 55
23 126
23 137
23 145
23 158
23 197
23 200
23 246
24 8
24 77
24 82
24 83
24 97
24 155
24 175
24 178
24 179
24 191
24 196
24 199
24 232
25 14
25 18
25 23
25 89
25 136
25 137
25 150
25 187
25 206
25 227
26 4
26 15
26 42
26 52
26 58
26 180
26 224
26 236
26 237
27 10
27 34
27 83
27 100
27 127
27 140
27 144
27 173
27 184
28 42
28 56
28 82
28 89
28 109
28 148
28 209
29 127
29 143
29 172
30 53
30 58
30 68
30 77
30 84
30 102
30 217
30 218
30 227
31 19
31 21
31 51
31 56
31 71
31 172
31 190
31 220
31 243
32 28
32 29
32 43
32 80
32 86
32 104
32 125
32 176
32 197
32 210
32 231
32 237
33 7
33 42
33 45
33 107
33 127
33 139
33 196
33 213
33 215
34 30
34 32
34 43
34 137
34 156
34 199
34 222
34 247
35 18
35 22
35 38
35 66
35 110
35 143
35 144
35 177
35 183
35 184
35 188
35 198
35 226
35 228
35 237
35 243
36 16
36 34
36 52
36 88
36 113
36 133
36 185
36 192
36 203
36 208
37 56
37 66
37 126
37 133
37 179
37 196
37 232
37 240
38 6
38 146
38 154
38 210
38 214
38 235
38 237
38 248
39 28
39 29
39 36
39 44
39 85
39 86
39 102
39 112
39 205
39 214
39 241
39 250
40 92
40 107
40 174
40 191
40 248
41 51
41 86
41 112
41 130
41 156
41 165
41 195
41 205
42 2
42 15
42 25
42 27
42 52
42 69
42 70
42 89
42 92
42 124
42 169
42 213
42 221
43 134
43 154
43 163
43 180
43 233
43 247
44 24
44 211
45 32
45 59
45 72
45 119
45 154
45 170
45 247
46 37
46 77
46 85
46 87
46 89
46 163
46 174
46 220
47 3
47 8
47 15
47 78
47 95
47 101
47 123
47 152
47 160
47 169
47 184
47 218
47 221
47 232
48 29
48 101
48 192
48 194
48 223
48 233
49 3
49 26
49 55
49 68
49 92
49 114
49 122
49 137
49 180
50 42
50 55
50 91
50 130
50 211
50 228
50 245
51 8
51 26
51 28
51 32
51 44
51 46
51 67
51 130
51 136
51 174
51 185
51 215
52 74
52 79
52 98
52 106
52 167
52 184
53 112
53 186
53 199
53 201
53 249
54 9
54 33
54 115
54 125
54 132
54 225
54 243
55 59
55 71
55 80
55 125
55 130
55 147
55 172
55 214
56 174
56 183
56 217
56 226
57 56
57 81
57 126
57 201
57 223
57 231
57 234
57 242
57 250
58 6
58 15
58 87
58 165
58 216
58 217
59 52
59 56
59 103
59 119
59 141
59 146
59 153
59 168
59 204
59 209
59 248
60 45
60 55
60 58
60 69
60 82
60 83
60 116
60 123
60 124
60 186
60 195
60 213
60 234
60 250
61 45
61 47
61 66
61 73
61 83
61 93
61 123
61 233
62 58
62 60
62 92
62 124
62 164
62 174
62 186
62 187
62 229
63 22
63 23
63 25
63 60
63 87
63 133
63 140
63 149
63 169
63 191
63 205
63 216
63 238
63 239
63 242
64 60
64 87
64 101
64 147
64 150
64 189
65 21
65 56
65 69
65 96
65 162
66 8
66 9
66 10
66 11
66 164
66 176
66 231
67 25
67 46
67 73
67 74
67 75
67 123
67 128
67 173
67 203
67 245
68 6
68 26
68 67
68 78
68 127
68 151
68 247
69 44
69 73
69 97
69 98
69 114
69 178
69 193
70 56
70 95
70 117
70 126
70 179
71 3
71 28
71 48
71 97
71 150
71 202
71 224
71 246
72 59
72 125
72 157
72 200
72 214
72 227
73 8
73 28
73 114
73 154
73 173
73 174
73 208
73 216
73 225
73 226
74 11
74 23
74 60
74 107
74 109
74 123
74 216
75 23
75 42
75 61
75 63
75 70
75 113
75 152
75 239
76 17
76 37
76 45
76 49
76 78
76 83
76 146
76 163
76 170
76 176
76 190
76 214
76 217
77 4
77 9
77 49
77 113
77 159
77 189
77 221
78 3
78 56
78 81
78 132
78 147
78 173
78 203
78 223
79 10
79 63
79 130
79 132
79 190
79 192
79 214
80 2
80 59
80 73
81 9
81 103
81 140
81 171
81 234
81 243
82 39
82 69
82 76
82 108
82 150
82 217
82 233
83 7
83 19
83 22
83 128
83 203
83 225
83 231
83 241
83 245
84 109
84 110
84 130
84 135
84 141
84 148
85 23
85 57
85 87
85 123
85 141
86 49
86 58
86 69
86 120
86 168
86 246
87 4
87 52
87 55
87 57
87 84
87 99
87 112
87 149
87 189
88 29
88 61
88 100
88 151
88 179
88 191
88 219
89 26
89 41
89 59
89 79
89 108
89 115
89 145
89 146
89 151
89 225
89 247
90 64
90 92
90 122
90 239
91 5
91 125
92 30
92 76
92 85
92 115
92 120
92 158
92 179
93 81
93 84
93 109
93 118
93 121
93 145
93 178
94 6
94 7
94 24
94 67
94 76
94 131
94 210
95 18
95 28
95 69
95 77
95 138
95 172
95 187
95 202
96 35
96 58
96 106
96 143
96 173
96 246
97 14
97 29
97 118
97 125
97 147
97 169
97 194
98 60
98 76
98 94
98 116
98 162
98 196
98 241
98 248
99 13
99 20
99 83
99 100
99 112
99 115
99 125
99 131
99 152
100 17
100 54
100 79
100 93
100 137
100 171
100 175
100 193
100 232
100 241
101 25
101 52
101 93
101 126
101 145
101 153
101 172
101 201
101 202
101 215
101 231
102 2
102 16
102 86
102 118
102 121
102 130
102 147
102 157
102 161
102 170
102 175
102 187
102 196
102 199
102 206
102 213
102 231
102 248
103 38
103 80
103 85
103 95
103 97
103 175
103 196
103 218
103 240
103 243
103 248
104 25
104 27
104 66
104 91
104 98
104 136
104 144
104 202
105 25
105 36
105 49
105 63
105 70
105 78
105 88
105 206
106 92
106 111
106 228
107 55
107 91
107 92
107 115
107 128
107 133
107 134
107 135
107 154
107 161
107 169
107 196
107 206
107 222
108 3
108 30
108 55
108 95
108 116
108 119
108 139
108 140
108 157
108 198
108 249
109 25
109 119
109 201
109 203
109 231
109 237
109 245
110 68
110 79
110 89
110 186
110 229
111 51
111 86
111 107
111 119
111 143
111 228
111 244
112 2
112 43
112 49
112 77
112 117
112 120
112 132
112 194
112 207
112 211
112 221
112 230
113 134
113 165
113 189
113 202
113 217
114 16
114 115
114 125
114 132
114 155
114 187
114 209
114 233
115 31
115 69
115 77
115 131
115 180
115 203
115 226
116 6
116 19
116 26
116 27
116 120
116 135
116 177
116 218
117 27
117 37
117 57
117 94
117 144
117 156
117 181
117 189
117 190
118 6
118 10
118 26
118 30
118 46
118 55
118 70
118 125
118 164
118 188
118 205
118 214
118 243
119 11
119 31
119 34
119 37
119 68
119 134
119 149
119 179
120 7
120 122
120 146
120 162
120 170
121 9
121 21
121 88
121 107
121 117
121 192
121 196
121 214
121 224
122 19
122 34
122 38
122 42
122 84
122 106
122 168
122 200
122 209
122 210
122 218
122 246
123 20
123 21
123 33
123 39
123 98
123 130
123 146
123 162
123 167
123 169
123 184
123 189
124 13
124 17
124 149
124 171
124 241
125 36
125 79
125 90
125 138
125 141
125 145
125 229
125 237
126 61
126 140
126 160
126 168
126 225
126 226
127 48
127 146
127 160
127 183
127 202
128 2
128 12
128 117
128 138
128 156
128 170
128 174
128 177
128 194
128 220
128 228
128 230
128 236
128 246
129 3
129 36
129 45
129 100
129 247
130 1
130 98
130 115
130 208
130 218
130 223
130 244
131 8
131 21
131 125
131 198
132 13
132 64
132 117
132 122
132 134
132 229
133 25
133 48
133 98
133 120
133 131
133 199
133 234
133 246
134 72
134 87
134 111
134 116
134 118
134 126
134 131
134 137
134 188
134 210
134 228
135 18
135 59
135 109
135 122
135 162
135 163
135 185
135 212
135 219
135 247
136 24
136 31
136 46
136 169
136 173
136 176
136 185
136 239
136 243
137 35
137 48
137 95
137 96
137 97
137 165
137 184
137 221
137 245
138 10
138 21
138 39
138 53
138 107
138 150
138 161
138 224
139 74
139 76
139 107
139 131
139 160
140 39
140 55
140 64
140 86
140 117
140 118
140 119
140 128
140 163
141 53
141 56
141 73
141 96
141 134
141 145
141 228
142 11
142 37
142 77
142 79
142 102
142 180
142 203
142 218
142 241
143 21
143 99
143 122
143 125
143 153
143 245
144 39
144 111
144 127
144 130
144 172
144 197
144 201
145 16
145 45
145 119
145 210
145 217
145 231
145 232
146 9
146 81
146 138
146 162
146 166
146 244
146 245
147 4
147 11
147 52
147 76
147 122
147 124
147 133
147 139
148 13
148 78
148 95
148 146
148 169
149 17
149 51
149 101
149 104
149 148
149 208
149 212
149 218
149 242
149 249
150 30
150 66
150 106
150 130
150 134
150 193
151 7
151 24
151 61
151 101
151 127
151 217
151 247
152 62
152 76
152 134
152 155
152 162
152 165
152 189
152 196
152 245
152 246
153 25
153 94
153 125
153 129
153 170
153 182
153 236
154 63
154 151
154 232
154 239
155 26
155 32
155 72
155 91
155 129
155 147
155 197
155 205
155 240
156 6
156 8
156 11
156 24
156 115
156 119
156 133
156 202
156 235
157 4
157 17
157 37
157 87
157 91
157 142
157 172
157 181
157 182
157 201
157 234
157 240
157 246
158 22
158 76
158 79
158 87
158 101
158 165
158 183
158 222
158 227
158 234
158 244
159 69
159 88
159 135
159 211
159 248
160 107
160 136
160 148
160 150
160 174
160 185
160 213
160 237
160 239
160 242
161 4
161 13
161 47
161 68
161 78
161 79
161 105
161 106
161 153
161 201
162 68
162 96
162 103
162 105
162 248
163 11
163 53
163 58
163 116
163 121
163 123
163 239
164 84
164 87
164 116
164 122
164 137
164 158
164 171
164 176
164 193
165 25
165 34
165 38
165 66
165 72
165 88
165 142
165 161
165 194
166 61
166 63
166 91
166 118
166 131
166 144
166 222
167 69
167 198
167 237
168 103
168 158
168 193
168 233
169 8
169 10
169 12
169 28
169 64
169 116
169 130
169 164
169 185
169 187
169 199
169 203
169 204
170 22
170 26
170 40
170 55
170 125
170 131
170 150
170 171
170 225
171 16
171 43
171 132
171 176
171 193
171 202
171 220
172 20
172 47
172 74
172 96
172 102
172 131
172 154
172 197
172 211
173 7
173 53
173 145
173 184
173 222
174 92
174 98
174 104
174 144
174 176
174 202
174 238
174 250
175 116
175 131
175 142
175 165
175 197
176 51
176 67
176 112
176 117
176 126
176 235
177 38
177 47
177 51
177 60
177 169
177 189
178 5
178 12
178 22
178 48
178 96
178 116
178 144
178 153
179 10
179 26
179 96
179 194
179 227
180 44
180 129
180 148
180 155
180 190
180 198
180 210
180 213
181 50
181 77
181 98
181 196
181 203
181 213
182 47
182 78
182 81
182 102
182 108
182 133
182 137
182 145
182 195
182 200
182 202
182 216
182 237
183 6
183 23
183 30
183 59
183 88
183 139
183 148
183 149
183 177
183 224
183 233
183 235
183 240
184 38
184 70
184 80
184 121
184 132
184 151
184 157
184 196
184 197
184 209
184 218
184 235
185 29
185 96
185 117
185 221
186 11
186 61
186 69
186 88
186 103
186 156
187 23
187 27
187 56
187 94
187 171
187 194
187 221
188 29
188 43
188 103
188 142
188 180
188 183
188 207
188 224
188 228
189 13
189 18
189 39
189 98
189 119
189 155
189 156
189 158
189 161
189 179
189 187
189 215
189 222
190 35
190 39
190 43
190 67
190 132
190 145
190 147
190 160
190 171
190 179
190 228
190 240
191 56
191 61
191 62
191 65
191 68
191 174
191 192
191 206
192 64
192 127
192 140
192 232
193 4
193 8
193 11
193 18
193 23
193 76
193 114
193 126
193 135
193 142
193 162
193 190
193 203
193 214
194 6
194 13
194 28
194 119
194 136
194 189
194 214
194 250
195 3
195 24
195 59
195 67
195 107
195 150
195 156
195 160
195 225
195 247
196 8
196 29
196 51
196 85
196 93
196 180
196 213
196 226
197 19
197 25
197 35
197 39
197 92
197 160
197 169
197 173
197 190
197 234
197 238
198 3
198 10
198 110
198 111
198 219
198 235
198 244
199 25
199 145
199 209
199 246
200 26
200 163
200 178
200 237
201 84
201 86
201 127
201 165
201 170
201 198
202 6
202 33
202 50
202 66
202 77
202 98
202 136
202 146
203 9
203 51
203 58
203 135
203 215
203 216
204 63
204 103
204 105
204 176
204 197
204 199
204 218
204 241
205 50
205 80
205 81
205 103
205 134
205 167
205 186
205 190
206 8
206 15
206 32
206 84
206 110
207 6
207 14
207 19
207 55
207 78
207 90
207 105
207 109
207 129
207 146
208 55
208 60
208 70
208 82
208 97
208 118
208 181
208 213
208 225
208 229
209 1
209 4
209 30
209 78
209 85
209 133
209 144
209 151
209 197
209 217
210 25
210 50
210 53
210 70
210 95
210 163
210 165
210 192
210 197
210 202
210 227
211 38
211 70
211 99
211 126
211 128
211 129
211 134
211 146
211 165
211 244
212 41
212 76
212 90
212 107
212 110
212 161
212 195
212 231
213 85
213 135
213 164
213 168
213 184
214 23
214 29
214 80
214 92
214 152
214 185
214 218
214 244
214 246
215 38
215 60
215 63
215 83
215 92
215 121
215 127
215 135
215 143
215 165
215 248
216 40
216 46
216 56
216 127
216 209
216 223
216 232
216 233
217 80
217 91
217 104
217 221
217 240
217 241
217 249
218 4
218 5
218 114
218 174
219 16
219 27
219 30
219 38
219 75
219 109
219 112
219 123
219 137
219 145
219 169
219 180
219 181
219 191
219 215
220 68
220 84
220 114
220 131
220 157
220 197
220 207
221 6
221 62
221 83
221 114
221 127
221 165
221 203
221 207
221 237
221 242
222 11
222 105
222 131
222 132
222 175
222 176
222 240
222 250
223 63
223 94
223 178
224 51
224 54
224 81
224 140
224 143
224 144
224 246
225 69
225 74
225 108
225 111
225 123
225 177
225 224
226 89
226 96
226 107
226 127
226 130
226 169
226 170
226 217
226 237
227 39
227 46
227 107
227 110
227 120
227 144
227 159
227 172
227 209
228 20
228 23
228 59
228 71
228 84
228 100
228 172
228 234
228 236
229 36
229 48
229 66
229 168
229 177
229 198
229 250
230 130
230 159
230 189
230 207
230 214
230 242
231 34
231 44
231 45
231 153
231 210
231 220
231 222
231 248
232 59
232 80
232 127
232 131
232 189
232 204
233 19
233 51
233 67
233 79
233 81
233 84
233 87
233 113
233 139
233 156
233 186
233 214
234 28
234 52
234 77
234 79
234 95
234 149
234 171
234 172
234 186
234 230
234 248
234 249
235 70
235 101
235 127
235 133
235 145
235 211
236 3
236 12
236 149
236 205
237 44
237 101
237 142
237 149
237 220
238 8
238 37
238 131
238 214
238 236
238 245
239 33
239 35
239 82
239 96
239 110
239 135
239 162
239 179
239 196
239 237
240 7
240 19
240 81
240 96
240 116
240 142
240 159
240 166
240 178
240 206
241 43
241 49
241 67
241 128
241 198
242 48
242 77
242 152
242 172
242 208
242 244
243 66
243 72
243 144
243 169
243 192
243 235
243 242
244 18
244 28
244 33
244 58
244 85
244 169
244 178
244 185
244 190
244 209
244 236
244 238
245 92
245 127
245 160
245 174
245 176
245 199
245 201
245 212
245 244
246 5
246 20
246 39
246 54
246 111
246 125
246 193
246 238
247 47
247 175
247 204
247 240
248 12
248 161
248 165
248 184
249 55
249 68
249 71
249 135
249 156
250 4
250 16
250 33
250 94
250 108
250 126
250 128
250 147
250 179
250 196
250 244

