150 100
1 2521415802 1 1 1 2269639087 1 1 177426412 1298808652 1829542089 1 1 170668519 2 781515409 4 1 4 1 1 1 1 1 1 1 2 1 1685794491 1 1 1 3081701509 3721867878 1 3317498355 4 2 1 1 1 2560265708 1 2 3 4 3842989733 1 505742644 3154148463 3 7 1 1 1 3930145198 1 1 263240225 1 2 911986800 1 3536038809 1 4 1 3 7 3 1286205309 1 565149953 1 3 1 1 6 13 24 2 1 11 1 1 1 1 1 15 1 636167864 1 6 2197971875 1 1 4120407219 306584217 165085087 5 841981918 1 2636015169 1 1 1 1382607028 560516183 3845273642 1 1 1 2 4 1 1 1 2649550048 2157849563 9 3822082685 367913368 4 2 8 8 1 3 2 4 1 4 9916543 1 3 8 4 1 12 2988750351 1 1 3774238807 1 1 2 101047474 1 4 4 
1 67
1 83
1 139
3 25
7 117
15 135
17 114
17 134
19 53
19 74
20 111
23 87
24 69
27 4
27 138
30 18
31 120
35 83
37 25
37 75
38 61
38 106
39 90
40 66
40 89
41 68
43 115
46 22
46 80
51 55
52 79
53 15
53 21
54 44
58 30
60 35
63 28
65 126
67 45
69 51
69 67
72 55
75 70
76 139
77 23
78 5
78 57
78 104
79 150
80 83
80 95
81 80
82 26
83 113
84 136
85 124
88 96
89 135
89 139
90 68
92 81
93 12
93 13
93 123
96 55
100 48
100 113
102 139
105 1
110 25
112 86
113 120
116 44
120 124
123 52
123 80
123 125
125 76
125 120
126 70
127 100
128 52
128 66
129 148
130 45
131 46
132 8
132 79
136 79
137 61
137 112
141 136
142 89
144 129
145 130
146 126
146 139
149 114
149 129
150 32

