50 500
328 70 132 15 134 50 399 350 421 331 32 390 127 82 192 306 17 348 125 20 59 236 438 77 185 141 178 421 112 244 46 225 84 141 18 2 264 341 9 267 124 166 11 122 270 438 459 41 68 282 
1 3
1 5
1 6
1 7
1 8
1 9
1 10
1 11
1 16
1 23
1 28
1 29
1 31
1 32
1 34
1 37
1 45
1 46
2 1
2 10
2 26
2 29
2 36
2 39
2 44
2 48
2 49
3 5
3 8
3 19
3 21
3 29
3 30
3 48
4 3
4 6
4 11
4 12
4 19
4 26
4 28
4 29
4 30
4 31
4 40
4 42
4 44
4 50
5 2
5 13
5 23
5 38
5 39
5 41
5 42
5 43
5 46
6 2
6 11
6 15
6 25
6 28
6 36
6 41
6 43
6 47
6 48
6 50
7 4
7 5
7 6
7 9
7 16
7 17
7 18
7 21
7 28
7 30
7 34
7 37
7 40
7 42
8 4
8 7
8 12
8 27
8 28
8 32
8 33
8 34
8 40
8 44
8 46
9 2
9 10
9 20
9 21
9 26
9 30
9 36
9 42
9 46
9 47
9 48
9 50
10 3
10 5
10 11
10 13
10 14
10 16
10 17
10 31
10 33
10 36
10 42
10 44
10 45
10 46
10 47
11 2
11 21
11 24
11 33
11 34
11 36
11 38
11 39
11 40
12 1
12 2
12 9
12 18
12 19
12 21
12 31
12 35
12 48
13 2
13 27
13 32
13 38
13 39
13 42
13 43
13 49
14 4
14 11
14 17
14 20
14 30
14 35
14 40
14 47
14 49
15 1
15 12
15 17
15 28
15 31
15 38
15 43
15 47
16 2
16 4
16 6
16 8
16 23
16 29
16 31
16 32
16 33
16 36
17 19
17 22
17 35
17 38
17 42
17 46
17 47
18 2
18 4
18 5
18 9
18 23
18 28
18 33
18 37
18 38
18 40
18 46
19 5
19 18
19 23
19 26
19 28
19 33
19 34
19 37
19 38
20 4
20 17
20 23
20 26
20 33
20 36
20 39
20 41
21 6
21 8
21 10
21 13
21 28
21 47
21 48
22 5
22 6
22 12
22 27
22 38
22 42
22 46
22 49
23 9
23 10
23 11
23 12
23 26
23 27
23 34
23 36
23 37
23 41
23 45
23 46
24 4
24 6
24 14
24 15
24 22
24 28
24 31
24 32
25 4
25 5
25 8
25 22
25 33
25 34
25 36
25 39
26 10
26 14
26 27
26 32
26 33
26 36
26 41
26 42
26 46
27 4
27 6
27 7
27 11
27 12
27 16
27 18
27 21
27 31
28 5
28 9
28 12
28 36
28 39
28 44
28 47
28 49
29 8
29 12
29 13
29 17
29 19
29 23
29 24
29 26
29 30
29 33
29 35
29 37
29 38
29 41
29 46
30 6
30 15
30 18
30 19
30 23
30 26
30 28
30 36
30 37
30 43
30 50
31 2
31 7
31 17
31 21
31 34
31 35
31 38
31 39
31 41
31 42
31 43
31 45
32 2
32 7
32 10
32 12
32 14
32 15
32 18
32 22
32 28
33 2
33 4
33 7
33 17
33 22
33 30
33 43
34 9
34 12
34 17
34 21
34 32
34 38
34 42
35 3
35 4
35 5
35 6
35 7
35 11
35 13
35 15
35 16
35 18
35 20
35 24
35 25
35 38
36 5
36 8
36 21
36 22
36 34
36 35
36 39
36 44
37 2
37 9
37 12
37 16
37 31
37 34
37 43
37 44
38 21
38 24
38 26
38 36
38 39
38 44
38 45
39 4
39 15
39 16
39 26
39 32
39 37
39 45
40 1
40 10
40 13
40 23
40 25
40 27
40 31
40 32
40 43
40 44
40 47
40 48
40 49
41 2
41 3
41 19
41 21
41 22
41 24
41 30
41 32
41 38
41 39
41 46
41 48
41 49
42 12
42 15
42 16
42 27
42 28
42 30
43 7
43 8
43 10
43 16
43 21
43 22
43 26
43 38
43 41
43 48
44 7
44 12
44 15
44 21
44 22
44 24
44 27
44 30
44 41
44 47
45 2
45 8
45 9
45 12
45 13
45 25
45 26
45 28
45 36
45 37
45 40
46 3
46 7
46 11
46 14
46 21
46 25
46 27
46 30
46 31
46 32
46 34
46 37
46 38
46 40
46 47
47 1
47 5
47 13
47 19
47 22
47 24
47 31
47 34
47 38
47 39
47 48
48 1
48 7
48 25
48 28
48 39
48 45
48 46
48 50
49 5
49 17
49 20
49 23
49 35
49 36
49 37
49 44
49 45
50 2
50 14
50 15
50 18
50 20
50 23
50 27
50 31
50 34
50 37
50 39
50 46

