200 250
1 4 3 8 1 760611805 1 1 2662974232 1 1 6 1 6 3621199762 1 8 1 3576994593 1 4 1 5 4 10 1 1 2 1 28 1 15 1 1 1 1 2 1 2 6 1 4 2 5 16 1 7 1 1 1 4 1 3 1 1 1 6 3 4 14 2 2 1 30 1 19 2 8 1 1 1 1 2 2 1 4 1 4 8 8 4 1 2 5 2 6 3 1 6 2689067335 1 2 2105099889 3 2 2 5 13 582182436 1 7 2 30 1 23 3 2 3 1 1 3 3 1 8 1 10 5 1 1 13 8 1 2 1 17 9 4 18 5 4 10 3 4 8 1 4 1 8 172989881 1 2 8 1 1 2 3 16 3 11 2 1 6 3 2 6 9 4018457904 3 1 8 7 4 4 6 3 8 1 1 1 1 6 3645746256 12 2 1 1 3 3 2416264274 10 1 5 4 3 1 5 1 7 4 1 9 3 3 9 7 8 11 1 6 5 
1 152
2 156
3 34
4 66
4 149
10 79
12 171
13 114
17 180
18 45
18 186
20 188
21 5
21 37
21 84
21 170
22 136
23 89
23 173
24 164
25 4
25 11
25 108
27 114
27 173
28 30
29 149
30 134
32 91
32 138
32 166
33 72
33 177
36 197
37 67
39 33
40 2
41 17
41 96
42 178
43 134
44 190
45 12
46 131
47 159
47 196
48 74
48 111
50 115
50 155
51 105
51 197
52 47
53 2
54 173
55 188
56 4
57 108
58 29
59 115
60 45
60 64
60 102
60 117
60 125
61 148
62 107
62 163
64 62
64 103
64 105
65 75
66 10
67 175
68 131
68 160
68 196
69 130
69 149
71 80
71 105
71 177
72 184
73 175
74 40
76 34
77 57
77 86
78 73
78 101
78 197
80 198
81 32
81 141
83 126
84 7
85 30
85 200
86 30
86 116
87 21
87 195
89 44
92 64
92 156
92 178
95 40
97 3
97 23
97 57
97 110
98 1
98 17
100 132
101 51
101 77
102 128
103 26
103 30
103 82
103 120
103 140
104 95
106 64
107 120
108 106
110 177
111 158
111 180
112 38
112 59
116 72
117 44
118 180
120 98
120 184
121 20
121 64
121 86
122 43
122 117
123 116
125 41
125 66
125 119
125 162
125 186
126 30
127 39
127 147
128 94
128 114
128 154
129 66
129 112
129 133
129 189
130 113
131 105
132 199
134 11
135 14
135 58
135 169
136 23
137 50
138 10
138 192
141 165
142 13
142 197
143 150
144 63
145 88
145 97
146 76
146 188
147 14
147 20
147 123
148 194
149 96
149 128
150 23
151 124
152 8
152 70
153 31
153 156
154 14
154 126
155 84
158 45
160 21
160 96
160 142
161 62
161 80
161 114
162 91
162 92
162 136
163 175
164 12
165 193
166 16
166 131
166 134
167 169
168 79
171 94
171 188
173 195
174 2
174 190
175 25
175 42
176 133
177 49
180 25
181 4
181 53
182 24
182 61
182 79
182 89
183 61
183 120
184 53
185 105
186 116
187 35
187 89
188 83
189 164
191 80
191 102
191 153
192 4
193 59
193 156
194 28
194 109
194 155
195 66
196 51
199 98
199 177
200 57
200 125

