50 500
285 95 67 332 298 357 426 102 220 73 55 307 355 393 75 86 143 59 2 41 179 27 102 165 318 181 12 77 342 48 474 195 141 140 344 235 228 324 89 285 49 123 18 115 19 206 162 97 112 207 
1 14
1 16
1 18
1 20
1 32
1 35
1 37
1 49
2 5
2 9
2 16
2 19
2 20
2 21
2 24
2 36
2 37
2 46
3 2
3 8
3 11
3 25
3 33
3 38
3 42
3 45
4 2
4 8
4 21
4 23
4 29
4 35
4 36
4 38
4 43
4 46
4 48
4 49
5 3
5 4
5 6
5 8
5 26
5 27
5 31
5 39
5 41
5 49
6 1
6 7
6 8
6 12
6 25
6 31
6 32
6 33
6 34
6 35
6 42
6 50
7 4
7 13
7 18
7 20
7 24
7 25
7 29
7 31
7 32
7 34
7 37
7 41
7 43
7 44
7 50
8 1
8 7
8 10
8 13
8 14
8 17
8 18
8 19
8 20
8 24
8 25
8 29
8 36
8 39
8 41
8 42
8 44
8 49
9 4
9 5
9 11
9 22
9 24
9 27
9 29
9 36
9 46
9 47
9 48
10 3
10 7
10 12
10 13
10 26
10 37
10 47
10 48
10 49
11 1
11 8
11 18
11 24
11 29
11 43
11 50
12 3
12 13
12 19
12 25
12 27
12 37
12 39
12 45
12 46
12 48
13 4
13 5
13 6
13 14
13 18
13 19
13 26
13 28
13 32
13 37
13 47
13 49
14 2
14 7
14 10
14 11
14 12
14 19
14 24
14 47
15 1
15 8
15 23
15 29
15 32
15 36
15 42
15 49
16 3
16 4
16 5
16 15
16 34
16 38
16 48
17 3
17 9
17 11
17 13
17 18
17 37
17 38
17 44
17 46
17 47
18 9
18 19
18 23
18 30
18 43
18 48
19 5
19 7
19 21
19 22
19 24
19 29
19 31
19 33
19 35
19 36
19 40
19 44
20 3
20 4
20 6
20 13
20 17
20 31
20 35
20 43
20 44
21 6
21 9
21 12
21 17
21 25
21 31
21 38
21 40
21 42
21 46
21 50
22 4
22 5
22 6
22 11
22 12
22 13
22 14
22 25
22 31
22 38
22 44
23 1
23 2
23 6
23 12
23 14
23 17
23 19
23 22
23 30
23 34
23 44
23 46
24 12
24 17
24 23
24 33
24 38
24 41
24 42
24 43
24 45
24 48
25 1
25 5
25 18
25 26
25 30
25 31
25 34
25 36
25 45
25 46
25 49
25 50
26 1
26 2
26 14
26 23
26 30
26 32
26 41
26 43
26 50
27 25
27 26
27 28
27 43
28 2
28 9
28 17
28 20
28 36
28 41
28 42
28 49
29 16
29 20
29 33
29 34
29 35
29 37
29 43
29 45
29 47
30 1
30 5
30 12
30 13
30 28
30 37
30 38
31 3
31 9
31 10
31 16
31 23
31 24
31 27
31 28
31 33
31 35
31 37
31 38
31 41
31 45
31 46
32 4
32 10
32 14
32 17
32 20
32 28
32 30
32 39
32 40
32 41
32 43
33 4
33 7
33 8
33 9
33 14
33 21
33 22
33 27
33 30
33 32
33 43
33 46
33 50
34 1
34 4
34 5
34 17
34 19
34 21
34 27
34 28
34 31
34 36
34 38
34 41
34 45
34 46
34 50
35 3
35 7
35 11
35 23
35 26
35 28
35 33
35 44
35 47
36 1
36 7
36 20
36 21
36 22
36 27
36 32
36 46
37 8
37 9
37 15
37 19
37 24
37 25
37 28
37 33
37 38
38 6
38 7
38 12
38 14
38 15
38 45
38 48
39 2
39 6
39 20
39 24
39 31
39 34
39 36
40 2
40 12
40 13
40 18
40 20
40 27
40 29
40 30
40 34
40 38
40 47
41 3
41 10
41 14
41 15
41 16
41 20
41 21
41 23
41 27
41 30
41 35
41 42
41 48
41 49
42 5
42 13
42 14
42 16
42 17
42 19
42 26
42 40
42 43
42 44
42 49
43 9
43 10
43 12
43 21
43 25
43 35
43 38
43 39
43 46
43 49
44 3
44 4
44 5
44 16
44 21
44 24
44 25
44 33
44 37
44 43
45 1
45 14
45 19
45 20
45 40
45 42
45 44
46 10
46 14
46 15
46 19
46 24
46 29
46 37
46 38
46 40
46 45
46 47
47 1
47 4
47 5
47 6
47 23
47 24
47 34
47 48
48 1
48 7
48 14
48 17
48 20
48 26
48 30
48 32
48 36
48 46
49 7
49 27
49 30
49 32
49 33
49 35
49 50
50 1
50 4
50 17
50 19
50 23
50 28
50 29
50 31
50 42
50 43
50 47
50 48

