150 500
11 39 3 37 76 45 49 26 9 2 2 12 3 7 42 44 64 37 44 15 11 36 2 66 93 8 15 49 33 8 7 23 21 1 40 35 28 9 14 55 5 3 8 48 11 47 2 48 37 74 5 15 25 59 3 40 1 44 15 30 68 21 22 8 24 1 18 18 3 9 43 49 16 6 88 7 77 6 14 4 33 6 6 15 11 49 18 5 26 61 59 19 33 33 18 66 111 15 527645660 63 5 37 57 9 76 50 8 7 5 63 20 68 54 41 15 45 12 3 19 27 8 3 4 6 16 53 32 13 4 2 13 1 43 9 9 3 41 3 3 23 1 10 81 5 20 26 40 15 19 7 
1 75
1 140
2 25
2 29
2 44
2 61
2 100
3 30
3 87
4 8
4 29
4 71
4 75
5 91
5 143
6 65
6 94
6 111
7 39
7 62
7 108
8 45
8 50
8 66
8 102
8 106
8 114
9 16
9 62
9 105
10 2
10 70
11 61
11 96
12 55
12 75
12 124
12 125
12 148
13 35
13 145
14 20
14 44
14 146
15 116
15 147
16 2
16 27
16 28
16 96
16 117
17 15
17 36
17 49
17 114
17 145
18 2
18 53
18 80
18 90
19 71
19 124
19 125
19 147
20 11
20 121
20 143
21 35
21 128
22 112
22 122
23 108
24 30
24 63
24 86
24 102
24 106
24 117
24 126
25 5
25 53
25 108
25 112
25 137
25 139
25 140
26 93
26 110
26 112
27 61
27 119
28 40
28 56
28 84
28 125
28 126
29 24
29 87
29 96
30 110
30 137
31 44
31 137
31 150
32 19
32 20
32 130
33 7
33 36
33 75
33 107
35 19
35 49
35 50
35 149
36 15
36 46
36 136
37 17
37 35
37 84
37 137
38 2
38 15
38 62
38 75
39 50
39 52
39 56
39 57
39 120
39 127
40 12
40 15
40 30
40 50
40 61
40 84
40 112
40 133
41 51
41 133
42 58
42 73
42 97
43 5
43 6
43 67
44 16
44 107
44 122
45 32
45 87
45 106
46 24
46 129
47 52
48 5
48 33
48 46
48 86
48 100
48 149
49 36
49 52
49 81
49 113
49 129
50 25
50 58
50 71
50 111
51 91
51 105
51 149
52 5
52 69
52 100
52 143
53 80
53 127
54 71
54 116
55 41
56 9
56 35
56 59
56 105
58 23
58 77
58 135
59 72
59 92
59 137
60 10
60 47
60 80
60 91
60 111
60 148
61 12
61 38
61 62
62 48
62 78
62 105
63 39
63 44
63 121
64 24
64 40
64 112
65 27
65 72
65 76
65 139
66 52
67 9
67 39
68 126
68 140
69 46
69 123
70 32
70 73
71 20
71 29
71 83
71 93
72 81
72 105
72 113
72 116
73 19
73 22
73 50
74 59
74 86
75 15
75 34
75 101
76 18
76 19
76 27
76 49
76 56
76 107
77 7
77 54
77 78
77 88
77 101
78 85
79 5
79 37
79 78
79 110
80 63
81 25
81 31
81 145
82 47
82 80
82 96
82 102
82 104
82 128
82 133
83 47
84 4
84 24
84 97
84 139
85 1
85 5
85 103
86 19
86 25
86 61
86 68
86 128
87 4
87 52
87 54
87 63
88 24
88 60
88 106
88 150
89 9
89 21
89 35
89 50
89 52
89 56
89 65
89 82
89 92
90 6
90 10
90 24
90 116
90 135
90 147
91 7
91 21
91 38
91 40
92 34
92 48
92 55
92 96
92 106
93 61
93 126
93 127
93 129
94 24
94 47
94 69
94 80
94 85
94 86
95 1
95 73
95 94
95 105
95 135
96 4
96 38
96 142
97 39
97 75
97 88
97 91
97 100
97 109
97 117
97 124
98 5
98 29
98 44
98 61
98 75
98 113
98 133
98 139
100 37
100 47
101 7
101 13
101 64
101 107
102 53
102 67
102 77
103 79
103 87
104 25
104 81
104 106
105 20
105 94
105 132
105 148
106 37
106 54
106 70
106 74
106 108
106 119
106 122
106 127
107 11
107 98
109 11
109 103
109 140
109 149
110 54
110 68
110 97
110 112
110 147
111 22
111 35
111 53
111 57
111 92
111 126
112 81
112 91
112 116
112 147
113 4
113 50
113 68
113 103
114 1
114 2
114 70
114 71
114 93
115 43
115 90
115 103
115 130
115 139
116 55
116 100
116 121
116 140
117 96
117 103
117 134
118 6
118 93
119 78
119 112
119 118
119 141
119 143
120 17
120 42
120 67
120 73
120 101
120 116
121 46
122 28
123 58
123 86
123 94
124 92
125 83
125 146
126 23
126 72
127 7
127 66
127 91
127 133
128 91
128 112
128 114
128 125
129 69
130 48
130 65
130 134
131 18
131 24
131 46
131 55
132 44
132 84
132 103
132 109
133 102
134 77
135 103
135 113
135 143
136 47
136 58
137 51
137 54
137 145
138 22
138 128
138 144
139 19
140 18
142 43
142 75
142 123
142 146
143 17
143 100
143 101
143 107
144 54
144 98
145 77
145 126
146 47
146 83
146 124
146 133
147 42
147 85
147 118
147 123
148 6
149 10
149 114
149 137
150 3
150 22
150 30

