250 2000
13 307 39 109 48 145 33 42 171 8 241 30 29 154 185 36 66 135 128 29 119 6 169 77 110 66 206 52 238 122 132 52 37 134 115 11 150 242 61 255 62 32 188 45 363 76 26 139 95 287 323 24 344 13 254 172 115 28 140 59 82 130 279 180 183 3 44 174 46 130 306 33 98 78 5 61 150 118 58 202 101 33 8 24 7 170 246 116 12 60 221 110 94 263 37 210 18 6 121 195 106 456 196 127 170 263 207 172 26 50 2 451 180 122 115 184 107 143 188 47 58 2 51 145 51 156 79 163 115 59 93 149 136 224 137 52 164 114 132 539 152 155 225 56 231 118 84 56 114 455 176 245 87 130 172 158 38 84 222 192 229 40 100 229 76 221 4 116 267 137 320 169 153 318 26 65 2 165 96 40 55 32 68 240 293 31 95 108 231 22 228 187 59 157 15 161 150 167 113 3 163 70 175 35 8 16 355 253 169 163 285 116 51 24 248 70 76 181 170 28 63 169 21 57 238 29 124 37 82 4 205 142 34 97 156 158 114 217 119 77 144 166 126 25 163 134 55 138 6 190 
1 71
1 80
1 85
1 94
1 102
1 125
1 235
2 22
2 27
2 46
2 50
2 80
2 152
2 158
2 198
3 30
3 39
3 104
3 107
3 121
3 166
3 219
3 231
4 41
4 49
4 81
4 166
4 171
4 198
4 225
4 228
5 17
5 31
5 146
5 184
5 229
5 248
6 106
6 160
6 207
6 216
7 39
7 96
7 121
7 148
7 178
7 189
7 203
7 218
7 226
8 47
8 62
8 103
8 108
8 125
8 128
8 150
8 198
9 51
9 86
9 140
9 156
9 162
9 181
9 201
9 227
9 246
10 9
10 96
10 154
10 177
10 178
10 222
11 13
11 27
11 47
11 57
11 64
11 66
11 86
11 88
11 115
11 123
11 129
11 155
11 159
12 6
12 8
12 44
12 80
12 122
12 169
12 201
12 224
12 245
13 36
13 76
13 83
13 120
13 199
14 100
14 130
14 137
14 163
14 171
14 188
14 201
15 18
15 20
15 58
15 80
15 161
15 210
15 229
15 234
16 3
16 35
16 42
16 44
16 57
16 97
16 109
16 154
16 158
16 168
16 192
16 216
16 219
16 242
16 244
17 16
17 47
17 102
17 156
17 157
17 231
17 238
18 26
18 42
18 45
18 112
18 160
18 172
18 182
18 184
18 216
19 26
19 61
19 63
19 68
19 92
19 151
19 188
19 189
19 191
20 12
20 30
20 48
20 69
20 215
21 63
21 96
21 110
21 160
21 180
21 192
21 231
21 243
21 249
22 67
22 144
22 165
22 170
22 184
23 19
23 74
23 94
23 109
23 128
23 161
23 188
23 191
23 209
24 22
24 25
24 40
24 50
24 88
24 105
24 128
24 164
25 47
25 51
25 91
25 117
25 144
25 227
26 29
26 33
26 45
26 223
27 4
27 22
27 76
27 104
27 151
27 161
27 175
28 86
28 137
28 177
28 235
29 27
29 40
29 42
29 110
29 140
29 162
29 225
30 18
30 51
30 63
30 100
30 101
30 104
30 118
30 138
30 241
30 245
31 46
31 113
31 115
31 160
31 163
31 188
31 229
32 9
32 39
32 84
32 103
32 107
32 140
32 152
32 165
32 181
32 226
33 124
33 160
33 211
33 233
33 238
33 239
34 2
34 44
34 48
34 119
34 121
34 130
34 142
34 186
34 193
35 112
35 134
35 148
35 167
35 197
35 220
36 41
36 53
36 93
36 99
36 138
36 155
36 167
36 168
36 225
37 5
37 8
37 50
37 60
37 64
37 112
37 138
37 169
37 184
37 232
38 26
38 46
38 53
38 54
38 155
38 188
38 193
38 215
39 38
39 128
39 156
39 210
40 10
40 19
40 38
40 49
40 54
40 63
40 66
40 106
40 138
40 142
40 248
41 35
41 90
41 97
41 133
41 143
41 147
41 164
41 216
41 249
42 21
42 67
42 181
42 202
42 238
42 242
43 55
43 77
43 120
43 132
43 147
43 173
43 197
43 232
43 248
44 118
44 139
44 140
44 172
44 195
44 198
44 229
45 29
45 38
45 56
45 97
45 116
45 141
45 161
45 162
45 169
45 186
45 187
45 223
45 229
46 19
46 77
46 78
46 79
46 131
46 202
46 209
46 224
46 238
47 2
47 9
47 15
47 87
47 95
47 111
47 150
47 188
47 205
47 210
48 81
48 91
48 95
48 110
48 115
48 130
48 145
48 150
48 233
49 8
49 30
49 70
49 106
49 119
49 159
49 203
49 228
50 11
50 14
50 27
50 29
50 94
50 196
51 4
51 26
51 36
51 77
51 109
51 148
51 158
51 169
51 227
52 26
52 62
52 127
52 148
52 161
52 194
52 235
53 14
53 30
53 39
53 46
53 94
53 110
53 112
53 133
53 143
53 150
53 203
53 208
53 243
54 2
54 3
54 22
54 46
54 72
54 89
54 118
54 138
54 154
54 168
55 6
55 101
55 149
55 150
55 171
55 217
56 14
56 23
56 37
56 53
56 99
56 138
57 34
57 36
57 50
57 102
57 156
57 189
57 209
57 215
57 235
58 32
58 54
58 126
58 135
58 149
59 10
59 88
59 120
59 131
59 151
59 155
59 159
59 175
59 200
60 26
60 207
60 237
61 12
61 36
61 79
61 118
61 160
61 174
61 183
61 212
62 6
62 27
62 30
62 118
62 134
62 190
63 2
63 15
63 114
63 127
63 135
63 148
63 231
63 232
63 249
64 132
64 181
64 209
64 215
64 224
64 250
65 6
65 23
65 26
65 54
65 130
65 141
65 143
65 148
65 159
65 164
65 176
65 221
65 237
66 56
66 127
66 154
66 219
67 20
67 43
67 55
67 65
67 99
67 136
67 160
67 181
67 209
67 219
68 18
68 34
68 59
68 142
68 144
68 215
68 231
68 241
68 245
69 45
69 126
70 21
70 24
70 45
70 60
70 65
70 80
70 105
70 112
70 149
70 168
70 196
70 202
70 211
70 218
70 234
70 236
71 55
71 105
71 112
71 126
71 130
71 157
71 178
71 204
71 249
72 69
72 70
72 120
72 167
72 193
72 247
73 112
73 115
73 130
73 138
73 164
73 197
73 212
73 240
74 32
74 123
74 137
74 140
74 184
74 214
74 227
75 28
75 54
75 136
75 218
76 2
76 18
76 61
76 111
76 115
76 144
76 158
76 165
76 177
76 208
76 216
77 37
77 49
77 55
77 88
77 143
77 154
77 199
78 3
78 22
78 47
78 65
78 77
78 96
78 114
78 121
78 129
78 135
79 6
79 56
79 102
79 162
80 52
80 66
80 119
80 139
80 151
80 178
80 185
81 20
81 22
81 39
81 91
81 117
81 122
81 160
81 174
81 216
81 239
81 243
82 96
82 107
82 111
82 163
82 173
82 222
83 34
83 97
83 166
83 175
83 189
83 190
83 215
84 2
84 23
84 39
84 95
84 101
84 227
85 6
85 11
85 47
85 62
85 67
85 118
85 230
86 16
86 21
86 85
86 121
86 155
86 180
86 185
86 244
86 250
87 25
87 32
87 42
87 49
87 117
87 158
87 171
87 173
87 181
87 199
87 248
88 7
88 46
88 58
88 71
88 80
88 84
88 130
88 179
88 189
89 4
89 92
89 127
89 151
89 164
89 187
89 213
89 222
89 248
90 25
90 29
90 52
90 152
90 222
91 18
91 28
91 54
91 59
91 137
91 181
91 227
91 234
92 24
92 77
92 85
92 141
92 149
92 190
92 198
92 217
92 231
92 245
93 3
93 140
93 151
93 170
93 193
93 249
94 17
94 45
94 86
94 93
94 96
94 152
94 164
94 184
94 228
95 26
95 30
95 62
95 119
95 140
95 155
95 189
95 235
96 22
96 51
96 53
96 166
96 179
96 189
97 5
97 11
97 68
97 80
97 101
97 163
97 216
97 236
98 12
98 15
98 21
98 89
98 90
98 108
98 164
98 180
98 197
98 239
98 245
99 39
99 90
99 150
99 153
99 173
99 215
100 6
100 10
100 13
100 33
100 70
100 78
100 86
100 113
100 115
100 145
100 149
100 176
100 184
100 218
100 229
100 243
101 29
101 71
101 160
101 224
101 235
102 78
102 106
102 113
102 125
102 140
102 160
102 199
102 237
102 246
103 14
103 31
103 49
103 74
103 110
103 169
103 219
103 226
103 246
104 76
104 90
104 132
104 152
104 236
104 247
105 18
105 56
105 65
105 72
105 103
105 157
105 175
105 217
105 234
105 242
105 246
106 27
106 43
106 119
106 138
106 176
106 187
106 208
106 213
106 220
106 242
107 13
107 34
107 40
107 119
107 160
107 169
107 174
107 177
107 235
107 236
107 240
108 35
108 48
108 70
108 117
108 167
108 170
108 176
108 223
108 239
109 42
109 44
109 53
109 79
109 104
109 113
109 184
109 203
109 247
110 15
110 35
110 40
110 64
110 121
110 165
110 224
111 55
111 74
111 78
111 84
111 114
111 116
111 171
111 194
111 221
112 25
112 39
112 61
112 84
112 91
112 102
112 121
112 133
112 171
112 207
112 212
112 223
112 238
113 29
113 40
113 62
113 70
113 77
113 87
113 140
113 202
113 204
114 25
114 28
114 39
114 97
114 104
114 119
114 153
114 215
115 53
115 114
115 128
115 147
115 218
115 250
116 2
116 16
116 51
116 154
116 158
116 168
116 174
116 177
116 182
116 186
117 32
117 37
117 41
117 80
117 82
117 85
117 145
117 149
117 195
118 31
118 36
118 47
118 86
118 113
118 122
118 223
119 11
119 120
119 126
119 171
119 232
119 248
120 44
120 56
120 65
120 86
120 132
120 135
120 155
120 164
120 168
120 181
120 204
121 32
121 122
121 183
121 211
122 4
122 40
122 45
122 98
122 115
122 131
122 200
122 241
123 2
123 41
123 68
123 109
123 114
123 208
124 7
124 13
124 17
124 20
124 70
124 116
124 150
124 231
124 247
125 2
125 5
125 60
125 83
125 153
125 237
126 59
126 74
126 222
126 224
126 249
127 42
127 53
127 183
127 207
127 210
127 243
128 14
128 53
128 70
128 73
128 146
128 176
129 74
129 85
129 91
129 104
129 145
129 156
129 157
129 221
130 19
130 74
130 85
130 106
130 128
130 158
130 170
130 244
131 22
131 24
131 39
131 65
131 100
131 124
131 130
131 149
132 26
132 38
132 41
132 57
132 157
132 175
132 193
132 243
133 43
133 61
133 69
133 84
133 104
133 109
133 136
133 165
133 192
133 215
134 78
134 88
134 93
134 117
134 119
134 133
134 171
134 176
134 192
134 229
135 37
135 214
135 231
136 28
136 46
136 71
136 110
136 139
136 208
136 234
137 8
137 56
137 68
137 85
137 109
137 133
137 152
137 210
137 221
138 10
138 43
138 87
138 124
138 148
138 225
138 245
139 36
139 46
139 59
139 116
139 128
139 165
139 196
139 218
140 35
140 72
140 87
140 116
140 124
140 132
140 152
140 157
140 160
140 216
140 236
140 248
141 9
141 37
141 43
141 86
141 105
141 117
141 172
141 240
142 9
142 16
142 38
142 65
142 70
142 86
142 94
142 111
142 161
142 187
142 200
142 217
143 54
143 71
143 85
143 89
143 136
143 196
143 197
143 212
144 6
144 148
144 173
144 228
145 4
145 35
145 38
145 58
145 68
145 105
145 126
145 136
145 159
145 165
145 172
145 205
145 246
146 27
146 67
146 110
146 200
146 203
146 246
147 11
147 68
147 73
147 113
147 142
147 249
148 14
148 50
148 74
148 112
148 155
148 163
148 167
148 170
148 193
148 249
149 29
149 50
149 99
149 101
149 137
149 146
149 157
149 175
149 185
149 213
149 225
150 46
150 64
150 68
150 75
150 92
150 102
150 114
150 152
150 167
151 23
151 46
151 102
151 170
151 199
151 213
151 215
151 232
152 16
152 28
152 44
152 52
152 55
152 101
152 102
152 165
152 177
153 16
153 20
153 21
153 25
153 51
153 55
153 103
153 148
153 176
153 189
153 190
153 224
154 32
154 71
154 96
154 102
154 200
154 230
155 15
155 34
155 72
155 101
155 182
155 236
155 238
156 55
156 73
156 141
156 162
156 173
156 244
157 1
157 29
157 65
157 77
157 165
157 207
157 223
157 234
157 246
158 66
158 86
158 160
158 189
158 220
159 28
159 68
159 115
159 133
159 148
159 161
159 171
159 178
159 216
159 230
160 65
160 121
160 126
160 152
160 241
160 248
161 22
161 58
161 67
161 111
161 147
162 10
162 18
162 46
162 52
162 78
162 93
162 102
162 111
162 222
163 17
163 88
163 94
163 105
163 122
163 210
163 219
164 15
164 18
164 93
164 125
164 181
164 201
164 208
165 3
165 28
165 44
165 52
165 93
165 109
165 135
165 191
165 199
165 205
165 208
166 17
166 27
166 107
166 124
166 135
166 140
166 157
166 160
166 162
166 206
167 39
167 48
167 87
167 105
167 111
167 114
167 171
167 184
167 216
168 26
168 37
168 65
168 133
168 246
169 90
169 99
169 139
169 165
169 191
169 205
169 215
169 216
169 226
169 235
170 16
170 51
170 69
170 156
170 209
170 225
170 230
171 29
171 64
171 68
171 90
171 136
171 142
171 197
171 213
171 234
171 237
172 4
172 47
172 64
172 91
172 139
172 144
172 192
173 28
173 31
173 235
173 245
174 19
174 101
174 105
174 145
174 178
174 198
174 202
174 217
174 225
174 233
174 249
175 16
175 24
175 63
175 65
175 85
175 103
175 181
175 202
175 204
175 227
176 6
176 31
176 51
176 82
176 164
176 175
176 181
176 187
177 24
177 69
177 86
177 90
177 101
177 131
177 172
177 237
178 26
178 61
178 93
178 152
178 191
179 20
179 77
179 134
179 160
179 191
179 230
179 242
179 243
180 49
180 55
180 146
180 168
180 173
180 174
180 190
180 207
180 225
180 249
181 114
181 125
181 137
181 139
181 141
181 217
181 237
182 1
182 17
182 50
182 113
182 136
182 219
182 221
182 227
183 20
183 125
183 144
184 30
184 53
184 89
184 115
184 116
184 154
184 196
184 224
185 17
185 35
185 52
185 59
185 64
185 135
185 179
185 205
185 207
185 234
185 240
186 2
186 43
186 128
186 150
186 162
186 223
187 105
187 116
187 217
187 240
188 45
188 93
188 99
188 159
188 161
188 223
188 229
189 25
189 34
189 36
189 41
189 72
189 128
189 132
189 135
189 142
189 155
189 167
189 169
190 36
190 56
190 71
190 146
190 185
190 215
190 239
191 22
191 37
191 42
191 46
191 60
191 85
191 155
191 201
191 212
192 17
192 74
192 79
192 94
192 174
192 190
192 226
192 241
193 152
193 173
193 187
193 203
193 226
193 237
193 242
193 244
194 9
194 20
194 25
194 26
194 114
194 119
194 166
194 172
194 203
194 206
195 38
195 47
195 211
196 32
196 84
196 88
196 186
196 206
196 209
196 219
196 238
196 242
196 249
197 28
197 30
197 56
197 107
197 177
197 194
198 17
198 73
198 85
198 164
198 171
198 185
199 48
199 50
199 59
199 67
199 150
200 24
200 50
200 139
200 151
200 153
200 177
200 188
200 224
201 55
201 113
201 126
201 131
201 142
201 143
201 165
201 232
202 17
202 25
202 27
202 67
202 73
202 86
202 95
202 185
202 248
203 15
203 115
203 126
203 133
203 169
203 170
203 208
203 229
203 248
204 126
204 166
205 14
205 30
205 107
205 132
205 137
205 215
205 230
206 27
206 91
206 97
206 159
206 175
206 195
206 204
206 225
206 240
207 23
207 35
207 38
207 42
207 45
207 77
207 96
207 133
207 150
207 176
207 193
207 236
207 243
208 37
208 144
208 182
208 188
208 191
208 230
208 236
209 70
209 118
209 132
209 160
209 167
209 174
209 208
209 216
210 36
210 40
210 42
210 71
210 102
210 136
210 182
210 200
210 207
210 230
211 26
211 52
211 63
211 71
211 78
211 79
211 83
211 171
211 182
211 183
211 188
211 218
211 220
211 223
212 88
212 94
212 97
212 114
212 166
212 170
212 183
212 237
212 246
213 15
213 39
213 67
213 93
213 121
213 208
213 236
214 2
214 52
214 108
214 146
214 156
214 161
214 222
214 231
215 78
215 86
215 167
215 213
215 230
215 243
216 46
216 61
216 90
216 93
216 237
217 9
217 28
217 67
217 96
217 101
217 129
217 185
217 234
218 3
218 28
218 66
218 72
218 106
218 140
218 146
218 172
218 184
218 204
218 239
218 242
219 21
219 78
219 141
219 143
219 155
219 157
219 162
219 169
219 170
219 172
219 226
220 10
220 32
220 118
220 133
220 161
220 172
220 191
220 195
220 234
220 242
221 2
221 61
221 106
221 134
221 157
221 198
222 23
222 45
222 95
222 105
222 129
222 187
222 241
222 250
223 24
223 51
223 149
223 178
223 180
223 207
223 209
223 220
224 50
224 62
224 69
224 88
224 167
224 172
224 247
225 1
225 55
225 60
225 93
225 125
225 162
225 173
225 209
226 83
226 141
226 146
226 156
226 201
227 36
227 55
227 57
227 97
227 108
227 117
227 142
227 151
227 191
227 195
227 204
227 222
228 29
228 74
228 84
228 104
228 165
228 243
229 65
229 120
229 166
229 181
229 193
229 222
229 244
230 9
230 16
230 75
230 102
230 135
230 141
230 149
230 165
230 178
231 6
231 16
231 19
231 45
231 139
231 149
231 188
231 209
232 24
232 143
232 187
232 192
232 199
232 231
232 242
232 249
233 27
233 41
233 45
233 52
233 92
233 123
233 140
233 202
233 222
233 242
234 3
234 45
234 52
234 150
234 164
234 172
234 226
235 17
235 23
235 108
235 111
235 125
235 191
236 2
236 7
236 26
236 122
236 133
236 183
236 221
236 239
236 244
237 4
237 33
237 78
237 95
237 113
237 152
238 109
238 115
238 128
238 144
238 149
238 161
238 194
238 202
238 222
238 227
239 29
239 34
239 50
239 62
239 101
239 209
239 217
239 227
240 9
240 84
240 85
240 93
240 110
240 164
240 167
240 184
240 211
240 250
241 43
241 86
241 127
241 185
241 196
241 219
241 235
242 8
242 64
242 101
242 188
242 234
243 16
243 22
243 167
243 173
243 193
243 232
244 114
244 150
244 181
244 185
244 201
245 14
245 26
245 63
245 95
245 112
245 150
245 163
245 171
245 211
245 226
246 6
246 59
246 124
246 134
246 161
246 167
247 2
247 20
247 35
247 121
247 125
247 165
247 197
247 209
247 232
247 237
248 6
248 19
248 21
248 63
248 90
248 155
248 163
248 182
248 208
248 226
248 250
249 37
249 59
249 89
249 91
249 111
249 172
249 176
249 221
249 236
250 3
250 24
250 41
250 42
250 80
250 102
250 126
250 128
250 140
250 175
250 206

