250 750
9 7 12 10 13 2 22 39 47 22 8 31 26 12 4 14 23 38 31 4 10 8 3 36 11 14 1 16 30 3 6 21 70 8 4 16 27 7 1 11 77 3 24 15 32 73 13 62 36 74 30 10 38 22 5 1 18 37 8 48 21 35 33 5 31 19 38 6 6 1 33 12 9 31 35 25 10 7 3 15 13 12 28 30 20 18 2 73 8 11 19 12 3 26 3 8 10 52 70 39 12 15 11 12 9 15 11 41 9 18 3 15 1 5 33 5 21 4 20 1 10 12 29 13 7 10 16 32 25 34 11 3 46 31 46 41 35 6 34 11 14 9 6 2 19 48 23 6 1 3 30 11 12 32 1 1 38 2 22 6 4 15 15 14 6 24 72 14 35 12 69 23 15 18 33 7 40 10 34 13 24 5 9 19 4 11 3 3 1 45 12 30 13 16 9 3 15 9 9 5 22 7 7 2 65 6 37 2 13 63 29 6 57 26 29 23 21 29 33 5 38 4 33 7 2 10 4 26 18 6 21 32 4 12 15 43 31 5 33 2 18 1 28 7 33 12 13 4 33 5 
1 6
1 64
1 137
1 154
2 84
2 205
3 53
3 92
4 54
4 83
4 163
4 182
4 192
6 94
6 140
7 23
7 49
7 221
8 29
8 51
8 141
8 175
9 54
9 93
9 102
9 188
10 47
10 86
10 213
10 216
11 60
11 116
12 29
12 34
12 88
12 188
13 102
13 107
14 166
14 211
15 33
15 67
15 148
15 206
16 53
16 78
17 110
18 15
18 88
18 123
18 209
19 80
19 164
19 204
19 215
20 212
21 8
21 52
21 142
22 62
22 124
22 130
22 165
23 41
23 136
23 169
24 131
24 194
25 35
25 97
25 109
25 198
25 214
26 38
26 250
28 43
28 58
28 61
28 107
29 214
29 235
30 118
30 164
30 211
30 241
31 76
31 131
32 96
32 161
32 228
33 23
33 84
33 128
33 174
34 47
34 147
34 206
35 50
35 68
35 232
36 16
36 164
36 171
36 209
37 185
38 39
39 7
39 117
40 152
40 169
40 201
40 243
41 31
41 85
41 153
41 154
41 247
42 37
42 54
43 2
43 121
44 124
45 60
46 18
46 98
46 170
46 245
47 191
47 215
48 29
48 85
48 94
48 205
48 226
49 17
49 94
49 132
49 192
49 204
50 48
50 90
50 99
50 175
50 245
51 155
52 53
52 71
52 115
52 173
52 249
53 78
53 148
53 201
53 247
54 47
54 67
54 88
55 154
55 203
56 6
56 245
57 97
57 100
58 45
58 50
58 67
58 104
58 126
59 82
59 127
59 140
59 223
60 3
60 66
60 134
60 247
61 44
61 45
61 141
61 219
61 250
62 5
62 86
62 209
63 16
63 194
63 222
63 241
64 86
64 104
64 130
65 27
65 39
65 81
65 150
65 222
66 127
66 235
67 85
67 125
68 97
68 213
69 123
70 112
70 159
70 246
71 156
72 1
72 40
73 6
73 245
74 14
74 75
74 89
74 143
74 146
75 4
75 120
75 147
76 13
76 37
77 64
77 145
77 171
78 18
78 132
79 195
80 172
80 176
80 190
80 228
81 21
81 133
81 183
83 42
83 51
83 106
83 181
83 190
84 130
84 151
84 220
84 250
85 28
85 108
85 110
85 146
86 67
86 133
87 6
87 63
87 67
87 129
88 38
88 111
88 132
88 173
88 231
88 232
89 7
89 224
90 5
90 61
90 74
90 214
91 6
91 121
91 221
92 73
92 245
93 224
95 83
95 224
95 232
96 136
96 222
97 91
98 35
98 84
98 103
98 119
98 169
99 61
99 73
99 117
99 122
99 164
100 51
100 137
100 232
101 46
101 71
101 114
101 141
102 140
102 157
103 42
103 82
103 90
103 185
104 100
104 171
105 137
105 200
105 218
106 79
106 163
106 187
106 246
107 157
107 186
107 218
108 8
108 22
108 41
108 45
108 64
108 119
108 141
108 177
108 237
108 243
109 154
109 169
110 6
110 101
110 210
111 101
111 148
111 214
112 13
112 58
112 94
112 217
113 134
114 207
114 219
115 48
115 50
115 98
115 163
115 229
116 215
116 217
117 33
117 34
117 155
117 181
117 209
117 210
118 151
118 176
119 48
119 94
119 157
120 52
120 77
120 184
121 23
121 157
121 249
122 32
122 38
122 98
123 68
123 234
124 8
124 37
124 42
124 145
124 200
125 55
125 79
125 117
125 226
126 33
126 65
126 138
126 144
127 141
127 214
128 7
128 76
129 32
129 106
129 146
129 199
130 20
130 33
130 110
130 206
131 191
131 200
132 46
132 126
132 198
133 32
133 190
133 207
133 213
134 121
134 152
134 158
134 175
135 4
135 26
135 138
135 151
135 161
135 250
136 33
136 62
136 114
136 115
136 213
136 235
137 186
137 240
138 225
139 76
139 105
139 122
139 144
139 183
139 197
139 203
140 77
140 175
141 30
142 19
142 24
142 129
142 229
143 43
145 25
145 69
145 120
146 18
146 67
146 128
146 243
147 58
147 72
147 179
147 193
147 222
149 10
149 100
149 102
149 208
149 210
150 153
150 185
150 203
150 213
151 172
151 177
151 194
152 5
152 93
152 180
153 19
155 67
155 81
155 135
155 176
157 9
157 57
157 72
158 121
158 225
159 82
159 151
159 245
160 54
160 248
161 60
162 3
162 83
162 148
162 221
163 12
163 143
164 7
164 184
165 63
165 243
166 145
166 217
167 9
167 57
167 166
167 235
168 86
168 106
168 164
168 248
169 2
169 147
170 171
171 38
171 96
171 135
171 238
172 62
172 83
172 177
173 43
173 112
174 56
174 133
174 159
174 225
175 5
175 29
175 149
175 154
175 209
176 46
176 88
176 100
177 34
177 154
177 203
177 239
178 17
178 54
178 79
178 99
178 231
179 12
179 51
179 207
179 227
179 238
180 11
180 91
180 149
181 41
181 170
182 46
182 88
182 148
182 167
182 196
182 201
183 170
183 219
184 30
184 56
184 180
184 190
184 236
184 239
184 243
185 21
186 37
186 199
187 14
188 218
189 123
190 16
190 79
190 213
191 19
191 69
191 102
191 242
192 32
192 61
192 167
193 13
193 135
193 136
194 71
194 75
194 91
194 99
194 178
194 199
195 19
195 46
196 169
196 178
196 206
197 144
197 153
197 179
198 139
200 33
200 153
200 166
201 106
201 154
202 23
202 154
203 104
203 116
203 216
204 17
204 68
204 226
205 44
205 94
205 161
205 166
205 167
205 218
205 229
206 45
206 210
207 50
207 128
207 186
207 216
207 236
208 21
208 22
208 82
208 99
208 139
209 75
209 82
209 236
210 201
210 226
210 234
210 236
211 13
211 92
211 150
211 229
212 176
212 178
213 9
213 29
213 60
213 159
213 228
214 42
214 49
214 200
215 26
215 75
215 158
215 220
216 83
216 236
217 3
217 45
217 66
217 182
218 31
218 39
219 105
219 136
219 244
220 9
220 77
220 106
220 214
221 35
221 47
221 92
221 158
221 192
222 232
223 23
223 71
223 167
223 214
224 24
224 86
224 87
224 137
225 223
226 97
226 139
227 134
227 151
228 43
228 222
229 17
229 43
229 51
229 214
230 102
230 120
230 126
231 41
231 67
231 79
231 160
231 211
231 222
232 106
232 186
233 37
233 53
233 117
234 180
234 246
235 123
236 121
236 167
237 88
237 94
237 122
237 128
238 58
238 227
239 18
239 32
239 116
239 210
240 24
240 166
241 97
241 104
241 171
243 24
243 44
243 149
243 201
244 33
244 66
244 147
244 239
245 29
245 71
245 95
245 99
245 111
245 112
246 181
246 228
247 88
247 123
247 235
248 68
248 145
248 237
249 18
249 55
249 57
249 68
249 244
250 145
250 176
250 202

