250 750
4 3 17 15 4 9 3 35 16 19 19 1 21 12 7 15 48 5 1 20 74 4 2 30 9 3 12 6 21 10 5 3 16 3 15 1 5 27 1 10 41 20 48 35 2 18 77 27 6 18 21 3 77 4 52 15 8 28 35 68 47 11 9 15 47 13 27 16 1 4 6 36 17 57 5 12 26 14 2 20 31 39 19 20 30 23 5 50 25 1 19 22 45 30 7 6 6 7 22 18 13 1 12 3 10 23 12 1 4 10 8 10 44 27 2 7 48 52 24 24 4 7 1 22 5 14 63 21 4 3 4 18 36 3 9 101 3 33 14 56 3 9 4 28 16 81 9 29 94 2 9 3 12 20 44 85 13 8 3 67 3 27 9 9 95 16 15 38 4 5 18 26 14 22 17 3 1 8 9 10 9 2 58 3 45 8 15 39 2 5 4 3 19 2 17 69 49 29 40 11 11 15 20 4 34 8 3 20 12 20 11 3 19 58 4 20 22 3 3 10 8 14 8 10 49 30 8 26 79 20 8 3 96 24 79 35 20 42 15 18 22 48 5 19 55 48 5 23 35 10 
1 70
1 240
2 19
2 95
2 190
2 249
3 9
3 121
3 147
3 196
3 245
4 68
4 103
4 224
5 62
5 149
5 194
6 38
6 116
6 186
7 82
7 149
8 5
8 60
8 76
8 149
8 184
8 229
8 233
9 119
10 13
10 108
10 128
10 172
10 193
11 21
11 24
11 34
11 139
12 137
12 186
12 204
13 111
14 68
14 158
15 21
15 149
15 246
16 196
17 9
17 24
17 40
17 106
17 154
17 160
17 248
18 32
18 238
19 42
19 139
19 156
19 215
20 58
20 118
20 129
20 199
21 9
21 125
21 194
21 245
23 150
23 164
23 248
24 6
24 143
24 168
24 177
24 201
25 145
25 157
25 226
26 122
26 237
27 15
27 93
27 132
28 52
29 227
30 15
30 19
30 29
31 81
31 196
32 231
32 244
33 14
33 65
33 81
34 218
34 249
35 14
35 30
35 60
35 125
35 142
36 197
37 25
37 183
37 235
38 165
38 171
38 178
39 113
40 1
40 119
40 219
41 4
41 55
41 85
42 78
42 218
43 120
43 174
43 217
44 41
44 89
44 249
45 248
46 85
46 135
46 146
46 249
47 41
47 111
47 165
47 249
48 4
48 70
48 120
48 144
48 155
48 157
48 166
48 236
49 34
49 138
49 167
50 88
50 136
50 160
50 186
51 20
51 44
51 78
51 155
51 210
51 223
52 38
52 89
52 148
52 161
53 107
53 140
53 203
53 224
54 75
54 161
55 15
55 130
55 146
55 171
55 238
56 42
56 71
56 84
57 90
58 81
58 96
58 115
58 155
59 74
59 134
60 41
60 62
60 92
60 125
60 138
60 149
60 243
61 135
61 165
61 188
61 216
61 234
62 113
63 14
63 105
63 226
64 38
64 125
64 205
65 23
65 28
65 187
65 250
66 52
66 53
66 77
66 89
66 103
66 233
66 234
67 47
67 174
67 223
68 233
69 51
70 18
70 45
70 222
71 139
71 233
71 236
71 239
72 33
72 49
72 118
72 197
73 65
73 183
73 245
74 11
74 53
74 129
74 148
74 198
74 224
74 233
75 46
75 76
75 167
76 112
77 51
77 103
77 122
77 156
78 19
78 136
79 12
80 29
80 106
80 223
81 2
81 168
81 178
82 62
82 73
82 88
82 222
83 27
83 66
83 117
83 156
84 42
84 118
85 13
85 59
85 114
85 227
86 37
86 82
86 225
87 75
87 197
87 209
88 53
88 83
88 159
89 185
90 29
91 11
91 29
91 137
91 168
91 236
91 239
92 185
92 211
93 4
93 56
93 86
93 156
93 197
94 109
94 166
95 94
95 228
96 46
96 99
96 119
96 123
96 152
97 40
97 61
97 127
97 211
97 235
98 74
98 80
98 96
99 10
99 170
99 220
100 5
100 16
100 22
100 46
100 53
100 206
100 248
101 38
101 116
101 141
101 184
101 187
101 199
102 30
102 67
102 108
102 161
102 187
103 8
103 46
103 214
104 50
105 132
105 136
106 27
106 103
106 220
106 240
107 134
107 205
109 139
109 188
110 29
110 39
110 60
110 130
110 152
110 223
110 225
111 229
112 37
112 64
112 84
112 126
112 171
112 221
113 116
114 29
114 125
114 214
114 230
115 38
116 127
116 207
116 232
117 114
117 200
117 203
117 238
117 240
118 38
118 134
118 143
118 202
119 15
119 23
120 57
120 185
120 206
121 30
121 179
122 213
122 235
123 45
123 141
124 24
124 57
124 195
125 201
126 9
126 80
126 85
126 99
126 196
127 12
127 49
127 105
127 176
127 221
128 25
128 40
128 59
128 104
131 102
131 113
132 12
132 227
133 93
133 191
133 192
133 212
134 7
134 29
134 79
134 113
135 117
136 49
136 152
136 175
136 181
136 237
137 80
137 90
137 155
137 230
137 244
138 64
138 91
138 96
139 43
139 160
139 177
140 99
140 118
140 198
140 201
140 209
140 213
140 219
141 5
141 99
141 182
142 170
143 112
143 132
144 21
144 53
144 163
145 29
145 31
145 120
145 156
146 31
146 78
146 133
146 168
146 247
147 88
147 113
148 21
148 162
148 183
148 198
149 177
149 215
150 17
151 89
151 222
152 72
152 242
153 170
153 189
153 241
154 42
154 67
154 86
154 186
155 80
155 217
155 245
156 44
156 46
156 60
156 63
156 75
156 162
156 242
157 29
157 57
157 219
157 226
158 55
158 225
158 244
159 47
160 67
160 155
160 175
160 199
160 205
160 240
160 242
161 63
161 138
162 81
162 203
163 12
163 245
164 92
165 59
165 72
165 117
165 118
165 222
166 81
166 219
167 110
167 235
168 117
168 127
168 162
169 44
169 86
169 125
170 73
170 95
170 113
170 148
170 195
171 156
172 117
172 165
172 173
173 75
173 136
173 138
173 228
173 241
174 8
174 65
174 92
174 183
174 192
175 177
175 222
175 246
176 222
177 30
177 94
177 179
177 226
177 250
178 86
178 199
179 155
179 183
180 14
180 31
180 172
180 184
180 202
181 146
181 243
182 16
182 108
182 128
183 32
183 42
183 214
184 216
185 196
187 28
187 89
187 114
187 176
188 17
188 196
188 223
188 241
191 113
191 148
191 217
192 32
193 30
193 41
193 124
193 151
193 209
193 222
195 43
195 94
195 216
195 248
196 136
196 226
197 124
197 185
197 194
197 218
198 18
198 41
198 73
198 188
198 207
199 174
199 177
199 238
200 13
200 165
201 68
201 86
201 245
203 126
203 205
204 118
205 25
206 136
206 205
208 55
208 76
208 153
208 237
209 56
209 108
209 211
210 93
210 133
210 166
211 120
212 28
212 216
213 19
213 46
213 75
213 85
213 160
213 208
214 12
214 146
214 150
214 164
214 190
214 202
215 70
216 149
217 168
218 161
218 222
219 144
219 189
220 34
220 172
220 237
221 163
221 246
222 190
222 246
223 113
223 134
223 229
224 235
225 47
225 104
225 121
225 185
226 61
227 13
227 151
227 235
227 247
228 24
228 26
228 221
228 227
229 38
229 47
229 71
229 82
229 83
229 97
229 153
229 230
230 53
230 63
230 64
230 94
230 236
231 88
231 147
231 164
232 50
232 148
233 16
233 136
233 149
233 162
233 237
234 21
234 206
234 228
234 249
235 58
235 80
235 144
236 32
236 46
236 84
237 149
237 178
238 22
238 192
238 230
239 57
239 143
240 31
240 171
240 182
240 196
241 32
241 59
241 68
242 43
242 61
242 107
242 217
243 77
243 167
244 7
244 68
244 99
244 165
245 15
245 88
246 200
246 202
246 210
247 142
247 185
248 65
248 126
249 147
249 190
249 241
250 30
250 43
250 47
250 135

