100 100
2 3299819843 3 1 8 1 1 4 1 1 4 2 22 9 621561121 1 2169399192 4161655477 7 7 3 6 2 12 1 16 23 2960482385 3 6 3 8 1 7 12 1 1 5 5 1 2396940781 391643332 1 4189034051 8 16 1 1 1 11 9 2097303867 8 1 349965628 366676005 8 6 1 4041584097 2718822414 1 2 1 980084481 2138542824 4 3 2 1 1 1 6 1 3 1 12 11 7 1 4 1 1 1 1 6 3 1 1 3 3271575740 1 1 1 1 2 1 1 2 2 
1 45
1 50
3 20
4 76
4 80
5 14
5 19
7 63
8 5
9 57
10 100
11 25
11 27
12 39
12 51
13 23
13 32
13 79
13 80
14 58
14 62
16 73
19 13
19 98
20 35
20 51
21 8
21 22
24 78
26 22
26 24
26 36
27 22
27 24
27 80
29 92
30 64
30 97
32 45
32 63
33 38
34 14
34 31
34 49
35 6
35 27
35 49
37 79
38 58
38 70
39 99
40 29
45 77
46 62
46 79
47 39
48 6
50 23
50 27
53 51
53 90
54 88
57 46
58 3
58 89
59 30
67 57
68 75
71 24
73 72
74 20
75 73
77 6
77 48
78 22
78 51
81 78
81 90
82 88
83 23
84 90
85 3
85 31
86 22
86 26
86 69
87 47
87 73
93 69
94 68
95 50
95 73
96 53
96 73
97 43
98 25
99 23
100 46
100 67
100 77

