300 500
5 1 1 29 8 14 4 9 4 1 1 1 5 1 23 15 5 1 8 10 1 16 2 2 4 6 1 1 1 4 1 22 22 4 19 9 2 1 8 1 11 9 8 11 4 8 1 1 6 5 9 2 1 14 9 2 1 4 1 2 3 1 13 1 14 4 6 3 16 12 6 1 2 22 29 4 2 1 2 1 411146696 8 1 6 3 1 5 7 6 2 5 6 8 4 1 4 6 3 1 2 7 9 16 1 1 4 4 11 15 1 3 3 8 1 25 3 13 9 2 1 5 10 26 27 9 5 2 14 1 26 21 8 1 21 1 4 8 32 1 3 1901469595 3 19 7 11 7 3 8 141306369 4 3 6 1 1 3 1 1 3 4 15 1 1 24 32 46 14 3 4 25 4 3 35 71 31 6 22 11 16 2 1 9 7 17 5 3 26 24 4 2 1 1 1 3 16 25 3 4 6 23 6 5 1 2120786185 9 10 1 15 1 4 1 7 7 1 1 6 27 1 2 2155498539 8 5 4 27 2 1 15 1 1 7 5 2 9 4 14 1 16 14 12 1 1 2 1 16 3 3 26 2 2 6 13 7 13 4 6 4032519016 26 3 4 856330027 1 1 4 1 719170097 1 2 1 6 13 1 9 12 1488898372 8 3 13 2 3 19 6 18 8 39 1 1 1 22 4 1 4 16 1 3 2 4 20 1 8 16 1 
1 140
1 269
2 238
3 40
4 66
4 165
4 190
5 120
5 202
6 35
6 216
7 6
7 17
7 169
8 9
8 90
8 129
9 178
9 209
10 239
13 116
13 128
13 140
15 37
15 87
15 153
16 40
16 148
16 180
16 197
17 23
17 212
19 43
19 225
20 159
20 164
20 186
20 287
21 142
22 100
22 181
22 260
22 281
24 294
25 166
26 147
26 155
27 53
28 174
28 257
30 235
31 237
32 132
32 298
33 127
33 137
33 169
34 169
34 210
34 285
35 195
35 275
36 222
37 6
38 26
39 128
39 133
39 165
40 64
41 207
41 213
42 50
42 111
42 179
43 45
43 222
43 227
44 135
44 234
45 221
45 280
46 51
46 88
46 278
49 211
49 253
49 294
50 163
51 107
52 96
52 132
52 153
53 268
54 178
54 210
55 233
56 165
56 246
59 65
60 15
61 178
62 13
62 68
63 54
63 117
63 178
64 119
65 100
65 142
65 173
66 181
67 226
67 245
68 96
69 35
69 167
69 199
70 108
70 159
70 297
71 37
71 70
71 122
72 138
72 269
73 256
74 1
74 140
74 164
75 41
75 152
75 155
75 236
76 196
78 272
79 283
82 6
82 268
84 82
84 124
84 198
85 22
86 188
86 231
87 181
87 223
88 69
89 122
89 145
89 184
90 230
91 93
91 110
91 143
92 166
94 70
97 199
97 250
98 25
100 8
100 248
101 118
102 123
102 144
102 186
102 194
103 17
103 251
104 71
105 138
108 67
108 92
109 72
109 113
111 68
111 74
111 139
113 177
114 215
115 60
115 174
116 54
116 86
116 229
117 8
117 58
118 26
119 44
120 50
120 115
120 237
123 35
123 94
123 171
123 200
124 150
124 208
124 234
125 99
126 224
128 51
128 214
130 34
130 123
130 126
130 251
131 87
131 121
131 126
134 125
134 143
134 263
136 76
136 107
137 160
138 11
138 47
138 59
138 236
140 100
143 232
143 251
145 101
145 211
146 249
147 51
147 163
147 171
147 258
148 115
148 183
150 50
154 234
156 44
157 17
157 232
158 200
160 124
160 281
160 295
161 24
161 118
161 188
161 239
162 48
162 147
163 32
163 144
164 34
164 71
164 91
165 33
165 38
165 182
166 9
166 230
168 16
168 33
168 80
169 254
170 4
170 207
171 243
172 26
172 55
172 106
172 217
173 73
173 122
173 180
173 274
173 282
173 291
174 93
174 140
174 256
175 18
175 43
175 113
176 41
176 95
176 224
176 299
177 5
177 151
178 204
181 1
181 74
182 36
182 183
182 228
182 234
183 39
183 70
183 167
183 272
184 107
184 121
184 131
185 233
186 32
186 151
186 279
187 134
187 172
187 177
187 185
187 222
188 4
189 97
191 57
193 4
193 53
194 72
194 103
194 166
195 30
195 49
195 145
195 202
196 195
197 179
198 165
199 9
199 300
200 183
201 73
201 278
204 296
205 79
205 165
205 296
206 199
207 121
207 209
207 223
209 239
209 269
212 72
212 113
214 127
215 77
216 34
216 103
216 113
216 144
218 274
220 29
220 131
220 230
221 164
221 285
222 61
223 35
223 90
223 111
224 216
226 58
226 275
228 103
228 218
228 223
229 32
229 172
230 96
230 120
232 124
233 145
233 282
234 169
236 93
237 35
237 246
238 15
238 17
238 176
238 224
239 173
239 192
240 152
241 65
241 114
242 179
242 204
243 215
243 266
244 113
244 254
245 234
245 289
246 77
246 98
246 151
247 91
248 214
248 222
249 122
249 243
249 252
250 23
250 26
250 186
251 36
251 113
251 276
252 117
252 188
253 14
253 127
254 4
254 265
256 167
256 232
256 276
256 279
257 70
257 132
257 231
258 143
258 148
258 163
258 170
260 75
261 271
262 115
262 268
266 111
266 112
267 270
268 108
268 173
268 189
269 103
270 96
270 210
271 134
271 169
272 142
272 201
274 75
275 146
275 251
275 279
275 290
275 291
276 67
276 236
277 103
277 106
278 294
279 165
279 247
280 55
280 92
281 32
281 101
281 146
282 85
282 117
282 125
282 132
283 125
283 158
283 198
283 205
283 224
283 238
283 252
284 210
286 246
287 83
287 102
287 109
287 137
288 112
288 268
290 66
290 283
291 19
291 198
292 175
293 152
293 211
293 269
294 63
294 109
294 130
295 139
296 174
296 240
296 254
297 130
297 226
297 281
298 88
298 188
299 12
299 139
299 266
300 55

