300 500
11 8 12 1 3 8 1 9 24 3 1 1 15 12 4 5 6 7 9 7 1342970696 18 4 1 22 9 16 15 31 23 7 1127819458 19 7 7 4 2 3 3 1 2 4 1 2 3 4 8 3 30 10 23 11 1 8 3 16 8 1 3 3 1 1 2 20 13 9 4 5 6 4 1 1 3390286407 3 8 4 13 4 8 11 4 12 26 2776361524 11 9 2 20 2 4 66 3 1 4 10 11 9 1 1 1 1 2 1 2 1 2 6 4 12 11 1 14 1 4 2 4 7 5 15 2 4 8 9 1 9 1 1 13 2 4 13 3 1 1 2 1 17 4 2 9 9 2 31 1 15 10 9 3 1 1 2 13 4 1 1 1 9 13 2 1 4 69 1 6 2 2 1 3 7 2 34 1 10 3 32 23 13 11 7 2 1 3 3 6 1 3 16 4 44 25 1 34 25 9 2 7 1 13 1 9 13 6 4 10 4 1 1 5 1 28 1 12 10 2 1 2 22 10 2317670932 5 1 4 3 4 1 5 1 4 8 8 1 1 14 4 14 1 1 5 5 2 9 4 3 1 22 1210465285 2 1 2 14 1 5 6 19 2 21 7 4 3 3 5 2 8 9 8 16 3 10 13 3 31 3 5 3956039727 1 13 2 2 4 2 7 1 2 13 2 8 14 11 3 9 1 21 4 1 1 4 1 8 6 9 
1 4
1 22
1 268
2 141
2 168
3 27
3 46
3 109
3 125
5 247
5 258
6 50
6 157
6 174
7 192
8 169
8 229
9 178
9 257
9 296
10 42
11 96
12 193
13 54
13 117
14 6
14 138
14 163
14 291
15 118
15 192
15 250
16 283
16 284
16 297
18 44
19 39
19 92
19 175
19 269
20 94
22 38
22 200
23 103
23 254
24 212
25 71
25 127
25 226
26 31
26 290
27 212
27 235
27 250
28 18
28 283
29 3
29 177
29 198
29 230
30 132
30 200
31 2
31 263
33 225
34 86
35 88
35 214
35 239
36 134
36 137
36 235
36 272
37 49
37 123
38 207
39 287
40 162
40 194
41 198
42 85
42 189
44 230
44 256
45 74
46 39
46 245
46 263
47 23
47 196
48 118
48 162
48 284
49 147
50 69
50 248
50 266
51 18
51 27
51 45
52 95
52 190
54 50
56 22
56 40
56 145
56 206
57 112
57 144
57 241
58 52
58 240
59 92
59 298
60 26
60 186
61 295
63 226
64 62
64 127
64 166
64 193
65 128
65 250
66 43
67 82
68 82
68 110
68 116
68 223
69 55
69 169
70 104
72 91
72 259
74 25
74 30
75 81
76 130
77 25
77 51
77 75
79 140
80 27
80 184
81 280
83 52
83 53
83 261
85 145
85 213
86 162
87 125
88 80
88 175
88 229
90 179
90 292
91 112
91 122
91 210
91 241
93 65
93 292
94 56
96 188
96 212
96 240
96 271
97 10
97 102
97 271
98 56
98 113
99 9
100 131
100 143
104 298
105 18
107 124
107 196
108 90
108 107
109 142
109 259
109 261
110 135
110 176
110 230
111 137
112 34
112 49
112 204
114 89
114 144
115 29
115 263
116 33
116 37
116 87
117 176
117 187
118 89
118 148
119 78
119 228
120 151
120 217
120 236
121 118
121 173
121 253
122 1
122 244
123 5
123 35
124 106
124 185
125 57
125 117
128 203
128 279
128 282
129 56
129 189
130 20
130 261
131 55
131 220
132 82
133 33
133 176
133 251
135 289
136 175
137 191
137 217
140 60
141 95
141 162
141 164
141 199
142 176
142 254
143 19
143 137
143 292
143 298
144 67
144 202
145 88
145 192
145 256
146 152
146 180
146 214
146 269
148 139
148 252
149 265
150 16
150 95
151 87
151 117
152 65
152 147
152 159
152 255
153 253
153 256
154 126
155 82
157 33
158 1
158 66
158 91
158 191
158 273
159 223
161 34
162 187
162 266
163 49
163 151
164 247
165 86
165 196
165 229
167 37
168 156
169 77
170 25
170 189
171 8
171 51
171 173
171 268
173 83
173 245
174 162
175 2
175 49
176 79
176 91
176 128
176 238
177 189
177 293
178 135
178 270
179 44
179 74
179 201
182 276
183 1
184 23
188 300
189 39
189 118
190 135
190 161
190 200
191 238
192 166
193 177
193 202
194 110
194 143
195 22
195 109
196 71
196 157
198 197
200 216
201 39
201 187
203 17
203 250
203 285
204 201
204 294
205 119
205 218
207 136
208 66
208 83
209 45
210 30
210 85
211 261
212 13
212 171
212 282
213 28
213 298
214 168
214 254
215 33
216 227
217 41
217 128
217 165
217 290
218 7
218 254
220 13
220 36
220 139
220 143
220 190
221 248
222 142
222 160
224 41
224 240
226 17
228 186
228 237
229 298
231 64
231 100
231 125
232 218
233 104
233 299
234 124
234 227
235 71
235 210
237 75
237 187
238 211
239 6
239 224
241 252
242 36
242 229
242 267
243 124
243 140
244 102
244 183
245 172
245 275
245 298
247 267
249 3
249 122
250 28
252 288
253 164
253 202
254 189
255 213
256 294
257 91
257 162
258 47
258 147
258 264
259 208
260 28
260 233
261 80
262 286
263 256
264 75
264 217
264 287
265 30
265 95
265 128
265 184
266 47
266 191
267 91
267 144
268 17
268 198
269 44
269 130
269 192
269 210
270 29
270 248
271 15
271 83
271 106
271 220
271 276
272 46
273 131
273 171
275 203
276 79
276 178
277 101
277 284
278 98
278 175
278 210
280 182
281 20
281 78
281 139
282 22
282 54
282 99
282 193
284 9
285 66
286 138
286 227
286 275
286 279
287 119
287 176
288 56
288 70
288 180
289 19
289 132
289 199
290 67
290 165
292 192
292 204
293 49
293 262
294 233
294 267
296 207
296 222
298 162
298 290
299 76
299 269
299 291
300 63
300 181

