50 100
12 1 23 3 1 15 2 3 9 12 30 11 5 3 54 1 6 14 5 1 1 12 1 8 4 10 1 6 32 15 32 42 1 4 7 3 2 24 7 3 2 40 43 6 4 5 17 4 4 1 
1 15
1 46
2 18
3 19
3 31
5 47
6 16
6 35
7 19
7 30
7 42
8 11
8 32
9 10
10 15
11 7
11 50
12 6
12 9
12 19
12 22
12 31
13 32
14 22
14 29
14 42
14 44
15 9
15 34
15 40
15 43
16 34
16 41
17 1
17 13
18 11
19 43
20 11
20 36
21 48
22 11
22 47
23 24
23 38
24 34
25 10
25 29
26 3
26 18
26 32
27 46
28 11
28 32
28 47
29 15
29 24
29 31
30 11
30 26
31 15
31 18
31 37
31 49
32 39
32 43
32 49
34 13
34 18
34 32
34 44
35 18
37 50
38 1
38 4
38 21
38 47
39 42
39 47
40 6
40 7
40 50
41 4
42 5
42 29
42 30
42 48
43 2
43 13
43 17
43 46
44 4
44 35
45 7
45 10
47 3
47 29
50 3
50 33
50 36
50 39

