200 100
2 1 2935687306 1221535847 1413452755 1120872593 14 8 2109891006 808065249 178188305 3 1 1 2239646192 1 954788885 2 1 4 3050896713 1 4016723844 8894880 1 2 157102574 3 2966508813 3770365826 1 2 6 1 737781562 1296412959 1 3229296604 1 1 1 2 3 1 1 1 3500266001 38275427 1 1 5 1978917057 2 1 1253723752 3 365975515 2287281239 4221776129 3849526277 3344814842 1 1 1 1 4 1 254780224 1844506137 1 1237718719 1 1 1 1987305210 1 1 1 1 1 1 1 1 14 1 2743267498 4144031102 1260082780 1 2206654961 1 3945469597 2 1 1 4061571566 1 3 1 1 1 2 1 3698193898 1459001290 2 1 4252554951 706968337 2063958623 2465088919 1 1 3059794601 1 1 1 3 1 1 22725900 1 1 3 1 3 1 723151406 1430506460 2 3435811651 3 2 1 1 2775304482 2641684027 4078766476 391110843 1 2512882778 1 9 1 1 1 1 720519357 1 1278564427 3 892382104 1 1 1 960540459 1 133407169 2401758818 1 1 1 1 1 2356461039 1 1 1 6 1 1 1953851140 2 2 1 1 1 1 1 1 1 3973501917 1 1 1379055210 1 4079925318 3 16 116682725 29545568 1 3896171386 1 1 3 4 4242029032 1 1 
2 64
7 94
8 84
8 199
12 95
12 171
14 173
16 169
18 42
18 177
19 102
25 76
26 20
28 135
31 169
33 7
33 119
37 45
39 176
42 49
43 97
46 40
50 196
51 140
51 151
53 41
53 70
56 98
62 130
63 194
65 7
66 84
74 63
77 72
80 170
81 32
82 178
83 143
84 1
84 188
89 142
91 196
93 2
93 78
93 126
98 144
99 115
100 85
100 101
101 168
106 33
106 157
112 123
116 102
117 34
118 51
118 149
118 151
119 42
120 164
122 160
124 20
125 20
126 22
127 154
130 56
132 33
132 63
133 32
133 155
143 62
145 134
146 79
147 183
149 124
153 66
161 44
162 186
163 43
166 73
167 113
173 67
174 103
174 169
175 54
179 26
180 196
181 8
184 28
184 107
184 149
188 200
189 7
189 12
189 143
189 174
192 32
195 13
197 1
197 33

