300 750
14 5 8 11 11 21 26 3 25 3 6 38 11 35 57 1 12 8 10 8 13 43 7 13 4 6 1 34 10 11 1 20 23 3 7 35 31 3 7 4 8 11 3 9 65 9 1 6 25 17 1 3 25 28 3 8 20 9 8 1 5 8 32 14 2 7 16 22 6 8 31 4 28 7 7 22 28 31 7 35 7 4 6 14 12 10 5 3 26 2 8 1 13 29 14 6 44 1 20 6 24 22 1 15 9 43 21 24 3 33 1 13 12 9 9 24 18 9 4 17 12 32 11 15 78 12 6 3 19 16 5 33 11 3 1 24 34 1 11 10 19 2 8 31 22 9 4 1 2 1 24 3 1 21 3 10 63 84 35 13 2 9 4 7 37 10 1 57 46 4 28 10 53 11 44 2 21 23 26 29 1 4 23 6 12 8 26 22 37 2 32 14 8 1 53 17 18 29 8 38 8 15 35 7 9 5 43 9 43 2 12 8 4 6 9 15 1 15 1 19 8 30 6 8 20 69 2 9 46 22 2 94 16 8 4 2 6 4 17 1 10 16 30 35 6 4 1 4 4 3 15 4 8 76 6 1 4 2 76 1 8 22 4 1 55 6 8 14 14 2 5 24 14 34 16 10 18 14 3 1 16 15 1 12 26 19 26 96 16 3 16 18 23 21 2 34 6 2 16 2 
1 70
1 254
1 256
2 56
3 41
3 79
3 114
4 85
4 282
5 206
5 298
6 105
6 265
7 102
7 214
7 244
7 276
8 37
8 49
8 85
8 107
8 164
9 12
9 39
9 151
9 175
9 199
10 272
11 292
12 193
13 259
14 29
14 94
14 111
14 167
14 172
15 37
15 74
15 132
15 141
15 251
17 9
17 156
18 94
19 134
19 161
19 170
20 51
21 18
21 175
21 247
21 296
22 17
22 50
22 76
23 224
23 243
24 98
24 131
24 290
25 118
26 10
26 53
26 57
26 247
27 97
27 174
28 66
28 114
28 259
28 298
29 4
29 39
29 99
30 1
31 108
32 111
32 245
33 107
33 251
33 278
34 58
35 226
36 35
36 168
36 186
36 203
36 232
36 292
37 5
37 103
38 182
38 268
39 18
39 195
39 296
40 151
41 73
42 117
42 234
43 7
44 22
44 137
44 237
45 126
45 277
45 289
45 300
46 91
46 178
46 228
47 68
47 171
47 253
47 256
48 32
49 85
49 109
49 158
49 273
53 254
54 22
54 45
54 179
55 24
56 19
56 69
56 73
56 94
57 48
57 249
57 293
59 295
60 58
61 74
61 122
61 254
62 189
62 222
63 74
63 167
63 207
64 4
64 15
64 83
64 269
64 273
65 53
66 7
66 37
66 73
66 120
66 156
66 282
67 25
67 117
67 224
68 80
68 272
70 75
70 133
70 177
71 137
71 274
72 33
72 57
73 152
74 106
74 151
74 228
75 33
76 43
76 286
77 4
77 99
77 133
77 153
77 254
78 27
78 285
80 55
80 66
80 157
80 170
80 182
80 199
81 64
81 146
82 180
83 37
83 151
83 162
83 269
83 278
84 148
84 193
84 288
85 42
85 273
86 189
86 203
87 46
87 101
87 173
87 210
88 220
88 238
88 240
89 168
89 172
89 277
89 288
91 32
93 117
93 181
93 197
93 247
94 70
94 190
94 251
95 33
96 122
96 209
97 37
97 121
97 192
97 206
98 59
98 287
99 155
99 243
100 45
100 84
100 238
101 144
101 232
102 122
104 124
104 137
104 157
105 30
105 113
106 13
106 292
107 111
107 254
108 137
108 278
108 287
109 12
109 242
110 19
110 44
110 50
110 73
111 42
111 108
111 244
112 57
112 78
112 107
113 281
114 35
115 66
115 180
116 152
117 199
117 279
118 175
118 220
120 22
120 121
120 173
120 296
121 86
122 20
122 160
123 113
123 212
123 271
124 52
124 206
124 266
125 54
125 91
125 132
125 170
125 173
125 195
125 214
125 261
126 93
126 176
126 255
126 299
127 59
127 73
127 78
127 102
127 149
128 22
128 107
129 71
129 109
129 180
129 194
129 232
130 16
130 41
130 147
130 197
130 230
130 293
131 200
132 144
132 243
132 288
133 119
133 158
133 218
134 29
134 87
136 75
136 138
136 154
137 180
138 50
138 67
139 45
139 192
139 262
139 289
139 294
140 8
140 147
140 239
140 267
141 206
141 231
141 235
143 255
143 285
144 15
144 123
144 124
144 297
145 99
146 282
147 12
147 97
149 102
150 74
151 4
151 76
151 134
152 8
152 232
153 278
154 13
154 21
154 112
154 258
156 26
156 209
157 28
157 145
157 192
157 287
157 296
158 91
158 100
158 120
159 59
159 179
159 221
159 232
159 257
159 267
159 285
160 48
160 104
160 286
161 6
162 12
162 40
162 52
162 56
163 55
163 70
163 183
163 246
164 63
164 64
164 169
165 80
165 158
165 202
165 218
165 227
165 235
165 289
166 106
166 122
167 62
167 69
167 142
168 62
168 145
168 158
168 186
168 205
168 241
169 142
169 287
169 294
169 299
170 23
170 50
170 268
171 102
171 175
171 197
171 204
171 298
172 7
172 242
173 167
173 233
173 247
174 12
174 230
175 106
176 20
176 218
176 263
177 63
177 279
178 113
178 146
178 171
178 174
179 137
179 151
179 198
179 285
180 132
180 145
180 263
183 179
183 188
184 36
184 105
184 130
185 112
185 141
185 211
185 238
185 266
186 122
186 252
186 253
186 273
187 124
187 149
187 230
187 252
187 254
187 294
188 108
188 147
188 233
189 6
189 50
189 119
189 121
189 178
190 18
190 220
191 92
191 115
191 128
191 141
191 172
192 128
193 90
193 200
193 229
195 71
195 120
195 149
195 154
195 207
195 247
196 27
196 74
196 207
196 208
196 244
197 9
197 76
197 167
197 291
198 97
198 183
198 237
198 291
199 65
199 94
199 247
199 290
200 9
200 21
200 68
200 95
201 5
201 196
202 181
203 35
203 175
203 177
203 291
204 229
204 258
205 7
205 57
205 95
206 44
206 239
207 71
207 124
207 138
208 187
209 17
209 46
209 90
209 225
209 265
210 136
210 293
211 33
211 89
212 89
212 143
213 2
213 106
214 63
214 79
214 202
214 220
215 62
215 200
215 212
216 57
216 140
216 181
216 296
217 111
217 277
218 88
219 28
219 87
219 145
219 193
220 116
221 48
221 144
222 123
222 125
222 135
222 244
223 250
223 259
223 288
224 68
225 11
225 66
225 162
225 207
225 232
225 260
226 13
226 78
226 86
226 109
226 114
227 110
228 71
228 110
228 191
228 293
229 30
229 81
229 123
229 173
229 272
229 281
230 21
230 24
230 119
231 34
232 117
232 136
233 2
233 199
234 158
234 178
236 14
236 241
237 222
237 244
238 15
239 232
239 247
239 274
240 259
241 196
241 231
242 32
242 198
242 210
243 116
243 241
243 245
244 53
244 161
245 215
245 299
246 166
247 32
247 145
247 279
248 10
248 145
249 72
249 226
250 177
251 201
252 10
253 117
253 215
254 96
254 116
254 220
256 137
257 131
258 101
259 12
259 26
259 53
259 185
259 243
261 26
261 59
261 202
261 211
262 6
262 76
262 78
262 140
264 208
265 11
265 14
265 79
265 223
265 240
265 300
266 188
267 54
267 141
268 126
268 159
268 297
269 45
269 226
270 226
271 41
271 287
272 169
272 228
272 274
272 288
274 101
274 158
274 290
275 169
275 199
276 86
276 123
276 252
276 283
276 288
277 58
277 158
278 82
279 257
280 93
280 168
280 239
281 36
281 56
282 106
284 54
284 111
284 175
284 177
284 198
285 25
285 275
286 232
286 255
286 267
287 131
287 164
287 186
287 214
288 77
288 173
288 177
288 237
288 270
289 161
289 239
290 45
290 100
291 69
291 112
291 116
291 137
291 252
292 71
292 73
292 253
292 262
292 291
293 255
294 157
294 186
295 14
295 17
296 30
296 95
296 166
296 171
297 37
297 152
297 275
299 183
300 119
300 155
300 208

