300 1000
24 13 12 24 24 3 60 102 19 15 11 14 50 2 2 17 23 8 9 42 3 3 56 35 5 4 11 44 20 3 10 33 26 25 32 10 15 19 51 7 6 1 31 16 6 3 34 24 1 28 63 26 12 34 5 15 11 36 14 13 3 40 1 11 42 5 21 10 7 7 8 9 20 36 15 78 54 27 48 5 7 58 5 4 12 3 3 11 1 1 14 3 44 16 96 64 23 5 70 4 10 48 19 4 4 29 40 97 12 84 11 15 30 53 16 12 29 5 25 26 22 1 36 32 56 10 4 1 21 8 21 9 6 16 1 52 3 114 31 4 25 8 27 1 14 15 40 41 57 3 15 34 6 6 36 18 19 63 22 17 22 2 42 6 61 5 10 35 10 6 4 18 20 19 3 9 34 9 19 18 14 113 20 6 20 12 22 24 9 24 6 18 34 1 18 24 97 10 26 4 5 40 8 6 6 24 55 28 13 27 27 8 41 4 8 5 65 35 2 21 28 5 49 22 8 42 16 22 32 49 5 1 23 1 1 12 68 29 4 12 52 43 4 1 38 49 26 39 19 14 23 10 17 1 6 9 25 28 99 1 34 25 31 39 3 9 15 1 1 95 9 22 63 40 12 11 59 12 64 4 11 109 63 18 43 2 33 40 10 55 143 36 92 72 32 3 29 157 2 4 
1 10
1 76
2 27
2 40
2 68
2 199
3 102
3 278
4 112
4 203
4 255
4 288
5 165
5 264
6 106
6 287
7 50
7 108
7 237
7 298
8 17
8 103
8 164
8 165
8 269
8 273
9 209
10 119
10 225
11 180
12 67
12 102
12 152
13 11
13 34
13 58
13 182
13 298
14 3
14 20
14 187
14 188
14 251
14 257
15 186
15 204
16 96
16 103
16 129
16 138
16 159
17 113
18 113
18 156
18 173
18 196
19 75
19 220
20 31
20 217
21 147
21 264
23 110
23 227
23 297
24 102
24 128
24 226
24 274
25 258
26 272
26 298
27 45
27 62
27 97
28 17
28 121
28 207
28 235
29 32
29 40
29 42
29 65
29 80
29 260
30 180
30 236
30 268
31 110
31 134
31 182
31 296
32 136
32 138
33 122
33 147
33 185
33 203
33 272
34 11
34 97
34 299
35 73
35 144
35 201
35 208
36 15
36 19
36 21
36 145
37 46
37 75
37 186
37 217
37 288
38 94
38 113
38 132
38 190
38 263
39 8
39 11
39 110
39 129
39 246
40 12
40 138
40 257
41 60
43 107
43 122
43 125
43 147
43 157
43 260
43 282
44 20
44 108
45 74
46 111
46 217
46 241
47 22
47 46
47 74
47 95
47 111
47 161
47 281
48 5
48 52
48 117
48 226
48 242
50 24
50 101
50 171
50 193
50 217
51 38
51 57
51 63
51 291
52 21
52 196
52 267
52 296
53 178
54 50
54 98
54 123
54 133
54 151
54 181
54 193
54 238
54 250
54 278
55 52
55 143
55 153
55 258
55 279
55 287
56 39
56 57
56 82
56 121
58 7
58 15
58 143
59 77
59 113
59 119
60 76
61 11
61 49
61 124
61 148
62 12
62 45
62 183
62 250
64 96
64 114
64 139
64 158
64 204
64 280
65 23
65 182
65 197
65 245
65 250
66 71
66 79
66 88
66 192
66 194
67 8
67 187
67 257
68 159
68 292
70 276
71 123
71 180
71 222
72 6
73 9
73 31
73 51
73 107
73 256
74 80
74 133
75 171
75 182
76 36
76 111
76 208
76 215
76 229
77 224
77 231
77 254
78 33
78 87
78 228
78 238
79 64
79 160
80 39
80 255
81 238
82 41
82 51
82 85
82 103
82 247
83 48
83 152
83 198
83 239
85 31
85 186
85 217
85 227
86 40
86 53
86 145
86 218
87 259
87 270
88 9
88 74
88 165
88 223
91 4
91 19
91 164
91 204
91 249
91 250
92 20
92 165
93 11
93 60
93 161
93 162
93 229
93 289
93 291
93 292
94 12
94 182
94 189
94 262
94 283
94 284
94 291
95 64
95 85
95 97
95 170
95 243
95 265
96 187
96 202
96 282
96 283
97 238
97 248
97 270
98 14
98 76
98 82
98 97
98 240
99 8
99 10
99 22
99 141
99 249
100 84
100 107
100 108
100 164
100 196
101 151
101 237
102 164
102 206
102 234
102 238
102 241
103 193
104 82
104 141
104 148
104 168
105 177
105 274
106 104
106 130
106 199
107 5
107 32
107 66
107 120
107 165
107 185
107 225
107 228
107 265
107 294
108 14
108 39
108 51
108 72
108 200
109 65
109 143
109 229
109 274
109 298
110 74
110 81
110 207
110 285
110 294
111 126
111 133
112 41
112 114
112 277
113 61
113 171
113 173
113 260
113 287
114 42
114 120
114 248
115 79
116 2
116 94
116 148
116 170
116 285
117 57
117 63
118 97
118 283
119 97
119 198
119 263
120 76
120 178
120 236
121 72
121 172
121 183
121 222
121 284
121 285
122 54
122 106
122 121
122 149
122 238
122 277
123 84
123 134
123 300
124 198
124 272
125 57
125 132
125 155
125 224
125 259
126 77
126 121
126 274
128 118
129 58
129 113
129 190
129 226
129 297
130 122
130 158
130 289
130 290
131 122
131 173
131 189
131 290
133 190
133 192
133 224
134 223
135 86
135 206
136 8
136 45
136 47
136 50
136 245
136 277
137 8
137 213
138 39
138 167
138 229
138 290
138 293
139 25
139 27
139 70
139 207
139 282
140 60
140 96
140 224
140 256
140 266
141 21
141 184
141 299
142 73
142 279
142 281
143 4
143 162
144 95
145 221
145 261
146 75
146 122
146 148
146 228
147 173
147 188
147 247
148 73
148 79
148 137
149 41
149 64
149 114
149 125
149 298
150 262
151 56
151 290
152 54
152 90
152 113
152 186
152 271
153 69
153 117
153 221
153 293
154 44
155 158
155 276
155 298
156 1
157 63
157 112
157 133
157 196
158 17
158 85
158 134
158 198
158 270
158 288
159 25
159 74
159 145
159 185
159 197
159 298
161 259
161 270
162 100
162 156
162 293
163 47
163 75
163 106
163 114
163 131
163 227
163 238
163 295
165 26
165 179
166 173
166 219
166 279
166 282
166 291
167 81
167 121
167 202
168 42
168 220
168 243
168 261
169 17
169 191
169 230
169 279
170 181
170 295
171 62
171 181
171 200
172 77
172 175
172 237
172 248
173 23
173 115
173 153
173 200
173 228
174 243
174 259
174 279
174 282
175 76
175 103
175 106
175 187
175 188
175 243
175 269
176 48
176 263
177 211
177 214
178 134
179 10
179 124
179 132
179 203
179 289
180 79
180 155
180 218
180 241
181 20
182 43
182 54
182 95
182 123
182 140
182 157
183 39
183 91
183 164
183 226
183 236
183 258
183 285
184 36
184 108
184 126
185 74
185 177
185 182
185 195
187 83
187 115
187 162
187 194
187 225
187 251
187 258
188 79
188 97
188 118
188 136
188 202
189 180
189 283
190 149
190 242
190 277
191 44
191 160
192 174
192 273
193 1
193 151
193 223
193 275
193 287
194 35
194 98
194 204
195 50
195 101
195 293
196 129
196 160
196 214
196 233
197 42
197 165
197 253
198 129
198 166
199 89
199 156
199 169
199 191
199 220
199 228
199 299
200 13
200 16
200 164
200 246
200 251
201 161
201 211
201 217
202 21
202 89
202 115
202 119
202 125
202 130
203 19
203 58
203 72
204 140
204 151
204 154
205 59
205 67
205 160
205 284
205 291
205 292
206 4
206 10
206 24
206 70
206 283
207 16
207 78
207 95
207 117
207 151
208 78
208 117
208 151
208 183
208 199
208 252
209 62
209 106
210 44
210 47
210 52
210 113
210 201
210 271
211 13
211 209
211 221
211 279
212 28
212 93
212 110
212 299
213 17
213 97
213 128
213 285
214 211
214 259
215 3
215 171
216 17
216 239
216 293
217 88
217 264
217 295
218 27
218 120
218 177
218 239
218 247
219 28
219 267
219 287
220 138
220 242
221 7
221 35
221 73
221 86
222 18
222 113
223 9
223 114
223 142
223 160
223 198
224 266
225 7
225 99
225 156
225 164
225 165
225 298
226 3
226 9
226 168
226 261
226 270
227 53
227 216
228 127
228 179
228 259
229 27
229 72
229 149
230 28
230 86
230 176
230 239
231 11
231 38
231 238
231 248
232 51
233 54
233 73
233 160
234 67
234 84
234 150
234 197
234 248
234 254
235 45
235 73
235 195
236 2
236 114
236 175
237 27
237 32
237 79
237 155
237 157
238 142
238 213
238 291
238 294
239 33
239 124
240 158
240 284
241 229
241 257
241 273
241 294
241 297
242 64
242 110
242 161
242 171
242 225
242 259
242 297
243 137
243 165
243 194
243 215
243 298
244 5
245 96
245 177
245 213
245 240
246 7
246 181
246 214
246 270
247 23
247 188
247 230
248 3
248 262
249 20
249 47
249 64
249 138
249 294
250 50
250 101
251 12
251 66
251 282
252 109
252 120
252 186
253 108
253 147
253 247
255 165
257 9
257 56
257 183
257 234
257 277
258 126
258 160
259 171
259 250
259 253
259 282
260 23
260 53
260 193
260 228
260 251
261 166
261 197
261 266
261 274
262 23
262 92
262 213
263 94
263 180
263 264
264 124
264 164
265 155
266 147
267 95
267 247
270 7
270 74
270 77
270 187
270 197
271 32
272 6
272 107
272 197
273 73
273 78
273 96
273 162
273 187
273 259
274 77
274 165
275 246
275 247
276 13
276 273
277 97
277 99
277 185
277 274
278 21
278 27
278 95
278 99
278 225
279 3
279 56
279 68
279 128
280 66
280 197
281 16
281 52
281 97
281 145
281 168
281 188
282 69
282 209
282 226
282 290
283 127
283 245
283 293
284 171
284 291
285 10
285 212
285 230
286 14
287 1
287 66
287 293
287 297
288 91
288 109
288 136
288 264
288 286
289 10
289 133
290 11
290 24
290 212
290 245
290 295
291 69
291 77
291 84
291 88
291 138
291 162
292 120
292 130
292 237
293 16
293 23
293 154
293 182
294 41
294 143
294 192
294 200
295 62
295 233
295 246
295 265
296 262
297 75
297 205
297 249
298 34
298 59
298 99
298 275
299 54
299 256
299 294
300 216

