50 250
128 106 13 13 180 115 17 171 13 43 144 57 32 50 111 149 16 76 38 114 47 112 28 130 23 42 75 43 90 14 67 31 100 8 13 30 21 96 26 2 30 82 24 59 84 131 4 13 47 24 
1 16
1 18
1 20
1 26
1 28
1 33
1 36
1 38
1 39
2 8
2 11
2 12
2 26
2 34
2 46
2 48
3 21
3 25
3 31
3 35
4 16
4 38
5 6
5 15
5 24
5 33
5 35
5 36
5 40
5 44
5 45
5 48
5 50
6 7
6 12
6 13
6 14
6 18
6 24
6 50
7 9
7 22
7 29
7 40
7 44
8 4
8 35
8 46
8 48
9 8
9 41
9 48
10 9
10 22
10 32
10 43
11 1
11 6
11 8
11 17
11 22
11 27
12 11
12 13
12 26
12 50
13 5
13 27
13 31
13 39
13 40
14 21
14 29
14 47
15 2
15 4
15 8
15 14
15 16
15 17
15 20
15 21
15 33
15 38
16 7
16 9
16 11
16 21
16 34
16 49
17 4
17 24
17 39
17 49
18 8
18 12
18 21
18 27
18 31
19 1
19 4
19 17
19 23
19 41
19 49
20 4
20 11
20 24
20 27
20 36
20 42
20 45
20 46
21 8
21 27
21 30
21 38
22 21
22 23
22 24
22 34
23 4
23 40
23 42
24 1
24 14
24 16
24 26
24 29
24 50
25 2
25 7
25 11
25 14
25 24
25 32
25 42
26 5
26 16
26 35
27 5
27 8
27 16
27 28
28 2
28 5
28 16
28 21
28 33
28 42
28 45
29 32
29 44
30 22
30 26
30 29
30 31
30 41
31 2
31 4
31 32
31 39
31 41
31 46
32 8
32 16
32 36
32 37
33 6
33 10
33 18
33 29
33 45
33 48
33 50
34 9
34 10
34 12
34 23
34 40
34 42
34 47
35 18
35 36
36 18
36 29
37 18
37 41
37 45
38 2
38 22
38 27
39 5
39 22
40 8
40 10
40 16
40 27
40 29
40 30
40 37
40 45
41 17
41 40
41 43
42 3
42 11
42 21
42 38
43 38
44 3
44 8
44 13
44 19
44 35
44 36
44 43
45 2
45 12
45 13
45 14
45 32
45 36
46 5
46 7
46 12
46 18
46 26
46 29
46 32
46 41
46 48
47 11
47 35
48 6
48 22
48 25
48 38
48 42
49 7
49 12
49 20
49 35
49 38
49 43
49 45
49 46
50 34
50 44
50 48

