250 750
1 89 109 13 1 1 7 9 17 20 12 29 15 49 36 32 32 22 11 2 24 42 19 56 1 13 16 2 36 22 11 19 58 1 14 15 10 12 19 46 32 24 51 3871813600 48 3 10 24 2 4 5 12 57 31 3 28 1 22 7 4 53 1 27 31 20 5 1 7 42 30 5 16 25 32 35 78 9 10 12 37 28 72 1 12 15 3 24 71 7 15 3 6 64 82 11 4 28 8 25 8 48 15 8 3 2 23 83 1 15 6 6 21 67 2 19 4 36 49 11 34 79 4 2384403091 28 18 4 4 12 5 21 1 1 8 7 6 2 20 33 12 3 95 6 18 3 7 13 9 35 1 5 22 3 22 11 3 3 4 11 103 32 3 14 48 14 18 9 2 20 12 8 39 25 7 1 57 45 8 15 36 16 34 7 25 51 4 40 23 81 6 24 64 16 8 45 29 28 5 40 51 77 39 23 12 34 9 24 17 1 20 42 4 8 72 20 7 3 5 5 3 7 8 74 7 14 19 33 22 3 12 5 14 33 7 40 75 31 39 7 11 59 14 28 5 72 17 3 9 5 33 2 
1 29
1 177
1 226
2 8
2 16
2 18
2 82
2 84
2 111
2 126
3 6
3 18
3 31
3 50
3 83
3 153
3 159
3 185
3 192
4 36
4 175
4 186
4 209
5 232
6 167
7 12
7 38
7 71
8 43
8 50
9 102
9 109
10 31
10 80
11 33
11 96
11 118
11 202
11 218
12 94
12 126
12 202
13 18
13 20
13 236
14 2
14 5
14 22
14 23
14 97
14 113
15 13
15 187
16 4
16 63
16 231
17 69
17 75
17 182
17 244
18 69
18 231
19 43
19 68
19 118
19 127
19 189
19 200
20 106
21 7
21 11
21 126
22 17
22 95
22 213
23 88
24 58
24 103
24 112
24 153
24 233
25 177
26 185
27 42
27 124
27 157
27 190
27 227
28 2
28 104
28 188
29 214
29 245
30 2
30 39
30 148
31 34
31 84
31 191
31 201
32 36
32 117
32 197
33 26
33 185
33 195
34 2
34 182
35 33
35 244
36 176
37 22
37 68
37 129
37 202
38 116
38 118
38 207
39 90
39 181
39 235
40 10
40 24
40 70
40 105
40 107
40 221
41 14
41 148
41 169
41 185
41 213
42 26
42 39
42 200
43 23
43 88
43 194
43 231
45 21
45 72
45 76
46 229
47 19
47 236
48 94
48 101
48 142
48 211
49 45
49 141
49 147
49 171
50 204
51 33
52 22
52 166
52 239
53 32
53 64
53 75
54 16
54 177
54 214
54 246
55 53
55 240
56 53
56 71
56 200
57 164
58 92
59 7
59 141
59 222
59 223
60 81
60 118
61 13
61 24
61 36
61 78
61 161
61 194
62 241
63 121
64 58
64 106
64 114
64 134
64 137
64 163
64 186
64 193
65 157
65 222
65 241
66 45
66 80
66 152
66 229
67 29
67 216
67 249
68 161
68 212
68 222
69 71
69 147
69 172
70 102
70 142
70 213
71 53
71 96
72 49
72 60
72 135
73 24
73 65
74 72
74 83
74 125
74 161
75 12
75 13
75 109
75 138
76 4
76 51
76 53
76 75
76 132
76 155
76 246
77 227
77 229
78 52
79 53
79 106
79 107
79 192
80 190
80 208
80 217
80 246
81 41
81 93
82 63
82 158
82 160
82 202
82 205
83 152
83 233
83 237
84 138
85 54
85 176
86 71
87 43
87 45
87 70
88 22
88 61
88 192
88 204
88 222
89 10
89 124
90 35
90 94
90 208
91 69
91 92
91 126
92 4
93 43
93 130
93 198
93 201
93 235
94 49
94 132
94 208
95 86
97 35
97 58
97 240
98 3
98 26
98 29
98 85
98 150
99 17
99 30
99 143
99 216
99 238
100 32
100 79
100 126
100 184
101 161
101 164
101 226
101 236
102 40
102 62
102 82
102 95
103 45
104 168
105 195
106 93
106 95
106 102
106 214
106 215
107 46
107 65
107 125
107 127
107 153
107 218
109 8
109 49
109 222
110 97
110 163
111 51
112 19
112 105
112 159
112 183
112 200
113 2
113 111
113 168
113 171
113 179
113 196
113 231
114 195
115 61
115 82
115 159
115 184
115 220
116 134
117 11
117 71
117 103
117 184
118 71
118 125
119 250
120 7
120 56
120 79
120 248
121 50
121 213
121 237
122 14
122 55
122 103
124 25
124 33
124 46
124 58
124 182
124 216
124 219
125 101
125 176
126 169
128 211
129 13
129 128
130 12
130 68
130 78
130 94
130 102
130 121
131 204
131 223
133 88
133 165
133 210
134 88
135 20
135 23
135 46
135 87
135 145
135 159
135 222
136 69
136 98
137 28
137 110
137 194
137 215
138 171
138 184
138 235
139 185
139 186
139 223
140 63
140 155
141 24
141 104
141 132
141 158
141 234
142 42
142 108
142 141
142 231
143 4
143 41
143 185
143 205
144 89
144 139
145 45
145 91
145 179
145 227
146 41
146 63
146 154
146 158
147 45
147 131
148 3
148 8
148 136
148 138
148 141
149 250
150 73
151 22
151 107
151 121
151 176
151 242
152 151
152 206
153 119
153 196
154 140
154 195
154 226
154 249
155 206
156 15
156 152
156 186
157 36
157 58
157 150
158 53
158 80
159 119
159 130
159 155
159 156
159 177
159 196
159 203
160 12
160 42
160 131
160 208
161 18
161 132
161 181
162 172
162 194
162 200
162 236
163 9
163 56
163 81
163 84
163 87
163 121
163 127
164 219
165 3
165 47
165 134
165 212
166 15
166 174
166 225
167 136
168 33
168 178
168 202
168 208
169 9
169 18
169 68
169 89
170 93
170 126
170 128
170 155
170 206
171 29
171 77
171 120
172 83
172 101
172 238
173 95
173 121
173 191
174 184
175 19
175 36
175 53
175 117
175 141
175 235
176 25
176 71
176 126
176 175
176 188
177 10
177 126
177 201
178 43
179 42
179 190
179 228
180 14
180 95
180 133
180 169
180 170
181 71
181 138
181 208
181 232
182 66
183 97
183 143
183 156
183 169
183 173
183 234
184 1
184 164
184 206
184 209
184 242
185 37
185 74
185 237
186 15
186 91
186 160
186 207
187 21
187 48
188 12
188 15
188 47
188 107
188 151
188 213
188 226
189 89
189 119
190 85
191 76
191 97
191 194
191 206
191 240
193 81
193 178
194 109
195 155
195 214
196 63
196 85
197 19
197 79
197 82
197 121
198 54
198 81
198 98
198 187
198 223
199 12
199 18
199 70
199 82
199 190
199 225
199 230
199 239
199 244
200 18
200 103
200 126
200 152
201 74
201 128
202 153
202 208
203 81
203 196
204 183
204 236
205 3
205 142
207 16
207 109
207 187
208 6
209 73
209 94
209 130
210 7
210 30
210 149
210 160
210 201
211 220
212 169
213 18
213 133
213 197
214 109
214 224
215 152
215 155
216 23
216 30
216 115
216 148
216 179
217 170
217 235
218 204
219 244
220 128
220 181
221 187
222 94
222 128
222 218
222 228
222 245
223 194
224 6
224 64
224 94
224 235
225 64
225 120
225 233
226 71
226 178
227 87
227 159
228 113
228 192
229 82
229 105
229 201
230 10
230 172
231 229
232 65
232 113
232 213
232 233
233 20
233 27
233 139
233 198
233 224
234 73
234 93
234 120
234 191
234 210
234 217
235 15
235 48
235 109
235 171
236 167
236 187
236 242
237 5
237 65
237 84
237 165
237 193
237 248
238 56
239 38
239 57
240 7
240 37
240 45
240 145
240 222
241 57
241 239
242 69
242 111
242 234
243 194
243 215
243 245
244 93
244 125
244 172
244 191
244 221
245 155
245 199
245 203
245 233
246 124
246 133
246 202
247 12
247 78
247 209
248 118
249 9
249 19
249 91
249 136
250 50
250 174

