300 500
2 3 16 18 3 3 8 2 12 3 3 13 3 17 4 6 4136047770 1 8 21 4015248597 1 9 1 4 3 35 4 2498880090 1 10 2 9 1 4 13 11 27 8 31 5 2 14 12 4 2 2 1 16 4 15 8 1 1 3 8 2 58 3 8 12 3 14 17 1 52791043 9 4 6 1 13 1685495443 6 4 3 18 2 3880378373 9 6 4 5 1 11 8 8 8 16 60 15 2 9 1 49 1 6 7 2 16 4 1 2 9 16 9 1 1 4 1 28 8 7 3 1 19 3 532389546 1 22 4 3 13 3 3 20 1 3002561546 6 2747073642 19 7 2 16 8 5 2 20 11 17 3 2 36 2 29 5 3257590193 4 8 3 11 1 22 8 4 11 9 4 22 1 1 1 1 7 3 3 4 3 4 1 1 1 6 4 5 11 9 7 1 7 7 1 9 4 11 4 4 7 3230434133 33 19 12 1 9 10 1 2 1 1 1 10 6 1 11 24 28 3 5 8 6 2 13 9 5 10 4 15 1 13 3 8 3641034575 1 9 1 1 5 5 1 26 4 5 4 1 7 3 12 4 2688083169 3 3 4 4 1 4 3 1 1 12 2 2 5 23 3 4 4 8 4 13 1 1 2 5 2 17 37 8 13 1 7 1 1 3 11 5 14 4 10 1 1 2 2 9 4 2 1 12 4 1 12 11 4 27 1 2 27 10 23 3 3 1 
1 248
2 132
3 152
4 38
4 205
5 261
5 274
6 139
6 196
6 265
7 39
7 196
8 135
9 45
10 201
10 296
11 31
11 45
11 280
12 40
12 184
12 191
13 9
14 20
14 63
15 184
15 218
16 10
19 18
19 177
20 186
22 102
22 122
22 254
23 9
23 139
24 89
27 90
27 149
27 241
27 262
27 277
27 296
28 48
28 89
30 287
31 91
31 294
32 73
32 201
33 60
33 190
33 271
35 64
35 111
35 253
36 60
37 85
37 103
38 250
38 264
38 297
39 14
39 153
39 289
40 22
40 32
40 134
40 266
40 298
41 25
41 94
41 268
41 276
43 88
43 157
44 12
44 43
44 87
44 274
45 134
45 284
46 60
47 246
48 173
48 219
48 240
49 108
49 125
49 128
50 92
51 32
51 76
51 231
52 41
54 52
54 231
55 251
56 20
56 112
57 46
57 138
57 152
58 2
58 19
58 190
58 246
59 162
61 11
61 36
61 125
61 155
62 267
63 7
63 94
63 128
63 174
63 176
64 204
67 60
67 69
67 98
67 126
67 152
68 15
68 90
68 96
69 136
71 49
71 135
73 264
74 110
76 55
76 203
76 208
77 35
77 269
79 7
80 11
80 172
80 206
82 191
83 130
84 98
84 124
84 189
84 217
85 121
86 40
86 82
87 101
87 249
88 84
88 206
89 23
89 37
89 184
89 185
89 199
89 235
89 278
89 281
90 96
90 227
91 57
92 42
93 265
94 23
95 19
96 257
97 56
97 88
97 265
98 86
99 34
99 201
99 252
103 275
104 229
104 231
104 270
105 2
105 64
105 175
105 253
105 261
105 273
106 198
107 140
109 140
110 71
110 200
110 229
111 31
112 220
113 79
114 213
115 53
115 102
116 74
116 179
118 147
119 94
119 138
119 158
119 291
120 137
120 195
121 150
122 270
122 297
123 52
124 269
125 6
125 131
125 225
126 121
126 191
128 233
128 267
130 3
130 110
130 139
131 3
131 58
132 4
133 68
133 240
134 42
136 300
137 79
137 97
137 180
138 251
139 122
139 220
140 163
141 36
141 75
142 59
142 64
142 94
142 200
143 57
144 19
144 70
144 92
144 137
144 216
145 69
145 235
147 187
148 3
148 20
149 11
150 74
150 223
150 266
151 110
152 227
153 187
153 220
154 75
154 211
155 212
155 272
156 85
156 242
156 291
157 58
158 25
158 145
158 163
158 172
158 289
159 297
160 5
160 115
160 267
161 63
162 8
163 118
164 185
164 281
165 174
165 274
166 130
166 169
167 59
167 215
168 50
170 251
171 163
172 126
174 177
174 203
175 76
175 133
176 100
176 108
177 122
178 220
179 92
179 119
180 38
182 23
182 113
182 282
183 123
184 214
187 232
187 239
187 267
189 6
189 80
189 142
190 20
190 173
193 92
193 200
193 230
194 2
194 133
194 190
194 205
197 104
197 111
198 57
200 14
201 25
202 216
203 245
203 254
204 168
204 205
204 220
204 290
205 49
205 99
205 259
207 68
207 98
208 258
209 292
210 181
210 245
211 119
211 183
212 11
212 283
213 90
214 122
214 265
216 1
216 215
217 112
217 173
218 37
218 96
218 138
219 254
220 76
223 77
223 109
224 59
225 203
226 39
226 186
226 227
227 3
227 144
228 211
229 26
229 47
229 82
229 99
229 130
229 200
229 279
230 58
231 30
231 73
231 270
232 61
232 169
234 119
234 142
235 60
236 26
236 43
236 128
236 292
237 115
237 187
239 189
239 191
242 271
242 278
243 286
244 4
244 115
245 252
247 13
247 145
248 27
248 214
248 296
249 62
249 81
250 201
252 41
252 58
252 120
252 290
253 96
253 126
254 208
255 96
256 153
256 281
257 108
257 186
258 135
258 241
258 263
259 194
260 51
261 11
262 173
262 209
264 37
264 99
264 103
264 148
264 180
265 16
265 94
265 175
266 4
268 292
269 103
269 209
269 237
270 256
271 263
272 42
273 132
273 140
273 234
275 57
275 155
275 255
276 14
277 63
277 180
277 220
278 222
279 27
279 262
279 292
280 283
281 65
281 192
281 286
282 100
282 176
284 225
284 250
285 38
286 189
286 261
287 13
288 28
288 213
289 18
289 75
289 254
290 126
290 130
290 154
290 205
292 36
292 184
293 273
294 16
295 64
295 152
295 160
295 203
295 207
295 209
295 300
296 71
297 9
297 99
297 140
298 18
299 81
299 143
300 94

