150 750
34 123 1 111 77 152 17 39 126 32 125 34 13 29 160 55 106 76 63 67 83 90 31 52 28 46 10 6 63 148 32 120 17 48 18 18 58 37 112 57 3 62 54 23 58 34 74 59 12 3 132 36 48 50 57 7 59 20 66 113 2 24 12 129 13 26 16 135 44 1 91 40 39 15 3 62 29 46 25 24 17 48 31 71 14 84 103 2 9 86 3 116 5 57 36 70 114 110 27 155 3 55 102 69 7 5 26 147 109 68 46 41 9 17 17 36 17 92 56 37 62 22 36 8 31 25 51 51 35 14 227 36 148 61 29 17 21 90 3 12 42 143 7 30 18 108 4 48 55 24 
1 30
1 31
1 37
1 79
1 115
2 10
2 53
2 67
2 75
2 85
3 47
3 81
3 93
3 109
3 146
4 21
4 45
4 74
4 125
5 6
5 59
5 83
5 90
5 100
5 133
6 10
6 20
6 36
6 42
6 149
7 62
7 109
7 117
8 25
8 40
8 63
8 64
8 96
8 97
8 121
9 5
9 6
9 30
9 64
9 76
9 98
9 111
9 140
10 53
10 74
10 126
11 3
11 14
11 22
11 30
11 49
11 78
11 90
11 95
11 99
11 136
12 31
12 36
12 75
12 92
12 108
12 119
12 128
12 148
13 66
13 108
14 51
14 67
14 102
14 112
14 141
15 2
15 4
15 40
15 60
15 86
15 106
15 121
16 4
16 29
16 33
16 49
16 62
16 107
16 132
17 6
17 38
17 41
17 64
17 66
17 99
17 127
18 14
18 20
18 45
18 70
18 84
18 89
18 92
18 135
19 31
19 35
20 2
20 13
20 80
20 81
20 94
20 96
20 144
20 150
21 5
21 30
21 39
21 112
21 138
21 146
22 30
22 33
22 78
22 89
22 97
22 116
22 119
22 131
22 139
22 146
23 17
23 18
23 83
23 95
24 57
24 108
24 118
24 132
24 148
25 1
25 29
25 69
25 73
26 6
26 7
26 17
26 20
26 24
26 25
26 80
26 129
26 141
27 22
28 32
28 35
28 40
28 70
28 91
28 127
29 46
29 66
29 73
29 86
29 137
30 40
30 56
30 85
30 108
30 136
31 25
31 57
31 59
31 94
32 7
32 51
32 104
32 116
32 130
33 30
33 71
33 116
33 140
34 15
34 29
34 35
34 98
34 100
35 6
35 9
35 58
35 114
36 7
36 52
36 70
36 85
36 110
37 38
38 32
38 33
38 69
38 74
38 98
38 133
39 37
39 50
39 79
39 94
39 97
39 108
39 138
39 144
40 115
40 121
41 138
42 39
42 102
42 110
42 144
42 148
43 4
43 46
43 75
44 27
44 33
44 50
44 94
44 100
44 122
45 38
45 109
45 147
46 54
46 119
46 125
47 2
47 4
47 16
47 35
47 46
47 66
47 80
47 104
47 105
47 109
48 38
48 72
48 86
48 92
48 110
48 131
48 149
49 98
50 5
50 9
50 15
50 16
50 18
50 19
50 43
50 74
50 92
50 147
51 58
51 65
51 67
51 75
51 129
51 133
51 147
52 6
52 35
52 73
52 93
52 103
52 142
53 25
53 75
53 93
53 100
53 126
53 127
53 133
54 12
54 55
54 61
54 62
54 79
54 150
55 23
55 35
55 45
55 98
55 131
57 6
57 16
57 27
57 69
57 80
57 132
58 3
58 45
58 49
58 67
58 148
59 49
59 69
59 82
59 133
59 140
60 3
60 44
60 71
60 109
60 114
60 119
60 147
61 36
61 42
61 135
62 21
62 38
62 42
62 75
62 81
62 101
63 3
63 11
63 50
63 102
64 1
64 37
64 49
64 55
64 78
64 97
64 123
64 127
65 37
65 143
66 6
66 88
66 109
66 141
67 30
67 128
68 7
68 32
68 34
68 45
68 57
68 99
68 112
68 116
68 133
68 142
69 13
69 19
69 35
69 73
69 83
69 116
69 123
70 15
70 103
70 122
70 145
71 29
71 43
71 70
71 98
71 135
72 36
72 42
72 69
72 123
72 124
73 101
73 106
73 127
73 136
74 21
74 33
74 88
74 139
74 143
75 6
75 8
75 37
75 70
75 84
76 34
76 57
76 89
76 122
76 132
76 134
77 21
77 36
77 61
77 104
78 45
78 90
79 114
79 145
80 45
81 97
81 143
82 14
82 39
82 71
82 73
82 114
82 125
82 127
83 96
83 100
84 4
84 56
84 115
84 118
84 125
85 11
85 18
85 108
86 45
86 47
86 58
86 60
86 61
86 65
87 3
87 11
87 48
87 51
87 57
87 60
87 65
87 104
87 122
87 130
89 19
89 119
90 19
90 21
90 42
90 44
90 83
90 149
91 3
91 112
92 1
92 43
92 65
92 121
92 141
93 104
93 111
93 131
94 21
94 58
94 60
94 68
94 114
94 141
95 2
95 26
95 51
95 117
96 9
96 30
96 40
96 76
96 94
96 128
96 133
97 43
97 44
97 45
97 46
97 63
98 63
98 119
98 127
98 142
98 150
99 15
99 45
99 110
99 126
100 13
100 15
100 29
100 59
100 75
100 80
100 90
100 93
100 109
100 124
101 13
101 21
101 138
101 142
102 22
102 79
102 87
102 97
102 114
102 132
102 138
103 3
103 55
103 63
103 76
103 101
103 131
103 132
104 64
104 67
104 71
104 95
104 114
104 120
104 123
105 26
105 147
106 9
106 26
106 36
106 53
106 89
106 118
106 148
106 150
107 34
107 94
107 109
108 9
108 16
108 47
108 53
108 59
108 68
108 72
108 105
108 106
109 96
109 108
109 142
110 30
110 89
110 102
110 111
110 131
110 138
111 8
111 78
111 91
112 17
112 32
112 60
112 75
112 103
112 107
112 141
113 62
113 150
114 33
114 65
114 133
114 149
115 34
115 78
116 50
116 79
116 114
116 145
117 15
117 67
117 76
117 94
118 36
118 91
118 93
118 95
118 138
119 1
119 6
119 19
120 27
120 40
120 65
120 127
121 6
121 11
121 12
121 25
121 41
121 69
121 123
121 124
121 149
122 37
122 93
123 4
123 6
123 10
123 86
123 109
124 4
124 83
124 105
124 149
125 92
125 120
125 140
125 141
125 149
126 79
126 112
127 19
127 78
127 99
127 150
128 2
128 31
128 41
128 82
128 121
128 148
129 40
129 42
129 58
129 69
129 76
129 107
129 111
129 118
129 147
130 76
130 104
130 121
130 140
131 18
131 21
131 23
131 26
131 80
131 85
131 90
131 91
131 108
131 115
131 123
132 1
132 81
132 110
132 113
132 115
132 145
133 4
133 9
133 26
133 32
133 106
133 138
134 24
134 28
134 58
134 61
134 69
134 84
134 101
134 103
134 137
134 141
135 46
135 56
135 60
135 123
136 45
136 46
136 65
136 95
136 109
136 133
137 9
137 51
137 75
137 84
138 17
138 51
138 53
138 61
139 2
140 82
140 92
140 95
140 144
141 9
141 28
141 31
141 58
141 138
141 149
142 28
142 40
142 61
142 62
142 104
142 110
142 114
142 127
142 143
142 145
143 35
143 41
143 47
143 64
143 71
144 34
144 85
144 110
144 117
144 126
145 24
145 77
145 102
145 119
146 2
146 37
146 43
146 53
146 107
146 116
146 118
146 142
147 6
147 54
147 83
148 100
148 101
148 120
148 124
149 22
149 32
149 61
150 77
150 130

