100 250
23 9 22 3 106 2 1 14 21 34 57 4 3 61 16 2 4 16 5 1 23 6 44 1 12 3 4 12 7 8 14 6 12 6 10 1 4 4 15 14 4 4 9 10 25 45 3 39 27 8 33 18 3 13 7 8 57 22 2 10 16 37 8 4 4 3 3 15 3 1 6 32 47 6 8 1 28 5 1 34 36 1 22 19 2 34 83 38 20 84 61 22 35 10 4 1 9 28 9 3 
1 8
2 57
2 61
2 83
3 14
3 32
3 88
4 86
5 35
5 53
5 70
5 72
5 87
7 34
7 55
7 81
8 23
8 72
8 95
9 5
9 32
10 65
10 78
10 91
11 16
11 19
12 14
12 52
13 77
13 92
14 53
14 80
14 92
15 56
17 61
18 56
19 18
19 37
19 79
19 88
20 45
20 65
21 10
21 11
21 12
21 14
21 30
21 91
23 39
23 57
23 84
24 95
25 1
25 90
26 2
26 5
26 18
26 34
26 46
27 26
28 17
28 29
28 31
28 48
29 7
29 33
29 69
30 6
30 55
30 61
31 74
31 85
32 57
32 93
33 65
33 73
34 10
35 71
36 40
38 3
38 5
38 84
38 92
39 3
39 14
39 29
39 31
39 36
39 57
40 55
40 87
40 100
41 48
42 52
42 87
43 4
43 27
44 33
45 22
45 29
45 46
45 54
45 61
46 47
47 91
48 31
48 58
48 62
48 89
49 11
49 37
49 68
49 96
50 14
50 52
50 68
50 72
50 83
51 9
51 44
51 49
51 58
51 67
52 46
52 78
53 11
54 25
54 37
54 60
55 57
55 93
55 98
56 17
56 73
57 40
57 70
58 23
58 42
58 80
59 15
60 11
60 37
60 44
60 88
61 44
62 35
62 51
62 52
63 18
63 91
63 97
64 46
64 98
65 9
65 38
65 73
65 89
66 41
67 8
67 10
68 35
68 63
69 87
70 31
70 66
70 77
71 62
72 1
72 97
73 23
73 76
75 48
75 52
75 58
77 12
77 37
77 94
78 11
78 33
79 5
79 37
80 45
80 66
80 67
80 77
81 5
81 58
81 77
82 81
83 16
83 56
83 73
83 97
84 22
84 61
84 71
84 90
85 2
85 15
85 99
86 24
86 42
86 67
86 74
86 87
87 1
87 39
87 62
87 75
87 80
88 12
88 25
88 49
88 79
89 36
89 42
89 62
90 11
90 17
90 43
90 46
90 72
90 88
90 97
91 7
91 12
91 14
91 59
91 76
92 9
92 73
93 1
93 5
93 6
93 74
93 90
94 2
94 15
94 23
94 51
94 57
94 90
96 18
98 7
98 12
98 14
98 46
99 35
99 81
100 22

