300 2000
51 88 71 10 7 39 58 14 21 100 41 76 198 88 33 47 47 47 24 40 100 74 18 119 13 49 31 4 21 66 79 23 52 19 5 15 75 75 11 63 79 27 37 152 289 40 15 117 225 26 90 52 76 135 21 234 252 149 122 110 164 67 364 85 55 42 76 46 92 33 169 45 47 77 44 47 163 87 82 2 235 134 142 137 135 246 26 142 28 198 183 165 106 63 62 32 47 81 4 106 59 2 16 234 312 113 41 103 45 326 55 75 150 69 126 215 101 56 59 177 77 98 113 91 160 87 55 44 144 132 324 1 13 128 59 76 33 59 386 73 108 71 91 114 30 167 59 89 30 8 46 151 81 25 17 89 168 17 34 81 2 136 38 55 116 99 123 48 148 225 73 11 137 73 130 189 40 134 177 228 35 34 96 68 243 18 233 162 40 153 212 151 235 34 74 243 148 50 14 405 141 55 279 24 75 64 101 39 34 39 116 41 96 163 55 7 93 136 90 36 63 32 60 34 8 39 80 68 87 167 164 23 138 162 10 189 105 20 196 82 83 36 2 41 136 21 30 212 51 185 45 77 261 7 71 354 24 5 17 7 13 26 55 7 106 75 12 40 12 248 159 19 96 54 34 38 164 223 1 124 204 38 84 89 15 112 205 148 63 53 99 11 144 106 19 237 61 194 70 126 
1 49
1 54
1 57
1 81
1 187
1 263
1 280
1 288
2 32
2 98
2 144
2 145
3 58
3 95
3 143
3 157
3 158
3 191
3 263
4 73
4 82
4 178
4 208
4 261
5 15
5 18
5 82
5 95
5 99
5 115
5 135
5 172
5 175
5 223
5 228
6 31
6 51
6 83
6 159
6 270
7 110
7 171
7 274
8 86
8 113
8 238
8 296
9 2
9 42
9 57
9 105
9 163
9 170
10 98
10 116
10 165
10 255
11 50
11 84
11 86
11 176
11 265
11 272
12 25
12 34
12 48
12 68
12 99
12 106
12 159
12 211
12 258
13 7
13 14
13 15
13 32
13 100
13 157
13 195
13 215
13 222
13 262
13 275
13 277
13 285
14 25
14 29
14 56
14 75
14 119
14 182
14 229
14 254
15 37
15 65
15 188
15 192
15 279
16 96
16 115
16 130
16 151
16 171
16 197
16 208
16 238
16 274
17 35
17 53
17 77
17 91
17 118
17 236
18 11
18 88
18 193
19 42
19 75
19 104
19 110
19 131
19 185
19 196
19 224
19 284
19 298
20 84
20 120
20 125
20 148
20 149
20 155
20 276
21 45
21 53
21 79
21 110
21 137
21 147
21 181
21 190
21 196
21 214
21 234
21 281
21 300
22 14
22 28
22 90
22 150
22 167
23 190
23 200
23 269
24 34
24 114
24 162
24 181
24 254
24 286
25 74
25 87
25 134
25 156
25 168
25 175
25 179
25 196
25 280
26 120
26 121
26 158
26 173
26 187
26 205
26 270
27 85
27 131
27 148
27 234
27 275
28 16
28 94
28 106
28 129
28 263
29 148
29 176
29 210
29 241
29 247
30 8
30 79
30 91
30 126
30 222
30 254
30 268
31 2
31 21
31 69
31 184
31 255
32 20
32 44
32 73
32 80
32 139
32 169
33 22
33 49
33 57
33 63
33 78
33 93
33 179
34 32
34 51
34 98
34 131
34 202
35 37
35 50
35 184
36 20
36 63
36 64
36 130
36 187
36 199
36 294
36 296
37 41
37 43
37 93
37 162
37 171
37 178
37 207
37 216
37 221
37 223
37 228
37 267
38 40
38 53
38 117
38 141
38 144
38 250
38 256
38 298
39 121
39 178
40 31
40 116
40 187
40 209
40 260
41 54
41 98
41 117
41 125
41 253
41 269
42 18
42 100
42 119
42 135
42 140
42 142
42 293
43 10
43 67
43 80
43 106
43 271
44 36
44 65
44 86
44 120
44 129
44 178
44 221
44 260
44 283
45 33
45 61
45 95
45 106
45 110
45 115
45 164
45 170
45 183
45 188
45 249
46 97
46 129
46 157
46 184
46 233
46 235
46 264
47 162
47 193
47 294
48 13
48 50
48 68
48 97
48 113
48 158
48 162
48 169
48 191
48 197
48 223
48 236
48 281
49 43
49 60
49 79
49 240
50 26
50 118
50 120
50 258
50 268
50 288
51 52
51 65
51 119
51 169
51 176
51 190
51 201
51 286
52 17
52 23
52 64
52 67
52 186
52 187
52 287
52 299
53 56
53 90
53 184
53 216
53 225
53 272
54 45
54 105
54 119
54 127
54 182
54 195
54 229
54 243
54 254
54 264
54 280
54 294
55 45
55 49
55 58
55 80
55 134
55 151
55 221
55 284
55 286
56 36
56 60
56 170
56 237
56 259
57 40
57 58
57 78
57 105
57 153
57 172
57 220
57 247
57 294
58 10
58 27
58 35
58 49
58 70
58 190
58 242
58 248
58 250
58 254
58 266
59 3
59 96
59 100
59 117
59 131
59 230
59 236
59 275
59 286
60 129
60 138
60 176
60 243
61 10
61 56
61 133
61 166
61 203
61 296
62 20
62 53
62 139
63 62
63 70
63 102
63 128
63 159
63 168
63 180
63 191
63 204
63 253
63 260
63 261
64 21
64 105
64 122
64 140
64 144
64 177
64 207
64 283
64 284
65 112
65 190
65 236
65 278
66 32
66 72
66 80
66 159
66 193
66 207
66 210
66 248
66 260
66 295
67 116
67 120
67 157
67 167
67 176
67 270
68 23
68 127
68 165
68 284
69 26
69 139
69 146
69 151
69 249
69 257
70 36
70 174
70 296
71 61
71 106
71 111
71 135
71 173
71 227
72 191
72 273
73 16
73 43
73 140
73 169
73 234
73 273
73 282
73 289
74 23
74 53
74 60
74 102
74 152
74 217
75 6
75 39
75 44
75 68
75 74
75 88
75 95
75 228
75 265
75 266
75 283
76 35
76 98
76 141
76 143
76 170
76 200
76 238
76 239
76 261
77 48
77 56
77 62
77 72
77 139
77 200
77 233
77 276
78 32
78 82
78 92
78 97
78 103
78 133
78 181
78 213
79 62
79 96
79 120
79 182
79 286
80 40
80 91
80 112
80 154
80 245
81 22
81 30
81 39
81 82
81 96
81 107
81 134
81 154
81 165
81 176
81 218
81 253
81 277
81 281
81 285
82 9
82 55
82 189
82 200
82 208
82 229
82 286
83 53
83 78
83 91
83 98
83 195
83 213
83 248
83 276
83 293
84 72
84 100
84 101
84 119
84 176
84 177
84 292
84 297
84 300
85 16
85 23
85 160
85 182
86 89
86 123
86 140
86 180
86 204
87 2
87 5
87 19
87 47
87 71
87 156
87 185
87 260
87 287
88 20
88 40
88 41
88 108
88 126
88 206
88 270
88 297
89 5
89 8
89 72
89 224
89 225
90 7
90 20
90 33
90 43
90 95
90 122
90 164
90 183
90 234
90 260
90 278
90 291
91 18
91 48
91 67
91 75
91 140
91 248
91 285
91 299
92 71
92 91
92 138
92 146
92 206
92 221
92 256
93 140
93 176
93 204
93 260
93 292
94 18
94 41
94 77
94 119
94 135
94 144
94 254
94 287
95 185
95 274
96 18
96 26
96 74
96 86
96 156
96 174
96 188
96 213
96 233
97 157
97 170
97 219
98 140
98 165
98 192
98 241
98 256
99 50
99 72
99 82
99 158
99 210
99 295
100 51
100 153
100 154
100 183
100 196
100 219
100 256
101 60
101 105
101 130
102 15
102 56
102 96
102 228
102 287
103 9
103 25
103 50
103 110
103 120
103 273
104 23
104 48
104 67
104 69
104 116
104 121
104 128
104 136
104 161
104 256
104 290
104 293
105 110
105 145
105 170
105 172
105 191
105 198
105 224
106 24
106 40
106 92
106 230
106 278
107 22
107 29
107 90
107 123
107 175
107 249
107 284
107 290
108 76
108 98
108 186
109 63
109 150
109 201
109 218
109 221
109 291
110 8
110 39
110 42
110 51
110 161
110 169
110 196
110 243
110 268
111 4
111 134
111 203
111 216
112 24
112 107
112 111
112 114
112 139
112 196
112 218
112 229
112 232
112 234
112 290
113 45
113 58
113 75
113 180
113 209
113 239
113 266
113 271
114 131
114 168
114 182
114 210
114 218
114 288
115 49
115 99
115 106
115 165
115 246
115 252
115 288
115 296
116 11
116 90
116 106
116 122
116 133
116 203
116 210
116 219
116 287
117 1
117 113
117 131
117 160
117 211
117 245
118 165
118 190
118 227
118 253
118 296
119 44
119 76
119 129
119 179
119 227
120 84
120 131
120 154
120 188
120 256
121 90
121 92
121 207
121 280
121 293
122 14
122 146
122 162
122 265
123 54
123 64
123 113
123 204
123 236
123 276
123 277
124 87
124 175
124 226
124 238
125 36
125 51
125 102
125 132
125 156
125 168
125 199
126 13
126 32
126 41
126 63
126 131
126 135
126 140
126 197
126 199
126 201
126 226
126 232
126 257
126 262
127 113
127 130
127 252
127 261
127 266
128 43
128 65
128 109
128 119
128 123
128 169
128 221
128 232
128 248
129 71
129 106
129 111
129 200
129 258
130 44
130 50
130 56
130 87
130 155
130 189
130 198
130 218
130 245
130 292
131 47
131 61
131 127
131 157
131 182
131 199
131 210
131 250
132 14
132 29
132 89
132 113
132 180
132 191
132 214
132 244
132 277
133 10
133 19
133 37
133 244
134 23
134 180
134 196
134 200
134 207
135 49
135 61
135 84
135 103
135 132
135 176
135 200
135 278
135 298
136 41
136 53
136 114
136 116
136 225
136 249
137 112
137 149
137 151
137 159
137 185
137 230
137 253
138 8
138 10
138 23
138 46
138 49
138 73
138 249
138 270
139 46
139 47
139 158
139 180
139 183
139 200
139 252
139 286
140 70
140 110
140 117
140 172
140 190
140 195
140 247
140 298
141 50
141 85
141 90
141 183
141 252
142 86
142 108
142 129
142 202
142 219
143 1
143 62
143 105
143 252
143 265
143 299
144 39
144 122
144 170
144 172
144 194
144 207
144 298
145 70
145 78
145 107
145 123
145 141
145 234
145 237
146 36
146 46
146 68
146 214
146 230
146 242
147 11
147 57
147 71
147 125
147 199
147 245
147 274
147 277
147 282
148 9
148 59
148 120
148 155
148 292
149 262
150 14
150 59
150 155
150 171
150 223
151 7
151 25
151 63
151 139
151 157
151 284
151 291
152 19
152 86
152 100
152 142
152 155
152 170
152 182
152 192
152 291
152 295
153 73
153 93
153 102
153 179
153 253
153 287
154 38
154 102
154 165
154 196
155 32
155 42
155 88
155 156
155 248
156 15
156 74
156 91
156 122
156 126
156 193
156 261
157 140
157 190
157 275
158 72
158 98
158 118
158 121
158 155
158 186
158 205
158 270
159 99
159 119
159 134
159 153
159 225
159 233
160 77
160 104
160 173
160 234
160 287
161 131
161 285
162 98
162 167
162 219
162 240
162 253
163 92
163 100
163 192
163 198
163 213
164 10
164 49
164 61
164 85
164 89
164 175
164 181
164 266
165 30
165 43
165 141
165 149
165 194
165 202
165 227
165 246
165 247
166 5
166 32
166 102
166 122
166 197
166 207
166 255
167 46
167 59
167 71
167 130
167 190
167 216
167 279
168 34
168 113
168 129
168 195
169 118
169 133
169 156
169 211
169 238
169 278
169 280
170 37
170 58
170 158
170 199
170 239
170 241
170 281
171 174
171 185
171 197
171 218
171 269
172 22
172 215
172 281
173 11
173 45
173 140
173 152
173 193
173 197
173 202
173 241
174 12
174 37
174 56
174 64
174 256
175 20
175 47
175 55
175 104
175 214
175 229
176 129
176 139
176 178
176 181
176 276
177 140
177 230
177 235
177 236
177 274
178 8
178 91
178 114
178 128
178 130
178 136
178 195
178 298
179 39
179 41
179 65
179 120
179 143
179 196
179 224
179 254
180 20
180 34
180 75
180 94
180 131
180 196
180 212
180 214
181 27
181 48
181 95
181 147
181 167
181 175
181 254
181 293
182 24
182 69
182 139
182 151
182 204
182 222
182 272
183 94
183 105
183 158
183 228
183 271
184 19
184 55
184 74
184 102
184 145
184 199
184 210
185 64
185 76
185 131
185 158
185 165
185 203
185 216
185 249
185 261
186 6
186 21
186 26
186 40
186 114
186 134
186 137
186 163
186 200
186 263
186 296
187 4
187 15
187 76
187 105
187 118
187 170
187 218
187 285
188 17
188 42
188 60
188 86
188 214
188 227
188 235
188 272
189 2
189 17
189 73
189 124
189 162
190 80
190 85
190 87
190 94
190 125
190 151
190 185
190 209
191 20
191 78
191 147
191 148
191 180
191 236
191 251
191 254
191 295
191 298
192 1
192 88
192 222
192 231
192 249
192 250
192 263
193 24
193 160
193 198
193 236
193 251
193 272
193 289
194 59
194 230
194 260
194 274
195 66
195 184
195 189
195 215
195 278
195 297
196 30
196 63
196 131
196 145
196 174
196 219
196 274
197 38
197 79
197 121
197 149
197 161
197 236
197 265
197 285
198 8
198 146
198 227
198 252
198 278
198 297
199 14
199 31
199 60
199 94
199 106
199 250
199 281
199 285
199 293
200 59
200 83
200 87
200 111
200 163
200 185
200 196
200 199
200 218
200 221
200 237
200 246
201 114
201 144
201 164
201 166
201 232
201 248
201 284
202 135
202 198
202 233
202 253
202 255
202 272
203 13
203 20
203 74
203 79
203 155
203 170
203 211
203 239
203 255
204 48
204 284
205 8
205 45
205 63
205 81
205 124
205 176
206 7
206 199
206 228
206 271
207 3
207 71
207 86
207 101
207 107
207 161
207 224
207 237
208 31
208 76
208 89
208 91
208 92
208 100
208 104
208 197
208 206
208 288
208 294
209 228
209 294
210 24
210 72
210 101
210 106
210 205
210 275
210 296
211 5
211 102
211 108
211 172
211 206
211 208
212 2
212 286
213 66
213 162
213 227
213 232
213 243
214 12
214 17
214 53
214 59
214 93
214 124
214 189
214 252
214 275
215 34
215 49
215 74
215 138
215 239
216 18
216 52
216 60
216 74
216 82
216 85
216 134
216 146
216 209
216 273
217 28
217 37
217 47
217 50
217 226
217 237
217 252
217 257
218 46
218 48
218 79
218 83
218 102
218 142
218 143
218 188
219 44
219 85
219 121
219 157
219 193
219 241
219 243
219 248
220 14
220 209
220 212
220 221
221 11
221 50
221 118
221 127
221 140
221 213
221 217
221 225
221 231
221 242
221 296
222 34
222 39
222 101
222 139
222 157
222 187
222 219
222 256
223 4
223 13
223 165
223 210
223 217
223 257
223 300
224 47
224 211
224 217
224 281
225 29
225 68
225 84
225 139
225 240
225 241
225 245
225 272
226 11
226 96
226 146
226 224
227 20
227 74
227 99
227 169
227 178
227 203
227 219
228 84
228 133
228 170
228 267
229 24
229 31
229 48
229 98
229 198
229 290
230 10
230 69
230 114
230 128
230 149
230 164
230 169
230 174
230 195
230 216
230 234
230 281
231 20
231 30
231 54
231 66
231 91
231 110
231 124
231 136
231 169
231 266
232 21
232 56
232 148
232 162
232 164
233 21
233 57
233 105
233 108
233 170
233 176
233 187
234 99
234 108
234 109
234 110
234 187
235 18
235 100
235 112
235 153
235 266
236 1
236 20
236 26
236 28
236 37
236 148
236 176
236 204
236 206
237 34
237 57
237 67
237 97
237 129
237 203
238 59
238 67
238 69
238 71
238 135
238 149
238 212
238 274
239 25
239 41
239 96
239 102
239 104
239 125
239 144
239 147
239 247
239 276
240 9
240 55
240 63
240 86
240 145
240 212
241 17
241 30
241 50
242 77
242 94
242 97
242 127
242 273
242 278
242 294
243 1
243 26
244 62
244 99
244 128
244 173
244 190
244 212
245 11
245 49
245 50
245 143
245 148
245 159
245 181
245 280
245 289
246 57
246 66
246 104
246 139
246 174
246 243
246 252
246 264
246 284
246 290
247 12
247 40
247 66
247 141
248 124
248 135
248 150
248 203
248 207
248 277
249 22
249 179
249 266
249 278
250 34
250 55
250 95
250 136
250 144
250 183
250 189
250 226
250 248
250 283
251 76
251 110
251 166
251 169
251 257
251 292
252 164
252 172
252 234
253 2
253 7
253 35
253 51
253 83
253 92
253 121
253 145
253 169
253 199
253 200
253 240
254 26
254 45
254 222
254 228
254 244
254 267
254 272
255 93
255 125
255 186
255 253
255 288
256 4
256 82
256 97
256 115
256 123
256 139
256 145
256 195
256 200
256 291
257 91
257 92
257 105
257 200
257 263
257 266
258 86
258 124
258 141
258 148
258 271
258 289
259 34
259 103
259 112
259 150
259 185
259 201
259 203
259 283
260 20
260 146
260 180
260 205
260 296
261 85
261 124
262 38
262 42
262 88
262 91
262 163
262 299
263 39
263 73
263 83
263 108
263 168
263 182
263 253
264 10
264 154
264 211
264 219
265 20
265 25
265 61
265 77
265 139
265 157
265 217
265 224
265 241
265 263
265 281
266 40
266 46
266 64
266 142
266 158
266 229
266 259
267 5
267 64
267 153
268 103
268 122
268 203
268 256
268 259
269 81
269 99
269 259
270 46
270 68
270 106
270 156
270 182
270 214
270 247
270 254
270 258
271 42
271 49
271 84
271 101
271 116
271 137
271 149
271 156
271 224
272 73
272 122
272 249
272 257
273 11
273 45
273 66
273 94
273 146
273 229
273 270
274 5
274 100
274 112
274 148
274 185
274 282
275 40
275 64
275 123
275 148
275 182
275 193
275 248
276 7
276 96
276 108
276 140
276 148
276 292
277 46
277 75
277 172
277 181
277 192
277 264
278 12
278 68
278 101
278 123
278 126
278 139
278 197
278 272
278 279
278 280
279 13
279 38
279 122
279 179
280 85
280 135
280 140
280 150
280 160
281 8
281 12
281 55
281 64
281 139
281 194
281 218
282 10
282 79
282 140
282 143
282 190
282 248
282 299
282 300
283 22
283 43
283 134
283 145
283 201
283 214
283 226
283 246
283 268
284 29
284 113
284 154
285 22
285 85
285 186
285 211
285 241
285 287
286 41
286 44
286 86
286 143
286 152
286 158
286 183
286 222
287 54
287 72
287 73
287 90
287 131
287 145
287 154
287 193
287 233
287 255
287 261
287 271
288 55
288 112
288 191
288 215
288 220
288 246
288 276
289 79
289 146
289 190
289 223
289 247
290 15
290 58
290 80
290 109
291 78
291 97
291 139
291 208
291 226
292 18
292 108
292 181
293 56
293 58
293 84
293 117
293 126
293 131
293 193
293 229
294 39
294 75
294 185
294 256
294 281
294 288
295 56
295 62
295 74
295 199
295 210
295 214
295 235
296 10
296 105
296 182
296 192
296 246
296 277
297 76
297 94
297 167
297 184
297 207
298 25
298 56
298 61
298 138
298 204
298 231
298 291
298 299
299 56
299 178
299 195
299 231
299 268
300 43
300 86
300 93
300 111
300 139
300 162
300 179
300 205
300 267
300 279

