100 50
2 1 855819627 1037839680 4 4 1 2 3816735263 1 2 1 1 3097817837 2643631765 7 2 1 1 2312073365 2405484547 2361060546 1 1 1 1 1104095860 1 165980231 328244532 2790844687 1 3001711247 1 904424945 2947543567 66048534 1298732267 4 2173245938 1781625735 900470275 1 6 1 1 1 1 2 1 1 1 4273272618 2 1 9 1 1 3944357182 1158765564 1 1 1 1419395673 5 1527888375 4 3040087520 2423946329 4 4 1 1 3355989869 4 3 2345775704 4 1 2 3256760134 1 1 5 9 1 1 902894469 1 4 1908438321 1 1 2982698993 1 1 4158197530 500509560 1 1782084971 
1 85
5 83
7 57
8 79
10 1
11 71
13 11
17 43
19 90
25 71
26 6
28 67
39 23
39 56
44 25
44 85
47 80
48 54
49 8
49 84
50 2
52 17
54 32
55 45
56 70
58 84
65 51
65 56
65 76
67 63
70 73
72 46
75 5
75 12
76 93
78 62
79 28
80 6
82 34
84 16
84 45
85 76
86 61
87 16
89 78
90 24
92 18
95 44
96 16
99 32

