300 1000
32 10 2 8 24 5 30 23 62 53 56 1 187 37 76 84 11 21 23 80 12 12 13 24 8 14 21 7 6 46 4 40 31 36 60 9 10 58 78 9 19 43 30 28 2 49 6 36 18 2 7 12 9 10 15 12 23 122 21 30 81 22 96 45 53 33 13 1 56 13 17 44 38 4 3 6 44 41 30 35 20 9 11 9 17 1 3 16 16 67 41 24 22 1 41 20 5 6 39 31 8 42 90 5 16 31 10 20 2 23 15 49 11 26 84 20 6 33 8 46 11 25 19 14 27 5 105 14 34 7 20 14 6 42 13 7 2 5 98 13 20 52 28 28 1 36 61 48 27 41 5 24 61 20 18 1 34 28 16 4 7 43 25 52 25 10 44 37 47 5 20 13 14 34 1 17 12 29 38 2 89 59 7 59 100 22 12 2 25 34 7 11 1 30 7 6 12 1 17 3 47 15 35 37 30 10 2 5 8 7 19 13 13 80 1 24 8 31 13 19 3 5 10 29 10 29 5 15 23 23 6 63 23 11 5 26 35 5 55 32 29 16 2 24 60 43 43 125 9 69 22 132 24 1 6 25 7 41 23 29 13 19 53 5 29 4 25 8 12 28 32 5 32 4 3 84 5 24 48 69 33 1 80 41 41 16 32 49 1 1 26 23 75 5 6 49 39 1 19 2 
1 75
1 190
3 13
3 186
4 148
4 201
4 271
5 146
5 224
5 236
6 177
6 256
7 112
7 149
7 190
7 252
7 266
8 7
8 67
8 115
8 187
8 223
8 252
8 293
9 141
9 157
9 249
9 279
9 281
9 295
10 103
10 106
10 143
11 35
11 81
13 22
13 160
13 212
13 242
14 283
15 14
15 65
15 139
15 166
15 204
15 223
15 233
16 34
16 106
16 143
16 146
16 249
17 16
17 71
17 167
18 32
18 79
19 45
19 137
19 173
19 201
20 147
20 171
20 243
20 258
21 26
21 219
21 252
23 40
23 72
23 100
23 293
24 112
24 272
24 277
25 80
25 185
25 236
26 48
26 83
26 159
27 124
27 162
28 206
29 80
30 64
30 198
30 205
30 220
30 239
30 261
31 138
32 9
32 55
32 69
32 82
32 119
32 162
32 179
32 251
33 31
33 35
33 60
33 250
34 32
34 69
34 150
34 236
35 44
35 48
35 78
35 93
35 110
35 122
35 162
35 268
35 290
36 23
36 139
36 246
37 14
38 46
38 216
38 229
39 66
39 82
39 93
39 103
39 144
41 40
41 81
41 181
42 111
42 210
42 242
42 273
42 285
43 18
43 38
43 134
43 150
44 209
44 220
44 249
45 38
45 44
45 184
45 297
46 41
46 55
46 294
47 37
47 88
47 219
48 22
48 24
48 96
48 194
49 134
49 217
49 247
50 111
50 270
51 260
51 283
52 169
53 1
53 82
53 121
53 178
54 117
54 159
54 197
55 12
55 26
56 49
56 246
56 271
56 298
57 4
57 298
58 80
58 112
58 127
58 131
58 134
58 280
58 295
59 85
59 107
59 128
59 188
59 293
60 57
60 203
60 288
61 13
61 54
61 142
61 258
61 287
61 295
62 2
62 14
62 19
62 239
63 10
63 28
63 174
63 294
64 113
64 179
64 209
64 289
65 22
65 27
65 54
65 85
65 111
66 63
66 248
66 271
67 18
67 97
67 165
67 179
68 54
68 256
69 63
69 100
69 133
70 44
70 216
70 255
71 13
71 54
71 108
71 214
71 241
72 16
72 74
72 96
72 189
72 293
73 2
73 165
73 189
73 222
73 249
73 264
73 285
73 296
76 37
76 149
76 198
76 280
77 59
77 90
77 125
77 181
77 275
78 127
78 181
78 204
78 282
79 90
79 99
80 33
80 144
80 184
80 251
81 29
81 299
82 85
82 216
82 240
82 296
83 114
83 177
83 182
83 288
84 11
84 13
85 113
85 171
85 210
85 227
85 228
87 20
87 55
88 76
88 91
88 96
88 185
89 47
89 151
89 152
89 192
90 129
90 135
90 223
90 248
90 256
90 278
91 2
91 39
91 210
91 258
91 274
91 290
91 291
92 185
92 192
92 293
93 67
93 183
94 13
94 134
95 34
95 41
95 62
95 194
95 235
95 286
96 117
96 212
98 67
98 88
98 152
98 203
99 14
99 241
100 193
101 1
101 164
102 91
102 137
102 169
102 174
102 206
102 231
102 263
103 35
103 129
103 133
103 176
103 188
103 205
103 220
104 125
104 165
104 239
105 15
105 80
106 5
106 139
106 141
106 212
107 63
107 80
108 128
108 186
108 283
108 295
109 53
109 279
110 113
110 131
110 247
110 250
111 1
111 22
112 92
112 147
112 150
113 68
113 194
114 5
114 97
114 259
114 296
115 48
115 61
115 80
115 163
115 231
116 27
116 182
116 248
117 204
118 28
118 75
118 77
118 152
118 221
119 84
119 190
119 297
120 15
120 38
120 223
120 287
121 33
121 191
122 274
123 39
123 129
125 69
125 286
125 294
126 71
126 99
126 127
127 39
127 61
127 71
127 106
127 158
127 225
127 261
128 45
129 169
129 246
130 25
130 109
130 134
130 201
130 224
131 99
131 234
131 280
131 295
132 5
132 43
132 64
132 76
133 276
134 10
134 21
134 151
134 171
135 79
135 157
135 224
136 20
136 37
136 179
136 254
138 71
138 110
139 14
139 125
139 128
139 190
139 255
139 257
140 22
140 150
140 217
140 221
141 184
141 277
142 5
142 42
142 49
142 252
142 263
142 281
143 191
143 248
143 291
144 26
144 33
144 46
145 61
145 122
145 243
146 8
146 109
146 156
146 254
146 280
146 290
147 11
147 84
147 160
147 172
147 270
148 72
148 117
148 252
148 259
148 266
148 293
149 99
149 120
149 187
149 232
150 182
150 260
151 12
151 67
151 85
151 278
152 99
152 139
153 81
153 85
153 88
153 101
153 139
153 217
153 256
154 81
154 179
154 196
154 284
155 30
155 250
157 25
157 131
157 140
157 168
158 2
158 63
158 162
158 181
158 198
158 281
159 120
159 142
161 11
161 123
161 203
161 238
161 257
161 264
162 56
162 213
163 104
163 113
163 160
163 185
164 85
164 91
164 103
164 182
164 232
164 238
165 134
166 68
166 234
167 4
167 86
167 138
167 171
167 214
168 1
168 13
168 65
168 217
169 16
169 85
169 96
169 195
169 239
170 143
170 165
170 260
171 46
171 121
172 60
172 112
172 115
172 211
173 44
173 265
173 299
174 73
174 141
174 229
174 269
176 5
176 116
176 246
176 300
177 27
177 38
177 186
178 10
178 40
178 164
178 245
179 207
179 290
179 293
180 61
180 273
181 60
181 68
181 173
181 201
181 220
181 224
181 291
182 181
182 189
183 40
183 66
183 139
183 195
183 256
184 114
184 212
184 215
184 257
185 149
185 239
185 280
186 58
186 124
187 68
187 244
187 251
188 3
188 148
188 265
189 33
189 243
190 18
190 19
190 52
190 261
191 47
191 57
192 51
192 106
192 200
194 44
194 265
195 42
195 185
196 120
196 249
197 127
197 152
197 272
198 237
199 63
199 140
200 109
200 288
201 76
201 132
201 220
201 237
202 32
202 40
202 124
202 165
202 182
202 270
203 17
203 109
203 191
203 287
203 288
204 45
204 128
204 142
204 147
204 263
205 10
205 136
205 240
205 282
206 2
206 251
207 92
207 201
208 80
208 136
209 28
209 131
209 162
209 263
209 293
210 216
211 3
211 115
211 132
212 102
212 143
212 152
213 122
213 155
213 270
214 2
214 9
214 10
214 13
214 16
214 27
214 181
214 194
215 13
215 14
215 20
215 179
216 39
216 75
216 163
217 3
217 152
217 271
218 13
218 132
218 182
218 207
218 267
218 273
220 19
220 45
221 11
222 69
223 177
224 128
224 146
224 167
225 57
225 121
225 236
225 249
226 105
226 168
226 191
227 15
227 271
228 77
228 105
228 154
228 223
229 180
229 295
230 20
230 52
230 94
230 95
230 112
230 116
230 164
230 238
230 248
231 70
231 173
232 82
232 106
232 151
232 170
232 208
232 218
233 70
233 71
233 208
234 29
234 99
234 211
235 207
236 2
236 217
237 33
237 124
237 163
237 199
237 278
238 299
239 58
239 64
239 69
239 110
239 123
239 197
239 236
239 270
239 276
240 49
240 107
240 158
241 27
241 74
241 282
242 37
242 115
243 80
243 155
244 24
244 25
244 58
244 192
245 47
245 123
245 129
245 212
245 223
245 248
245 265
245 272
245 279
245 289
246 10
246 43
246 120
247 46
247 100
247 241
247 246
248 20
248 21
248 65
248 231
248 252
248 280
249 19
249 166
249 227
249 297
250 20
250 77
250 94
250 138
250 189
250 243
251 69
251 204
252 79
252 85
252 103
252 118
252 173
252 185
252 195
253 78
253 150
253 218
253 276
256 8
256 75
256 185
257 17
257 66
258 90
258 227
258 265
259 11
259 178
259 236
260 46
260 123
261 155
261 233
262 8
262 72
262 126
262 226
262 289
263 13
263 277
263 285
263 292
264 260
265 199
265 278
266 199
267 9
267 11
267 13
267 111
267 124
267 147
268 55
268 258
269 93
269 168
269 202
270 153
271 59
271 79
271 139
272 29
272 115
272 162
272 286
273 58
273 97
273 114
273 234
273 247
273 282
274 13
274 183
274 186
275 60
276 85
276 89
276 122
276 268
276 283
276 289
277 186
278 112
278 116
279 81
279 119
279 187
279 235
280 164
280 166
280 276
281 37
281 187
281 226
281 286
281 298
282 219
283 39
283 215
283 230
283 280
283 285
284 19
284 43
284 181
284 183
284 292
285 211
285 222
285 229
285 249
285 287
286 144
287 65
287 91
287 175
288 85
288 118
288 133
288 180
288 277
288 289
288 295
289 58
289 100
289 109
289 158
289 253
290 202
290 284
291 63
291 112
291 271
292 44
292 53
292 205
293 35
293 184
293 204
293 260
294 299
295 44
295 74
295 92
295 232
296 16
296 52
296 176
296 190
296 219
297 6
297 99
297 108
297 132
297 255
297 260
298 38
298 67
298 75
298 163
298 213
298 240
298 290
299 42
299 89
299 226
299 266
300 78
300 80
300 81
300 95
300 100
300 292

