150 100
4 4 3 1 1 1 3389822256 3219562332 7 2 2 3 13 4 2 4 4220488063 5 3 2177350949 9 1 2 1 572463542 2 1 1 3555989669 3149547078 3789300625 1 4 1856721278 4 1 1 1 1 2 894098990 2 3 1 1 2 1 7 1 1 5 3 3 9 792564359 1 3 3 1 1 2 1301248152 1 3 1075541828 1 1 1 1 2 1 630883001 2 3 2 1 470172275 1 2515041830 1 7 1 4 1908441741 1 1886223723 3 1 1 1 2 1074351121 1 1 1 1 1193527396 1 3523629947 1 1 1 1 2414408836 1 1 2109548107 6 4 105258134 1 1 1 1244454443 1 1389179632 4 3350724896 1 1 4251131671 3873902175 4 1 3 1779391893 1 4 1 1685484592 1 1 2152828647 1 2197093888 1 402770010 4 5 1 1 1714308298 1 94152514 1 1 1 3 1 1 
1 28
1 81
2 43
4 3
5 45
9 68
9 102
10 24
11 26
13 14
13 16
13 68
14 147
15 73
18 9
19 10
21 12
22 51
23 148
28 109
32 115
33 18
33 28
33 81
36 11
37 91
39 16
40 26
42 33
44 87
46 38
46 109
47 43
48 18
49 120
52 11
52 46
53 56
54 59
54 66
54 94
54 138
58 21
58 48
60 78
61 35
67 21
67 140
70 125
71 2
73 13
73 134
74 87
75 26
75 113
80 13
81 9
82 61
83 6
83 64
88 53
90 69
90 91
93 50
95 81
96 57
98 70
100 19
101 42
103 19
105 57
106 12
108 27
108 40
108 125
109 90
111 128
113 70
117 76
117 89
123 85
123 119
124 15
124 101
127 45
128 150
129 63
131 48
132 51
136 102
136 112
138 139
139 13
139 64
141 3
143 91
145 35
146 74
148 51
149 23

