200 100
3842181500 3 612723044 2 1 1 4 9 1 1584218533 8 1249573362 2 1394464746 1392388407 3575122925 1031967364 1 9 2265594947 1 217116436 1 3 1 2677172742 1 1 1 1 1898282209 1992029752 1 4 309534538 1 1 1 2 1 696342767 1231080613 1 1411694759 1 4 3626484244 1 1 1 1018067675 4192117543 2 3760026438 4099929634 2095786383 455285913 1 1 1 1 3247989889 4 1 1928708205 2108275039 6 1 1 4228317597 1 3 6 4255929355 3460465542 1448751922 3 4 1 1610716864 1 1 1 1 1 1 1 3 4 1 5 2 4 2133630346 3530713257 391096926 1792523673 1 2 1 3 346081594 1 2556519314 1 2489177571 2000753518 1 2069174999 1 1 1320280156 3020788603 2394347543 1 2582059883 1 1 4 3544143887 359199374 1 1 1 1501379872 7 3047209120 825925392 3 919825145 4099702469 1 1 2 8 1099540291 2 4 1 1 1 1 1 921716615 891558758 1696009164 7 1323552130 3062229821 1 1 1 1 4 2323195439 30358887 3363380231 3980262544 3 1 3876669842 3974239004 1 1 1158562898 1 4274792470 1 5 1 871531204 2998169124 1 1 633587359 2 1 981414693 1 1 3953860182 3 9 517423464 705932138 1211347839 1 3 1 3 1624608795 1 1 1731453312 2 1 6 1465483837 2 2 
2 91
2 190
4 37
7 71
8 129
8 192
9 153
11 46
13 72
18 132
23 188
24 137
24 138
27 164
29 88
34 61
39 48
40 90
45 91
49 25
50 87
60 7
63 182
67 53
67 64
67 199
73 93
73 98
73 117
77 8
77 169
78 69
79 123
82 147
83 19
84 36
84 81
85 53
88 173
89 48
91 169
92 134
92 170
93 135
99 101
99 176
101 92
103 119
105 68
108 101
108 166
110 30
110 190
111 63
115 19
118 119
119 34
119 183
122 33
126 11
126 13
126 38
129 143
133 187
134 58
135 89
135 137
138 63
139 150
140 4
141 5
142 72
147 124
151 30
152 19
154 72
159 195
160 154
168 122
169 59
174 28
176 46
179 147
180 190
182 99
183 78
183 169
188 100
189 86
190 6
193 11
195 163
196 99
197 7
197 39
197 43
197 159
199 132
200 21
200 177

