300 750
6 4 10 33 1660106666 4 20 25 2 5 4 7 4 4 19 8 2 16 2 10 7 17 10 16 10 3 3 10 12 1 4170283394 16 2425504910 12 1 17 14 1 12 3 1 80 29 6 26 16 48 11 2 10 26 38 6 30 3 4 4 1 6 96 23 37 6 13 8 34 22 41 74 8 15 2 23 771756556 4 4 29 16 20 6 91 60 4 1 18 11 25 27 8 16 8 7 16 6 5 2 33 20 17 11 12 46 3 12 25 2 11 9 26 22 34 42 5 4 1 3 3 23 1 34 3 10 1 16 8 16 30 1 32 4 10 4 36 9 9 2 41 86 11 34 8 7 46 18 1198356226 2 14 24 3 9 4 11 5 73 24 49 27 8 1 4 15 7 4 5 8 9 24 22 2 51 14 3 10 16 9 4 34 1 12 23 2 18 14 16 1 7 17 6 1 2021328063 35 23 15 12 22 3 7 9 27 8 4 2 2 12 3 7 28 21 6 19 8 9 1 5 39 3 6 3 25 32 9 1 2 2 20 2 4 16 6 26 21 7 46 14 2 46 36 4 13 3 40 9 3 20 6 10 9 4 18 8 19 59 15 9 2 17 45 2 5 6 1 6 42 5 6 22 6 6 4 28 9 3 12 15 9 27 3 1 29 16 3 41 6 27 12 19 12 24 11 26 8 9 6 10 6 11 39 12 2 13 
1 245
2 86
3 56
3 114
3 164
3 260
4 29
4 56
4 205
6 182
7 78
7 90
8 81
8 94
8 184
8 195
9 113
10 60
10 78
10 191
10 230
11 104
11 220
12 43
12 200
12 241
12 268
13 43
13 197
14 50
15 7
15 92
15 139
15 196
15 219
15 239
15 264
16 42
17 165
18 132
18 179
19 1
19 85
19 157
19 183
19 214
20 16
20 127
20 131
21 97
21 116
21 195
22 60
22 228
22 286
23 79
23 123
24 14
24 68
24 280
24 285
24 297
25 204
25 239
27 52
27 228
28 87
28 213
29 35
30 230
32 77
32 82
32 87
34 93
34 97
34 289
36 107
36 191
37 233
37 245
38 19
39 44
39 107
39 151
39 253
41 28
42 53
42 93
42 128
42 160
42 275
43 85
43 237
43 257
44 282
44 286
45 14
45 36
45 192
46 62
46 100
46 163
47 63
47 84
47 88
47 126
47 293
47 297
48 54
48 155
48 260
50 181
51 50
51 52
51 93
51 276
52 205
52 225
54 61
54 65
54 117
55 65
55 118
55 120
56 50
56 211
57 66
57 284
58 175
58 234
59 143
59 177
59 256
60 98
60 126
60 157
60 237
60 295
61 214
62 22
62 102
62 133
62 234
62 267
63 37
63 49
63 291
64 187
64 215
64 227
64 244
65 21
65 85
65 105
65 170
65 174
65 212
65 257
66 56
66 242
67 211
67 218
67 293
68 62
68 97
69 128
69 238
69 296
70 16
70 180
70 214
70 215
71 138
71 144
71 233
71 298
72 26
72 29
72 154
72 194
72 206
73 140
73 219
75 140
75 208
75 217
76 174
77 39
77 275
77 288
78 23
78 119
78 256
78 260
79 176
80 66
80 101
80 110
80 184
80 237
81 50
81 56
81 97
81 212
81 281
81 289
81 290
82 45
82 138
82 187
82 267
83 290
84 113
84 138
84 192
84 219
85 6
85 7
85 238
86 23
86 148
87 14
87 82
87 181
88 6
88 102
88 140
88 212
88 236
89 140
89 209
89 293
90 182
91 42
91 276
92 233
93 61
93 193
93 201
93 236
93 294
94 236
95 61
95 129
95 250
96 151
96 194
96 225
97 86
97 138
97 153
97 244
98 199
98 215
99 120
99 154
99 251
99 254
100 187
101 21
101 156
101 163
102 69
102 128
102 130
102 170
102 249
103 155
104 98
105 4
105 19
105 69
105 185
105 211
106 166
106 192
107 54
107 112
107 135
107 149
107 277
107 280
108 45
108 49
108 81
108 264
109 92
109 138
109 230
109 284
110 18
110 96
110 134
110 252
111 154
111 168
111 184
111 234
111 267
112 90
112 122
112 192
112 250
113 135
113 210
115 22
115 170
115 270
116 15
116 53
116 104
116 273
116 278
117 7
117 170
118 84
118 165
118 205
118 206
118 223
118 236
119 77
119 82
119 126
119 215
119 240
119 243
120 247
121 270
122 28
122 231
122 257
124 1
124 256
124 300
125 108
125 249
126 143
127 198
127 285
128 94
128 287
129 68
129 79
129 171
129 178
130 51
131 69
131 202
131 238
131 240
133 18
133 28
133 150
133 155
133 178
134 98
135 238
135 246
136 55
136 58
137 71
137 88
137 92
137 127
138 182
138 219
138 300
139 80
139 231
139 270
141 102
141 138
141 210
142 11
142 265
143 154
143 167
144 104
144 118
144 186
146 54
147 143
147 298
148 231
148 272
150 76
150 139
150 176
150 233
150 262
150 282
151 95
151 178
151 207
152 161
152 229
153 4
153 225
154 73
154 104
154 112
155 26
155 108
155 292
156 118
156 252
157 9
157 78
157 148
157 284
158 54
158 291
159 15
159 108
159 144
159 175
159 238
159 274
160 271
161 80
161 197
161 266
162 78
162 119
163 50
163 138
163 211
164 118
164 120
164 238
164 296
165 225
166 67
166 183
167 17
167 82
167 159
167 244
169 201
169 274
170 25
170 125
170 241
171 4
171 173
171 229
172 124
172 166
172 194
173 69
173 167
174 211
174 265
175 100
175 103
175 232
175 236
177 23
177 259
177 297
178 295
179 79
179 175
179 264
180 174
180 233
180 239
181 25
181 156
182 12
182 120
182 180
184 169
185 121
185 167
185 183
185 220
185 245
185 255
186 132
187 241
188 112
188 288
191 52
191 234
191 294
192 60
193 80
193 171
193 273
194 36
195 135
195 217
195 220
195 282
197 36
197 105
197 134
198 42
198 55
198 282
199 51
199 216
199 232
199 234
200 60
200 224
200 269
201 52
202 177
203 197
204 16
204 276
205 68
205 295
206 68
207 42
207 95
207 137
207 149
207 258
207 284
208 240
209 43
209 64
210 4
210 251
211 140
212 56
212 187
212 284
213 48
214 285
215 154
215 162
215 273
216 208
217 182
218 189
218 276
219 147
219 164
219 254
219 268
219 286
220 69
220 99
220 215
221 2
221 11
221 69
222 69
222 73
224 61
225 90
225 199
225 274
225 280
226 2
226 19
227 170
227 172
227 201
227 240
228 66
229 127
229 170
230 70
230 124
231 208
232 109
232 201
232 217
232 230
233 97
233 143
234 34
234 81
234 178
234 183
234 201
235 56
235 81
236 168
236 237
237 53
237 56
239 41
239 285
240 253
241 238
241 242
241 251
241 257
242 192
242 250
242 272
243 152
244 7
244 152
244 183
246 115
246 168
246 299
248 43
249 129
249 137
249 151
249 296
250 205
251 20
251 125
251 154
251 156
251 247
251 273
252 104
252 188
252 203
252 210
252 273
252 288
253 89
253 120
253 152
253 206
255 147
255 168
255 236
256 13
256 80
256 284
257 108
257 218
258 263
258 290
259 269
260 173
260 228
260 268
261 173
261 241
261 267
262 89
262 199
263 24
263 45
263 83
263 202
263 231
264 110
264 156
265 76
265 267
266 32
266 115
266 236
266 296
266 300
267 293
268 21
268 79
268 127
268 247
269 177
269 263
270 4
270 68
270 96
271 134
271 208
272 52
272 209
272 261
273 46
273 77
273 196
273 279
273 288
274 49
274 158
275 107
275 125
275 245
276 168
277 111
277 148
278 40
278 156
279 109
279 253
279 259
279 267
279 291
280 29
280 53
281 146
281 231
282 100
282 107
282 233
283 67
283 289
283 297
284 83
284 193
285 60
285 114
285 143
285 186
286 94
286 142
287 57
287 66
287 180
287 294
288 268
289 276
290 105
290 178
290 254
290 263
290 268
291 32
291 87
291 93
291 137
291 248
291 296
292 47
292 73
293 140
293 257
294 58
294 279
296 107
296 191
296 219
296 258
297 28
297 37
297 223
298 4
298 8
298 91
298 182
299 62
299 204
300 40

