300 2000
4 57 74 75 67 101 444 12 40 103 88 198 32 74 76 119 8 27 117 113 142 53 24 161 176 151 137 129 74 105 38 95 44 76 280 11 3 174 96 18 221 217 43 215 37 43 90 12 101 19 114 19 89 56 77 16 75 137 24 50 44 24 45 2 33 89 14 59 204 170 52 65 8 28 18 71 260 2 214 34 46 138 118 183 197 36 52 77 1 261 228 61 56 121 48 3 2 229 24 81 25 62 34 49 339 129 222 146 64 15 2 24 244 163 278 89 43 346 99 110 146 32 224 25 120 111 2 130 109 44 115 18 78 59 94 242 56 452 24 64 96 364 14 89 28 77 255 78 385 103 101 46 66 66 93 140 128 3 167 37 93 80 59 46 307 98 59 11 9 152 167 83 197 145 158 28 150 178 70 48 169 99 146 207 92 46 127 58 34 143 145 38 20 3 49 301 72 127 1 38 174 256 140 88 74 37 49 241 30 29 7 54 34 106 36 15 234 1 186 46 52 86 366 28 104 2 24 58 121 38 80 286 16 27 183 14 5 36 107 129 61 45 77 119 247 96 201 109 133 4 2 52 2 178 20 18 42 124 232 90 45 142 33 44 28 19 222 55 65 19 76 46 155 7 41 63 239 167 140 73 75 15 56 121 37 125 189 56 164 85 54 55 159 92 21 9 62 30 114 1 
1 13
1 47
1 128
1 172
2 56
2 91
2 115
2 209
2 249
3 8
3 53
3 142
4 15
4 26
4 37
4 134
4 189
4 196
4 241
4 300
5 80
5 107
5 168
5 179
5 197
5 206
5 239
5 253
6 3
6 16
6 20
6 25
6 110
6 118
6 128
6 156
6 177
6 280
6 281
7 21
7 97
7 115
7 149
7 167
7 168
7 203
7 207
7 258
8 17
8 24
8 69
9 128
9 162
9 264
10 30
10 122
10 209
10 214
10 287
11 13
11 31
11 71
11 79
11 99
11 147
11 223
11 224
12 56
12 72
12 76
12 113
12 157
12 178
12 190
12 217
12 229
12 235
13 5
13 90
13 110
13 134
14 49
14 109
14 245
14 283
14 286
15 19
15 108
15 114
15 176
15 227
15 284
16 24
16 43
16 45
16 48
16 96
16 271
17 25
17 44
17 101
17 145
17 176
17 253
17 276
18 190
18 254
18 272
18 281
18 294
19 45
19 102
19 191
19 239
19 267
20 59
20 67
20 100
20 107
20 131
20 169
20 173
20 181
20 234
21 104
21 127
21 253
21 288
22 103
22 110
22 165
22 172
22 174
22 224
23 16
23 22
23 25
23 67
23 130
23 165
23 169
23 208
23 293
24 97
24 155
24 167
24 173
24 178
24 190
24 193
24 299
25 152
25 205
25 291
26 118
26 251
26 262
26 285
26 289
26 295
27 5
27 54
27 109
27 146
27 154
27 183
27 245
28 144
28 146
28 156
28 161
28 244
28 287
28 294
29 21
29 25
29 49
29 59
29 61
29 71
29 73
29 87
29 103
29 141
30 17
30 83
30 85
30 89
30 164
30 261
31 57
31 124
31 135
31 142
31 223
32 40
32 84
32 145
32 158
32 171
32 186
32 191
32 212
32 262
32 298
33 44
33 61
33 121
33 138
33 207
34 15
34 17
34 106
34 131
34 176
34 262
34 294
35 7
35 10
35 230
35 242
35 251
35 254
35 278
36 34
36 42
36 106
36 225
36 232
36 252
37 101
37 118
37 214
37 216
37 230
37 268
37 272
37 293
38 39
38 79
38 87
38 278
38 297
39 10
39 13
39 14
39 48
39 49
39 51
39 66
39 73
39 81
39 138
40 68
40 69
40 105
40 294
41 10
41 70
41 117
41 140
41 143
41 232
41 271
42 58
42 85
42 159
42 245
42 246
42 278
42 289
43 64
43 69
43 101
43 170
43 188
43 212
44 1
44 3
44 95
44 114
44 129
44 152
44 196
44 262
45 103
45 177
45 198
45 252
46 98
46 107
46 108
46 145
46 149
46 190
46 232
47 31
47 107
47 247
47 285
47 290
48 2
48 25
48 50
48 70
48 116
48 123
48 133
48 172
48 175
48 214
48 272
49 121
49 149
49 177
49 189
49 219
49 264
49 288
50 35
50 140
50 149
50 165
50 168
50 173
50 208
50 221
50 249
50 250
50 279
50 285
51 12
51 19
51 34
51 61
51 80
51 82
51 93
51 128
51 150
51 167
51 198
51 256
51 259
51 278
52 47
52 238
52 296
53 19
53 33
53 101
53 155
53 300
54 83
54 117
54 129
54 132
54 156
54 208
54 246
55 27
55 38
55 64
55 86
55 92
55 105
55 158
55 162
55 198
56 49
56 190
56 295
57 41
57 88
57 146
57 156
57 157
57 221
57 226
57 254
58 68
58 71
58 148
58 180
58 217
58 272
59 38
59 100
59 144
59 279
59 289
60 25
60 79
60 114
60 166
60 180
60 218
60 250
61 31
61 156
61 203
62 2
62 184
62 190
62 273
63 49
63 94
63 100
63 130
63 196
63 263
64 147
64 265
65 4
65 8
65 14
65 142
65 174
65 245
65 259
65 281
66 62
66 76
66 121
66 136
66 168
66 177
67 5
67 8
67 73
67 97
67 125
67 146
67 160
67 166
68 191
68 249
68 250
69 48
69 76
69 95
69 274
70 126
70 146
70 182
70 189
70 211
70 231
70 240
70 259
70 276
70 298
70 300
71 44
71 61
71 77
71 151
71 187
71 290
71 294
72 49
72 183
72 225
72 249
72 261
73 19
73 32
73 152
73 178
73 258
73 276
74 32
74 62
74 70
74 103
74 226
74 240
74 243
75 205
76 38
76 55
76 74
76 179
76 190
76 205
76 286
76 298
77 23
77 26
77 54
77 63
77 78
77 253
77 275
77 289
77 293
78 99
78 143
78 234
79 27
79 69
79 111
79 143
79 164
79 173
79 268
80 35
80 115
80 170
80 286
80 298
81 1
81 8
81 47
81 140
81 153
81 223
81 271
81 281
82 11
82 19
82 38
82 49
82 53
82 71
83 50
83 88
83 130
83 134
83 281
84 13
84 37
84 92
84 105
84 212
84 246
84 289
84 300
85 122
85 162
85 202
85 242
85 245
85 247
86 6
86 44
86 146
86 200
86 222
86 242
87 104
87 114
87 208
87 226
87 257
87 292
88 66
88 146
88 189
88 235
88 250
89 3
89 20
89 32
89 100
89 105
89 135
89 139
89 194
89 202
89 215
89 224
90 9
90 62
90 87
90 105
90 110
90 113
90 122
90 141
90 157
90 161
90 168
90 232
90 234
91 19
91 40
91 89
91 122
91 132
91 165
91 224
91 262
91 281
91 294
92 7
92 19
92 53
92 85
93 27
93 68
93 98
93 181
93 193
93 235
93 265
94 1
94 61
94 79
94 92
94 113
94 118
94 154
95 23
95 28
95 84
95 110
95 123
95 137
95 156
95 221
95 275
96 62
96 82
96 97
96 114
97 49
97 105
97 158
97 175
97 235
98 1
98 43
98 44
98 47
98 107
98 132
98 159
98 175
98 205
98 227
98 273
98 299
99 2
99 33
99 119
99 153
99 175
99 288
99 294
100 12
100 71
100 81
100 273
100 284
101 38
101 65
101 166
101 220
101 269
102 133
102 175
102 268
103 118
103 126
103 131
103 153
103 168
103 214
103 216
103 277
104 62
104 225
104 263
104 267
104 293
104 296
105 9
105 22
105 41
105 59
105 129
105 135
105 148
105 167
105 198
105 204
105 216
105 217
105 222
106 10
106 12
106 54
106 117
106 133
106 215
106 239
106 240
107 2
107 26
107 72
107 87
107 111
107 124
107 131
107 173
107 299
108 51
108 105
108 118
108 122
108 135
108 137
108 155
108 203
108 206
108 294
109 244
109 293
110 197
110 216
110 245
111 1
111 30
111 78
111 127
111 130
111 137
111 170
111 194
111 217
111 289
112 97
112 142
112 183
113 28
113 42
113 60
113 69
113 79
113 120
113 166
113 207
113 209
113 278
114 30
114 52
114 73
114 97
114 259
115 37
115 39
115 41
115 82
115 148
115 150
115 174
115 258
115 272
115 278
116 40
116 113
116 151
116 152
116 155
116 186
116 222
116 268
116 297
117 77
117 102
117 109
117 143
117 175
117 180
117 238
118 49
118 151
118 157
118 159
118 174
118 195
118 208
118 229
119 9
119 90
119 91
119 136
119 160
119 217
120 1
120 22
120 54
120 69
120 158
120 163
120 205
120 242
120 249
121 59
121 70
121 77
121 93
121 141
121 144
121 185
121 213
121 240
122 88
122 123
122 210
123 103
123 173
123 223
123 253
123 281
124 14
124 51
124 54
124 184
124 208
124 211
125 20
125 85
125 135
125 265
125 286
126 41
126 84
126 170
126 186
126 196
126 197
127 118
127 130
127 222
127 275
128 56
128 70
128 77
128 99
129 22
129 25
129 38
129 84
129 278
130 17
130 104
130 113
130 147
130 239
131 31
131 52
131 114
131 257
131 283
131 292
132 11
132 75
132 117
132 163
132 165
132 222
132 281
133 20
133 27
133 35
133 58
133 98
133 136
133 192
133 261
133 281
134 30
134 42
134 43
134 44
135 281
135 286
136 5
136 13
136 54
136 63
136 84
136 132
136 142
136 157
136 187
136 203
136 246
137 26
137 82
137 151
137 185
137 259
137 284
137 295
138 31
138 74
138 94
138 111
138 150
138 176
138 201
138 205
138 211
138 262
138 267
139 7
139 31
139 94
140 133
140 138
140 214
140 284
141 39
141 106
141 116
141 196
141 220
141 246
141 295
142 11
142 17
142 22
142 30
142 56
142 128
142 138
142 149
143 8
143 53
143 85
143 113
143 171
143 203
143 220
143 268
144 79
144 118
144 165
144 173
144 190
144 196
144 203
144 205
144 283
145 163
145 300
146 107
146 117
146 184
146 219
147 21
147 22
147 24
147 29
147 58
147 90
147 125
147 182
147 206
147 257
147 269
147 294
148 28
148 43
148 80
148 197
148 278
149 36
149 45
149 47
149 99
149 109
149 117
149 118
149 137
149 169
149 214
149 246
149 253
149 257
149 268
149 293
150 123
150 125
150 187
150 201
150 273
151 32
151 89
151 95
151 216
151 225
151 277
151 300
152 51
152 100
152 149
152 151
152 179
152 229
153 25
153 47
153 151
153 163
153 191
153 225
153 269
154 106
154 188
154 273
155 96
155 174
155 195
155 214
156 86
156 147
156 183
156 184
156 206
157 174
157 237
157 260
158 39
158 110
158 151
158 154
158 176
158 275
158 291
159 92
159 127
159 184
159 225
159 228
159 264
160 35
160 82
160 192
160 293
161 17
161 35
161 60
161 123
161 165
161 195
162 7
162 100
162 141
162 189
162 220
162 288
162 293
163 49
163 65
163 89
163 123
163 235
163 262
163 276
164 31
164 86
164 299
165 7
165 37
165 65
165 69
165 77
165 87
165 111
165 135
165 147
165 162
165 249
166 73
166 157
166 159
167 27
167 178
167 267
167 277
167 296
168 1
168 21
168 106
168 287
169 7
169 14
169 43
169 185
169 192
169 269
169 275
170 24
170 50
170 114
170 125
170 181
170 187
170 204
170 261
171 19
171 28
171 35
171 83
171 109
171 224
171 259
172 15
172 39
172 118
172 173
172 181
172 191
172 240
172 248
172 262
172 276
172 293
173 52
173 53
173 76
173 128
173 223
173 247
174 7
174 24
174 78
174 98
174 106
174 119
174 132
174 287
175 37
175 49
175 100
175 152
175 197
175 217
175 220
176 39
176 98
176 224
176 232
177 8
177 41
177 42
177 43
177 84
177 101
177 109
177 111
177 140
177 150
177 162
177 168
177 178
177 249
177 299
178 19
178 41
178 76
178 125
178 145
178 147
178 168
178 203
178 248
178 249
178 278
179 34
179 65
179 78
179 126
179 134
179 163
179 268
179 283
180 69
180 84
180 91
180 110
180 159
180 162
180 270
181 9
181 22
181 43
181 60
181 79
181 133
181 143
181 178
181 182
181 214
181 245
181 269
182 99
182 152
182 189
182 224
182 238
183 49
183 50
183 56
183 142
183 174
183 239
183 241
183 278
183 293
183 297
184 20
184 68
184 94
184 106
184 126
184 131
184 171
184 258
184 279
185 53
185 116
185 220
185 287
186 57
186 123
186 151
186 174
186 187
186 232
187 107
187 163
187 168
187 266
187 273
188 4
188 25
188 108
188 161
188 260
189 12
189 80
189 173
189 265
189 279
190 84
190 135
190 166
190 183
190 196
190 201
190 238
190 262
191 46
191 227
191 228
191 244
191 259
191 292
192 4
192 73
192 246
193 50
193 220
194 59
194 277
194 296
195 99
195 122
196 7
196 22
196 102
196 124
196 145
196 189
196 267
196 287
197 21
197 44
197 84
197 89
197 119
197 135
197 144
197 147
197 223
197 259
198 5
198 26
198 99
198 113
198 122
198 192
198 209
199 115
199 134
199 138
199 165
199 203
199 295
199 299
200 3
200 58
200 83
200 114
200 127
200 138
200 152
200 173
200 181
200 202
200 205
200 217
200 226
200 251
201 10
201 28
201 53
201 69
201 151
201 170
201 193
201 236
201 266
202 8
202 46
202 77
202 94
202 110
202 120
202 139
202 169
202 203
202 225
202 268
203 16
203 19
203 29
203 65
203 87
203 140
203 172
203 196
203 271
204 10
204 37
204 75
204 112
204 120
204 181
204 250
205 7
205 11
205 29
205 38
205 82
205 114
205 117
205 121
205 198
205 238
206 21
206 54
206 76
206 94
206 142
206 155
206 239
206 252
206 254
206 277
207 45
207 150
207 154
207 192
207 229
207 259
208 16
208 29
208 56
208 60
208 68
208 71
208 167
209 42
209 85
209 230
209 256
210 23
210 24
210 26
210 32
210 60
210 63
210 97
210 115
210 127
210 129
210 247
210 265
210 279
210 294
211 38
211 82
211 103
211 126
211 133
211 184
211 195
211 224
211 229
211 235
212 154
212 162
212 238
212 257
212 284
213 92
213 110
213 112
213 114
213 118
213 152
213 171
213 177
213 264
214 69
214 203
214 274
214 281
215 14
215 53
215 217
215 281
216 47
216 82
216 106
216 171
216 218
216 262
216 269
217 7
217 14
217 56
217 116
217 129
217 216
218 1
218 12
218 40
218 115
218 119
218 184
218 188
218 190
218 255
219 27
219 37
219 90
219 101
219 107
219 130
219 259
219 292
220 57
220 173
220 259
220 264
221 35
221 45
221 78
221 102
221 116
221 200
221 260
222 9
222 18
222 65
222 70
222 99
222 102
222 113
222 124
222 131
222 167
222 219
222 246
223 12
223 58
223 73
223 112
223 113
223 138
223 151
223 159
223 166
223 182
223 242
224 61
224 108
224 118
224 163
224 164
224 187
224 237
224 258
224 287
225 91
225 137
225 150
225 189
225 287
226 99
226 157
226 179
226 191
226 203
226 205
227 53
227 185
227 207
227 292
227 300
228 9
228 25
228 66
228 77
228 88
228 169
228 231
228 259
229 19
229 98
229 149
229 197
230 11
230 31
230 72
230 192
231 24
231 82
231 134
231 166
231 188
231 235
231 244
231 252
231 269
232 49
232 66
232 104
232 136
232 140
232 145
232 159
232 237
232 272
232 275
232 300
233 44
233 50
233 90
233 142
233 295
234 35
234 91
234 211
234 227
234 239
235 70
235 127
235 138
235 143
235 214
235 284
236 25
236 46
236 68
236 74
236 102
236 109
237 39
237 125
237 139
237 143
237 206
237 243
238 83
238 125
238 159
238 223
238 287
239 31
239 56
239 57
239 119
239 127
239 161
239 287
240 3
240 7
240 8
240 15
240 34
240 154
240 176
240 219
240 239
240 277
240 278
240 283
240 295
241 6
241 98
241 125
241 173
241 208
241 211
241 214
241 295
242 14
242 17
242 20
242 41
242 81
242 89
242 144
242 210
242 231
242 245
242 277
242 278
243 53
243 111
243 122
243 142
243 186
243 217
243 231
243 240
244 16
244 74
244 83
244 100
244 115
244 147
244 148
244 164
244 253
244 277
245 51
245 78
245 88
245 134
245 149
245 173
245 249
246 3
246 60
246 114
246 196
246 288
247 20
247 33
247 35
247 101
247 115
247 152
247 217
247 290
248 9
248 25
248 38
248 54
248 158
248 195
248 219
248 223
248 263
249 70
249 130
249 140
249 152
249 153
249 157
249 172
249 188
249 196
250 10
250 69
250 244
250 247
250 281
251 23
251 91
251 105
251 144
251 151
251 158
251 164
251 170
251 187
251 216
251 287
252 50
252 102
252 123
252 261
253 73
253 121
253 182
253 205
253 281
254 10
254 46
254 83
254 100
254 175
254 188
254 239
254 297
255 202
255 211
255 229
255 239
255 259
255 262
255 283
256 6
256 54
256 96
256 159
256 291
257 72
257 79
257 105
257 128
257 172
258 13
258 75
258 85
258 129
258 191
258 243
258 294
259 5
259 100
259 117
259 142
259 182
259 185
259 258
259 278
260 42
260 113
260 173
260 179
260 279
261 32
261 48
261 64
261 154
261 186
261 269
262 20
262 56
262 140
262 159
262 228
262 247
263 40
263 106
263 111
263 161
263 270
264 77
264 136
264 287
265 37
265 38
265 123
265 138
265 152
265 198
265 221
265 266
265 273
265 289
265 299
266 21
266 52
266 92
266 157
266 219
266 227
266 236
266 285
266 300
267 23
267 59
267 137
267 160
267 201
267 211
267 245
267 264
267 275
267 286
268 280
268 285
269 4
269 37
269 84
269 143
269 163
269 187
269 202
270 8
270 22
270 142
270 173
270 228
271 90
271 113
271 143
271 166
271 230
272 35
272 118
272 197
272 219
272 223
272 267
273 1
273 20
273 112
273 166
273 210
273 223
273 237
273 260
273 262
274 117
274 176
274 227
274 260
275 75
275 78
275 85
275 206
275 233
275 236
276 21
276 47
276 56
276 99
276 160
276 254
276 272
277 6
277 23
277 51
277 99
277 122
277 137
277 248
277 250
278 138
278 159
278 214
279 13
279 57
279 154
279 170
279 171
279 205
279 212
279 293
280 42
280 67
280 109
280 142
280 145
280 146
280 148
280 153
280 203
281 37
281 154
281 185
281 254
282 7
282 14
282 49
282 82
282 111
282 219
282 266
283 26
283 75
283 128
283 238
284 71
284 101
284 111
284 148
284 166
284 287
284 290
285 148
285 228
285 278
286 7
286 42
286 115
286 149
286 193
286 215
286 266
287 41
287 226
288 29
288 34
288 43
288 56
288 80
288 253
289 27
289 109
289 120
289 156
289 175
289 202
289 247
290 85
290 91
290 124
290 138
290 148
290 222
290 235
290 252
291 28
291 116
291 129
291 155
291 183
291 185
292 24
292 82
292 102
292 148
292 169
292 204
292 235
292 250
293 35
293 55
293 62
293 184
293 229
294 132
294 152
294 155
294 186
295 83
295 146
295 148
295 208
295 214
295 278
296 91
296 151
296 277
297 77
297 96
297 150
297 187
297 249
297 253
297 276
298 34
298 39
298 58
298 203
298 224
299 106
299 123
299 129
299 197
299 261
300 86
300 201
300 208
300 233
300 239
300 250

