200 50
831146420 1059215546 1 2 3531669913 3122496108 1956287338 1 3723598019 1 4018510013 1 1999179316 2704976111 1 998572228 1 2162850256 3761383508 1 1 1 1 1 4072722649 4037138798 2218018817 2 1046209385 2603317680 1309729626 4043752185 1529564967 2578043970 2673419611 1 2119795249 1183963638 3 2498047038 2898672555 3028505642 3 1 4088625901 3650576892 3586905777 1 1 2150928789 3945961952 878637049 1942954556 133482049 1 4208630950 3255444605 1 1 1 1 3695578360 1009209905 1 3385934826 4006244838 4241868264 1 1587654263 48394537 1 1056321476 1 3879325370 1111783867 156058500 1433577299 3928305819 838211963 3544425820 1 3393204794 3 4253404858 1 2252699187 2 1565713957 3918943818 3287301277 3336015852 1 257300324 4 1 1660967548 1110915043 776290700 1617696309 1 1 1 1 1276123691 3676263380 1 2687505216 1 4 3083652443 1 2087652913 262681142 1 1 4277334720 800409850 1 1 3896684903 2689277417 998852407 2099733179 227035428 5 1 3757803287 4058634275 1 1 1 3 3220394198 472756257 1569144949 85547104 4129735367 2207220310 3450829335 1 1 3 363145064 836247984 1841251004 1 160578046 460845089 1 1311809485 4 1 212346275 862288817 2290313008 1 1 1926499849 1 1270258869 1 1398367278 3057233950 882172239 1284993732 192646012 1 1 3246055882 1 1 3323609881 3285629359 2653497762 1 1 1326198173 210881872 1771892826 4180655627 1 360515962 140884645 1 1 1 2150938778 2274171464 1 1172033886 1034092013 2285264945 1 1996560442 1990750121 1 1982318307 1 1 1 
3 106
4 103
10 157
20 92
20 109
21 149
22 129
22 189
24 8
28 168
36 55
39 58
39 185
43 83
44 198
49 125
58 60
59 132
61 159
64 85
68 22
87 100
87 131
94 15
94 23
95 3
109 101
111 186
115 167
118 151
119 28
125 81
125 156
126 48
126 142
130 83
132 71
140 114
141 146
142 43
151 108
152 73
161 17
170 199
176 171
181 12
184 4
193 175
196 161
200 102

