50 100
44 7 11 3 15 8 7 14 1 6 2 23 7 17 25 4 3 2 3 4 9 12 1 1 12 26 1 9 1 35 2 2 1420551197 50 1 4 2 3 4 9 7 51 1 11 19 10 9 44 1 5 
1 5
1 13
1 15
1 36
1 37
2 12
2 20
2 30
3 25
4 20
4 32
5 34
6 3
6 29
7 15
8 1
8 43
9 30
9 38
10 21
10 26
10 45
11 35
12 40
12 42
12 47
12 50
13 15
13 17
14 19
14 27
14 34
15 47
16 40
17 9
18 14
18 27
18 48
21 3
21 11
21 27
22 3
22 19
23 26
25 5
25 16
25 28
25 36
25 41
26 3
26 5
26 38
27 28
28 8
30 14
30 15
30 47
31 16
32 20
32 25
32 29
34 17
34 26
34 35
34 43
34 50
36 14
36 27
37 24
38 6
39 7
39 44
39 45
40 26
41 7
41 49
42 3
42 7
42 8
42 22
42 38
44 10
44 23
44 47
45 9
45 18
45 22
45 42
45 46
46 34
46 42
46 48
47 3
48 1
48 27
48 30
48 31
48 34
48 49
50 19

