200 100
3437440321 2060623480 2 2493223331 77660770 8 2365997305 14 1 1 6 1 256367577 1 3186873882 1 1 1 3 2 3 3296815320 6 3445261727 1 2625329435 441956103 1 4 2251288039 1 3668318405 2646853403 4 2187104162 1 5 1 1 1 1 1 363725028 1480659071 4146551091 3727249506 2 1 2 1 1 1 1254533038 7 15 2 1 2127905435 4254617772 3166532565 2 1641207141 3 1 2 2821948142 1 4 3632707590 1 1 4 1 1490010683 1 3361413598 4 1 1 4180381674 3962959632 1 1 3790626842 2 3655463713 1 3 4178281122 1480384742 2 1 2834165589 1 143831284 1 1 3 2951446443 1977168809 1327641029 1 3 1 2974546854 1 1 1 1 1519576973 1 1 2708978550 3864290565 923444391 1 733659701 5 4149182256 75935393 1 4 3238675671 3772205834 15212137 2432832050 2786517298 1 11 140280735 566668807 1 1 6 1 97265955 1 1 264434167 1 1 1 1 833504118 1 1 1 98768508 1 1091496899 1 3 1 1 4 1526582063 1 1 1 1 1 2616349560 7 2 1 28780493 3242291244 3784017003 2723653114 1 2104569555 1 3551638255 4 2617825171 1 1 438933924 998007663 4 3654895080 4 1 1 1 1853296207 1 3 1 1 2 1 1 694013461 3104094353 2 3336108474 136905206 1 2 
3 128
6 34
6 88
6 174
8 17
8 78
8 158
8 159
9 191
10 132
11 3
16 36
18 92
19 37
21 23
23 106
23 129
34 29
37 82
38 149
39 47
42 14
47 92
48 29
49 155
51 192
54 172
54 196
55 63
55 200
56 199
57 134
61 68
63 122
63 176
64 161
67 21
68 151
70 49
70 55
71 97
72 98
73 143
75 31
77 28
77 163
79 12
83 72
85 19
87 137
88 55
88 70
92 141
96 20
98 11
98 183
103 65
104 155
107 25
108 154
109 18
112 170
116 122
118 102
118 182
121 146
129 20
129 63
132 49
133 61
134 54
134 103
135 157
138 152
138 193
140 91
141 129
142 94
145 50
147 41
151 11
154 145
158 145
160 91
163 111
163 189
164 65
164 118
165 185
174 97
177 180
180 37
187 184
188 40
188 182
190 85
191 56
193 153
196 52
200 152

