250 2000
43 41 80 148 24 107 40 70 231 169 193 333 162 80 203 36 37 218 104 38 9 115 6 159 20 276 3 21 138 240 126 115 168 199 24 88 124 19 132 377 304 228 9 135 143 86 244 195 24 64 12 152 86 244 139 92 40 114 23 7 28 33 118 53 144 292 7 113 177 66 27 28 37 100 76 54 140 1 184 154 295 186 28 82 22 321 138 331 170 68 32 34 34 39 216 85 45 143 199 376 179 47 141 56 405 181 14 8 45 25 311 192 259 280 37 75 263 97 275 29 177 275 71 147 33 38 19 47 23 29 175 136 740 79 146 185 119 26 437 36 70 277 38 243 197 149 56 465 12 384 76 159 63 64 213 77 100 235 26 143 220 26 142 53 285 71 275 71 138 239 133 321 181 41 64 45 65 37 193 28 167 197 232 142 228 106 164 16 191 167 190 111 72 263 183 29 81 20 106 127 222 8 60 98 116 304 156 37 48 147 37 114 56 243 179 35 79 593 96 230 121 71 258 33 125 57 33 166 184 78 13 223 111 121 57 130 162 266 36 11 139 60 74 54 171 57 66 294 406 148 
1 36
1 68
1 102
1 141
1 221
1 241
1 242
2 9
2 12
2 69
2 80
2 122
2 158
3 6
3 9
3 15
3 85
3 86
3 135
3 172
3 183
3 202
4 5
4 13
4 20
4 29
4 75
4 105
4 151
4 190
5 69
5 116
5 117
5 124
5 158
5 198
5 207
5 209
6 105
6 133
6 157
6 161
6 199
6 232
7 22
7 31
7 42
7 84
7 164
7 206
7 230
8 13
8 24
8 37
8 73
8 171
8 200
8 217
8 229
8 230
8 239
9 7
9 12
9 39
9 64
9 66
9 102
9 103
9 107
9 121
9 131
9 162
9 177
9 235
9 243
10 84
10 98
10 139
10 141
10 144
10 152
10 180
10 189
10 218
10 236
11 22
11 39
11 42
11 105
11 109
11 150
11 167
11 228
12 3
12 50
12 67
12 82
12 84
12 110
12 158
12 166
12 203
13 23
13 62
13 108
13 238
14 39
14 62
14 63
14 67
14 74
14 88
14 133
14 238
15 97
15 136
15 144
16 7
16 18
16 136
16 146
16 151
16 197
16 221
17 77
17 137
17 192
17 246
18 3
18 6
18 12
18 92
18 124
18 150
18 153
18 159
18 170
19 12
19 53
19 54
19 152
19 175
19 182
19 197
20 88
20 135
20 160
20 164
20 214
20 241
20 249
21 87
21 119
21 122
21 158
22 144
22 156
22 195
22 216
22 217
22 228
22 231
23 34
23 121
23 128
23 227
24 44
24 54
24 89
24 119
24 143
24 178
24 207
24 215
24 248
25 51
25 91
25 142
25 165
25 166
25 192
26 40
26 54
26 55
26 139
26 165
26 183
27 85
27 86
27 88
27 93
27 112
27 155
27 177
27 224
28 5
28 10
28 24
28 33
28 50
28 84
28 110
28 117
28 124
28 138
28 143
28 176
28 214
29 14
29 25
29 65
29 68
29 109
29 120
29 140
29 245
30 50
30 80
30 86
30 89
30 96
30 108
30 109
30 115
30 172
30 173
30 190
30 211
30 215
30 235
30 243
30 244
31 16
31 81
31 106
31 136
31 144
31 170
31 175
31 196
31 235
32 1
32 101
32 166
32 211
32 230
32 248
33 21
33 58
33 104
33 163
33 176
33 188
33 189
33 195
34 2
34 50
34 96
34 98
34 106
34 122
34 206
34 214
34 232
35 41
35 113
35 142
35 155
35 164
35 248
36 43
36 104
36 126
36 137
36 189
36 220
36 231
37 86
37 155
37 195
38 43
38 186
39 27
39 41
39 50
39 81
39 95
39 189
39 203
39 225
40 6
40 22
40 35
40 104
40 108
40 110
40 119
40 148
40 240
41 11
41 18
41 26
41 27
41 29
41 30
41 64
41 82
41 169
41 203
41 249
42 84
42 106
42 111
42 119
42 149
42 191
42 194
42 221
42 226
43 62
43 106
43 159
43 160
43 177
43 183
43 244
44 34
44 62
44 168
44 207
44 212
45 15
45 18
45 89
45 93
45 196
45 213
45 233
45 246
46 7
46 135
46 178
46 190
46 206
46 219
46 236
46 242
47 3
47 13
47 31
47 83
47 97
47 100
47 103
47 105
47 138
47 149
47 150
47 167
47 187
47 194
47 198
47 240
48 21
48 34
48 54
48 56
48 69
48 131
48 156
48 214
48 230
48 240
49 17
49 69
49 82
49 100
49 155
49 180
49 245
50 97
50 99
50 106
50 152
50 229
50 233
51 37
51 73
51 178
51 213
51 215
51 244
52 34
52 37
52 40
52 43
52 57
52 79
52 100
52 112
52 176
52 206
52 212
53 28
53 70
53 79
53 122
53 137
53 203
54 13
54 84
54 153
54 172
54 209
54 219
54 239
55 11
55 94
55 95
55 110
55 127
55 133
55 197
55 223
56 42
56 53
56 63
56 78
56 110
56 146
56 158
56 185
56 249
57 71
57 73
57 126
57 130
57 175
58 12
58 32
58 87
58 112
58 120
58 141
58 184
58 190
58 211
59 28
59 36
59 41
59 55
59 88
59 90
59 98
59 159
59 165
60 33
60 81
60 102
60 145
60 169
60 200
60 228
60 244
61 7
61 21
61 89
61 148
61 156
61 185
61 242
62 33
62 57
62 165
63 9
63 54
63 112
63 150
63 191
63 249
64 4
64 67
64 103
64 126
64 144
64 185
64 220
65 14
65 15
65 54
65 75
65 86
65 128
65 157
65 192
65 214
66 16
66 36
66 59
66 97
66 120
66 125
66 126
66 128
66 189
66 191
66 219
66 229
66 249
67 5
67 72
67 93
67 107
67 120
67 150
67 220
67 224
68 146
68 171
68 196
68 210
68 227
69 59
69 64
69 110
69 126
69 168
69 188
69 206
69 214
70 12
70 13
70 26
70 39
70 51
70 76
70 128
70 164
70 214
71 4
71 6
71 8
71 15
71 35
71 76
71 105
71 152
71 225
72 15
72 23
72 121
72 142
72 179
72 250
73 36
73 54
73 143
74 13
74 30
74 59
74 124
74 204
74 221
74 247
75 41
75 66
75 81
75 143
76 49
76 88
76 158
76 179
76 192
76 199
76 200
77 33
77 43
77 46
77 49
77 69
77 115
77 134
77 137
77 152
77 155
77 177
78 39
78 48
78 58
78 73
78 89
78 122
78 124
78 143
78 162
78 221
78 224
79 21
79 95
79 140
79 186
79 191
79 193
79 197
80 10
80 29
80 38
80 49
80 94
80 107
80 161
80 162
80 163
80 174
80 193
80 234
81 37
81 55
81 76
81 91
81 95
81 135
81 137
81 181
81 201
82 8
82 26
82 79
82 107
82 111
82 112
82 137
82 141
82 147
82 199
82 206
82 208
83 7
83 26
83 73
83 99
83 193
84 4
84 19
84 31
84 74
85 2
85 11
85 46
85 48
85 87
85 104
85 117
85 129
85 133
85 179
85 236
85 246
86 9
86 48
86 63
86 135
86 145
86 163
86 232
86 248
87 13
87 40
87 73
87 93
87 95
87 113
87 179
87 181
87 208
87 227
88 62
88 83
88 87
88 124
88 148
88 173
88 181
88 184
88 225
89 52
89 75
89 131
89 147
89 155
89 237
90 20
90 103
91 11
91 28
91 33
91 73
91 77
91 99
91 112
91 122
91 142
91 171
91 173
92 61
92 106
92 113
92 121
92 163
92 164
92 201
92 211
92 220
92 232
92 246
93 12
93 18
93 86
93 100
93 121
93 139
93 235
94 32
94 174
94 202
95 13
95 64
95 80
95 115
95 126
95 130
95 150
95 209
95 215
95 224
95 226
95 249
96 21
96 60
96 170
96 175
96 211
96 232
97 28
97 59
97 116
97 167
97 191
97 212
97 223
98 189
98 192
98 246
99 58
99 62
99 66
99 153
99 186
99 192
99 203
99 206
100 6
100 20
100 43
100 67
100 70
100 96
100 103
100 105
100 175
100 182
100 189
100 203
100 205
100 214
100 222
100 238
101 7
101 116
101 184
101 233
101 240
101 242
102 27
102 121
102 133
102 201
102 203
102 226
103 2
103 12
103 187
103 232
104 2
104 18
104 48
104 67
104 71
104 96
104 116
104 121
104 122
104 153
104 206
105 42
105 59
105 68
105 169
105 172
105 173
105 195
105 199
106 9
106 54
106 67
106 87
106 98
106 111
106 156
106 158
106 167
106 207
106 237
106 241
107 18
107 27
107 44
107 100
107 117
107 121
107 218
107 221
107 237
108 34
108 53
108 69
108 98
108 118
108 131
108 135
108 203
109 10
109 24
109 50
109 79
109 120
109 128
109 161
109 201
109 235
110 16
110 19
110 23
110 51
110 71
110 76
110 100
110 128
110 165
110 223
111 17
111 45
111 73
111 89
111 92
111 118
111 138
111 160
111 208
111 212
111 236
111 238
112 56
112 158
112 221
113 6
113 56
113 84
113 86
113 91
113 124
113 156
113 158
113 183
113 221
114 21
114 45
114 46
114 142
114 154
114 159
114 165
114 167
114 174
114 199
114 218
114 221
115 40
115 117
115 150
115 214
116 35
116 98
116 128
116 136
116 148
116 152
117 29
117 37
117 96
117 128
117 158
117 177
118 9
118 83
118 98
118 103
118 179
118 227
118 230
119 14
119 25
119 88
119 111
119 149
119 172
119 183
119 212
119 237
120 23
120 106
120 160
120 197
121 31
121 112
121 134
121 160
121 181
121 218
121 223
121 229
122 10
122 29
122 35
122 57
122 72
122 73
122 114
123 41
123 44
123 144
123 188
123 199
123 218
123 224
123 245
124 8
124 12
124 30
124 41
124 126
124 173
124 198
124 244
125 4
125 23
125 26
125 38
125 72
125 87
125 190
126 61
126 73
126 101
126 193
126 194
126 197
126 216
127 2
127 11
127 12
127 15
127 17
127 29
127 41
127 57
127 121
127 142
127 202
127 226
127 230
128 2
128 58
128 94
128 98
128 134
128 141
128 182
128 183
128 186
128 230
129 19
129 52
129 57
129 65
129 75
129 138
129 143
129 184
129 219
130 25
130 86
130 101
130 105
130 117
130 165
130 211
130 228
131 4
131 22
131 36
131 47
131 56
131 88
131 113
131 129
131 148
131 233
132 16
132 39
132 53
132 83
132 87
132 105
132 121
132 131
132 176
132 195
132 245
133 1
133 29
133 49
133 59
133 77
133 93
133 99
133 107
133 110
133 126
133 137
133 140
133 145
133 156
133 164
133 198
133 235
134 2
134 10
134 111
134 129
134 168
135 42
135 120
135 125
135 172
135 177
135 183
135 210
135 233
135 234
135 241
136 18
136 34
136 78
136 81
136 105
136 110
136 111
136 119
136 129
136 150
136 198
136 201
136 208
136 236
136 240
137 71
137 111
137 205
137 229
138 8
138 25
138 56
138 60
138 104
138 145
138 151
138 152
138 228
139 70
139 78
139 84
139 96
139 97
139 100
139 101
139 110
139 120
139 122
139 127
139 170
139 194
139 234
140 30
140 105
140 178
140 218
140 222
141 44
141 207
141 228
142 3
142 43
142 122
142 155
142 191
142 221
142 234
143 47
143 60
143 72
143 92
143 100
143 108
143 169
143 172
143 204
143 215
144 26
144 68
144 96
144 120
144 176
144 181
145 38
145 51
145 55
145 151
145 158
145 167
145 189
145 192
145 222
145 249
146 1
146 8
146 62
146 99
146 101
146 117
146 123
146 139
146 151
146 172
146 182
146 210
147 90
147 187
147 214
147 227
147 238
147 249
148 6
148 44
148 80
148 92
148 96
148 112
148 119
148 133
148 202
148 204
148 226
148 236
148 238
148 246
149 5
149 7
149 8
149 15
149 84
149 99
149 189
149 207
149 223
149 232
149 235
149 238
150 14
150 20
150 22
150 86
150 87
150 124
150 125
150 160
150 175
150 193
150 197
150 225
151 3
151 10
151 117
151 140
151 142
151 154
151 183
151 189
151 203
151 216
151 234
151 237
151 244
152 51
152 203
152 244
153 86
153 93
153 133
153 229
154 17
154 75
154 181
154 234
155 15
155 33
155 38
155 59
155 97
155 171
155 174
155 187
156 26
156 70
156 81
156 125
156 165
156 179
157 55
157 79
157 90
157 100
157 159
157 168
157 192
157 194
157 221
157 228
157 229
158 18
158 26
158 64
158 82
158 128
158 154
158 200
158 240
159 30
159 34
159 68
159 144
159 148
159 149
159 154
159 180
159 215
160 19
160 30
160 151
160 216
161 15
161 37
161 58
161 69
161 103
161 131
161 134
161 206
162 15
162 19
162 76
162 84
162 104
162 118
162 149
162 228
163 1
163 26
163 97
163 124
163 136
163 195
164 31
164 85
164 94
164 139
164 212
165 36
165 76
165 80
165 81
165 87
165 91
165 98
165 112
165 132
165 154
165 192
165 209
165 235
166 35
166 40
166 44
166 57
166 80
166 87
166 102
166 105
166 109
166 127
166 168
166 238
167 19
167 100
167 150
167 172
167 180
167 186
167 191
167 235
168 4
168 29
168 75
168 92
168 114
168 162
168 180
168 191
169 1
169 4
169 94
169 101
169 133
169 141
169 181
169 187
169 223
169 226
169 239
169 248
170 11
170 23
170 81
170 88
170 163
170 189
170 193
170 220
170 222
171 40
171 90
171 144
171 189
172 16
172 99
172 103
172 122
172 129
172 166
172 240
173 25
173 71
173 108
173 169
173 193
173 227
174 117
174 134
174 151
174 152
174 167
175 52
175 98
175 152
175 180
175 198
175 236
175 242
176 10
176 15
176 90
176 133
176 216
177 101
177 150
177 202
177 239
178 43
178 89
178 111
178 117
178 187
178 188
178 214
178 229
179 19
179 26
179 34
179 79
179 131
179 140
179 142
179 218
179 226
180 42
180 227
180 232
180 243
181 24
181 30
181 34
181 161
181 213
181 236
181 241
182 26
182 35
182 44
182 73
182 123
182 170
182 209
182 220
183 8
183 153
183 206
183 211
183 226
183 230
184 46
184 76
184 154
184 174
184 242
185 39
185 81
185 82
185 93
185 121
185 144
185 162
185 165
185 190
185 218
185 220
185 226
185 247
186 7
186 15
186 63
186 92
186 105
186 122
186 131
186 133
186 152
186 159
187 21
187 80
187 107
187 160
187 163
187 208
187 210
187 235
187 239
188 44
188 56
188 75
189 26
189 53
189 183
189 193
189 197
189 211
189 250
190 37
190 95
190 128
190 161
191 17
191 34
191 35
191 36
191 70
191 115
191 120
191 189
192 18
192 64
192 79
192 83
192 84
192 87
192 96
192 108
192 171
192 190
192 227
192 250
193 21
193 71
193 196
193 200
193 201
194 16
194 63
194 82
194 86
194 99
194 122
194 142
194 161
194 167
194 184
194 190
194 199
194 242
194 244
195 10
195 99
195 148
195 165
195 230
195 250
196 10
196 102
196 117
196 161
196 168
196 187
197 34
197 65
197 70
197 97
197 139
197 151
197 190
197 235
198 99
198 141
198 180
198 239
199 30
199 44
199 227
200 23
200 127
200 150
200 184
200 195
200 220
200 221
201 1
201 116
201 119
201 126
201 157
201 169
201 172
201 180
201 208
201 249
202 5
202 18
202 30
202 64
202 132
202 158
202 173
203 9
203 15
203 23
203 90
203 162
203 164
203 201
203 210
204 12
204 15
204 61
204 64
204 182
204 215
205 21
205 55
205 70
205 81
205 117
205 127
205 135
205 140
205 168
205 186
205 189
205 215
206 35
206 112
206 130
206 157
206 170
206 193
206 218
206 234
207 7
207 12
207 88
207 123
207 136
207 177
207 184
207 243
207 244
207 246
208 44
208 147
208 171
208 190
208 226
209 29
209 40
209 97
210 2
210 4
210 21
210 50
210 69
210 74
210 101
210 129
210 199
210 223
211 40
211 45
211 61
211 64
211 67
211 83
211 158
211 221
212 16
212 37
212 73
212 92
212 101
212 136
212 137
212 202
212 204
212 224
213 19
213 25
213 61
213 108
213 113
213 150
213 173
213 178
213 226
213 227
214 53
214 58
214 119
214 182
214 204
214 218
214 228
215 32
215 34
215 148
215 152
215 156
215 171
215 172
215 226
215 229
216 39
216 196
216 218
217 7
217 13
217 27
217 37
217 40
217 78
217 97
217 117
217 149
217 165
218 5
218 26
218 29
218 42
218 43
218 112
218 129
218 167
218 183
218 201
218 235
218 244
218 246
219 3
219 16
219 43
219 77
219 94
219 111
219 146
219 153
219 158
219 190
220 1
220 58
220 83
220 125
220 171
220 202
220 222
220 249
221 6
221 14
221 54
221 100
221 122
221 124
221 132
221 145
221 205
221 220
222 4
222 97
222 125
222 191
222 249
223 13
223 28
223 60
223 126
223 139
223 144
223 159
223 184
223 211
223 237
224 35
224 86
224 247
225 44
225 66
225 118
225 143
225 155
225 166
225 200
225 216
225 218
226 36
226 89
226 113
226 145
226 173
226 181
227 84
227 97
227 119
227 126
228 14
228 23
228 47
228 52
228 90
228 151
228 154
228 161
228 167
228 197
228 223
228 237
228 242
228 248
229 1
229 14
229 48
229 79
229 101
229 115
229 123
229 159
229 196
230 18
230 20
230 85
230 104
230 144
230 184
230 191
230 247
231 6
231 96
231 110
232 9
232 19
232 50
232 99
232 119
232 124
232 143
232 209
233 9
233 21
233 40
233 42
233 48
233 61
233 79
233 107
233 114
233 123
233 147
233 166
234 5
234 9
234 12
234 56
234 103
234 115
234 126
234 144
234 236
235 32
235 53
235 89
235 116
235 118
235 121
235 131
235 186
235 250
236 45
236 95
236 117
236 120
237 1
237 21
237 40
237 97
237 121
237 170
237 196
237 198
238 62
238 85
238 86
238 103
238 106
238 134
238 145
238 158
239 74
239 89
239 91
239 143
239 179
240 13
240 18
240 31
240 43
240 66
240 79
240 122
240 131
240 133
240 160
240 171
240 174
240 182
240 218
241 16
241 39
241 96
241 104
241 144
241 165
241 183
241 198
241 208
242 6
242 14
242 25
242 107
242 126
242 162
242 195
242 214
242 217
243 105
243 148
243 156
243 172
243 214
244 6
244 9
244 25
244 62
244 76
244 89
244 118
244 138
244 206
244 240
245 32
245 36
245 69
245 72
245 114
245 117
245 128
245 157
245 159
245 179
245 212
245 227
245 240
246 14
246 26
246 35
246 54
246 68
246 113
246 120
246 128
246 160
246 226
246 240
247 88
247 97
247 111
247 114
248 16
248 46
248 60
248 88
248 91
248 96
248 118
248 142
248 177
248 189
248 193
248 206
248 212
248 214
248 225
248 238
248 240
248 242
248 247
249 27
249 82
249 84
249 162
249 166
249 186
249 207
249 215
249 235
249 237
249 243
250 4
250 16
250 26
250 83
250 96
250 153
250 163
250 169
250 204
250 224
250 236

