250 250
1 19 1 3 1 1569304979 9 2 713315742 3 4 12 1 2 9 12 1 2 3 10 1 4 8 3297316265 1 10 1682095108 2 3 4 2 2246158047 1 1 1 14 1829828064 2 499626368 1693896820 1 9 2 1 1 7 3 4 3 4077140520 1 4 805255519 2 1 4 9 1186655858 1 2 8 2 1 1 4242238061 4 3 2803221788 2 1 1 9 2 1 597102910 1 12 16 18 3552576380 7 16 4193426772 4 1 1 7 1 1 9 2 1 1 3570176274 4 1180843687 5 125345308 1 16 2 1021545408 6 1 2 1 1 2 13 1 9 5 2 8 1 1 1 3 8 8 24 2 6 1 3 3 3 1 1 5 1 3 3012810482 1 5 2 1945157941 2 1 9 1 5 1 1 3 1 1 1 1 1 3 640615789 1 1344114579 17 7 1 1 1 1 10 6 2 3 1 1 3358618004 2 4 6 1 11 1552652885 7 1 1 1290488446 1 2681231457 3 4 3 1 1 2 10 4 4 4 3 1 1 1 3 1 1 2 1 2 12 1 6 4 1 3069267403 1168244868 1 1 7 3 16 2 2729594331 8 3287581514 3073535410 3 3 4 5 6 3 1 1 1 2219724576 3 3 3071517689 6 1 15 1836000598 6 4 19 8 2 15 2 2 4 1 1 3 2 1 1 1 1 
2 77
2 100
2 211
3 201
4 156
7 18
7 170
10 4
10 230
11 38
14 23
14 140
15 190
16 34
16 153
16 155
18 186
19 91
20 114
20 242
21 157
22 145
23 5
23 151
25 42
26 64
26 210
26 248
29 209
29 221
30 74
30 171
31 67
31 190
35 145
36 90
36 221
36 224
38 2
38 95
42 60
43 28
43 105
45 85
46 136
46 210
47 20
48 79
48 236
49 25
49 142
51 97
52 81
52 202
54 163
56 87
56 155
57 115
57 193
60 118
61 29
61 55
62 91
63 22
66 161
67 25
69 234
71 47
72 12
72 191
73 57
73 81
74 172
76 186
77 239
78 66
78 121
78 249
79 120
79 209
81 57
81 242
82 19
82 20
82 188
84 7
84 109
87 11
87 103
88 194
90 59
90 82
91 13
93 43
95 81
95 130
97 52
99 239
100 38
100 86
100 101
100 217
101 105
103 14
103 85
104 147
107 122
108 219
108 225
109 237
110 1
111 61
111 187
111 236
112 140
113 46
113 181
114 49
114 139
116 134
116 151
117 16
118 89
119 12
119 28
119 100
120 119
121 72
121 85
121 219
121 241
122 79
122 127
125 121
126 2
126 44
126 97
126 168
127 63
129 238
131 164
132 109
132 120
132 121
135 200
136 245
138 111
139 12
140 200
141 204
144 182
148 223
150 125
150 161
155 42
155 71
155 105
155 230
156 78
158 181
159 12
160 156
161 54
161 142
162 36
162 79
163 128
164 38
164 149
165 227
166 203
168 109
169 17
169 237
170 142
171 211
172 41
172 234
174 138
174 146
174 170
176 77
176 92
178 180
178 218
180 15
180 33
182 112
185 26
185 150
186 184
187 70
188 247
194 192
196 162
197 69
197 77
197 124
198 101
199 81
199 235
200 143
200 245
202 214
202 240
203 239
207 4
208 113
209 43
210 230
211 8
211 85
212 8
212 232
214 119
214 130
217 220
218 191
220 121
220 163
220 175
221 195
222 15
222 123
222 189
227 240
228 8
228 237
230 2
231 172
232 123
232 135
234 186
235 128
236 123
236 135
236 140
238 13
238 232
239 183
240 106
240 112
241 54
242 189
243 130
244 66
246 81
246 214
250 62
250 159

