50 100
2 2 9 10 7 14 8 14 7 1 9 26 9 4 59 20 1 1 16 49 21 3 20 10 3832725122 1 1 4 8 1 6 24 523557478 5 1 15 5 5 1 2 2 15 1 1 3 1 3 3 6 2 
1 5
1 17
1 23
2 15
2 39
3 20
3 38
4 2
4 10
4 18
4 19
5 4
6 46
7 13
7 19
7 49
8 12
8 42
11 36
11 39
12 1
12 6
12 32
12 36
13 4
13 8
14 21
14 34
15 3
15 5
15 6
15 11
15 17
15 20
16 27
16 39
16 40
17 29
17 38
18 16
18 23
19 29
19 31
19 38
19 39
19 40
20 24
20 32
20 40
21 7
21 41
22 21
23 20
23 31
23 48
23 49
27 46
28 6
28 24
29 9
30 32
31 8
31 14
31 42
32 9
32 19
32 38
34 9
34 45
35 37
36 24
36 40
37 38
37 48
38 24
38 45
39 7
39 12
40 39
41 46
42 1
42 4
42 20
42 27
42 28
42 38
43 11
43 31
44 49
45 11
45 13
47 15
48 14
48 22
48 26
48 49
49 16
49 47
50 4
50 21

