150 50
1 1 1 1 4 1974194114 4 1692737030 1 1 1 1226131887 1 1 3598684774 307717923 4 1 1 1400790359 1 178721733 4 4 3480453295 3479634584 3998008094 1201845203 1 1174639535 1 678918893 2094914063 1 2282595356 1017707857 1702119438 2120794966 2046082121 697003454 472240245 502222267 637228956 3 2037604568 1 1 1 3571751557 2474519113 1702353449 3548939779 1 1414896719 4 1 1 265600587 2649235484 2063930810 1 1 1 1 3136875266 730418831 1960847185 1 3832540500 4 1353277447 1 1 646679463 1834156148 3553840715 3522360010 2374059736 4188146832 3667139635 1 1589822146 1077926244 1 1 1 1 1 3 2568259069 1 1506430320 2173932255 1 1 1 2939673589 1333285263 2 1 740015777 1014578776 1 742599955 1 3 1717639762 1337460623 1118859807 1723995036 2 229112005 1900073421 207392035 2100163634 2817858447 1 1 1 3863309886 2013748418 1 1 870446159 281625437 2537319209 2 1298235726 2 1 2911267494 2036265718 819628864 6 1 3 1 1 1 3693743156 1 3 1 1116158876 13 3649330093 569639264 3216414065 290947064 1 
2 91
3 86
4 142
5 103
9 55
10 64
14 29
17 70
17 81
19 100
19 145
21 85
23 44
23 117
24 141
31 88
34 11
44 7
47 18
53 24
56 99
57 48
61 99
62 135
63 5
63 130
68 1
70 89
73 106
87 55
94 89
95 72
100 134
105 86
106 118
111 21
119 84
122 96
127 137
129 136
134 46
134 129
136 111
139 127
142 130
143 138
145 7
145 13
145 117
150 123

