200 50
2125125777 1 1 1 651297230 501470358 1237757080 1 1 1 1837711959 358096791 4264219648 3224010641 1 1093725369 1 1 1 365436147 2503559375 3071041908 3158121835 1 2055549355 1 1 4 2 514192180 4 748097179 2953800187 809597752 4032221942 2046504785 1 1 1990202671 1 4 45033155 1 1396940332 420388191 1 463808753 2229878828 1 94948620 1357276277 1 1 1 1191425936 2969966225 3570641724 1 3 1205497942 1 530929952 1 871198711 3897293378 1706332983 1 1968075305 2692536859 1459526243 749280031 625329394 1 1 2188291115 191668804 1 111242479 3617345733 1 3333709955 1737030206 1 3 1 124234086 3677222087 3303200384 3551764191 4280005222 1 1 1 3223298223 1499066027 1 1926444909 3351128673 1 3592015223 3644628530 2417500241 3407156050 1806712747 1276718857 1 2907307348 1 1 1 4130749090 2953409590 28256217 1 1 2215687073 2765380184 87189866 153431039 3 285759425 1 3960891431 1 1 1173848424 2957431496 1 3692795888 2849682183 1 3311474835 3151653196 1875997278 3251449122 4 1 2524862525 3890349006 2121922930 2666350858 413153393 1 1695297356 3177110194 2298488905 3912764651 2025114349 4129422594 3192454606 4008981356 1 3298694781 217004098 1352534883 4 2527117878 1108259333 3506930332 1 1 473380774 1 1 3429434637 1530098569 3468601883 1 812522133 1 1 2146360958 2825965775 2129141429 1 1 4 3524664124 2123276121 3334194010 4148606799 4 1 2131425941 1666104839 829992783 4 3380744042 1 1 2 585037126 4 1 1 1 2032988708 1332938411 4239985351 1150760123 
2 136
3 38
4 106
8 37
10 124
19 84
28 108
28 177
29 17
31 120
41 58
41 61
49 99
52 43
53 67
54 122
58 59
59 27
63 193
73 131
74 24
77 191
83 137
84 18
92 170
93 175
114 46
115 31
115 163
120 9
128 15
136 187
156 26
156 195
161 109
161 182
163 85
164 80
168 91
171 96
176 110
177 183
182 29
187 160
189 125
190 143
191 122
193 152
194 40
196 177

