300 500
1 21 3 5 8 710596362 6 1 9 1 1 1 3 3 1 13 31 2 1 6 2 4 4 12 1 10 1 2742888942 26 2 2 46 1 5 8 15 14 7 1 1 1 31 23 3 12 4275466403 2 1 1 6 1 3 2 3 3 7 10 18 23 23 3 8 14 4 8 3 3 1 3 10 16 1 4 10 1 1 1 1 1 1 11 8 8 2 6 1 3 7 4 2 4 1 33 19 1 7 1 4 3 6 1 1 1 1 2 4 15 3 1 33 1 1 2 14 6 5 4 4 4 30 2 9 5 23 6 23 1 7 4 13 3 4 16 1 9 1 2 4 1 7 1 3 3 16 7 6 8 1 2 15 1 1 7 1 3 1 6 4 2 4 20 3 6 12 25 3 2 1 1 1 1 4 5 6 4 8 5 1 12 5 9 2 42 45 15 8 1 4 1 16 8 5 1 1 1 7 16 4 7 11 1413243897 45 1 13 1 3 1 1 9 1 28 3 3 1 4 25 4070715733 15 4 4 11 1 1 1 10 3 2 14 13 4 2 7 1 4 41 9 4 11 24 6 2 7 5 13 7 6 28 12 9 14 1 5 1 6 9 4 9 4 19 4 7 24 17 4 1 1 10 9 5 3 6 1 4 3 18 2 8 9 3 4 1 1 3 3 1 15 12 13 7 4 3 14 2 9 29 9 13 1 4 28 
1 7
1 81
1 85
1 114
2 86
2 215
3 8
3 297
4 23
4 26
4 191
7 116
8 61
9 60
9 180
10 79
10 181
11 128
12 160
13 210
13 222
15 270
16 197
16 221
16 250
17 14
17 27
17 52
17 239
17 250
18 36
21 121
21 235
21 244
22 146
22 170
23 62
23 264
24 58
24 126
24 225
25 5
26 191
26 238
27 21
27 88
29 36
29 84
29 87
29 214
29 230
29 254
30 131
31 211
31 288
32 64
32 177
33 174
34 137
34 238
34 242
35 69
35 110
35 240
36 295
38 276
40 143
41 14
42 247
43 86
43 231
43 235
44 249
45 236
45 271
47 26
47 230
47 252
48 70
49 220
50 37
50 59
50 179
51 229
52 4
53 23
53 37
53 122
54 42
54 206
54 239
54 283
55 182
56 262
57 224
57 237
58 31
58 64
58 98
58 262
59 16
59 126
60 39
60 125
60 193
61 184
61 267
63 20
63 123
63 183
63 188
64 18
64 59
65 37
65 211
66 181
67 145
67 184
67 256
68 199
69 88
69 265
71 121
71 153
71 216
72 44
73 120
74 125
75 158
76 135
77 104
77 204
77 273
78 276
79 43
79 218
79 278
81 99
81 184
82 21
82 263
83 70
83 108
85 164
85 192
86 32
87 152
88 248
89 253
90 247
91 182
91 185
91 239
91 242
91 244
92 42
92 240
92 250
93 133
93 136
93 181
93 262
94 115
94 162
95 195
96 171
96 260
98 248
99 92
101 66
102 52
105 204
106 125
106 221
107 19
107 36
107 65
107 225
109 239
110 34
110 116
110 161
110 166
110 229
113 163
114 2
114 261
115 173
115 293
116 199
117 12
117 186
118 70
118 299
119 174
120 9
120 42
120 159
120 206
120 244
121 38
122 37
122 118
123 110
123 180
124 32
124 176
125 71
126 164
126 266
126 279
127 288
129 263
130 84
130 135
131 2
131 202
132 26
132 288
133 60
133 186
133 239
134 99
135 75
135 184
135 248
136 113
136 145
138 297
139 99
140 32
140 41
140 155
141 198
142 92
142 116
144 10
144 177
144 241
144 277
145 229
146 258
147 10
147 162
147 255
148 202
149 103
150 13
150 251
151 55
153 147
153 238
154 93
155 261
156 176
157 23
157 43
157 237
161 52
161 56
161 282
162 263
163 147
164 30
164 47
165 56
165 150
165 175
166 165
167 99
169 115
170 211
170 292
172 161
173 22
173 191
173 265
174 74
174 120
175 57
176 62
176 196
177 241
178 48
179 20
179 227
180 42
180 286
180 290
181 227
183 91
183 124
183 160
183 207
183 289
184 165
184 202
184 273
185 62
185 238
186 74
187 83
188 32
189 40
190 16
190 122
190 130
192 97
194 17
195 45
195 203
196 265
197 56
197 94
197 207
197 254
198 94
200 113
200 128
200 203
202 66
202 232
203 127
204 23
204 219
205 124
205 146
207 100
207 185
209 118
209 142
209 149
209 243
209 297
211 2
212 194
212 196
213 105
213 226
213 262
215 277
218 88
218 103
218 138
218 277
219 124
220 23
220 41
220 55
221 55
222 132
225 100
225 143
225 211
226 204
228 74
228 172
228 190
228 264
229 207
229 211
229 246
231 7
232 73
232 89
233 14
233 44
233 56
234 24
234 32
235 45
235 140
235 267
235 284
235 289
236 186
236 280
237 192
237 247
238 239
240 200
241 42
241 130
241 226
243 57
243 150
243 263
244 20
244 119
245 55
245 269
246 76
246 129
246 167
247 122
247 135
247 196
248 195
248 216
248 260
249 70
249 199
252 157
252 180
253 114
254 226
254 229
256 245
257 38
257 241
258 176
259 43
259 74
259 99
259 136
259 168
261 223
262 21
262 96
262 197
263 137
263 159
265 90
267 17
267 79
267 298
268 5
269 10
269 169
269 255
270 93
271 50
271 216
271 257
272 108
272 111
272 179
273 288
274 21
274 228
275 112
275 134
275 231
275 237
275 294
276 216
277 5
277 60
277 128
277 260
278 73
278 82
278 255
278 271
279 218
280 59
280 136
280 295
281 158
282 96
282 202
282 242
282 292
283 81
283 208
284 100
284 127
285 202
286 43
286 69
286 280
287 94
287 176
287 268
287 295
289 263
290 21
290 116
290 300
291 17
291 72
291 268
292 84
292 300
293 183
294 38
294 164
295 124
295 221
295 250
296 63
296 119
296 229
297 135
298 54
299 80
300 114
300 163
300 216
300 270

