300 250
1 2660354684 7 3 1 1 4 3 2 346573233 337082168 7 2 2 1 1 4 1 3029748471 1 399218492 1407904707 2 4 1 1 4 1 1 1 307097411 3 4 4 51502565 1787080588 3117195893 4 2 3098047458 1 2 2 983927949 2947467861 9 2898955943 3 1514019615 1975806462 3 1 3 2710265474 1 3523785901 3049747294 3 1739155302 4 1 1 2 3031510789 3 3 1 4 4 3 1 47160143 4 1 203252528 1 4 2 3611022758 4 1 24 1 4 12 3532042250 3239204196 1 4 1269640605 4 1 2 2 1 1 1 4 1 4 15 2255271643 1 2095772903 5 1 1 4 14 6 8 1 4 2 1 2 3 3 886455021 1 1 2699342234 1 1 1 1 1 1 4 9 1 6 2 1 1 7 2 6 1 2 1 1 77893275 4067658523 1 2 8 2 3532908556 4 1 5 4 7 3361948851 4 135066801 3 1 2 1 5 4 1192425504 1 1 1 1660408949 8936858 1 1 4 4 1941926583 2 3 3006229976 2599455804 1 1 1 1 1 1 1 25 1037482725 1 2 1 1 4 1 14 1 8 2 1528843394 24 4 2 1 2 431669390 3 8 562700484 1 1 363742612 643916862 1 2 9 230614856 1 1 1 1 1 2 32 2 5 2898174538 1 1948888599 1 1 1 2 16 3565382296 14 1 2 1 4 1 3 3 2 4 3412442519 6 4 1 1 513033978 4 2 1 3 1780318386 1 16 1 1 1 5 4 3012402114 6 1 1 294551471 2 4 2768079974 1 1466290645 2 3 4 1 6 1 3 1 1 1185093035 1441952033 2 1 7 4 582907825 2 5 1 2725107389 8 22 1 1 8 4 15 1 3149467321 
1 48
3 46
3 73
4 137
5 55
6 123
7 4
7 224
8 256
9 191
12 26
12 74
14 296
16 274
17 292
23 173
24 183
24 293
27 23
27 95
27 165
27 181
28 145
30 18
32 116
32 250
33 221
38 91
39 208
42 295
43 106
46 220
46 278
48 247
51 117
51 185
52 253
58 180
60 116
61 226
62 159
63 70
65 126
65 299
67 193
68 53
68 162
70 82
71 206
74 105
76 113
77 296
78 111
78 260
81 15
82 77
83 131
83 189
83 203
84 117
84 199
85 80
85 82
85 201
89 193
89 199
91 154
93 105
94 123
98 239
99 263
100 189
101 12
101 73
101 128
101 203
103 7
105 66
107 232
108 222
109 129
109 206
110 9
110 66
110 82
111 97
111 196
113 34
114 235
115 103
117 3
117 261
118 13
118 246
123 8
125 146
127 298
129 153
130 98
130 156
130 222
130 245
131 133
131 253
132 111
132 199
133 23
134 136
135 293
136 94
136 251
137 197
138 298
139 9
140 58
140 69
142 82
142 192
147 124
148 186
148 219
150 112
150 176
151 67
152 136
152 237
152 290
153 242
154 109
156 33
160 156
160 188
161 239
161 276
162 120
163 263
166 173
170 25
170 214
171 222
172 53
172 97
175 66
175 92
176 163
180 234
182 109
186 46
188 100
188 273
190 250
192 184
193 176
194 42
194 46
194 199
194 231
195 272
197 241
199 179
199 284
200 85
200 206
200 276
201 297
202 39
205 147
205 234
209 223
212 293
213 43
213 52
213 60
214 96
214 141
217 245
218 63
218 232
221 121
222 32
222 38
222 236
223 276
224 237
224 277
228 29
228 132
229 288
231 129
232 80
232 93
234 138
234 260
236 275
238 34
239 100
239 275
240 114
240 196
241 162
242 138
242 257
243 152
243 246
245 283
248 158
251 88
252 17
255 230
256 186
256 196
257 13
257 296
258 163
259 285
260 65
261 237
263 13
264 270
265 151
265 167
267 147
267 218
268 108
268 176
268 256
272 69
274 154
275 191
277 97
278 4
279 12
280 82
283 186
285 158
285 289
286 20
286 288
288 146
289 5
292 216
292 289
293 12
293 273
294 238
296 41
296 186
297 121
298 14
298 27

