250 250
1 1 4 1 16 5 1 1 2886600364 3967772062 1 1 3 2 7 5 1 1 3 4 1 9 1 2 3112082990 4 6 4 1 2 4153256354 1 1 4 1 1 1 1 1 3551605817 1 2 1 2 3313254408 1 1 1 4 1 1 1 3 3 1489282921 2 2 4 1 2 17 8 1 9 1 1 2762190152 1 1 5 29 2 2 2 1 3 1 3 179273889 5 3419322735 1 5 3 4 4 3 1 3 2 2 4 8 2977237348 1 3 1 2627039851 1 6 1 1 3 1 3 2 2971413825 1 6 7 1 14 2 3 5 2 2 4 4 3543913758 2 3584377226 2758389715 4 2 3 1 6 4271164653 1 2 1 1 1519030320 1 1 1 4 1 4 1570097339 3 1 1 2382428814 7 4 11 3237191154 1 4 1 1 2 4 4 3 1221192613 1 3756868384 1 10 2 1 4 8 1 1 4 8 3 1 1564993221 7 5 2333990901 2 1 16 3 1 1 3 1 1 3 6 9 2 1 5 21 1 7 1 1 3 7 1 1 2 2 1 1 1 12 1 1 1 9 9 1 1195540782 1 1753143004 4 2 1 2 1 8 7 6 2 1 1 1774176802 1 1 4 4 2 1 2 4 2 1 4 603639916 1 8 4 1 1 4 3 2301418090 12 3 1 
1 169
2 192
3 85
3 97
3 112
4 100
5 166
5 179
6 85
6 155
7 95
8 20
11 110
12 62
13 188
14 137
14 191
15 58
15 61
15 248
16 87
16 166
17 175
17 205
19 119
19 199
20 24
21 206
22 139
22 219
23 109
26 162
26 202
27 154
27 162
27 207
28 117
30 174
32 80
33 204
34 101
35 170
37 148
37 159
39 16
41 106
42 192
42 230
43 17
44 162
46 116
47 231
50 18
51 130
52 112
56 42
57 71
57 169
58 236
59 186
60 244
61 54
61 84
61 246
62 187
63 205
64 53
65 249
66 118
69 202
70 82
70 88
70 91
70 153
71 100
71 152
72 162
72 229
73 242
74 131
75 124
76 185
77 15
77 180
80 6
80 191
82 234
83 169
84 230
85 99
87 27
89 88
89 142
90 60
90 121
90 147
90 242
91 71
92 135
92 248
93 66
93 159
95 62
95 100
96 138
100 73
100 117
102 48
103 38
103 137
104 203
105 156
105 216
105 238
106 221
108 126
109 150
110 49
110 135
110 152
111 28
112 187
112 201
112 209
113 144
113 179
114 5
114 143
115 76
116 30
116 217
117 205
118 71
118 78
119 161
125 87
125 232
126 13
126 219
127 66
128 183
128 188
131 211
132 68
132 96
133 140
135 210
137 175
138 220
140 174
142 136
142 177
143 221
146 194
146 206
146 241
147 2
148 71
148 203
151 78
152 221
154 115
154 206
154 211
155 241
156 88
156 121
156 244
157 168
162 175
162 210
163 118
164 5
165 34
166 191
167 212
168 235
170 126
170 249
171 195
171 225
172 86
174 203
177 162
178 42
179 236
180 64
182 83
183 175
184 53
185 172
186 124
186 163
187 64
188 151
189 83
189 171
190 86
190 222
192 101
192 115
193 195
194 100
194 192
196 20
197 54
198 87
198 109
200 191
201 157
202 22
202 72
202 74
202 128
202 140
206 70
208 96
209 16
210 14
211 78
216 241
217 148
222 36
222 198
222 250
223 177
223 214
224 29
224 154
225 87
226 61
228 197
229 4
231 204
232 146
232 179
233 218
234 44
235 181
236 89
237 5
238 93
240 49
242 115
243 24
245 56
245 223
246 165
248 110
248 188

