50 500
123 432 55 302 218 289 28 110 61 284 9 90 191 129 304 339 332 19 305 392 26 321 9 68 190 141 41 144 345 40 372 261 410 241 121 101 193 4 1 138 366 106 73 128 376 291 121 81 56 185 
1 16
1 24
1 25
1 27
1 30
1 31
1 32
1 44
1 49
2 7
2 12
2 16
2 29
2 30
2 37
2 38
2 40
2 41
2 42
2 44
2 48
2 49
2 50
3 1
3 13
3 16
3 19
3 21
3 23
3 25
3 29
3 32
3 43
3 44
4 9
4 10
4 16
4 17
4 21
4 23
4 24
4 32
4 39
4 42
4 43
4 45
4 46
5 9
5 12
5 35
5 37
5 42
6 2
6 4
6 12
6 14
6 17
6 19
6 22
6 36
6 38
6 39
6 46
7 3
7 5
7 6
7 9
7 15
7 16
7 18
7 25
7 27
7 29
7 42
8 3
8 19
8 21
8 24
8 37
8 39
8 44
8 47
9 8
9 13
9 14
9 41
9 45
9 48
9 49
10 2
10 5
10 11
10 18
10 26
10 32
10 33
10 36
10 40
10 41
10 44
10 50
11 14
11 25
11 34
11 41
11 42
11 43
11 45
11 49
12 4
12 15
12 16
12 22
12 25
12 30
12 35
12 42
12 43
12 44
12 45
12 49
13 1
13 10
13 15
13 21
13 22
13 24
13 34
13 37
13 43
13 47
14 2
14 10
14 23
14 26
14 29
14 31
14 36
14 44
15 1
15 4
15 6
15 8
15 18
15 20
15 24
15 29
15 32
15 34
15 37
15 39
15 42
15 45
15 47
16 5
16 9
16 10
16 14
16 36
16 47
16 49
17 1
17 5
17 10
17 13
17 14
17 18
17 19
17 32
17 34
17 39
18 1
18 5
18 9
18 32
18 38
18 39
18 44
18 45
19 1
19 2
19 4
19 33
19 39
19 46
19 50
20 1
20 3
20 4
20 5
20 8
20 10
20 11
20 16
20 17
20 19
20 26
20 30
20 36
20 43
20 46
21 11
21 17
21 18
21 22
21 26
21 28
21 31
21 34
21 35
21 36
21 41
21 42
21 44
21 49
22 3
22 4
22 8
22 9
22 18
22 20
22 25
22 27
22 32
22 34
22 44
23 1
23 2
23 5
23 9
23 16
23 18
23 20
23 29
23 45
24 17
24 21
24 25
24 44
24 49
25 4
25 6
25 14
25 18
25 32
25 34
25 37
25 38
25 48
26 1
26 2
26 4
26 6
26 8
26 9
26 23
26 40
26 42
26 45
26 49
27 12
27 19
27 20
27 28
27 35
27 40
28 1
28 7
28 19
28 22
28 24
28 25
28 38
28 42
28 48
28 50
29 1
29 4
29 8
29 10
29 11
29 13
29 24
29 30
29 33
29 37
29 39
29 46
29 50
30 4
30 8
30 10
30 27
30 34
30 37
30 42
30 43
30 49
31 4
31 12
31 17
31 18
31 19
31 22
31 25
31 27
31 32
31 44
31 48
31 50
32 6
32 12
32 13
32 19
32 27
32 29
32 30
32 34
32 36
32 37
32 42
32 44
32 50
33 3
33 5
33 7
33 20
33 25
33 26
33 30
33 42
33 46
34 1
34 2
34 5
34 6
34 12
34 24
34 27
34 29
34 41
34 44
34 47
35 1
35 2
35 4
35 10
35 11
35 16
35 24
35 33
35 39
35 50
36 2
36 3
36 7
36 11
36 18
36 22
36 23
36 26
36 45
36 46
36 47
36 50
37 6
37 10
37 11
37 19
37 21
37 23
37 27
37 31
37 33
37 35
37 39
37 40
37 42
38 5
38 7
38 10
38 14
38 15
38 19
38 22
38 23
38 29
38 46
39 3
39 13
39 14
39 23
39 25
39 28
39 30
39 31
39 33
39 40
39 42
39 49
40 5
40 12
40 14
40 16
40 25
40 30
40 32
40 33
40 46
41 1
41 7
41 15
41 16
41 17
41 26
41 32
41 33
41 37
41 40
41 43
41 48
41 50
42 8
42 14
42 18
42 22
42 40
42 45
42 50
43 9
43 16
43 23
44 4
44 5
44 7
44 13
44 15
44 29
44 30
44 33
44 35
44 40
44 47
45 7
45 10
45 22
45 31
45 33
45 34
45 35
45 37
45 40
45 43
45 47
46 3
46 21
46 24
46 37
46 39
46 44
46 47
47 3
47 4
47 9
47 17
47 20
47 21
47 25
47 31
47 37
47 40
47 41
47 50
48 7
48 13
48 23
48 24
48 26
48 32
48 33
48 42
48 43
48 45
48 46
49 17
49 18
49 20
49 31
49 33
49 43
49 46
50 3
50 5
50 6
50 14
50 25
50 30
50 34
50 37
50 38

