100 500
48 91 50 13 6 19 141 2 10 198 45 6 130 51 12 48 30 225 39 11 154 26 19 16 59 24 69 142 127 42 9 1 51 4 79 16 63 44 64 34 61 99 133 142 3 4 22 20 3 10 60 45 27 78 99 11 10 22 7 46 47 21 69 144 5 64 111 56 5 38 46 50 16 67 52 118 252 52 62 10 92 39 23 129 175 97 17 68 20 1 60 147 56 13 12 23 137 44 102 30 
1 18
1 31
1 54
2 34
2 55
2 95
3 18
3 42
3 46
3 98
3 100
4 28
4 31
4 60
4 76
4 79
5 25
5 80
5 86
5 91
6 26
6 31
6 39
6 46
6 68
6 77
6 99
7 31
7 46
7 62
7 63
7 64
7 74
7 82
8 3
8 49
9 25
9 40
9 68
9 72
9 88
9 97
10 13
10 21
10 33
10 40
10 50
10 57
10 90
10 96
10 99
11 29
11 43
11 44
11 61
12 1
12 13
12 21
12 40
12 44
12 45
12 70
13 9
13 18
13 28
13 54
13 57
13 64
13 69
13 99
14 19
14 21
14 31
14 32
14 40
14 58
14 73
14 100
15 7
16 18
16 28
16 29
16 67
16 74
16 77
17 16
17 42
17 81
17 94
18 7
18 58
18 72
19 12
19 36
19 43
19 96
20 32
20 44
20 67
20 70
20 82
21 41
21 65
21 67
21 83
21 85
22 3
22 7
22 10
22 11
23 32
23 45
23 54
23 87
24 4
24 20
25 7
25 36
25 53
25 77
25 84
26 71
26 80
26 84
26 92
26 95
27 3
27 12
27 32
27 75
27 86
28 9
28 36
28 42
28 67
28 74
28 92
28 96
29 2
29 10
29 13
29 34
29 36
29 60
29 62
29 63
29 88
30 5
30 18
30 24
30 26
30 41
30 54
30 90
30 99
31 51
31 63
31 68
31 97
32 5
32 18
32 24
32 26
32 28
32 63
32 64
33 21
33 44
33 54
33 63
33 68
33 94
34 46
34 99
35 25
35 34
35 71
35 80
35 84
35 85
36 63
36 66
36 77
37 22
37 28
37 36
37 46
37 67
37 82
37 91
38 23
38 64
39 11
39 17
39 25
39 51
39 100
40 3
40 4
40 22
40 36
40 72
40 77
40 82
40 83
41 12
41 34
41 53
41 83
42 15
42 40
42 55
42 82
42 92
43 5
43 10
43 18
43 20
43 62
43 98
44 19
44 39
44 70
44 76
44 85
45 3
45 18
45 38
45 44
45 80
45 94
46 57
47 5
47 72
47 87
47 91
48 10
48 30
48 41
48 55
48 56
48 72
48 92
49 53
50 17
50 20
51 7
51 10
51 27
51 58
51 70
51 83
52 24
52 28
52 38
52 48
52 58
52 84
52 91
52 93
53 2
53 18
53 37
53 38
54 63
54 77
54 85
54 91
55 13
55 21
55 32
55 57
55 80
56 4
56 11
56 38
56 43
56 57
56 75
57 29
58 11
58 55
58 63
59 24
59 95
60 42
60 61
60 62
60 69
61 24
61 36
61 43
61 63
62 6
62 26
62 47
62 67
62 85
62 88
63 11
63 25
63 84
63 95
64 2
64 20
64 85
64 100
65 10
65 60
65 97
66 13
66 47
66 71
66 93
67 2
67 27
67 54
67 71
67 86
68 2
68 20
68 21
68 74
68 81
69 21
69 40
69 83
69 94
70 2
70 13
70 18
70 50
70 65
71 16
71 19
72 36
72 95
73 27
73 43
73 55
73 84
74 12
74 19
74 25
74 57
74 87
75 16
75 21
75 36
75 41
75 68
75 91
75 98
76 11
76 13
76 36
76 43
76 45
76 54
76 66
76 85
76 93
76 99
77 13
77 15
77 39
77 58
77 76
77 84
77 86
77 90
77 92
77 95
77 97
78 13
78 16
78 48
78 64
78 66
78 81
79 25
79 48
79 54
79 70
79 71
79 85
79 91
80 2
80 27
80 44
80 75
80 78
80 82
81 1
81 18
81 35
81 87
81 88
82 17
82 32
82 46
82 64
82 96
83 2
83 34
83 61
83 63
83 64
83 78
83 90
83 97
84 1
84 3
84 42
84 45
84 56
84 57
84 60
84 89
85 3
85 38
85 72
85 86
85 97
85 100
86 7
86 9
86 33
86 59
86 81
86 88
87 1
87 89
88 59
88 71
88 79
89 1
89 17
89 25
89 76
89 85
90 9
90 12
90 18
90 23
90 37
90 57
90 67
90 81
90 88
91 4
91 22
91 35
91 42
91 99
92 41
92 43
92 44
92 54
92 63
92 86
93 29
93 35
93 56
93 96
93 97
94 24
94 25
94 52
94 79
95 28
95 32
95 35
95 66
96 18
96 58
96 61
96 64
96 69
96 77
97 34
97 40
97 49
97 51
97 59
97 88
98 20
98 64
98 65
98 66
99 4
99 15
99 42
99 80
99 92
100 17
100 30
100 34
100 91
100 92

