100 250
43 17 41 21 8 16 3 10 22 11 16 9 4 6 9 14 14 23 11 2 33 9 1 7 4 42 3 14 9 22 4 32 44 40 1 4 1 29 22 8 4 14 22 6 32 1 12 23 8 8 23 28 29 30 31 7 2 3 3295740123 5 17 2 2 5 1 3 5 42 5 1 16 29 25 44 9 5 7 17 4 1 14 32 13 33 4 1 16 15 51 29 9 2 4131486144 48 4 17 43 15 21 1 
1 21
1 27
1 43
1 57
2 46
2 92
2 96
3 22
3 52
3 85
4 5
4 38
4 79
5 94
6 17
6 53
6 63
7 90
8 41
8 98
9 18
9 29
9 88
10 36
10 38
10 78
11 3
11 14
11 53
14 4
14 34
14 74
15 53
16 18
17 13
17 30
18 40
19 39
19 43
20 30
20 97
21 26
21 51
21 99
22 19
22 81
22 89
23 9
24 16
24 44
24 73
25 36
25 87
26 11
26 22
26 28
26 81
26 86
26 99
27 69
28 29
28 42
28 48
29 15
29 50
30 36
30 54
31 5
32 17
32 33
32 62
32 96
32 97
33 76
33 83
34 3
34 20
34 33
34 89
35 3
35 79
35 86
35 89
36 81
38 1
38 26
38 28
38 40
39 48
39 53
42 73
43 77
43 87
44 53
45 10
45 12
45 80
45 87
45 91
47 12
47 26
47 88
47 95
48 25
48 54
48 55
48 60
48 61
49 69
49 96
50 98
51 33
51 76
52 97
53 7
53 22
53 23
53 50
54 78
54 81
54 97
55 14
55 26
55 33
55 38
55 66
56 25
56 50
57 35
58 5
58 33
58 68
58 99
60 29
60 99
61 16
61 31
61 89
62 4
62 9
62 26
63 40
63 83
63 88
64 15
64 92
65 3
65 18
65 43
65 52
65 54
66 84
67 37
67 52
67 63
67 96
68 30
68 34
68 49
68 52
68 76
68 80
68 87
69 65
69 79
69 80
71 24
71 36
71 37
71 53
71 72
71 87
72 22
72 26
72 28
72 32
72 88
73 18
73 38
74 1
74 2
74 44
74 75
74 87
75 49
76 40
76 94
77 60
77 64
78 35
78 42
78 51
78 52
80 26
81 98
82 19
82 39
82 45
82 61
82 70
82 87
83 73
83 88
84 27
84 34
84 52
84 98
85 41
86 2
86 6
86 75
87 5
87 42
87 49
87 51
87 90
87 91
88 13
88 21
88 86
89 2
89 16
89 40
89 56
90 22
90 36
90 37
90 63
90 84
91 1
91 24
91 74
91 76
92 32
94 21
94 78
94 86
94 88
94 99
95 64
96 8
96 84
97 4
97 8
97 12
98 4
98 24
99 19
99 62
100 39

