300 1000
3 15 38 7 28 4 19 16 3 22 125 24 21 9 28 2 22 8 59 75 10 2 29 52 21 42 33 7 106 58 25 28 2 15 37 81 3 22 18 12 11 28 10 11 11 69 14 10 9 1 35 45 38 14 3 56 51 1 19 8 40 88 43 3 3 2 38 54 4 14 17 42 51 63 25 8 8 7 1 5 36 23 14 33 22 12 15 318774846 5 13 5 52 16 9 13 30 46 10 15 27 38 74 64 11 33 63 38 17 10 2 48 71 27 15 5 115 34 140 16 26 11 102 74 6 33 33 1 25 25 13 37 14 20 11 10 20 40 3 20 7 19 55 30 4 13 1 7 19 5 15 40 12 11 59 2 187 20 9 2 23 6 9 204 29 9 7 5 37 7 18 21 14 17 8 19 6 27 3 6 15 1 51 6 7 40 84 56 22 6 25 10 33 35 73 3 49 19 18 40 10 22 32 17 10 21 18 10 32 60 11 10 40 16 25 11 44 8 48 75 1 21 53 2 1 9 36 34 33 85 19 10 19 43 4 5 14 19 1 63 35 47 3 9 1 9 42 4 5 124 33 22 56 37 15 2 11 12 18 29 27 9 10 40 19 16 20 5 1 8 17 16 61 2870616810 8 25 6 1 2 38 16 34 1 2 5 5 9 14 3 17 14 8 18 3 21 33 57 2 28 7 9 
1 73
1 134
1 286
2 90
2 170
2 186
2 203
2 235
2 274
3 26
3 165
3 245
3 292
4 173
4 250
4 272
4 290
5 77
5 210
5 232
5 278
6 100
6 253
7 45
7 70
7 179
8 168
8 214
8 289
9 71
10 44
10 174
10 258
11 42
11 150
11 179
11 247
11 263
12 92
12 108
12 116
12 125
12 144
12 243
13 86
13 138
13 299
14 113
14 139
14 299
15 16
15 40
15 148
15 170
15 259
15 295
16 76
16 142
16 172
16 206
17 105
17 129
17 164
17 219
17 226
17 276
17 296
18 158
19 133
19 176
19 201
19 279
20 56
20 63
20 146
20 160
20 199
20 282
21 30
21 32
21 77
21 178
22 52
22 194
23 79
23 119
23 254
24 11
24 128
24 132
24 143
24 221
25 35
25 125
25 235
25 244
25 252
26 19
26 51
26 80
26 115
26 125
26 191
26 201
26 209
26 288
27 38
27 73
27 117
27 135
27 208
27 288
28 84
28 122
28 143
28 290
29 36
29 67
29 90
29 121
29 151
29 156
30 57
30 91
30 171
30 234
30 249
31 52
31 176
31 186
32 114
32 202
32 206
32 271
32 278
33 26
33 115
33 162
34 156
35 8
35 16
35 133
35 198
36 3
36 32
36 99
36 245
37 8
37 139
37 237
38 59
38 147
38 191
38 202
38 272
39 11
39 102
39 237
39 264
39 281
40 210
41 20
41 61
41 117
41 182
42 21
42 48
43 106
43 196
44 172
45 218
46 99
46 131
46 179
46 200
46 222
47 199
47 212
47 222
47 278
48 164
48 266
49 42
49 109
49 160
49 194
49 265
51 46
51 87
51 108
51 131
51 223
52 12
52 34
52 195
53 24
53 63
53 90
53 210
54 41
54 42
54 130
54 263
55 182
55 242
55 265
55 282
56 126
56 178
57 6
57 23
57 28
57 62
57 164
57 262
57 266
59 53
59 92
59 137
60 36
60 169
61 11
61 19
61 133
61 186
61 289
62 3
62 86
62 203
62 267
63 96
63 123
63 136
63 288
65 3
65 64
65 269
66 64
66 75
66 146
66 159
66 245
67 9
67 44
67 143
67 212
67 267
67 290
68 29
68 82
68 107
68 147
68 272
68 275
69 99
70 154
70 255
71 10
71 163
71 175
71 205
72 40
72 82
72 150
72 275
73 140
74 110
75 155
75 253
76 56
76 68
76 119
76 161
76 215
77 62
77 177
77 179
78 15
78 56
78 87
78 94
78 162
78 170
78 266
79 51
80 19
80 116
80 120
80 176
80 197
80 271
81 74
81 166
81 232
82 125
82 168
83 54
83 74
83 258
84 24
84 29
84 220
85 6
85 140
85 162
85 259
86 108
86 115
86 193
86 239
86 271
87 12
87 55
87 75
87 116
87 296
89 248
89 285
89 286
91 63
91 289
91 300
92 10
92 32
92 94
92 114
92 178
92 237
92 261
92 270
93 44
93 73
93 123
93 275
94 34
94 51
95 28
95 278
96 83
96 126
96 197
97 74
97 99
97 101
97 111
97 251
97 262
98 103
98 135
98 233
98 265
98 296
99 83
99 133
99 249
99 252
100 59
100 133
100 233
100 260
101 103
101 163
101 298
102 107
102 132
102 197
102 205
102 259
103 107
103 124
103 268
103 297
104 5
104 57
104 163
104 195
104 252
105 97
105 104
105 126
105 269
106 101
106 104
106 126
106 208
106 215
106 256
107 12
107 39
107 158
107 257
108 138
108 172
108 246
109 42
109 287
110 163
110 186
110 275
111 105
111 129
111 209
111 268
112 66
112 168
112 255
113 23
113 196
113 229
113 243
114 11
114 12
114 53
114 102
114 262
115 10
115 45
116 130
116 156
116 159
116 174
116 175
116 187
116 274
116 277
117 7
117 74
117 278
117 286
118 9
118 35
118 73
118 137
118 179
118 256
119 241
119 280
120 48
120 49
120 101
120 253
120 260
121 73
121 118
121 190
122 22
122 30
122 193
122 249
123 12
123 18
123 81
123 122
123 137
123 174
123 183
123 198
125 87
125 206
125 210
126 249
126 300
127 211
128 31
128 110
129 102
129 178
130 118
130 188
131 80
131 163
131 192
132 213
133 75
133 119
133 216
134 250
134 254
134 300
135 50
135 58
135 159
135 280
136 15
136 23
136 112
137 112
137 115
137 166
137 194
137 236
138 97
138 219
138 280
139 36
139 122
139 298
140 3
140 27
140 214
140 231
141 51
141 60
141 61
141 117
141 140
141 152
141 216
141 251
142 57
142 112
142 217
142 239
142 290
143 42
143 184
143 290
144 22
144 114
145 206
145 240
148 73
148 107
148 113
148 118
148 234
149 193
150 74
150 165
150 215
151 92
151 94
151 114
151 237
151 265
152 80
152 176
152 249
153 62
153 97
153 286
153 289
154 19
154 39
154 57
154 178
154 187
155 111
155 123
156 11
156 13
156 100
156 102
156 157
156 264
156 276
156 297
157 25
157 153
157 204
158 84
158 139
159 211
159 235
159 243
160 206
160 266
161 257
162 237
163 20
163 42
163 49
163 94
163 209
163 219
163 229
163 232
164 68
164 124
164 154
164 170
164 249
165 11
165 93
165 151
165 153
165 229
166 230
167 103
168 30
168 31
168 111
169 95
169 287
171 101
171 103
171 139
171 194
172 51
172 106
172 110
172 251
173 227
173 240
173 292
174 182
174 295
175 26
175 57
175 80
177 74
177 149
177 227
178 151
178 289
179 102
179 151
179 216
179 219
179 259
180 221
181 257
182 90
182 128
182 183
182 191
182 292
183 96
183 241
183 281
185 25
185 48
185 65
185 67
185 92
185 157
185 294
186 11
186 152
186 159
186 167
186 201
186 216
186 251
187 35
187 56
187 72
187 194
187 275
187 287
188 36
188 134
188 140
188 213
189 62
189 139
189 154
190 13
190 72
190 95
190 170
190 300
191 30
192 12
192 270
192 295
193 5
193 132
194 2
194 112
194 231
194 237
194 280
195 173
195 207
195 222
195 258
195 279
196 27
196 120
196 129
196 131
196 294
197 156
197 227
198 219
199 6
199 26
199 124
199 187
199 274
200 164
200 246
200 296
201 43
201 56
201 131
201 180
201 286
202 29
202 35
202 53
202 118
202 215
203 80
203 87
203 205
204 29
204 89
204 178
204 284
205 44
205 109
205 132
205 239
205 266
206 4
206 43
206 113
207 122
207 192
208 8
208 35
208 227
209 18
209 52
209 122
210 23
210 96
210 97
210 229
210 236
210 257
211 2
211 168
212 35
212 95
212 226
212 295
212 299
213 269
214 53
214 168
214 172
215 56
215 74
215 109
215 295
216 68
216 108
216 239
217 177
217 226
218 4
218 93
218 113
218 116
218 133
218 149
219 142
219 195
219 241
219 260
220 131
220 177
221 8
221 31
221 184
222 11
222 61
222 112
222 120
222 136
222 200
222 243
222 286
222 291
223 169
223 200
225 122
225 145
225 192
225 249
226 75
226 229
227 178
227 184
228 36
228 210
228 249
228 292
229 12
229 22
229 46
229 199
229 212
229 291
230 103
230 172
230 241
231 118
232 122
232 123
232 285
233 17
233 87
233 116
233 128
233 296
234 24
234 73
234 79
234 169
234 287
235 32
235 221
235 279
236 110
236 167
237 69
239 184
239 213
239 222
239 229
239 265
240 46
240 52
240 85
240 143
241 9
241 133
241 161
241 266
242 136
243 60
243 192
243 238
243 248
244 6
244 35
244 57
244 240
245 4
245 70
245 129
246 117
246 226
246 242
246 260
246 270
247 20
248 62
248 106
248 156
249 81
249 91
249 116
249 198
249 219
250 80
250 189
250 209
250 300
251 70
252 45
252 68
252 97
252 212
253 110
253 189
253 264
253 289
254 28
254 61
254 84
254 247
255 64
255 90
255 195
255 207
256 195
257 13
257 67
257 133
257 173
258 8
259 232
260 3
260 156
261 21
261 36
261 118
261 241
262 128
262 147
262 173
262 227
262 252
262 292
263 94
263 164
263 180
263 193
263 208
263 221
264 29
264 68
265 22
265 154
267 112
267 143
267 228
267 263
269 7
270 11
270 46
270 66
270 159
270 266
271 156
271 174
271 234
271 262
272 46
272 72
272 177
272 198
272 207
274 200
274 258
276 145
277 108
277 209
278 62
278 143
279 23
279 80
279 158
279 177
279 178
279 184
279 216
279 225
280 66
280 147
280 241
281 40
281 63
281 256
281 298
282 228
283 157
283 173
283 246
284 196
284 228
285 47
285 186
285 234
286 82
286 104
286 191
286 226
287 42
287 224
287 259
288 142
288 234
288 261
289 34
289 180
290 43
290 95
290 123
290 155
290 205
291 163
291 298
292 37
292 80
292 216
292 261
293 81
293 83
294 90
294 106
294 175
295 68
295 231
296 160
296 163
296 250
297 168
297 230
297 290
298 65
298 278
299 68
299 132
299 136

