150 750
23 56 4 65 95 58 53 32 36 61 106 95 53 128 59 48 100 17 44 52 21 48 9 30 89 52 78 102 17 88 123 29 40 26 61 17 60 45 11 8 113 18 5 41 48 15 3 6 50 195 99 63 122 156 5 19 5 5 51 31 43 36 27 165 11 63 16 1 3 52 47 70 87 107 82 34 36 211 100 23 60 128 120 95 39 86 116 80 132 6 37 37 113 46 1 40 57 18 39 49 16 6 23 32 9 2 9 43 126 44 32 2 3 63 174 118 48 48 115 31 58 29 14 30 111 11 81 32 4 21 103 91 84 11 71 96 31 12 50 96 215 72 1 124 78 87 78 129 23 59 
1 59
1 119
1 140
2 65
2 71
2 87
2 138
2 141
3 31
3 67
3 124
4 28
4 85
4 112
4 128
4 134
5 13
5 53
5 76
5 97
5 134
5 148
5 149
6 45
7 19
7 27
8 39
8 48
8 111
9 60
9 127
9 143
9 146
10 25
10 64
10 106
10 115
10 119
10 140
11 33
11 52
11 64
11 72
11 83
11 89
11 108
12 13
12 14
12 37
12 63
12 64
12 75
12 102
12 118
12 129
13 62
13 75
13 107
13 136
13 137
14 17
14 26
14 33
14 49
14 67
14 82
14 101
14 119
14 135
15 54
15 82
15 89
15 116
16 67
16 79
16 103
16 113
17 35
17 63
17 87
17 99
17 106
17 120
17 127
18 115
19 48
19 54
19 75
19 81
20 55
20 60
20 88
20 97
20 101
20 145
21 54
21 64
21 78
21 81
21 148
22 97
22 111
23 82
23 89
23 127
23 149
24 68
24 77
24 125
24 150
25 7
25 24
25 40
25 56
25 59
25 89
25 92
25 109
25 121
26 77
26 131
26 137
27 54
27 60
27 80
27 104
27 133
27 136
28 15
28 83
28 110
28 113
28 144
29 70
29 72
29 138
30 9
30 13
30 44
30 72
30 77
30 78
30 79
30 107
30 129
31 2
31 22
31 34
31 102
31 134
32 6
32 25
32 34
33 119
34 84
34 147
35 50
35 72
35 87
35 90
35 92
36 18
36 46
36 74
36 86
36 99
36 127
37 22
37 43
37 51
37 96
38 17
38 43
38 122
38 141
38 143
38 145
39 6
39 19
39 50
39 54
39 61
39 130
40 72
40 88
40 115
40 120
41 63
41 99
41 102
41 113
42 32
42 39
42 45
42 76
42 97
42 133
43 7
43 9
43 17
43 83
44 10
44 15
44 59
44 72
44 101
44 121
45 4
45 8
45 30
45 32
45 85
45 91
45 141
46 38
46 91
46 107
46 147
47 73
47 120
48 13
48 92
48 110
48 117
48 121
48 148
49 16
49 31
49 48
49 78
49 82
49 90
49 118
49 149
50 32
50 43
50 88
50 116
50 120
50 127
51 7
51 60
51 78
51 80
51 144
51 145
52 4
52 23
52 24
52 31
52 44
52 122
53 33
53 35
53 75
53 89
53 94
54 16
54 31
54 75
54 115
54 135
55 4
55 35
55 58
55 70
55 132
55 137
55 141
55 150
56 22
56 39
56 78
56 119
56 139
57 67
57 147
58 12
58 28
58 29
58 53
58 73
59 51
59 119
59 141
59 150
60 13
60 16
60 74
60 123
60 138
61 25
61 58
61 92
61 100
61 120
61 147
62 5
62 8
62 18
62 93
62 133
63 9
63 19
63 26
63 30
63 53
63 94
63 136
64 6
64 50
64 55
64 63
64 93
64 122
64 146
65 109
65 122
65 143
66 21
66 28
66 36
66 50
66 87
66 92
66 102
66 113
66 124
67 8
67 10
67 13
67 34
67 43
67 51
67 86
68 53
68 78
68 144
69 106
69 108
69 123
70 3
70 34
70 56
70 142
71 1
71 3
71 26
71 39
71 84
71 125
72 6
72 25
72 97
72 100
72 146
73 4
73 53
73 54
73 86
73 140
73 148
74 11
74 14
74 26
74 95
74 105
74 138
75 99
75 140
76 57
76 65
76 82
76 88
76 104
76 109
76 121
76 135
76 144
77 14
77 81
77 82
77 136
78 44
78 74
78 118
78 120
78 130
78 132
78 136
78 142
79 59
79 65
79 90
79 101
79 103
79 123
79 132
79 147
80 15
80 71
80 96
80 117
81 115
81 120
81 139
82 32
82 34
82 58
82 78
82 104
83 14
83 22
83 45
83 46
83 62
83 68
83 79
83 88
83 111
83 126
83 127
84 7
84 28
84 66
84 107
84 109
84 132
85 37
85 41
85 71
85 83
85 105
85 146
86 24
86 70
86 109
86 140
86 141
87 11
87 26
87 53
87 63
87 71
87 101
87 127
88 27
88 41
88 107
88 132
89 31
89 79
89 127
89 141
90 41
90 54
91 24
91 27
91 28
91 57
91 71
92 51
92 122
92 145
92 147
93 15
93 21
93 30
93 51
93 80
93 94
94 5
94 10
94 11
94 20
94 97
96 30
96 68
96 89
96 99
97 23
97 28
97 63
98 2
98 46
98 59
100 6
100 13
100 22
100 27
100 40
100 73
100 84
100 88
100 115
101 41
101 49
101 75
102 8
102 15
102 49
102 95
102 109
103 39
103 58
103 92
103 128
103 132
103 146
103 148
104 42
104 49
105 43
105 56
105 79
105 114
105 127
106 2
106 64
107 29
107 52
107 115
107 116
107 125
108 23
108 63
108 102
108 136
108 141
108 142
108 144
108 147
109 43
109 62
109 85
110 37
110 43
110 116
110 119
111 13
111 32
111 63
111 86
111 94
112 24
112 76
112 132
113 1
113 8
113 11
113 23
113 29
113 72
113 73
113 83
113 127
114 7
114 78
114 128
114 146
115 5
115 73
115 101
115 114
115 139
115 140
115 142
116 9
116 24
116 31
116 32
116 54
116 62
117 33
117 71
117 113
117 147
118 11
118 55
118 94
118 116
118 129
119 50
119 83
119 138
119 150
120 49
120 59
120 93
120 135
120 144
120 148
121 4
121 30
121 31
121 86
121 99
121 104
121 105
121 117
121 150
122 20
122 36
122 90
122 99
122 111
122 148
122 149
123 44
123 48
124 24
124 30
124 137
125 18
125 30
125 74
125 81
125 93
125 111
125 143
126 24
126 72
126 90
126 100
126 115
127 21
127 54
127 55
127 93
128 7
128 66
128 67
128 75
128 98
129 22
129 80
130 11
130 67
130 97
130 118
130 141
131 30
131 42
131 48
131 50
131 54
131 74
131 75
131 80
131 90
131 101
131 110
132 24
132 53
132 56
132 99
132 121
132 146
133 6
133 54
133 88
133 89
133 112
133 118
133 125
134 27
134 52
134 144
134 146
135 5
135 18
135 21
135 109
135 114
135 148
136 6
136 40
136 52
136 68
136 71
136 111
136 122
136 146
137 1
137 59
137 116
138 31
138 33
138 68
139 1
139 4
139 8
139 70
139 82
139 98
140 22
140 37
140 48
140 50
140 89
140 96
140 113
141 4
141 50
141 76
141 114
141 123
141 147
142 3
142 11
142 13
142 17
142 116
143 53
143 148
144 64
144 96
144 121
144 129
144 135
145 7
145 41
145 63
145 66
145 83
145 94
145 136
146 33
146 59
146 109
147 11
147 28
147 31
147 81
147 91
148 41
148 45
148 64
148 89
149 15
149 41
149 84
149 135
149 150
150 26
150 34
150 53
150 93
150 109
150 124

