200 750
42 20 6 100 43 36 12 32 62 76 66 12 45 17 30 48 11 40 4 31 76 35 21 45 22 48 61 6 91 16 50 26 14 1 116 12 18 4 73 26 3 6 40 27 5 49 16 20 4 14 39 6 6 58 64 2 71 9 35 79 38 25 18 13 19 40 15 16 20 161 17 82 24 3 22 69 23 5 52 40 17 31 64 17 27 27 14 4 32 35 71 8 51 23 78 29 10 8 20 46 81 45 82 39 7 20 26 25 31 31 68 33 35 24 178 24 4 19 30 18 17 20 11 72 90 53 5 6 7 50 8 37 39 78 2 18 12 55 31 1 53 24 7 6 4 38 12 39 36 32 14 68 32 48 19 2 28 1 10 29 206 33 10 109 9 34 18 3 40 62 1 8 5 9 16 47 119 34 40 59 3 1 59 15 53 2 128 46 35 12 1 30 23 10 64 37 9 59 4 47 
1 40
1 121
1 150
1 164
1 169
2 43
2 91
2 152
3 66
3 147
4 23
4 43
4 78
4 132
4 162
5 50
5 138
5 195
6 3
6 63
6 84
6 87
6 161
6 164
7 72
7 161
7 165
8 29
8 134
8 157
8 182
9 4
9 26
9 104
9 159
9 188
10 30
10 40
10 43
10 152
10 170
10 200
11 13
11 53
11 61
11 69
11 93
11 94
11 130
11 171
11 192
12 78
12 185
13 10
13 65
13 77
13 110
13 185
14 46
14 60
15 77
16 23
16 36
16 184
17 10
17 21
17 139
17 162
18 2
18 25
18 27
18 93
18 127
18 152
19 67
19 125
20 22
20 70
21 142
21 145
21 173
22 12
22 38
22 56
22 69
22 73
22 166
23 52
23 102
23 134
23 173
23 200
24 83
24 115
24 139
24 160
24 174
24 197
25 51
25 75
25 90
25 147
26 19
26 86
26 166
27 113
27 154
27 168
28 165
28 193
29 110
29 116
29 174
29 196
30 31
30 83
30 152
31 16
31 72
31 80
31 126
31 138
32 37
32 74
32 152
33 26
33 65
33 133
33 172
34 176
34 188
34 191
35 4
35 11
35 147
35 183
35 185
36 74
36 81
36 101
36 136
36 195
37 1
37 3
37 77
37 104
37 133
37 141
37 190
38 92
39 23
39 61
39 80
39 96
39 161
40 81
40 91
40 94
40 118
40 177
40 183
41 94
42 163
42 164
43 96
43 126
44 29
44 39
44 43
44 183
45 44
45 108
45 124
46 28
46 60
46 117
46 150
46 182
47 15
47 54
47 117
47 124
47 156
47 198
48 21
48 51
48 81
48 189
49 55
49 120
49 154
50 94
50 112
51 75
51 169
51 197
52 30
52 101
52 119
53 26
53 57
53 149
53 170
54 29
54 173
55 26
55 33
55 79
55 91
55 98
55 138
55 194
56 73
56 77
56 133
56 145
57 51
57 72
57 100
57 120
57 152
58 104
58 163
59 10
59 52
59 68
59 94
59 184
60 9
60 25
60 56
60 149
60 158
61 16
61 47
61 51
61 73
61 90
61 124
61 176
62 15
62 130
62 188
62 191
63 71
63 93
63 141
63 146
63 167
64 37
64 197
65 132
66 18
66 155
66 159
66 195
67 126
67 164
68 14
68 48
70 24
70 92
70 110
70 111
70 112
70 116
70 156
70 159
70 166
71 20
71 110
71 185
72 16
72 36
72 108
72 172
72 186
73 95
74 20
74 122
74 124
74 136
74 194
74 198
75 52
75 76
75 154
76 31
76 53
76 60
76 111
76 179
76 196
77 103
77 131
77 195
78 63
78 65
78 128
79 41
79 63
79 150
79 155
80 95
80 120
80 171
81 13
81 87
81 126
82 9
82 52
82 169
83 37
83 143
83 160
83 174
84 59
84 108
84 115
84 161
84 184
85 5
85 10
85 56
85 67
85 142
85 192
86 6
86 24
86 28
86 164
86 168
86 200
87 32
88 10
88 21
89 4
89 109
89 186
90 16
90 162
91 37
91 59
91 80
91 191
92 9
92 23
92 43
92 119
92 157
93 23
93 32
93 62
93 73
94 29
94 164
94 167
94 175
95 106
95 112
95 122
95 147
96 5
96 88
96 149
96 161
97 29
97 112
97 141
97 163
98 7
99 11
99 18
99 67
99 144
99 185
100 4
100 45
101 5
101 90
101 95
101 147
101 149
102 4
102 30
102 65
102 77
102 196
103 32
103 44
103 60
103 160
103 186
103 188
103 193
104 54
104 82
104 160
104 169
105 76
105 94
105 126
105 134
106 100
106 161
106 165
106 176
107 2
107 142
108 105
109 198
110 57
111 41
111 80
111 107
111 122
111 189
112 14
112 65
113 68
113 104
113 174
114 15
114 25
114 189
115 8
115 11
115 30
115 57
115 101
115 102
115 179
115 188
115 190
116 26
116 62
116 91
116 161
117 40
117 129
118 27
118 51
118 85
118 97
118 98
118 154
119 6
119 70
119 130
120 116
120 133
120 142
120 161
121 8
121 191
122 44
122 48
123 27
123 54
123 72
123 139
123 142
124 39
124 89
125 6
125 36
125 46
125 97
125 171
125 181
126 148
126 174
127 21
127 37
127 84
127 100
127 168
128 21
128 35
128 43
128 61
128 81
129 190
129 192
130 50
130 63
130 69
130 124
130 144
131 12
131 179
132 89
132 114
132 122
133 79
133 194
134 27
134 110
134 130
135 126
135 173
136 129
137 21
137 72
137 145
138 87
138 119
138 134
138 194
139 103
140 107
140 112
141 35
141 62
141 72
141 115
141 118
141 163
142 15
142 43
142 57
142 64
142 91
142 100
142 138
142 180
143 100
143 107
143 198
143 200
144 85
145 22
145 41
145 54
145 82
145 172
146 35
146 46
146 122
146 138
146 196
147 89
147 129
147 161
148 1
148 2
148 11
148 19
148 40
148 55
148 63
148 93
148 132
148 166
149 6
149 134
149 136
150 155
150 167
150 174
151 13
151 23
151 50
151 109
151 133
151 136
151 176
152 137
152 170
153 4
153 31
153 39
153 44
153 66
153 95
153 169
154 69
154 140
154 150
155 48
155 114
155 115
156 83
156 125
156 138
157 26
157 74
157 152
158 1
159 46
159 84
159 101
159 125
159 129
159 143
159 164
160 125
160 133
161 20
161 74
161 94
161 121
161 124
161 140
161 188
162 59
162 60
162 109
162 112
162 118
162 200
163 20
163 24
163 115
163 137
164 40
164 97
164 111
164 146
165 22
166 42
166 121
166 190
167 4
167 5
167 6
167 50
167 64
167 125
167 180
168 83
168 88
169 3
169 39
170 52
170 56
170 111
170 163
171 132
172 132
173 29
173 35
173 107
174 66
174 92
175 74
175 183
176 17
176 52
176 107
176 146
177 6
177 12
177 77
177 89
177 113
177 124
177 140
177 175
177 187
177 188
178 70
178 73
178 85
178 117
178 136
179 24
179 54
179 102
179 178
179 189
180 24
180 56
180 70
180 87
180 157
181 63
181 87
181 113
182 117
183 57
183 93
183 154
184 14
184 53
184 180
185 14
185 103
185 187
185 191
186 90
186 169
186 170
186 172
187 3
187 69
187 82
187 109
187 139
187 147
187 170
187 183
187 189
187 197
188 22
189 77
189 79
189 109
189 123
189 124
189 131
189 145
190 15
191 108
192 35
192 60
192 77
192 121
192 134
193 24
193 95
193 147
194 41
195 14
195 139
195 148
195 192
196 80
196 112
196 168
197 27
197 29
197 50
197 54
197 55
197 58
197 76
197 142
198 71
198 92
198 108
198 171
198 193
199 76
199 189
200 21
200 35
200 79
200 115
200 137

