200 500
45 11 16 16 17 1 5 58 32 3 3 3 63 5 37 16 19 15 24 12 16 5 2 25 24 10 1 16 13 22 6 36 4 6 4 47 1 1 45 12 7 56 6 10 3 5 7 33 4 8 18 9 8 5 12 3 3 21 22 1 42 1 6 10 40 4 9 24 7 7 1 15 3 6 25 24 2 6 26 2 7 5 2831256251 23 73 52 4 15 1 4 1 7 5 5 4 14 21 9 12 6 5 1 2 2 8 7 7 23 16 9 48 9 3 2 10 41 45 12 3 16 78 1 7 49 2 23 9 3 13 14 1 34 2 9 21 8 24 1 11 8 7 15 40 67 10 8 13 24 24 3 25 1 1 3 1 2 1 20 4 17 13 25 3 5 13 66 57 34 7 32 8 4 1 33 1 11 31 11 1 2 1 1 9 9 36 2 14 10 7 15 14 25 38 26 10 2 25 1 6 2 
1 75
2 58
3 48
3 88
3 190
4 34
4 114
4 118
5 41
6 69
6 79
7 16
7 55
7 174
8 38
8 52
8 65
8 143
8 144
8 164
9 72
9 126
9 166
9 194
10 127
11 186
12 19
12 21
12 155
12 190
13 2
13 58
13 116
13 142
14 78
14 92
14 98
14 102
15 30
15 73
15 84
15 86
15 94
15 102
15 168
15 189
16 85
16 168
17 121
17 135
17 190
18 16
18 114
19 97
20 6
20 61
20 62
20 99
20 149
21 18
21 99
22 34
22 152
22 156
22 177
23 116
23 137
23 160
24 7
24 84
24 111
25 52
25 59
25 101
26 4
26 37
26 89
28 56
28 110
28 135
28 190
29 26
29 127
29 174
29 193
30 11
30 98
31 67
31 134
32 2
32 51
32 131
33 183
34 39
34 43
34 74
35 13
35 28
35 31
35 121
35 124
35 136
36 5
36 26
36 35
36 40
36 109
36 188
39 1
39 144
39 145
40 61
40 169
41 3
41 109
42 82
42 157
43 136
44 28
44 59
44 121
46 130
46 142
46 174
47 3
47 115
47 153
48 63
48 189
48 193
49 139
49 159
50 93
50 140
51 61
51 186
52 59
52 182
53 148
53 171
53 180
53 181
54 178
55 14
55 19
55 144
55 151
55 178
56 98
56 133
56 192
57 42
57 174
58 16
58 66
58 157
58 182
59 5
60 23
60 187
61 4
61 45
61 146
62 63
62 68
62 126
62 151
62 197
64 14
64 55
64 96
64 107
65 61
65 115
65 144
65 148
65 160
65 193
66 94
66 116
67 148
67 172
68 5
68 63
69 13
69 124
70 13
70 129
71 124
72 1
72 82
73 176
73 197
74 42
75 47
75 58
75 100
75 116
76 48
76 74
77 25
77 130
77 188
78 10
79 1
79 22
79 43
80 54
81 72
82 33
82 168
84 10
84 28
84 53
84 61
84 138
85 11
85 45
85 54
85 66
85 94
85 160
85 163
85 197
86 47
86 144
86 148
86 149
86 193
87 191
88 73
88 105
88 184
91 31
91 39
92 17
92 38
92 132
93 8
94 73
94 166
95 100
96 94
96 141
97 117
97 147
97 155
97 174
98 21
99 145
99 164
99 183
100 86
100 195
101 42
101 120
102 82
102 197
103 183
104 7
104 77
104 94
105 149
105 155
106 66
106 81
106 184
107 45
107 54
107 144
108 41
108 176
108 177
109 163
109 170
109 174
110 106
110 129
110 136
110 191
111 8
111 87
111 89
111 90
111 195
112 90
112 154
112 164
112 187
113 105
113 116
114 44
116 28
116 128
117 72
117 108
117 170
118 123
118 185
118 194
119 74
120 107
120 129
120 139
120 160
121 103
121 105
121 167
121 168
121 177
121 194
122 54
122 170
123 162
123 176
124 9
124 26
124 28
124 99
125 116
125 126
126 7
126 36
127 180
128 79
129 32
129 39
129 51
129 76
129 79
129 200
130 64
132 5
132 24
132 44
132 127
133 126
133 168
133 170
134 65
134 68
135 47
135 133
135 164
136 112
136 170
137 129
139 19
139 115
140 8
140 64
141 164
141 193
142 182
143 43
143 86
144 30
144 34
144 130
144 177
144 191
145 27
145 112
145 134
145 143
146 16
146 32
147 46
147 77
148 59
148 194
149 129
149 134
149 161
150 143
150 165
150 185
151 16
151 40
151 161
151 180
153 95
154 9
154 128
155 166
155 191
155 200
158 8
158 19
158 82
158 93
158 125
159 143
160 88
160 115
160 135
160 147
161 2
161 39
162 50
162 76
162 166
162 168
163 58
164 119
165 14
165 126
165 135
165 148
166 30
166 42
166 81
166 109
166 160
167 1
167 3
167 25
167 106
167 169
168 112
168 167
169 117
169 159
170 2
170 62
171 115
171 190
173 109
173 136
174 1
175 121
176 194
177 41
177 137
178 14
178 143
179 53
180 119
180 164
182 74
182 76
182 80
183 42
183 52
183 102
183 111
184 123
185 22
185 58
185 117
185 162
186 18
186 137
186 187
187 73
187 117
188 42
188 48
188 68
188 71
188 118
189 24
189 70
189 132
190 78
190 174
191 43
191 187
192 1
192 29
192 96
192 105
193 14
193 31
193 67
193 155
193 156
193 167
194 59
194 137
194 166
195 13
195 112
196 32
196 187
197 172
198 18
198 37
198 43
199 17
199 26
199 51
199 55
199 105
199 142
200 17
200 19
200 63
200 108
200 117

