50 500
253 340 117 306 110 306 283 3 315 45 87 267 269 259 335 335 190 201 296 46 136 113 229 371 411 13 276 134 45 103 92 285 423 45 414 100 166 504 97 498 315 186 405 156 89 181 49 396 344 110 
1 8
1 13
1 17
1 22
1 23
1 25
1 28
1 43
1 50
2 5
2 8
2 9
2 11
2 15
2 29
2 30
2 36
2 44
2 45
2 47
2 48
3 2
3 4
3 7
3 10
3 15
3 25
3 32
3 33
3 39
3 41
3 46
4 7
4 8
4 12
4 23
4 28
4 29
4 30
4 35
4 37
4 38
4 40
4 42
4 46
4 48
5 1
5 19
5 26
5 32
5 35
5 37
5 38
5 39
6 1
6 5
6 8
6 10
6 21
6 23
6 29
6 33
6 35
6 42
6 45
7 2
7 23
7 28
7 36
7 43
7 48
8 7
8 16
8 20
8 21
8 23
8 27
8 37
8 39
8 48
9 7
9 16
9 26
9 27
9 36
9 41
9 43
9 45
10 5
10 7
10 14
10 16
10 18
10 35
10 38
10 43
10 44
11 3
11 5
11 10
11 13
11 14
11 15
11 17
11 21
11 23
11 27
11 37
12 1
12 3
12 11
12 15
12 17
12 18
12 21
12 23
12 38
13 6
13 9
13 15
13 16
13 25
13 26
13 29
13 36
13 40
13 42
13 43
13 47
14 6
14 7
14 13
14 16
14 17
14 18
14 24
14 41
14 42
14 45
15 16
15 17
15 18
15 19
15 20
15 39
15 41
15 43
16 2
16 7
16 17
16 36
16 37
16 40
17 8
17 9
17 18
17 20
17 24
18 2
18 3
18 9
18 26
18 27
18 31
18 40
18 44
18 46
19 1
19 9
19 14
19 18
19 22
19 25
19 26
19 28
19 31
19 32
19 48
19 50
20 1
20 2
20 3
20 5
20 6
20 10
20 13
20 24
20 27
20 36
20 38
20 41
20 45
20 47
21 2
21 7
21 10
21 15
21 22
21 24
21 28
21 36
21 47
22 3
22 8
22 11
22 17
22 43
22 44
22 46
23 15
23 20
23 21
23 25
23 37
23 39
23 45
24 2
24 3
24 6
24 12
24 23
24 25
24 30
24 36
24 38
24 40
24 43
24 45
25 12
25 16
25 18
25 22
25 30
25 34
25 38
25 42
25 43
25 44
25 45
25 49
26 8
26 10
26 12
26 16
26 22
26 31
26 34
26 41
26 42
26 47
27 4
27 6
27 12
27 13
27 16
27 21
27 24
27 25
27 33
27 47
27 49
28 2
28 3
28 11
28 13
28 27
28 30
28 32
28 33
28 34
28 38
28 45
29 5
29 7
29 11
29 17
29 22
29 30
29 40
30 6
30 13
30 14
30 19
30 27
30 32
30 35
30 36
30 44
30 45
30 46
30 49
31 1
31 2
31 5
31 6
31 13
31 15
31 21
31 30
31 38
31 46
31 49
32 6
32 8
32 9
32 10
32 13
32 14
32 21
32 24
32 36
32 37
32 38
32 45
32 49
33 4
33 9
33 10
33 12
33 16
33 18
33 21
33 23
33 24
33 37
33 40
33 44
33 47
33 48
33 49
33 50
34 4
34 10
34 14
34 16
34 22
34 29
34 35
34 38
34 47
34 49
35 8
35 13
35 15
35 17
35 18
35 20
35 31
35 33
35 41
35 46
36 4
36 6
36 11
36 39
36 49
37 2
37 7
37 12
37 18
37 22
37 24
37 26
37 34
37 35
37 40
37 48
37 49
38 1
38 9
38 27
38 29
38 30
38 33
38 35
38 37
38 41
38 42
38 47
38 48
39 4
39 12
39 13
39 16
39 21
39 22
39 24
39 25
39 31
39 33
39 43
39 48
39 49
40 3
40 5
40 9
40 11
40 14
40 22
40 31
40 36
40 38
40 39
40 41
40 45
40 46
41 7
41 10
41 13
41 16
41 19
41 21
41 22
41 28
41 32
41 34
41 49
41 50
42 1
42 2
42 11
42 15
42 28
42 31
42 32
42 35
42 37
42 50
43 2
43 5
43 18
43 19
43 20
43 29
43 36
43 38
43 40
43 42
43 50
44 1
44 13
44 15
44 21
44 40
44 49
44 50
45 4
45 11
45 19
45 21
45 38
45 47
45 49
46 6
46 9
46 12
46 15
46 17
46 20
46 33
46 36
46 39
46 41
47 3
47 9
47 22
47 25
47 30
47 36
47 41
47 46
48 5
48 12
48 15
48 24
48 25
48 27
48 29
48 35
48 36
48 40
48 47
49 1
49 9
49 12
49 20
49 35
49 38
49 40
49 47
50 3
50 9
50 12
50 14
50 17
50 24
50 28
50 36
50 38
50 48

