250 2000
136 120 240 5 233 61 124 328 85 85 56 144 117 33 277 146 343 189 82 35 135 4 63 172 31 433 54 228 42 203 93 209 16 118 37 334 147 33 223 63 175 53 136 288 324 217 30 284 164 3 17 61 226 161 63 37 335 241 157 101 168 19 49 76 264 118 32 115 31 127 136 148 68 89 205 393 101 195 75 162 347 34 79 73 25 192 135 25 82 143 5 220 156 15 27 186 78 61 126 45 189 123 323 406 66 194 33 273 39 34 309 299 6 178 61 100 113 70 135 125 162 1 49 251 187 91 29 12 190 316 237 417 356 108 16 179 84 118 202 72 147 22 91 350 64 460 51 85 40 82 167 226 82 119 141 42 151 3 39 125 118 341 62 14 67 147 177 100 68 204 13 138 44 110 211 46 2 51 74 123 20 506 58 199 48 106 177 109 209 70 350 23 24 99 392 104 66 215 55 13 75 56 9 242 119 156 282 68 40 68 104 170 232 247 31 176 11 95 98 9 30 52 164 120 78 203 63 91 120 83 142 48 48 10 66 233 215 325 129 68 127 110 83 237 43 119 460 86 197 10 
1 31
1 32
1 46
1 216
2 6
2 13
2 35
2 60
2 96
2 204
3 39
3 57
3 65
3 92
3 112
3 116
3 120
3 164
4 15
4 38
4 85
4 93
4 123
4 129
4 227
4 241
4 247
5 1
5 88
5 93
5 172
5 205
5 230
5 237
5 249
6 13
6 119
6 167
7 2
7 59
7 63
7 70
7 182
7 185
7 186
7 216
7 240
8 10
8 23
8 26
8 36
8 107
8 133
8 180
8 182
8 202
8 210
8 213
8 221
9 27
9 166
9 182
9 233
10 35
10 56
10 58
10 63
10 85
10 115
10 136
10 214
11 56
11 75
11 79
11 179
11 243
12 13
12 24
12 37
12 117
12 152
12 169
12 171
12 173
12 178
13 3
13 7
13 46
13 70
13 134
13 157
13 204
13 230
14 66
14 90
14 96
14 138
14 168
14 179
14 235
15 8
15 22
15 46
15 97
15 98
15 133
15 144
15 164
15 176
16 128
16 135
16 182
16 228
16 233
17 4
17 10
17 40
17 66
17 81
17 197
17 205
17 210
17 244
18 2
18 17
18 26
18 32
18 64
18 151
18 165
19 52
19 61
19 76
19 120
19 121
19 125
19 156
19 178
20 2
20 9
20 53
20 141
20 154
20 163
20 209
21 4
21 73
21 101
21 111
21 188
21 198
21 211
21 227
22 13
22 33
22 54
22 63
22 64
22 65
22 76
22 160
22 171
22 208
22 247
23 25
23 94
23 98
23 138
23 156
24 41
24 59
24 76
24 121
24 129
24 130
24 154
24 159
24 161
24 229
24 230
24 247
25 4
25 8
25 57
25 75
25 105
25 204
26 1
26 2
26 22
26 24
26 71
26 129
26 157
26 190
26 221
27 43
27 61
27 71
27 96
27 130
27 144
27 162
27 231
28 4
28 17
28 45
28 47
28 56
28 67
28 122
28 153
28 163
28 173
28 219
28 239
28 242
29 6
29 35
29 121
29 127
29 145
29 163
29 167
29 181
29 202
30 60
30 84
30 114
30 123
30 125
30 217
30 242
30 247
31 123
31 137
31 168
31 186
31 245
32 16
32 23
32 25
32 37
32 39
32 57
32 111
32 247
33 57
33 60
33 142
33 150
33 154
33 240
33 247
34 20
34 27
34 31
34 67
34 177
34 209
35 53
35 59
35 63
35 80
35 85
35 155
35 172
35 199
35 232
36 9
36 19
36 35
36 40
36 45
36 54
36 57
36 61
36 132
36 159
36 185
36 216
37 20
37 35
37 40
37 116
37 131
37 226
37 246
37 249
38 11
38 26
38 34
38 36
38 78
38 104
38 124
38 156
38 182
38 187
38 198
38 207
38 238
38 239
39 34
39 53
39 94
39 103
39 120
39 146
39 191
39 193
39 215
39 233
40 1
40 24
40 28
40 166
40 193
40 201
41 60
41 80
41 114
41 160
41 164
41 189
41 246
42 8
42 122
42 130
42 145
42 161
42 198
43 7
43 16
43 35
43 88
43 99
43 145
43 159
44 36
44 78
44 93
44 121
44 189
44 199
44 210
44 220
44 238
44 246
45 18
45 49
45 54
45 61
45 87
45 107
45 127
45 179
45 204
45 209
46 5
46 34
46 61
46 92
46 181
46 192
47 13
47 95
47 156
47 159
47 165
48 1
48 71
48 141
48 147
48 161
48 174
48 182
48 189
48 207
48 236
49 59
49 116
49 126
49 155
49 177
49 188
49 213
50 141
50 154
50 211
51 65
51 75
51 115
51 128
51 133
51 152
51 169
51 205
51 210
51 217
51 224
51 227
51 231
51 248
52 42
52 103
52 130
52 138
52 150
53 41
53 50
53 72
53 101
53 120
53 149
53 191
53 247
54 7
54 32
54 41
54 59
54 76
54 78
54 79
54 82
54 139
54 182
54 207
54 209
54 218
54 230
54 234
54 243
55 3
55 12
55 58
55 59
55 81
55 87
55 91
55 136
55 191
55 220
55 229
55 235
55 238
55 248
56 24
56 50
56 59
56 65
56 81
56 128
56 172
56 182
56 228
56 230
57 64
57 146
57 172
57 186
57 213
57 226
58 108
58 228
58 230
58 238
59 42
59 50
59 58
59 146
59 192
59 234
59 241
60 5
60 23
60 47
60 62
60 111
60 116
60 192
60 243
61 6
61 10
61 76
61 79
61 120
61 137
61 181
61 195
61 208
62 30
62 53
62 57
62 63
62 89
62 139
62 155
62 186
62 191
62 223
63 19
63 105
63 121
63 177
63 211
63 231
64 21
64 83
64 214
65 74
65 75
65 100
65 109
65 163
65 213
65 229
65 241
66 16
66 26
66 41
66 83
66 189
66 196
66 200
66 205
67 6
67 12
67 15
67 17
67 30
67 85
67 119
67 173
67 174
67 206
67 214
67 225
68 4
68 14
68 74
68 91
68 156
68 194
68 198
68 208
69 30
69 113
69 139
69 140
69 193
69 203
69 204
69 236
69 247
70 105
70 139
70 187
70 197
70 236
71 7
71 21
71 52
71 72
71 91
71 93
71 118
71 207
71 229
71 244
72 4
72 104
72 162
72 165
72 180
72 223
72 224
73 15
73 17
73 118
73 132
73 189
73 205
73 245
74 9
74 14
74 110
74 122
74 127
74 139
74 146
74 186
74 201
74 220
74 232
75 24
75 57
75 69
75 133
75 147
75 200
75 243
76 28
76 77
76 78
76 81
76 95
76 99
76 124
76 136
76 152
76 178
76 248
77 11
77 25
77 27
77 91
77 150
77 170
77 189
77 190
78 23
78 80
78 139
78 158
79 29
79 44
79 56
79 64
79 133
79 189
80 38
80 104
80 140
80 150
80 169
80 192
80 212
80 226
81 58
81 71
81 87
81 132
81 142
81 146
81 169
81 193
81 223
81 224
81 237
82 48
82 118
82 132
82 154
82 193
82 212
82 228
83 3
83 18
83 22
83 49
83 51
83 78
83 95
83 109
83 183
83 184
83 198
83 224
83 225
84 53
84 90
84 107
84 189
84 205
85 115
86 13
86 36
86 63
86 97
86 110
86 131
86 191
86 200
86 218
86 246
87 38
87 92
87 208
88 50
88 120
88 158
88 185
88 215
88 226
88 243
89 10
89 14
89 26
89 78
89 86
89 105
89 116
89 169
89 176
89 215
89 228
90 36
90 72
90 80
90 111
90 133
90 135
90 147
90 165
90 168
90 211
90 214
90 235
91 21
91 32
91 42
91 90
91 103
91 104
91 108
91 148
91 167
91 177
92 30
92 56
92 60
92 80
92 139
93 8
93 75
93 76
93 178
93 218
94 15
94 103
94 107
94 160
94 167
94 182
94 231
95 15
95 23
95 34
95 39
95 87
95 118
95 133
95 134
95 136
95 142
95 162
95 223
95 228
95 233
96 9
96 26
96 51
96 93
96 107
96 141
96 151
96 154
96 218
97 13
97 36
97 50
97 62
97 108
97 112
97 138
97 160
97 219
98 75
98 131
98 141
98 149
99 75
99 119
99 148
99 158
99 168
99 202
99 215
99 220
99 245
99 248
100 33
100 49
100 56
100 182
100 204
100 216
100 221
100 235
100 247
101 5
101 6
101 85
101 121
101 147
101 165
101 169
102 5
102 14
102 21
102 29
102 40
102 45
102 60
102 135
102 178
102 184
102 196
102 205
103 7
103 10
103 71
103 120
103 134
103 147
103 152
103 194
103 206
104 29
104 52
104 132
104 135
104 158
104 175
104 208
104 247
104 250
105 13
105 108
105 123
105 165
105 194
105 216
106 5
106 32
106 45
106 72
106 122
106 134
106 143
106 146
106 156
106 180
107 7
107 61
107 138
107 144
107 150
107 158
107 160
107 210
108 32
108 35
108 69
108 112
108 127
108 167
108 172
108 184
108 205
108 213
109 56
109 69
109 82
109 89
109 131
109 139
109 162
109 184
109 202
110 44
110 48
110 66
110 96
110 101
110 178
110 198
111 26
111 53
111 69
111 75
111 82
111 92
111 113
111 175
111 182
111 213
111 238
111 249
112 18
112 89
112 101
112 109
112 124
112 168
112 176
112 197
112 202
112 214
113 98
113 104
113 107
113 115
113 148
113 199
114 29
114 31
114 59
114 75
114 102
114 123
114 127
114 163
115 3
115 6
116 5
116 124
116 152
116 175
116 180
116 193
116 224
117 1
117 161
117 162
117 180
117 200
117 239
118 42
118 93
118 153
118 181
118 190
118 193
118 214
118 217
119 5
119 62
119 83
119 103
119 121
119 134
120 42
120 63
120 76
120 112
120 152
120 154
120 163
120 198
120 239
120 247
120 249
121 48
121 50
121 88
121 164
121 200
121 203
121 207
121 233
122 32
122 48
122 94
122 112
122 137
122 171
122 247
123 1
123 33
123 58
124 7
124 20
124 55
124 85
124 99
124 105
124 115
124 168
124 209
124 234
125 20
125 24
125 31
125 65
125 102
125 131
125 134
125 139
125 200
125 202
125 222
126 9
126 51
126 117
126 142
126 153
126 158
126 185
127 41
127 92
127 99
127 118
127 124
128 1
128 22
128 28
128 46
128 95
128 191
128 212
128 221
128 234
129 52
129 115
129 182
129 206
129 213
129 216
129 231
130 45
130 85
130 119
130 147
130 168
130 179
130 191
131 62
131 101
131 146
131 186
131 212
131 242
132 5
132 9
132 11
132 15
132 24
132 27
132 29
132 41
132 46
132 99
132 100
132 122
132 124
132 125
132 162
132 200
132 202
133 7
133 12
133 16
133 43
133 48
133 87
133 93
133 146
133 152
133 153
133 182
133 183
133 249
134 18
134 54
134 65
134 68
134 126
134 151
134 169
134 173
134 232
135 29
135 35
135 88
135 92
135 170
135 185
135 241
136 42
136 94
136 97
136 140
136 153
136 178
136 208
136 217
136 227
136 231
136 249
137 19
137 25
137 32
137 37
137 44
137 77
137 119
137 145
137 147
137 189
138 1
138 15
138 117
138 174
138 193
138 221
139 67
139 87
139 104
139 121
139 147
139 152
139 235
139 247
139 249
140 27
140 34
140 55
140 65
140 90
140 104
140 175
140 244
141 2
141 16
141 52
141 59
141 91
141 134
141 185
142 19
142 30
142 46
142 129
142 140
142 182
142 210
142 211
142 237
143 6
143 26
143 45
143 49
143 63
143 78
143 81
143 147
143 163
143 204
143 220
144 16
144 24
144 64
144 68
144 82
144 94
144 116
144 140
144 171
144 186
144 216
144 231
145 51
145 53
145 106
145 128
145 187
145 226
146 11
146 53
146 55
146 71
146 98
146 100
146 125
146 206
146 236
147 24
147 37
147 61
147 69
147 72
147 85
147 167
148 8
148 57
148 63
148 65
148 70
148 108
148 130
148 150
148 232
149 23
149 58
149 114
149 160
149 186
150 5
150 26
150 29
150 40
150 164
150 209
150 234
151 22
151 98
151 120
151 125
151 210
151 240
152 1
152 15
152 60
152 66
152 73
152 81
152 84
152 119
152 169
152 188
152 203
153 29
153 44
153 48
153 58
153 77
153 92
153 123
153 125
153 145
153 190
153 209
153 236
154 7
154 14
154 39
154 55
154 161
154 186
154 189
154 227
154 247
155 16
155 55
155 58
155 66
155 81
155 139
155 149
155 207
155 249
156 16
156 32
156 42
156 58
156 81
156 91
156 93
156 107
156 118
156 125
156 129
156 218
156 249
157 17
157 28
157 49
157 68
157 112
157 113
157 172
157 185
158 3
158 13
158 138
159 7
159 38
159 54
159 103
159 116
159 158
159 166
159 167
159 176
159 180
159 192
159 244
160 1
160 34
160 42
160 71
161 10
161 18
161 36
161 44
161 72
161 76
161 138
161 232
162 67
162 91
162 103
162 138
162 148
162 154
162 163
162 197
162 209
162 229
162 232
162 233
163 68
163 112
163 129
163 133
163 181
163 183
163 192
163 231
164 17
164 18
164 42
164 47
164 66
164 83
164 87
164 98
164 99
164 107
164 132
164 144
164 149
164 165
164 194
164 196
164 207
164 237
165 49
165 53
165 170
166 18
166 31
166 85
166 161
166 201
166 211
166 225
166 238
167 1
167 26
167 49
167 63
167 125
167 157
167 165
167 166
167 185
167 198
168 37
168 45
168 47
168 52
168 78
168 80
168 84
168 166
169 25
169 104
169 175
169 189
169 194
169 204
169 215
169 218
170 5
170 19
170 44
170 57
170 70
170 108
170 112
170 184
170 209
170 212
170 216
170 234
170 240
171 5
171 37
171 38
171 57
171 93
171 104
171 133
171 152
171 163
171 191
171 196
171 198
171 199
172 12
172 51
172 86
172 142
172 163
172 218
173 56
173 60
173 156
173 217
174 29
174 163
174 167
174 173
174 238
174 247
174 248
175 6
175 20
175 48
175 82
175 100
175 136
175 172
175 196
176 43
176 101
176 105
176 161
176 216
176 228
177 38
177 78
177 109
177 110
177 203
178 58
178 84
178 151
178 206
178 241
178 242
179 40
179 131
179 153
179 168
179 194
180 34
180 53
180 91
180 212
180 233
181 63
181 101
181 125
181 133
181 141
181 154
181 189
182 5
182 14
182 27
182 65
182 105
182 126
182 188
182 235
182 243
183 16
183 28
183 70
183 78
183 123
183 141
183 195
184 1
184 30
184 74
184 103
184 128
184 180
184 196
184 205
184 217
184 238
185 48
185 65
185 73
185 97
185 142
186 63
186 108
186 136
186 174
186 234
186 235
187 1
187 3
187 124
187 127
187 144
187 219
187 223
187 234
187 235
188 6
188 17
188 65
188 73
188 101
188 130
188 138
188 186
188 220
189 64
189 71
189 93
189 101
189 108
189 160
190 38
190 67
190 90
190 180
191 23
191 30
191 45
191 49
191 68
191 115
191 198
191 220
191 232
192 25
192 57
192 94
192 195
192 237
193 120
193 133
193 134
193 179
193 195
193 210
193 242
193 246
194 49
194 113
194 216
194 224
194 228
194 244
195 40
195 47
195 57
195 75
195 77
195 87
195 92
195 107
195 115
195 144
195 186
195 208
195 209
195 213
195 239
196 24
196 31
196 45
196 77
196 89
196 103
196 213
196 223
197 63
197 81
197 129
197 133
197 144
197 146
197 152
197 222
197 239
198 39
198 113
198 218
199 46
199 50
199 63
199 109
199 124
199 153
199 165
199 186
199 217
199 223
200 103
200 111
200 156
200 167
200 175
200 179
200 191
200 208
200 241
200 245
201 138
201 147
201 185
201 211
201 235
202 16
202 58
202 114
202 191
202 235
202 249
203 25
203 57
203 107
203 117
203 213
204 5
204 46
204 48
204 124
204 130
204 175
204 216
204 233
204 235
205 40
205 97
205 111
205 146
205 222
205 236
205 246
206 63
206 91
206 106
206 111
206 115
206 184
206 188
206 193
206 211
206 248
207 4
207 28
207 31
207 32
207 33
207 92
207 130
207 145
207 147
208 51
208 60
208 85
208 93
208 217
209 1
209 8
209 80
209 102
209 117
209 130
209 166
209 171
209 200
209 217
210 62
210 86
210 96
210 103
210 147
210 157
210 195
210 199
210 209
211 3
211 24
211 39
211 151
211 163
211 170
212 1
212 17
212 26
212 30
212 84
212 89
212 142
212 244
213 21
213 73
213 90
213 106
213 146
213 218
214 1
214 7
214 11
214 61
214 78
214 186
214 241
214 248
215 7
215 160
215 179
216 17
216 26
216 76
216 114
216 124
216 131
216 165
216 205
217 20
217 59
217 73
217 80
217 84
218 70
218 99
218 108
218 148
218 196
218 241
219 24
219 131
219 171
219 179
219 184
219 197
220 17
220 24
220 79
220 96
220 104
220 131
220 147
220 170
220 244
221 14
221 43
221 87
221 124
221 132
221 146
221 161
222 16
222 116
222 176
222 219
223 1
223 14
223 104
223 112
223 119
223 226
224 15
224 61
224 62
224 135
224 203
224 208
225 28
225 30
225 41
225 135
225 148
225 157
225 162
225 181
225 203
225 234
226 17
226 58
226 64
226 83
226 91
226 112
226 175
226 236
227 20
227 39
227 52
227 53
227 67
227 92
227 190
227 214
227 249
228 7
228 49
228 104
228 131
228 147
228 207
228 226
229 12
229 76
229 82
229 109
229 112
229 198
229 215
230 70
230 120
230 155
230 169
230 219
230 220
230 249
231 17
231 37
231 159
231 175
231 207
232 144
232 169
232 183
232 197
232 240
232 245
233 6
233 24
233 27
233 108
234 8
234 44
234 76
234 111
234 151
234 156
234 236
235 6
235 76
235 83
235 138
235 145
235 167
235 222
235 237
236 88
236 95
236 104
236 114
236 116
236 144
236 170
236 199
236 207
236 210
236 220
236 227
237 64
237 82
237 106
237 136
237 137
237 187
237 191
237 233
237 238
237 250
238 7
238 9
238 24
238 81
238 93
238 151
238 173
238 190
238 191
238 201
239 3
239 43
239 63
239 67
239 95
239 173
239 187
239 208
239 211
240 5
240 51
240 166
240 200
240 211
241 7
241 20
241 39
241 46
241 83
241 85
241 113
241 190
242 18
242 51
242 101
242 106
242 108
242 124
242 156
242 158
242 164
243 5
243 48
243 80
243 102
243 143
243 214
243 247
244 2
244 50
244 83
244 101
244 130
244 138
244 158
244 171
244 180
244 202
244 204
244 206
244 213
244 233
244 246
245 15
245 21
245 22
245 44
245 48
245 70
245 72
245 87
245 88
245 108
245 125
245 146
245 214
245 222
245 228
246 3
246 34
246 51
246 64
246 99
246 123
246 147
246 156
246 211
246 212
246 248
247 13
247 36
247 51
247 91
247 130
247 137
247 156
247 158
247 177
247 209
248 67
248 86
248 127
248 129
248 153
248 168
248 198
248 226
249 1
249 46
249 115
249 123
249 151
250 25
250 34
250 47
250 117
250 139
250 180

