200 250
1 14 6 3 1 1 1 1 2 9 1 1 1 1 2287404901 11 3529360162 4 958564022 22 1 3 8 3 10 4 9 1 4 3 4 11 4 4 1 1 11 3 1 1 4 1 6 1 4 1 2 1 1 2 4 1 45 7 8 1 2765442075 2 1 1 1 1 1 1 2 1 1 1 4 197932418 2632456029 1 1 4 8 1 9 1 2 10 1 11 8 3 7 1 2 20 14 1 4 6 2 10 1 1 4 1 1 1 4 1 27 11 25 3 1 1 9 1 1 4 2687188533 5 3 6 1 2511240218 1 8 6 4 1 2 7 1 2961752695 9 8 6 6 8 1 1 6 1 8 1 1 1 21 2140915316 1 7 1 6 3671567753 7 14 1 4 6 9 1 1 2 20 1 4 1 6 3 4 4 1 5 1 21 4 11 6 1 2 1 1 4 2 1 1 1882868789 2 2 2 12 6 34 2 4 36 3793880031 1 1 4 3 1 2 35 12 5 19 
1 165
1 171
2 95
2 133
2 188
3 166
4 68
4 94
5 29
7 175
8 115
9 198
10 30
10 119
14 119
16 37
16 122
16 131
18 9
20 105
20 111
21 64
22 93
22 95
23 13
23 96
23 132
23 173
24 146
24 200
25 87
26 168
26 192
27 143
28 43
28 109
29 104
30 82
31 103
31 174
32 121
32 186
33 144
34 85
34 198
35 37
35 82
37 8
37 86
38 61
38 144
39 196
40 7
42 185
43 120
43 183
43 199
45 37
45 91
46 109
47 94
48 60
50 124
50 154
51 27
51 82
51 157
53 33
53 62
53 116
53 156
53 186
55 51
55 198
56 94
56 103
58 34
59 182
60 67
60 140
62 48
63 159
65 46
65 58
68 83
68 152
69 87
69 152
73 187
74 168
74 189
75 3
76 170
78 138
80 20
80 55
80 93
80 187
81 44
82 187
83 92
83 198
84 97
84 148
84 186
85 132
86 63
86 145
87 44
88 11
88 61
88 75
88 194
89 6
89 21
89 170
90 32
92 6
92 164
94 25
94 91
95 135
95 150
96 175
97 135
97 177
98 25
101 27
103 3
103 106
103 189
104 179
105 10
106 20
107 49
108 54
110 125
110 189
112 196
114 88
114 124
116 114
116 197
116 200
117 31
119 77
119 115
119 137
119 149
119 167
120 36
120 102
120 151
122 141
123 44
124 153
126 69
128 85
129 77
129 197
130 79
130 82
130 157
132 41
132 161
132 164
133 67
134 18
134 170
135 186
137 91
137 99
137 112
138 148
140 47
141 105
141 188
144 104
144 128
146 132
146 141
148 128
149 66
149 115
149 143
149 184
150 54
151 139
152 135
153 50
153 104
155 32
156 131
157 120
157 122
158 16
159 168
160 105
161 41
161 121
161 140
162 54
163 150
166 22
166 75
168 91
168 172
169 2
169 162
169 186
171 53
171 125
171 185
173 63
174 129
176 74
176 77
177 20
178 197
179 157
181 53
181 193
182 163
183 25
184 121
184 141
185 12
185 103
185 105
185 155
186 131
187 79
189 89
189 109
189 175
191 42
193 170
194 80
195 72
196 52
196 101
196 184
197 54
197 104
197 134
199 46
199 136
200 86
200 100
200 125

