100 750
12 376 14 103 29 124 164 105 47 79 156 128 177 34 60 46 162 231 166 162 106 78 108 25 173 5 118 103 97 157 157 52 77 1 4 37 70 33 77 122 72 124 55 316 246 204 229 83 77 146 68 170 96 112 31 170 51 87 163 136 225 44 108 31 29 59 18 107 153 158 30 12 71 295 65 207 12 1 76 124 113 100 103 35 421 58 110 219 84 90 128 275 105 90 73 142 100 219 313 317 
1 2
1 22
1 34
1 91
2 4
2 9
2 14
2 25
2 28
2 40
2 48
2 52
2 58
2 62
2 63
2 72
3 13
3 17
3 65
3 75
4 3
4 7
4 18
4 26
4 41
4 55
4 67
4 81
5 46
5 55
5 69
5 70
5 76
5 89
6 1
6 21
6 36
6 46
6 47
6 57
6 66
6 84
7 32
7 49
7 81
7 92
8 13
8 45
8 51
8 59
8 63
8 74
8 80
9 3
9 7
9 20
9 33
9 38
9 42
9 59
9 75
9 85
10 3
10 16
10 53
10 72
10 85
10 86
10 90
11 2
11 13
11 42
11 43
11 51
11 68
11 80
12 1
12 5
12 14
12 26
12 62
12 78
12 79
12 87
12 95
13 16
13 21
13 22
13 28
13 38
13 41
13 56
13 67
13 75
13 89
13 98
14 8
14 28
14 54
14 61
14 66
14 86
14 87
14 92
14 97
14 100
15 3
15 10
15 13
15 34
15 40
15 45
15 62
15 69
15 73
15 80
15 87
16 11
16 22
16 53
16 68
16 84
16 100
17 7
17 18
17 35
17 90
17 96
18 8
18 9
18 11
18 23
18 34
18 39
18 74
18 96
19 4
19 5
19 15
19 21
19 32
19 65
19 80
19 81
19 90
19 91
19 94
19 100
20 51
20 56
20 64
20 85
20 91
20 94
21 12
21 23
21 44
21 54
21 62
21 63
21 74
21 85
21 87
21 98
22 2
22 4
22 5
22 39
22 76
22 79
22 82
22 97
22 98
23 13
23 14
23 45
23 46
23 47
23 52
23 55
23 57
23 78
23 88
24 6
24 26
24 48
24 69
24 75
24 94
25 5
25 9
25 11
25 20
25 46
25 52
25 84
25 96
25 99
25 100
26 7
26 66
26 85
27 9
27 51
27 61
27 80
27 95
27 97
28 36
28 47
28 49
28 54
28 56
28 65
28 70
28 97
28 98
29 17
29 21
29 32
29 48
29 64
29 67
29 72
29 88
30 7
30 19
30 25
30 45
30 50
30 71
31 11
31 23
31 27
31 28
31 37
31 46
31 68
31 95
32 37
32 45
33 2
33 4
33 15
33 23
33 28
33 30
33 36
33 48
33 95
34 16
34 24
34 26
34 47
34 55
34 68
34 81
34 99
35 9
35 53
35 93
36 8
36 9
36 15
36 19
36 27
36 40
36 45
36 50
36 64
36 88
37 18
37 42
37 79
38 4
38 6
38 24
38 26
38 29
38 42
38 56
38 67
38 88
38 89
38 100
39 33
39 37
39 72
39 73
39 85
39 94
39 100
40 8
40 9
40 24
40 42
40 44
40 49
40 76
41 17
41 26
41 31
41 42
41 53
41 69
41 71
41 76
41 89
41 99
42 1
42 28
42 29
42 33
42 34
42 83
42 89
42 95
42 98
43 1
43 17
43 40
44 1
44 12
44 17
44 29
44 38
44 41
44 73
44 84
44 96
45 1
45 3
45 5
45 35
45 55
45 80
45 97
45 98
46 1
46 4
46 48
46 58
46 61
46 77
46 84
46 95
47 8
47 20
47 24
47 27
47 36
47 38
47 99
47 100
48 9
48 12
48 22
48 52
48 79
48 82
48 90
48 92
48 93
48 99
49 20
49 32
49 61
49 74
49 79
50 5
50 8
50 23
50 26
50 61
50 75
50 78
50 83
51 1
51 18
51 66
51 72
51 91
52 7
52 8
52 14
52 18
52 21
52 33
52 37
52 41
52 65
52 69
52 80
52 82
53 20
53 33
53 38
53 40
53 43
53 63
53 76
53 85
54 11
54 27
54 32
54 46
54 50
54 88
54 99
55 17
55 24
55 41
55 80
55 94
56 8
56 30
56 35
56 60
56 82
56 93
57 21
57 33
57 59
57 60
57 81
57 83
58 7
58 31
58 38
58 44
58 47
58 54
58 84
58 89
59 10
59 23
59 54
59 58
59 66
59 71
59 92
59 96
59 97
60 22
60 31
60 40
60 50
60 58
60 63
60 75
61 4
61 24
61 31
61 51
61 90
62 8
62 10
62 18
62 27
62 28
62 37
62 44
62 52
62 65
62 84
62 91
62 99
63 23
63 59
63 100
64 5
64 8
64 10
64 11
64 27
64 31
64 42
64 44
64 76
64 84
64 97
65 12
65 40
65 55
65 79
66 8
66 24
66 30
66 34
66 39
66 50
66 55
67 2
67 7
67 21
67 57
67 61
67 71
67 83
68 20
68 27
68 47
68 56
68 61
68 62
68 85
69 10
69 20
69 22
69 32
69 44
69 70
70 11
70 25
70 32
70 40
70 44
70 66
70 71
70 73
70 99
71 74
71 87
71 97
72 8
72 27
72 45
72 63
72 75
72 83
73 5
73 14
73 33
73 47
73 93
74 17
74 23
74 24
74 28
74 42
74 55
74 68
74 69
74 73
74 86
74 97
75 2
75 7
75 10
75 12
75 33
75 45
75 46
75 62
75 86
75 99
76 2
76 23
76 51
76 58
76 67
76 74
76 79
76 83
77 17
77 26
77 36
77 63
77 74
77 79
77 85
77 88
78 18
78 48
78 68
78 80
79 41
79 53
79 70
80 10
80 31
80 47
80 59
80 60
80 95
81 9
81 24
81 28
81 44
81 66
81 85
82 3
82 12
82 31
82 49
82 72
82 80
82 90
82 91
83 21
83 25
83 27
83 44
83 52
83 69
83 89
84 52
84 61
84 69
85 5
85 17
85 34
85 37
85 56
85 57
85 58
85 59
85 60
85 78
85 80
86 7
86 56
86 89
87 19
87 37
87 50
87 81
87 86
88 5
88 37
88 63
88 74
88 76
88 84
88 85
88 98
88 100
89 6
89 30
89 33
89 51
89 52
89 63
89 70
89 71
89 79
90 5
90 30
90 40
90 58
90 73
91 9
91 31
91 34
91 41
91 56
91 85
91 87
92 3
92 10
92 21
92 26
92 37
92 42
92 43
92 54
92 63
92 68
92 73
92 77
92 82
92 86
92 94
92 99
93 1
93 2
93 17
93 30
93 64
93 67
93 74
94 1
94 2
94 12
94 31
94 50
94 58
94 74
95 5
95 17
95 20
95 30
95 37
95 47
95 61
95 65
95 70
95 91
95 98
96 15
96 27
96 33
96 39
96 48
96 57
96 68
96 97
97 5
97 6
97 18
97 29
97 43
97 53
97 60
97 62
97 79
97 80
97 89
97 93
98 15
98 34
98 36
98 38
98 39
98 46
98 50
98 52
98 63
98 66
98 90
99 7
99 13
99 16
99 29
99 36
99 45
99 53
99 59
99 79
99 89
100 3
100 11
100 43
100 44
100 53
100 61
100 79
100 86
100 89
100 92

