100 500
6 10 165 43 37 15 20 14 28 16 15 48 26 7 8 31 33 2 47 8 72 90 84 158 4 168 60 90 495 101 67 8 49 5 16 3 6 142 33 37 79 47 188 73 11 64 33 54 19 154 2 12 46 61 21 3 63 222 10 112 41 2 24 69 46 80 47 96 40 19 94 30 7 133 33 14 17 16 9 41 66 91 93 52 98 22 44 84 7 143 69 20 108 46 34 20 218 87 102 99 
1 56
1 74
1 81
1 87
2 28
2 60
2 77
2 83
3 13
3 20
3 24
3 51
3 70
3 80
3 88
3 100
4 13
4 22
4 96
4 97
5 29
5 38
5 41
5 61
5 65
5 74
5 92
5 96
6 10
6 17
6 26
6 47
6 69
6 98
7 74
7 79
8 71
8 74
9 98
10 21
10 27
10 38
10 86
11 50
11 89
11 95
12 41
12 43
12 81
12 82
12 83
12 97
13 11
13 29
13 38
13 50
13 60
14 13
14 58
14 76
14 95
15 9
15 29
15 100
16 28
16 41
16 42
16 46
16 92
16 93
17 16
17 41
17 42
17 51
17 64
17 72
18 3
18 13
18 24
18 60
18 83
19 34
19 38
19 66
19 68
19 80
19 99
20 1
20 16
20 19
20 33
20 52
20 58
20 69
20 72
20 96
21 29
21 96
22 31
22 41
22 49
22 54
22 78
22 82
23 8
23 22
23 65
23 69
23 72
23 85
23 90
23 96
24 29
24 31
24 37
24 48
24 68
24 74
24 99
25 29
25 64
26 4
26 5
26 34
26 41
26 55
26 70
26 75
26 80
26 93
27 68
27 74
27 81
27 99
28 1
28 20
29 2
29 28
29 31
29 38
29 42
29 49
29 51
29 55
29 63
29 96
29 99
30 7
30 9
30 21
30 54
30 59
30 67
30 84
31 50
31 51
31 65
31 74
31 84
31 88
31 91
32 33
32 44
32 54
32 58
32 89
32 96
33 28
33 44
33 52
33 72
34 5
34 36
34 50
34 65
35 1
35 6
35 53
35 71
35 91
35 99
36 29
36 100
37 21
38 9
38 22
38 33
38 34
38 39
38 78
38 91
39 17
39 23
39 40
39 46
39 73
40 43
40 51
40 72
40 93
41 31
42 8
42 22
42 69
42 90
43 5
43 44
43 45
43 51
43 54
43 90
44 74
44 85
44 87
44 95
44 100
45 10
45 57
45 71
45 75
46 3
46 13
46 69
46 89
47 21
47 23
47 62
47 96
48 19
48 22
48 29
48 40
48 68
48 90
48 97
49 50
49 53
49 56
49 98
50 18
50 26
50 67
50 83
50 98
51 37
51 57
52 19
52 38
52 55
52 64
52 70
52 71
52 85
53 1
53 15
53 43
53 98
54 6
54 27
54 28
54 51
54 53
54 88
55 3
55 76
56 11
56 43
56 46
56 57
56 76
56 96
57 17
57 21
57 25
57 30
57 40
57 41
57 43
57 58
57 74
58 3
58 24
58 29
58 63
58 65
58 72
58 93
58 97
59 63
59 74
60 3
60 24
60 28
60 36
60 39
60 49
60 61
60 67
61 80
61 86
62 12
62 13
62 35
62 41
62 45
62 56
62 58
62 80
62 83
63 21
63 25
63 79
63 96
64 55
64 78
64 90
65 85
65 90
66 11
66 15
66 24
66 27
66 49
66 62
66 67
66 86
66 97
67 3
67 68
67 84
67 93
67 100
68 37
68 38
68 52
68 84
68 91
69 4
69 15
69 38
69 71
69 88
70 5
70 30
70 44
70 93
70 97
70 100
71 58
71 63
71 65
71 68
71 88
72 29
73 18
73 45
73 61
73 78
73 83
73 94
74 13
74 20
74 38
74 53
74 65
74 69
75 72
75 88
76 7
76 21
76 58
76 61
77 1
77 13
77 50
77 52
77 65
77 78
77 91
77 97
78 11
78 18
78 43
78 46
78 67
79 29
79 43
79 75
79 87
80 7
80 30
80 47
80 63
80 74
80 86
81 41
81 65
81 76
81 89
82 26
82 29
82 43
82 63
82 67
82 77
82 90
83 34
83 36
83 64
83 65
83 67
83 82
83 88
84 3
84 33
84 37
84 39
84 55
84 64
84 66
84 81
84 86
85 10
85 20
85 26
85 28
85 47
85 73
86 13
86 56
86 83
87 11
87 30
87 78
87 95
88 8
88 11
88 40
88 41
88 47
88 60
89 27
89 83
90 1
90 9
90 30
90 61
90 73
90 85
91 28
91 67
92 4
92 22
92 32
92 54
92 60
92 67
92 77
92 82
93 24
93 32
93 43
93 50
93 51
93 62
93 81
94 50
94 56
94 77
94 97
95 34
95 94
96 2
96 75
96 95
97 43
97 64
97 69
97 76
97 91
97 98
98 5
98 11
98 59
98 65
98 94
99 6
99 17
99 51
99 55
99 57
99 64
99 90
99 97
100 9
100 16
100 29
100 53
100 82
100 91

