300 750
5 25 4 31 2 19 1 1 4 18 1 16 6 7 28 7 9 2 5 12 4 16 16 1 11 7 1 1 42 3465191675 9 19 11 9 17 11 5 6 19 10 44 27 76 7 40 4 2 12 1 3 1 8 8 17 2 26 33 9 6 12 11 27 4 5 25 15 5 13 6 6 25 5 40 17 32 81 3 3 7 1 10 6 4 21 1 6 1 2 58 25 15 1 13 21 9 19 1 3 2 77 59 49 14 1 23 1 67 10 7 8 27 39 9 51 1 28 12 1 2 12 2 8 11 2 59 6 6 24 7 3 1 3 16 2 12 22 2 33 16 2 7 49 24 7 3 9 2 28 2 7 4 2 3 17 21 1 2 11 3 9 9 13 11 9 14 1241474700 24 27 26 2 4 3 35 59 3 1 12 2614870907 13 6 4212969611 22 39 6 33 47 12 30 21 16 8 14 8 11 1 2 2 3 5 5 29 10 19 1 4 4 36 11 25 32 28 5 23 44 18 9 2 22 8 46 3 28 4 2 37 12 8 7 15 53 22 3 15 30 28 3 4 1 9 27 13 32 2 5 2 12 4 6 3 5 60 5 3 7 6 10 1 25 21 5 9 1686143966 16 63 17 14 13 29 13 11 24 5 26 1 7 27 8 2 33 46 18 26 3 14 25 2 16 104 7 9 34 9 15 22 2 2 1 6 6 3 
1 49
1 100
2 56
2 291
3 82
3 175
4 87
4 159
4 194
4 230
5 261
6 23
6 83
6 177
8 114
9 235
10 62
10 188
11 122
12 88
12 121
12 163
12 173
13 16
14 124
14 209
15 99
15 130
15 174
15 251
16 148
17 14
17 237
18 35
18 58
19 26
20 17
20 204
20 248
20 289
21 113
21 124
22 20
22 107
22 157
22 263
23 29
23 167
24 174
24 254
25 293
27 120
27 235
27 268
28 4
28 67
28 114
28 233
28 283
29 102
31 215
31 291
31 298
32 94
32 214
33 84
33 117
33 186
34 29
34 282
35 71
35 98
35 183
35 212
35 213
36 204
37 116
37 207
38 77
39 271
40 106
40 111
41 32
41 74
41 113
41 158
41 201
42 124
42 254
42 287
43 16
43 29
43 48
43 64
44 34
44 251
45 42
45 285
46 43
46 281
47 64
47 93
47 136
48 35
48 154
49 279
50 133
51 106
52 89
52 100
53 54
53 65
53 182
54 155
55 161
56 54
56 180
56 198
56 267
58 73
58 101
58 167
58 299
59 21
59 67
60 44
60 246
61 28
61 146
61 239
62 45
62 125
62 211
62 234
63 39
63 41
63 89
63 137
63 265
63 273
64 294
65 52
65 184
65 189
66 19
66 67
66 114
68 60
68 159
68 230
68 272
69 169
69 242
70 118
70 179
71 6
71 57
71 126
71 184
71 202
71 270
72 93
72 142
72 271
72 276
73 34
73 56
73 213
73 258
73 263
74 21
74 69
74 139
74 145
74 259
75 48
75 50
75 69
75 275
76 109
76 231
76 235
76 254
77 111
78 70
78 254
79 4
79 129
80 230
81 65
82 298
83 64
84 133
84 186
84 206
84 256
84 257
84 283
84 289
85 24
86 6
86 9
86 18
86 99
86 205
86 275
88 40
88 112
88 254
88 292
89 106
89 190
89 295
90 108
90 138
90 244
90 252
91 20
91 72
91 92
93 135
94 242
94 261
94 292
95 159
95 245
96 36
96 127
96 238
96 266
96 273
96 298
98 282
99 43
100 2
100 33
100 165
100 220
100 239
100 242
100 249
100 300
101 91
101 174
101 194
101 204
102 115
102 124
102 214
103 197
103 213
104 251
105 5
105 125
105 225
106 19
106 254
107 43
107 94
107 157
107 180
107 260
107 288
108 128
108 137
108 194
109 110
109 222
109 233
110 41
110 80
110 112
111 54
111 107
111 144
111 235
111 255
111 268
112 38
112 44
112 274
112 278
113 15
114 7
114 298
116 24
116 73
116 153
117 168
117 223
117 280
118 36
118 94
118 123
119 168
120 159
120 193
121 146
121 155
122 21
122 80
123 211
123 253
124 27
124 71
124 193
124 251
125 4
125 164
125 235
126 19
126 215
128 54
128 176
128 289
129 80
129 193
129 226
129 273
131 76
132 76
132 90
132 112
133 135
134 76
134 102
135 142
135 279
136 26
136 122
136 173
136 290
137 264
137 273
138 35
138 42
138 100
138 192
139 73
139 265
140 64
141 142
141 184
141 258
142 25
142 31
142 121
142 185
143 56
143 145
143 240
144 294
145 125
146 139
147 13
147 60
147 267
148 165
148 190
148 287
149 114
149 116
149 231
150 100
150 275
151 225
152 22
152 269
154 29
154 186
154 207
154 261
155 8
155 14
155 231
156 298
157 98
157 167
157 245
157 284
157 287
158 43
158 144
158 254
160 176
160 188
160 282
161 104
161 280
162 82
162 94
162 176
162 208
163 57
163 88
163 298
164 143
164 230
165 194
165 202
165 285
167 57
167 177
167 230
167 233
168 57
168 89
168 130
168 293
169 68
169 89
170 102
171 36
171 57
171 93
171 252
172 41
172 45
172 136
173 9
173 59
173 125
173 135
174 143
174 267
175 68
176 249
177 20
177 170
177 204
179 153
182 40
182 59
182 168
182 183
183 101
183 116
183 179
183 280
184 191
185 10
185 35
185 38
185 40
185 61
185 76
186 25
186 39
186 81
186 193
186 255
187 38
187 96
187 201
187 225
188 84
188 187
188 237
189 24
189 43
190 107
191 216
191 241
191 254
192 137
192 157
192 165
192 189
193 240
195 39
196 129
196 266
197 175
198 32
198 119
198 165
199 174
200 2
200 45
200 250
201 13
201 64
201 125
201 172
201 294
202 294
203 25
203 33
203 103
203 161
203 202
205 273
206 103
207 63
207 97
207 105
207 260
207 266
208 24
208 123
208 221
209 67
209 136
209 157
209 180
209 277
210 135
210 140
210 191
210 240
210 264
211 29
211 188
211 236
212 117
212 150
212 155
213 79
213 110
214 107
214 190
214 247
214 283
215 65
215 148
215 241
216 108
216 163
216 177
217 62
217 132
217 211
217 240
218 180
218 217
218 253
218 277
219 22
219 264
220 155
220 167
220 194
220 214
221 182
222 62
222 151
222 284
222 288
223 66
223 72
223 138
224 189
225 75
225 179
225 197
225 208
226 100
226 101
226 125
226 169
227 32
227 36
227 158
228 141
229 75
229 102
230 9
230 62
230 72
230 280
231 219
231 250
232 298
233 165
234 63
234 110
234 210
234 222
235 271
236 196
236 293
237 116
237 135
237 183
237 280
237 299
239 17
239 41
239 55
239 179
240 55
240 103
240 290
241 138
241 198
241 235
241 271
242 116
242 240
242 291
243 59
243 136
244 259
244 286
245 36
245 86
245 101
245 200
245 276
246 153
246 154
246 251
247 2
247 81
248 36
248 137
248 199
250 293
251 31
251 39
251 234
252 61
252 81
252 133
252 199
253 42
253 163
253 225
253 273
253 300
254 242
254 292
255 10
256 45
256 216
257 256
258 26
258 79
258 185
259 94
259 100
259 161
259 265
259 283
260 29
260 37
260 188
263 67
263 169
264 32
264 45
264 55
264 114
264 168
264 228
265 7
265 12
265 29
265 74
265 128
265 174
265 267
266 89
266 123
266 174
267 127
267 268
267 269
268 102
268 114
268 199
270 7
270 116
270 279
271 20
271 78
271 173
272 1
272 175
273 153
273 289
274 52
274 105
274 147
274 224
274 278
274 288
274 298
276 10
276 15
276 49
276 57
276 285
277 127
278 73
279 149
279 158
279 185
280 73
280 271
281 74
281 99
281 161
281 185
281 220
281 265
282 183
282 228
282 251
283 255
284 142
284 171
284 191
284 229
285 80
285 157
285 291
286 95
286 232
286 284
287 120
287 126
287 169
288 52
288 76
288 130
288 139
288 229
288 241
288 298
289 105
289 220
290 94
290 209
291 207
291 269
291 288
292 148
293 224
294 24
294 269
295 23
296 105
296 148
297 218
297 294
298 172
298 257
299 221
300 101

