200 500
6 10 6 5 6 13 45 9 37 55 9 6 4 17 5 29 3 9 1 9 23 16 3 6 14 1 10 15 2 14 7 4 3 16 4 17 5 34 11 17 20 39 42 9 3 12 3 13 1 28 10 4 53 3 11 26 40 1 5 8 48 11 13 16 13 7 48 11 3 8 1 6 58 1 2 9 16 13 7 25 14 3 35 2 14 22 1 5 4 71 4 7 2 24 1 45 1 2 33 1 43 18 8 10 15 4 12 39 13 35 19 20 26 47 9 23 73 4 2 3 13 2 2 5 9 4 13 1 1 16 5 11 7 18 1 25 15 33 7 3 35 23 26 1 8 15 9 2 10 16 26 18 9 5 4 7 10 2 12 8 14 1 42 45 8 8 8 66 1 21 31 11 24 4 28 9 3 1 20 10 9 58 22 9 1 7 10 23 23 3 4 14 24 4 49 5 1 4 8 19 
1 68
1 159
1 175
2 23
2 57
2 80
2 161
2 187
3 10
3 19
3 85
4 63
6 56
6 106
7 34
7 73
7 84
7 114
7 136
7 141
7 179
8 42
8 101
9 16
9 21
9 83
9 93
9 150
10 1
10 64
10 103
10 198
12 40
12 106
13 79
13 154
14 80
14 105
14 126
15 1
16 28
16 57
16 70
16 85
16 192
17 158
18 23
18 108
19 102
19 146
20 115
20 124
21 193
22 29
22 43
22 85
22 184
23 107
24 102
24 181
25 22
25 47
25 50
25 165
26 61
27 113
27 145
27 173
28 61
28 109
28 156
28 160
29 49
29 117
30 22
30 94
31 11
31 163
32 45
32 86
32 95
33 40
33 121
34 90
34 170
35 80
36 6
36 28
36 89
37 10
37 18
37 143
38 67
38 200
39 155
40 134
41 55
41 84
41 90
41 95
41 132
42 16
42 67
43 12
43 36
43 73
43 78
44 38
44 157
44 165
45 97
46 29
46 182
46 188
47 1
47 14
47 121
48 141
48 154
49 39
49 144
50 39
50 67
50 78
50 94
50 136
50 146
51 61
51 157
51 186
52 40
52 62
52 114
53 47
53 83
53 133
53 169
53 175
53 191
54 1
55 56
55 104
55 124
56 125
56 186
56 195
57 21
57 96
57 107
57 141
57 142
59 118
59 180
60 30
60 54
61 49
61 91
61 150
61 171
62 27
62 93
62 127
62 170
63 116
64 4
64 119
65 53
66 51
66 172
67 24
68 31
68 64
68 67
68 101
68 146
68 156
69 180
70 142
70 152
72 6
72 84
73 45
73 64
73 86
73 104
73 131
74 97
74 118
75 73
76 4
76 25
76 79
77 36
77 40
77 71
77 84
77 115
77 138
79 170
79 174
80 79
81 89
81 163
82 193
84 141
86 90
86 178
87 64
87 150
87 179
87 199
88 78
88 164
88 178
90 2
90 33
90 135
90 141
90 151
92 128
92 168
93 10
93 111
93 163
94 44
94 87
95 59
95 86
95 179
96 18
96 67
96 83
96 109
96 178
97 65
97 92
97 119
98 169
99 69
99 84
99 88
99 124
99 125
99 178
100 5
100 64
100 75
100 144
101 20
101 99
101 152
101 187
102 9
102 21
102 36
102 42
102 73
102 74
102 107
102 113
102 123
102 188
103 170
103 190
104 15
104 42
104 57
104 91
104 94
104 117
104 146
105 169
106 39
106 171
108 19
108 163
109 36
109 76
109 164
109 184
110 28
110 95
110 143
110 161
110 178
111 105
111 130
111 186
112 2
112 11
112 89
113 8
113 53
113 93
113 96
113 147
114 42
114 66
114 104
114 125
115 36
115 66
116 78
116 81
117 7
117 38
117 127
117 129
118 42
118 62
118 108
118 136
119 48
119 65
120 63
120 152
121 80
121 119
122 10
122 38
122 117
122 137
122 141
122 168
123 128
125 9
125 34
125 110
126 72
126 158
126 160
127 90
127 131
128 81
128 93
128 117
129 151
130 47
130 79
130 82
131 60
131 75
131 195
132 50
132 143
132 195
133 116
134 3
134 96
134 172
134 192
135 3
135 96
136 35
136 42
137 42
137 158
138 11
138 56
138 186
138 199
139 112
139 168
140 34
140 56
140 175
140 189
142 43
142 105
142 168
143 83
143 193
144 43
144 176
145 15
145 108
147 4
147 32
147 61
147 194
148 104
148 117
149 46
149 84
149 102
149 142
150 67
151 65
151 136
151 139
151 171
152 139
152 190
153 5
153 27
153 98
153 133
154 25
155 52
155 120
157 38
157 48
157 191
158 104
158 153
159 65
159 82
159 107
159 163
161 83
161 101
161 112
161 179
161 185
162 63
163 30
163 194
164 30
164 58
164 168
164 179
164 182
165 41
166 5
166 7
166 29
167 79
167 109
167 183
168 11
168 108
168 175
168 188
170 190
171 177
171 191
171 200
172 80
172 199
173 73
173 110
173 116
174 21
175 14
175 71
176 34
176 43
176 143
177 137
178 141
178 199
179 140
179 185
180 13
180 46
181 28
181 53
181 82
181 102
181 138
182 18
182 71
182 85
182 95
182 200
183 81
183 129
183 143
183 179
184 7
184 97
184 102
186 173
187 43
188 64
188 95
188 189
189 31
189 32
189 108
192 46
192 187
193 160
193 175
195 51
195 114
195 184
195 191
195 193
196 17
196 156
196 182
197 83
198 40
198 111
199 30
199 184
199 197
200 109
200 197

