300 250
1 4 1056460462 1 671131903 4 3758488586 1 1 1 671324442 1681498338 457684951 1 2 1 1 4 2 2 1 1 1 2 3 1 4 1032056317 1 6 1 1 2 1 2 5 1 3 1 2691073707 1 4 1 1 7 1 1 2 2 3 1 9 2813948682 2376426949 3375497960 2393221845 4 3 1 1 1284117052 2 1 4128426570 1842077566 1 2 1 1 2 1 1 3 3 1 1 2 2 1 1 11 4 3 3559465643 4 3 589908740 428094668 3073452154 3 1 2 1 4 2652109026 1 4 8 2748338800 7 3113005419 12 1 4 2 2 2 1 1519039301 116081693 2231823757 1 2536097534 2 396492353 1 2492005594 1 3076773708 4 9 1 3 3 197761537 1 1219870768 4 4 4 6 1737842881 211911096 1769975662 1 1 3543031967 1 2 543607766 1468146348 3 4 1 4 1 1 18 4058216863 4 4 7 1 2430373707 1 1 2 1 3 3 2246455028 7 2919074582 2142211907 7 2 8 7 470035960 2761158933 1 3 4 2 3853013928 1 1 1 10 1 9 1 1 6 3 1 1 1 1 1652367625 360097026 1 1679857328 3 13 8 1 14 1 6 843244366 5 1427007840 2 93819905 3 3739390285 1 1 1 22 1 16 5 4 2 879360986 9 407960293 1 1 3615306831 7 2 4 2 1 1 10 1 1 1 5 4 20 1 1 1 1 1 3 4 1 1 3 5 1 1 1 1 1 1360598525 6 369831999 4 3 4 4 1 1 4 1 6 2 8 5 3 16 9 1 1 4 4 2 6 3550656156 1200291164 1 7 1 16 1 1 3 8 1 2 1 3 4 3 4273563462 5 1 1 1 2670021824 4 3 5 
1 213
2 123
4 29
6 131
6 213
10 153
14 198
15 92
16 211
19 165
19 184
19 265
20 171
20 281
24 245
26 78
27 155
27 173
29 258
30 22
30 174
31 52
32 234
33 168
34 196
35 15
36 150
36 159
36 285
38 166
39 288
41 24
42 229
42 270
44 232
45 80
46 74
47 263
52 83
52 243
57 129
57 243
59 37
62 242
63 45
63 135
69 159
70 257
70 296
71 159
71 211
72 183
74 62
74 126
74 214
75 49
77 224
78 263
79 299
81 19
81 38
81 114
81 240
82 67
82 195
83 299
85 284
86 98
86 151
96 48
97 251
97 255
98 17
98 20
100 90
100 124
100 180
102 2
102 229
103 199
104 50
106 285
108 46
112 235
114 43
116 98
120 8
120 23
120 179
121 165
121 300
122 291
123 233
124 185
126 184
128 139
130 266
131 200
131 262
136 265
138 177
138 290
142 172
143 76
143 145
146 1
146 235
147 204
148 105
148 118
150 30
151 148
151 211
152 57
152 264
153 181
155 195
156 298
158 195
160 226
160 279
162 120
162 290
165 92
166 272
167 58
167 94
168 60
172 249
173 215
173 216
174 129
176 271
178 198
179 202
179 274
179 280
180 68
181 9
181 157
182 70
184 27
186 107
187 295
188 77
188 289
189 148
194 128
194 196
195 257
196 269
198 182
198 224
200 105
200 121
202 148
202 266
204 157
206 50
206 264
208 268
209 269
210 282
211 102
211 223
212 48
214 25
214 142
214 192
214 218
214 253
215 67
216 73
218 152
220 130
220 162
220 168
220 218
221 60
223 18
225 18
226 151
227 63
227 73
228 253
230 144
231 58
233 195
234 172
235 176
235 233
236 91
237 223
238 45
239 267
241 265
242 93
244 225
245 21
245 202
245 211
246 102
247 151
247 180
248 224
250 229
250 269
253 266
255 197
256 104
256 261
256 279
258 213
259 126
260 51
263 181
267 171
268 66
268 106
269 213
272 85
272 275
273 145
273 235
274 139
275 33
275 35
278 246
279 25
280 45
281 49
281 241
281 246
283 167
284 181
285 107
286 90
287 52
287 270
289 268
290 167
291 185
293 23
293 171
293 253
294 229
298 94
298 261
300 6
300 229

