250 250
3 3 3407454102 1 25 4 2 5 1 7 3408598793 4 7 3 1 1 9 2561546012 1704996669 3 1 5 3 2 1 1 1 3 1 2 10 9 4008119855 1 2 1760977110 12 3962137830 2908077509 3750208498 261584690 2 7 1 4 2 2 2224561636 9 18 10 1 1 16 1 8 1 8 2 1 1 4 2631809719 3 3 4 3019403299 6 1 2 1 1 1 3 406417282 4 1 1 6 4 1645388311 4 1 1 2 1 1569422490 1 2896625707 3 2 1 1 5 2 8 2 9 1 2 2 1 3 7 1 1 1 1 4 1 4 2 2 11 2 3845763995 4 22 1 1 1 4 1256819035 4 1 1 1 9 3 14 4 7 1 3 3 4 3 1 4 7 197265812 4 3484583648 9 1 3 1 4 1 19 1 7 9 15 6 1 654324766 9 10 1 4 1 4 1 2 1 10 3 2 4026995221 1 1 1 1 2805434858 1 4 856888384 1 1 1 1 4 1 2 1 1 1 3 3 6 2 2 1 1 1 1 1 3 1 4 2400485675 4 2 2 1 5 5 5 2626552651 16 3 4 4 2 4137393454 25 4 1 1261338163 4 2561954075 8 1 1 1 895833761 6 352834911 2 29 1 9 2 6 2 7 7 3 2 1 2 4 3 1 4 1 4178935456 4 1 
1 215
2 95
4 91
5 155
6 152
6 236
7 35
8 165
9 60
10 31
12 102
13 240
14 71
14 167
16 211
17 27
17 53
17 114
20 12
20 242
21 155
22 103
22 172
22 225
23 79
23 115
24 8
24 154
26 139
28 51
28 158
29 118
30 50
31 8
31 114
32 13
32 17
34 135
35 66
37 114
37 194
42 190
43 42
43 243
46 128
46 161
47 51
47 223
50 8
50 76
50 86
51 230
54 5
55 138
56 13
56 136
56 159
57 37
57 233
57 247
59 49
62 2
62 182
64 126
64 212
64 243
65 58
66 52
68 100
68 152
68 231
69 244
70 58
71 209
72 231
73 50
73 61
74 98
76 223
77 187
78 45
79 185
79 214
82 112
82 217
83 154
84 144
85 58
85 145
88 93
90 12
90 109
91 44
91 205
92 130
94 5
94 129
94 245
95 169
96 209
97 13
98 122
98 142
101 15
102 148
103 136
104 9
104 62
105 231
106 168
108 17
108 51
108 101
109 99
109 193
110 183
111 31
112 228
113 250
114 54
115 166
118 153
118 193
118 201
118 218
120 218
121 97
122 30
124 113
125 244
127 49
128 132
128 168
130 191
130 196
132 59
134 129
136 180
137 195
139 130
140 225
140 231
144 44
144 114
146 45
146 161
148 65
150 32
150 43
150 199
150 225
150 235
151 80
152 179
153 47
153 179
154 54
154 237
155 115
156 54
158 31
158 217
159 127
159 189
159 234
160 9
160 194
161 80
161 107
162 208
162 226
163 117
163 228
164 20
165 197
166 104
167 1
167 165
167 189
169 134
173 100
176 111
177 37
179 174
179 231
181 147
182 54
183 74
185 119
186 238
187 10
187 135
188 10
189 7
190 183
191 177
192 193
198 122
200 207
201 96
203 71
203 184
203 191
204 103
204 213
206 57
207 223
208 96
208 142
211 131
211 137
212 131
212 149
212 244
214 136
215 124
217 192
218 94
219 113
221 24
221 205
224 217
225 191
225 207
226 133
228 50
230 233
231 171
232 49
233 117
234 124
235 132
235 140
236 5
236 126
236 211
237 217
238 5
238 6
239 70
239 199
240 237
241 148
242 9
246 163
246 213
247 108
249 25
249 209
250 151

