200 100
1 4 1 3710111811 3 2312984579 7 1 2970946907 1019338102 3 1 1 99144795 1447732887 1 4 1652398724 1829552735 8 4 8 3 4 2081475253 1 2201458757 1 3563743432 1 605321294 4 1 1 1 4286483728 3498526072 1 1 1 1 1 1 1200663247 3322139590 3586428816 1 435303441 2330639509 1 2 1 1 2523497030 1318458044 1 1 1129458386 1 4175732808 1 1 5 1 3540783849 602165324 1 1 3 1 2 1 3 3312502994 1 3 1 1 1 4 1 1 2 1 4 1 1 402159880 1 1 4 1 1 1 1 1 2384647726 1 289479395 2 2560552711 5 4 1340932213 1 1 1 4 550999905 1 1 1 4170144550 1 2135248474 3507135734 1 1537775783 1 2661215255 3404692775 3894151986 2763005766 4042676441 3977225697 3665569447 2747806406 3968715260 2660649652 1643999491 2849089214 2525169801 1 497652609 1 1294260699 1 539790788 1 1 1 1 1419582459 1 10 745867644 3126849460 1 2 1 1 1234865290 1 4 3307651120 1 3505402816 2085024865 864708372 2329629483 1 2519448079 4 2 1685142660 1094117097 3 1215916019 3 2 1762462092 1019908221 503988243 2 4 1 4 1 1 3554991957 1276639263 1 1 1 1 4 1 3811811415 1 1 1 1 1 3 1 2 2 1 1 3803267126 
1 69
2 148
3 153
5 67
7 83
7 85
7 184
11 75
12 11
17 22
20 17
21 24
22 192
23 145
24 73
28 2
30 56
32 17
32 100
33 43
34 135
35 63
38 117
41 184
42 117
50 169
51 47
51 52
53 22
59 100
61 83
63 164
63 167
64 95
70 71
71 13
72 68
73 20
73 154
75 93
77 186
79 69
81 57
81 149
82 63
84 170
85 76
86 39
87 20
89 16
90 145
92 199
94 28
100 151
102 184
102 186
103 91
103 167
105 111
106 102
107 90
108 40
108 176
110 169
112 76
114 194
117 8
119 96
133 190
137 177
139 80
140 150
141 8
142 82
144 177
145 21
145 163
148 26
148 154
149 39
156 98
161 163
164 194
174 91
175 23
175 185
176 193
178 167
179 144
182 91
183 153
187 174
189 62
191 170
195 28
196 5
196 80
197 63
197 78
198 187

