200 100
2731770185 1 3 4 3470098537 3292380251 1 1 2731688425 1 2 11474442 2524055699 1 1 3936582961 1 7 1 1 1513195641 1 4 2480707069 337121814 3 3 1 996836147 4 1 2505885013 2374001216 2239321823 2036480266 2080005067 1 2 3539448018 2 50741264 1 2 623506199 2 1 3 1401675205 1 108094723 2845051524 1 1 3 25 452211516 3235663077 2 3 2721163969 1 1 4000777259 1855799818 4194639434 1 7 1 1 3134021409 1292909833 999435898 1 4 189612779 1202135598 2643720026 1 1 1 1 1472213049 2 4 3243071455 2449911082 1 1 4 2810743911 4 1 4 417013171 1 84831858 2 1015190777 1353106856 1 3 2335128476 1 2 1 2269408230 1 1 1 739185370 1322221006 1 4031153609 1 1 1 2 3922194663 1 4 3 1194860654 1 2422714333 1 1151862792 4226067902 5 1961046110 3 1400161406 4071922543 1 1 1 3205184449 1 1 1 1 252898668 2 1 3609061316 2 1287284553 2 1 1 3958048949 1678776184 1 9 4 1 1 1 1004632011 1 3 1 3838264534 1 2018675748 2346882849 2428011534 2 1 2349049465 2144776939 3754014405 1606095642 1 1 4083675798 4 8 2145414629 1 9 1 3848984181 1 4 23 1 3467008620 3917701273 4 1 1 1 3204434659 3590192490 1 2530341400 4 1 4 1824636785 
2 101
3 40
3 116
10 4
11 52
11 119
14 103
15 55
17 185
19 89
20 107
20 137
20 177
22 139
23 133
27 104
28 73
28 121
30 18
31 105
38 104
42 174
43 38
43 177
45 55
45 59
47 31
47 67
49 83
53 87
54 159
55 143
62 117
67 120
69 130
74 54
74 185
78 26
79 61
80 181
81 198
83 23
83 153
84 11
84 92
88 145
89 189
91 189
93 114
97 38
97 163
97 195
101 177
109 95
109 120
115 142
117 195
121 68
123 27
125 145
128 46
128 66
128 192
130 7
134 58
142 30
145 184
147 59
147 167
148 27
149 180
152 93
153 55
153 114
154 8
155 18
156 120
157 112
160 108
160 130
161 55
167 84
173 26
176 37
176 91
176 177
177 190
179 40
180 58
180 100
181 168
183 140
184 186
185 4
185 135
185 197
191 18
197 138
199 67
199 154

