250 750
21 4 3 11 7 22 8 14 26 45 4 22 13 11 9 36 65 25 49 6 34 30 5 14 3 11 2 44 1 31 8 25 91 16 3 29 12 11 82 33 44 13 5 6 7 24 2 16 37 3 11 1 52 6 4 5 83 6 24 10 2 43 3 28 13 32 22 33 9 17 32 49 64 24 31 1 5 21 12 8 32 110 62 3 42 16 10 16 33 8 10 35 150 5 34 13 77 29 49 1 19 3 12 3 2 15 10 115 39 37 58 2624990641 67 1 11 2 9 7 10 46 10 3 3 25 10 33 44 1 35 16 18 38 2 15 1 10 27 36 10 8 2 1 1 1 73 6 16 26 1 9 14 8 40 38 1 20 10 42 23 15 7 12 23 44 35 38 35 3 13 1 8 17 4 5 24 34 9 63 19 22 7 11 10 16 4 3 25 1 3 49 21 19 15 57 17 11 31 8 1 41 4 13 26 13 4 24 31 1 6 7 12 3 2 13 4 19 15 28 25 24 1 36 30 1 1 7 9 1 15 6 16 7 6 15 15 12 3 2 8 40 12 74 11 44 11 9 22 7 23 27 
1 177
1 206
1 213
1 236
2 34
2 132
3 48
4 57
4 242
5 96
5 126
5 220
5 244
6 41
6 84
6 108
6 189
7 41
7 173
8 36
8 74
8 152
8 154
9 146
9 195
9 246
10 72
10 181
11 195
12 82
12 91
12 110
13 20
13 33
13 82
13 210
14 103
14 250
15 16
15 51
15 145
15 193
16 90
16 118
16 153
16 186
16 240
16 248
17 45
17 53
17 73
17 188
17 210
18 12
18 201
18 219
19 98
19 108
19 173
19 207
19 212
19 239
20 139
20 151
20 217
20 244
21 24
21 31
21 37
21 46
21 213
21 220
22 78
22 166
22 226
23 69
23 82
24 28
24 48
24 190
25 40
25 55
26 92
26 165
26 240
27 174
28 93
28 162
28 166
28 191
29 68
29 187
30 29
30 40
30 74
30 107
30 120
31 142
31 247
32 178
32 226
32 246
33 23
33 81
33 85
33 162
33 174
33 213
34 33
34 105
34 133
35 81
35 83
35 89
35 121
36 85
36 139
36 200
37 95
37 109
37 154
37 225
38 206
39 37
39 61
39 85
39 93
39 126
39 136
39 178
39 196
40 111
40 187
41 120
41 123
42 143
42 161
43 60
43 73
43 86
43 111
44 95
44 111
44 220
45 93
46 250
47 243
48 22
48 130
48 184
48 204
48 216
49 106
49 134
49 158
49 232
49 233
49 242
50 116
50 176
51 82
51 195
52 84
52 103
52 147
53 2
53 26
53 110
53 187
54 75
55 40
55 93
56 129
56 201
56 209
57 23
57 64
57 83
57 136
57 237
58 18
58 62
58 81
59 32
59 88
59 110
59 135
59 164
60 153
61 63
62 53
62 202
62 207
63 92
63 171
63 226
64 45
64 197
64 217
65 157
65 229
66 3
66 42
66 82
66 167
67 69
67 98
68 38
68 182
68 202
69 7
70 247
71 53
71 83
71 167
71 250
72 16
72 67
72 129
72 198
73 22
73 72
73 159
73 190
73 200
74 67
74 212
75 10
75 152
75 202
76 244
77 46
77 89
77 126
78 9
78 170
78 246
79 9
79 15
79 106
81 118
82 4
82 175
82 196
82 230
83 47
83 110
83 182
84 62
84 144
84 180
85 9
85 22
85 89
85 108
85 192
86 90
86 93
86 111
86 113
86 237
87 39
87 139
87 195
88 34
88 132
88 136
88 137
89 62
89 73
90 11
91 10
91 96
91 231
92 5
92 12
92 58
92 224
93 10
93 22
93 82
94 145
94 190
95 83
95 98
95 100
95 107
95 119
95 243
96 54
96 129
96 172
96 240
97 17
97 31
97 38
97 96
97 138
97 209
97 226
98 18
98 90
98 96
98 150
98 198
99 19
99 39
99 124
99 143
99 146
99 214
100 200
101 41
101 62
101 104
102 33
102 93
102 236
103 57
104 9
104 94
104 136
104 231
105 201
106 46
106 47
106 131
107 168
108 52
108 57
108 89
108 130
108 201
108 240
108 248
109 25
109 101
109 111
109 204
110 14
110 43
110 66
110 70
110 145
110 235
111 23
111 67
111 73
111 80
111 115
113 40
113 49
113 73
113 117
115 54
115 126
115 151
115 178
116 96
116 219
117 7
117 129
118 17
119 7
119 33
119 145
119 200
120 94
120 187
120 190
120 197
120 250
121 229
122 36
122 89
122 137
122 188
122 223
123 22
123 118
123 233
124 129
124 158
124 223
125 22
125 107
125 164
126 155
126 160
127 2
127 34
127 61
127 115
127 159
128 34
128 61
128 71
128 165
128 231
129 134
129 173
129 191
129 249
130 9
130 70
130 181
131 6
131 103
132 20
132 30
132 45
132 133
132 148
132 219
133 14
133 183
133 211
134 118
134 131
134 159
134 212
134 246
135 35
135 142
136 41
136 197
136 242
137 10
137 134
137 229
138 24
138 47
138 170
139 135
140 17
141 191
142 9
142 120
142 138
142 225
142 240
144 176
145 19
145 36
145 184
146 40
146 62
146 149
147 30
147 46
148 14
148 57
148 73
148 106
148 227
149 122
150 218
150 225
151 64
151 93
151 146
152 19
153 97
153 141
153 159
154 54
154 87
154 128
154 156
155 57
156 67
156 70
156 217
157 109
157 147
157 181
158 17
158 95
158 139
158 156
159 24
159 67
159 84
159 120
159 143
160 38
160 128
161 125
161 148
162 11
162 54
162 90
162 98
163 4
163 15
163 49
163 78
163 151
163 238
164 25
164 154
165 23
165 162
165 231
166 43
166 137
166 181
166 202
166 217
167 3
167 57
167 75
167 102
167 130
168 153
168 179
169 39
169 43
169 98
169 113
169 146
169 249
171 60
171 93
171 193
171 217
172 23
172 64
172 139
172 146
172 158
172 231
173 216
173 241
174 2
174 19
174 127
174 145
174 195
175 57
175 65
175 109
176 98
176 231
177 74
177 175
178 83
178 124
178 235
178 248
179 92
179 121
179 127
179 198
180 80
180 133
180 178
180 212
181 28
181 68
181 81
181 82
181 225
182 196
182 206
183 16
183 52
184 185
184 222
185 40
186 17
186 176
187 60
187 110
189 68
189 103
190 18
190 242
191 60
191 114
191 121
191 193
191 213
192 65
192 239
192 247
193 41
194 27
194 38
194 61
194 140
194 155
194 174
194 245
195 111
195 227
196 233
197 9
197 68
198 58
198 175
199 160
200 15
200 34
200 90
201 116
201 160
201 183
202 64
202 133
202 197
203 1
203 11
203 46
203 64
203 80
203 127
204 71
204 121
204 163
204 178
204 190
205 101
205 110
206 4
206 208
206 217
207 68
207 108
207 113
207 156
208 55
208 145
209 70
210 28
210 64
210 67
210 75
210 95
210 116
210 124
210 229
211 81
211 144
211 146
211 164
212 110
212 185
213 140
214 40
214 93
214 233
215 16
215 69
215 99
215 176
216 39
216 42
216 87
216 223
217 17
217 72
218 78
218 146
218 192
218 200
218 235
219 105
219 111
220 79
220 115
221 165
221 204
221 222
222 13
222 172
222 182
222 232
223 157
223 164
224 188
225 28
225 76
225 223
226 147
226 161
226 210
226 236
227 68
227 88
228 39
228 131
229 30
229 51
229 248
230 13
230 113
231 12
231 60
231 63
231 164
231 198
232 10
232 77
232 149
232 175
233 162
234 17
234 53
234 241
234 247
235 138
235 222
236 42
236 84
236 93
237 215
238 134
238 153
239 5
239 209
240 59
240 64
241 103
241 219
242 22
242 32
242 66
242 194
242 231
243 17
243 23
243 97
243 181
244 68
244 87
244 113
244 127
245 74
245 75
245 94
246 220
247 181
248 79
248 153
249 55
249 90
249 92
250 40
250 158

