50 500
11 128 235 291 151 456 235 324 22 225 96 176 345 198 14 151 104 183 412 28 174 546 195 51 324 238 430 233 369 178 252 312 131 237 57 185 193 223 178 233 52 194 11 174 450 422 108 309 220 195 
1 6
1 7
1 11
1 22
1 24
1 29
1 30
1 34
1 38
1 40
1 42
1 47
1 49
2 1
2 11
2 17
2 29
2 33
2 37
2 38
2 45
3 4
3 5
3 13
3 14
3 15
3 16
3 19
3 27
3 29
3 34
3 36
3 43
3 44
3 46
4 2
4 6
4 11
4 14
4 19
4 20
4 35
4 36
4 40
4 42
5 18
5 35
5 40
5 45
5 46
5 48
5 50
6 3
6 13
6 15
6 18
6 20
6 24
6 29
6 31
6 35
6 37
6 43
6 45
6 46
6 47
6 49
7 3
7 17
7 20
7 25
7 30
7 42
7 45
8 3
8 9
8 15
8 24
8 30
8 31
8 32
8 44
8 45
8 47
8 48
9 4
9 15
9 18
9 19
9 27
9 31
9 33
9 40
9 41
9 44
10 3
10 13
10 17
10 21
10 23
10 25
10 29
10 30
10 35
10 36
10 43
10 46
10 48
11 3
11 15
11 16
11 21
11 25
11 26
11 33
11 35
11 40
12 7
12 9
12 22
12 24
12 34
12 36
12 40
12 43
12 47
13 1
13 2
13 4
13 11
13 19
13 21
13 27
13 38
13 43
14 5
14 8
14 11
14 15
14 18
14 21
14 22
14 23
14 31
14 35
14 37
14 43
14 48
15 7
15 12
15 17
15 18
15 23
15 27
15 31
15 32
15 39
15 40
15 47
15 49
16 14
16 15
16 21
16 22
16 40
16 43
16 46
16 47
16 48
17 8
17 18
17 22
17 29
17 46
18 8
18 13
18 16
18 21
18 22
18 29
18 32
18 35
18 37
18 38
18 40
18 41
18 42
18 49
19 16
19 25
19 26
19 31
19 33
19 37
19 38
19 44
19 45
19 49
19 50
20 5
20 11
20 12
20 15
20 35
20 40
20 47
21 7
21 45
21 46
21 49
21 50
22 3
22 4
22 7
22 8
22 9
22 13
22 19
22 28
22 31
22 39
22 40
22 45
23 5
23 6
23 8
23 12
23 17
23 20
23 21
23 36
23 42
24 3
24 16
24 17
24 18
24 19
24 25
24 37
24 39
24 43
25 9
25 13
25 17
25 22
25 27
25 28
25 29
25 30
25 42
25 45
25 47
26 2
26 9
26 15
26 21
26 22
26 30
26 33
26 36
26 38
26 40
26 44
26 45
26 48
27 5
27 12
27 14
27 19
27 21
27 22
27 24
27 37
27 47
27 50
28 2
28 3
28 13
28 14
28 24
28 32
28 35
28 37
28 39
28 45
28 49
28 50
29 4
29 7
29 8
29 15
29 19
29 24
29 33
29 38
29 41
29 43
29 46
29 50
30 2
30 5
30 9
30 14
30 17
30 33
30 45
31 11
31 12
31 27
31 30
31 40
31 41
31 44
31 49
32 4
32 5
32 6
32 9
32 11
32 12
32 14
32 27
32 30
32 33
32 41
32 43
32 44
32 46
33 7
33 20
33 23
33 25
33 28
33 50
34 4
34 7
34 8
34 9
34 11
34 13
34 17
34 18
34 22
34 25
34 29
34 31
34 37
34 39
34 41
34 48
35 2
35 12
35 15
35 19
35 22
35 33
35 36
35 40
35 41
35 48
36 2
36 5
36 6
36 13
36 16
36 20
36 22
36 29
36 50
37 9
37 10
37 26
37 29
37 38
37 46
38 5
38 7
38 10
38 17
38 25
38 27
38 42
38 44
38 46
39 18
39 23
39 32
39 36
39 37
39 42
39 50
40 6
40 10
40 14
40 17
40 21
40 24
40 30
40 33
40 36
40 39
40 45
40 49
41 1
41 6
41 17
41 19
41 28
41 37
41 42
42 11
42 12
42 24
42 32
42 40
42 44
42 47
43 1
43 8
43 23
43 35
43 39
43 42
43 47
43 50
44 2
44 7
44 12
44 13
44 20
44 27
44 28
44 29
44 36
44 37
44 41
44 43
45 4
45 9
45 15
45 16
45 20
45 24
45 31
45 32
45 33
45 34
45 44
45 46
46 12
46 22
46 23
46 25
46 27
46 28
46 30
46 34
46 35
46 36
46 40
46 47
47 5
47 10
47 17
47 19
47 24
47 26
47 28
47 35
47 36
47 40
47 41
47 48
48 3
48 7
48 11
48 13
48 15
48 17
48 22
48 27
48 31
48 33
48 39
48 44
49 4
49 10
49 13
49 17
49 27
49 29
49 35
49 44
49 45
49 47
49 50
50 2
50 17
50 30
50 45

