300 2000
118 108 118 211 27 174 34 88 72 3 10 43 287 41 68 54 66 196 61 8 153 34 32 19 93 44 155 126 106 91 107 65 90 4 11 310 90 78 9 107 128 89 115 112 73 15 160 21 122 157 42 30 92 98 106 148 112 150 13 63 32 137 55 43 8 42 149 23 56 49 125 17 279 85 221 175 91 182 456 155 31 90 50 58 135 31 221 51 43 43 61 10 329 38 113 109 108 113 88 189 68 180 16 146 218 18 89 267 228 12 25 3 44 93 90 47 190 35 201 9 33 142 6 33 35 28 39 47 27 48 311 135 196 53 38 143 77 106 97 44 125 3 160 150 100 286 114 217 185 15 66 1 6 27 121 157 32 10 75 9 16 51 45 215 67 17 397 134 18 153 71 187 173 83 61 26 74 34 167 65 61 82 219 272 20 200 7 101 143 39 142 29 85 101 59 133 21 24 26 172 230 19 68 133 22 121 170 72 96 46 54 5 111 98 74 3 50 35 183 223 7 93 285 196 77 52 127 57 33 39 42 1 91 2 170 25 100 10 92 12 105 37 10 91 17 191 59 117 169 19 14 111 291 103 159 22 1 149 226 162 5 27 10 177 64 109 3 249 31 167 96 36 61 48 102 54 8 57 97 26 213 281 8 224 66 15 102 29 46 101 5 179 310 6 96 28 173 76 304 11 
1 33
1 34
1 47
1 55
1 173
1 221
1 255
1 260
2 39
2 103
2 117
2 134
2 155
2 188
2 200
2 229
2 251
2 264
3 151
3 168
3 193
3 218
3 235
4 12
4 116
4 136
4 148
4 186
4 261
4 291
4 299
5 172
5 230
5 252
6 136
6 196
6 232
6 233
7 98
7 148
7 171
7 293
8 55
8 60
8 94
8 108
8 131
8 295
9 118
9 129
9 165
9 167
9 253
9 261
9 263
10 32
10 87
10 148
10 158
10 253
10 268
11 40
11 244
11 285
12 23
12 59
12 68
12 73
12 269
12 285
13 40
13 68
13 163
13 219
13 227
13 232
13 250
14 50
14 86
14 87
14 133
14 206
15 24
15 98
15 120
15 123
15 169
15 253
15 292
15 297
16 12
16 132
16 196
16 230
16 281
17 19
17 47
17 77
17 93
17 101
17 111
17 146
17 149
17 227
18 27
18 30
18 81
18 143
18 177
18 184
18 242
18 259
18 290
18 293
19 41
19 47
19 162
19 167
19 179
19 206
19 230
19 269
19 285
20 141
20 195
20 264
20 273
20 284
20 288
21 118
21 143
21 187
21 220
21 233
21 267
21 270
21 290
21 295
22 57
22 110
22 113
22 118
22 121
22 205
22 247
23 27
23 71
23 84
23 122
23 151
23 197
23 204
23 239
23 245
23 292
24 39
24 82
24 203
24 274
24 298
25 6
25 35
25 54
25 107
25 131
25 137
26 43
26 134
26 167
26 202
27 13
27 141
27 144
27 164
27 213
28 4
28 45
28 50
28 74
28 127
28 150
28 188
28 205
28 271
28 272
29 13
29 16
29 48
29 76
29 190
29 225
29 268
29 279
30 20
30 33
30 49
30 53
30 61
30 71
30 75
30 120
30 126
30 156
31 95
31 243
31 269
31 291
31 297
32 44
32 51
32 171
32 172
32 279
32 284
33 97
33 134
33 138
33 158
33 223
33 266
34 27
34 53
34 57
34 76
34 91
34 109
34 115
34 144
34 183
34 249
35 39
35 50
35 83
35 104
35 246
36 19
36 145
36 148
36 158
36 167
36 183
36 202
36 275
36 276
37 25
37 58
37 100
37 190
38 14
38 18
38 179
38 187
39 41
39 70
39 102
39 176
39 241
39 269
39 293
40 66
40 78
40 104
40 136
40 185
40 196
40 214
40 238
41 25
41 42
41 105
41 132
41 146
41 282
42 22
42 278
42 292
43 4
43 6
43 220
44 11
44 28
44 41
44 72
44 88
44 177
44 183
44 214
44 267
45 69
45 85
45 93
45 152
45 181
45 194
45 241
46 37
46 67
46 78
46 159
46 164
46 190
46 208
46 256
46 266
46 272
46 282
47 44
47 86
47 115
47 146
47 200
47 299
48 31
48 261
49 14
49 22
49 56
49 67
49 138
49 147
49 196
49 296
50 67
50 87
50 145
50 147
50 219
50 224
50 241
51 56
51 107
51 181
51 253
51 261
51 277
52 96
52 250
53 70
53 122
53 147
53 167
53 199
53 214
53 284
54 1
54 11
54 12
54 27
54 39
54 43
54 90
54 119
54 257
55 60
55 122
55 203
55 287
55 289
56 34
56 79
56 124
56 147
56 158
56 184
56 194
56 238
56 273
57 24
57 33
57 94
57 241
57 263
57 268
57 292
58 60
58 82
58 109
58 269
59 49
59 66
59 67
59 82
59 128
59 168
59 224
60 14
60 68
60 89
60 216
60 247
60 281
61 37
61 98
61 150
61 252
61 277
61 278
62 50
62 85
62 294
62 295
63 26
63 82
63 145
63 178
63 274
63 291
63 299
64 43
64 75
64 79
64 122
64 163
64 279
64 291
65 35
65 167
65 190
65 210
65 234
65 235
66 64
66 196
66 227
66 245
67 41
67 48
67 71
67 132
67 136
67 171
67 190
67 233
67 278
68 9
68 143
68 172
69 77
69 80
69 114
69 119
69 149
69 175
69 252
70 51
70 114
70 139
70 154
70 218
70 239
70 246
71 6
71 57
71 70
71 103
71 105
71 161
72 28
72 231
73 32
73 37
73 58
73 90
73 105
73 108
73 289
74 41
74 72
74 75
74 84
74 170
74 215
74 235
74 275
75 20
75 42
75 58
75 88
75 128
75 150
75 265
75 272
76 4
76 16
76 20
76 82
76 124
76 138
76 139
76 156
76 167
76 186
76 233
77 38
77 71
77 75
77 133
77 219
78 31
78 59
78 96
78 120
78 157
78 208
78 210
78 230
78 296
78 300
79 16
79 27
79 73
79 80
79 121
79 135
79 164
79 175
79 191
79 273
79 277
79 280
80 23
80 39
80 40
80 122
80 145
80 154
80 168
80 196
80 197
80 210
80 256
81 79
81 217
81 281
82 23
82 26
82 189
82 191
82 192
82 228
82 249
83 156
83 167
83 177
83 189
83 220
83 257
84 8
84 41
84 42
84 99
84 164
84 179
85 15
85 20
85 22
85 88
85 114
85 173
85 277
85 285
86 190
86 198
86 206
86 211
86 282
87 2
87 7
87 43
87 179
87 180
87 217
87 262
88 45
88 55
88 72
88 78
88 169
88 201
88 214
88 285
89 169
89 179
89 198
89 271
90 51
90 52
90 174
90 181
90 264
91 32
91 45
91 149
91 203
91 207
91 210
91 296
92 54
92 73
92 127
92 133
92 193
92 232
92 275
93 10
93 104
93 107
93 171
93 172
93 218
93 289
94 2
94 159
94 184
94 209
94 255
94 256
95 25
95 108
95 146
95 152
95 213
95 215
95 217
95 238
96 11
96 33
96 43
96 63
96 76
96 111
96 232
96 275
97 173
97 224
97 293
98 54
98 132
98 156
99 2
99 47
99 60
99 103
99 161
99 275
100 20
100 34
100 36
100 38
100 71
100 76
100 130
100 135
100 164
100 190
101 9
101 21
101 166
101 193
101 240
101 251
101 282
101 299
102 6
102 11
102 59
102 61
102 116
102 155
102 254
103 44
103 138
103 248
103 254
103 284
104 3
104 7
104 54
104 80
104 191
104 204
104 232
104 246
104 281
105 15
105 43
105 136
105 192
105 197
105 221
105 237
105 250
105 259
105 274
105 277
106 99
106 132
106 159
106 270
106 290
107 143
107 153
107 160
107 223
107 232
108 32
108 54
108 77
108 81
108 115
108 131
108 156
108 170
109 19
109 43
109 69
109 113
109 136
109 145
109 159
109 163
109 296
110 18
110 74
110 148
110 177
110 178
111 10
111 102
111 106
111 209
111 223
111 240
111 253
111 260
111 290
112 207
113 18
113 58
113 78
113 236
113 252
114 13
114 66
114 88
114 131
114 136
114 143
114 160
114 189
114 241
115 27
115 62
115 69
115 84
115 118
115 123
115 149
115 170
115 242
115 246
115 266
116 20
116 184
116 234
116 235
116 241
117 14
117 37
117 109
117 120
117 124
117 149
117 166
117 167
118 43
118 134
118 218
118 223
118 270
119 13
119 81
119 108
119 182
119 189
119 222
119 235
119 269
119 289
120 13
120 45
120 50
120 93
120 267
121 9
121 73
121 141
121 192
121 230
121 249
122 83
122 86
122 90
122 119
122 120
122 245
122 255
122 259
122 288
123 28
123 48
123 73
123 172
123 176
123 206
123 217
123 284
124 84
124 116
124 148
124 189
124 216
124 260
124 265
125 21
125 62
125 132
125 173
125 188
126 6
126 72
126 145
126 198
126 201
126 264
127 74
127 79
127 192
127 236
127 244
127 281
127 285
128 13
128 42
128 52
128 110
128 112
128 121
128 236
128 268
128 288
128 293
129 128
129 149
129 259
129 268
129 269
130 146
130 204
130 212
130 234
130 269
130 296
131 79
131 121
131 128
131 174
131 177
131 218
132 29
132 93
132 102
132 107
132 133
132 172
132 256
132 259
132 264
133 8
133 36
133 49
133 123
133 158
133 191
133 299
134 31
134 54
134 56
134 58
134 150
134 180
134 247
135 46
135 225
136 74
136 128
136 165
136 197
136 200
136 268
136 279
137 42
137 110
137 131
137 147
137 165
137 240
138 67
138 74
138 114
138 125
138 126
138 275
139 7
139 9
139 28
139 40
139 43
139 108
139 243
139 300
140 19
140 45
140 85
140 107
140 114
140 173
140 192
140 294
140 296
141 41
141 82
141 107
141 162
141 225
142 173
142 191
142 217
142 293
143 9
143 51
143 90
143 148
143 248
143 261
143 293
144 57
144 67
144 111
144 188
144 201
144 212
144 214
145 58
145 68
145 73
145 97
145 181
145 205
145 278
146 13
146 43
146 69
146 76
146 77
146 83
146 91
146 206
147 31
147 36
147 84
147 108
147 125
147 149
147 260
147 265
147 295
147 297
148 17
148 41
148 49
148 116
148 156
148 186
148 212
148 262
148 276
148 278
149 53
149 60
149 125
149 163
149 172
149 179
149 186
149 224
150 19
150 71
150 79
150 84
150 92
150 178
150 232
150 263
150 269
151 37
151 67
151 82
151 129
151 135
151 142
151 160
151 202
151 211
151 214
151 282
152 144
152 224
153 8
153 34
153 91
153 119
153 122
153 224
153 293
154 98
154 186
154 256
155 14
155 26
155 61
155 85
155 89
155 95
155 137
155 140
155 144
156 107
156 145
156 272
156 297
157 43
157 99
157 112
157 131
157 143
157 167
157 243
157 249
157 293
158 52
158 79
158 87
158 93
158 184
158 224
158 240
158 258
158 269
159 62
159 154
159 182
159 184
159 221
159 238
159 254
160 88
160 115
160 139
160 176
160 235
161 36
161 118
161 169
161 171
162 198
162 243
162 289
163 33
163 101
163 106
163 228
163 238
163 261
164 1
164 14
164 97
164 102
164 135
164 246
165 16
165 77
165 102
165 187
165 217
165 270
165 290
165 298
166 21
166 87
166 93
166 190
166 276
167 45
167 144
167 220
167 287
168 27
168 52
168 71
168 132
168 153
168 237
168 280
168 286
169 21
169 47
169 52
169 73
169 87
169 93
169 127
169 138
169 223
169 237
169 274
169 278
170 9
170 45
170 70
170 136
170 185
170 189
170 206
170 246
171 80
171 131
171 155
171 157
171 158
171 166
171 190
171 239
171 276
172 13
172 86
172 99
172 198
173 38
173 167
173 184
173 198
173 214
174 14
174 23
174 32
174 36
174 99
174 121
174 184
174 226
174 256
175 89
175 155
175 203
175 217
175 247
175 282
176 38
176 63
176 162
176 183
176 190
177 42
177 57
177 60
177 99
177 193
177 200
177 242
178 5
178 18
178 167
178 168
178 209
178 238
178 249
178 262
178 269
179 16
179 70
179 125
179 229
179 277
180 131
180 252
180 253
181 77
181 122
181 135
181 254
181 274
182 26
182 138
182 172
182 206
182 215
182 231
182 259
182 280
182 285
183 26
183 191
183 219
183 230
183 258
183 280
183 283
184 131
184 141
184 164
184 244
184 245
184 265
184 276
185 52
185 125
185 188
186 64
186 163
186 166
186 196
186 210
186 230
186 253
186 264
186 265
187 30
187 31
187 32
187 57
187 75
187 91
187 94
187 111
187 143
187 180
187 264
188 22
188 39
188 50
188 109
188 123
188 147
188 295
189 37
189 125
189 174
189 192
189 200
189 248
189 287
190 9
190 27
190 90
190 98
190 152
190 213
190 222
190 276
191 28
191 103
191 114
191 160
191 177
191 234
191 281
191 288
192 41
192 63
192 112
192 236
192 258
192 278
192 287
193 2
193 54
193 130
193 144
193 162
193 180
193 195
194 15
194 79
194 212
194 238
194 261
194 286
195 2
195 34
195 93
195 100
195 103
195 130
195 146
195 152
196 100
196 145
196 155
196 158
196 170
197 37
197 55
197 106
197 117
197 156
197 259
197 266
197 275
197 299
198 118
198 248
198 249
199 80
199 115
199 138
199 192
199 276
200 98
200 104
200 126
200 194
200 227
200 242
200 269
201 18
201 56
201 149
201 199
201 217
201 220
201 250
201 267
201 281
201 284
202 31
202 105
202 156
202 158
202 161
202 178
202 184
202 263
202 299
203 155
203 193
203 213
203 270
204 29
204 86
204 87
204 93
204 152
204 189
204 226
204 280
205 112
205 248
205 271
205 291
206 36
206 38
206 55
206 65
206 78
206 183
206 232
206 238
207 3
207 34
207 114
207 142
207 166
207 168
207 217
207 254
207 280
208 4
208 10
208 37
208 164
208 175
208 181
208 183
208 200
208 232
209 58
209 63
209 83
209 118
209 124
209 176
209 228
209 240
209 259
210 62
210 115
210 121
210 183
210 255
210 276
211 102
211 149
211 200
211 245
211 252
211 255
212 9
212 76
212 196
213 1
213 8
213 45
213 79
213 121
213 195
213 219
213 220
213 271
213 292
213 297
214 15
214 34
214 64
214 253
214 259
215 73
215 83
215 100
215 110
215 173
215 223
217 2
217 26
217 73
217 146
217 196
217 245
217 265
218 2
218 17
218 88
218 97
218 98
218 192
218 247
218 248
218 300
219 12
219 101
219 152
219 204
219 236
219 260
219 283
220 61
220 76
220 128
220 160
220 217
220 264
221 3
221 15
221 29
221 68
221 109
221 123
221 141
221 170
221 220
221 228
221 237
222 56
222 65
222 66
222 79
222 105
222 250
222 251
222 255
222 260
222 268
223 3
223 14
223 55
223 69
223 132
223 140
223 158
223 192
223 278
224 9
224 36
224 47
224 63
224 85
224 124
224 188
224 282
225 6
225 131
225 145
225 232
225 252
225 293
225 298
226 69
226 109
226 262
226 295
227 49
227 85
227 174
227 180
227 206
227 220
227 246
228 77
228 128
228 226
228 278
229 47
229 74
229 237
230 29
230 40
230 77
230 233
231 96
231 97
231 105
231 190
232 46
232 58
232 61
232 109
232 131
232 141
232 160
232 167
232 188
232 269
232 300
233 106
233 117
233 139
233 151
233 189
233 194
233 195
233 253
233 278
234 18
234 101
234 128
235 11
235 40
235 43
235 76
235 107
235 146
235 224
235 237
235 289
236 56
236 98
236 122
236 181
236 217
237 103
237 132
237 175
237 197
238 44
238 75
238 115
238 176
238 264
239 108
239 139
239 180
239 182
240 26
240 45
240 167
240 221
240 223
241 5
241 13
241 32
241 36
241 42
241 121
241 205
241 283
242 75
242 103
242 194
242 218
242 281
243 25
243 64
243 78
243 232
243 239
243 299
244 17
244 44
244 48
244 60
244 61
244 92
244 125
244 145
244 201
244 224
244 281
245 25
245 107
245 154
245 177
245 179
245 244
245 257
245 278
245 279
245 298
246 6
246 34
246 108
246 149
246 207
246 231
247 10
247 172
247 199
247 200
247 207
247 223
247 265
247 280
247 295
248 28
248 119
248 120
248 170
248 194
248 201
248 222
248 267
249 2
249 101
249 102
249 106
249 145
249 153
249 174
249 210
249 226
250 72
250 287
250 297
251 50
251 97
251 99
251 148
251 275
252 45
252 114
252 162
252 213
252 275
253 6
253 18
253 64
253 93
253 102
253 114
253 141
253 168
253 204
253 215
253 234
253 259
253 284
254 12
254 88
254 133
254 161
254 173
254 210
254 220
254 259
255 98
255 166
255 188
255 243
255 246
255 282
255 293
256 125
256 143
256 296
257 23
257 26
257 33
257 46
257 85
257 127
257 212
257 222
257 227
257 237
258 70
258 105
258 128
258 131
258 165
258 267
258 269
259 22
259 118
259 128
259 179
259 203
259 271
260 41
260 136
260 137
260 193
260 229
260 258
261 23
261 62
261 73
261 142
261 146
261 172
261 215
262 49
262 60
262 93
262 239
262 294
263 41
263 45
263 79
263 194
263 219
263 284
264 23
264 46
264 108
264 164
264 167
264 177
264 183
264 188
264 206
264 218
264 227
264 228
265 150
265 163
265 239
265 294
266 27
266 36
266 50
266 66
266 112
266 169
266 182
266 241
267 6
267 109
267 164
267 187
267 202
268 33
268 70
268 97
268 99
268 117
268 124
268 125
268 143
268 169
268 181
269 3
269 261
270 36
270 37
270 75
270 103
270 137
270 167
270 235
270 261
270 274
271 4
271 65
271 90
271 95
271 195
271 233
271 238
271 276
272 51
272 59
272 198
272 218
272 224
272 228
273 5
273 11
273 62
273 86
273 115
273 117
273 159
274 37
274 41
274 46
274 88
274 117
274 236
275 134
275 173
275 174
275 183
275 184
275 192
275 196
275 210
275 211
275 284
276 13
276 149
276 250
276 258
277 15
277 44
277 119
277 251
277 285
278 62
278 87
278 168
278 252
279 4
279 102
279 146
279 156
279 224
279 236
279 260
279 283
279 294
280 7
280 68
280 186
280 201
280 240
280 292
280 297
281 82
281 137
281 232
281 261
281 284
282 3
282 81
282 83
282 87
282 106
282 138
282 153
282 197
282 202
283 82
283 104
283 109
283 165
283 192
283 240
283 272
284 34
284 93
284 116
284 128
284 161
284 163
284 223
284 232
284 242
284 270
285 18
285 103
286 77
286 225
287 86
287 87
287 109
287 207
287 255
287 265
287 298
288 60
288 97
288 154
288 157
288 180
289 4
289 7
289 30
289 42
289 150
289 251
289 259
290 98
290 129
290 176
290 179
290 219
290 226
290 229
290 236
290 246
290 256
290 266
290 279
291 45
291 101
291 133
291 162
291 282
292 53
292 56
292 120
292 133
292 194
292 228
292 285
292 298
293 58
293 114
293 126
293 182
293 184
293 199
293 232
294 45
294 160
294 204
295 112
295 152
295 199
295 249
295 254
295 297
296 34
296 62
296 145
296 160
296 179
296 241
296 274
297 2
297 51
297 112
297 173
297 197
297 212
298 15
298 33
298 95
298 133
299 6
299 114
299 118
299 164
299 167
299 252
299 258
299 272
299 281
299 289
300 47
300 186

