200 750
95 10 28 4 5 9 18 9 36 12 64 1 1 37 27 2 27 53 14 15 32 22 72 23 13 79 14 18 14 14 6 8 33 28 43 63 38 98 73 18 49 11 9 29 49 34 36 12 61 51 27 106 14 9 1 5 41 38 40 13 14 27 14 22 52 7 32 56 32 32 11 1 8 20 13 162 14 38 83 22 76 38 30 21 28 27 29 3 163 21 1 43 32 17 8 31 12 12 28 57 4 44 3 10 11 17 13 4 3 48 28 7 14 17 15 33 15 43 36 9 27 23 8 35 57 13 36 75 16 28 12 3 22 57 58 10 18 48 30 11 28 18 46 75 6 7 11 15 11 19 8 61 34 105 113 50 53 2 19 33 23 1 25 68 36 3 22 45 19 88 119 10 4 5 79 107 10 5 5 38 21 4 17 14 7 5 12 14 77 13 46 37 26 38 94 40 88 54 4 64 
1 18
1 41
1 50
2 76
2 174
3 50
3 111
3 126
3 140
3 168
5 65
5 157
6 5
6 170
6 200
7 35
7 39
7 85
8 52
8 74
9 61
9 129
9 164
10 17
10 68
10 100
11 3
11 107
11 125
12 200
13 85
13 120
14 37
14 60
14 73
14 176
14 198
15 21
15 27
15 113
15 194
16 46
16 52
16 62
17 110
17 163
17 184
18 20
18 51
18 121
18 159
18 162
19 11
19 21
19 33
19 45
19 106
19 133
20 43
20 58
20 89
20 108
20 138
20 154
20 189
21 85
21 175
22 89
22 90
22 146
22 147
22 191
23 12
23 179
24 37
24 120
24 122
25 13
25 20
25 71
25 124
25 125
26 45
26 46
26 94
26 154
27 20
27 105
27 138
28 52
28 84
28 92
28 130
28 181
29 95
29 113
29 135
30 118
30 157
30 177
31 44
31 52
31 94
33 37
33 118
33 191
34 23
34 99
34 160
35 29
35 103
35 108
35 134
36 30
36 130
36 134
37 28
37 44
37 77
38 1
38 8
38 28
38 76
38 78
38 101
38 159
38 187
39 17
39 19
39 21
39 49
39 159
39 179
39 180
39 198
40 118
40 124
40 186
40 189
41 83
41 117
41 151
42 10
42 37
42 74
42 93
42 112
42 146
42 182
43 19
43 74
43 121
43 141
44 20
44 54
44 116
44 155
44 156
44 167
45 43
45 61
45 144
45 192
46 17
46 157
46 180
47 54
47 79
47 105
47 127
48 47
48 177
49 11
49 34
49 59
49 116
49 175
50 6
50 18
50 22
50 128
50 133
50 193
51 57
51 106
51 123
51 130
51 133
52 1
52 32
52 36
52 99
52 171
53 41
53 155
54 17
54 34
54 90
54 127
54 160
54 165
55 5
55 23
55 105
55 149
55 155
56 83
56 100
57 14
57 164
58 8
58 120
58 133
58 152
59 55
59 58
59 64
59 84
59 151
60 150
60 165
61 134
61 136
61 197
62 9
62 26
62 36
62 106
62 118
62 119
62 132
62 146
63 62
63 72
64 105
65 98
65 145
65 184
66 68
66 75
66 110
66 144
66 198
67 9
67 78
67 130
67 177
68 1
68 114
68 171
68 172
68 195
69 48
69 63
69 138
69 169
69 183
70 34
70 58
72 4
72 89
72 152
74 23
75 23
75 155
75 157
75 184
75 191
76 18
76 24
76 91
76 112
76 116
76 142
76 158
76 162
77 94
77 95
77 115
78 29
78 89
78 168
79 7
79 11
79 147
79 182
79 187
79 194
80 13
80 78
80 163
80 177
80 181
81 43
81 70
81 78
81 114
81 137
81 189
82 1
82 30
82 100
82 179
83 5
83 21
83 37
83 74
83 191
84 77
84 106
84 111
84 136
85 45
85 78
85 125
85 189
86 34
86 82
86 92
86 179
87 61
87 63
87 71
88 16
88 26
88 64
88 85
89 18
89 36
89 85
89 131
89 149
89 162
89 181
90 38
90 63
90 121
90 152
90 169
90 175
90 196
91 7
91 43
91 170
91 174
92 18
92 59
92 62
92 77
92 189
93 67
93 133
93 145
94 70
94 116
95 43
95 196
96 15
96 41
96 106
97 57
97 58
97 111
97 185
97 186
98 77
98 87
98 180
99 59
99 81
99 82
99 103
100 25
100 45
100 93
100 131
100 165
101 16
101 67
101 87
101 88
101 125
101 174
102 48
102 90
102 119
102 127
102 165
103 192
104 2
104 10
104 47
105 48
105 53
105 65
106 76
106 142
106 172
107 15
107 64
107 86
107 117
107 158
108 14
108 22
108 61
108 65
108 71
108 107
108 138
109 46
109 170
110 166
110 196
111 91
111 131
112 32
112 178
113 7
113 8
113 13
113 181
114 73
114 149
114 188
114 193
115 136
115 139
115 193
116 39
116 107
117 55
117 73
117 88
117 108
117 149
118 80
118 102
118 180
119 83
119 191
120 2
120 50
121 54
121 64
121 89
122 16
122 50
122 148
123 5
123 121
124 147
124 164
124 165
124 180
125 75
125 98
126 13
126 136
126 195
127 2
127 66
127 192
128 5
128 22
128 24
128 27
128 63
129 53
129 135
129 180
130 72
130 125
131 80
132 88
132 104
132 113
132 119
133 8
133 56
133 108
133 143
133 171
133 179
134 88
134 132
134 196
134 198
135 9
135 11
135 61
135 87
135 110
135 136
135 144
136 82
136 98
136 160
137 5
137 14
137 70
137 96
137 120
137 142
137 144
137 167
138 40
138 196
139 46
139 49
139 92
139 161
140 117
140 156
141 26
141 91
141 144
141 157
142 51
142 79
142 183
143 1
143 103
143 135
143 145
143 194
144 43
144 65
144 78
144 115
145 21
145 68
145 194
146 1
146 29
146 60
146 116
146 128
147 28
147 193
148 53
148 128
148 185
149 10
149 52
149 104
149 132
150 5
150 87
150 154
150 170
151 173
152 41
152 49
152 52
152 76
153 9
153 36
153 111
153 138
153 151
154 37
154 39
154 49
154 81
154 104
154 110
154 164
155 23
155 32
155 37
155 45
155 88
155 102
155 182
156 21
156 30
156 65
156 84
156 94
156 153
157 99
157 128
157 139
157 177
159 76
159 146
160 9
160 11
160 12
160 140
161 88
161 99
161 141
161 167
162 36
162 71
162 143
163 29
163 42
163 51
163 93
163 164
163 168
163 189
164 116
164 190
165 128
165 133
165 145
166 4
166 92
166 163
166 169
166 170
166 192
167 42
167 122
167 166
168 45
168 54
168 104
168 152
168 171
169 8
170 4
170 35
170 86
170 119
170 195
171 8
171 32
171 38
171 69
171 119
171 145
171 164
172 24
172 28
172 45
172 153
173 31
173 33
175 12
175 39
175 66
175 197
176 20
176 55
176 70
176 88
176 96
176 122
176 127
176 143
176 164
177 103
178 4
178 74
178 195
179 40
179 119
179 159
180 58
180 93
180 94
180 130
180 164
180 169
181 178
182 81
182 101
182 141
183 19
183 23
183 27
183 56
183 67
183 125
183 139
184 105
184 155
186 79
186 160
186 196
187 29
187 53
187 71
187 90
188 36
188 57
188 91
188 118
188 128
188 135
188 175
188 193
189 89
189 93
189 185
190 1
190 26
190 154
191 26
191 89
191 122
192 27
192 33
192 81
192 111
192 200
193 57
193 121
193 189
194 1
194 35
194 142
195 17
195 23
195 24
195 89
195 110
195 147
196 25
196 48
196 126
196 198
197 9
197 11
197 23
197 88
197 96
197 121
197 125
197 172
198 79
198 82
198 92
198 123
198 156
198 175
198 176
199 50
199 57
199 153
200 46
200 98
200 134
200 169
200 177

