300 750
78 3 6 23 7 8 4 8 21 50 9 3 3 3 6 14 9 18 8 1 8 16 23 2 8 11 6 12 1 46 23 5 16 20 15 37 10 1 3 1 4 44 13 5 6 2 1 19 14 19 3 1 30 2 29 9 76 21 9 9 22 38 27 14 22 5 1 1 18 8 24 1 34 26 19 28 19 2 1 16 4 13 1 2 21 33 28 15 72 1 14 1 44 2 19 9 9 17 12 43 4 9 30 13 24 3 13 3 7 4 5 7 45 3 29 8 7 1 4 35 1 14 3 20 11 9 7 7 10 20 1 38 10 8 13 10 3 81 1 7 28 13 3 20 1 1 10 23 1 1 3086307636 63 45 60 10 15 35 16 3 3 1 40 3 9 30 42 64 6 1 35 16 28 14 10 6 3 6 6 29 8 14 9 16 21 37 13 14 6 7 75 4 4 7 8 29 15 4 3 14 4 5 1 17 9 25 2 8 7 10 14 24 13 6 2 2 29 7 45 70 56 9 23 3 7 5 9 11 14 10 45 1 1 18 4 7 1 31 1 3 49 15 3 5 31 6 35 6 1 28 12 7 13 4 26 16 12 28 3 29 3 23 7 1 9 2 7 1 18 20 4 7 36 1 23 17 10 72 9 35 21 17 21 13 1 15 12 21 13 24 2 8 31 27 12 4 5 12 44 1 26 
1 63
1 109
1 175
1 286
2 277
3 181
3 184
4 19
5 162
5 213
6 144
6 153
6 183
6 282
7 187
7 188
7 275
8 1
8 168
8 286
9 20
9 124
10 42
10 108
10 172
11 10
11 77
12 276
12 293
13 58
13 282
14 185
15 4
15 153
15 298
16 57
16 73
16 117
16 231
17 112
17 232
18 41
18 75
18 107
19 36
19 96
21 49
21 85
21 163
22 71
22 240
22 287
23 54
23 203
23 209
23 226
24 50
25 241
25 271
26 4
26 150
27 11
27 133
27 289
28 85
28 97
28 220
29 88
30 236
31 63
31 144
32 93
32 106
32 180
33 32
33 39
34 260
35 26
35 294
36 3
36 55
36 99
36 258
37 97
37 237
38 173
39 249
39 297
39 298
40 91
41 148
41 172
42 159
42 226
43 53
43 120
43 188
43 297
44 17
44 133
44 143
45 37
45 193
45 237
46 89
46 206
46 268
47 133
47 154
47 173
48 132
49 74
50 28
50 113
51 193
53 140
53 148
53 234
54 182
54 240
55 82
55 166
55 202
55 300
56 5
56 165
57 82
57 98
57 121
57 291
58 48
58 62
58 237
59 88
59 252
60 9
60 222
60 289
61 57
61 59
61 167
61 218
62 17
62 195
62 263
63 107
63 257
63 269
64 27
64 37
64 225
65 36
65 115
65 132
65 166
65 221
66 120
67 69
68 59
68 185
68 275
69 139
69 254
69 297
70 1
70 227
70 283
71 42
71 47
71 153
71 249
72 185
73 247
73 281
74 207
74 254
74 289
75 29
75 183
76 33
76 188
77 207
77 266
78 173
79 28
79 54
79 157
80 10
80 15
80 142
80 156
80 176
80 256
81 45
81 99
82 172
82 194
82 254
83 23
83 138
83 175
83 189
84 42
84 109
85 272
86 153
86 166
86 173
87 113
87 186
87 274
88 111
88 142
89 176
89 210
89 237
89 271
91 48
91 125
92 76
92 255
93 86
93 147
93 229
94 221
95 152
95 184
95 188
95 239
95 246
96 48
97 237
98 167
98 292
99 104
99 228
100 49
100 55
100 67
100 73
100 117
101 55
101 176
102 173
102 196
103 3
103 74
103 159
103 218
104 34
104 42
104 209
104 222
105 94
105 126
105 244
105 288
106 124
107 100
107 161
107 200
107 213
107 225
109 292
109 300
110 34
110 171
111 77
111 142
111 167
112 210
113 70
113 157
113 214
114 117
114 157
115 26
115 192
116 70
118 173
118 286
119 52
119 67
119 230
119 239
119 281
120 181
121 30
122 25
122 178
122 237
123 16
123 26
124 97
124 228
124 264
125 37
125 251
125 289
126 30
126 203
127 61
127 124
128 69
128 185
129 87
130 141
130 210
130 228
132 83
132 156
132 173
132 177
132 237
133 228
134 35
134 298
135 58
135 73
135 129
135 153
136 8
136 57
136 100
136 197
137 100
138 18
138 31
138 57
138 116
138 244
139 15
139 288
140 30
140 202
141 20
141 89
141 160
141 220
141 271
142 101
143 1
143 120
144 25
144 163
144 166
145 179
146 206
146 269
147 14
147 103
148 66
148 190
149 276
152 30
152 34
152 241
152 266
153 28
153 180
153 205
154 38
154 208
154 209
154 216
154 260
154 287
155 240
155 283
156 85
156 154
157 37
157 104
157 130
158 162
158 219
158 260
159 174
159 212
159 238
161 2
161 23
161 152
161 190
162 32
162 77
162 80
162 93
162 98
163 62
164 3
164 198
165 51
165 93
165 280
165 300
166 172
166 269
167 96
167 256
168 22
169 186
170 34
170 93
170 175
170 204
170 277
171 9
171 81
171 122
172 73
172 168
173 31
174 224
175 153
175 247
176 220
177 31
177 105
178 166
178 233
179 79
179 106
179 120
179 206
180 185
180 293
181 89
182 72
182 244
182 264
183 120
184 18
184 30
185 24
185 61
186 108
186 240
186 246
187 76
187 296
188 15
188 72
188 200
188 221
189 204
190 37
190 53
190 137
190 219
191 35
191 48
191 50
191 58
191 134
192 127
192 240
192 279
193 140
194 113
194 247
195 3
195 4
195 9
195 160
196 181
196 189
196 218
196 286
198 64
198 112
198 292
199 4
199 36
199 144
199 230
201 16
201 30
201 155
201 164
202 233
203 103
203 105
203 202
203 232
203 279
203 283
203 290
204 282
205 4
205 85
205 127
205 210
205 261
207 199
207 278
208 130
209 62
209 115
209 187
210 55
210 76
210 98
210 280
210 281
211 144
211 245
211 255
211 297
212 274
212 293
213 123
213 186
213 190
213 259
215 38
215 73
215 91
215 190
216 127
216 167
216 195
216 291
217 49
217 135
217 137
218 86
218 136
218 139
218 155
218 177
219 56
219 76
219 104
219 128
219 167
219 231
219 292
220 10
220 42
220 69
221 42
221 217
222 16
222 292
222 293
223 129
223 224
224 8
224 115
224 152
224 211
224 230
224 300
225 139
226 74
227 225
227 282
228 108
228 167
229 87
229 215
229 285
230 18
230 95
230 120
230 179
230 244
231 63
231 123
231 174
231 285
232 45
232 195
233 54
233 215
233 258
234 216
234 231
234 274
235 1
235 287
235 288
236 75
237 63
237 72
237 266
238 62
238 68
238 224
239 11
239 77
239 147
240 74
240 109
240 131
240 184
240 206
241 102
241 132
241 204
241 269
242 10
242 163
243 81
243 214
244 46
244 52
244 100
244 113
244 295
245 95
245 287
246 240
247 107
247 224
248 137
249 76
249 98
249 234
249 254
250 85
250 87
250 126
251 113
251 130
252 122
252 178
252 190
252 259
253 57
253 220
254 171
254 181
254 219
255 74
256 71
256 241
257 10
257 66
257 171
257 208
257 300
259 172
259 220
259 225
259 246
260 31
260 222
261 85
261 194
261 212
261 277
262 1
262 76
262 274
263 31
263 78
263 142
263 287
264 12
264 39
264 125
265 148
265 153
267 182
268 190
268 206
268 257
269 110
269 129
270 53
271 104
272 103
272 136
272 158
272 224
272 268
272 297
273 270
274 141
274 183
274 216
275 81
275 86
275 116
275 143
275 197
276 181
276 278
277 74
277 115
277 132
277 194
277 220
277 235
278 264
279 64
279 135
279 155
279 174
279 228
279 250
280 246
280 263
280 279
281 23
281 283
282 144
282 240
284 166
285 89
285 158
287 212
288 126
288 138
288 231
288 262
288 296
289 50
289 165
290 24
290 138
290 146
291 160
291 243
291 246
292 112
292 205
292 227
293 152
293 168
294 50
294 127
294 165
294 266
295 90
295 162
296 182
297 75
297 170
297 249
297 255
298 33
298 36
298 217
298 222
299 138
300 89
300 188

