250 5000
1218 954 1439 2402 1677 789 901 1744 611 306 482 2318 1152 1252 1862 1368 781 1263 74 1283 455 1853 301 1905 646 1451 1240 859 944 1959 906 734 432 63 585 316 245 219 1218 782 539 1428 1038 903 1027 26 472 823 1899 33 757 611 180 394 371 837 203 375 1210 143 890 951 315 938 810 950 1798 800 493 123 1108 187 326 626 91 729 645 187 1234 977 364 545 121 1568 688 947 630 1423 519 1135 217 1250 739 154 694 1266 473 501 173 1623 269 799 501 679 576 721 122 95 128 157 2327 2223 1207 680 180 442 686 294 1049 671 1269 61 307 1190 961 855 298 492 187 529 128 892 296 1241 116 395 642 1359 790 1835 221 1202 1334 1607 511 258 365 942 666 1113 124 79 687 815 969 1483 285 907 1144 675 1280 676 1221 1087 513 564 227 452 10 360 301 415 1123 216 1292 10 244 1013 1095 960 1590 48 932 2062 2541 191 10 1214 493 496 2699 1462 766 440 78 1671 439 503 925 1164 718 185 789 328 2013 884 532 927 1297 465 136 446 376 478 1535 760 56 86 481 891 1780 1200 1111 1412 3040 1253 818 415 928 1185 1235 1949 1743 1412 1486 873 486 34 1470 193 732 895 731 1014 1205 1072 276 749 776 923 
1 3
1 9
1 62
1 67
1 79
1 99
1 102
1 108
1 119
1 129
1 150
1 187
1 215
1 223
2 10
2 11
2 46
2 73
2 79
2 88
2 97
2 105
2 110
2 131
2 134
2 145
2 161
2 171
2 182
2 200
2 202
2 236
2 237
3 4
3 13
3 16
3 23
3 37
3 38
3 55
3 66
3 99
3 104
3 116
3 120
3 132
3 149
3 168
3 186
3 191
3 211
4 11
4 13
4 14
4 17
4 20
4 37
4 38
4 43
4 47
4 50
4 53
4 55
4 66
4 83
4 109
4 112
4 115
4 117
4 155
4 169
4 195
4 218
4 221
4 225
4 234
4 237
4 238
5 20
5 27
5 28
5 44
5 46
5 77
5 78
5 82
5 96
5 110
5 125
5 137
5 144
5 148
5 161
5 172
5 198
5 206
6 9
6 23
6 29
6 34
6 44
6 46
6 48
6 52
6 64
6 83
6 94
6 108
6 117
6 118
6 143
6 149
6 160
6 171
6 173
6 190
6 193
6 200
6 201
6 218
6 226
6 227
6 249
7 6
7 21
7 42
7 81
7 82
7 84
7 88
7 105
7 107
7 133
7 147
7 155
7 161
7 192
7 212
7 235
8 7
8 9
8 12
8 27
8 40
8 43
8 48
8 69
8 81
8 95
8 110
8 114
8 116
8 129
8 140
8 141
8 164
8 180
8 194
8 201
8 206
8 209
8 228
8 239
9 17
9 23
9 46
9 50
9 53
9 67
9 71
9 77
9 99
9 110
9 116
9 120
9 137
9 144
9 165
9 172
9 190
9 209
9 241
10 9
10 13
10 19
10 34
10 51
10 70
10 81
10 89
10 111
10 113
10 120
10 126
10 158
10 177
10 178
10 191
10 195
10 218
11 57
11 70
11 78
11 89
11 102
11 110
11 115
11 118
11 125
11 133
11 138
11 152
11 165
11 181
11 186
11 189
11 197
11 201
11 205
11 216
11 221
11 226
11 236
11 237
11 248
11 250
12 2
12 11
12 29
12 30
12 32
12 43
12 45
12 48
12 78
12 83
12 88
12 115
12 126
12 130
12 132
12 135
12 139
12 141
12 144
12 167
12 179
12 194
12 213
12 214
12 223
12 224
12 230
12 236
12 238
13 1
13 41
13 42
13 46
13 66
13 111
13 122
13 129
13 144
13 186
13 211
13 215
13 217
13 231
13 246
14 8
14 24
14 36
14 42
14 43
14 44
14 53
14 77
14 80
14 85
14 88
14 96
14 101
14 120
14 124
14 130
14 133
14 153
14 156
14 172
14 191
14 195
14 223
14 226
14 243
15 3
15 4
15 11
15 18
15 64
15 79
15 81
15 92
15 97
15 99
15 105
15 111
15 117
15 118
15 127
15 137
15 142
15 145
15 166
15 193
15 197
15 214
15 215
15 226
15 237
16 5
16 9
16 26
16 34
16 35
16 37
16 62
16 69
16 70
16 72
16 77
16 102
16 110
16 132
16 138
16 143
16 144
16 184
16 206
16 208
16 209
16 245
16 249
17 51
17 55
17 69
17 71
17 105
17 128
17 130
17 132
17 150
17 154
17 157
17 186
17 191
17 198
17 237
17 240
17 250
18 20
18 24
18 35
18 47
18 52
18 91
18 94
18 100
18 110
18 119
18 124
18 132
18 137
18 156
18 160
18 170
18 217
18 226
18 230
18 231
18 248
19 12
19 28
19 48
19 49
19 51
19 68
19 72
19 76
19 86
19 88
19 91
19 98
19 110
19 130
19 138
19 149
19 150
19 213
19 229
19 238
20 1
20 2
20 11
20 22
20 34
20 37
20 60
20 71
20 75
20 82
20 84
20 86
20 102
20 170
20 181
20 185
20 196
20 208
20 222
20 232
21 6
21 17
21 20
21 31
21 32
21 37
21 49
21 50
21 72
21 80
21 93
21 101
21 118
21 124
21 125
21 144
21 148
21 153
21 161
21 162
21 165
21 177
21 178
21 196
21 209
21 213
21 225
21 239
22 19
22 43
22 68
22 93
22 96
22 98
22 99
22 105
22 106
22 111
22 118
22 121
22 129
22 133
22 140
22 141
22 165
22 174
22 185
22 193
22 200
22 249
23 16
23 17
23 41
23 75
23 88
23 97
23 103
23 105
23 108
23 131
23 139
23 177
23 220
23 231
23 233
23 241
23 248
23 249
24 5
24 22
24 34
24 35
24 36
24 54
24 73
24 81
24 89
24 93
24 103
24 113
24 116
24 119
24 122
24 134
24 147
24 152
24 157
24 158
24 168
24 173
24 174
24 177
24 181
24 185
24 224
24 226
24 227
24 239
25 21
25 27
25 42
25 70
25 81
25 97
25 105
25 112
25 113
25 118
25 119
25 134
25 143
25 157
25 172
25 181
25 195
25 197
25 198
25 223
25 228
25 239
26 8
26 10
26 18
26 27
26 55
26 58
26 63
26 69
26 74
26 84
26 91
26 121
26 122
26 132
26 147
26 163
26 165
26 184
26 186
26 190
26 200
26 204
26 221
26 234
26 243
26 246
27 18
27 19
27 41
27 95
27 108
27 128
27 132
27 137
27 143
27 168
27 175
27 177
27 183
27 190
27 200
27 232
27 234
27 235
28 22
28 36
28 46
28 68
28 70
28 71
28 92
28 103
28 111
28 117
28 119
28 136
28 141
28 186
28 190
28 231
28 234
28 241
28 247
28 248
29 10
29 11
29 72
29 83
29 90
29 92
29 93
29 97
29 105
29 110
29 137
29 151
29 176
29 180
29 188
29 198
29 212
29 216
29 226
29 228
30 4
30 26
30 36
30 64
30 75
30 79
30 81
30 86
30 107
30 113
30 117
30 123
30 161
30 167
30 172
30 182
30 185
30 195
30 215
30 218
30 232
30 244
30 249
31 13
31 27
31 56
31 65
31 74
31 78
31 79
31 131
31 140
31 149
31 163
31 167
31 168
31 171
31 179
31 207
31 213
31 247
32 6
32 15
32 25
32 28
32 41
32 66
32 70
32 73
32 80
32 99
32 114
32 127
32 137
32 183
32 188
32 196
32 232
33 7
33 23
33 42
33 67
33 83
33 93
33 117
33 144
33 153
33 155
33 169
33 174
33 175
33 240
33 246
34 3
34 18
34 46
34 54
34 109
34 110
34 112
34 115
34 153
34 157
34 165
34 173
34 182
34 189
34 190
34 213
34 217
34 238
34 239
34 241
34 248
35 13
35 26
35 40
35 79
35 83
35 84
35 88
35 94
35 118
35 123
35 168
35 170
35 181
35 188
35 200
35 222
35 247
36 6
36 10
36 29
36 35
36 41
36 50
36 84
36 104
36 120
36 122
36 134
36 138
36 141
36 159
36 190
36 195
36 196
36 209
36 211
36 216
36 223
37 5
37 22
37 24
37 63
37 71
37 73
37 81
37 101
37 106
37 112
37 114
37 115
37 116
37 117
37 119
37 121
37 166
37 210
37 215
37 221
37 232
37 234
38 52
38 70
38 73
38 89
38 99
38 157
38 162
38 164
38 172
38 188
38 191
38 227
39 4
39 18
39 28
39 31
39 45
39 47
39 60
39 95
39 115
39 135
39 145
39 167
39 186
39 198
39 211
39 247
40 5
40 12
40 20
40 43
40 48
40 60
40 68
40 75
40 76
40 90
40 100
40 120
40 138
40 146
40 156
40 173
40 178
40 183
40 185
40 189
40 191
40 218
40 224
40 231
40 236
40 250
41 10
41 26
41 28
41 53
41 96
41 119
41 120
41 139
41 155
41 164
41 166
41 180
41 191
41 192
41 193
41 204
41 233
41 245
41 250
42 4
42 24
42 34
42 37
42 44
42 47
42 51
42 64
42 70
42 90
42 98
42 111
42 127
42 156
42 164
42 179
42 193
42 199
42 202
42 221
42 225
43 19
43 21
43 29
43 46
43 63
43 128
43 142
43 155
43 157
43 158
43 180
43 184
43 198
43 205
44 35
44 54
44 59
44 105
44 111
44 115
44 133
44 151
44 178
44 185
44 187
44 213
44 215
44 219
44 232
44 237
44 243
44 244
45 8
45 11
45 16
45 17
45 35
45 53
45 67
45 72
45 103
45 182
45 210
45 227
45 236
45 237
45 238
45 243
46 49
46 52
46 65
46 79
46 100
46 113
46 132
46 143
46 147
46 167
46 192
46 201
46 203
46 212
46 221
46 225
46 234
47 22
47 24
47 28
47 32
47 40
47 44
47 49
47 76
47 82
47 91
47 143
47 163
47 203
47 223
47 234
48 24
48 25
48 33
48 39
48 75
48 92
48 173
48 183
48 185
48 191
48 196
48 202
48 221
48 226
48 227
48 233
48 238
48 250
49 10
49 13
49 15
49 16
49 17
49 40
49 41
49 67
49 68
49 79
49 101
49 109
49 134
49 136
49 154
49 156
49 161
49 173
49 183
49 185
49 191
49 209
49 213
49 214
49 225
50 6
50 11
50 23
50 30
50 37
50 71
50 102
50 119
50 136
50 144
50 157
50 160
50 174
50 181
50 183
50 198
50 206
50 211
50 234
50 242
50 250
51 23
51 37
51 47
51 53
51 67
51 81
51 116
51 120
51 141
51 155
51 162
51 177
51 203
51 229
51 233
51 239
51 243
52 2
52 3
52 17
52 28
52 40
52 57
52 79
52 91
52 98
52 110
52 140
52 156
52 169
52 170
52 194
52 223
52 228
53 1
53 12
53 33
53 43
53 44
53 54
53 65
53 83
53 85
53 94
53 98
53 101
53 112
53 118
53 130
53 142
53 144
53 145
53 147
53 169
53 170
53 171
53 183
53 192
53 193
53 227
54 7
54 15
54 27
54 33
54 39
54 43
54 77
54 90
54 131
54 148
54 199
54 200
54 202
54 204
54 208
54 209
54 247
54 250
55 15
55 19
55 28
55 30
55 34
55 36
55 62
55 104
55 111
55 124
55 146
55 153
55 154
55 188
55 219
55 225
55 228
56 1
56 4
56 16
56 17
56 25
56 45
56 54
56 61
56 65
56 73
56 107
56 115
56 129
56 159
56 160
56 161
56 162
56 186
56 204
56 206
56 219
56 229
56 239
56 245
56 249
57 12
57 14
57 16
57 45
57 49
57 80
57 82
57 101
57 112
57 129
57 133
57 140
57 154
57 168
57 215
57 222
57 238
57 247
58 29
58 39
58 71
58 73
58 74
58 89
58 92
58 102
58 124
58 155
58 190
58 204
58 211
58 215
58 216
58 224
58 228
59 4
59 28
59 32
59 38
59 39
59 52
59 53
59 64
59 68
59 70
59 85
59 97
59 112
59 113
59 131
59 151
59 155
59 171
59 178
59 203
59 218
59 223
59 224
59 235
60 2
60 15
60 19
60 21
60 35
60 64
60 65
60 81
60 92
60 94
60 100
60 121
60 123
60 132
60 136
60 140
60 147
60 154
60 180
60 239
60 243
61 38
61 43
61 44
61 46
61 73
61 86
61 88
61 115
61 117
61 131
61 137
61 151
61 152
61 171
61 181
61 183
61 218
61 234
62 15
62 20
62 31
62 33
62 47
62 69
62 112
62 123
62 133
62 134
62 135
62 142
62 156
62 162
62 212
62 219
62 229
62 230
62 247
63 23
63 40
63 54
63 77
63 101
63 123
63 127
63 152
63 220
64 4
64 13
64 24
64 27
64 31
64 53
64 67
64 70
64 73
64 80
64 83
64 116
64 149
64 150
64 169
64 182
64 190
64 195
64 232
64 238
64 242
65 5
65 8
65 15
65 21
65 38
65 45
65 49
65 70
65 85
65 126
65 140
65 143
65 175
65 200
65 209
65 229
65 236
65 245
66 9
66 21
66 26
66 87
66 98
66 122
66 132
66 137
66 142
66 150
66 152
66 153
66 173
66 181
66 222
67 10
67 20
67 22
67 30
67 41
67 43
67 75
67 79
67 82
67 90
67 92
67 104
67 116
67 129
67 137
67 145
67 157
67 162
67 167
67 173
67 175
67 180
67 182
67 213
67 240
67 248
68 4
68 5
68 36
68 47
68 58
68 67
68 80
68 120
68 128
68 138
68 158
68 164
68 168
68 170
68 180
68 187
68 193
68 199
68 205
68 215
68 216
69 43
69 54
69 61
69 91
69 93
69 102
69 126
69 136
69 169
69 170
69 185
69 186
69 200
69 237
70 26
70 44
70 68
70 100
70 101
70 103
70 108
70 112
70 120
70 145
70 163
70 170
70 178
70 182
70 190
70 195
70 198
70 208
70 217
70 219
70 233
71 11
71 35
71 40
71 53
71 66
71 76
71 87
71 103
71 105
71 112
71 114
71 142
71 149
71 158
71 171
71 172
71 178
71 180
71 191
71 202
71 227
72 5
72 11
72 25
72 27
72 34
72 52
72 62
72 75
72 96
72 100
72 107
72 115
72 120
72 130
72 138
72 140
72 141
72 142
72 144
72 156
72 177
72 181
72 189
72 196
72 207
72 209
73 15
73 20
73 36
73 45
73 53
73 72
73 96
73 119
73 143
73 146
73 167
73 171
73 174
73 184
73 198
73 199
73 208
73 211
73 226
74 10
74 21
74 22
74 24
74 29
74 55
74 59
74 63
74 66
74 68
74 77
74 87
74 94
74 102
74 107
74 119
74 125
74 126
74 179
74 209
74 218
74 223
74 228
74 230
74 250
75 6
75 10
75 18
75 60
75 92
75 98
75 101
75 103
75 110
75 124
75 129
75 138
75 149
75 158
75 162
75 166
75 171
75 191
75 199
75 206
75 209
75 219
75 229
75 234
75 235
75 246
75 249
76 15
76 16
76 25
76 28
76 32
76 38
76 39
76 48
76 73
76 94
76 100
76 101
76 108
76 135
76 145
76 217
76 218
76 245
77 11
77 20
77 113
77 119
77 163
77 209
77 228
77 237
78 6
78 17
78 21
78 38
78 58
78 110
78 152
78 161
78 169
78 187
78 191
78 222
78 235
78 244
79 19
79 27
79 32
79 39
79 48
79 50
79 62
79 81
79 99
79 115
79 117
79 118
79 130
79 135
79 145
79 146
79 196
79 217
79 230
79 232
80 2
80 4
80 13
80 23
80 24
80 29
80 52
80 119
80 150
80 183
80 188
80 190
80 236
81 2
81 3
81 36
81 42
81 44
81 68
81 73
81 75
81 92
81 96
81 102
81 111
81 112
81 120
81 134
81 138
81 142
81 154
81 182
81 188
81 212
81 223
82 17
82 25
82 35
82 52
82 65
82 70
82 84
82 94
82 101
82 105
82 111
82 121
82 124
82 127
82 139
82 165
82 175
82 193
82 224
83 3
83 23
83 36
83 42
83 44
83 55
83 56
83 59
83 63
83 73
83 75
83 82
83 85
83 97
83 98
83 100
83 104
83 106
83 158
83 177
83 185
83 186
83 190
83 194
83 205
83 207
83 222
83 224
84 1
84 6
84 17
84 18
84 22
84 23
84 28
84 43
84 60
84 98
84 99
84 108
84 112
84 124
84 127
84 136
84 147
84 151
84 159
84 166
84 177
84 185
84 187
84 188
84 195
84 197
84 211
84 232
85 1
85 2
85 12
85 16
85 26
85 27
85 30
85 69
85 75
85 79
85 80
85 89
85 99
85 106
85 112
85 121
85 135
85 140
85 153
85 169
85 214
85 230
86 13
86 40
86 46
86 53
86 59
86 75
86 76
86 120
86 123
86 182
86 187
86 198
86 204
86 211
86 214
86 217
86 225
87 2
87 5
87 25
87 30
87 31
87 36
87 47
87 107
87 112
87 118
87 125
87 134
87 144
87 164
87 165
87 195
87 196
87 200
87 225
87 241
88 30
88 44
88 48
88 50
88 64
88 71
88 75
88 78
88 82
88 89
88 90
88 95
88 98
88 119
88 131
88 162
88 172
88 186
88 210
88 218
88 225
88 226
88 247
89 5
89 28
89 39
89 49
89 52
89 64
89 84
89 93
89 103
89 110
89 144
89 160
89 163
89 180
89 182
89 192
89 195
89 205
89 210
89 219
89 222
89 231
89 233
90 8
90 49
90 51
90 53
90 61
90 78
90 80
90 95
90 100
90 113
90 122
90 126
90 176
90 179
90 188
90 191
90 196
90 197
90 202
90 207
90 210
90 235
91 1
91 33
91 37
91 40
91 43
91 45
91 55
91 63
91 66
91 72
91 84
91 141
91 143
91 152
91 207
91 212
91 235
91 250
92 11
92 23
92 27
92 32
92 34
92 36
92 51
92 71
92 96
92 109
92 128
92 136
92 138
92 154
92 169
92 170
92 172
92 223
92 233
92 235
92 244
93 32
93 37
93 55
93 60
93 84
93 86
93 87
93 104
93 128
93 144
93 186
93 191
93 201
93 237
93 243
93 249
93 250
94 16
94 23
94 42
94 58
94 83
94 93
94 123
94 130
94 147
94 150
94 171
94 176
94 190
94 201
94 204
94 227
94 237
94 239
94 243
94 245
94 250
95 22
95 40
95 53
95 63
95 65
95 66
95 86
95 93
95 108
95 113
95 127
95 137
95 153
95 166
95 217
95 242
96 3
96 12
96 21
96 33
96 64
96 94
96 98
96 105
96 117
96 142
96 167
96 190
96 207
96 226
97 32
97 47
97 62
97 92
97 98
97 131
97 163
97 164
97 178
97 196
97 213
97 231
97 248
97 249
98 33
98 37
98 38
98 56
98 58
98 93
98 109
98 171
98 175
98 188
98 192
98 210
98 211
99 5
99 25
99 52
99 66
99 88
99 94
99 102
99 127
99 139
99 140
99 171
99 179
99 185
99 198
99 236
100 1
100 19
100 29
100 32
100 43
100 56
100 66
100 71
100 95
100 115
100 125
100 127
100 129
100 135
100 148
100 158
100 160
100 180
100 203
100 211
100 233
100 245
101 9
101 25
101 36
101 42
101 47
101 51
101 52
101 55
101 78
101 125
101 126
101 159
101 182
101 187
101 192
101 193
101 200
101 202
101 212
101 233
101 244
102 3
102 4
102 10
102 23
102 30
102 46
102 53
102 57
102 59
102 60
102 71
102 72
102 88
102 113
102 129
102 132
102 137
102 157
102 160
102 161
102 176
102 178
102 179
102 194
102 196
102 206
102 210
102 212
102 226
102 227
102 235
103 7
103 18
103 19
103 22
103 25
103 43
103 64
103 79
103 98
103 104
103 111
103 127
103 190
103 205
103 207
103 213
103 217
103 247
104 19
104 27
104 39
104 56
104 82
104 88
104 97
104 106
104 109
104 112
104 120
104 122
104 124
104 142
104 143
104 154
104 186
104 203
104 207
104 216
104 219
105 14
105 53
105 74
105 87
105 109
105 117
105 127
105 132
105 167
105 177
105 185
105 187
105 190
105 192
105 196
105 197
105 201
105 205
105 211
105 226
106 14
106 43
106 54
106 68
106 71
106 72
106 111
106 113
106 116
106 146
106 160
106 179
106 191
106 200
106 204
106 211
106 237
106 239
106 248
106 249
107 10
107 48
107 55
107 64
107 67
107 86
107 88
107 124
107 131
107 141
107 150
107 154
107 155
107 159
107 167
107 179
107 188
107 202
107 215
107 216
107 221
107 222
107 223
107 230
107 235
108 12
108 51
108 62
108 67
108 69
108 100
108 102
108 111
108 118
108 127
108 132
108 150
108 152
108 155
108 163
108 165
108 166
108 196
108 226
108 238
108 239
108 241
109 8
109 13
109 14
109 55
109 61
109 101
109 115
109 139
109 148
109 155
109 156
109 160
109 174
109 179
109 182
109 193
109 225
109 229
110 22
110 24
110 28
110 39
110 42
110 62
110 73
110 108
110 117
110 128
110 130
110 131
110 135
110 140
110 166
110 170
110 181
110 190
111 24
111 25
111 26
111 38
111 61
111 64
111 84
111 93
111 94
111 95
111 119
111 134
111 138
111 149
111 156
111 169
111 179
111 184
111 189
111 197
111 226
111 247
112 5
112 28
112 38
112 41
112 50
112 58
112 96
112 108
112 127
112 131
112 154
112 165
112 170
112 174
112 182
112 190
112 207
112 211
112 224
112 233
113 2
113 21
113 47
113 50
113 76
113 78
113 97
113 107
113 112
113 116
113 123
113 136
113 138
113 139
113 173
113 176
113 190
113 203
113 207
113 222
113 237
114 7
114 17
114 21
114 34
114 49
114 59
114 76
114 77
114 86
114 87
114 104
114 109
114 112
114 113
114 123
114 124
114 152
114 155
114 165
114 166
114 192
114 195
114 207
114 209
114 241
114 250
115 3
115 6
115 42
115 53
115 57
115 116
115 119
115 123
115 125
115 129
115 130
115 165
115 176
115 178
115 181
115 184
115 190
115 208
115 212
115 219
115 223
115 235
115 240
115 241
116 20
116 29
116 32
116 39
116 125
116 144
116 153
116 232
116 239
116 244
116 245
117 9
117 12
117 24
117 42
117 49
117 50
117 73
117 98
117 100
117 106
117 118
117 129
117 134
117 139
117 155
117 184
117 194
117 208
117 214
117 216
118 3
118 17
118 23
118 48
118 49
118 63
118 66
118 74
118 77
118 82
118 91
118 98
118 102
118 130
118 135
118 149
118 154
118 155
118 188
118 237
119 10
119 30
119 61
119 75
119 89
119 96
119 108
119 140
119 143
119 164
119 173
119 174
119 191
119 199
119 200
119 214
119 220
119 222
119 249
120 5
120 45
120 52
120 80
120 91
120 129
120 140
120 143
120 153
120 185
120 192
120 202
120 212
120 225
120 242
121 8
121 21
121 45
121 55
121 56
121 78
121 93
121 103
121 112
121 117
121 134
121 136
121 152
121 155
121 158
121 179
121 184
121 190
121 192
121 197
121 240
121 247
122 5
122 7
122 8
122 23
122 45
122 71
122 105
122 106
122 109
122 147
122 159
122 163
122 180
122 181
122 185
122 197
122 205
122 206
122 207
122 225
122 233
123 19
123 31
123 34
123 59
123 61
123 64
123 78
123 121
123 136
123 227
124 1
124 4
124 6
124 24
124 33
124 34
124 35
124 67
124 69
124 119
124 120
124 160
124 183
124 186
124 208
124 213
124 239
124 243
125 1
125 28
125 42
125 59
125 66
125 92
125 98
125 106
125 108
125 109
125 112
125 139
125 155
125 184
125 194
125 200
125 236
126 5
126 15
126 24
126 36
126 38
126 40
126 67
126 75
126 83
126 93
126 96
126 113
126 120
126 124
126 141
126 142
126 165
126 168
126 173
126 206
126 219
126 244
127 1
127 22
127 66
127 67
127 68
127 72
127 86
127 87
127 102
127 106
127 148
127 150
127 176
127 188
127 222
128 16
128 33
128 37
128 45
128 51
128 71
128 88
128 89
128 113
128 116
128 132
128 139
128 149
128 151
128 159
128 161
128 198
128 212
129 10
129 14
129 16
129 26
129 52
129 76
129 94
129 112
129 158
129 161
129 164
129 169
129 179
129 183
129 191
129 196
129 219
129 222
129 224
129 236
129 245
129 246
130 35
130 48
130 50
130 61
130 77
130 89
130 91
130 111
130 135
130 138
130 139
130 153
130 156
130 171
130 172
130 183
130 195
130 225
131 13
131 20
131 27
131 30
131 40
131 42
131 56
131 60
131 80
131 82
131 105
131 115
131 123
131 137
131 147
131 165
131 235
132 11
132 15
132 21
132 33
132 64
132 67
132 71
132 174
132 178
132 207
132 210
132 213
132 215
132 237
133 2
133 6
133 18
133 21
133 35
133 47
133 72
133 77
133 82
133 103
133 111
133 114
133 121
133 132
133 155
133 157
133 165
133 168
133 173
133 175
133 179
133 181
133 187
133 216
133 225
133 235
133 238
134 6
134 10
134 26
134 27
134 29
134 61
134 66
134 68
134 122
134 126
134 149
134 172
134 176
134 183
134 196
134 204
134 212
134 225
134 236
134 250
135 38
135 51
135 61
135 68
135 71
135 78
135 99
135 125
135 139
135 151
135 160
135 164
135 204
135 221
135 227
135 246
136 10
136 16
136 19
136 30
136 64
136 101
136 125
136 138
136 173
136 193
136 194
136 197
136 202
136 209
136 224
136 225
136 239
137 26
137 31
137 50
137 68
137 84
137 93
137 97
137 98
137 115
137 138
137 161
137 171
137 209
137 230
137 246
137 249
138 3
138 4
138 9
138 12
138 13
138 53
138 59
138 85
138 128
138 145
138 170
138 175
138 177
138 179
138 186
138 190
138 192
138 202
138 205
138 223
138 224
139 1
139 25
139 36
139 37
139 44
139 59
139 78
139 87
139 152
139 162
139 165
139 171
139 185
139 195
139 216
139 223
139 224
139 239
139 242
139 243
139 246
140 4
140 11
140 27
140 30
140 89
140 91
140 98
140 109
140 111
140 134
140 135
140 148
140 153
140 166
140 168
140 176
140 184
140 191
140 193
140 208
140 212
141 5
141 20
141 46
141 59
141 93
141 104
141 105
141 123
141 124
141 130
141 175
141 198
141 201
141 235
141 245
141 246
142 12
142 14
142 17
142 36
142 38
142 48
142 49
142 58
142 60
142 67
142 76
142 77
142 88
142 89
142 92
142 111
142 121
142 135
142 156
142 168
142 197
142 204
142 223
142 235
142 241
142 244
143 10
143 13
143 37
143 48
143 51
143 82
143 88
143 123
143 125
143 127
143 130
143 145
143 161
143 165
143 189
143 193
143 194
143 215
143 230
143 234
143 246
144 7
144 8
144 22
144 24
144 41
144 44
144 73
144 81
144 106
144 111
144 113
144 115
144 126
144 143
144 145
144 174
144 178
144 183
144 188
144 190
144 191
144 198
144 205
144 234
144 236
144 240
145 27
145 36
145 49
145 82
145 85
145 90
145 100
145 103
145 105
145 109
145 114
145 141
145 152
145 167
145 169
145 170
145 193
145 200
145 204
145 210
145 214
145 215
145 219
146 10
146 35
146 58
146 63
146 64
146 77
146 81
146 83
146 86
146 134
146 140
146 149
146 170
146 176
146 178
146 183
146 186
146 188
146 196
146 200
147 2
147 8
147 20
147 25
147 28
147 70
147 79
147 81
147 120
147 124
147 130
147 133
147 139
147 142
147 146
147 158
147 160
147 167
147 186
147 214
147 226
147 241
147 245
148 1
148 11
148 12
148 18
148 20
148 39
148 40
148 59
148 112
148 121
148 143
148 152
148 179
148 181
148 189
148 193
148 195
148 197
148 202
148 214
148 229
148 235
148 244
149 2
149 8
149 11
149 14
149 33
149 34
149 58
149 83
149 105
149 125
149 140
149 154
149 191
149 209
149 219
149 232
150 4
150 32
150 50
150 55
150 56
150 76
150 83
150 100
150 109
150 136
150 137
150 153
150 168
150 179
150 209
150 212
150 220
150 225
151 1
151 13
151 14
151 22
151 55
151 60
151 86
151 96
151 101
151 112
151 114
151 164
151 169
151 177
151 185
151 202
151 203
151 213
151 219
151 245
151 248
152 53
152 62
152 65
152 85
152 109
152 125
152 133
152 165
152 168
152 174
152 187
152 191
152 199
152 205
152 210
152 235
153 7
153 12
153 57
153 62
153 94
153 101
153 110
153 118
153 128
153 132
153 146
153 157
153 166
153 176
153 178
153 185
153 186
153 194
153 216
153 241
154 18
154 26
154 27
154 40
154 54
154 58
154 71
154 79
154 90
154 111
154 113
154 134
154 147
154 152
154 175
154 190
154 208
154 221
154 224
155 19
155 72
155 113
155 122
155 132
155 136
155 143
155 168
155 176
155 183
155 188
155 191
155 203
155 207
155 225
155 231
155 236
155 241
155 245
156 2
156 19
156 23
156 32
156 36
156 55
156 60
156 67
156 80
156 81
156 105
156 107
156 108
156 146
156 149
156 161
156 163
156 174
156 179
156 181
156 188
156 206
156 215
156 227
156 230
156 237
156 242
157 7
157 12
157 14
157 18
157 21
157 26
157 32
157 75
157 101
157 118
157 158
157 179
157 181
157 199
157 211
157 219
157 221
157 223
157 240
157 241
157 246
157 250
158 3
158 25
158 26
158 45
158 50
158 74
158 80
158 86
158 87
158 96
158 107
158 112
158 117
158 125
158 136
158 146
158 151
158 166
158 176
158 180
158 184
158 235
159 11
159 15
159 26
159 35
159 73
159 74
159 90
159 98
159 100
159 116
159 129
159 141
159 142
159 156
159 186
159 197
159 200
159 206
159 209
159 229
159 243
159 249
160 11
160 39
160 76
160 81
160 82
160 86
160 88
160 92
160 99
160 104
160 115
160 121
160 134
160 143
160 146
160 155
160 171
160 177
160 182
160 230
160 232
160 234
160 243
161 3
161 10
161 29
161 31
161 35
161 41
161 63
161 111
161 116
161 140
161 144
161 147
161 148
161 159
161 163
161 170
161 197
161 225
161 228
161 233
162 1
162 16
162 18
162 74
162 76
162 77
162 78
162 84
162 94
162 120
162 129
162 196
162 204
162 205
162 224
162 229
162 232
162 235
162 237
162 249
163 11
163 22
163 38
163 53
163 55
163 61
163 66
163 72
163 91
163 115
163 117
163 136
163 139
163 143
163 164
163 165
163 170
163 178
163 183
163 206
163 207
164 30
164 59
164 77
164 82
164 83
164 95
164 96
164 124
164 130
164 141
164 149
164 155
164 156
164 158
164 165
164 181
164 192
164 194
164 204
164 206
164 230
164 233
164 235
164 239
164 242
165 18
165 23
165 31
165 35
165 39
165 42
165 43
165 77
165 89
165 116
165 120
165 128
165 140
165 157
165 168
165 171
165 175
165 181
165 215
165 221
165 239
165 244
166 9
166 13
166 25
166 38
166 48
166 73
166 96
166 151
166 155
166 163
166 185
166 219
166 235
167 6
167 29
167 32
167 108
167 120
167 126
167 131
167 152
167 185
167 186
167 205
167 233
167 247
168 17
168 29
168 47
168 53
168 77
168 81
168 83
168 119
168 139
168 174
168 191
168 192
168 193
168 207
168 232
169 26
169 27
169 36
169 37
169 48
169 68
169 80
169 83
169 89
169 97
169 102
169 136
169 154
169 160
169 178
169 189
169 200
169 201
169 230
169 241
170 3
170 8
170 32
170 34
170 36
170 38
170 47
170 57
170 73
170 75
170 78
170 81
170 91
170 107
170 127
170 150
170 176
170 207
170 211
170 215
170 216
170 231
170 237
170 242
171 4
171 15
171 22
171 27
171 36
171 38
171 43
171 49
171 60
171 86
171 92
171 110
171 118
171 146
171 184
171 187
171 193
171 200
171 214
171 223
171 248
171 249
172 19
172 24
172 35
172 43
172 44
172 49
172 62
172 63
172 68
172 75
172 84
172 87
172 109
172 112
172 118
172 121
172 132
172 138
172 195
172 203
172 218
172 238
173 9
173 28
173 72
173 85
173 91
173 97
173 102
173 108
173 110
173 118
173 151
173 172
173 188
173 230
173 240
174 1
174 2
174 4
174 23
174 30
174 44
174 60
174 71
174 101
174 116
174 139
174 155
174 157
174 161
174 177
174 187
174 200
174 204
174 233
174 235
175 15
175 20
175 21
175 26
175 29
175 52
175 58
175 73
175 97
175 109
175 125
175 129
175 158
175 163
175 164
175 166
175 204
175 215
175 217
175 229
175 241
175 244
176 4
176 5
176 16
176 27
176 36
176 60
176 66
176 89
176 95
176 116
176 117
176 150
176 154
176 157
176 165
176 179
176 207
177 2
177 4
177 7
177 14
177 43
177 67
177 73
177 140
177 150
177 163
177 164
177 183
177 199
177 201
177 219
178 23
178 30
178 39
178 45
178 75
178 82
178 85
178 87
178 88
178 111
178 130
178 134
178 136
178 150
178 172
178 176
178 186
178 194
178 200
178 208
178 233
178 250
179 3
179 5
179 13
179 36
179 39
179 48
179 50
179 61
179 68
179 75
179 77
179 93
179 94
179 98
179 103
179 116
179 119
179 139
179 153
179 168
179 175
179 220
179 245
180 3
180 7
180 13
180 57
180 70
180 88
180 93
180 94
180 116
180 125
180 138
180 159
180 163
180 167
180 173
180 174
180 178
180 192
180 201
180 205
180 217
180 225
180 231
180 246
180 250
181 8
181 13
181 14
181 18
181 21
181 34
181 42
181 49
181 52
181 54
181 60
181 65
181 67
181 70
181 84
181 105
181 126
181 130
181 131
181 143
181 144
181 154
181 167
181 169
181 185
181 205
181 211
181 228
181 239
181 249
182 21
182 54
182 61
182 69
182 76
182 92
182 152
182 158
182 211
182 213
182 247
183 4
183 11
183 17
183 22
183 42
183 55
183 63
183 66
183 73
183 75
183 81
183 109
183 132
183 135
183 189
183 207
184 25
184 32
184 33
184 41
184 48
184 54
184 55
184 62
184 64
184 71
184 74
184 77
184 78
184 81
184 82
184 95
184 105
184 107
184 112
184 144
184 153
184 155
184 163
184 178
184 181
184 185
184 189
184 192
184 197
184 205
184 213
184 232
184 249
185 1
185 23
185 47
185 76
185 81
185 86
185 89
185 96
185 106
185 108
185 110
185 130
185 149
185 162
185 172
185 178
185 186
185 195
185 206
185 230
185 232
186 8
186 12
186 41
186 81
186 84
186 111
186 117
186 121
186 122
186 125
186 129
186 140
186 143
186 176
186 195
186 197
186 211
186 218
186 223
186 229
186 230
186 233
186 243
186 244
186 250
187 17
187 28
187 33
187 60
187 66
187 80
187 94
187 117
187 131
187 137
187 155
187 160
187 180
187 218
187 227
187 238
187 239
188 8
188 30
188 54
188 66
188 68
188 106
188 123
188 133
188 149
188 165
188 171
188 196
188 208
188 215
188 216
188 218
188 220
188 226
189 3
189 19
189 26
189 29
189 32
189 79
189 82
189 93
189 105
189 139
189 145
189 149
189 158
189 161
189 190
189 211
189 236
189 242
189 244
189 250
190 29
190 32
190 50
190 52
190 53
190 72
190 82
190 107
190 125
190 135
190 148
190 152
190 167
190 169
190 172
190 199
190 205
190 230
190 244
191 4
191 9
191 12
191 30
191 51
191 56
191 59
191 79
191 84
191 118
191 122
191 125
191 137
191 139
191 160
191 162
191 173
191 188
191 193
191 222
191 238
191 240
192 6
192 16
192 17
192 26
192 59
192 64
192 77
192 88
192 91
192 102
192 115
192 165
192 173
192 202
192 204
192 207
192 217
192 223
192 227
192 242
193 10
193 20
193 39
193 50
193 51
193 90
193 93
193 98
193 111
193 112
193 141
193 154
193 167
193 175
193 196
193 210
193 221
193 234
193 236
193 239
194 20
194 21
194 61
194 65
194 71
194 74
194 93
194 131
194 150
194 165
194 176
194 190
194 208
194 209
194 215
194 220
194 232
194 245
195 63
195 83
195 85
195 90
195 118
195 126
195 127
195 152
195 168
195 178
195 206
195 209
195 218
195 222
195 224
195 232
195 248
196 5
196 31
196 39
196 73
196 80
196 92
196 96
196 103
196 109
196 114
196 122
196 124
196 149
196 158
196 159
196 161
196 171
196 177
196 181
196 195
196 199
196 219
196 244
196 246
196 248
197 1
197 29
197 37
197 45
197 48
197 54
197 70
197 75
197 89
197 113
197 154
197 164
197 172
197 178
197 193
197 204
197 213
197 235
197 244
198 2
198 3
198 10
198 24
198 37
198 42
198 63
198 81
198 92
198 94
198 104
198 105
198 113
198 124
198 130
198 153
198 156
198 158
198 185
198 201
198 203
198 204
198 218
198 229
198 236
198 240
199 3
199 13
199 22
199 35
199 70
199 83
199 87
199 94
199 106
199 109
199 137
199 155
199 166
199 170
199 191
199 222
199 246
200 42
200 66
200 68
200 74
200 80
200 100
200 134
200 138
200 156
200 160
200 176
200 197
200 204
200 210
201 3
201 7
201 12
201 19
201 36
201 74
201 79
201 90
201 109
201 125
201 131
201 137
201 139
201 143
201 145
201 148
201 150
201 164
201 176
201 205
201 228
201 235
201 245
202 3
202 5
202 6
202 20
202 24
202 25
202 43
202 47
202 50
202 63
202 69
202 73
202 95
202 102
202 106
202 112
202 113
202 115
202 117
202 124
202 126
202 135
202 144
202 146
202 153
202 187
202 212
202 228
202 231
202 247
203 4
203 13
203 34
203 52
203 73
203 78
203 99
203 120
203 124
203 125
203 129
203 133
203 137
203 148
203 149
203 154
203 179
203 180
203 186
203 207
203 212
203 219
203 242
204 11
204 49
204 50
204 59
204 96
204 100
204 112
204 124
204 140
204 147
204 176
204 211
204 224
204 234
204 238
205 4
205 29
205 41
205 49
205 51
205 54
205 74
205 75
205 88
205 119
205 131
205 132
205 136
205 139
205 148
205 158
205 174
205 199
205 200
205 208
205 212
205 218
205 220
205 226
205 245
206 1
206 6
206 26
206 29
206 36
206 80
206 98
206 121
206 145
206 180
206 182
206 201
206 212
206 245
206 249
207 6
207 9
207 25
207 39
207 52
207 101
207 124
207 144
207 185
207 197
207 213
207 219
207 227
207 236
208 8
208 11
208 34
208 46
208 56
208 92
208 108
208 122
208 135
208 157
208 158
208 161
208 171
208 185
208 187
208 222
208 237
209 1
209 14
209 37
209 50
209 51
209 56
209 64
209 70
209 79
209 89
209 92
209 104
209 107
209 113
209 115
209 157
209 191
209 211
209 213
209 214
209 225
209 235
209 237
209 240
210 2
210 3
210 9
210 12
210 17
210 18
210 58
210 69
210 117
210 119
210 135
210 136
210 140
210 151
210 190
210 243
210 246
211 1
211 19
211 41
211 89
211 93
211 114
211 148
211 215
211 218
211 221
211 223
211 224
211 227
211 233
211 241
211 242
212 2
212 14
212 15
212 22
212 30
212 43
212 44
212 47
212 58
212 68
212 111
212 123
212 124
212 138
212 163
212 175
212 208
212 218
212 225
212 228
212 233
212 235
212 243
212 246
213 38
213 45
213 51
213 57
213 59
213 60
213 81
213 85
213 104
213 110
213 112
213 143
213 152
213 196
213 215
213 220
213 232
213 241
214 4
214 36
214 79
214 88
214 99
214 115
214 131
214 136
214 157
214 160
214 164
214 168
214 215
214 219
214 238
214 240
215 6
215 17
215 21
215 29
215 40
215 59
215 61
215 63
215 96
215 100
215 101
215 114
215 121
215 133
215 204
215 223
215 238
215 239
215 245
216 24
216 53
216 59
216 73
216 74
216 85
216 86
216 89
216 100
216 110
216 126
216 129
216 137
216 141
216 151
216 161
216 164
216 168
216 173
216 190
216 191
216 193
216 203
216 229
216 230
216 233
216 235
217 3
217 5
217 33
217 37
217 38
217 40
217 81
217 89
217 90
217 94
217 96
217 117
217 121
217 126
217 127
217 138
217 141
217 147
217 153
217 171
217 183
217 184
217 185
217 204
217 211
217 226
217 228
218 39
218 51
218 57
218 58
218 72
218 84
218 90
218 100
218 101
218 123
218 131
218 137
218 144
218 149
218 171
218 177
218 225
218 236
218 245
218 250
219 4
219 35
219 43
219 78
219 193
219 199
219 212
219 229
219 236
219 244
220 9
220 11
220 14
220 25
220 33
220 34
220 44
220 45
220 51
220 71
220 87
220 112
220 117
220 124
220 135
220 144
220 148
220 165
220 174
220 187
220 196
220 199
220 231
220 249
221 44
221 52
221 72
221 73
221 74
221 80
221 81
221 99
221 101
221 104
221 111
221 113
221 127
221 130
221 140
221 147
221 148
221 149
221 162
221 185
221 188
221 195
221 202
221 205
221 235
222 26
222 33
222 37
222 44
222 46
222 48
222 53
222 62
222 74
222 99
222 103
222 110
222 111
222 118
222 121
222 124
222 136
222 143
222 144
222 149
222 154
222 158
222 169
222 177
222 186
222 197
222 212
222 227
222 242
223 18
223 27
223 29
223 75
223 77
223 78
223 106
223 113
223 116
223 130
223 160
223 176
223 188
223 199
223 208
223 209
223 232
224 2
224 5
224 22
224 27
224 30
224 88
224 100
224 117
224 122
224 124
224 161
224 163
224 166
224 169
224 174
224 175
224 186
224 190
224 212
224 225
224 227
224 248
225 5
225 8
225 35
225 43
225 54
225 60
225 67
225 71
225 78
225 90
225 92
225 107
225 113
225 128
225 137
225 156
225 158
225 162
225 163
225 167
225 170
225 185
225 188
225 195
225 204
225 219
225 240
226 23
226 30
226 49
226 58
226 66
226 75
226 76
226 80
226 114
226 116
226 121
226 134
226 148
226 155
226 185
226 203
226 204
226 221
226 233
226 236
226 243
227 2
227 4
227 8
227 29
227 31
227 76
227 92
227 93
227 96
227 103
227 154
227 158
227 162
227 167
227 168
227 177
227 178
227 221
227 229
227 250
228 18
228 53
228 82
228 110
228 130
228 140
228 150
228 179
228 180
228 221
228 222
228 225
229 2
229 7
229 14
229 20
229 53
229 59
229 69
229 81
229 83
229 107
229 129
229 130
229 146
229 150
229 157
229 164
229 191
229 195
229 232
229 247
230 8
230 10
230 15
230 25
230 26
230 54
230 66
230 69
230 72
230 83
230 93
230 96
230 128
230 167
230 177
230 200
230 220
230 232
230 250
231 7
231 29
231 30
231 32
231 37
231 42
231 45
231 65
231 92
231 113
231 114
231 119
231 129
231 141
231 172
231 192
231 196
231 201
231 212
231 215
231 228
231 242
231 243
231 248
232 6
232 22
232 24
232 31
232 47
232 50
232 56
232 61
232 67
232 83
232 90
232 91
232 102
232 104
232 107
232 129
232 153
232 159
232 161
232 173
232 201
232 214
232 218
232 247
233 21
233 31
233 35
233 54
233 55
233 61
233 66
233 71
233 79
233 83
233 93
233 111
233 144
233 149
233 157
233 162
233 165
233 168
233 185
233 208
234 17
234 24
234 25
234 33
234 58
234 68
234 70
234 74
234 98
234 103
234 115
234 133
234 140
234 156
234 176
234 187
234 196
234 198
234 208
234 209
234 221
234 225
234 228
234 232
235 4
235 26
235 37
235 43
235 76
235 82
235 84
235 87
235 97
235 122
235 178
235 182
235 185
235 199
235 208
235 218
235 219
235 231
235 232
235 245
236 5
236 28
236 33
236 39
236 42
236 50
236 55
236 66
236 68
236 77
236 83
236 104
236 148
236 170
236 172
236 192
236 212
236 214
236 220
236 225
237 5
237 22
237 23
237 56
237 57
237 76
237 104
237 107
237 141
237 143
237 165
237 167
237 173
237 178
237 186
237 192
237 207
237 234
237 242
237 243
237 247
238 2
238 24
238 25
238 30
238 40
238 60
238 71
238 88
238 101
238 118
238 168
238 174
238 190
238 195
238 210
238 217
238 224
238 233
238 242
239 6
239 12
239 15
239 22
239 47
239 115
239 123
239 127
239 150
239 182
239 188
239 190
239 211
239 232
239 240
239 248
240 3
240 15
240 44
240 76
240 79
240 83
240 91
240 122
240 125
240 149
240 159
240 169
240 177
240 201
240 205
240 223
240 241
241 40
241 64
241 67
241 95
241 112
241 123
241 131
241 140
241 152
241 178
241 186
241 187
241 208
241 228
242 17
242 21
242 26
242 30
242 69
242 89
242 91
242 102
242 105
242 106
242 123
242 133
242 163
242 165
242 166
242 212
242 236
243 27
243 39
243 76
243 88
243 106
243 131
243 135
243 148
243 157
243 158
243 164
243 202
243 219
243 234
244 4
244 15
244 31
244 58
244 91
244 102
244 105
244 106
244 117
244 125
244 137
244 159
244 208
244 209
244 215
244 247
245 7
245 12
245 39
245 40
245 52
245 55
245 62
245 85
245 115
245 121
245 138
245 156
245 157
245 173
245 178
245 183
245 195
245 203
245 224
245 239
246 2
246 3
246 10
246 40
246 50
246 53
246 57
246 61
246 68
246 70
246 72
246 112
246 113
246 124
246 125
246 188
246 218
246 224
246 230
246 237
246 245
247 4
247 11
247 18
247 22
247 24
247 40
247 58
247 74
247 82
247 100
247 107
247 146
247 164
247 191
247 199
247 205
247 225
248 17
248 69
248 70
248 86
248 95
248 107
248 108
248 118
248 123
248 125
248 128
248 134
248 136
248 149
248 152
248 162
248 163
248 165
248 182
248 183
248 188
248 191
248 201
248 211
248 227
248 243
249 26
249 49
249 66
249 68
249 72
249 96
249 133
249 134
249 154
249 157
249 164
249 178
249 185
249 192
249 215
249 225
249 228
249 231
250 3
250 25
250 47
250 63
250 75
250 81
250 82
250 83
250 118
250 120
250 145
250 166
250 182
250 184
250 191
250 192
250 206
250 217
250 239

