50 750
810 583 132 1072 523 26 756 426 281 663 697 43 602 178 26 166 420 348 581 577 960 592 395 19 481 375 11 523 25 100 256 782 190 673 4 891 25 962 873 220 190 310 110 251 35 758 9 401 319 31 
1 4
1 5
1 7
1 8
1 9
1 13
1 14
1 15
1 18
1 27
1 29
1 31
1 37
1 39
1 43
1 45
2 1
2 6
2 8
2 11
2 13
2 22
2 26
2 27
2 29
2 38
2 40
2 41
2 44
3 7
3 11
3 16
3 17
3 24
3 26
3 30
3 43
4 3
4 11
4 13
4 16
4 17
4 19
4 23
4 30
4 35
4 36
4 37
4 38
4 39
4 40
4 41
4 42
4 44
4 46
4 47
5 2
5 3
5 4
5 6
5 14
5 16
5 21
5 26
5 29
5 42
5 44
5 48
6 3
6 10
6 16
6 19
6 29
6 31
6 35
6 36
6 37
6 39
6 40
6 44
7 4
7 5
7 8
7 9
7 14
7 19
7 28
7 32
7 35
7 39
7 41
7 45
7 48
7 49
7 50
8 3
8 5
8 6
8 9
8 11
8 14
8 16
8 18
8 22
8 26
8 27
8 32
8 34
8 37
8 45
8 47
8 50
9 2
9 3
9 15
9 16
9 22
9 24
9 26
9 37
9 38
9 39
9 47
9 49
9 50
10 4
10 5
10 8
10 13
10 26
10 29
10 32
10 33
10 35
10 37
10 38
10 39
10 46
10 47
10 48
11 5
11 7
11 10
11 13
11 16
11 17
11 19
11 21
11 22
11 23
11 28
11 31
11 35
11 41
12 1
12 4
12 6
12 7
12 8
12 10
12 17
12 23
12 26
12 33
12 35
12 36
12 37
12 40
12 41
12 45
12 47
12 49
13 7
13 8
13 19
13 24
13 28
13 32
13 35
13 38
13 40
13 43
13 44
14 4
14 6
14 9
14 10
14 11
14 13
14 18
14 19
14 24
14 25
14 27
14 28
14 30
14 31
14 36
14 39
14 41
14 42
14 43
14 44
14 45
15 2
15 3
15 4
15 7
15 10
15 11
15 13
15 17
15 19
15 21
15 28
15 32
15 34
15 35
15 39
15 41
15 43
15 45
15 46
16 1
16 7
16 13
16 15
16 25
16 27
16 29
16 33
16 41
16 47
17 2
17 5
17 6
17 9
17 10
17 13
17 23
17 27
17 28
17 31
17 35
17 38
17 39
17 42
17 47
17 48
17 50
18 7
18 10
18 13
18 16
18 17
18 20
18 26
18 31
18 34
18 35
18 37
18 42
18 47
18 50
19 1
19 2
19 5
19 8
19 9
19 17
19 18
19 20
19 21
19 23
19 27
19 31
19 32
19 43
19 44
19 45
19 46
19 47
20 3
20 4
20 6
20 8
20 9
20 10
20 12
20 13
20 21
20 29
20 33
20 36
20 39
20 47
20 49
21 1
21 2
21 4
21 9
21 10
21 13
21 14
21 18
21 22
21 23
21 25
21 26
21 27
21 29
21 37
21 42
21 43
21 44
21 45
21 47
21 48
22 3
22 10
22 12
22 13
22 14
22 16
22 19
22 20
22 27
22 32
22 43
22 44
22 49
23 1
23 3
23 5
23 7
23 15
23 18
23 20
23 26
23 30
23 31
23 33
23 34
23 36
23 38
23 40
23 45
23 47
24 1
24 2
24 6
24 7
24 8
24 10
24 12
24 16
24 18
24 21
24 22
24 26
24 28
24 29
24 34
24 35
24 40
24 48
24 49
25 2
25 7
25 9
25 10
25 12
25 13
25 19
25 23
25 28
25 29
25 30
25 32
25 34
25 41
25 42
25 47
26 1
26 4
26 6
26 7
26 17
26 19
26 22
26 28
26 36
26 44
26 47
26 48
26 50
27 4
27 7
27 12
27 13
27 15
27 18
27 24
27 25
27 28
27 30
27 37
27 38
27 40
27 45
27 47
27 48
28 3
28 5
28 10
28 16
28 18
28 20
28 23
28 31
28 32
28 34
28 36
28 46
28 48
28 49
28 50
29 11
29 12
29 14
29 19
29 26
29 27
29 31
29 32
29 38
29 44
29 46
29 47
29 48
30 2
30 5
30 7
30 10
30 13
30 16
30 19
30 20
30 21
30 22
30 24
30 26
30 37
30 41
30 43
30 46
30 48
31 2
31 4
31 5
31 9
31 10
31 21
31 22
31 25
31 30
31 33
31 37
31 38
31 39
31 40
32 1
32 3
32 4
32 5
32 11
32 21
32 23
32 26
32 31
32 35
32 36
32 39
32 40
32 44
32 49
32 50
33 2
33 7
33 9
33 11
33 19
33 21
33 25
33 40
33 41
33 42
33 48
33 49
34 3
34 6
34 7
34 11
34 13
34 16
34 20
34 21
34 26
34 31
34 39
34 40
34 41
34 48
35 1
35 2
35 8
35 22
35 23
35 26
35 28
35 29
35 31
35 34
35 36
35 38
35 40
35 43
35 50
36 8
36 9
36 11
36 13
36 19
36 24
36 25
36 27
36 29
36 31
36 34
36 38
36 44
36 45
36 46
37 2
37 5
37 11
37 13
37 14
37 16
37 17
37 20
37 23
37 24
37 25
37 28
37 32
37 33
37 39
37 42
37 47
38 1
38 5
38 6
38 8
38 14
38 19
38 24
38 28
38 32
38 34
38 37
38 41
38 42
38 45
38 46
39 2
39 12
39 13
39 18
39 19
39 22
39 24
39 25
39 26
39 28
39 30
39 33
39 36
39 38
39 41
39 44
40 5
40 10
40 14
40 15
40 16
40 17
40 18
40 19
40 22
40 25
40 26
40 30
40 36
40 41
40 44
40 46
40 48
41 1
41 6
41 13
41 18
41 20
41 28
41 32
41 42
42 1
42 6
42 8
42 11
42 12
42 19
42 20
42 32
42 34
42 35
42 36
42 43
42 48
42 49
42 50
43 5
43 6
43 7
43 9
43 18
43 24
43 31
43 33
43 36
43 38
43 44
43 45
43 48
44 3
44 8
44 12
44 15
44 16
44 20
44 23
44 25
44 31
44 37
44 38
44 42
44 47
45 2
45 4
45 6
45 9
45 10
45 11
45 13
45 16
45 17
45 25
45 26
45 28
45 31
45 32
45 33
45 35
45 39
45 46
45 49
46 2
46 5
46 6
46 7
46 11
46 12
46 18
46 20
46 21
46 22
46 23
46 24
46 26
46 32
46 34
46 35
46 41
46 43
47 6
47 7
47 14
47 22
47 31
47 32
47 38
47 39
47 41
47 46
47 49
47 50
48 1
48 3
48 6
48 8
48 20
48 25
48 35
48 39
48 45
48 47
48 49
49 2
49 3
49 5
49 10
49 11
49 13
49 14
49 15
49 18
49 19
49 21
49 25
49 31
49 41
49 43
50 2
50 4
50 5
50 13
50 16
50 19
50 20
50 22
50 23
50 24
50 34
50 36
50 38
50 39
50 40
50 41
50 44
50 49

