300 2000
89 15 35 62 187 318 143 25 165 13 35 127 46 128 178 193 140 272 23 18 165 101 31 94 27 140 71 44 84 60 84 79 22 32 198 45 43 19 37 46 36 82 67 47 26 67 71 147 26 55 54 33 10 186 9 33 126 16 140 160 257 60 83 67 90 26 37 45 94 73 329 390 63 216 8 200 30 5 38 303 198 198 75 71 242 151 108 56 120 8 126 11 119 3 58 150 73 18 471 4 109 239 55 213 24 128 55 205 289 90 49 57 151 53 123 85 27 164 122 2 54 56 28 93 59 176 234 53 142 125 141 206 1 66 73 48 19 37 85 148 76 47 228 81 124 79 5 42 390 36 208 244 40 15 85 55 132 57 53 75 77 4 72 163 76 60 69 198 116 18 40 35 28 58 49 94 227 227 66 27 8 158 1 93 220 178 60 163 75 3 101 48 236 21 96 6 67 175 120 21 74 71 130 29 21 64 5 12 45 154 90 162 207 31 59 23 132 82 60 68 22 95 154 237 14 102 73 53 50 176 104 110 15 99 57 36 80 50 13 114 2 35 365 27 166 39 84 87 6 3 131 90 46 42 26 215 287 127 40 81 56 151 135 59 22 108 125 69 5 44 49 241 9 122 44 126 37 54 66 52 59 42 362 402 166 144 99 167 69 86 23 208 404 36 10 49 408 3 114 2 
1 19
1 91
1 184
1 255
1 284
2 39
2 48
2 93
2 99
2 147
2 155
2 189
3 115
3 266
3 293
4 16
4 86
4 102
4 159
4 178
4 180
4 256
4 298
4 299
5 26
5 84
5 93
5 105
5 131
5 254
5 271
5 292
6 44
6 79
6 135
6 142
6 158
6 198
6 230
6 243
6 274
6 282
6 284
6 287
7 38
7 78
7 83
7 136
7 150
7 152
7 224
7 294
8 5
8 68
8 106
8 168
8 170
8 209
8 210
9 2
9 35
9 51
9 66
9 192
9 217
10 69
10 90
10 104
10 124
10 257
10 274
10 278
10 297
11 15
11 187
11 248
11 297
12 65
12 99
12 235
12 239
12 241
12 281
13 30
13 69
13 120
13 125
13 127
13 229
13 259
14 4
14 20
14 70
14 107
14 138
14 235
14 239
14 267
15 23
15 56
15 65
15 77
15 86
15 162
15 231
15 250
15 300
16 31
16 43
16 96
16 115
16 141
16 168
16 185
17 122
17 130
17 139
17 164
17 201
17 300
18 75
18 78
18 80
18 128
18 130
18 154
18 216
18 222
18 277
19 6
19 29
19 63
19 175
19 201
19 233
19 236
19 286
19 294
20 45
20 81
20 95
20 129
20 185
21 90
21 137
21 144
21 156
21 166
21 178
21 245
21 258
21 264
22 130
22 255
22 256
23 68
23 172
23 181
23 278
24 31
24 80
24 84
24 98
24 178
24 209
24 216
24 250
25 66
25 84
25 215
25 262
26 9
26 13
26 138
26 191
26 209
26 263
27 36
27 65
27 113
27 119
27 140
27 191
27 195
28 32
28 86
28 121
28 182
28 183
29 61
29 71
29 78
29 220
29 292
30 69
30 112
30 116
30 166
30 293
30 296
31 19
31 29
31 115
31 119
31 153
31 192
31 229
31 294
32 7
32 33
32 71
32 102
32 202
32 214
32 224
32 253
32 260
33 92
33 113
33 130
33 224
34 4
34 61
34 146
34 177
34 297
35 21
35 28
35 71
35 130
35 134
35 139
35 143
35 284
35 296
36 49
36 51
36 126
36 131
36 202
36 206
36 272
36 274
37 106
37 283
38 17
38 42
38 131
38 222
39 35
39 72
39 169
39 178
39 283
39 297
40 1
40 16
40 35
40 68
40 109
40 178
40 213
40 297
41 2
41 10
41 33
41 80
41 103
41 121
41 138
41 258
41 292
42 75
42 109
42 126
42 135
42 175
42 190
42 193
42 231
43 82
43 127
43 164
43 209
43 223
44 2
44 45
44 59
44 86
44 257
45 88
45 103
45 175
45 218
45 297
46 28
46 32
46 81
46 105
46 195
46 246
47 63
47 186
47 221
47 224
47 259
48 27
48 34
48 74
48 79
48 108
48 124
48 138
48 155
48 178
48 237
48 245
49 98
49 151
49 208
49 222
49 253
49 254
49 267
50 14
50 102
50 125
50 151
50 165
50 196
51 3
51 71
51 75
51 130
51 163
51 172
51 217
51 229
51 264
51 284
52 16
52 18
52 93
52 105
52 155
52 230
52 239
52 245
53 49
53 103
53 243
54 24
54 47
54 89
54 104
54 202
54 292
55 12
55 13
55 78
55 83
55 85
55 106
55 170
55 281
56 5
56 22
56 104
56 117
56 141
56 289
57 56
57 59
57 168
57 256
57 266
57 290
58 131
58 184
58 229
58 276
59 15
59 61
59 94
59 116
59 130
59 132
59 147
59 232
60 28
60 78
60 174
60 182
60 217
60 260
60 290
61 16
61 23
61 80
61 105
61 127
61 142
61 275
62 100
62 110
62 178
62 223
63 6
63 38
63 59
63 65
63 91
63 200
63 245
63 284
63 292
64 66
64 135
64 163
64 214
64 231
64 268
64 295
64 300
65 11
65 13
65 85
65 106
65 152
65 178
65 183
65 276
66 130
66 166
66 217
66 265
67 36
67 102
67 183
67 261
67 269
68 9
68 21
68 117
68 296
69 7
69 118
69 282
70 81
70 93
70 142
70 149
70 176
70 191
70 269
71 81
71 90
71 113
71 132
71 185
71 190
71 201
71 234
71 259
71 274
72 7
72 32
72 65
72 103
72 124
72 152
72 224
72 230
72 257
72 268
72 293
73 35
73 92
73 93
73 120
73 147
73 261
74 1
74 5
74 11
74 143
74 149
74 157
74 158
74 166
74 178
74 210
74 214
74 279
75 52
75 63
75 68
75 94
75 97
75 210
75 219
75 234
75 263
75 278
75 300
76 32
76 72
76 81
76 87
76 96
76 199
76 208
76 257
77 7
77 76
77 103
77 163
78 9
78 19
78 42
78 54
78 73
78 160
78 257
79 11
79 64
79 75
79 91
79 149
79 150
79 159
79 160
79 195
80 128
80 143
80 160
80 207
80 248
80 295
80 299
81 21
81 37
81 100
81 108
81 239
81 298
82 4
82 11
82 22
82 58
82 68
82 143
82 187
82 226
82 268
82 276
83 29
83 40
83 92
83 115
83 135
83 149
83 207
83 256
83 269
84 27
84 57
84 99
84 159
84 167
85 7
85 17
85 59
85 68
85 120
85 193
85 252
85 269
85 289
86 33
86 109
86 112
86 207
86 299
87 72
87 73
87 151
87 205
87 206
87 250
87 272
88 80
88 82
88 104
88 144
88 263
88 289
88 300
89 16
89 86
89 99
89 167
89 199
89 248
89 263
89 294
90 37
90 54
90 113
90 181
90 292
90 298
91 3
91 8
91 67
91 85
91 92
91 211
91 215
91 241
92 70
92 88
92 108
92 130
92 177
92 253
92 292
92 299
93 6
93 72
93 122
93 151
93 180
93 188
93 202
94 15
94 37
94 80
95 86
95 96
95 97
95 110
95 118
95 149
95 196
95 245
96 49
96 63
96 73
96 127
96 175
96 229
96 239
96 267
96 274
97 80
97 88
97 180
97 244
97 262
97 297
98 50
98 65
98 102
98 109
98 176
98 193
98 204
99 24
99 59
99 65
99 69
99 70
99 79
99 102
99 152
99 235
99 237
99 240
99 259
99 261
99 266
99 277
100 15
100 17
100 52
100 69
100 161
100 182
100 209
100 224
100 263
101 59
101 92
101 160
101 167
101 182
102 19
102 105
102 121
102 156
102 177
103 9
103 89
103 124
103 214
104 21
104 89
104 94
104 120
104 146
104 158
104 161
104 171
104 201
104 205
105 27
105 30
105 131
105 198
105 214
105 253
106 4
106 7
106 101
106 118
106 149
106 161
106 164
106 256
106 274
107 3
107 7
107 104
107 189
108 3
108 33
108 111
108 157
108 197
108 211
108 247
109 95
109 108
109 119
109 126
109 180
109 193
109 258
109 264
109 294
110 78
110 84
110 126
110 188
110 244
110 296
110 298
111 89
111 114
111 126
111 129
111 135
111 143
111 199
111 204
111 211
111 231
111 251
111 260
112 15
112 25
112 31
112 119
112 126
112 140
112 162
112 279
113 26
113 60
113 93
113 147
113 179
113 293
113 294
114 80
114 82
114 95
114 107
114 194
114 227
114 262
115 69
115 105
115 135
115 161
115 180
115 207
115 240
115 249
115 256
115 268
115 292
116 18
116 63
116 244
117 41
117 46
117 118
117 154
117 237
118 22
118 174
118 191
118 199
118 200
118 269
118 297
119 13
119 51
119 81
119 127
119 144
119 149
119 261
119 290
120 101
120 220
120 233
120 243
120 281
121 57
121 71
121 135
121 236
121 297
122 61
122 100
122 140
122 163
122 177
122 279
122 300
123 4
123 23
123 71
123 201
123 264
123 266
124 69
124 87
124 116
124 151
124 177
125 101
125 122
125 132
125 237
126 32
126 33
126 191
126 197
126 221
126 266
126 300
127 14
127 47
127 218
127 234
127 277
128 121
128 187
128 220
128 293
129 14
129 37
129 42
129 110
129 203
129 211
129 219
129 285
130 101
130 169
130 174
130 218
131 6
131 35
131 89
131 273
131 298
132 88
132 111
132 123
132 141
132 158
132 166
132 189
132 217
133 32
133 139
133 293
134 114
134 129
134 177
134 205
134 246
134 273
134 287
135 14
135 116
135 268
136 29
136 57
136 100
136 193
136 248
136 254
137 11
137 255
137 257
137 290
138 12
138 87
138 154
138 231
138 267
139 75
139 120
139 237
139 264
140 25
140 45
140 52
140 64
140 66
140 213
140 257
140 295
142 134
142 151
142 211
142 231
143 17
143 25
143 26
143 50
143 152
143 229
143 241
143 266
143 280
144 65
144 142
144 177
144 285
145 29
145 51
145 73
145 80
145 81
145 90
145 112
145 163
145 213
145 221
145 243
146 61
146 64
146 197
146 203
146 238
146 276
147 84
147 111
147 114
147 146
147 290
148 13
148 142
148 151
148 200
148 210
148 219
148 251
149 35
149 42
149 52
149 80
149 130
149 150
149 186
149 187
149 223
149 224
149 232
149 243
149 294
150 46
150 212
150 233
150 283
151 80
151 193
151 224
151 226
151 244
151 254
151 264
151 275
151 279
152 28
152 32
152 54
152 90
152 94
152 96
152 125
152 127
152 228
152 232
152 264
152 276
153 10
153 13
153 78
153 159
153 177
153 205
153 230
153 276
154 17
154 37
154 47
154 68
154 97
154 183
154 201
154 243
154 248
154 251
154 262
155 6
155 35
155 43
155 72
155 251
155 257
156 9
156 54
156 59
156 76
156 144
156 148
156 189
156 237
156 281
157 32
157 152
157 165
157 172
157 193
157 238
157 259
158 34
158 50
158 101
158 134
158 146
158 280
159 112
159 206
159 283
159 285
159 296
160 65
160 82
160 168
160 186
160 190
160 224
160 238
160 252
161 64
161 151
161 159
161 267
162 66
162 99
162 169
162 219
162 222
162 292
163 50
163 83
163 99
163 196
163 260
164 26
164 54
164 72
164 100
164 162
164 254
164 289
165 33
165 67
165 86
165 124
165 152
165 163
165 174
165 216
165 235
165 273
166 31
166 67
166 212
167 11
167 59
167 60
167 67
167 92
167 108
167 130
167 134
167 159
167 207
167 252
168 10
168 123
168 203
168 213
168 219
168 241
168 282
169 89
169 109
169 111
169 125
169 160
169 206
169 254
169 273
169 295
169 298
170 85
170 89
170 141
170 186
171 56
171 193
171 284
171 297
172 6
172 43
172 76
172 78
172 141
173 5
173 53
173 116
173 135
173 200
174 20
174 46
174 152
174 157
174 245
175 44
175 65
175 73
175 148
175 179
175 210
176 16
176 105
176 168
176 219
176 256
176 285
176 286
176 294
177 22
177 71
177 78
177 123
177 136
177 148
177 213
177 239
177 281
178 16
178 22
178 82
178 164
178 217
178 232
178 236
178 278
179 37
179 61
179 78
179 97
179 101
179 125
179 165
180 2
180 47
180 48
180 68
180 139
180 164
180 237
180 239
180 255
180 287
180 288
180 298
181 136
181 202
181 224
182 38
182 92
182 97
182 127
182 135
182 143
182 225
182 257
182 268
183 132
183 229
183 285
184 21
184 91
184 150
184 205
184 207
184 222
184 248
185 18
185 32
185 73
185 138
185 188
185 228
185 248
185 261
185 270
185 271
185 280
186 6
186 43
186 55
186 79
186 115
186 129
186 163
186 167
186 214
186 230
186 232
186 244
186 263
187 16
187 57
187 73
187 107
187 117
187 198
188 20
188 49
188 99
188 130
188 141
188 162
188 242
188 294
189 10
189 14
189 64
189 66
189 128
189 191
190 122
190 183
190 205
191 139
191 281
192 101
192 228
192 243
192 254
192 299
193 58
193 147
193 235
193 248
193 267
193 271
193 288
194 28
194 112
194 293
195 1
195 36
195 86
195 137
195 227
196 12
196 46
196 109
196 144
196 190
196 207
196 217
197 2
197 52
197 60
197 69
197 159
197 173
197 229
197 234
197 259
198 37
198 44
198 95
198 130
198 163
198 181
198 186
198 243
198 250
198 292
199 30
199 69
199 100
199 102
199 108
199 218
199 227
199 236
199 247
200 62
200 153
200 180
200 193
200 209
200 268
201 127
201 161
201 181
201 187
202 27
202 30
202 127
203 40
203 61
203 126
203 189
203 211
203 238
203 247
203 262
203 279
204 12
204 30
204 36
204 76
204 104
204 222
204 268
204 293
205 12
205 80
205 143
205 163
205 281
205 299
206 94
206 149
206 165
206 202
206 297
207 19
207 96
207 106
208 14
208 252
208 256
209 35
209 80
209 85
209 157
210 35
210 95
210 151
210 172
210 272
210 274
211 26
211 27
211 81
211 185
211 225
211 243
211 270
211 278
211 283
212 122
212 127
212 172
212 178
212 218
212 234
212 245
212 269
213 47
213 48
213 57
213 62
213 71
213 152
213 207
214 41
214 208
214 228
214 283
215 60
215 81
215 119
215 236
215 260
216 9
216 32
216 56
216 63
216 71
216 151
216 188
217 18
217 50
217 87
217 168
217 173
217 258
217 297
218 1
218 50
218 52
218 53
218 177
218 180
218 264
218 296
219 9
219 102
219 120
219 144
219 198
219 223
219 243
219 258
219 284
220 45
220 54
220 114
220 123
220 207
220 245
220 248
221 38
221 98
221 103
221 190
221 202
221 284
221 299
222 13
222 22
222 119
222 203
222 218
222 229
223 58
223 101
223 132
223 209
223 211
223 214
223 270
223 288
223 298
224 26
224 128
224 226
224 248
224 259
224 266
225 147
225 206
225 242
225 292
226 17
226 76
226 83
226 122
226 201
226 250
226 294
226 296
227 18
227 109
227 158
227 205
227 233
227 251
227 258
228 32
228 118
229 17
229 76
229 141
229 214
230 22
230 38
230 77
230 85
230 147
230 195
230 205
230 260
230 298
230 300
231 5
231 32
231 61
231 65
231 75
231 86
231 112
231 167
231 174
231 256
231 257
231 268
232 18
232 33
232 63
232 103
232 109
232 136
232 145
232 189
232 201
232 209
232 228
232 238
232 254
232 291
233 40
233 195
233 212
233 254
233 273
234 18
234 62
234 149
234 195
234 295
235 74
235 95
235 196
235 201
235 271
235 293
236 46
236 250
237 64
237 241
237 274
238 43
238 170
238 198
238 236
238 257
239 40
239 64
239 121
239 159
239 260
240 17
240 28
240 73
240 126
240 151
240 167
240 174
240 205
240 237
241 3
241 4
241 14
241 171
241 208
241 222
242 72
242 111
242 124
242 148
242 259
242 300
243 33
243 41
243 56
243 69
243 102
243 125
243 140
243 160
243 221
243 269
244 65
244 131
244 204
244 235
244 271
245 3
245 19
245 43
245 129
245 189
245 203
245 251
245 255
246 141
246 154
246 169
246 190
247 63
247 145
247 151
247 191
247 257
248 37
248 50
248 56
248 180
248 215
248 238
249 92
249 103
249 216
249 217
250 36
250 38
250 62
250 108
250 113
250 116
250 130
250 148
250 212
250 296
251 38
251 54
251 143
251 223
251 239
251 275
252 4
252 55
252 72
252 78
252 121
252 265
253 127
253 189
253 210
253 212
253 275
254 21
254 54
254 62
254 75
255 193
255 262
255 288
256 42
256 44
256 97
256 152
256 193
256 225
256 254
256 290
257 37
257 45
257 101
257 205
257 236
257 261
257 265
258 18
258 37
258 57
258 209
258 242
258 244
259 2
259 91
259 124
259 134
259 258
259 287
260 48
260 127
260 185
260 277
261 97
261 153
261 163
261 276
262 1
262 72
262 118
262 171
262 211
262 249
262 252
262 293
263 39
263 76
263 94
263 134
263 139
263 153
263 155
263 176
263 213
263 272
264 92
264 140
264 180
264 186
264 275
265 108
265 205
265 258
265 290
266 60
266 66
266 68
266 79
266 90
266 102
266 240
266 288
267 17
267 44
267 120
267 166
267 168
267 215
267 249
268 2
268 35
268 41
268 137
268 169
268 203
269 20
269 35
269 157
269 182
269 200
269 218
269 247
269 285
269 297
270 28
270 145
270 222
271 77
271 131
271 166
271 179
271 233
271 290
272 1
272 62
272 102
272 118
272 157
272 160
272 168
272 180
272 228
272 245
272 275
272 276
273 28
273 142
273 155
273 163
273 193
273 271
274 78
274 132
274 140
274 147
274 149
274 257
275 37
275 81
275 125
275 153
275 198
275 250
276 23
276 50
276 207
276 278
276 287
277 1
277 148
277 155
278 80
278 214
278 289
278 299
279 127
279 141
279 147
279 259
280 21
280 26
280 46
280 79
280 113
280 153
280 207
280 240
281 23
281 56
281 76
281 132
281 135
281 184
281 198
281 286
282 38
282 67
282 105
282 153
282 156
282 210
282 246
283 15
283 24
283 60
283 61
283 103
283 130
283 142
283 158
283 171
283 195
283 221
283 242
283 251
283 275
284 3
284 9
284 72
284 152
284 153
284 161
284 185
284 210
284 268
284 275
284 283
284 290
284 297
285 22
285 132
285 151
285 168
285 188
285 207
285 278
285 296
286 20
286 107
286 115
286 120
286 125
286 138
286 147
286 217
286 233
286 243
287 61
287 86
287 203
287 213
287 295
288 27
288 112
288 120
288 164
288 179
288 201
288 218
288 287
289 72
289 140
289 165
289 193
289 298
290 2
290 13
290 50
290 164
290 172
290 227
290 251
291 85
291 99
291 119
291 121
291 176
291 179
291 183
291 257
291 272
291 293
292 128
292 178
292 193
292 252
293 7
293 26
293 38
293 44
293 141
293 162
293 236
293 252
293 281
293 298
294 15
294 33
294 68
294 112
294 185
294 218
294 247
295 2
295 43
295 44
295 202
295 205
296 64
296 102
296 122
296 219
296 221
296 240
297 5
297 112
297 116
297 186
297 199
297 220
297 250
298 40
298 75
298 86
298 142
298 191
298 215
298 265
299 8
299 12
299 20
299 194
299 213
299 269
300 74
300 132
300 140
300 191
300 211
300 218
300 227
300 270

