100 750
347 52 50 38 78 123 136 18 2 263 55 24 241 62 346 89 56 73 37 179 329 236 19 167 162 114 64 219 35 164 210 50 218 214 108 33 82 22 98 40 9 78 28 70 22 102 20 351 60 32 120 125 74 77 95 80 196 16 116 72 44 317 356 327 333 237 34 181 176 253 221 148 103 256 224 307 217 55 126 10 106 132 298 11 12 218 4 189 70 306 123 39 105 228 63 8 34 2 128 38 
1 11
1 13
1 21
1 25
1 34
1 37
1 44
1 84
1 92
1 96
2 1
2 14
2 17
2 57
2 68
2 88
3 1
3 12
3 14
3 15
3 37
3 38
3 49
3 67
3 71
3 74
3 90
4 11
4 14
4 86
4 89
4 91
5 4
5 8
6 5
6 9
6 26
6 29
6 47
6 72
6 86
6 98
6 100
7 14
7 20
7 30
7 41
7 47
7 76
7 97
7 99
8 12
8 34
8 63
8 67
9 4
9 16
9 58
9 64
9 76
9 83
9 84
9 88
9 90
9 92
10 1
10 37
10 52
10 60
10 86
10 92
11 15
11 21
11 38
11 47
11 48
11 53
11 54
12 25
12 38
12 53
12 57
12 64
12 77
13 8
13 44
13 47
13 60
13 62
13 69
13 75
14 5
14 36
14 49
14 69
14 75
15 4
15 5
15 28
15 29
15 41
15 48
15 76
15 93
16 13
16 68
16 70
17 56
17 57
18 1
18 43
18 65
18 70
18 76
18 90
18 91
18 97
19 4
19 31
19 65
19 80
19 89
19 90
20 16
20 26
20 38
20 48
20 65
20 69
20 83
21 9
21 10
21 16
21 34
21 36
21 44
21 55
21 72
21 85
21 95
22 6
22 10
22 24
22 26
22 33
22 38
22 61
22 65
22 75
22 81
23 1
23 7
23 13
23 14
23 24
23 50
23 77
23 82
24 8
24 11
24 42
24 44
24 60
24 67
24 73
24 90
24 100
25 11
25 13
25 21
25 33
25 59
25 71
25 73
26 13
26 23
26 55
26 62
26 73
27 1
27 11
27 47
27 52
27 57
27 64
27 66
27 72
27 74
27 83
28 10
28 32
28 35
28 51
28 53
28 55
28 82
28 85
29 2
29 17
29 31
29 75
29 79
30 6
30 12
30 20
30 27
30 29
30 59
30 62
30 76
31 10
31 43
31 76
31 87
31 96
32 2
32 7
32 10
32 16
32 31
32 77
33 3
33 50
33 61
33 65
33 67
33 78
33 86
33 91
34 3
34 17
34 24
34 33
34 55
34 69
34 87
35 7
35 19
35 21
35 22
35 44
35 65
35 77
35 80
35 85
36 3
36 31
36 40
36 60
36 88
36 95
36 96
37 21
37 64
37 65
37 80
37 82
37 90
38 28
38 32
38 39
38 63
38 83
38 90
39 10
39 16
39 18
39 52
39 54
39 70
39 73
39 75
39 83
39 97
40 16
40 29
40 76
40 79
40 82
40 83
41 6
41 10
41 12
41 13
41 23
41 24
41 47
41 57
41 71
41 80
41 100
42 21
42 29
42 64
42 68
42 73
42 97
43 5
43 11
43 53
43 68
43 84
43 85
43 93
44 23
44 28
44 36
44 48
44 82
45 13
45 26
45 31
45 33
45 46
45 76
45 88
46 2
46 6
46 15
46 33
46 38
46 47
46 61
46 71
46 76
46 87
46 98
47 3
47 5
47 25
47 37
47 48
47 73
47 78
48 2
48 18
48 30
48 31
48 34
48 37
48 51
48 58
48 76
48 83
49 23
49 28
49 55
49 57
49 58
49 64
49 72
49 82
49 91
50 2
50 21
50 41
50 53
50 58
50 80
51 8
51 10
51 43
51 46
51 47
51 55
51 63
51 73
51 93
51 100
52 17
52 24
52 51
52 74
52 83
52 95
53 8
53 17
53 20
53 27
53 38
53 39
53 62
53 65
54 2
54 43
54 61
54 62
54 81
55 2
55 9
55 22
55 33
55 43
56 4
56 45
56 63
56 64
56 66
56 99
57 15
57 18
57 36
57 45
57 52
57 56
57 74
57 86
58 6
58 31
58 42
58 43
58 60
58 65
59 10
59 11
59 17
59 48
59 50
59 60
59 93
60 28
60 56
60 63
60 65
60 67
60 68
60 82
60 86
60 98
61 40
61 52
61 64
61 65
61 100
62 10
62 15
62 25
62 32
62 43
62 45
62 61
62 91
62 93
63 5
63 7
63 19
63 26
63 31
63 37
63 53
63 79
63 86
63 89
64 4
64 24
64 30
64 35
64 39
64 57
64 62
64 69
64 79
64 89
65 21
65 31
65 63
65 74
65 85
65 88
65 95
66 7
66 10
66 13
66 15
66 22
66 30
66 48
66 55
66 62
66 63
66 97
67 2
68 3
68 5
68 9
68 17
68 40
68 57
68 64
68 75
68 88
68 93
68 94
68 95
69 6
69 22
69 26
69 62
69 63
69 86
69 90
69 95
70 8
70 14
70 22
70 36
70 48
70 64
70 86
70 88
70 94
70 95
70 96
71 2
71 6
71 10
71 22
71 59
71 61
71 96
71 97
71 99
72 10
72 11
72 15
72 31
72 43
72 56
72 66
72 74
72 85
73 1
73 14
73 21
73 28
73 43
73 60
73 71
73 75
73 90
74 4
74 38
74 54
74 68
74 93
75 26
75 36
75 44
75 66
75 74
75 81
75 90
75 100
76 24
76 29
76 39
76 58
76 64
76 70
76 78
76 81
76 87
76 90
76 94
77 9
77 10
77 33
77 34
77 40
77 52
77 55
77 62
77 69
77 82
77 91
78 1
78 2
78 70
78 73
78 75
78 83
78 87
78 92
78 94
79 1
79 16
79 18
79 59
79 65
79 66
79 68
79 72
79 74
80 12
80 24
80 25
80 31
80 40
80 88
80 95
80 100
81 26
81 37
81 47
81 60
81 74
81 86
81 93
82 2
82 15
82 29
82 39
82 63
82 94
82 97
83 14
83 30
83 34
83 74
83 80
83 91
83 99
84 52
84 57
84 81
84 83
84 86
84 87
85 8
85 15
85 54
85 59
85 76
85 77
85 89
85 92
86 1
86 30
86 39
86 64
86 79
86 94
87 3
87 9
87 27
87 28
87 77
87 79
87 80
87 82
87 88
88 20
88 27
88 46
88 84
88 91
89 32
89 34
89 72
89 91
89 97
89 99
90 10
90 13
90 15
90 21
90 33
90 51
90 58
90 71
91 21
91 25
91 27
91 58
92 7
92 8
92 20
92 21
92 25
92 32
92 35
92 54
92 65
92 69
92 81
92 86
92 91
93 1
93 32
93 37
93 53
93 66
93 84
93 86
93 95
94 12
94 25
94 26
94 34
94 36
94 52
94 58
94 79
94 83
95 3
95 8
95 20
95 42
95 44
95 48
95 56
95 88
95 91
95 97
96 10
96 58
96 61
97 24
97 41
97 44
97 48
97 60
97 74
97 75
97 88
98 15
98 20
98 35
98 45
98 47
98 73
98 78
98 83
98 88
99 28
99 38
99 39
99 53
99 61
99 68
99 74
99 80
99 93
100 25
100 30
100 42
100 47
100 48
100 64
100 94

