150 750
13 18 61 181 10 32 35 28 52 179 114 41 34 23 19 4 71 33 109 32 39 96 135 11 3 10 1 7 14 89 120 141 65 41 27 21 32 41 37 40 94 18 110 89 40 97 73 131 5 19 48 14 25 2 105 4 70 25 58 53 17 160 10 22 185 89 20 21 8 64 22 38 27 26 98 45 43 65 8 72 8 8 62 101 16 61 42 103 36 15 17 31 29 11 37 34 75 12 88 161 1 1 65 36 32 7 78 117 6 22 51 83 67 33 193 62 35 32 65 82 15 17 27 33 12 122 13 60 75 3 1 59 113 40 25 138 26 38 92 40 31 20 33 56 34 27 75 7 25 23 
1 44
1 59
1 77
2 14
2 28
2 37
2 48
2 62
2 83
2 93
3 30
3 57
3 63
3 117
4 17
4 31
4 55
4 97
4 132
4 135
5 6
5 23
5 52
5 83
5 126
6 16
6 20
6 143
7 44
7 50
7 66
7 95
7 98
7 138
8 11
8 78
8 88
9 56
9 58
9 101
9 116
10 6
10 13
10 29
10 30
10 95
10 99
10 136
10 150
11 2
11 72
11 78
12 31
12 57
12 68
12 111
12 138
13 23
13 26
13 96
13 148
14 7
14 41
15 48
15 87
15 112
16 10
16 20
16 31
16 32
16 57
16 109
17 23
17 89
17 103
17 111
17 135
18 5
18 30
18 42
18 47
18 61
18 129
18 139
19 3
19 36
19 38
19 93
19 110
19 112
19 128
20 7
20 36
20 46
20 56
20 102
20 123
21 17
21 37
21 102
21 149
22 43
22 64
22 80
22 101
22 126
23 19
23 27
23 65
23 87
23 98
23 104
24 47
24 150
25 33
25 108
25 119
25 120
26 10
26 15
26 121
27 70
28 15
28 41
28 61
28 69
28 149
29 4
29 23
29 105
29 117
30 38
30 58
30 77
30 102
30 115
30 131
30 139
31 7
31 11
31 46
31 53
31 67
31 69
31 74
31 77
31 100
31 121
31 143
32 17
32 18
32 22
32 43
32 48
32 50
32 110
32 112
33 4
33 13
33 104
33 129
34 35
34 57
34 65
34 92
35 8
35 23
35 51
35 62
35 71
35 77
35 106
35 148
36 7
36 21
36 41
36 84
36 100
36 134
37 6
37 17
37 94
37 115
37 146
38 64
38 66
38 123
38 140
38 143
39 33
39 67
39 88
39 115
39 130
39 131
39 150
40 20
40 29
40 50
40 89
40 105
40 141
41 53
41 71
41 114
42 2
42 37
42 49
42 75
42 99
42 109
42 112
42 124
43 34
43 57
43 66
43 85
43 120
44 16
44 58
44 84
44 87
44 119
44 130
45 34
45 39
45 54
45 69
45 103
46 48
46 60
46 75
47 21
47 65
47 77
47 87
48 54
48 56
48 76
48 107
48 128
48 130
49 94
49 127
49 132
50 36
50 37
50 41
50 66
50 126
50 128
50 133
50 138
51 11
51 29
51 54
51 66
51 88
51 143
52 111
52 115
52 120
52 134
52 139
53 4
53 16
53 34
53 104
53 126
53 132
53 148
54 9
54 84
54 139
55 27
55 62
55 94
55 106
55 122
56 5
56 103
57 41
57 105
57 118
57 126
57 129
58 56
58 70
58 95
59 7
59 16
59 22
59 54
59 64
59 145
59 149
60 51
60 86
60 88
60 94
60 114
60 129
61 85
62 9
62 10
62 19
62 76
62 78
62 96
62 136
62 149
63 12
63 33
63 94
63 130
63 135
64 19
64 21
64 37
64 136
65 7
65 32
65 36
65 60
65 70
65 84
65 107
65 126
66 9
66 36
66 122
67 4
67 13
67 61
68 6
68 48
68 108
68 115
68 120
68 127
69 5
69 54
69 79
69 116
69 137
70 2
70 13
70 56
70 113
70 115
71 47
71 56
71 100
72 13
72 15
72 35
72 74
72 95
72 103
73 28
73 30
73 77
73 87
73 104
73 136
73 146
74 27
74 68
74 135
74 140
75 5
75 43
75 65
75 79
75 82
75 100
76 22
76 34
76 37
76 72
76 78
76 107
77 68
77 91
78 43
78 55
78 63
78 116
78 120
79 103
80 6
80 18
80 23
80 69
80 83
80 102
81 144
82 6
82 150
83 46
83 69
83 108
84 14
84 28
84 31
84 46
84 68
84 118
84 120
85 24
85 35
85 124
85 146
86 2
86 19
86 29
86 57
86 62
86 71
86 73
86 97
86 148
87 18
87 40
87 100
87 147
88 36
88 45
88 106
88 127
89 4
89 45
90 11
90 35
90 51
90 78
90 129
90 136
90 140
91 5
91 7
91 48
91 88
91 104
91 114
91 141
92 26
92 28
92 46
92 78
92 93
93 28
93 57
93 98
94 2
94 40
94 61
95 44
95 62
96 45
96 46
96 65
96 124
96 131
97 75
97 81
97 93
97 111
97 136
98 10
98 12
98 81
98 116
98 125
99 14
99 60
99 63
99 72
99 78
99 98
100 26
100 27
100 28
100 54
100 57
100 83
100 97
100 104
100 115
102 27
102 32
102 53
102 109
102 121
102 141
103 5
103 14
103 101
103 111
104 14
104 42
104 51
104 97
104 119
105 90
105 101
106 7
106 58
106 114
106 136
106 143
107 25
107 35
107 42
107 88
107 90
107 132
108 41
108 50
108 80
108 113
108 131
108 134
109 54
109 55
109 76
110 125
110 128
111 37
111 126
111 137
112 4
112 11
112 89
112 127
112 132
112 139
113 7
113 8
113 44
113 66
113 76
113 96
114 6
114 18
114 36
114 46
114 50
114 90
115 22
115 29
115 31
115 58
115 92
115 93
115 122
116 10
116 47
116 54
116 65
116 66
116 93
116 114
116 126
116 131
117 20
117 38
117 43
117 71
117 73
117 133
117 144
118 32
118 34
118 110
118 126
119 14
119 22
119 89
119 107
119 130
120 11
120 99
120 106
121 1
121 6
121 18
121 60
121 110
122 2
122 23
122 95
122 99
122 105
122 143
123 4
123 14
123 51
123 55
123 77
123 114
124 45
124 134
125 3
125 4
125 27
125 133
125 148
126 67
126 70
126 114
126 120
126 147
127 3
127 7
127 41
127 59
127 89
127 99
128 10
128 11
128 37
128 65
128 101
128 119
128 134
128 137
129 75
129 82
129 93
129 95
129 105
129 117
129 118
129 135
129 146
130 19
130 21
130 33
130 68
130 79
130 108
130 115
130 138
131 46
131 51
132 11
132 89
132 95
132 124
132 136
133 19
133 24
133 87
133 97
133 130
133 138
133 144
133 150
134 12
134 38
134 40
134 59
134 60
134 73
134 92
134 140
134 148
135 49
136 47
136 72
136 107
136 112
136 139
137 25
137 51
137 108
137 117
137 133
137 135
137 141
138 98
138 113
139 9
139 24
139 80
139 135
139 150
140 30
140 43
140 55
140 56
140 88
140 144
141 28
141 73
141 93
141 98
141 130
142 5
142 55
142 116
142 134
143 73
143 88
143 130
143 145
143 150
144 36
144 70
144 106
144 142
145 25
145 37
145 70
145 82
145 133
145 146
145 150
146 33
146 38
146 44
146 78
146 83
146 102
146 125
146 139
147 3
147 5
147 19
147 68
147 78
147 90
147 124
147 130
148 18
148 32
148 49
148 59
148 71
148 98
148 130
149 1
149 9
149 10
150 8
150 32
150 75
150 102
150 135

