200 100
4169769139 1 4238045826 789327992 3167304827 1577516471 3 1 2627937517 559506664 1 3417915410 1165979171 3672646645 8 3582405696 2009209494 1 4 7 2 1 2287559888 4 3988646879 1 3 1 1 3036521523 2966391378 2 1 1 1 856364715 1 1 1202240550 1 1 4250728500 1677995807 3005779335 2 1 3807586766 7 1 1 2845006403 1 3 3 2324330648 879801126 1 6 1 1 1 1956825771 1 2996570824 2 1 1 1 8 1 1 1752355675 1 2781334735 1 4 3649239804 3 1 3822015567 1 1 1 1 2 1 1 3207809359 2286413871 1631280369 1 3350662840 716045560 3267040364 3358127661 1 1 1956390442 3884931147 1 223833554 2 2395795148 2 3481696358 39434045 3025454271 1 1 4 1 1507972563 3 1 3364009145 1 2803921353 9 1 6 8 1 1 1 1 2749940070 161398930 617260552 1 1 1 1 266600795 1 153156088 4105798221 93506314 1 1 664157607 1 1 2978263097 1657475718 1 1 4 1 3 2 1 1 4 13 1774709218 279705296 2809424485 1 511053208 1 1 594671757 3681041696 1575834617 5 1 1691370000 1450121292 4 1479273363 1 8 1156023940 3558110544 2 1 1 1 1466280680 3440343413 2 1 1 877828130 1 1 1 1 1208311632 4 1 8 1 11 1 3 4 1 5 1059042103 
2 45
7 19
8 68
15 79
15 86
18 119
20 19
20 154
21 91
21 177
22 149
24 69
27 129
33 169
37 63
41 54
48 75
48 153
49 24
57 104
59 147
60 131
61 145
65 109
70 46
70 65
71 27
76 169
81 96
82 58
83 53
84 175
85 29
85 141
87 73
97 69
102 151
104 35
110 78
111 69
113 26
113 125
114 66
116 28
118 7
118 21
118 150
120 125
121 15
121 67
121 102
122 19
123 58
124 138
130 188
132 45
134 190
138 196
139 15
142 52
146 76
148 183
149 108
150 110
152 40
154 32
154 120
158 50
165 32
165 53
165 154
166 78
171 8
171 160
172 38
172 100
172 178
175 192
176 54
178 147
181 11
181 142
181 199
182 121
185 121
186 34
187 197
191 20
192 177
192 190
193 161
194 58
194 125
194 153
195 194
196 192
197 120
198 59
199 48
199 70

