300 750
69 31 68 25 6 6 10 2 14 6 25 4 31 2 23 17 10 9 68 19 18 3 16 36 14 4 56 3 7 8 8 1 9 4 1 21 33 6 16 9 2 15 2 2 29 45 8 4 32 1 6 3 7 7 68 3 25 6 5 1 1 4 14 9 6 21 10 36 21 2 1 6 2 50 3 13 31 12 1 42 5 4 5 13 41 14 1 52 11 13 4 3 13 8 20 10 21 1 6 7 9 16 9 9 2 5 8 30 2 2 36 35 8 9 18 9 1 15 12 7 62 38 23 9 8 15 79 20 1 8 8 20 5 1 12 9 4 2 23 31 6 42 4 31 3 23 1 36 28 17 10 57 26 5 2 3 29 17 29 13 10 2 3 11 63 17 2 15 5 66 18 19 40 4 4 24 29 4 20 20 16 4 32 5 11 2 59 2 28 43 15 1 5 8 3 7 5 5 9 21 4 1 32 9 3 16 1 2 9 6 2 71 11 5 15 36 25 25 16 36 29 5 27 17 9 13 8 8 10 15 7 5 11 4 18 30 12 9 13 28 34 22 5 14 6 5 3 16 3 9 3 24 8 16 2 35 21 6 21 14 3 3 34 23 2 33 1 2 22 36 2 1 1 3 91 3 34 2 1 37 1 24 11 9 3 21 12 4 2 41 43 14 77 1 8 32 36 25 84 3 
1 76
1 113
1 239
1 270
1 272
2 40
2 46
2 153
2 174
3 43
3 161
3 237
3 244
3 245
4 127
4 227
5 24
5 190
5 200
5 216
6 184
7 161
7 237
8 54
9 124
10 18
10 114
11 165
12 13
12 269
13 19
13 144
13 169
13 251
14 90
14 94
15 39
15 131
15 280
16 83
16 108
16 171
17 15
17 106
17 112
17 155
17 248
18 7
19 74
19 153
19 154
19 203
19 277
19 280
20 32
20 299
21 80
21 81
21 99
22 255
23 8
23 215
23 291
24 58
24 101
24 121
24 131
25 100
25 181
25 220
26 112
27 128
27 136
27 149
27 242
27 255
27 294
28 170
28 260
29 58
29 295
30 84
30 243
31 16
31 239
32 75
32 238
34 60
34 100
35 66
35 277
36 69
36 115
36 158
37 78
37 80
37 125
38 6
38 188
39 122
39 187
40 9
40 36
40 195
41 20
41 203
42 80
42 95
42 173
42 260
43 79
43 160
45 131
45 281
46 48
46 137
46 142
46 244
46 268
46 275
47 15
47 23
47 31
47 290
48 256
49 287
50 140
51 97
52 11
52 20
53 246
54 183
54 189
55 121
55 124
55 225
55 247
55 257
55 290
56 88
57 185
57 190
57 194
58 9
59 130
61 29
61 36
62 20
62 66
62 135
62 236
63 59
63 95
63 114
64 2
64 61
64 158
65 62
65 103
65 132
66 8
66 16
67 51
67 60
68 91
68 290
69 30
70 9
70 261
73 191
74 146
74 210
76 137
76 254
77 67
77 85
77 286
78 102
78 185
80 264
81 95
81 235
81 247
81 268
81 288
83 76
84 9
84 186
85 33
85 51
86 19
86 99
88 82
88 140
88 141
89 41
89 65
89 180
90 37
90 177
91 39
92 206
93 72
93 189
93 251
93 276
94 58
94 112
94 154
95 3
95 44
95 210
96 78
96 144
96 159
96 223
97 26
97 78
97 82
97 265
97 289
98 174
98 190
98 199
98 264
99 112
102 16
102 142
102 296
104 77
104 191
104 226
105 185
105 258
107 19
107 128
107 164
107 264
107 299
108 6
108 103
109 11
109 148
109 215
109 259
110 34
110 173
111 18
111 40
111 80
111 190
112 59
112 89
113 2
113 42
114 85
115 63
115 142
115 237
116 64
116 68
117 298
118 165
118 223
119 53
119 151
120 18
120 154
120 220
121 83
121 116
121 162
121 242
121 297
122 24
122 218
122 220
122 298
123 174
123 191
123 199
124 257
125 108
125 144
125 212
125 266
126 101
126 194
126 220
127 15
127 21
127 204
127 245
127 252
127 257
128 172
128 293
129 218
130 65
130 104
132 119
132 142
133 219
133 239
133 257
134 7
134 122
134 201
135 170
136 1
136 90
136 230
136 300
137 3
137 85
137 183
138 1
138 56
138 106
138 135
138 143
138 153
138 221
139 21
139 108
139 189
139 292
140 149
140 176
140 204
141 32
141 132
141 236
142 28
142 224
143 152
143 181
144 49
144 133
145 276
146 137
146 269
147 286
148 73
148 78
148 129
148 257
149 13
149 110
149 178
150 51
150 59
150 192
150 217
150 227
151 132
151 140
151 148
152 53
152 57
152 204
152 252
153 111
153 194
153 241
153 253
155 142
155 290
156 167
156 265
156 275
157 25
157 145
157 188
157 209
158 209
158 222
159 74
159 77
159 160
159 221
160 77
160 141
160 264
161 239
163 85
163 222
163 231
164 35
164 95
165 66
165 77
165 161
165 276
166 198
166 227
167 187
167 248
168 15
168 231
168 293
169 68
169 74
169 89
170 10
170 11
170 37
170 96
170 155
170 187
170 203
170 243
171 34
172 4
172 21
172 116
172 139
173 62
173 108
173 184
173 210
173 225
173 246
173 297
174 283
175 151
175 260
176 49
176 62
176 159
176 179
176 217
177 23
177 45
177 84
177 130
177 162
177 193
177 233
178 29
178 220
179 26
179 65
179 113
179 233
180 226
180 247
180 257
180 265
180 284
181 55
181 231
182 284
183 22
183 197
183 242
183 247
183 251
184 170
185 46
185 84
185 118
185 177
185 295
186 33
186 89
186 189
186 266
186 299
187 88
187 106
187 203
187 263
189 14
189 165
189 263
190 62
190 137
190 173
190 217
191 290
193 11
193 171
193 203
193 277
194 160
195 274
196 3
196 131
196 171
197 119
197 294
198 74
198 92
198 185
200 19
200 45
200 228
201 12
201 126
201 267
202 67
205 37
205 241
205 267
205 280
206 220
206 261
206 297
207 270
208 27
208 298
210 50
211 74
211 165
211 238
212 3
212 39
212 44
212 51
212 88
212 150
212 158
213 48
213 214
213 259
214 57
215 13
215 62
215 74
216 33
216 138
216 201
216 273
217 31
217 72
217 164
217 280
218 4
218 28
218 200
219 55
219 127
219 275
220 157
220 235
221 8
221 53
221 103
222 294
223 112
223 224
223 248
223 275
224 69
224 176
224 195
224 259
225 62
225 106
225 211
226 22
226 45
226 171
226 185
228 175
229 109
229 176
229 205
229 240
229 251
230 11
230 103
230 238
231 47
231 107
231 115
231 235
231 259
231 291
232 75
232 131
232 293
233 11
233 200
234 210
235 80
235 273
235 283
236 114
236 137
236 213
237 101
237 154
237 251
238 22
240 68
240 88
240 212
241 65
241 130
241 270
242 88
243 71
243 113
243 203
244 9
244 21
244 149
244 168
244 240
245 208
245 229
246 1
247 53
248 89
248 118
248 166
249 45
249 121
249 244
250 261
251 140
252 69
252 142
252 187
253 157
254 38
254 80
254 127
254 214
254 253
255 113
255 194
256 1
256 137
256 189
256 228
257 105
257 250
258 206
259 144
259 250
259 293
260 27
260 166
260 269
261 72
262 88
262 128
262 221
263 3
263 7
263 69
263 100
264 113
264 146
264 299
265 165
266 122
266 130
266 224
266 240
267 183
268 49
268 152
268 293
269 214
269 247
269 293
270 217
270 242
270 291
271 33
271 52
274 209
275 3
275 25
275 26
275 93
275 212
275 241
276 254
277 63
277 78
277 173
278 112
278 153
280 5
280 191
280 216
280 236
280 289
282 66
282 181
282 182
282 263
282 270
283 56
283 199
284 123
284 158
285 17
285 89
286 109
286 111
286 279
287 36
287 52
287 92
288 125
288 175
288 234
288 258
289 59
290 49
290 233
291 27
291 84
291 86
291 135
291 193
291 297
292 15
292 114
292 256
292 293
293 194
293 267
294 262
295 152
296 66
296 86
296 125
296 146
296 282
297 49
297 106
297 166
297 236
298 68
298 85
298 260
299 4
299 55
299 123
299 152
299 205
299 280
300 87

