200 50
2628609667 1129523598 2864243109 2316970703 1 3135355833 504459450 1656708486 1 3658239525 1845674351 3533007398 1349498125 1541741185 2689008993 1 3859136390 1 3003600537 3284162924 3 1 1442413189 840698943 1 1794966694 3474526964 1483939352 2060527818 3028945285 3394623177 1 3782065558 1 3974765469 2 3946494239 204917353 1113203676 2386140225 2 2094208821 3179976283 3914740246 1 1 1 2685840630 1 1 2126930723 341522456 1 1 1 1 2955901648 1 1999070208 448284680 1349407812 2545185967 1 1 1 1037900286 1 1081455003 1179215572 1926949078 1 1 1 1 7 1 545188160 2140903309 4 1 618560979 596020262 1 4111267143 1539263342 3228808357 1 4 1318269422 1 2769069307 1 3494636872 2075075117 1754176815 1 24606300 1 1 1 1 4161074445 1 2534565783 4125381759 1 958347425 61424234 1964781365 1855866961 3446088548 2 526869359 3004928201 4061099032 1 3986430885 2131296779 4 115191019 2334753971 1873933227 1 1690850163 1 3509021969 3989783242 951593730 1408283327 2204638308 2076200688 3 3 3949336394 671370176 1 3910559362 4 1 4 1524443750 446804605 3584204820 2819451978 4036657773 94317675 37915668 2244097870 3853401218 2626087185 2824957676 4161045656 4 1656165546 4087297726 400232455 1 3 4 3334146586 675914052 4199186968 3603370915 1 1104161475 3837391763 97846069 1992475753 1 1227768983 2098199074 1052366061 1345709473 1 1 3290251722 269133742 1 1 1 3268802472 4058591133 1 559370246 1 1 390312906 2760579527 1 1 565471830 1 1256007493 205433654 1 2 3732329289 1032152587 1 1389851033 
5 196
18 90
21 132
36 100
46 75
47 119
50 186
54 9
56 16
63 96
67 36
72 32
73 98
75 64
76 190
79 58
79 88
80 119
83 174
87 75
88 25
99 132
101 199
103 125
103 175
112 65
112 139
116 196
123 49
133 34
133 76
136 179
138 92
140 159
140 195
153 41
153 125
157 64
158 22
158 159
164 21
169 74
178 41
180 106
183 53
183 71
185 45
189 138
192 55
195 196

