150 500
29 23 10 7 65 5 3 33 5 57 37 3 11 1 3 15 95 63 20 8 61 3 94 77 24 18 25 3 43 13 40 1 66 7 6 10 84 23 13 7 20 27 25 18 51 25 45 47 1 16 49 25 67 72 13 11 25 47 33 1284741256 119 8 54 16 5 36 43 11 9 2 53 17 15 32 22 16 13 57 46 134 3 61 9 28 1 2 76 21 2 21 6 26 85 25 2 1 22 5 32 9 13 18 14 24 31 1 6 42 5 7 18 40 13 9 8 14 36 10 21 22 20 4 5 29 27 8 6 88 8 32 11 62 10 1 7 42 24 39 106 4 22 12 2 6 24 8 45 7 7 13 
1 59
1 72
2 18
2 34
2 149
3 2
3 68
3 124
4 71
5 50
5 85
5 87
5 115
5 150
6 1
6 121
7 8
8 13
8 66
8 73
9 35
9 74
10 19
10 24
10 50
10 90
10 118
11 74
11 80
11 87
11 110
12 23
12 78
12 92
12 106
13 3
13 20
13 40
13 77
15 132
16 47
16 136
17 33
17 54
17 105
18 1
18 3
18 23
18 59
18 80
18 114
18 131
19 65
19 98
19 128
20 128
21 4
21 17
21 55
21 78
21 102
21 117
21 128
22 15
22 72
22 85
22 124
23 7
23 29
23 67
23 84
23 145
24 19
24 37
24 55
24 112
24 115
24 123
24 137
25 18
25 30
25 101
25 145
26 5
26 8
26 11
26 120
27 34
27 77
27 113
28 11
28 87
28 129
29 5
29 74
29 82
29 87
29 111
29 118
29 136
30 10
30 37
30 74
30 118
30 123
31 2
31 48
31 71
31 78
31 150
32 28
32 36
32 37
32 44
32 46
32 130
32 148
33 42
33 43
33 70
33 87
33 114
34 21
34 76
34 118
35 33
35 37
35 58
35 61
35 125
36 67
37 4
37 47
37 54
37 137
38 2
38 102
38 118
38 147
39 5
39 125
40 61
40 91
41 92
41 114
41 121
41 132
42 23
42 51
42 54
42 109
42 114
42 128
43 57
44 90
44 102
45 38
45 101
45 103
45 108
45 136
46 1
46 25
46 84
46 103
47 83
47 148
48 85
48 93
48 99
48 142
49 4
50 17
51 12
51 74
51 131
52 1
52 26
52 128
52 130
53 8
53 15
53 45
53 47
53 51
53 58
53 75
53 76
54 6
54 65
54 71
54 83
54 84
55 42
55 51
55 93
55 116
56 23
56 40
56 45
56 68
56 100
56 101
57 19
57 24
57 125
58 10
58 20
58 59
58 108
58 111
59 61
59 96
59 117
61 16
61 43
61 99
61 115
61 123
61 139
61 145
62 8
62 39
62 88
63 64
63 81
63 125
63 144
64 81
64 114
64 122
64 131
64 132
66 93
66 114
66 148
67 37
67 58
67 61
67 133
69 24
69 40
69 61
69 66
69 129
70 17
70 20
70 102
71 8
71 24
71 59
71 75
71 79
73 29
73 66
74 41
74 77
74 89
74 92
74 132
75 72
75 93
75 125
76 1
76 14
76 109
77 95
78 59
78 73
78 87
78 130
79 34
79 43
79 44
79 123
80 16
80 39
80 45
80 79
80 112
80 146
81 42
81 45
81 98
82 9
82 17
82 100
83 75
83 99
85 102
85 150
86 11
86 38
86 54
86 69
86 85
86 124
87 17
87 27
87 59
87 129
88 67
88 78
88 138
88 141
89 10
89 24
89 84
89 92
89 99
90 5
90 12
90 19
90 117
90 147
91 81
92 21
92 25
93 7
93 33
93 92
93 113
94 44
94 74
94 110
94 119
95 17
95 29
95 41
95 58
95 63
96 14
96 121
97 4
97 38
98 80
98 82
98 142
99 57
99 63
99 88
99 90
99 112
99 118
100 33
100 140
101 52
102 69
102 95
103 39
104 13
104 121
104 138
105 5
105 34
105 65
105 120
105 135
106 8
106 68
107 79
107 127
107 136
107 138
108 36
108 83
108 112
108 114
108 146
109 70
109 101
110 147
111 24
111 31
111 37
111 40
112 9
112 131
113 80
113 115
114 61
114 93
115 73
116 34
116 64
116 142
117 29
117 36
117 91
117 119
117 135
118 63
118 74
118 106
118 126
118 145
119 17
119 53
119 98
119 104
120 42
120 104
121 11
121 74
121 128
122 43
122 103
123 67
123 80
124 17
124 39
124 82
125 32
125 133
125 138
127 66
127 72
127 77
127 105
127 124
128 16
128 29
128 67
128 70
128 72
128 80
128 87
128 126
130 51
130 98
130 118
131 31
131 45
131 50
131 55
131 144
132 37
132 40
132 47
132 59
132 70
132 84
132 125
132 131
132 139
133 14
133 53
134 30
134 112
135 138
135 143
136 21
136 59
136 97
136 120
137 48
137 58
137 147
138 91
138 147
139 27
139 30
139 46
139 53
139 82
139 86
139 126
139 133
140 23
140 97
141 3
141 47
141 70
141 77
142 139
143 2
143 116
143 140
144 16
144 38
144 48
144 82
144 84
145 7
145 68
145 93
146 45
147 94
147 117
147 139
148 13
148 17
148 52
148 63
148 93
148 147
148 150
149 97
149 114
150 144

