50 100
5 1 14 1 6 15 23 8 4004980779 7 9 14 6 5 16 5 1 4 1 3 2 2 36 4 1 18 18 23 11 17 13 18 8 8 1 4 7 25 24 4 19 3 2 16 20 2 2 9 1 4 
1 29
1 30
2 7
2 21
2 27
3 19
3 42
4 38
5 2
5 39
5 41
6 1
6 2
6 11
7 11
7 24
8 3
8 32
10 48
11 20
11 41
12 7
12 16
13 21
13 22
13 32
13 38
14 2
14 4
14 23
14 25
15 29
15 36
16 31
16 49
19 7
19 29
20 33
20 42
21 8
22 4
22 34
23 8
23 36
24 12
26 10
26 12
26 13
26 27
26 36
28 6
28 38
28 42
29 28
30 13
30 27
30 41
31 6
31 7
31 15
31 45
31 46
32 1
32 23
32 44
33 23
33 48
34 38
35 18
36 44
37 27
37 30
38 12
38 50
39 3
39 18
39 28
39 34
40 28
40 38
41 18
41 21
41 23
41 27
42 15
43 5
43 17
44 34
45 17
45 33
45 44
46 44
47 6
47 19
47 37
48 31
49 39
49 45
49 50
50 10

