150 100
411608054 1 1 95183207 2420479983 3 2 1 2154508363 1 1 4 1 3 2580547600 1 1 1 5 1 4000740420 3 7 1 4 3492281157 1772609959 3615730613 3 3 1 3857583346 4200657255 3466713823 2730291126 1 6 349742531 1 8 1 2 1 1 1 3 1 2623665541 4 3 1 5 2259775220 1 1 7 4070706269 599643030 1 568362986 1 2 1 1763906507 3958956003 4 3584649889 2 2103270184 5 1 3 8 3672571956 1 4 1 1 362871357 1 8 1 1 1 2387473259 4 1 1684168115 2077233487 2 1 4 4 1 2 1834117133 4 9 1 4 1 5 10 1 3061607214 6 1 1 436082816 15 1 1 1 1171013900 1 1848263743 1 2 2863667734 3 2070327830 3 1 8 1 1 3165119522 1386112895 2607881870 1 6 3 253928131 1 1 2 1 933092006 981867569 2127625894 18 1 1 1 1 2 1742718670 1 2813793654 9 
2 82
6 46
8 42
12 7
13 122
14 61
14 144
17 56
18 11
19 131
20 7
20 30
20 44
22 59
23 81
23 86
25 98
29 123
30 49
31 102
36 24
39 130
40 81
41 103
42 30
43 62
43 135
46 103
47 66
50 37
52 84
52 102
52 146
54 90
56 37
56 136
62 51
66 37
68 55
70 13
70 72
71 131
72 141
73 12
73 23
77 61
78 49
80 112
82 124
83 125
86 73
87 137
90 30
91 106
92 16
92 111
93 70
93 145
95 118
97 45
97 75
98 76
98 104
99 3
99 10
99 61
100 108
100 124
101 117
102 107
103 6
103 19
103 132
106 126
106 132
110 19
110 95
110 141
112 141
113 50
115 29
117 81
118 40
120 86
120 134
120 141
122 19
122 40
124 94
126 136
131 25
141 76
142 110
143 68
143 148
146 118
150 13
150 14
150 22
150 63

