150 500
29 28 5 16 9 14 1 15 5 1 9 80 5 15 23 21 12 22 31 1 59 40 90 10 25 51 37 8 16 24 72 13 10 8 12 17 2 17 19 19 23 47 9 20 15 29 1 16 23 19 9 14 29 3 18 16 30 12 20 12 56 19 24 27 68 5 47 8 78 4 65 29 129 3 7 31 3 8 39 95 10 13 22 3 5 56 4 25 40 14 36 21 4 28 5 53 46 5 12 1 27 12 6 15 28 16 18 21 34 14 9 8 53 42 3 7 31 33 8 23 17 114 6 5 8 34 55 16 20 31 31 5 74 15 17 28 19 17 9 42 3 30 8 17 11 1 4 11 113 35 
1 38
2 7
2 9
2 55
2 126
3 1
3 14
3 40
3 108
3 110
4 117
5 12
5 13
6 5
6 18
6 28
6 49
6 79
7 33
8 109
8 118
10 76
10 138
11 83
12 38
12 54
12 60
12 91
12 97
12 129
13 15
13 94
13 108
14 17
14 85
14 97
14 133
15 39
15 90
15 118
16 21
16 31
16 50
16 111
17 55
17 133
18 12
18 72
18 83
18 121
18 140
18 143
19 57
20 52
20 98
20 145
21 35
21 134
21 138
22 60
22 144
23 14
23 35
23 36
23 40
23 49
23 115
23 117
24 54
24 81
24 125
25 32
25 33
25 49
26 14
26 22
26 30
26 78
26 97
26 120
26 127
27 9
27 12
27 23
27 45
27 113
28 66
28 73
28 112
28 128
29 94
29 133
30 73
30 99
30 105
31 3
31 96
31 130
31 138
33 17
33 35
33 37
33 78
33 92
33 123
33 130
34 54
34 55
34 72
34 102
34 135
35 14
35 27
35 79
36 96
36 135
36 142
36 146
37 2
38 3
38 14
38 111
38 124
39 13
39 22
39 53
39 127
39 136
40 46
40 53
41 23
41 69
41 71
42 1
42 19
42 106
43 18
43 105
43 119
43 122
44 8
44 92
44 105
44 126
44 144
45 35
45 40
45 91
45 96
45 133
46 6
46 33
46 53
47 10
48 134
49 69
50 3
50 140
51 29
51 94
51 119
51 126
51 143
52 21
52 119
52 134
52 138
53 91
54 89
54 95
55 26
55 90
55 121
56 5
56 48
57 1
57 28
57 45
58 64
58 93
58 99
58 134
59 27
59 102
59 105
59 142
60 136
61 57
61 65
61 71
61 72
61 88
61 129
62 40
62 112
63 32
63 49
63 60
63 75
63 77
63 145
64 6
64 26
64 71
64 104
64 120
64 122
64 143
65 40
65 75
65 94
65 97
65 117
66 22
66 99
67 61
67 82
67 88
67 108
67 114
68 29
68 56
68 125
68 128
69 34
69 72
69 75
69 91
69 94
70 20
70 86
70 97
70 120
70 125
71 2
71 25
71 72
72 46
72 64
72 140
73 1
73 5
73 21
73 23
73 33
73 94
73 110
74 133
75 64
76 23
76 48
76 53
76 58
76 79
76 86
76 127
76 149
77 26
77 50
78 1
78 36
78 96
78 144
78 149
79 11
79 85
79 126
79 149
80 2
80 15
80 86
80 89
80 96
80 109
80 118
80 143
80 149
81 122
82 16
82 62
82 69
83 16
83 37
83 65
83 143
84 4
84 62
84 119
85 60
85 65
85 92
85 93
85 127
86 14
86 53
86 71
86 72
86 85
88 17
88 32
88 104
89 31
89 81
89 114
89 120
90 48
90 59
91 33
91 73
92 123
93 19
93 30
93 120
94 35
94 89
95 22
95 35
95 58
95 105
95 123
95 133
95 142
96 19
96 88
97 109
98 81
99 97
99 138
100 4
100 24
100 65
100 78
100 134
101 46
101 65
101 78
101 87
101 150
102 28
103 14
103 86
103 133
104 80
104 122
105 4
105 102
106 18
106 75
106 127
107 3
107 15
107 69
107 73
107 117
107 127
108 43
108 44
108 46
108 52
108 62
109 11
109 22
109 66
109 71
110 72
111 12
111 17
111 65
111 99
111 137
112 14
112 42
112 137
113 18
113 21
113 26
113 42
113 58
113 60
113 68
113 131
114 96
114 107
114 117
114 121
114 128
114 131
115 40
115 64
116 42
116 63
116 144
117 10
117 17
117 41
117 61
118 43
118 115
118 129
118 134
119 31
119 117
119 132
120 20
120 31
120 74
120 82
121 3
121 47
122 22
122 41
122 42
122 89
122 97
122 131
122 132
123 50
123 79
123 110
124 46
124 50
124 101
125 130
126 15
126 30
126 150
127 46
127 47
128 37
128 92
129 102
129 139
129 140
130 25
130 47
130 112
131 9
131 57
132 48
133 8
133 47
133 67
134 32
134 60
134 78
134 142
135 42
135 95
135 99
136 10
136 19
136 49
136 142
137 20
137 38
137 45
137 116
137 146
138 87
138 98
138 123
139 28
139 71
139 117
140 93
140 102
140 119
140 150
141 56
141 59
141 102
141 149
141 150
142 69
143 19
143 122
144 20
144 95
144 131
144 150
145 31
145 120
146 3
146 83
147 33
147 74
147 98
148 64
148 92
148 143
148 146
149 10
149 21
149 73
149 92
149 97
149 121
150 67
150 146
150 149

