200 500
8 50 9 37 8 1 15 5 16 1 27 16 13 3 4 13 47 16 21 4 10 3 13 3 15 2 3 6 25 9 12 35 4 12 4 14 14 51 7 2 9 67 22 9 35 13 40 53 8 8 24 957060297 29 93 11 7 10 22 1 11 13 3 2 1 5 45 24 4 49 14 12 6 6 6 3 15 7 4 9 7 63 6 46 64 2 1 16 3 13 23 1 4 9 2 62 4 11 32 29 1 16 1 2 6 9 31 4 20 31 16 14 3 13 10 12 56 1 1 44 16 1 19 51 1 18 15 19 2 9 21 33 51 25 33 1 20 4 40 17 10 2 9 48 47 5 2 2 4 1 20 19 4 2 12 6 28 27 25 3 21 8 48 12 40 45 7 3 9 17 4 9 7 14 35 4 2 5 3 11 30 1 6 4 14 18 3 1 17 1 15 14 7 3 10 1 11 29 14 5 1 
1 43
2 33
2 55
2 69
3 44
3 164
4 95
4 100
4 168
4 182
5 54
5 123
5 190
6 156
7 24
8 21
9 34
9 35
9 93
10 81
10 89
10 186
11 7
11 53
11 54
11 111
11 116
12 9
12 28
13 15
13 39
13 144
13 155
14 2
14 48
14 131
15 108
15 190
16 28
16 38
16 59
17 1
17 59
17 185
17 198
18 44
18 84
19 129
19 156
20 57
20 150
22 40
22 113
23 55
23 151
23 167
24 57
25 28
25 106
25 182
27 76
27 146
28 23
28 49
28 89
28 119
29 68
29 153
30 23
30 94
31 36
31 51
31 74
31 96
31 143
31 180
32 69
32 72
32 156
32 197
34 79
34 109
36 1
36 60
36 175
36 195
37 39
37 172
38 3
38 199
39 122
39 176
39 178
40 157
41 18
42 69
42 75
42 81
42 130
42 138
42 172
43 158
43 159
45 4
45 29
45 83
45 109
45 197
46 76
46 175
47 9
47 32
47 89
48 12
48 123
48 143
48 162
48 174
49 17
49 166
49 190
50 21
50 34
50 84
51 46
51 90
51 175
51 196
53 116
53 191
54 89
54 141
54 161
54 193
55 71
55 80
55 106
56 44
56 70
56 116
56 134
57 46
58 9
58 47
58 116
59 99
59 109
59 127
60 79
60 154
61 77
61 131
61 173
62 194
65 16
65 55
66 10
66 71
66 95
66 122
66 129
66 154
67 19
67 59
67 96
67 119
68 169
69 37
69 47
69 134
70 26
70 31
70 77
70 99
70 138
70 197
71 119
72 5
72 7
72 47
74 19
74 27
74 54
74 161
75 150
76 73
76 162
77 33
77 53
78 154
78 178
79 53
79 82
79 109
79 176
80 172
80 193
81 69
81 114
81 143
81 144
81 158
82 56
82 76
82 133
83 63
83 73
83 98
83 126
83 191
84 2
84 38
84 98
85 11
85 150
86 17
87 21
87 37
89 84
89 125
90 35
90 105
94 36
94 61
95 11
95 31
95 84
95 119
95 165
95 169
96 45
96 87
97 43
97 84
97 123
98 10
98 103
98 160
99 4
99 54
99 160
100 21
101 28
101 48
101 166
101 172
102 72
103 46
103 71
103 90
104 2
104 94
104 154
104 164
104 182
105 50
105 87
105 107
105 112
105 140
106 31
106 120
106 143
106 160
107 65
107 125
107 165
108 29
108 36
108 121
108 132
108 162
108 196
109 18
109 112
110 121
111 29
111 122
111 178
111 197
112 179
113 98
113 116
113 151
114 174
115 5
115 23
115 126
115 180
116 38
116 64
116 158
118 38
119 107
119 140
119 153
119 157
120 46
120 54
120 123
121 16
121 145
122 134
122 180
123 75
123 179
123 194
124 102
124 147
125 42
125 184
126 41
126 196
127 110
127 137
127 140
128 185
128 188
129 49
129 159
129 163
130 17
130 109
130 156
130 196
131 58
131 136
131 170
132 3
132 19
132 54
132 93
132 177
133 87
133 119
133 132
133 140
134 5
134 141
135 81
135 151
135 198
136 32
136 37
136 91
136 117
136 143
137 121
137 144
137 153
138 13
138 47
138 101
139 40
139 63
139 90
139 157
139 189
140 170
141 99
141 121
141 170
141 179
142 130
144 25
144 41
144 123
145 6
145 11
146 73
146 110
147 62
148 56
148 156
148 190
149 143
150 30
150 112
151 127
151 133
152 134
152 181
153 39
153 166
153 196
153 200
155 75
155 184
156 98
157 24
157 58
157 66
157 150
157 162
158 93
158 177
159 36
159 87
160 42
160 88
160 111
160 132
160 138
162 12
162 88
163 8
163 58
163 71
163 72
163 170
164 39
164 57
164 120
164 188
164 191
165 2
165 34
165 114
165 129
165 185
165 191
166 38
167 45
167 49
168 138
169 7
169 32
169 42
169 75
170 155
171 60
171 76
171 90
172 112
173 9
173 48
173 142
174 28
174 60
174 77
174 89
175 185
176 1
176 36
176 92
176 142
177 19
177 38
177 125
178 9
178 34
179 2
179 77
179 144
180 59
180 70
180 156
181 104
182 83
182 87
182 110
183 53
183 156
184 79
184 143
185 116
186 160
186 168
186 185
187 114
187 120
187 189
188 104
188 131
188 141
188 176
189 19
189 97
189 123
190 34
190 151
191 85
191 120
191 128
191 162
192 4
192 161
192 163
194 26
194 70
195 190
196 92
197 77
197 110
198 36
198 43
199 28
199 67
199 114
200 8

