300 500
1 12 2 6 2 4 4 13 3 18 3 4 3 14 1 9 13 8 11 1 18 1 9 8 4 32 4 33 8 8 1 1 1 14 11 1 2 39 2358035795 11 9 3 3 10 7 15 4 23 10 1 7 4 21 4 5 1 1 3 1 2 2 22 4 1 23 7 13 11 4 1 3 4 4 4 5 2 2 6 7 3 4 1 9 3 4 1 9 14 53 7 1 307790741 29 768280967 4 15 1 7 6 5 22 1 9 5 9 9 24 10 19 1 36 12 19 7 6 9 5 1 2 1 4 15 7 3 8 1 4 6 8 5 7 1 3 4 8 9 24 17 11 4 7 1 1 11 6 1 3 13 6 21 7 3 4 2 1 25 2 5 6 2 2 10 27 1 5 29 16 14 3 16 6 4 34 4 2 3185168274 9 22 21 9 1 12 2 5 1 4 13 1 1 1 18 3 5 8 2 1433393079 3 1430553866 391597811 16 1 15 12 1 1 2 5 13 12 4 23 2 3 9 2 10 1 2 4 1 2 3 1 2 6 16 1 12 4 9 4 1 2 3 3 4 23 10 16 586727141 16 7 1 24 20 2 5 15 14 4 1255995498 10 2 21 1 1 3 2 1 26 10 1 18 33 5 23 15 2719213368 11 1 7 3 8 12 2 15 3 11 7 4 14 710162629 1 885428525 7 4 1 3 11 11 21 10 16 1 33 3 18 1 3 24 
1 288
2 136
4 156
4 163
5 286
7 253
8 66
8 105
8 109
9 242
10 23
10 88
10 125
10 192
10 285
11 260
12 6
12 35
12 108
12 123
14 107
14 158
14 174
14 279
16 53
16 88
17 173
17 241
17 260
18 183
18 234
18 276
19 109
19 124
19 178
19 247
20 95
21 4
21 58
21 113
21 167
22 158
23 254
24 70
25 41
25 119
25 202
25 264
26 48
26 85
26 93
26 140
26 260
27 221
29 66
30 129
30 247
31 232
32 135
33 279
34 77
34 223
34 300
35 43
35 226
35 289
36 28
37 107
38 40
38 106
38 125
38 182
38 207
38 260
40 256
41 28
41 115
42 83
42 104
42 136
44 62
44 131
44 145
45 88
46 35
46 112
47 104
47 173
47 262
47 275
48 42
48 80
48 118
48 267
49 188
51 200
51 273
51 277
52 137
53 181
53 215
54 89
54 157
54 162
55 28
55 148
56 217
57 93
57 263
58 252
59 3
59 194
59 248
60 182
60 221
61 189
62 16
62 154
63 290
64 100
65 107
65 179
65 293
66 260
67 17
67 190
68 9
68 20
68 76
68 225
71 237
71 270
72 2
72 109
73 119
73 296
74 20
75 93
75 113
77 74
77 116
79 49
79 178
80 148
81 191
81 274
83 40
84 123
84 221
85 2
85 133
86 128
87 206
87 214
87 231
88 148
89 34
89 49
89 110
89 153
89 171
90 3
90 53
90 111
93 109
93 299
95 124
95 257
96 225
97 26
97 280
98 78
98 203
98 287
99 128
99 143
99 166
99 223
100 63
101 89
101 187
101 205
103 83
103 117
104 138
105 65
106 180
107 157
108 78
108 101
108 260
109 188
111 61
111 144
111 245
112 15
112 256
113 263
114 29
114 193
114 300
115 79
116 170
117 239
117 297
119 116
120 226
121 57
121 95
121 252
122 160
122 179
122 215
123 27
126 264
127 269
128 2
129 76
129 265
130 28
130 42
130 91
130 112
130 249
130 265
131 24
131 86
131 135
131 241
132 12
132 42
132 203
132 216
133 55
133 78
134 184
135 137
136 138
137 84
137 181
138 109
138 143
138 297
139 163
139 276
140 107
141 20
141 263
141 292
144 93
144 174
144 229
146 261
147 65
147 200
148 67
148 72
149 52
149 99
150 38
150 142
150 261
151 95
151 221
151 239
152 13
152 21
152 38
153 173
154 179
154 255
155 290
156 44
156 53
156 111
159 26
159 42
159 183
160 42
161 139
161 207
162 62
162 102
162 168
163 131
163 276
165 46
165 48
165 49
166 24
166 83
166 122
166 244
166 261
167 37
167 249
168 128
168 187
168 241
169 195
169 264
170 48
170 143
171 102
172 69
172 184
172 233
173 132
173 168
173 181
173 249
175 182
177 230
178 148
178 159
178 210
179 8
180 238
181 180
182 85
182 139
184 144
184 206
184 242
184 254
185 175
185 256
186 1
186 30
186 149
187 122
187 185
188 41
188 212
191 42
191 171
191 211
191 228
191 292
192 272
193 28
193 130
193 163
194 51
195 65
197 23
197 46
197 127
200 55
200 250
201 163
202 236
203 244
206 117
206 194
207 7
207 266
208 158
208 244
208 290
209 93
209 203
209 229
210 279
211 214
211 262
211 263
211 279
213 80
213 253
214 271
215 11
216 274
216 295
218 23
218 274
219 5
219 206
220 292
222 148
222 151
224 75
224 191
225 103
226 150
226 267
228 197
228 209
230 99
230 273
231 29
233 2
233 243
234 115
235 158
235 212
236 82
236 113
236 159
237 102
237 156
237 179
237 277
238 13
238 101
238 291
239 162
241 96
242 96
242 297
243 123
244 100
244 195
245 83
245 250
245 286
246 69
246 239
248 40
248 228
248 254
249 34
250 208
252 177
252 291
254 43
254 88
256 150
257 28
257 44
258 41
259 276
261 111
262 106
262 243
263 98
263 300
264 6
264 50
264 180
265 216
265 278
266 45
266 139
266 215
266 295
267 96
267 294
267 300
269 170
269 206
269 281
271 89
271 134
272 167
273 202
274 97
275 140
275 202
276 137
277 125
277 148
278 4
278 113
278 145
278 288
279 6
280 278
281 145
281 227
283 245
285 37
285 55
286 164
289 80
289 110
289 209
290 143
291 177
291 182
291 231
291 241
292 131
292 247
292 258
293 30
293 206
293 233
294 281
295 10
295 45
295 130
295 204
296 98
297 62
297 67
297 187
298 105
299 197
300 182

