200 250
7 3521783136 1 1 1 2 1 8 1 3635748085 4130610416 2 9 6 36 2 7 2 8 7 5 4 5 1 6 6 2 6 6 2392642199 2 13 6 7 27 1 1 7 2 6 1 1 1 1 16 3738333403 2 5 90470625 2 4 1 22 9 7 1 3 4 1 16 6 9 3330727900 1 1 35 8 21 3 1805983973 12 1 2 1 2 1 11 7 3 2 1 1 1 16 1 1802522333 4 3 6 1 4 4004869363 1 1 1291836234 3 1 1 5 1 4 9 6 12 4 4 4 1 8 32 9 1 5 8 4 4 2423553932 3 1 1 1 6 1 2 1 4 2 3 21 1416891685 30 1 1 1 3 2 1 7 21 1 2194971552 3 4 6 2 5 8 1 3 3 6 1 1 3 3 3 679397042 5 1 24 4 7 1 1 3 4 4 1 1752566128 1 1 5 14 3 2 6 1 1 4 6 1 1 1 1 3 13 1 2195463162 1 3 1 1891347981 2 8 1 3 1 9 1 4 
1 145
4 58
5 162
6 38
9 32
9 33
12 123
12 134
13 48
13 196
14 110
14 119
14 151
15 26
15 122
15 124
15 138
16 108
17 26
17 32
17 80
20 3
20 179
21 78
21 158
21 163
22 40
22 139
23 82
23 84
25 8
25 115
26 83
26 120
26 142
26 146
28 64
28 68
29 28
29 42
29 111
31 69
31 178
32 51
33 1
33 42
34 180
35 105
35 109
35 110
35 158
35 199
36 198
39 104
40 101
40 174
41 8
41 147
42 84
43 96
44 133
45 62
47 53
47 89
48 36
48 111
48 165
50 155
51 26
51 54
51 114
54 102
54 114
54 125
54 142
55 19
55 162
57 99
57 138
60 78
60 87
60 158
60 172
61 53
61 107
61 163
62 139
65 18
66 19
66 104
66 150
66 200
67 28
68 62
68 102
68 149
71 35
71 132
71 176
72 127
73 20
74 15
75 7
75 59
77 13
77 68
77 111
77 136
79 110
79 159
81 20
81 27
82 129
82 153
82 186
83 78
84 110
85 8
87 104
88 50
88 190
89 32
89 114
90 40
90 166
91 34
91 177
93 76
94 124
96 38
97 52
98 150
99 60
99 161
101 103
102 14
103 14
103 27
103 167
103 180
104 133
105 156
106 140
106 144
107 45
109 8
110 75
111 16
111 143
112 128
113 129
113 193
114 61
115 56
116 193
118 55
118 110
121 34
122 22
122 69
122 165
123 155
126 67
127 21
128 24
128 189
129 55
129 194
131 19
131 21
131 105
131 107
131 182
132 164
134 39
134 64
134 175
135 124
135 183
136 139
137 145
138 131
140 126
143 67
144 50
144 73
145 6
145 174
146 98
146 116
147 58
147 106
148 139
149 131
151 18
151 191
154 45
154 172
155 137
155 175
155 184
156 45
156 66
158 113
158 198
159 23
160 40
160 114
160 132
160 173
160 194
161 186
162 71
166 158
167 80
167 116
168 100
170 200
171 22
172 14
173 22
173 37
173 139
175 1
176 53
176 83
177 21
177 84
180 24
180 156
181 53
181 71
182 129
185 152
185 197
186 15
186 177
187 21
190 53
190 179
193 38
193 167
194 66
194 196
195 22
196 25
197 13
197 90
197 109
198 109

