200 750
5 20 20 49 34 24 7 34 22 2 15 2 1 22 13 17 47 38 46 60 34 15 7 16 67 9 41 9 19 28 78 18 2 89 7 30 10 59 22 11 19 29 14 22 41 4 156 38 22 15 26 100 33 73 98 11 6 29 50 3 1 15 7 15 4 11 16 46 42 25 31 46 42 8 109 43 11 18 12 37 56 6 35 59 91 3 22 62 3 25 5 65 24 91 40 3 183 23 8 27 10 34 27 6 53 30 16 6 2 138 66 13 18 66 22 14 4 31 24 14 43 5 8 81 10 48 44 19 11 40 17 12 47 49 63 63 3 73 65 14 2 23 6 19 22 23 2 18 94 23 19 10 10 19 42 8 31 23 7 14 29 95 44 33 2 2 20 105 59 11 15 13 114 99 7 30 6 62 61 2 119 33 55 17 1 44 71 26 49 6 7 95 20 30 5 3 4 67 3 4 
1 110
2 72
2 79
2 171
3 136
3 171
4 20
4 82
5 1
5 42
5 77
5 161
6 21
6 133
8 16
8 40
8 118
8 136
8 197
9 25
9 89
9 186
10 7
10 44
10 51
10 65
10 136
11 3
11 139
11 195
12 38
12 139
12 155
14 31
14 33
14 103
14 126
14 159
14 178
15 98
15 184
16 19
16 81
16 126
17 107
18 21
18 32
18 59
18 155
18 168
18 183
19 50
19 173
19 181
19 183
19 192
19 197
20 123
20 125
20 136
20 140
20 142
20 168
20 190
21 29
22 45
22 87
22 162
23 13
23 17
24 15
24 25
24 38
24 44
24 50
24 118
25 97
25 114
25 130
25 170
26 6
26 7
26 9
26 10
26 127
26 154
26 190
26 199
27 7
27 88
27 121
27 133
27 169
27 186
28 54
28 99
28 178
29 2
29 58
29 75
30 72
31 92
31 147
31 148
31 150
31 190
32 141
32 160
32 167
32 176
33 76
33 125
34 12
34 17
34 96
34 152
34 193
35 139
35 176
36 52
36 89
36 105
36 171
36 179
36 181
36 199
37 21
37 61
37 181
38 88
38 102
38 169
38 197
39 196
39 197
40 32
40 39
40 85
40 95
40 173
40 177
41 47
41 157
42 35
42 72
42 98
42 174
43 80
43 122
43 198
44 65
45 38
45 67
45 113
45 114
46 71
46 85
46 193
47 12
47 87
47 104
47 119
47 128
47 157
47 196
48 38
48 134
48 189
49 15
49 146
49 175
50 116
51 23
51 87
51 97
51 183
52 34
52 55
52 70
52 85
52 163
52 168
53 81
53 95
53 104
53 110
53 127
53 132
53 169
54 149
54 150
54 192
55 8
55 57
55 75
55 76
55 80
55 105
55 113
55 120
55 165
56 25
56 59
56 90
57 2
57 66
57 111
58 7
58 32
58 88
58 125
58 141
58 146
58 150
58 151
58 154
59 16
59 48
59 126
59 162
59 165
59 174
60 40
60 79
60 157
61 26
61 53
61 71
61 78
61 113
61 121
62 100
62 127
62 188
63 32
64 27
64 36
64 154
64 173
65 180
66 26
66 29
66 77
66 132
67 30
67 60
68 52
68 94
68 133
68 173
69 124
69 154
69 158
69 163
69 193
70 96
70 105
70 142
70 196
71 30
71 44
71 148
71 160
72 24
72 28
72 51
73 12
73 76
73 163
73 187
74 2
74 45
74 84
75 37
75 52
75 63
75 84
75 110
75 112
75 131
75 139
75 180
76 92
76 94
77 79
77 103
77 200
78 17
78 77
78 168
79 102
79 144
80 10
80 30
80 68
80 88
80 157
80 168
81 104
81 173
81 182
82 32
82 81
82 116
83 29
83 35
83 39
83 59
83 102
83 125
83 181
83 186
84 13
84 24
84 110
84 199
84 200
85 34
85 45
85 49
85 113
85 149
85 183
86 13
86 28
86 54
87 58
87 92
88 5
88 51
88 56
89 97
89 143
90 4
90 181
91 13
91 25
91 102
92 146
92 186
92 199
93 14
93 19
93 83
93 131
93 183
94 20
94 34
94 47
94 57
94 69
95 110
95 163
95 183
96 10
96 38
96 164
97 3
97 44
97 76
97 115
97 178
98 141
98 187
99 60
99 112
99 141
99 179
99 189
100 4
100 5
100 84
101 20
101 120
102 73
102 105
102 133
102 164
103 119
103 149
103 183
104 4
104 38
104 146
104 147
104 173
104 190
105 30
105 69
105 73
105 200
106 119
106 137
106 144
107 28
107 78
108 32
108 37
108 94
108 131
109 96
110 22
110 77
110 134
110 144
110 175
110 195
111 31
111 42
111 43
111 50
111 54
111 140
112 134
112 138
112 145
113 36
113 94
113 106
113 109
114 52
114 65
115 18
115 93
115 107
115 154
116 8
117 40
117 73
118 81
118 120
118 121
118 194
118 195
119 43
119 126
119 131
119 179
120 26
120 102
120 114
121 99
121 114
121 153
122 32
122 41
122 97
123 67
123 109
123 187
124 7
124 27
124 97
124 114
124 134
124 146
124 158
124 189
125 37
125 101
126 6
126 8
126 106
127 6
127 153
127 191
127 196
128 31
128 103
128 110
128 167
129 27
129 37
129 52
129 133
129 164
129 187
130 23
130 103
130 110
131 54
131 106
131 176
131 196
132 70
132 94
132 148
132 177
133 150
134 172
134 187
134 188
134 198
135 41
135 44
135 73
135 94
135 97
135 129
135 133
135 184
136 116
136 135
136 157
136 191
137 130
138 4
138 53
138 93
138 103
138 111
138 121
139 47
139 52
139 82
139 144
139 153
140 38
140 58
140 92
140 97
140 125
140 136
141 3
141 7
141 34
142 7
142 34
142 40
142 174
142 175
143 141
143 149
144 4
144 30
144 90
144 149
145 68
145 111
145 144
145 155
145 159
145 175
146 9
146 11
146 15
146 20
148 16
148 116
148 119
149 33
149 63
149 114
149 152
150 4
150 17
150 19
150 29
150 81
150 89
150 114
150 188
151 131
151 195
152 90
152 98
152 124
152 162
153 76
153 145
154 180
155 14
155 85
155 138
156 41
156 72
156 79
156 181
156 195
157 50
157 100
157 150
157 182
158 77
158 84
158 138
158 149
159 92
159 155
159 157
159 192
160 35
160 48
160 68
160 183
161 38
161 39
161 50
161 85
161 145
162 45
162 48
162 54
162 94
162 179
162 186
162 197
163 21
163 149
163 151
163 154
164 88
164 157
165 61
165 138
165 150
166 103
166 136
166 167
167 81
167 94
167 194
168 3
168 25
168 32
168 38
168 68
168 144
169 47
169 80
169 193
169 199
170 47
170 49
170 52
170 54
170 75
170 89
170 102
171 195
171 198
172 32
172 42
172 122
172 128
173 1
173 17
173 28
173 58
173 157
173 169
174 18
174 34
174 47
174 62
174 84
174 100
174 120
174 156
175 105
175 113
176 3
176 34
176 54
176 95
176 167
177 145
178 8
178 57
178 122
178 126
178 146
178 191
179 29
179 140
179 187
179 189
180 20
180 99
181 1
181 13
181 71
181 104
181 127
182 11
182 77
182 101
182 138
183 130
183 173
183 198
184 48
184 167
185 21
186 91
186 107
186 110
186 187
186 188
187 96
187 145
187 184
188 31
188 77
189 39
189 146
189 168
190 24
190 56
190 167
190 168
190 183
190 200
191 59
192 12
192 35
192 41
192 55
192 93
192 97
192 191
193 97
193 122
194 92
194 95
194 130
194 164
195 10
195 28
195 35
195 92
195 124
195 150
195 155
195 196
196 21
196 38
196 85
196 149
197 99
197 145
198 17
198 20
198 121
198 126
198 151
199 131
199 184
200 34
200 73

