200 250
1 1 1 1 1 2 3 3 3 15 1 3 1 27 38 7 9 4 1 47 3 1 1 3447332447 362180165 2 2 1 1 14 1 1 1 1 4 3901900821 3 1 8 4 4 3 4 4 7 1 2 4 5 9 1 1 1 8 42 13 5 3 2 1 2 4155654880 33 1 2 8 1 1 1 13 5 32 1 2 3 1 3 2 9 1 12 5 1 1 6 3 1 1 1 1 8 8 4 1 4 1 1 1 2 1 4 4 1 1 3 1 11 5 6 2 4 1 15 9 6 1 1 9 1 1 2 4 7 970469543 1 8 1 8 1 1 2 46 1 7 1 3 17 4 12 3645650097 1 2 7 2 2 6 1 3 3 5 12 1 4 1 1 4 2 5 2 7 1 2 1 2 9 1 5 3 28 5 4 7 4 4 3979087594 2 6 48 4 9 10 1865749980 2 1 1449598862 1 11 2 7 27 1 1 5 14 25 1 2 3 1 18 
1 91
2 181
5 48
5 151
6 132
6 174
7 52
8 21
9 104
9 149
10 176
12 72
14 136
14 150
14 167
14 200
15 138
15 193
16 92
17 123
17 128
18 184
18 191
19 67
20 2
21 20
22 31
23 160
26 115
26 151
27 183
28 101
29 113
30 72
32 181
33 194
34 110
37 118
39 165
39 189
40 174
41 51
41 138
42 190
44 74
44 77
45 79
45 137
45 144
47 30
47 98
48 39
49 92
49 187
49 190
50 17
50 43
50 134
52 105
53 110
54 22
54 56
55 119
55 122
55 167
56 108
57 55
57 100
58 41
59 15
59 178
60 67
60 72
61 15
61 200
63 42
63 43
63 93
63 105
63 170
64 132
65 10
66 96
66 125
67 108
70 27
70 75
70 165
70 184
72 3
72 118
74 39
74 63
77 172
78 108
78 160
79 14
79 56
81 7
81 8
81 123
81 146
82 90
82 115
82 178
83 8
83 74
85 151
87 16
88 37
88 85
89 55
94 177
94 190
95 179
97 198
99 67
101 45
102 114
103 72
106 86
107 57
107 58
107 67
107 92
109 110
110 86
111 10
112 37
113 71
114 80
114 142
115 147
117 35
117 68
121 110
122 12
122 166
123 30
125 149
126 11
126 84
126 143
127 20
128 109
129 71
130 195
131 197
132 55
132 91
132 113
133 178
134 15
135 150
135 177
135 189
136 139
137 6
137 15
137 90
138 93
139 90
139 126
139 169
142 15
142 117
143 4
143 38
144 69
145 13
146 20
146 91
146 109
148 73
148 155
150 159
151 86
151 128
151 195
152 30
153 40
153 178
154 65
156 56
156 97
157 7
157 51
158 26
158 177
159 71
160 35
161 177
162 113
163 158
164 145
165 142
167 72
168 178
169 54
169 99
169 162
169 167
169 196
170 188
170 190
171 109
171 141
172 20
172 121
172 132
173 85
173 131
173 190
177 85
178 92
178 176
179 16
180 102
180 137
180 198
181 20
181 39
183 20
184 46
186 75
186 92
187 11
187 14
187 70
188 132
189 95
189 134
190 33
191 66
192 51
193 83
193 111
194 8
194 164
194 168
195 10
195 94
195 199
197 134
198 9
200 55
200 76
200 116
200 118
200 120

