100 750
150 73 262 5 34 26 103 92 132 35 28 81 122 129 128 98 4 158 337 113 97 157 219 62 36 246 181 73 134 45 195 174 822 115 319 14 222 51 84 27 81 329 165 79 168 52 256 20 113 102 54 127 119 147 91 352 279 116 83 57 52 46 79 66 147 182 330 35 117 1 54 124 112 94 16 56 186 157 94 119 234 14 115 96 157 75 145 131 342 179 252 120 149 70 86 188 70 72 227 38 
1 11
1 19
1 20
1 24
1 31
1 97
2 7
2 18
2 21
2 28
2 47
2 53
2 80
2 94
3 2
3 13
3 15
3 17
3 23
3 28
3 29
3 37
3 47
3 54
3 60
3 61
3 63
3 81
3 83
3 96
4 2
4 34
5 39
5 55
5 95
6 10
6 17
6 32
6 33
6 36
6 40
6 43
6 65
6 74
6 92
7 24
7 79
7 83
7 90
7 92
7 100
8 1
8 11
8 27
8 32
8 42
8 52
8 59
8 63
8 88
8 92
8 100
9 42
9 46
9 79
9 91
9 94
10 11
10 23
10 39
10 47
10 63
10 75
10 89
10 100
11 33
11 45
11 55
11 92
11 93
12 39
12 43
12 47
12 48
12 57
12 58
12 59
12 67
12 78
12 81
12 94
13 10
13 33
13 43
13 47
13 57
13 82
13 84
13 86
13 91
14 9
14 26
14 57
14 70
14 79
14 82
14 89
15 6
15 29
15 31
15 36
15 44
15 57
15 66
15 72
15 73
15 76
15 81
15 86
15 92
15 98
16 3
16 4
16 11
16 14
16 20
16 42
16 43
16 58
17 13
17 16
17 19
17 20
17 21
17 24
17 31
17 32
17 39
17 50
17 76
17 77
18 58
18 65
18 68
18 74
18 91
18 96
19 15
19 16
19 27
19 31
19 40
19 48
19 52
19 62
19 75
19 89
19 93
20 11
20 26
20 41
20 54
20 55
20 82
21 3
21 22
21 24
21 47
21 72
21 85
22 8
22 45
22 59
22 68
22 76
22 91
23 16
23 17
23 19
23 26
23 64
23 73
23 85
23 99
24 3
24 73
24 81
24 84
24 89
25 16
25 24
25 87
25 96
25 100
26 2
26 8
26 22
26 33
26 34
26 46
26 49
26 67
26 81
26 91
27 24
27 26
27 41
27 44
27 49
27 69
27 80
27 83
28 18
28 51
28 69
28 77
28 81
28 86
29 10
29 24
29 39
29 46
29 52
29 68
29 86
29 90
29 96
30 73
30 89
31 7
31 21
31 41
31 56
31 66
31 77
31 95
32 7
32 25
32 28
32 42
32 77
32 98
32 100
33 8
33 15
33 19
33 58
33 62
33 64
33 72
33 73
33 76
33 79
33 81
33 84
33 85
33 87
34 31
34 54
34 71
34 84
34 93
34 96
35 8
35 11
35 24
35 33
35 44
35 50
35 51
35 53
35 55
35 79
35 80
35 82
35 87
35 91
35 93
36 9
36 42
36 71
36 89
36 90
37 12
37 13
37 22
37 23
37 33
37 36
37 63
37 64
37 77
37 86
37 90
38 17
38 26
38 28
38 35
38 56
38 66
38 74
38 78
38 86
38 93
39 33
39 46
39 52
39 74
40 39
40 47
40 58
40 85
40 90
40 92
40 95
41 17
41 18
41 45
41 59
41 78
41 84
42 1
42 6
42 24
42 71
42 87
42 89
42 92
43 9
43 10
43 14
43 20
43 33
43 40
43 75
43 88
43 89
43 93
44 12
44 22
44 40
44 46
44 51
44 73
44 77
44 82
44 86
44 89
44 98
45 2
45 4
45 8
45 13
45 26
45 34
45 40
45 53
45 57
46 33
46 42
46 43
46 52
46 61
46 67
46 73
46 87
47 19
47 25
47 56
47 64
47 84
47 89
47 90
48 1
48 6
48 29
48 56
48 77
48 82
48 94
49 1
49 13
49 25
49 42
49 57
49 63
49 99
50 12
50 45
50 60
50 73
50 74
50 78
50 82
51 3
51 26
51 45
51 47
51 58
51 82
52 3
52 21
52 22
52 26
52 45
52 56
52 59
52 63
52 81
52 93
52 99
53 6
53 14
53 18
53 29
53 32
53 52
53 63
53 87
53 91
54 1
54 7
54 13
54 25
54 30
54 37
54 45
54 67
54 94
55 9
55 30
55 33
55 41
55 45
55 61
55 62
55 94
56 2
56 10
56 21
56 24
56 25
56 46
56 53
56 64
56 85
57 4
57 10
57 19
57 34
57 42
57 56
57 70
58 4
58 19
58 42
58 67
58 83
58 86
58 89
59 27
59 28
59 29
59 46
59 48
59 88
59 90
60 33
60 38
60 45
60 47
60 63
60 89
61 27
61 33
61 52
61 70
62 5
62 8
62 13
62 22
62 23
62 26
62 31
62 37
62 42
63 2
63 9
63 31
63 38
63 72
63 82
64 5
64 9
64 25
64 51
65 5
65 7
65 37
65 48
65 59
65 61
65 73
65 80
65 92
66 19
66 21
66 24
66 50
66 56
66 65
66 74
66 92
66 96
67 14
67 17
67 30
67 33
67 39
67 48
67 59
67 70
67 80
67 81
67 93
67 94
68 54
68 56
68 57
68 59
68 63
68 67
69 14
69 26
69 66
69 72
69 78
69 85
69 89
70 20
70 88
70 98
71 1
71 11
71 15
71 31
71 33
71 44
71 49
71 57
71 81
71 90
71 91
72 31
72 54
72 55
72 62
72 64
72 88
72 94
72 97
72 99
73 6
73 49
73 67
74 14
74 23
74 34
74 57
74 63
74 96
74 97
75 22
75 42
75 89
75 91
75 97
75 99
76 5
76 28
76 32
76 41
76 70
76 72
76 99
77 18
77 23
77 26
77 50
77 58
77 68
77 69
77 72
77 87
78 19
78 30
78 32
78 37
78 45
78 49
78 59
78 77
78 82
78 96
79 23
79 27
79 48
79 52
79 54
79 56
79 85
79 96
80 3
80 17
80 32
80 42
80 75
80 86
81 4
81 6
81 30
81 34
81 35
81 38
81 47
81 54
81 94
82 2
82 87
83 21
83 37
83 45
83 54
83 69
83 72
83 84
83 86
84 12
84 16
84 48
84 64
84 72
84 78
84 91
85 1
85 34
85 48
85 57
85 70
85 91
85 93
86 4
86 6
86 17
86 34
86 36
86 40
86 47
86 56
86 69
86 88
87 5
87 17
87 52
87 59
87 64
87 66
87 74
87 84
87 91
88 21
88 24
88 29
88 32
88 33
88 77
88 98
89 27
89 35
89 55
89 56
89 96
90 8
90 12
90 15
90 24
90 57
90 67
90 98
91 3
91 14
91 19
91 41
91 63
91 65
91 66
91 96
92 36
92 50
92 53
92 61
93 5
93 17
93 26
93 32
93 40
93 48
93 80
94 99
95 13
95 18
95 20
95 41
95 45
95 93
95 99
96 4
96 11
96 59
97 25
97 50
97 85
97 90
97 93
98 14
98 17
98 22
98 35
98 41
98 43
98 46
98 77
98 85
98 100
99 18
99 21
99 35
99 47
99 67
99 70
99 71
99 73
99 79
99 85
99 86
99 96
100 9
100 69
100 84
100 94

