250 1000
6 93 54 126 3 31 7 2 16 76 39 9 81 21 1 23 44 6 8 29 25 14 45 158 123 47 45 16 10 30 86 3 22 37 141 6 7 45 30 22 30 5 11 7 27 64 10 5 43 10 17 90 68 1 30 98 40 14 28 36 1 69 74 2 97 63 46 8 8 108 1 28 26 11 7 95 70 10 57 4 62 6 20 12 7 12 50 21 56 7 12 110 9 57 1 24 72 43 10 23 62 10 7 62 49 1 32 26 7 70 32 1 20 3 21 42 37 20 33 93 6 11 8 50 12 74 27 15 39 41 63 24 2 50 11 54 44 49 85 18 33 33 53 41 2 25 5 48 19 34 7 41 53 5 18 100 16 61 150 15 36 84 9 11 84 64 39 47 81 12 37 23 96 10 44 117 38 6 47 45 26 23 38 37 7 34 31 21 72 16 3 44 1 40 10 2 127 37 46 57 11 18 39 79 5 107 5 30 1 17 6 9 15 19 1 19 1 11 31 13 1 40 37 34 12 14 85 66 9 15 61 84 42 9 57 19 2 9 63 4 163 1 6 22 141 29 10 7 14 31 
1 5
1 131
2 53
2 94
2 104
2 174
2 214
3 35
3 78
3 126
3 163
3 172
3 199
4 70
4 92
4 117
4 138
4 139
4 151
4 180
4 227
5 34
5 86
5 184
6 67
6 105
6 125
6 132
6 214
7 10
7 73
7 116
8 70
8 107
8 200
8 227
9 173
9 175
9 194
10 79
10 141
10 153
10 173
11 25
11 78
11 142
11 151
11 168
11 185
13 21
13 27
13 99
13 184
14 42
14 55
14 178
16 25
16 79
16 81
16 120
16 162
17 26
17 174
17 204
17 220
18 14
18 141
19 134
19 139
19 176
19 180
19 201
19 227
20 165
20 195
20 223
21 120
21 208
22 57
22 62
22 143
22 146
22 199
22 204
22 206
22 222
22 228
23 110
23 117
23 204
23 206
24 30
24 32
24 42
24 64
24 78
24 103
24 129
24 135
25 9
25 13
25 51
25 76
25 162
26 140
26 175
26 219
27 56
27 106
27 166
27 245
27 247
29 159
29 195
29 232
30 12
30 105
31 3
31 4
31 140
31 169
31 183
31 232
32 119
32 138
32 167
33 37
33 79
33 110
33 199
33 228
34 186
34 205
34 241
35 31
35 55
35 123
35 168
35 243
37 92
37 96
37 162
38 2
38 138
38 194
38 244
39 24
39 84
39 184
40 92
40 166
41 17
41 67
41 81
41 171
41 175
41 201
42 16
42 25
42 35
42 239
43 233
44 2
44 236
44 242
44 249
45 4
45 66
45 187
46 10
46 22
46 39
46 110
46 133
46 144
46 149
46 228
47 82
47 89
47 105
47 130
47 155
47 205
48 58
48 162
49 54
49 73
49 77
49 79
49 119
49 144
49 203
50 143
50 237
51 101
51 250
52 36
52 73
52 79
52 113
52 197
52 201
52 209
52 217
52 223
53 84
53 100
53 160
53 171
53 177
53 197
54 16
54 60
54 135
54 144
54 154
54 209
55 46
55 56
55 136
55 153
55 170
56 1
56 128
56 179
56 198
56 203
57 44
57 246
58 87
58 92
58 182
58 248
59 114
59 159
60 85
60 169
60 219
61 23
61 34
61 70
61 179
61 222
62 24
62 86
62 103
62 152
62 227
63 9
63 62
63 124
63 165
63 194
63 207
64 3
64 30
64 45
64 142
64 149
65 8
65 13
65 26
65 70
65 164
65 175
65 186
65 197
66 2
66 18
66 28
66 42
66 47
66 58
66 223
67 50
67 104
68 3
68 35
69 97
69 204
70 10
70 16
70 27
70 80
70 131
70 226
71 8
72 25
72 63
72 99
72 144
72 214
73 27
74 81
74 86
74 164
75 105
75 148
76 63
76 143
76 156
76 203
77 141
77 142
77 201
78 130
78 176
78 236
79 45
79 91
79 136
80 84
80 236
81 2
81 121
81 137
81 189
81 239
82 35
82 104
83 20
83 59
83 167
83 190
83 203
83 218
84 33
84 56
84 62
84 71
84 161
84 184
85 37
85 220
86 121
87 32
87 40
87 72
87 113
87 197
88 98
88 148
88 188
88 246
89 190
89 202
89 235
90 24
90 177
90 221
91 195
92 20
92 29
92 83
92 100
92 150
93 8
93 239
94 17
94 53
94 103
94 200
94 202
94 215
94 219
96 20
96 38
96 72
96 151
96 162
96 214
96 231
96 236
97 107
97 110
97 121
97 153
97 173
97 181
97 189
98 38
98 75
98 159
98 175
99 75
99 92
99 100
99 147
99 153
99 169
101 107
101 117
101 224
101 237
102 14
102 78
102 155
102 180
104 11
104 17
104 57
104 143
104 184
104 245
105 41
105 56
105 113
105 126
105 163
105 203
106 79
106 111
106 119
106 245
107 13
107 84
108 26
108 95
108 114
108 152
108 172
109 52
109 78
109 89
109 137
110 139
110 153
110 157
111 38
111 94
111 166
111 176
111 231
112 4
112 216
113 27
113 79
113 99
113 126
114 8
114 88
114 121
115 36
115 37
115 214
115 226
116 26
116 158
116 172
116 180
116 221
116 227
117 48
117 236
118 75
119 33
119 37
119 43
119 248
120 40
120 76
120 81
120 122
120 123
120 197
120 212
120 232
121 157
122 105
122 106
122 150
122 185
122 209
122 221
123 6
123 7
123 67
123 172
123 192
124 21
124 32
124 35
124 110
124 118
124 135
124 168
125 57
125 89
125 144
125 230
126 2
126 85
126 216
126 230
127 20
127 42
127 176
127 180
127 197
128 113
128 139
128 171
129 57
129 110
129 235
130 63
130 87
130 147
130 177
130 200
131 142
131 150
131 202
131 238
132 155
132 177
132 205
132 221
133 77
133 107
133 144
133 160
134 37
134 89
134 214
134 247
135 177
135 193
136 16
136 76
136 204
137 104
137 207
137 238
138 77
138 125
138 190
138 203
138 224
139 1
139 39
139 49
139 81
139 98
139 135
139 212
139 237
140 90
140 139
140 154
140 177
141 1
141 102
141 109
141 118
142 38
142 68
142 126
142 187
142 189
142 196
143 51
143 142
144 130
145 137
145 179
145 204
146 20
146 129
146 190
147 6
147 84
147 92
147 133
147 140
147 228
148 70
148 92
148 127
148 173
148 176
148 218
149 20
149 31
149 150
150 21
150 70
150 77
150 102
151 25
151 112
152 46
152 91
152 153
152 155
152 204
152 233
153 65
153 163
153 198
153 200
154 56
155 103
155 188
155 244
156 3
156 28
156 41
156 59
156 82
156 103
156 129
156 141
156 193
156 223
157 34
157 51
157 131
157 245
158 3
158 31
158 63
158 150
158 223
159 60
159 106
159 107
159 146
159 154
159 164
159 181
159 232
160 54
160 75
160 99
160 196
160 233
161 52
161 57
161 59
161 60
162 2
162 143
162 187
162 230
163 148
163 159
163 206
163 214
163 234
164 9
164 22
164 205
164 243
165 10
165 13
165 60
165 189
165 197
165 227
166 4
166 165
166 184
167 27
167 104
167 181
167 237
168 80
168 101
168 140
168 163
169 14
169 61
169 96
169 156
170 14
170 22
170 30
170 108
170 146
170 214
171 7
171 68
171 227
171 235
172 31
172 68
172 72
172 94
172 195
173 83
173 158
173 165
173 186
173 234
174 40
174 85
174 96
174 100
174 245
175 73
175 109
175 126
175 164
175 183
176 48
176 57
176 73
176 180
176 242
177 8
177 30
177 36
177 101
177 141
177 201
177 214
178 8
178 75
178 102
178 122
178 200
178 246
179 44
179 48
179 117
179 134
179 216
179 248
180 44
180 92
180 101
181 38
181 106
181 151
182 46
182 159
183 13
183 27
183 74
183 158
183 195
184 147
184 158
185 97
185 108
185 166
185 192
185 208
185 214
185 221
186 2
186 35
186 56
186 88
186 131
186 138
186 206
186 235
187 37
187 245
188 85
188 98
188 178
189 20
189 28
189 34
189 35
189 108
189 113
189 148
190 12
190 90
190 165
191 5
191 76
191 87
191 189
192 53
192 67
192 119
192 166
192 250
193 24
193 97
193 133
193 232
194 16
194 206
194 241
195 43
195 229
196 144
197 27
197 48
197 101
197 140
197 172
197 179
198 10
198 32
198 34
198 180
198 201
199 7
199 117
199 134
199 137
199 175
199 238
200 3
200 77
200 141
200 209
200 231
201 62
201 85
201 112
202 126
202 151
202 204
203 180
203 183
204 45
204 84
204 158
204 177
204 197
205 136
205 195
205 241
206 43
206 134
206 202
206 220
206 240
207 4
207 20
207 138
207 140
208 8
208 93
208 100
208 162
209 91
209 119
209 187
209 208
209 223
210 69
210 139
210 187
210 205
211 39
211 104
211 108
211 129
211 137
211 185
211 223
212 6
212 13
212 14
212 61
212 176
213 40
213 50
213 104
213 151
214 19
214 48
214 215
214 216
214 218
215 75
215 132
216 23
216 27
216 118
217 12
217 151
218 30
219 12
219 58
219 70
219 83
219 155
219 242
220 172
221 143
221 195
221 202
221 210
222 25
222 64
222 100
222 105
223 46
223 78
223 206
224 47
224 136
225 96
225 111
225 228
225 242
226 194
226 222
227 142
227 157
227 158
227 204
228 43
228 59
228 133
228 173
228 178
228 182
229 31
229 94
230 128
231 23
231 24
231 44
231 76
231 79
231 99
231 188
232 89
232 115
232 124
232 138
232 207
233 62
233 169
233 199
233 218
234 77
235 3
235 15
235 195
235 203
235 209
235 224
236 169
236 207
236 238
237 182
237 194
238 28
238 30
239 59
239 72
239 116
239 153
239 161
239 176
239 213
240 63
241 11
241 72
241 75
241 82
241 118
241 121
241 126
241 151
241 152
241 155
242 74
243 25
243 67
244 48
244 51
244 68
245 93
245 111
245 198
245 212
245 214
245 232
246 59
246 139
246 209
247 65
247 87
248 34
248 76
248 167
248 205
248 210
249 10
249 37
249 42
249 62
249 124
250 4
250 127
250 136
250 224

