150 250
6 1 1 22 2 1 13 11 1 3 13 1 14 4 3 14 1 8 4257232273 1 2 10 1849921096 36 1 8 1 18 1 8 8 1 11 7 2 20 12 3 32 7 12 16 4 3 4 4 38 2 2 1 11 13 2 28 5 1 9 22 4 8 2889182949 3 5 1 9 6 2 6 3 8 2 16 8 3 1 6 12 1 24 5 6 4 7 2 14 6 3 1 3 1 12 3 1 2 2 1 3 9 8 1 3 13 3 12 4 2 2 7 345561635 11 10 8 469924706 2 6 8 9 3 1 14 4 10 5 3 1 2 4 2 14 1444347071 11 1 7 7 36 9 3 28 500204359 4 3 3 5 11 1 4 2 15 12 1 
1 89
2 16
2 55
2 66
2 120
4 81
4 112
5 40
5 80
5 111
5 140
6 135
7 50
7 51
8 76
8 94
8 135
10 7
11 2
11 81
11 144
12 52
12 53
13 99
14 4
14 131
15 93
16 81
17 39
18 39
18 102
18 133
20 54
21 112
21 145
22 70
24 4
24 62
24 110
24 144
25 114
26 91
26 115
27 28
27 129
28 35
28 48
28 104
30 60
31 34
32 22
32 29
32 136
33 47
34 1
35 33
35 89
36 1
36 83
36 99
36 105
37 4
37 28
38 45
39 34
39 44
39 53
39 95
40 52
40 116
41 123
43 58
44 41
45 7
45 42
46 91
47 13
47 42
47 70
47 144
48 73
48 86
49 43
49 91
50 40
51 41
51 107
51 131
52 9
52 105
53 16
54 38
54 57
54 118
57 85
57 117
58 30
58 51
58 54
58 62
58 103
58 146
59 141
60 52
63 34
63 51
63 86
64 128
65 76
65 92
65 119
65 124
66 70
66 80
66 103
67 24
67 26
67 44
67 104
68 77
68 123
68 135
68 149
69 14
69 83
71 20
71 42
72 42
72 46
72 62
72 107
73 57
73 117
74 75
74 133
76 131
77 43
77 47
77 58
78 73
79 96
79 107
79 116
79 142
80 111
82 33
82 111
83 28
83 99
83 136
84 149
85 13
85 124
86 101
87 31
87 40
87 55
88 92
88 147
89 33
89 56
89 92
90 127
91 11
91 136
92 6
94 31
94 140
94 144
95 79
97 13
97 30
98 28
98 31
98 59
100 55
101 10
102 79
102 118
103 60
103 71
104 58
104 123
104 149
106 54
106 142
107 34
108 39
108 41
110 5
111 37
111 47
111 51
111 119
112 141
114 84
114 115
115 36
115 125
116 137
117 94
118 31
118 91
120 15
120 26
120 108
121 126
122 8
122 22
122 133
122 143
123 97
126 67
126 110
127 128
128 16
129 51
129 97
129 148
131 40
131 53
131 79
132 73
134 3
134 66
134 138
135 49
135 67
137 85
137 110
138 39
138 43
138 47
138 102
140 30
140 108
141 136
143 69
143 121
143 138
144 8
145 90
146 119
147 22
148 24
148 46
148 141
149 37
149 51
150 135

