250 5000
589 426 1713 872 637 290 1164 2001 1322 1090 1175 440 962 1273 442 180 27 828 1301 1138 840 610 778 917 560 741 1040 1010 305 929 924 1543 1984 1436 1075 1483 997 1119 1441 2558 565 338 1244 19 1500 426 335 939 992 855 1121 943 529 800 356 346 355 1762 17 585 1510 1245 178 316 85 134 1880 626 968 557 356 477 192 1091 1078 1230 534 689 1772 674 596 349 126 527 662 2038 382 413 450 185 560 1127 541 1409 1692 260 590 857 1681 309 439 640 1589 996 1128 1598 398 360 53 840 475 283 1501 29 713 56 540 109 2411 187 781 2220 1711 385 624 13 247 864 528 1050 608 1142 1354 389 272 1083 423 8 3 2465 883 1814 148 23 678 526 7 202 690 1411 414 1286 1725 2034 1500 743 1298 1744 842 566 451 90 649 1277 185 112 804 273 319 375 594 1209 2111 180 499 700 1861 11 1144 672 1374 759 1479 533 2425 1779 1276 1185 241 394 1779 18 1642 263 725 453 808 1764 649 276 455 87 686 991 201 1254 1688 1235 108 639 1357 163 1198 832 593 1208 91 843 199 1381 792 820 602 60 289 1113 1148 1703 1078 1014 790 1009 448 278 1526 594 194 852 1709 325 1346 281 1196 794 1242 225 297 1973 1411 1783 
1 14
1 16
1 36
1 78
1 89
1 91
1 98
1 127
1 150
1 162
1 163
1 166
1 172
1 185
1 186
1 206
1 208
1 214
1 218
1 236
2 9
2 20
2 48
2 57
2 65
2 71
2 84
2 107
2 130
2 146
2 147
2 173
2 207
2 224
2 237
2 243
3 32
3 38
3 42
3 54
3 58
3 59
3 66
3 70
3 82
3 84
3 87
3 99
3 102
3 103
3 106
3 111
3 121
3 136
3 143
3 147
3 151
3 161
3 179
3 180
3 204
3 211
3 223
3 247
4 33
4 34
4 47
4 48
4 53
4 78
4 86
4 94
4 100
4 122
4 135
4 161
4 183
4 184
4 200
4 208
4 218
4 223
4 232
5 2
5 24
5 42
5 51
5 84
5 96
5 111
5 119
5 135
5 155
5 157
5 197
5 201
5 217
6 33
6 47
6 48
6 52
6 58
6 84
6 94
6 98
6 115
6 119
6 120
6 129
6 152
6 153
6 155
6 159
6 165
6 183
6 192
6 200
6 225
6 229
6 232
7 17
7 64
7 68
7 77
7 79
7 111
7 117
7 147
7 158
7 161
7 163
7 197
7 208
7 219
7 224
7 231
7 248
8 5
8 7
8 18
8 25
8 32
8 36
8 41
8 51
8 61
8 62
8 68
8 70
8 82
8 84
8 93
8 96
8 112
8 122
8 162
8 177
8 190
8 195
8 201
8 204
8 207
8 210
8 219
8 228
8 235
8 250
9 31
9 33
9 46
9 53
9 54
9 73
9 89
9 100
9 101
9 103
9 108
9 114
9 116
9 132
9 134
9 135
9 166
9 178
9 182
9 196
9 222
9 224
9 236
9 242
10 9
10 47
10 52
10 60
10 131
10 154
10 175
10 186
10 207
10 210
10 222
10 233
10 237
11 4
11 12
11 14
11 21
11 23
11 32
11 84
11 129
11 135
11 141
11 144
11 160
11 171
11 179
11 183
11 199
11 200
11 216
11 225
11 226
11 229
11 232
11 235
11 242
11 244
12 13
12 25
12 36
12 39
12 60
12 65
12 75
12 92
12 102
12 109
12 118
12 163
12 169
12 179
12 184
12 208
12 210
12 219
12 228
12 239
12 249
13 1
13 5
13 8
13 44
13 55
13 101
13 114
13 115
13 140
13 158
13 177
13 188
13 211
13 247
14 5
14 6
14 7
14 20
14 36
14 40
14 49
14 51
14 56
14 64
14 69
14 97
14 100
14 103
14 126
14 131
14 142
14 150
14 159
14 169
14 175
14 220
14 224
14 230
14 234
14 245
14 248
15 21
15 32
15 33
15 37
15 57
15 60
15 91
15 107
15 140
15 152
15 168
15 176
15 179
15 220
15 237
15 246
16 13
16 30
16 43
16 45
16 55
16 59
16 69
16 80
16 107
16 117
16 133
16 145
16 149
16 173
16 182
16 229
17 2
17 3
17 5
17 56
17 63
17 68
17 79
17 134
17 147
17 157
17 175
17 186
17 194
17 196
17 197
17 198
17 204
17 207
17 210
17 225
17 229
18 13
18 27
18 36
18 55
18 58
18 69
18 70
18 103
18 106
18 120
18 127
18 149
18 185
18 189
18 216
18 226
18 237
18 250
19 20
19 66
19 70
19 72
19 74
19 77
19 113
19 125
19 133
19 138
19 167
19 176
19 203
19 212
19 234
19 250
20 10
20 27
20 28
20 35
20 68
20 72
20 99
20 137
20 164
20 166
20 168
20 183
20 184
20 207
20 218
20 221
20 223
20 225
20 228
20 245
21 13
21 59
21 75
21 76
21 84
21 100
21 109
21 115
21 146
21 152
21 171
21 178
21 205
21 206
21 210
21 215
21 234
21 239
22 16
22 21
22 63
22 74
22 80
22 83
22 115
22 126
22 146
22 155
22 171
22 201
22 206
22 213
22 231
22 233
22 249
23 10
23 16
23 37
23 40
23 51
23 95
23 100
23 104
23 134
23 160
23 170
23 185
23 188
23 214
23 229
24 17
24 22
24 23
24 30
24 67
24 73
24 77
24 98
24 107
24 142
24 145
24 150
24 162
24 169
24 185
24 192
24 195
24 206
24 208
24 213
24 229
25 2
25 15
25 28
25 33
25 40
25 45
25 46
25 47
25 56
25 58
25 66
25 79
25 126
25 181
25 221
25 225
25 244
25 248
25 250
26 52
26 59
26 78
26 82
26 84
26 110
26 122
26 143
26 147
26 179
26 182
26 239
27 15
27 32
27 34
27 35
27 46
27 49
27 67
27 73
27 93
27 96
27 103
27 110
27 111
27 133
27 170
27 192
27 199
27 231
28 23
28 38
28 39
28 41
28 67
28 70
28 83
28 84
28 90
28 127
28 129
28 157
28 161
28 164
28 171
28 181
28 196
28 202
28 218
28 245
29 4
29 20
29 59
29 71
29 80
29 97
29 104
29 113
29 122
29 161
29 162
29 171
29 184
29 191
29 217
29 226
30 3
30 8
30 42
30 47
30 55
30 59
30 61
30 107
30 113
30 163
30 168
30 175
30 190
30 210
30 222
30 234
30 246
30 247
30 249
31 3
31 22
31 34
31 35
31 52
31 67
31 116
31 147
31 153
31 155
31 165
31 169
31 177
31 183
31 184
31 186
31 208
31 213
31 227
31 232
32 4
32 29
32 31
32 59
32 62
32 103
32 107
32 109
32 123
32 142
32 162
32 170
32 186
32 203
32 212
32 215
32 220
32 227
32 229
32 240
32 246
33 8
33 28
33 31
33 34
33 45
33 70
33 80
33 86
33 90
33 99
33 113
33 114
33 127
33 137
33 140
33 142
33 145
33 146
33 149
33 157
33 173
33 175
33 176
33 198
33 207
33 209
33 220
33 232
33 234
33 248
34 5
34 7
34 20
34 104
34 110
34 120
34 124
34 128
34 132
34 133
34 146
34 153
34 154
34 174
34 177
34 191
34 203
34 204
34 208
34 216
35 11
35 15
35 41
35 45
35 61
35 73
35 82
35 95
35 119
35 133
35 142
35 149
35 153
35 169
35 170
35 176
35 193
35 223
35 228
35 243
35 249
36 3
36 16
36 38
36 39
36 40
36 42
36 56
36 65
36 92
36 97
36 103
36 104
36 105
36 108
36 137
36 144
36 201
36 203
36 235
36 249
37 13
37 43
37 44
37 50
37 67
37 71
37 98
37 117
37 118
37 135
37 142
37 169
37 172
37 178
37 198
37 203
37 218
37 234
38 4
38 20
38 29
38 32
38 39
38 43
38 52
38 54
38 61
38 70
38 99
38 106
38 110
38 122
38 129
38 148
38 174
38 182
38 197
38 200
38 204
38 207
38 208
38 229
38 230
39 23
39 33
39 54
39 56
39 77
39 79
39 96
39 102
39 127
39 167
39 170
39 172
39 179
39 180
39 194
39 201
39 207
39 220
39 226
39 234
39 243
40 18
40 21
40 45
40 53
40 61
40 62
40 73
40 79
40 86
40 106
40 109
40 114
40 128
40 133
40 134
40 135
40 139
40 154
40 156
40 167
40 176
40 195
40 214
40 227
40 231
40 239
40 241
41 17
41 19
41 29
41 39
41 43
41 51
41 67
41 69
41 101
41 127
41 128
41 142
41 157
41 173
41 189
41 202
41 205
41 212
41 214
41 220
41 236
41 240
41 245
41 249
42 8
42 19
42 20
42 38
42 65
42 75
42 80
42 85
42 86
42 111
42 132
42 143
42 144
42 150
42 154
42 155
42 158
42 184
42 208
42 249
43 18
43 33
43 40
43 48
43 60
43 111
43 113
43 127
43 131
43 137
43 148
43 161
43 167
43 176
43 223
43 224
43 227
43 229
43 233
43 235
43 236
44 28
44 84
44 156
44 163
44 173
44 183
44 187
44 188
44 195
44 201
44 218
44 221
44 222
44 240
44 248
45 11
45 37
45 41
45 51
45 56
45 63
45 70
45 78
45 81
45 87
45 110
45 115
45 119
45 146
45 160
45 226
45 237
45 244
46 6
46 7
46 36
46 51
46 60
46 75
46 94
46 100
46 131
46 142
46 147
46 152
46 201
46 202
46 213
46 217
46 219
46 228
46 249
47 7
47 65
47 82
47 85
47 124
47 173
47 187
47 205
47 210
47 213
47 231
47 248
48 20
48 24
48 60
48 87
48 116
48 138
48 142
48 151
48 155
48 168
48 176
48 188
48 189
48 207
48 215
48 225
49 8
49 21
49 28
49 46
49 75
49 106
49 109
49 141
49 154
49 162
49 169
49 196
49 198
49 216
49 221
49 234
49 237
50 2
50 26
50 29
50 41
50 52
50 55
50 68
50 103
50 113
50 136
50 149
50 150
50 160
50 198
50 215
50 221
50 224
51 3
51 32
51 37
51 43
51 56
51 91
51 96
51 119
51 120
51 167
51 170
51 180
51 186
51 216
51 225
51 232
51 238
52 2
52 17
52 39
52 49
52 55
52 76
52 85
52 94
52 102
52 118
52 137
52 143
52 154
52 181
52 213
52 217
52 228
52 230
52 232
53 34
53 54
53 66
53 78
53 90
53 94
53 109
53 125
53 140
53 141
53 154
53 188
53 242
53 244
53 245
54 5
54 6
54 25
54 43
54 49
54 64
54 80
54 104
54 170
54 179
54 189
54 204
54 211
54 213
54 217
54 223
55 36
55 43
55 46
55 58
55 76
55 78
55 85
55 86
55 102
55 107
55 122
55 128
55 131
55 141
55 167
55 188
55 208
55 212
55 228
55 231
55 235
55 242
55 245
56 6
56 19
56 30
56 33
56 40
56 46
56 55
56 130
56 133
56 135
56 136
56 152
56 157
56 167
56 205
56 210
56 225
56 232
56 243
57 23
57 27
57 39
57 48
57 51
57 55
57 183
57 214
57 231
57 245
57 246
58 12
58 13
58 16
58 20
58 31
58 45
58 51
58 63
58 68
58 82
58 86
58 101
58 109
58 132
58 143
58 147
58 149
58 168
58 173
58 180
58 202
58 206
58 216
58 230
58 236
59 5
59 7
59 18
59 22
59 34
59 40
59 43
59 51
59 64
59 75
59 92
59 106
59 113
59 115
59 144
59 175
59 176
59 184
59 189
59 197
59 204
59 246
59 247
60 16
60 28
60 41
60 55
60 58
60 59
60 79
60 80
60 92
60 123
60 124
60 133
60 138
60 143
60 150
60 154
60 157
60 171
60 172
60 178
60 191
60 193
60 206
60 221
60 223
60 237
60 238
60 248
61 64
61 79
61 81
61 99
61 101
61 111
61 113
61 130
61 134
61 138
61 141
61 197
61 227
61 243
62 3
62 5
62 15
62 21
62 39
62 53
62 61
62 67
62 69
62 75
62 83
62 97
62 104
62 112
62 118
62 128
62 140
62 158
62 191
62 209
62 214
62 216
62 225
62 231
63 4
63 5
63 11
63 27
63 32
63 33
63 34
63 39
63 44
63 52
63 81
63 122
63 138
63 141
63 170
63 171
63 172
63 217
63 220
63 248
64 15
64 31
64 43
64 51
64 67
64 69
64 90
64 100
64 112
64 116
64 139
64 169
64 172
64 178
64 220
64 223
64 243
64 248
65 8
65 14
65 16
65 21
65 31
65 76
65 77
65 78
65 116
65 131
65 139
65 153
65 159
65 160
65 170
65 186
65 192
65 214
65 231
65 239
66 13
66 17
66 18
66 26
66 38
66 50
66 67
66 68
66 71
66 79
66 98
66 102
66 113
66 123
66 187
66 214
66 234
67 1
67 3
67 6
67 13
67 40
67 42
67 63
67 93
67 103
67 115
67 129
67 153
67 164
67 167
67 184
67 195
67 206
67 210
67 226
67 241
67 246
68 26
68 55
68 60
68 62
68 81
68 115
68 135
68 146
68 158
68 161
68 193
68 223
68 232
68 236
68 237
68 238
68 240
69 8
69 15
69 17
69 22
69 34
69 39
69 42
69 45
69 87
69 89
69 101
69 126
69 128
69 157
69 177
69 203
69 204
69 205
69 206
69 211
69 226
69 244
69 248
70 2
70 39
70 77
70 86
70 105
70 106
70 126
70 158
70 169
70 205
70 222
70 223
70 230
70 235
70 237
71 17
71 24
71 40
71 61
71 77
71 100
71 107
71 126
71 142
71 147
71 161
71 210
71 231
71 234
71 236
71 241
72 5
72 6
72 26
72 27
72 28
72 32
72 44
72 59
72 60
72 77
72 87
72 113
72 117
72 133
72 147
72 150
72 154
72 182
72 186
72 204
72 236
72 249
73 4
73 18
73 23
73 46
73 49
73 70
73 86
73 90
73 91
73 117
73 121
73 129
73 130
73 132
73 133
73 153
73 156
73 168
73 172
73 213
73 237
74 24
74 30
74 34
74 38
74 42
74 49
74 53
74 59
74 69
74 76
74 91
74 132
74 166
74 187
74 189
74 196
74 204
74 208
74 223
74 243
74 250
75 10
75 15
75 20
75 36
75 60
75 74
75 86
75 108
75 137
75 140
75 176
75 183
75 213
75 215
75 229
76 34
76 44
76 45
76 47
76 85
76 101
76 116
76 125
76 136
76 140
76 148
76 153
76 175
76 177
76 180
76 194
76 196
76 201
76 203
76 214
77 2
77 11
77 12
77 15
77 25
77 36
77 44
77 46
77 50
77 62
77 67
77 109
77 145
77 195
78 5
78 18
78 27
78 28
78 39
78 41
78 44
78 68
78 70
78 73
78 100
78 111
78 116
78 152
78 184
78 189
78 193
78 211
78 222
79 5
79 19
79 52
79 53
79 55
79 85
79 95
79 116
79 120
79 126
79 134
79 151
79 158
79 187
79 198
79 200
79 203
79 207
79 213
79 223
79 230
79 232
80 3
80 27
80 39
80 52
80 92
80 95
80 102
80 126
80 130
80 135
80 141
80 150
80 151
80 154
80 156
80 163
80 167
80 176
80 185
80 211
80 232
81 3
81 6
81 11
81 39
81 71
81 79
81 82
81 99
81 101
81 111
81 119
81 128
81 129
81 138
81 156
81 221
81 244
81 249
82 16
82 22
82 29
82 32
82 53
82 62
82 139
82 156
82 165
82 220
82 229
82 232
82 243
83 3
83 16
83 35
83 45
83 61
83 135
83 164
83 174
83 183
83 188
83 194
83 202
83 215
83 236
84 18
84 54
84 55
84 59
84 66
84 75
84 78
84 87
84 90
84 134
84 137
84 144
84 146
84 152
84 162
84 165
84 187
84 190
84 198
84 214
84 223
84 231
84 236
85 20
85 29
85 44
85 45
85 69
85 77
85 78
85 99
85 113
85 123
85 149
85 150
85 153
85 157
85 174
85 192
85 211
85 212
85 222
85 225
85 228
86 3
86 5
86 22
86 47
86 48
86 50
86 56
86 59
86 63
86 64
86 66
86 76
86 81
86 82
86 95
86 106
86 132
86 158
86 167
86 169
86 176
86 182
86 189
86 190
86 205
86 206
86 210
86 212
86 217
86 220
86 226
86 245
86 247
87 10
87 12
87 20
87 35
87 38
87 39
87 41
87 52
87 70
87 123
87 142
87 146
87 183
87 184
87 185
87 206
87 208
87 217
87 242
87 245
87 248
88 17
88 25
88 27
88 32
88 59
88 62
88 74
88 86
88 133
88 159
88 164
88 173
88 242
88 246
88 250
89 2
89 12
89 19
89 62
89 76
89 110
89 119
89 122
89 130
89 144
89 149
89 151
89 154
89 185
89 192
89 206
89 213
89 214
89 222
89 224
89 226
89 227
89 231
89 233
89 249
90 57
90 61
90 82
90 99
90 102
90 137
90 171
90 173
90 177
90 178
90 179
90 181
90 195
90 198
90 201
90 207
90 221
90 225
90 239
90 241
91 9
91 20
91 30
91 63
91 64
91 89
91 104
91 115
91 142
91 149
91 158
91 164
91 170
91 173
91 187
91 194
91 208
91 212
91 220
91 222
92 10
92 20
92 21
92 52
92 66
92 71
92 85
92 94
92 116
92 139
92 152
92 177
92 181
92 182
92 187
92 190
92 200
92 228
93 7
93 36
93 59
93 61
93 69
93 84
93 99
93 142
93 147
93 150
93 179
93 193
93 200
93 202
93 220
94 10
94 25
94 29
94 34
94 36
94 41
94 56
94 67
94 76
94 80
94 81
94 89
94 101
94 123
94 141
94 151
94 167
94 170
94 173
94 184
94 215
94 217
94 233
94 243
94 245
95 5
95 31
95 32
95 41
95 46
95 52
95 55
95 57
95 61
95 71
95 74
95 77
95 89
95 91
95 103
95 108
95 110
95 116
95 119
95 121
95 180
95 191
95 213
95 222
95 242
95 244
96 3
96 14
96 15
96 17
96 53
96 55
96 56
96 77
96 95
96 143
96 150
96 171
96 185
96 195
96 200
96 216
96 217
96 232
96 237
97 15
97 57
97 73
97 78
97 81
97 83
97 86
97 92
97 116
97 117
97 128
97 134
97 135
97 198
97 201
97 225
97 242
97 247
98 9
98 13
98 15
98 21
98 32
98 34
98 51
98 70
98 75
98 77
98 79
98 81
98 100
98 122
98 125
98 138
98 159
98 176
98 194
98 198
98 218
98 219
98 249
99 16
99 17
99 21
99 25
99 55
99 88
99 89
99 100
99 102
99 109
99 125
99 151
99 153
99 154
99 166
99 171
99 191
99 193
99 197
99 204
99 208
99 238
99 244
100 17
100 26
100 59
100 73
100 86
100 92
100 96
100 109
100 145
100 146
100 188
100 214
100 234
100 235
101 10
101 33
101 49
101 82
101 105
101 146
101 147
101 151
101 153
101 159
101 193
101 194
101 199
101 208
101 231
101 233
101 239
102 6
102 47
102 65
102 69
102 71
102 81
102 93
102 97
102 101
102 107
102 108
102 120
102 132
102 142
102 166
102 189
102 194
102 203
102 204
102 206
102 216
102 230
102 234
102 235
103 5
103 8
103 44
103 52
103 66
103 69
103 74
103 75
103 76
103 92
103 106
103 110
103 113
103 121
103 136
103 141
103 153
103 170
103 180
103 209
103 238
103 241
103 247
104 40
104 41
104 60
104 67
104 83
104 87
104 90
104 96
104 105
104 109
104 114
104 123
104 141
104 150
104 152
104 185
104 204
104 210
105 6
105 8
105 16
105 18
105 31
105 45
105 46
105 53
105 60
105 68
105 83
105 88
105 91
105 99
105 152
105 169
105 171
105 177
105 184
105 213
105 226
105 250
106 7
106 10
106 13
106 36
106 45
106 56
106 84
106 111
106 116
106 120
106 123
106 126
106 142
106 160
106 196
106 198
106 199
106 235
106 247
107 48
107 54
107 68
107 82
107 99
107 139
107 145
107 155
107 162
107 220
107 236
107 249
107 250
108 3
108 11
108 15
108 19
108 20
108 34
108 42
108 51
108 69
108 98
108 105
108 115
108 121
108 133
108 137
108 147
108 149
108 155
108 156
108 158
108 179
108 212
108 216
108 230
108 237
108 239
108 246
108 250
109 2
109 47
109 51
109 59
109 95
109 102
109 115
109 123
109 133
109 139
109 183
109 204
109 212
109 215
109 232
109 248
109 249
110 43
110 55
110 64
110 67
110 68
110 78
110 79
110 80
110 90
110 104
110 106
110 125
110 127
110 137
110 144
110 151
110 163
110 210
110 224
110 236
110 241
110 249
111 23
111 32
111 47
111 62
111 68
111 85
111 100
111 103
111 119
111 149
111 184
111 220
111 231
111 237
111 248
112 5
112 59
112 122
112 133
112 139
112 140
112 154
112 156
112 181
112 184
112 192
112 194
112 210
113 12
113 26
113 40
113 46
113 110
113 115
113 122
113 123
113 130
113 133
113 151
113 152
113 173
113 181
113 197
113 224
113 233
113 239
113 240
113 242
113 250
114 20
114 29
114 32
114 54
114 67
114 71
114 80
114 84
114 86
114 97
114 100
114 125
114 157
114 160
114 164
114 173
114 193
114 194
114 212
114 218
114 235
114 249
115 4
115 14
115 25
115 29
115 40
115 44
115 50
115 66
115 76
115 88
115 92
115 104
115 144
115 152
115 182
115 202
115 212
115 217
115 231
115 233
115 235
116 16
116 20
116 35
116 55
116 66
116 68
116 71
116 80
116 82
116 88
116 98
116 103
116 115
116 123
116 126
116 133
116 138
116 139
116 177
116 193
116 205
116 208
116 227
116 243
116 250
117 41
117 46
117 74
117 94
117 102
117 109
117 113
117 114
117 136
117 153
117 168
117 174
117 188
117 195
117 214
117 218
117 223
117 224
117 239
118 18
118 27
118 64
118 88
118 122
118 129
118 146
118 150
118 154
118 180
118 206
119 19
119 22
119 23
119 25
119 31
119 38
119 39
119 47
119 50
119 58
119 59
119 61
119 63
119 72
119 73
119 74
119 76
119 77
119 78
119 92
119 107
119 118
119 120
119 130
119 133
119 139
119 174
119 177
119 189
119 198
119 199
119 204
119 221
119 242
119 244
120 5
120 11
120 36
120 53
120 61
120 70
120 95
120 122
120 129
120 135
120 147
120 156
120 185
120 189
120 193
120 202
120 219
120 223
120 231
121 13
121 16
121 24
121 64
121 84
121 93
121 102
121 105
121 112
121 136
121 153
121 170
121 178
121 186
121 189
121 197
121 205
121 209
121 214
121 216
121 223
121 224
121 232
122 2
122 7
122 9
122 24
122 28
122 43
122 45
122 47
122 52
122 73
122 79
122 91
122 95
122 103
122 115
122 149
122 180
122 183
122 202
122 206
122 215
123 2
123 7
123 8
123 25
123 41
123 48
123 50
123 64
123 122
123 126
123 139
123 148
123 157
123 160
123 163
123 179
123 182
123 186
123 191
123 229
123 239
123 240
123 243
123 247
124 19
124 74
124 86
124 87
124 95
124 111
124 120
124 129
124 141
124 143
124 144
124 158
124 170
124 173
124 175
124 179
124 180
124 181
124 188
124 198
124 202
124 208
124 212
124 214
124 216
124 225
125 8
125 11
125 23
125 27
125 34
125 40
125 51
125 57
125 61
125 84
125 85
125 90
125 91
125 95
125 113
125 146
125 167
125 172
125 183
125 188
125 194
125 198
125 213
125 214
125 220
125 241
126 7
126 11
126 39
126 45
126 50
126 52
126 53
126 107
126 113
126 132
126 145
126 146
126 153
126 156
126 161
126 174
126 175
126 201
126 207
126 222
126 226
126 250
127 17
127 35
127 36
127 48
127 52
127 57
127 64
127 81
127 82
127 89
127 102
127 122
127 128
127 141
127 165
127 171
127 176
127 190
127 193
127 194
127 227
127 228
127 230
128 19
128 30
128 83
128 104
128 115
128 119
128 125
128 142
128 143
128 157
128 179
128 185
128 186
128 200
128 207
128 225
128 235
128 242
129 37
129 40
129 44
129 47
129 49
129 52
129 55
129 61
129 64
129 75
129 97
129 102
129 104
129 143
129 149
129 189
129 209
129 233
129 234
129 245
130 4
130 40
130 48
130 50
130 97
130 103
130 105
130 115
130 161
130 177
130 180
130 196
130 198
130 225
130 226
130 228
130 234
130 236
130 241
131 11
131 26
131 41
131 56
131 63
131 76
131 77
131 94
131 114
131 127
131 132
131 136
131 138
131 153
131 161
131 166
131 172
131 176
131 182
131 189
131 195
131 229
131 236
131 237
131 238
131 245
132 19
132 32
132 49
132 67
132 77
132 95
132 98
132 124
132 158
132 172
132 175
132 183
132 185
132 211
132 226
132 227
132 228
133 13
133 21
133 30
133 53
133 54
133 66
133 67
133 71
133 76
133 87
133 94
133 104
133 118
133 120
133 140
133 141
133 155
133 157
133 161
133 177
133 183
133 196
133 207
133 209
133 225
133 226
133 234
133 250
134 1
134 8
134 38
134 60
134 70
134 73
134 88
134 108
134 130
134 140
134 142
134 163
134 178
134 227
134 228
134 237
135 43
135 70
135 76
135 84
135 109
135 167
135 169
135 175
135 179
135 200
135 247
136 18
136 38
136 60
136 65
136 74
136 104
136 145
136 146
136 161
136 162
136 175
136 185
136 195
136 207
136 209
136 246
137 1
137 27
137 29
137 37
137 63
137 73
137 82
137 107
137 113
137 142
137 174
137 185
137 187
137 191
137 192
137 202
137 213
137 239
137 246
138 10
138 16
138 56
138 72
138 74
138 78
138 83
138 89
138 94
138 99
138 132
138 135
138 159
138 169
138 186
138 205
138 238
138 245
138 246
139 19
139 52
139 66
139 79
139 95
139 96
139 141
139 151
139 153
139 176
139 178
139 186
139 191
139 230
139 237
139 244
140 4
140 8
140 12
140 14
140 27
140 37
140 39
140 41
140 45
140 67
140 74
140 77
140 82
140 102
140 113
140 117
140 119
140 131
140 153
140 160
140 164
140 176
140 185
140 193
140 208
140 217
140 222
140 223
140 242
141 9
141 10
141 19
141 40
141 66
141 89
141 130
141 152
141 164
141 173
141 175
141 183
141 201
141 223
141 227
141 228
141 241
141 247
142 17
142 55
142 58
142 60
142 107
142 121
142 122
142 124
142 127
142 130
142 153
142 154
142 176
142 190
142 197
142 200
142 205
142 229
142 234
143 10
143 16
143 25
143 35
143 39
143 40
143 47
143 64
143 70
143 108
143 114
143 169
143 179
143 217
143 239
143 244
144 39
144 43
144 60
144 66
144 104
144 105
144 114
144 125
144 131
144 138
144 150
144 165
144 173
144 192
144 209
144 226
145 10
145 13
145 28
145 34
145 39
145 52
145 56
145 106
145 108
145 113
145 124
145 152
145 162
145 170
145 182
145 187
145 193
145 204
145 205
145 209
145 212
145 222
145 227
145 243
145 246
145 247
146 7
146 50
146 72
146 73
146 94
146 123
146 134
146 148
146 154
146 156
146 161
146 178
146 182
146 225
146 229
146 231
147 4
147 11
147 20
147 28
147 32
147 64
147 84
147 85
147 86
147 99
147 115
147 117
147 128
147 131
147 154
147 157
147 175
147 206
147 235
147 236
147 245
148 33
148 36
148 56
148 80
148 85
148 94
148 95
148 104
148 117
148 125
148 126
148 128
148 160
148 195
148 228
149 36
149 39
149 60
149 65
149 67
149 71
149 97
149 109
149 127
149 135
149 138
149 153
149 161
149 175
149 213
149 244
149 246
150 15
150 31
150 44
150 70
150 76
150 84
150 95
150 97
150 108
150 113
150 129
150 147
150 151
150 158
150 164
150 180
150 185
150 187
150 191
150 213
150 222
150 232
150 239
151 10
151 38
151 58
151 83
151 107
151 132
151 142
151 154
151 172
151 186
151 189
151 197
151 224
151 240
152 8
152 11
152 25
152 32
152 47
152 49
152 80
152 86
152 94
152 117
152 135
152 180
152 184
152 189
152 206
152 214
152 222
152 224
152 244
153 9
153 14
153 32
153 42
153 72
153 81
153 92
153 93
153 96
153 110
153 136
153 137
153 170
153 173
153 174
153 191
153 194
153 202
153 213
153 215
153 219
153 227
153 232
153 236
153 243
154 2
154 6
154 12
154 23
154 35
154 36
154 57
154 64
154 68
154 79
154 91
154 105
154 109
154 133
154 135
154 141
154 165
154 170
154 171
154 219
154 236
154 244
154 245
154 249
155 1
155 40
155 46
155 54
155 66
155 70
155 88
155 92
155 93
155 117
155 131
155 148
155 153
155 163
155 170
155 179
155 186
155 196
155 198
155 202
155 203
155 212
155 219
155 246
156 8
156 15
156 20
156 27
156 32
156 55
156 63
156 68
156 69
156 70
156 98
156 132
156 136
156 140
156 179
156 198
157 4
157 9
157 16
157 27
157 54
157 61
157 62
157 71
157 79
157 95
157 107
157 108
157 144
157 166
157 180
157 185
157 208
157 210
157 215
158 5
158 8
158 37
158 45
158 50
158 56
158 58
158 76
158 83
158 90
158 99
158 126
158 129
158 136
158 138
158 149
158 155
158 157
158 159
158 193
158 205
158 214
158 229
159 32
159 36
159 102
159 103
159 110
159 112
159 147
159 164
159 173
159 185
159 232
159 235
159 250
160 3
160 6
160 10
160 25
160 36
160 38
160 77
160 92
160 100
160 130
160 144
160 155
160 157
160 178
160 181
160 182
160 208
160 209
160 222
160 243
160 244
161 1
161 5
161 15
161 27
161 32
161 52
161 66
161 72
161 83
161 87
161 88
161 109
161 119
161 124
161 138
161 148
161 164
161 181
161 200
161 204
161 243
162 11
162 30
162 39
162 47
162 88
162 96
162 158
162 159
162 170
162 172
162 181
162 185
162 191
162 231
163 2
163 16
163 37
163 42
163 49
163 51
163 86
163 89
163 90
163 106
163 109
163 129
163 140
163 143
163 151
163 154
163 157
163 228
163 239
163 243
164 13
164 16
164 27
164 32
164 37
164 48
164 69
164 84
164 177
164 179
164 192
164 207
164 232
164 233
164 239
165 5
165 7
165 32
165 42
165 56
165 60
165 70
165 71
165 77
165 93
165 101
165 112
165 117
165 118
165 123
165 148
165 153
165 180
165 181
165 184
165 193
165 211
165 229
165 235
165 245
166 4
166 10
166 11
166 13
166 18
166 28
166 65
166 80
166 91
166 95
166 104
166 108
166 110
166 118
166 119
166 146
166 155
166 162
166 174
166 183
166 196
166 204
166 240
167 11
167 14
167 18
167 52
167 98
167 102
167 136
167 138
167 141
167 151
167 198
167 209
167 211
167 218
167 220
167 233
168 2
168 26
168 28
168 34
168 54
168 59
168 79
168 85
168 86
168 89
168 90
168 91
168 92
168 99
168 126
168 130
168 153
168 163
168 165
168 197
168 202
168 204
168 221
168 224
168 225
168 231
169 16
169 22
169 27
169 81
169 97
169 110
169 126
169 133
169 146
169 165
169 203
169 207
169 210
169 217
169 233
169 240
170 8
170 10
170 12
170 20
170 25
170 61
170 83
170 100
170 128
170 140
170 147
170 152
170 175
170 184
170 194
170 195
170 215
170 224
170 226
170 227
170 233
170 242
170 245
170 249
171 15
171 16
171 37
171 46
171 56
171 58
171 72
171 76
171 80
171 106
171 114
171 117
171 126
171 136
171 147
171 155
171 159
171 175
171 181
171 223
171 230
172 27
172 32
172 35
172 45
172 52
172 71
172 80
172 83
172 84
172 86
172 99
172 122
172 135
172 138
172 154
172 180
172 187
172 188
172 222
172 232
172 240
172 242
172 243
172 245
173 9
173 22
173 28
173 30
173 31
173 51
173 111
173 126
173 128
173 132
173 142
173 145
173 154
173 156
173 161
173 167
173 176
173 177
173 200
173 216
173 242
174 4
174 6
174 27
174 45
174 46
174 50
174 68
174 79
174 95
174 99
174 122
174 148
174 152
174 168
174 176
174 194
174 195
174 197
174 200
174 217
174 233
174 235
174 244
175 8
175 54
175 55
175 57
175 62
175 83
175 93
175 97
175 102
175 115
175 122
175 131
175 139
175 144
175 146
175 172
175 223
175 228
175 229
175 233
175 235
175 240
176 14
176 25
176 41
176 46
176 67
176 82
176 85
176 100
176 104
176 113
176 146
176 151
176 175
176 197
176 202
176 207
176 231
176 236
176 242
177 10
177 22
177 39
177 62
177 82
177 97
177 113
177 127
177 132
177 141
177 148
177 171
177 192
177 213
177 220
177 221
177 225
177 229
177 232
177 236
178 2
178 22
178 23
178 24
178 33
178 40
178 83
178 93
178 108
178 116
178 123
178 124
178 130
178 164
178 166
178 181
178 185
178 216
178 220
179 36
179 59
179 84
179 96
179 118
179 127
179 145
179 150
179 163
179 189
179 196
179 197
179 208
179 211
179 219
179 237
180 2
180 13
180 23
180 25
180 29
180 55
180 59
180 69
180 79
180 80
180 106
180 169
180 177
180 186
180 194
180 200
180 227
180 243
181 11
181 43
181 50
181 53
181 65
181 74
181 81
181 88
181 95
181 99
181 101
181 103
181 131
181 134
181 135
181 140
181 170
181 174
181 180
181 182
181 187
181 193
181 196
181 221
181 241
182 11
182 23
182 42
182 48
182 49
182 61
182 66
182 67
182 108
182 147
182 167
182 196
182 205
182 210
182 213
182 214
182 223
182 229
182 230
182 232
182 239
183 8
183 19
183 26
183 27
183 40
183 49
183 67
183 104
183 129
183 131
183 139
183 164
183 177
183 222
183 224
183 231
184 6
184 22
184 44
184 66
184 90
184 106
184 116
184 134
184 140
184 162
184 163
184 208
184 211
184 215
184 229
184 230
184 238
185 4
185 13
185 29
185 35
185 40
185 42
185 43
185 45
185 51
185 52
185 53
185 60
185 61
185 86
185 101
185 139
185 148
185 151
185 156
185 164
185 166
185 168
185 171
185 174
185 179
185 197
185 228
185 233
185 239
185 246
185 247
186 18
186 28
186 34
186 37
186 55
186 66
186 74
186 81
186 86
186 89
186 90
186 100
186 122
186 124
186 144
186 159
186 167
186 173
186 183
186 191
186 202
186 228
186 231
186 240
187 14
187 18
187 20
187 26
187 27
187 37
187 39
187 45
187 100
187 104
187 106
187 113
187 115
187 121
187 139
187 178
187 194
187 196
187 211
187 214
187 236
187 248
188 16
188 22
188 27
188 43
188 72
188 75
188 102
188 129
188 142
188 146
188 153
188 162
188 173
188 180
188 210
188 240
188 242
188 248
189 4
189 14
189 25
189 30
189 37
189 44
189 47
189 52
189 58
189 79
189 93
189 99
189 130
189 138
189 161
189 173
189 186
189 203
189 209
190 27
190 39
190 49
190 59
190 82
190 94
190 115
190 117
190 118
190 145
190 159
190 160
190 177
190 186
190 188
190 209
190 210
190 217
191 13
191 33
191 35
191 48
191 65
191 66
191 83
191 84
191 88
191 115
191 131
191 152
191 158
191 169
191 190
191 204
191 207
191 218
191 221
191 226
191 227
191 241
191 246
192 4
192 7
192 9
192 18
192 19
192 43
192 55
192 66
192 77
192 79
192 86
192 109
192 122
192 125
192 158
192 170
192 172
192 183
192 213
192 219
192 224
192 242
192 243
192 250
193 16
193 31
193 37
193 44
193 54
193 66
193 73
193 91
193 113
193 123
193 134
193 157
193 171
193 178
193 179
193 186
193 203
193 216
193 230
193 247
193 249
194 14
194 20
194 49
194 85
194 99
194 108
194 118
194 120
194 148
194 155
194 183
194 205
194 207
194 209
194 224
194 228
195 12
195 36
195 37
195 54
195 66
195 74
195 94
195 119
195 127
195 130
195 139
195 140
195 149
195 188
195 192
196 7
196 12
196 26
196 31
196 38
196 58
196 68
196 92
196 108
196 109
196 145
196 153
196 186
196 194
196 204
196 228
196 237
196 239
196 249
197 9
197 20
197 23
197 24
197 76
197 78
197 81
197 98
197 147
197 163
197 183
197 195
197 201
197 202
197 230
198 18
198 30
198 43
198 53
198 59
198 63
198 100
198 123
198 126
198 148
198 175
198 184
198 187
198 193
198 194
198 195
198 196
198 200
198 224
198 236
198 245
199 16
199 34
199 43
199 48
199 64
199 83
199 84
199 87
199 107
199 108
199 127
199 135
199 150
199 159
199 172
199 182
199 189
199 191
199 208
199 210
199 212
199 219
199 220
199 226
199 228
199 229
199 244
200 14
200 15
200 17
200 45
200 53
200 57
200 60
200 69
200 88
200 90
200 102
200 105
200 111
200 125
200 136
200 140
200 141
200 150
200 154
200 165
200 171
200 177
200 188
200 189
200 190
200 194
200 203
200 217
200 227
200 234
201 31
201 33
201 34
201 60
201 65
201 79
201 109
201 115
201 139
201 144
201 153
201 158
201 162
201 167
201 177
201 181
201 187
201 203
201 211
201 239
201 248
202 8
202 24
202 26
202 27
202 29
202 31
202 40
202 48
202 91
202 103
202 112
202 133
202 135
202 156
202 157
202 158
202 162
202 193
202 208
202 216
202 222
202 230
203 1
203 2
203 27
203 38
203 77
203 95
203 104
203 106
203 120
203 133
203 136
203 143
203 148
203 153
203 158
203 163
203 171
203 190
203 247
204 29
204 35
204 56
204 65
204 103
204 112
204 135
204 137
204 159
204 173
204 177
204 184
204 201
204 208
204 231
204 240
205 19
205 87
205 110
205 115
205 118
205 133
205 146
205 165
205 168
205 187
206 5
206 25
206 41
206 57
206 81
206 91
206 96
206 99
206 121
206 132
206 134
206 139
206 161
206 177
206 186
206 193
206 197
206 208
206 223
207 7
207 12
207 22
207 32
207 34
207 42
207 89
207 95
207 148
207 149
207 153
207 154
207 168
207 183
207 195
207 199
207 242
207 250
208 2
208 6
208 49
208 50
208 51
208 80
208 106
208 115
208 131
208 148
208 153
208 186
208 191
208 207
208 232
208 248
209 2
209 3
209 4
209 7
209 15
209 21
209 26
209 39
209 48
209 50
209 95
209 107
209 113
209 114
209 176
209 182
209 183
209 188
209 204
209 225
209 236
209 240
210 4
210 24
210 39
210 77
210 89
210 94
210 111
210 115
210 122
210 142
210 145
210 158
210 163
210 171
210 173
210 191
210 209
210 221
210 243
210 244
211 8
211 23
211 32
211 35
211 45
211 46
211 58
211 81
211 89
211 91
211 95
211 107
211 109
211 122
211 128
211 144
211 149
211 171
211 189
211 244
211 247
211 249
212 18
212 33
212 43
212 54
212 68
212 69
212 87
212 94
212 111
212 116
212 130
212 172
212 185
212 194
212 206
212 242
212 250
213 2
213 4
213 34
213 41
213 61
213 71
213 85
213 106
213 116
213 130
213 140
213 156
213 183
213 184
213 189
213 191
213 200
213 201
213 215
213 220
213 248
214 22
214 29
214 44
214 55
214 69
214 71
214 95
214 105
214 111
214 116
214 130
214 142
214 153
214 157
214 173
214 184
214 192
214 217
214 230
215 2
215 24
215 33
215 61
215 68
215 69
215 97
215 135
215 139
215 146
215 163
215 169
215 173
215 183
215 229
215 231
216 3
216 7
216 40
216 57
216 64
216 99
216 106
216 115
216 123
216 127
216 128
216 130
216 157
216 168
216 177
216 189
216 211
216 226
216 236
216 239
217 11
217 26
217 39
217 41
217 43
217 61
217 68
217 103
217 113
217 129
217 149
217 167
217 176
217 177
217 180
217 185
217 189
217 198
217 223
217 241
217 245
218 19
218 22
218 34
218 46
218 56
218 70
218 71
218 89
218 92
218 94
218 102
218 104
218 111
218 115
218 139
218 156
218 175
218 176
218 178
218 179
218 185
218 196
218 201
218 205
218 211
218 217
218 229
218 232
218 236
218 244
219 11
219 21
219 24
219 25
219 32
219 39
219 51
219 61
219 64
219 65
219 67
219 110
219 111
219 114
219 116
219 121
219 132
219 140
219 146
219 175
219 177
219 184
219 185
219 195
219 206
219 223
219 226
219 233
219 240
219 247
220 3
220 4
220 5
220 7
220 23
220 42
220 60
220 75
220 117
220 120
220 126
220 131
220 136
220 157
220 186
220 200
220 207
220 210
220 212
220 226
220 245
221 28
221 31
221 38
221 56
221 82
221 105
221 107
221 113
221 114
221 117
221 129
221 138
221 145
221 187
221 216
222 2
222 11
222 58
222 67
222 75
222 93
222 101
222 106
222 112
222 122
222 125
222 141
222 155
222 159
222 163
222 168
222 187
222 194
222 204
222 215
222 243
223 8
223 42
223 53
223 75
223 80
223 92
223 99
223 104
223 127
223 139
223 142
223 149
223 154
223 168
223 170
223 210
223 224
223 234
224 4
224 21
224 29
224 63
224 103
224 142
224 159
224 179
224 202
224 237
224 242
225 10
225 40
225 42
225 44
225 45
225 60
225 71
225 78
225 86
225 87
225 92
225 93
225 102
225 122
225 127
225 147
225 149
225 160
225 164
225 169
225 170
225 179
225 207
225 234
225 248
226 4
226 6
226 20
226 58
226 75
226 87
226 111
226 120
226 163
226 177
226 189
226 201
226 207
226 213
226 236
226 250
227 2
227 10
227 14
227 17
227 20
227 95
227 108
227 120
227 135
227 136
227 143
227 156
227 160
227 164
227 178
227 181
227 187
227 194
227 198
227 210
227 214
227 216
228 19
228 21
228 22
228 24
228 29
228 44
228 47
228 50
228 51
228 53
228 74
228 83
228 107
228 123
228 140
228 144
228 151
228 152
228 158
228 161
228 204
228 224
228 230
228 232
228 250
229 25
229 44
229 63
229 65
229 81
229 87
229 114
229 144
229 157
229 166
229 170
229 194
229 202
229 208
229 230
229 231
229 245
229 248
230 6
230 16
230 30
230 31
230 34
230 35
230 62
230 72
230 78
230 81
230 82
230 84
230 87
230 92
230 111
230 126
230 131
230 141
230 156
230 164
230 168
230 170
230 178
230 200
230 217
230 241
230 248
230 249
231 4
231 33
231 50
231 53
231 72
231 91
231 114
231 117
231 133
231 140
231 145
231 150
231 152
231 155
231 165
231 171
231 194
231 196
231 197
231 200
231 208
231 227
231 230
231 238
231 240
231 243
231 244
232 8
232 20
232 27
232 35
232 36
232 43
232 59
232 61
232 67
232 76
232 88
232 89
232 91
232 92
232 103
232 116
232 123
232 140
232 173
232 179
232 191
232 192
232 193
232 215
232 236
232 237
232 243
232 246
233 35
233 41
233 42
233 49
233 57
233 71
233 79
233 106
233 117
233 133
233 139
233 168
233 192
233 200
234 9
234 40
234 60
234 97
234 125
234 128
234 134
234 138
234 152
234 166
234 183
234 188
234 206
234 210
234 236
235 4
235 6
235 10
235 14
235 21
235 48
235 52
235 56
235 61
235 62
235 69
235 95
235 97
235 105
235 110
235 120
235 122
235 143
235 150
235 171
235 181
235 207
235 212
235 215
235 232
235 233
235 248
236 12
236 13
236 16
236 20
236 25
236 26
236 31
236 51
236 59
236 63
236 97
236 98
236 135
236 137
236 143
236 144
236 156
236 164
236 170
236 172
236 183
236 184
236 193
236 197
236 204
236 207
236 219
236 248
236 250
237 35
237 36
237 40
237 48
237 61
237 71
237 86
237 119
237 129
237 138
237 152
237 191
237 204
237 241
237 250
238 10
238 11
238 38
238 55
238 59
238 90
238 122
238 126
238 129
238 132
238 137
238 143
238 144
238 162
238 182
238 187
238 205
238 212
238 226
238 244
238 245
239 13
239 17
239 27
239 44
239 69
239 109
239 122
239 133
239 135
239 138
239 153
239 154
239 166
239 179
239 192
239 202
239 204
239 205
239 210
239 244
240 66
240 73
240 92
240 110
240 120
240 121
240 128
240 134
240 140
240 147
240 158
240 162
240 163
240 170
240 176
240 191
240 216
240 228
240 239
240 249
241 5
241 7
241 8
241 9
241 14
241 50
241 53
241 55
241 64
241 101
241 107
241 121
241 137
241 140
241 154
241 159
241 168
241 178
241 180
241 186
241 197
241 201
241 233
242 6
242 19
242 30
242 33
242 48
242 57
242 64
242 82
242 94
242 96
242 141
242 144
242 146
242 177
242 179
242 182
242 187
242 211
242 216
242 218
242 246
243 13
243 32
243 58
243 72
243 75
243 84
243 95
243 122
243 133
243 138
243 158
243 169
243 204
243 236
243 244
244 27
244 31
244 61
244 68
244 75
244 82
244 83
244 86
244 107
244 122
244 124
244 126
244 156
244 209
244 223
245 4
245 19
245 31
245 44
245 45
245 75
245 80
245 84
245 98
245 127
245 144
245 163
245 171
245 181
245 213
245 243
246 19
246 20
246 24
246 28
246 47
246 63
246 69
246 79
246 85
246 95
246 114
246 131
246 133
246 181
246 193
246 231
246 240
247 19
247 26
247 27
247 43
247 47
247 127
247 140
247 144
247 154
247 171
247 187
247 196
247 201
247 205
247 206
247 226
247 249
248 5
248 15
248 19
248 29
248 31
248 40
248 48
248 73
248 76
248 115
248 118
248 125
248 131
248 159
248 160
248 164
248 179
248 182
248 198
248 215
248 218
248 220
248 222
248 241
248 250
249 3
249 27
249 31
249 53
249 68
249 71
249 83
249 85
249 93
249 97
249 103
249 115
249 131
249 148
249 163
249 188
249 204
249 207
249 208
249 209
249 221
249 222
249 242
249 245
249 250
250 12
250 20
250 30
250 36
250 37
250 43
250 46
250 54
250 65
250 130
250 132
250 134
250 135
250 156
250 162
250 164
250 170
250 181
250 199
250 200
250 210
250 230
250 235

