300 2000
25 51 7 91 25 110 81 99 100 203 19 10 64 82 105 26 40 43 191 182 27 11 65 72 91 86 20 47 121 26 45 92 89 213 3 190 271 155 119 113 118 229 14 170 271 89 126 16 73 74 16 124 61 44 42 95 12 50 4 40 107 79 2 98 59 56 119 81 120 183 191 204 293 60 150 1 246 165 80 197 88 23 92 124 56 39 37 125 51 1 151 332 20 75 71 254 44 15 66 40 16 74 138 153 46 79 59 166 161 141 1 74 175 116 253 120 23 55 51 14 66 147 2 403 133 5 116 105 8 22 67 6 86 2 139 104 33 115 37 181 253 134 143 87 70 41 35 108 146 102 54 210 189 116 135 72 49 90 32 104 113 57 101 38 612 42 101 210 56 61 8 111 9 328 4 77 128 48 142 41 162 34 45 57 83 59 320 150 72 253 82 81 120 22 62 10 59 61 268 174 60 147 191 195 47 108 119 27 2 21 101 61 8 55 111 76 14 54 207 26 19 24 158 72 129 66 51 57 18 39 108 87 40 62 52 133 54 49 7 48 68 55 91 18 83 44 78 57 171 96 51 62 77 3 52 34 174 167 218 106 3 138 18 67 88 156 6 55 215 71 93 62 121 10 74 23 46 33 136 71 26 19 45 132 76 25 76 295 67 188 94 108 51 24 4 65 60 75 304 75 
1 20
1 26
1 209
1 267
2 10
2 62
2 124
3 13
3 27
3 73
3 116
3 187
3 272
3 293
4 11
4 94
4 112
4 125
4 187
4 194
4 226
5 64
5 107
5 109
5 151
6 180
6 181
6 199
6 234
6 236
6 280
6 291
7 70
7 72
7 183
7 203
7 242
7 260
8 10
8 124
8 170
8 270
8 281
9 72
9 79
9 82
9 91
9 194
9 282
10 46
10 50
10 59
10 124
10 152
10 170
10 175
10 183
11 2
11 45
11 51
11 89
11 106
11 133
11 199
11 202
11 205
11 240
11 259
11 286
12 6
12 86
12 104
13 37
13 54
13 73
13 116
13 119
13 161
13 191
13 262
14 26
14 33
14 47
14 72
14 92
14 102
14 124
14 140
14 235
15 31
15 61
15 77
15 133
15 165
15 190
15 257
16 183
16 226
16 234
16 241
16 261
16 266
17 19
17 29
17 42
17 68
17 72
17 75
17 124
17 222
17 237
17 245
18 2
18 34
18 116
18 138
18 220
18 269
19 106
19 177
19 193
19 209
19 229
19 248
19 272
19 292
20 34
20 77
20 188
20 233
21 85
21 130
21 141
21 142
21 203
21 227
21 290
22 107
22 192
22 280
22 282
22 296
23 30
23 45
23 62
23 81
23 158
23 163
23 174
23 202
24 23
24 74
24 102
24 118
25 23
25 56
25 104
25 116
25 126
25 178
25 208
25 295
25 300
26 18
26 213
26 233
26 277
27 26
27 30
27 38
27 56
27 111
27 139
27 216
28 38
28 178
28 291
28 297
29 42
29 51
29 80
29 107
29 158
29 231
29 237
29 264
29 295
30 68
30 82
30 170
30 177
30 199
30 225
30 269
30 292
31 45
31 48
31 63
31 76
31 103
31 168
31 232
31 249
31 251
31 279
32 20
32 21
32 29
32 79
32 119
32 165
32 169
32 211
32 222
32 232
32 238
32 262
33 44
33 113
33 164
33 169
33 179
33 211
33 241
34 57
34 68
34 90
34 122
34 132
34 153
34 169
34 258
35 3
35 21
35 31
35 167
35 171
35 234
35 237
36 6
36 38
36 45
36 102
36 110
36 168
36 179
36 227
36 247
37 7
37 15
37 32
37 58
37 81
37 90
37 168
37 204
37 222
37 228
37 256
37 260
37 283
38 74
38 145
38 202
38 227
38 285
39 7
39 46
39 71
39 86
39 108
39 151
40 129
40 133
40 149
40 172
40 188
40 252
40 269
41 15
41 28
41 73
41 83
41 84
41 136
41 156
41 272
41 291
42 4
42 18
42 55
42 104
42 233
42 240
42 262
42 263
42 282
42 283
42 298
43 28
43 48
43 107
43 137
43 199
44 2
44 45
44 56
44 129
44 130
44 146
44 272
45 57
45 140
45 168
45 186
45 251
45 273
45 297
46 27
46 31
46 226
46 263
46 266
47 52
47 65
47 138
47 156
47 174
47 201
47 215
47 267
47 280
48 37
48 44
48 129
48 177
48 205
48 244
49 58
50 100
50 106
50 140
50 180
50 233
50 275
51 49
51 85
51 108
51 198
51 228
51 291
52 17
52 185
52 208
52 270
52 289
53 31
53 37
53 130
53 139
53 143
53 225
54 8
54 102
54 117
54 124
54 132
54 167
54 198
54 203
54 222
54 292
55 9
55 84
55 90
55 132
55 179
55 187
55 197
55 226
55 296
56 9
56 55
56 76
56 96
56 97
56 201
57 26
57 31
57 48
57 129
57 130
57 153
57 260
58 38
58 56
58 236
59 4
59 41
59 92
59 153
59 200
60 7
60 89
60 133
60 201
60 239
60 263
61 20
61 43
61 59
61 123
61 126
61 135
61 263
62 40
62 72
62 131
62 156
63 5
63 92
63 127
63 130
63 155
63 221
63 225
63 254
64 15
64 18
64 78
64 179
64 280
65 59
65 109
65 120
65 133
65 141
65 260
65 290
66 90
66 145
66 161
66 220
66 231
66 290
66 293
67 16
67 27
67 36
67 70
67 88
67 129
67 164
67 167
67 190
68 77
68 199
68 216
68 291
69 58
69 161
69 188
69 195
69 226
69 238
69 273
70 36
70 44
70 51
70 131
70 139
70 158
70 186
70 245
70 278
70 279
70 297
71 84
71 108
71 190
71 252
71 260
71 266
72 44
72 110
72 166
72 239
72 267
72 278
73 17
73 22
73 62
73 66
73 105
73 126
73 160
73 173
73 225
73 233
73 236
73 260
74 134
74 148
74 177
74 196
75 102
75 148
75 168
75 192
75 198
75 218
76 26
76 58
76 65
76 73
76 81
76 170
76 273
77 40
77 45
77 59
77 86
77 249
77 267
78 12
78 44
78 56
78 59
78 61
78 68
78 158
78 203
79 64
79 114
79 126
79 137
79 167
79 174
79 176
79 264
80 3
80 155
80 182
80 243
80 282
80 299
81 42
81 98
81 139
81 143
81 149
81 204
81 208
81 214
82 44
82 113
82 120
82 140
82 190
82 224
82 245
83 52
83 66
83 174
83 203
83 229
84 12
84 58
84 199
84 211
84 248
85 5
85 15
85 80
85 173
85 178
85 240
85 264
85 265
86 53
86 84
86 192
86 200
87 19
87 59
87 65
87 145
87 257
88 71
88 77
88 105
88 124
88 156
88 158
88 212
88 248
89 3
89 27
89 63
89 99
89 133
89 140
89 154
89 283
90 45
90 56
90 116
90 208
90 214
90 235
90 252
91 15
91 39
91 40
91 44
91 180
91 181
91 252
91 283
92 30
92 43
92 97
92 133
92 139
92 161
92 180
92 197
92 211
92 242
92 255
93 17
93 23
93 54
93 80
93 106
93 171
93 191
93 208
93 223
94 10
94 13
94 37
94 68
94 132
94 149
94 150
94 165
94 169
94 182
94 296
95 40
95 67
95 111
95 149
95 274
95 283
96 53
96 60
96 72
96 77
96 111
96 124
96 127
96 151
96 160
96 177
96 225
96 237
96 290
97 10
97 152
97 153
97 161
97 166
97 228
97 247
97 266
97 267
98 56
99 66
99 152
99 164
99 211
99 217
99 221
99 276
100 52
100 78
100 122
100 141
100 153
100 164
100 213
101 83
101 104
101 115
101 176
101 203
101 209
101 219
101 247
101 259
101 284
102 55
102 57
102 84
102 90
102 152
102 156
102 203
102 262
102 265
103 69
103 122
103 143
103 146
103 220
103 221
103 248
104 13
104 49
104 57
104 138
104 144
104 168
104 170
104 207
104 215
105 146
105 151
105 243
105 279
106 165
106 187
106 228
106 257
106 272
106 297
107 23
107 46
107 93
107 113
107 179
107 256
108 2
108 47
108 92
108 104
108 105
108 136
108 204
108 267
108 273
109 64
109 80
109 167
109 170
109 289
109 294
110 22
110 71
110 83
110 203
110 211
110 218
110 219
111 20
111 61
111 293
112 19
112 46
112 59
112 92
112 217
112 236
112 270
112 290
112 298
113 18
113 94
113 146
113 197
113 205
113 245
113 278
114 45
114 67
114 72
114 75
114 88
114 146
114 202
114 241
114 270
115 7
115 73
115 133
115 136
115 148
115 154
115 213
115 286
115 290
115 297
115 300
116 39
116 53
116 77
116 105
116 106
116 152
116 170
116 172
116 183
116 189
117 94
117 135
117 165
117 224
118 46
118 74
118 107
118 143
118 248
118 273
119 40
119 84
119 114
119 172
119 196
119 209
119 255
120 54
120 166
120 192
121 11
121 27
121 84
121 85
121 100
121 124
121 162
121 219
122 29
122 52
122 82
122 115
122 238
122 243
122 294
123 77
123 115
123 161
123 179
123 262
124 35
124 160
124 170
124 176
124 196
124 213
124 290
125 51
125 127
125 156
125 159
125 208
125 265
125 300
126 209
126 231
126 240
126 266
127 7
127 8
127 12
127 13
127 105
127 143
127 144
127 203
127 299
128 9
128 21
128 92
128 182
128 184
128 210
128 245
128 270
128 271
129 14
129 78
129 87
129 135
129 190
129 205
129 280
130 41
130 74
130 88
130 185
130 215
130 291
131 56
131 88
131 112
131 156
131 160
131 199
131 230
131 295
132 31
132 113
132 136
132 193
132 216
132 239
132 254
132 262
132 291
133 88
133 94
133 106
133 149
133 194
133 206
133 211
133 220
134 30
134 34
134 38
134 199
135 121
135 164
135 204
135 225
135 279
136 35
136 45
136 104
136 212
136 224
136 242
136 259
136 288
136 298
137 20
137 23
137 117
138 72
138 103
138 106
138 150
138 155
138 176
138 207
138 214
138 223
138 248
138 250
138 282
139 13
139 51
139 94
139 113
139 146
139 203
139 223
139 247
140 48
140 54
140 73
140 125
140 143
140 188
140 203
140 217
140 273
140 295
141 85
141 115
141 136
141 150
141 173
141 196
141 236
141 256
141 276
142 50
142 125
142 140
142 176
142 223
142 275
142 294
142 299
143 39
143 40
143 62
143 68
143 76
143 111
143 186
144 10
144 56
144 69
144 75
144 108
144 133
144 167
144 246
144 279
144 295
144 297
145 117
145 190
145 206
145 219
146 15
146 24
146 219
146 260
146 289
147 11
147 70
147 90
147 128
147 188
147 203
147 253
147 279
147 300
148 19
148 78
148 94
149 19
149 111
149 116
149 124
149 233
149 257
149 260
149 287
150 7
150 35
150 75
150 124
150 187
150 271
150 285
151 87
151 89
151 129
151 226
151 236
151 245
151 266
151 300
152 26
152 51
152 60
152 62
152 86
152 230
152 232
153 50
153 71
153 80
153 90
153 116
153 125
153 142
153 155
153 156
153 189
153 202
153 221
153 291
154 25
154 73
154 131
154 179
154 200
154 282
154 299
155 71
155 93
155 116
155 133
155 160
155 178
155 236
156 151
156 226
157 27
157 55
157 188
157 202
157 222
157 273
157 276
157 285
158 33
158 65
158 102
158 189
158 244
158 292
158 299
159 7
159 32
159 46
159 59
159 74
159 92
159 203
159 238
159 257
159 258
159 260
160 28
160 69
160 101
160 105
160 129
160 187
160 229
160 249
160 265
161 58
161 94
161 109
161 127
161 135
161 189
162 13
162 28
162 37
162 38
162 101
162 146
162 168
162 172
162 213
162 214
162 223
162 258
163 18
163 57
163 95
163 101
163 141
163 174
163 197
163 200
163 225
163 243
163 273
163 288
163 294
164 60
164 76
164 93
164 96
164 217
164 292
165 21
165 28
165 66
165 69
165 85
165 114
165 170
165 189
165 219
165 249
165 257
165 277
166 63
166 80
166 110
166 167
166 169
166 170
166 184
166 206
166 265
167 29
167 58
167 152
167 227
167 233
168 77
168 130
168 165
168 204
168 219
168 266
169 21
169 47
169 90
169 108
169 124
169 149
169 199
170 86
170 113
170 141
170 189
170 255
170 262
170 287
171 84
171 198
172 49
172 75
172 81
172 83
172 158
172 260
172 266
172 289
173 80
174 34
174 53
174 58
174 77
174 81
174 213
174 230
174 237
175 35
175 86
175 139
175 162
175 199
175 261
175 270
176 7
176 57
176 61
176 68
176 69
176 165
176 217
177 34
177 71
177 106
177 210
177 249
177 296
178 55
178 79
178 157
178 165
178 180
178 293
178 297
179 2
179 10
179 91
179 143
179 212
179 217
179 219
179 286
180 122
180 182
180 247
180 268
180 299
181 24
181 36
181 113
181 118
181 120
181 180
181 195
181 220
181 243
181 266
182 70
182 75
182 77
182 103
182 165
182 245
182 276
182 292
183 75
183 97
183 106
183 138
183 160
183 161
183 184
184 8
184 36
184 143
184 159
184 178
184 196
184 222
184 242
184 278
185 49
185 56
185 87
185 147
185 173
185 239
185 268
185 273
186 134
186 152
186 217
186 232
187 14
187 21
187 46
187 66
187 86
187 110
187 133
187 259
188 139
188 165
188 257
188 291
189 47
189 54
189 90
189 218
189 263
190 84
190 103
190 170
190 221
191 24
191 52
191 148
191 226
191 253
191 281
191 291
192 80
192 100
192 174
192 181
192 284
192 286
192 299
193 12
193 85
193 125
193 133
193 147
193 151
193 206
193 233
194 56
194 74
194 129
194 167
194 200
194 206
194 272
195 125
195 186
195 188
195 249
196 5
196 29
196 31
196 71
196 99
196 135
196 162
196 173
196 188
196 262
197 17
197 37
197 43
197 57
197 259
198 8
198 18
198 30
198 77
198 123
198 159
198 197
199 37
199 58
199 152
199 168
199 190
199 245
199 264
199 297
199 298
200 50
200 54
200 71
200 116
200 122
200 173
200 190
200 195
200 219
201 41
201 42
201 53
201 153
201 257
202 20
202 55
202 136
202 139
202 269
202 280
203 213
203 238
203 248
203 298
204 46
204 78
204 142
204 187
204 212
204 223
204 251
204 286
205 196
205 234
205 245
205 249
206 71
206 82
206 176
206 191
207 31
207 34
207 52
207 73
207 219
207 246
207 263
207 292
208 77
208 138
208 165
208 298
209 28
209 268
209 276
210 6
210 9
210 181
210 250
210 285
210 297
211 200
211 225
211 282
212 98
212 157
212 166
213 13
213 38
213 60
213 195
213 210
213 296
214 27
214 174
214 183
214 271
215 62
215 66
215 102
215 150
215 183
215 189
215 200
215 251
216 57
216 190
216 207
216 259
216 289
217 11
217 60
217 109
217 161
217 196
217 226
218 89
218 96
218 111
218 210
218 289
219 61
219 89
219 163
219 233
219 251
219 252
219 275
219 289
219 293
220 33
220 45
220 288
221 20
221 135
222 84
222 112
222 116
222 139
223 4
223 106
223 172
223 219
223 253
223 273
224 25
224 47
224 160
224 249
225 124
225 185
225 204
225 224
225 254
225 294
226 56
226 60
226 64
226 113
226 286
226 299
227 73
227 93
227 120
227 180
227 254
227 263
227 274
227 293
228 18
228 107
228 155
228 162
228 177
228 198
228 252
229 20
229 43
229 45
229 67
229 110
229 169
229 295
230 93
230 162
230 242
231 20
231 64
231 76
231 98
231 115
231 187
231 256
231 262
232 19
232 26
232 47
232 151
232 185
232 188
232 206
233 177
233 299
234 11
234 19
234 79
234 86
234 92
234 154
234 249
235 135
235 163
235 165
235 178
235 228
235 283
236 37
236 109
236 148
236 162
236 172
236 187
236 224
236 262
236 275
237 54
237 78
237 131
237 159
238 88
238 91
238 125
238 279
239 11
239 147
239 203
239 241
240 153
240 154
240 225
240 268
241 2
241 55
241 59
241 64
241 165
241 184
242 276
243 106
243 134
243 144
243 147
243 208
243 284
244 170
244 190
245 11
245 95
245 243
245 255
245 292
246 49
246 154
246 209
246 293
246 299
247 89
247 152
247 215
247 246
247 270
248 17
249 36
249 40
249 44
249 91
249 132
249 173
249 290
250 13
250 31
250 92
250 213
250 229
250 266
250 300
251 26
251 84
251 128
251 212
252 95
252 181
252 190
252 203
252 263
252 295
253 57
253 136
253 186
253 232
253 275
253 289
254 144
254 212
254 243
254 266
255 31
255 96
255 136
255 141
255 147
255 208
255 211
255 261
256 23
256 38
256 51
256 145
256 187
256 199
257 20
257 42
257 79
257 102
257 129
257 158
257 216
257 271
258 110
258 124
258 137
258 147
258 170
258 215
258 221
258 227
259 6
259 8
259 65
259 95
259 153
259 174
259 180
259 207
259 233
259 245
260 56
260 98
260 206
260 261
261 25
261 35
261 47
261 49
261 70
261 117
261 151
261 152
261 180
261 226
261 245
262 5
262 24
262 89
262 90
262 91
262 146
262 194
262 287
263 43
263 96
263 110
263 149
263 165
263 183
263 241
264 52
264 152
264 177
264 215
264 258
264 284
265 11
265 83
265 93
265 99
265 148
265 175
265 267
266 22
266 28
266 38
266 72
266 92
266 143
266 191
266 223
266 227
266 233
267 71
267 76
267 78
267 92
267 141
267 255
267 295
268 83
268 89
268 107
268 110
268 199
268 275
269 3
269 8
269 76
269 99
269 103
269 149
269 152
269 155
269 158
269 173
269 192
270 44
270 118
270 214
270 215
270 298
271 1
271 33
271 87
271 132
271 208
271 258
271 299
272 198
273 25
273 116
273 122
273 148
273 161
273 165
273 167
273 221
273 286
274 25
274 79
274 80
274 114
274 135
274 199
274 246
274 285
275 35
275 120
275 138
275 223
275 270
275 291
276 30
276 40
276 47
276 132
276 174
276 272
276 286
277 18
277 59
277 70
277 104
277 109
277 142
277 174
277 201
277 224
277 279
278 10
278 34
279 41
279 56
279 94
279 119
279 132
279 148
279 151
279 215
279 285
280 98
280 116
280 130
280 170
280 186
280 210
280 230
280 267
281 20
281 54
281 113
281 114
281 129
281 229
281 267
282 5
282 74
282 75
282 124
282 243
282 244
282 259
282 288
283 23
283 49
283 61
283 109
283 128
283 145
283 202
283 203
283 279
284 3
284 49
284 103
284 113
284 167
284 174
284 195
284 250
284 285
285 113
285 196
285 299
286 91
286 139
286 195
286 212
286 227
286 242
287 122
287 127
287 145
287 217
287 245
287 255
287 260
287 271
288 3
288 4
288 17
288 62
288 63
288 88
288 122
288 133
288 144
288 152
288 172
288 173
288 179
288 199
288 237
289 62
289 189
289 241
290 5
290 113
290 168
290 177
290 228
290 233
291 24
291 64
291 142
291 147
291 182
291 189
292 39
292 130
292 147
292 184
292 193
292 252
292 294
293 47
293 50
293 57
293 179
293 211
294 39
294 198
294 207
295 183
295 242
296 35
296 63
296 82
296 128
296 163
296 180
297 19
297 74
297 93
297 262
297 265
298 15
298 17
298 190
299 6
299 49
299 62
299 120
299 166
299 182
299 205
299 240
300 52
300 192
300 226

