250 1000
19 49 15 40 11 4 28 27 8 12 44 8 19 19 45 47 33 66 58 41 12 40 8 60 23 192 71 26 2 3 18 33 50 42 37 100 6 34 62 4 67 4 53 23 12 10 46 52 16 48 14 30 88 27 46 65 140 5 29 4 35 19 16 4 45 30 10 16 15 43 11 15 113 37 16 6 26 16 47 8 36 17 68 14 19 20 9 25 4 39 25 80 16 4 9 49 38 4 31 4 218 7 36 11 109 27 19 22 44 62 38 34 24 4 56 4 33 11 71 64 29 36 67 33 23 127 10 1 34 9 56 18 78 22 41 4 16 36 2 56 3 7 2 33 22 24 49 25 5 37 5 11 142 61 18 48 26 63 29 28 25 2 4 59 42 14 6 43 37 9 74 16 15 22 2 20 12 22 39 3 57 98 1 106 82 14 64 86 36 19 114 16 48 34 23 8 99 31 17 21 54 8 41 38 16 94 11 7 44 6 26 22 11 82 30 119 62 46 27 33 20 44 44 14 37 19 95 49 81 30 5 134 112 48 14 15 24 15 84 3 13 51 35 70 58 3 7 16 21 14 
1 62
1 154
1 191
1 226
2 44
2 49
2 234
3 201
3 208
4 108
4 156
5 36
5 124
5 143
6 3
6 79
6 114
6 121
6 142
6 156
6 176
6 235
6 240
7 75
7 76
7 173
7 180
7 211
7 227
7 242
8 65
8 171
8 209
9 27
9 53
9 120
9 189
10 32
10 34
10 72
10 79
11 48
11 88
11 196
11 215
12 1
12 121
12 122
12 126
12 142
12 220
12 244
13 107
13 177
14 102
14 180
14 244
15 124
15 166
15 180
15 197
16 77
16 187
16 198
16 227
17 14
17 147
17 233
18 75
18 98
18 112
19 21
19 204
19 209
20 106
20 124
20 153
20 238
21 193
22 127
22 192
22 209
22 240
23 137
23 239
24 30
24 96
24 144
24 158
24 227
24 232
25 106
25 116
25 118
25 183
25 191
26 15
26 48
26 104
26 106
26 127
26 144
26 157
26 164
26 215
26 218
26 228
26 236
27 58
27 115
27 119
27 167
28 161
28 171
28 187
28 199
28 201
29 35
29 109
29 119
30 52
30 142
30 194
30 207
30 218
30 245
31 145
31 232
31 234
31 239
31 243
32 156
33 74
33 104
33 174
33 181
33 244
34 30
34 72
34 175
35 2
35 48
35 62
35 70
36 18
36 73
36 91
36 187
36 208
36 209
36 227
37 16
37 137
37 214
38 29
38 133
38 140
38 149
38 210
39 114
39 122
39 135
39 222
39 225
40 29
40 73
40 85
40 123
40 183
41 53
41 93
41 151
41 193
41 229
43 3
43 170
43 223
43 237
44 23
44 52
44 221
46 49
46 145
46 217
46 248
47 17
47 56
47 72
47 95
47 190
47 209
47 237
48 115
48 129
48 187
49 32
50 29
50 39
50 59
50 139
50 183
50 189
50 236
51 24
51 35
51 206
51 239
52 137
52 230
53 22
53 89
53 138
53 156
53 178
54 42
54 70
54 157
55 69
55 159
55 161
55 225
56 140
56 190
56 194
56 216
57 20
57 54
57 56
57 61
57 105
57 109
57 123
57 154
57 155
57 164
57 210
57 219
58 197
59 187
59 226
59 228
60 40
61 227
61 247
62 4
62 199
62 233
62 239
63 94
63 117
63 138
63 179
63 182
63 194
63 206
64 101
64 182
65 151
65 169
66 23
66 74
66 93
66 138
66 248
66 249
67 10
67 153
67 157
67 171
68 157
69 119
69 173
69 186
69 190
69 222
70 97
70 179
71 4
71 19
71 74
71 114
72 171
73 8
73 78
73 125
73 133
73 181
74 186
74 199
74 205
75 16
75 111
76 43
76 193
77 14
77 45
77 166
77 206
78 90
78 124
78 145
78 200
79 7
79 121
79 204
80 44
80 51
80 244
80 246
81 39
82 4
82 59
82 83
82 105
83 4
83 17
83 96
83 239
83 242
84 6
84 161
84 199
85 19
85 210
85 220
85 227
86 8
86 221
87 40
87 65
88 21
88 36
88 45
88 61
88 82
88 189
88 205
89 57
89 115
89 154
89 243
90 71
90 161
90 166
91 84
91 214
92 22
92 49
92 107
92 173
92 180
92 230
93 52
93 169
93 220
94 112
95 88
95 112
95 165
96 65
96 84
96 95
96 102
96 105
97 9
97 146
97 225
97 232
97 248
98 31
98 48
98 73
98 117
98 145
98 179
98 216
99 47
99 101
99 148
99 203
99 229
99 242
100 101
100 114
100 124
100 138
100 193
100 244
101 61
101 73
101 133
101 136
101 142
101 144
101 146
101 148
101 216
101 232
101 233
102 72
102 121
103 101
103 201
103 219
104 65
104 103
105 27
105 48
105 160
105 186
105 206
105 208
106 68
106 89
106 91
106 184
106 231
107 20
108 84
108 105
108 176
109 158
109 186
109 224
110 44
110 80
110 102
110 107
110 134
111 17
111 19
111 34
111 67
111 93
112 21
112 126
112 142
112 246
113 101
113 162
114 8
114 26
114 42
114 58
114 131
115 126
115 141
115 177
116 65
116 67
116 140
116 143
116 245
117 2
117 180
118 56
118 73
118 98
118 122
118 135
118 145
119 8
119 110
119 117
120 5
120 46
120 125
120 236
121 21
121 155
121 161
121 173
121 197
122 142
122 152
122 168
122 223
123 17
123 61
123 81
123 100
123 143
123 151
123 184
123 201
124 142
125 5
125 206
126 27
126 70
126 77
126 104
126 110
126 153
126 166
126 169
127 59
127 144
128 10
128 18
128 81
128 142
128 146
128 181
128 218
129 12
129 109
130 86
130 198
130 222
131 55
131 56
131 73
131 105
131 109
131 113
131 186
131 190
131 240
132 33
132 47
132 160
132 197
133 119
133 203
133 224
133 232
134 143
134 145
134 234
135 45
135 62
135 87
135 125
135 129
135 137
135 142
135 188
135 209
135 214
136 20
136 63
136 106
136 120
136 182
136 226
137 64
137 110
137 113
137 114
137 184
137 200
138 158
139 4
139 136
139 144
139 149
140 36
140 129
140 145
141 209
142 81
142 91
142 159
142 219
143 59
143 100
144 100
144 164
144 241
145 10
145 174
146 72
147 70
148 25
148 69
148 124
148 204
148 234
149 19
149 96
149 242
150 35
150 50
150 74
150 81
150 124
151 39
151 100
151 110
152 110
152 129
152 173
152 248
153 7
153 29
153 41
153 57
153 75
153 136
153 216
154 18
154 96
154 103
154 195
154 218
155 5
155 56
155 68
155 95
155 103
155 184
155 236
156 132
157 43
157 76
157 79
157 183
158 9
158 41
158 54
158 68
158 216
158 220
158 225
159 120
159 146
159 214
160 13
160 32
160 215
160 230
162 138
162 146
162 155
162 200
162 216
162 250
163 216
164 82
164 99
164 152
164 173
164 181
165 3
165 10
165 101
165 103
165 184
165 229
166 9
166 11
166 18
166 38
166 52
166 168
166 169
167 92
167 97
167 121
167 147
167 166
168 27
168 115
168 192
168 214
169 5
169 17
169 83
170 37
170 114
170 160
170 224
171 1
171 16
171 34
171 164
171 220
171 227
172 2
172 31
172 41
172 81
172 128
172 149
172 152
172 215
172 220
173 40
173 135
174 81
174 107
174 125
174 162
175 114
175 117
175 154
175 211
175 213
176 144
176 172
176 180
177 22
177 32
177 77
177 140
177 148
178 36
178 60
178 115
178 249
179 6
179 49
179 62
179 144
179 171
179 191
180 10
180 79
181 187
181 227
182 77
182 158
182 174
183 111
184 13
184 15
184 90
184 99
185 24
185 28
185 92
185 108
185 119
185 124
185 225
185 234
186 92
186 161
186 202
186 210
186 225
187 55
187 68
187 134
187 182
188 37
188 175
188 177
188 179
188 185
188 195
188 217
188 240
188 248
189 15
189 100
189 182
189 193
189 224
190 31
190 145
190 147
190 210
190 242
191 54
191 66
191 97
191 101
191 171
191 213
191 235
192 18
192 85
192 147
192 211
193 30
193 134
193 147
193 150
193 233
193 249
194 14
194 22
194 41
194 86
194 212
194 246
195 47
195 140
195 214
196 7
196 41
196 73
196 209
197 27
197 33
197 83
197 156
197 206
198 85
198 103
198 146
199 33
199 154
199 237
200 81
200 127
200 130
200 134
200 143
200 181
200 210
201 111
201 122
201 174
201 181
202 8
203 11
203 83
203 130
203 153
204 29
204 37
204 45
204 136
204 176
205 15
205 97
205 143
205 144
206 70
206 81
206 164
206 243
207 18
207 144
207 173
208 126
208 151
208 167
209 53
209 123
209 154
209 158
210 90
210 126
210 133
210 184
210 246
211 47
211 86
211 109
211 118
211 187
212 80
212 119
212 188
212 228
213 24
213 117
213 198
213 207
214 10
214 20
214 64
214 81
215 61
215 244
216 45
216 59
216 61
216 176
216 177
217 43
217 107
217 156
217 180
217 209
218 114
218 182
218 203
218 237
219 19
219 92
219 131
219 163
219 186
220 133
220 184
221 112
221 113
222 120
222 174
222 212
223 13
223 55
223 139
223 159
223 238
224 81
224 88
224 91
224 107
224 168
225 132
225 197
226 2
226 181
226 228
227 59
227 185
228 83
228 88
228 126
228 217
229 26
229 32
229 98
229 104
230 65
230 247
231 28
231 43
231 203
232 107
232 124
232 145
232 197
232 230
233 1
233 55
233 109
233 147
233 150
233 153
233 189
233 201
233 206
233 232
233 236
233 248
234 142
234 229
234 243
235 38
235 53
235 155
235 222
235 232
236 82
236 134
236 191
237 53
237 71
237 177
237 221
238 86
239 86
239 101
239 143
239 150
239 169
239 221
241 132
241 141
241 183
241 230
242 57
242 184
242 230
243 202
243 246
244 11
244 31
244 34
244 134
245 76
245 90
245 157
245 182
245 229
245 234
246 9
246 211
246 227
247 193
247 228
247 233
247 238
248 11
248 187
248 237
249 37
249 121
249 189
249 218
250 65
250 134
250 142

