250 5000
924 549 2629 575 13 338 766 1073 389 8 1400 680 759 676 1621 356 198 173 481 1361 1657 1715 1326 28 1504 502 493 1177 243 239 190 720 1125 242 1441 845 407 781 744 1284 610 1095 371 97 1775 504 792 953 504 1042 717 685 632 2231 1798 1665 691 1299 1452 1550 317 1378 901 1293 668 400 16 923 173 1273 474 857 493 42 5 307 1168 911 309 333 1051 1136 854 1101 727 370 542 940 3380 1650 811 1138 784 1344 207 264 858 1064 76 994 894 768 997 1224 779 931 724 1097 1348 192 618 1485 781 574 727 930 892 64 1763 466 171 811 1703 6 276 1209 121 275 1205 357 735 1154 1535 1515 974 1280 1433 103 325 1620 526 203 1424 1142 276 239 1230 980 95 265 1425 1644 471 216 1350 442 718 669 703 825 532 481 1254 1662 1068 1947 943 52 1386 871 849 2546 539 62 1026 152 22 625 1711 133 905 2263 213 1047 505 974 2068 937 1462 1252 709 1090 958 1066 1184 926 1748 316 1038 394 658 2319 1498 285 428 129 853 599 1163 1510 1622 561 435 782 1084 349 1059 980 1820 970 908 361 1530 264 181 285 406 673 1412 276 667 573 611 823 961 429 437 525 145 1447 231 81 926 922 249 340 787 405 1558 727 
1 5
1 10
1 24
1 38
1 48
1 87
1 89
1 103
1 115
1 120
1 130
1 133
1 138
1 164
1 186
1 204
1 216
1 241
1 250
2 31
2 40
2 55
2 65
2 74
2 82
2 85
2 93
2 107
2 108
2 111
2 117
2 148
2 150
2 151
2 156
2 197
2 224
3 14
3 15
3 31
3 52
3 53
3 55
3 59
3 65
3 66
3 80
3 92
3 93
3 99
3 100
3 102
3 112
3 120
3 122
3 124
3 131
3 132
3 149
3 150
3 155
3 178
3 186
3 192
3 196
3 203
3 208
3 233
4 11
4 12
4 23
4 26
4 71
4 85
4 86
4 95
4 98
4 116
4 117
4 122
4 123
4 167
4 177
4 179
4 219
4 237
5 50
5 83
5 94
5 105
5 127
5 135
5 136
5 143
5 148
5 155
5 168
5 181
5 192
5 199
5 218
5 224
5 230
5 235
6 4
6 5
6 9
6 24
6 38
6 51
6 73
6 112
6 137
6 154
6 160
6 163
6 173
6 175
6 178
6 187
6 197
6 202
6 205
6 207
6 209
6 214
6 245
7 62
7 65
7 69
7 74
7 82
7 98
7 105
7 115
7 126
7 143
7 189
7 221
7 223
7 230
7 244
8 9
8 17
8 20
8 25
8 30
8 40
8 46
8 48
8 49
8 64
8 79
8 95
8 97
8 106
8 121
8 123
8 127
8 145
8 165
8 170
8 176
8 182
8 186
8 192
8 199
8 219
8 249
9 16
9 37
9 66
9 68
9 72
9 79
9 92
9 133
9 137
9 138
9 147
9 150
9 159
9 175
9 178
9 183
9 188
9 193
9 195
9 202
9 225
9 238
10 21
10 30
10 33
10 77
10 85
10 93
10 109
10 139
10 144
10 161
10 162
10 170
10 174
10 188
10 229
10 233
10 234
10 245
11 12
11 24
11 25
11 35
11 38
11 47
11 61
11 68
11 71
11 82
11 90
11 97
11 98
11 123
11 132
11 134
11 140
11 146
11 152
11 179
11 194
11 195
11 202
11 239
12 3
12 24
12 26
12 30
12 37
12 52
12 72
12 79
12 95
12 106
12 128
12 136
12 153
12 154
12 157
12 172
12 212
12 225
12 230
12 232
12 248
13 8
13 18
13 35
13 39
13 53
13 63
13 73
13 81
13 94
13 108
13 110
13 136
13 154
13 157
13 178
13 180
13 190
13 218
13 226
13 242
14 13
14 15
14 56
14 87
14 89
14 91
14 96
14 100
14 140
14 151
14 153
14 176
14 182
14 189
14 205
14 218
15 5
15 9
15 25
15 50
15 51
15 64
15 79
15 84
15 102
15 108
15 109
15 132
15 145
15 163
15 207
15 222
15 225
15 238
15 240
15 246
15 248
16 14
16 21
16 25
16 30
16 55
16 63
16 67
16 72
16 78
16 83
16 86
16 91
16 94
16 104
16 131
16 160
16 180
16 188
16 189
16 190
16 201
16 209
16 233
17 13
17 28
17 31
17 43
17 45
17 59
17 63
17 67
17 73
17 102
17 118
17 129
17 153
17 165
17 168
17 205
17 206
17 214
18 3
18 6
18 10
18 11
18 22
18 33
18 35
18 52
18 54
18 100
18 105
18 115
18 118
18 134
18 146
18 156
18 168
18 195
18 198
18 203
18 230
18 236
18 242
19 1
19 14
19 15
19 27
19 32
19 79
19 81
19 85
19 98
19 103
19 106
19 111
19 118
19 155
19 159
19 160
19 178
19 186
19 191
19 195
19 203
19 205
19 222
19 233
19 238
19 242
20 29
20 31
20 41
20 49
20 69
20 81
20 115
20 132
20 150
20 158
20 161
20 165
20 169
20 180
20 184
20 192
20 201
20 207
20 208
20 244
21 6
21 11
21 44
21 53
21 55
21 58
21 70
21 71
21 88
21 90
21 115
21 119
21 120
21 126
21 166
21 203
21 225
21 242
22 7
22 36
22 47
22 52
22 61
22 62
22 64
22 71
22 88
22 103
22 120
22 136
22 139
22 148
22 158
22 168
22 180
22 208
22 218
22 220
22 226
22 233
22 236
23 5
23 13
23 15
23 18
23 19
23 41
23 105
23 107
23 109
23 111
23 116
23 134
23 152
23 167
23 194
23 197
23 203
23 217
23 221
23 230
23 234
23 248
24 13
24 14
24 40
24 43
24 50
24 83
24 86
24 91
24 111
24 127
24 140
24 141
24 145
24 149
24 171
24 175
24 180
24 190
24 196
24 234
24 242
24 244
25 2
25 7
25 40
25 45
25 46
25 52
25 58
25 62
25 66
25 72
25 93
25 94
25 113
25 120
25 127
25 136
25 142
25 152
25 187
25 198
25 212
25 227
25 228
25 229
25 233
25 235
25 241
25 250
26 1
26 13
26 40
26 41
26 83
26 84
26 86
26 89
26 96
26 131
26 138
26 142
26 145
26 185
26 193
26 197
26 204
27 3
27 21
27 23
27 25
27 29
27 40
27 87
27 104
27 110
27 114
27 152
27 160
27 161
27 166
27 181
27 185
27 188
27 195
28 12
28 38
28 54
28 71
28 78
28 84
28 113
28 121
28 137
28 154
28 165
28 181
28 189
28 192
28 203
28 210
28 226
28 243
28 245
28 248
29 1
29 23
29 25
29 26
29 72
29 80
29 93
29 95
29 126
29 140
29 142
29 143
29 156
29 158
29 180
29 188
29 190
29 215
29 218
30 13
30 48
30 71
30 82
30 91
30 93
30 124
30 135
30 160
30 163
30 168
30 174
30 179
30 188
30 218
30 224
30 231
30 240
30 243
31 21
31 52
31 58
31 76
31 92
31 96
31 98
31 124
31 128
31 145
31 151
31 156
31 164
31 172
31 201
31 216
31 217
31 229
31 239
32 15
32 23
32 28
32 33
32 40
32 54
32 59
32 68
32 72
32 76
32 83
32 94
32 105
32 119
32 122
32 146
32 157
32 181
32 182
32 226
33 6
33 20
33 45
33 80
33 95
33 103
33 177
33 196
33 200
33 206
33 211
33 221
33 222
34 2
34 14
34 38
34 40
34 42
34 64
34 83
34 91
34 98
34 101
34 107
34 124
34 135
34 153
34 160
34 164
34 174
34 199
34 229
34 235
34 238
35 20
35 21
35 31
35 39
35 55
35 57
35 58
35 74
35 75
35 77
35 81
35 86
35 94
35 96
35 153
35 168
35 197
35 212
35 241
36 9
36 20
36 21
36 24
36 65
36 77
36 80
36 81
36 83
36 94
36 98
36 117
36 119
36 132
36 142
36 161
36 174
36 199
36 209
36 215
36 219
36 229
36 243
37 4
37 22
37 29
37 38
37 39
37 56
37 61
37 82
37 83
37 89
37 97
37 98
37 104
37 115
37 136
37 142
37 145
37 151
37 154
37 169
37 170
37 177
37 180
37 186
37 205
37 219
37 230
37 249
38 16
38 26
38 49
38 79
38 80
38 85
38 119
38 123
38 136
38 171
38 180
39 27
39 29
39 41
39 65
39 72
39 73
39 81
39 83
39 86
39 94
39 103
39 106
39 137
39 153
39 157
39 159
39 178
39 184
39 219
39 227
40 47
40 79
40 91
40 116
40 120
40 123
40 159
40 184
40 212
40 228
40 233
41 5
41 7
41 16
41 22
41 31
41 32
41 33
41 43
41 49
41 56
41 58
41 78
41 95
41 100
41 112
41 122
41 128
41 157
41 162
41 182
41 184
41 187
41 189
41 190
41 198
41 212
41 229
41 242
42 10
42 22
42 29
42 32
42 48
42 54
42 70
42 85
42 95
42 96
42 142
42 151
42 152
42 153
42 161
42 167
42 173
42 174
42 187
42 202
42 222
43 15
43 16
43 21
43 32
43 40
43 56
43 60
43 69
43 70
43 78
43 83
43 102
43 127
43 134
43 157
43 165
43 166
43 170
43 172
43 178
43 180
43 187
43 197
43 208
43 228
43 246
43 250
44 6
44 10
44 22
44 33
44 34
44 56
44 57
44 60
44 72
44 135
44 140
44 152
44 163
44 168
44 184
44 185
44 204
44 233
44 235
44 236
44 242
45 16
45 30
45 35
45 58
45 64
45 67
45 84
45 98
45 101
45 108
45 143
45 176
45 190
45 206
45 209
45 213
45 219
45 222
45 226
45 232
45 236
46 12
46 15
46 18
46 21
46 60
46 64
46 72
46 74
46 85
46 129
46 153
46 154
46 194
46 206
46 210
46 214
46 216
46 223
46 224
46 246
47 7
47 13
47 23
47 48
47 68
47 73
47 94
47 96
47 109
47 114
47 126
47 129
47 155
47 170
47 174
47 179
47 190
47 208
47 228
47 239
48 2
48 61
48 65
48 89
48 93
48 104
48 106
48 173
48 181
48 187
48 229
49 3
49 7
49 14
49 28
49 29
49 44
49 46
49 54
49 71
49 83
49 111
49 119
49 140
49 142
49 150
49 193
49 197
49 231
49 235
49 238
50 4
50 27
50 33
50 49
50 60
50 65
50 79
50 83
50 99
50 111
50 114
50 121
50 124
50 133
50 205
50 217
51 9
51 21
51 24
51 36
51 42
51 52
51 57
51 60
51 77
51 96
51 110
51 155
51 170
51 189
51 205
51 235
51 239
51 246
51 248
52 4
52 43
52 50
52 80
52 95
52 105
52 107
52 128
52 133
52 149
52 159
52 175
52 188
52 209
52 236
53 1
53 8
53 12
53 14
53 28
53 30
53 49
53 62
53 69
53 88
53 89
53 100
53 122
53 142
53 148
53 158
53 165
53 170
53 177
53 182
53 187
53 189
53 203
53 221
53 223
53 232
53 235
54 4
54 14
54 34
54 35
54 47
54 48
54 70
54 104
54 108
54 109
54 113
54 127
54 135
54 141
54 144
54 148
54 149
54 157
54 161
54 183
54 184
54 199
54 203
54 216
54 222
54 233
55 4
55 6
55 9
55 18
55 22
55 38
55 56
55 58
55 67
55 75
55 90
55 103
55 118
55 133
55 146
55 201
55 207
55 222
55 224
55 225
55 226
55 244
56 3
56 26
56 34
56 61
56 69
56 92
56 123
56 124
56 154
56 158
56 161
56 172
56 209
56 212
56 218
56 229
56 237
57 2
57 42
57 81
57 83
57 85
57 86
57 87
57 95
57 128
57 147
57 195
57 201
57 211
57 214
57 229
57 241
58 23
58 29
58 30
58 54
58 73
58 75
58 77
58 87
58 97
58 111
58 118
58 119
58 130
58 135
58 144
58 152
58 153
58 163
58 168
58 190
58 222
59 16
59 25
59 40
59 49
59 52
59 67
59 85
59 110
59 118
59 139
59 142
59 162
59 164
59 191
59 211
59 219
59 238
60 2
60 4
60 38
60 42
60 65
60 68
60 69
60 76
60 79
60 89
60 110
60 119
60 121
60 122
60 137
60 140
60 159
60 161
60 186
60 197
60 214
60 215
60 218
60 227
60 235
60 246
61 18
61 29
61 38
61 64
61 70
61 71
61 72
61 74
61 75
61 83
61 85
61 101
61 126
61 141
61 144
61 158
61 178
61 179
61 186
61 191
61 193
61 197
61 213
61 220
61 227
61 234
61 241
61 248
62 1
62 11
62 14
62 34
62 36
62 41
62 43
62 63
62 72
62 76
62 78
62 93
62 135
62 139
62 147
62 156
62 162
62 166
62 167
62 169
62 218
62 222
62 229
62 234
62 236
62 237
62 246
62 247
63 3
63 11
63 15
63 47
63 60
63 88
63 98
63 109
63 117
63 125
63 155
63 169
63 179
63 186
63 187
63 192
63 213
64 14
64 20
64 29
64 42
64 54
64 60
64 67
64 77
64 79
64 96
64 119
64 120
64 130
64 135
64 140
64 141
64 152
64 157
64 168
64 174
64 189
64 192
64 199
64 200
64 204
64 221
64 234
64 241
64 244
65 29
65 44
65 106
65 127
65 141
65 147
65 159
65 160
65 161
65 169
65 173
65 181
65 189
65 199
65 202
65 211
65 233
65 236
65 249
66 16
66 18
66 21
66 30
66 49
66 57
66 62
66 74
66 77
66 103
66 115
66 172
66 174
66 194
66 203
66 204
66 221
67 11
67 12
67 31
67 38
67 39
67 50
67 51
67 74
67 77
67 90
67 109
67 111
67 114
67 120
67 128
67 139
67 144
67 153
67 162
67 164
67 178
67 200
67 202
67 216
67 236
67 239
68 3
68 4
68 25
68 37
68 41
68 52
68 88
68 110
68 125
68 130
68 151
68 162
68 168
68 174
68 182
68 189
68 194
68 204
68 220
68 222
68 227
69 34
69 42
69 64
69 65
69 66
69 67
69 79
69 83
69 90
69 102
69 110
69 114
69 140
69 170
69 175
69 182
69 192
69 193
69 205
69 220
69 224
69 236
70 12
70 13
70 19
70 58
70 69
70 78
70 99
70 117
70 119
70 120
70 129
70 152
70 153
70 176
70 246
71 35
71 36
71 37
71 50
71 146
71 173
71 179
71 196
71 224
71 238
71 240
71 249
71 250
72 3
72 4
72 18
72 24
72 40
72 48
72 77
72 85
72 125
72 129
72 144
72 148
72 168
72 175
72 178
72 183
72 190
72 198
72 228
73 16
73 54
73 81
73 113
73 122
73 132
73 145
73 172
73 174
73 184
73 190
73 194
73 204
73 207
73 221
73 233
73 241
74 16
74 39
74 41
74 48
74 56
74 70
74 76
74 79
74 92
74 135
74 153
74 163
74 167
74 170
74 176
74 179
74 183
74 240
75 2
75 7
75 39
75 41
75 47
75 72
75 79
75 81
75 89
75 103
75 105
75 112
75 130
75 217
75 244
76 26
76 33
76 40
76 42
76 61
76 90
76 97
76 104
76 116
76 119
76 138
76 156
76 166
76 179
76 180
76 183
76 188
76 189
76 231
76 237
77 6
77 16
77 18
77 41
77 45
77 56
77 103
77 110
77 154
77 162
77 163
77 174
77 185
77 231
77 232
77 245
78 13
78 27
78 30
78 31
78 33
78 45
78 54
78 60
78 116
78 136
78 154
78 161
78 189
78 190
78 191
78 206
78 239
78 243
78 248
79 11
79 14
79 28
79 47
79 54
79 62
79 63
79 68
79 70
79 78
79 93
79 98
79 103
79 124
79 142
79 148
79 158
79 159
79 166
79 177
79 194
79 195
79 204
79 226
80 2
80 22
80 41
80 66
80 67
80 92
80 130
80 135
80 140
80 149
80 166
80 170
80 178
80 189
80 219
81 16
81 18
81 22
81 48
81 66
81 84
81 107
81 168
81 179
81 197
81 207
81 219
81 226
82 4
82 5
82 24
82 42
82 51
82 98
82 101
82 104
82 137
82 139
82 152
82 172
82 176
82 185
82 217
82 222
82 223
82 229
82 234
82 244
82 245
83 47
83 51
83 65
83 71
83 75
83 115
83 116
83 128
83 136
83 141
83 147
83 159
83 167
83 179
83 180
83 183
83 187
83 199
83 212
83 228
83 232
84 7
84 31
84 37
84 40
84 53
84 59
84 60
84 66
84 75
84 116
84 117
84 126
84 142
84 159
84 160
84 171
84 173
84 176
84 197
84 225
84 228
85 23
85 39
85 49
85 51
85 62
85 67
85 70
85 86
85 90
85 94
85 107
85 127
85 137
85 161
85 174
85 185
85 238
85 239
85 243
86 6
86 7
86 22
86 25
86 27
86 30
86 41
86 66
86 97
86 112
86 113
86 114
86 116
86 117
86 125
86 127
86 137
86 169
86 170
86 172
86 176
86 215
87 2
87 20
87 39
87 46
87 50
87 68
87 81
87 116
87 127
87 136
87 158
87 162
87 169
87 183
87 193
87 195
87 198
87 203
87 206
87 209
87 224
87 240
87 243
88 6
88 15
88 16
88 33
88 44
88 45
88 50
88 55
88 61
88 71
88 80
88 84
88 112
88 121
88 123
88 135
88 166
88 168
88 180
88 187
88 195
88 202
88 220
88 249
89 12
89 15
89 16
89 41
89 44
89 45
89 51
89 56
89 66
89 79
89 81
89 82
89 92
89 102
89 108
89 113
89 121
89 132
89 134
89 137
89 154
89 179
89 186
89 196
89 201
89 203
89 205
89 217
89 247
89 249
90 17
90 32
90 39
90 40
90 54
90 63
90 84
90 96
90 98
90 102
90 119
90 134
90 143
90 154
90 155
90 166
90 172
90 189
90 191
90 195
90 248
91 3
91 33
91 36
91 42
91 44
91 49
91 56
91 66
91 67
91 111
91 126
91 163
91 167
91 179
91 181
91 208
91 221
91 227
91 241
92 20
92 24
92 65
92 72
92 97
92 99
92 157
92 162
92 167
92 172
92 194
92 217
92 245
93 12
93 19
93 81
93 87
93 94
93 97
93 109
93 112
93 117
93 119
93 122
93 124
93 135
93 141
93 172
93 175
93 216
93 231
93 243
94 1
94 10
94 11
94 48
94 59
94 70
94 76
94 79
94 96
94 122
94 124
94 146
94 150
94 165
94 177
94 189
94 205
94 207
94 210
95 31
95 51
95 72
95 77
95 80
95 81
95 85
95 87
95 89
95 112
95 127
95 131
95 163
95 198
95 208
95 214
95 220
95 231
96 5
96 30
96 40
96 62
96 63
96 72
96 87
96 89
96 104
96 114
96 125
96 139
96 181
96 190
96 202
96 209
97 2
97 39
97 65
97 77
97 82
97 107
97 118
97 124
97 130
97 136
97 153
97 155
97 181
97 196
97 210
97 216
97 223
97 226
97 229
98 9
98 22
98 33
98 50
98 53
98 57
98 59
98 66
98 69
98 84
98 91
98 112
98 170
98 224
98 241
99 11
99 21
99 27
99 56
99 58
99 61
99 71
99 85
99 88
99 126
99 168
99 182
99 207
99 226
100 5
100 12
100 56
100 90
100 95
100 132
100 139
100 148
100 149
100 171
100 175
100 194
100 204
100 206
100 210
100 212
100 222
101 15
101 17
101 26
101 28
101 29
101 52
101 53
101 59
101 63
101 85
101 86
101 92
101 126
101 129
101 177
101 197
101 211
101 213
101 240
102 5
102 18
102 22
102 23
102 25
102 32
102 48
102 50
102 53
102 73
102 74
102 80
102 123
102 144
102 176
102 200
102 207
102 225
102 247
102 249
103 4
103 15
103 47
103 48
103 50
103 53
103 69
103 94
103 97
103 99
103 126
103 132
103 147
103 160
103 221
103 222
103 224
104 6
104 18
104 19
104 21
104 29
104 36
104 59
104 69
104 70
104 86
104 120
104 130
104 148
104 168
104 215
104 230
105 2
105 11
105 12
105 19
105 46
105 49
105 65
105 77
105 114
105 116
105 123
105 134
105 136
105 142
105 163
105 178
105 180
105 181
105 186
105 187
105 193
105 195
105 212
105 223
105 234
105 236
106 9
106 33
106 35
106 55
106 56
106 67
106 70
106 98
106 100
106 111
106 117
106 120
106 148
106 151
106 158
106 175
106 182
106 199
106 203
106 216
106 239
106 244
107 3
107 24
107 30
107 40
107 44
107 47
107 56
107 72
107 77
107 89
107 101
107 116
107 118
107 151
107 153
107 155
107 161
107 165
107 186
107 201
107 208
107 243
108 33
108 35
108 36
108 37
108 47
108 60
108 100
108 114
108 120
108 123
108 142
108 145
108 147
108 160
108 167
108 173
108 179
108 206
108 215
109 9
109 50
109 60
109 65
109 72
109 78
109 96
109 99
109 106
109 111
109 119
109 142
109 145
109 151
109 168
109 178
109 184
109 187
109 194
109 234
109 239
110 9
110 12
110 18
110 21
110 31
110 34
110 41
110 49
110 66
110 78
110 86
110 87
110 92
110 115
110 124
110 132
110 148
110 157
110 161
110 172
110 175
110 176
110 179
110 188
110 189
110 201
110 202
111 15
111 32
111 35
111 56
111 66
111 77
111 79
111 94
111 130
111 142
111 146
111 179
111 192
111 200
111 211
111 236
112 4
112 14
112 39
112 46
112 59
112 89
112 109
112 127
112 133
112 134
112 137
112 146
112 152
112 153
112 156
112 158
112 201
112 205
112 226
112 229
112 232
112 238
112 240
112 244
113 13
113 18
113 30
113 35
113 40
113 93
113 97
113 122
113 129
113 139
113 140
113 141
113 147
113 148
113 165
113 183
113 185
113 193
113 194
113 197
113 198
113 219
113 245
114 2
114 9
114 11
114 33
114 45
114 49
114 54
114 60
114 66
114 82
114 89
114 90
114 102
114 116
114 156
114 160
114 171
114 185
114 192
114 201
114 209
114 219
114 225
114 233
114 240
114 247
115 32
115 33
115 43
115 52
115 54
115 56
115 61
115 72
115 130
115 147
115 148
115 152
115 164
115 185
115 194
115 204
115 207
115 214
115 239
116 19
116 35
116 38
116 39
116 55
116 58
116 62
116 64
116 89
116 90
116 97
116 99
116 104
116 123
116 144
116 161
116 163
116 178
116 185
116 187
116 238
116 249
117 1
117 6
117 28
117 40
117 57
117 65
117 74
117 90
117 94
117 121
117 129
117 170
117 220
117 234
117 248
118 28
118 31
118 36
118 45
118 57
118 62
118 102
118 110
118 117
118 124
118 133
118 143
118 151
118 158
118 170
118 189
118 200
118 236
119 33
119 35
119 37
119 54
119 72
119 82
119 111
119 124
119 127
119 135
119 138
119 151
119 154
119 164
119 185
119 192
119 199
119 200
119 220
119 223
119 249
120 12
120 20
120 29
120 35
120 58
120 75
120 85
120 96
120 116
120 117
120 131
120 142
120 172
120 181
120 185
120 198
120 199
120 205
120 209
121 1
121 5
121 9
121 14
121 42
121 96
121 104
121 122
121 123
121 135
121 172
121 173
121 178
121 191
121 208
121 243
122 35
122 46
122 54
122 58
122 81
122 91
122 99
122 102
122 108
122 134
122 147
122 158
122 171
122 172
122 178
122 181
122 193
122 195
122 209
122 230
123 5
123 22
123 59
123 75
123 84
123 100
123 106
123 129
123 130
123 137
123 147
123 161
123 174
123 180
123 188
123 199
123 221
123 241
123 246
124 1
124 19
124 25
124 67
124 82
124 102
124 114
124 130
124 132
124 133
124 137
124 148
124 177
124 182
124 199
124 209
124 210
124 214
125 20
125 23
125 39
125 48
125 49
125 61
125 62
125 75
125 90
125 94
125 109
125 127
125 134
125 158
125 164
125 169
125 172
125 197
125 198
125 200
125 217
125 222
125 224
125 250
126 3
126 8
126 10
126 36
126 52
126 53
126 54
126 57
126 67
126 94
126 105
126 112
126 138
126 144
126 171
126 185
126 202
126 211
126 214
126 218
126 226
126 227
126 239
126 244
127 11
127 14
127 40
127 46
127 56
127 80
127 88
127 107
127 122
127 134
127 149
127 179
127 193
127 201
127 203
127 218
127 225
127 234
127 246
128 15
128 17
128 29
128 37
128 39
128 89
128 93
128 106
128 134
128 149
128 178
128 207
128 221
128 242
129 4
129 14
129 21
129 68
129 86
129 87
129 105
129 130
129 147
129 153
129 161
129 172
129 200
129 202
129 208
129 220
129 222
129 223
129 248
130 11
130 29
130 56
130 63
130 71
130 73
130 92
130 119
130 126
130 133
130 150
130 175
130 181
130 189
130 201
130 209
130 228
130 249
131 4
131 5
131 14
131 18
131 20
131 21
131 28
131 29
131 32
131 48
131 50
131 52
131 96
131 107
131 108
131 109
131 113
131 118
131 128
131 147
131 162
131 203
131 208
131 216
131 221
131 239
132 27
132 35
132 43
132 70
132 77
132 94
132 104
132 108
132 134
132 137
132 160
132 163
132 167
132 168
132 173
132 187
132 195
132 207
132 216
132 224
132 229
132 249
133 2
133 21
133 22
133 33
133 39
133 45
133 61
133 67
133 85
133 89
133 92
133 99
133 102
133 105
133 106
133 129
133 143
133 148
133 168
133 179
133 182
133 188
133 200
133 207
133 210
133 236
133 238
133 243
133 247
133 250
134 17
134 21
134 29
134 32
134 35
134 48
134 59
134 67
134 77
134 84
134 87
134 92
134 96
134 101
134 103
134 109
134 144
134 149
134 158
134 160
134 166
134 187
134 197
134 198
134 200
134 202
134 205
134 209
135 3
135 6
135 9
135 12
135 20
135 33
135 42
135 68
135 84
135 97
135 104
135 109
135 110
135 123
135 126
135 152
135 165
135 175
135 202
135 203
135 205
135 207
135 213
135 219
135 220
136 8
136 15
136 43
136 53
136 64
136 66
136 67
136 68
136 89
136 101
136 109
136 124
136 126
136 137
136 139
136 153
136 187
136 196
136 241
137 7
137 14
137 26
137 27
137 36
137 58
137 67
137 76
137 84
137 97
137 116
137 117
137 128
137 129
137 180
137 194
137 200
137 217
137 223
137 243
138 18
138 70
138 100
138 103
138 115
138 148
138 152
138 153
138 154
138 161
138 195
138 196
138 199
138 201
138 205
138 217
138 245
139 19
139 30
139 42
139 65
139 97
139 126
139 131
139 135
139 173
139 176
139 188
139 224
139 227
139 233
140 18
140 20
140 40
140 43
140 45
140 84
140 96
140 101
140 102
140 118
140 130
140 131
140 137
140 151
140 178
140 186
140 195
140 203
140 213
140 217
140 228
140 229
141 1
141 16
141 18
141 20
141 34
141 62
141 84
141 118
141 162
141 211
141 250
142 9
142 17
142 52
142 61
142 73
142 87
142 96
142 110
142 125
142 155
142 169
142 172
142 181
142 192
142 197
142 246
142 248
143 1
143 9
143 13
143 21
143 38
143 41
143 42
143 72
143 75
143 108
143 116
143 125
143 134
143 136
143 137
143 162
143 164
143 181
143 184
143 204
143 205
143 210
143 211
143 215
143 217
143 241
144 12
144 33
144 36
144 40
144 43
144 49
144 55
144 65
144 73
144 89
144 92
144 148
144 166
144 173
144 174
144 188
144 189
144 205
144 206
144 211
144 214
144 236
145 22
145 50
145 83
145 133
145 135
145 152
145 154
145 164
145 168
145 175
145 197
145 200
145 213
145 215
145 237
146 3
146 17
146 23
146 49
146 54
146 73
146 75
146 79
146 90
146 104
146 106
146 119
146 123
146 126
146 130
146 142
146 165
146 172
146 184
146 192
146 213
146 239
147 10
147 17
147 20
147 29
147 36
147 42
147 67
147 68
147 76
147 77
147 102
147 124
147 134
147 136
147 142
147 173
147 175
147 178
147 179
147 190
147 210
147 212
147 228
147 233
147 245
147 247
148 12
148 13
148 20
148 27
148 45
148 67
148 111
148 130
148 139
148 150
148 152
148 168
148 180
148 182
148 197
148 214
148 227
148 232
148 234
148 242
148 249
149 9
149 39
149 45
149 67
149 74
149 76
149 83
149 85
149 90
149 112
149 150
149 169
149 202
149 223
149 248
150 4
150 18
150 47
150 71
150 116
150 175
150 197
150 198
150 202
150 234
151 41
151 69
151 70
151 72
151 91
151 97
151 99
151 127
151 130
151 178
151 195
151 207
151 223
151 225
151 245
152 1
152 49
152 55
152 71
152 83
152 85
152 87
152 101
152 120
152 132
152 139
152 146
152 156
152 184
152 209
152 216
152 220
152 221
152 237
152 243
152 244
152 245
152 249
153 5
153 15
153 22
153 55
153 60
153 83
153 108
153 113
153 121
153 127
153 134
153 150
153 157
153 193
153 197
153 207
153 215
153 221
153 226
153 242
153 245
153 247
154 14
154 16
154 25
154 27
154 55
154 69
154 93
154 99
154 105
154 118
154 120
154 121
154 126
154 157
154 162
154 170
154 184
154 199
154 218
154 237
154 240
154 245
155 4
155 39
155 56
155 81
155 91
155 100
155 103
155 115
155 123
155 150
155 162
155 173
155 178
155 183
155 194
155 202
155 216
155 226
155 228
155 233
156 34
156 43
156 57
156 67
156 68
156 109
156 110
156 121
156 130
156 136
156 151
156 160
156 164
156 166
156 172
156 173
156 195
156 200
156 221
156 223
156 228
156 232
156 249
157 14
157 23
157 26
157 35
157 58
157 79
157 83
157 85
157 115
157 121
157 133
157 138
157 167
157 187
157 195
157 207
157 211
158 18
158 94
158 98
158 101
158 107
158 116
158 136
158 138
158 150
158 169
158 185
158 187
158 200
158 213
158 244
158 248
158 249
159 17
159 29
159 51
159 61
159 72
159 81
159 95
159 131
159 154
159 183
159 216
159 219
159 226
159 232
159 238
160 46
160 47
160 67
160 70
160 86
160 93
160 115
160 123
160 125
160 140
160 149
160 163
160 169
160 173
160 174
160 175
160 179
160 188
160 196
160 205
160 222
160 238
161 11
161 14
161 31
161 40
161 49
161 52
161 58
161 63
161 91
161 103
161 125
161 134
161 150
161 151
161 168
161 201
161 204
161 213
161 227
161 242
162 1
162 35
162 42
162 50
162 73
162 89
162 94
162 116
162 122
162 126
162 146
162 153
162 158
162 172
162 177
162 185
162 190
162 214
162 226
163 4
163 24
163 25
163 27
163 55
163 56
163 76
163 81
163 90
163 110
163 111
163 134
163 149
163 150
163 169
163 189
163 191
163 207
163 220
163 230
163 248
164 14
164 33
164 52
164 58
164 68
164 78
164 86
164 91
164 93
164 98
164 104
164 116
164 118
164 152
164 167
164 177
164 181
164 201
164 208
164 212
164 213
164 223
164 238
165 6
165 11
165 41
165 52
165 55
165 68
165 69
165 95
165 161
165 164
165 180
165 182
165 208
165 219
165 224
166 3
166 9
166 15
166 19
166 20
166 22
166 44
166 82
166 91
166 104
166 109
166 110
166 115
166 116
166 121
166 135
166 137
166 157
166 163
166 173
166 177
166 178
166 185
166 190
166 191
166 205
166 240
167 5
167 22
167 30
167 31
167 43
167 44
167 53
167 54
167 59
167 63
167 70
167 78
167 93
167 97
167 98
167 101
167 125
167 131
167 144
167 148
167 184
167 204
167 221
168 24
168 38
168 87
168 98
168 105
168 110
168 111
168 114
168 135
168 147
168 163
168 166
168 180
168 202
168 217
168 221
168 235
168 243
169 1
169 4
169 8
169 11
169 16
169 18
169 24
169 25
169 36
169 43
169 52
169 55
169 56
169 57
169 76
169 103
169 112
169 115
169 154
169 155
169 161
169 193
169 208
169 224
169 233
169 241
170 50
170 59
170 91
170 95
170 108
170 115
170 120
170 124
170 143
170 158
170 183
170 186
170 189
170 190
170 229
170 233
170 236
170 248
171 8
171 28
171 35
171 50
171 59
171 71
171 86
171 89
171 91
171 104
171 112
171 135
171 151
171 166
171 175
171 176
171 191
171 196
171 200
171 203
171 205
171 208
171 216
171 219
171 240
171 241
172 2
172 3
172 4
172 6
172 7
172 13
172 16
172 20
172 38
172 40
172 78
172 89
172 119
172 141
172 145
172 159
172 183
172 192
172 208
172 226
172 234
172 236
172 243
173 7
173 16
173 18
173 30
173 51
173 57
173 58
173 60
173 89
173 113
173 135
173 152
173 170
173 184
173 222
173 238
174 14
174 26
174 27
174 54
174 55
174 71
174 74
174 82
174 84
174 105
174 111
174 138
174 151
174 156
174 158
174 162
174 163
174 181
174 185
174 203
174 211
174 231
175 8
175 12
175 22
175 25
175 41
175 54
175 78
175 101
175 105
175 111
175 158
175 166
175 173
175 177
175 182
175 187
175 210
175 218
176 13
176 28
176 37
176 116
176 140
176 153
176 157
176 160
176 172
176 177
176 181
176 218
176 248
177 1
177 8
177 11
177 48
177 77
177 95
177 111
177 119
177 122
177 140
177 148
177 151
177 171
177 180
177 188
177 191
177 194
177 199
177 211
177 216
177 217
177 242
177 250
178 45
178 47
178 49
178 78
178 83
178 92
178 94
178 104
178 133
178 190
178 199
178 238
179 3
179 21
179 22
179 29
179 45
179 73
179 79
179 92
179 100
179 103
179 116
179 123
179 173
179 203
179 216
179 219
179 224
180 31
180 39
180 55
180 67
180 68
180 71
180 73
180 78
180 132
180 154
180 160
180 169
180 198
180 234
181 2
181 11
181 37
181 51
181 92
181 107
181 123
181 144
181 211
181 226
182 3
182 24
182 40
182 44
182 49
182 52
182 85
182 95
182 97
182 98
182 109
182 112
182 120
182 122
182 125
182 126
182 149
182 150
182 155
182 166
182 169
182 186
182 190
182 216
182 234
182 237
182 244
183 3
183 10
183 15
183 34
183 56
183 70
183 82
183 120
183 126
183 131
183 137
183 144
183 149
183 162
183 180
183 191
183 203
183 212
183 235
183 250
184 10
184 30
184 32
184 35
184 46
184 48
184 69
184 89
184 94
184 97
184 106
184 128
184 138
184 158
184 174
184 195
184 197
184 211
184 222
184 233
184 234
184 235
185 17
185 22
185 23
185 30
185 49
185 60
185 65
185 73
185 87
185 95
185 103
185 104
185 110
185 136
185 187
185 214
185 215
185 238
185 241
186 16
186 18
186 21
186 45
186 52
186 59
186 77
186 104
186 115
186 134
186 137
186 143
186 147
186 150
186 151
186 203
186 218
187 10
187 13
187 18
187 32
187 59
187 125
187 129
187 133
187 135
187 145
187 146
187 147
187 153
187 156
187 163
187 172
187 182
187 193
187 203
187 214
187 240
187 247
188 23
188 38
188 54
188 58
188 87
188 108
188 112
188 118
188 138
188 151
188 166
188 170
188 187
188 191
188 212
188 214
188 238
189 8
189 13
189 25
189 48
189 59
189 70
189 84
189 95
189 99
189 114
189 123
189 128
189 158
189 168
189 187
189 200
189 201
189 204
189 208
190 10
190 19
190 32
190 56
190 60
190 74
190 95
190 136
190 153
190 154
190 155
190 180
190 198
190 205
190 227
190 240
191 33
191 38
191 56
191 80
191 91
191 97
191 104
191 112
191 119
191 126
191 128
191 134
191 158
191 159
191 165
191 178
191 197
191 206
191 214
191 222
192 6
192 18
192 34
192 37
192 61
192 100
192 110
192 118
192 124
192 174
192 176
192 181
192 182
192 188
192 197
192 200
192 233
192 240
193 41
193 55
193 94
193 100
193 107
193 112
193 120
193 129
193 132
193 151
193 160
193 176
193 198
193 201
193 208
193 210
193 212
193 216
193 217
193 219
193 235
193 245
194 24
194 25
194 33
194 41
194 48
194 54
194 63
194 85
194 91
194 153
194 159
194 172
194 186
194 203
194 224
194 239
194 241
194 244
195 7
195 12
195 40
195 60
195 92
195 124
195 153
195 163
195 179
195 196
195 216
195 239
196 11
196 31
196 42
196 52
196 73
196 92
196 106
196 110
196 121
196 125
196 126
196 134
196 157
196 189
196 191
196 197
196 234
196 249
197 8
197 33
197 37
197 68
197 85
197 93
197 117
197 119
197 129
197 133
197 154
197 167
197 169
197 170
197 186
197 222
197 230
197 232
197 240
198 9
198 15
198 26
198 75
198 86
198 92
198 105
198 110
198 111
198 119
198 157
198 158
198 163
198 175
198 188
198 192
198 209
198 211
198 233
198 247
199 40
199 42
199 50
199 58
199 77
199 87
199 100
199 101
199 104
199 105
199 115
199 130
199 136
199 172
199 201
199 207
199 225
200 24
200 25
200 28
200 31
200 32
200 43
200 52
200 95
200 98
200 126
200 169
200 194
200 195
200 199
200 204
200 230
200 240
201 22
201 33
201 71
201 79
201 83
201 106
201 119
201 121
201 122
201 124
201 128
201 137
201 173
201 180
201 184
201 194
201 195
201 213
201 214
201 232
201 244
201 248
201 249
201 250
202 2
202 10
202 14
202 15
202 22
202 36
202 47
202 52
202 61
202 71
202 85
202 86
202 90
202 102
202 111
202 114
202 122
202 130
202 140
202 156
202 157
202 217
202 222
202 224
202 231
202 248
203 33
203 62
203 70
203 100
203 103
203 117
203 160
203 165
203 175
203 184
203 188
203 190
203 198
203 204
203 223
203 233
203 248
204 2
204 24
204 28
204 42
204 78
204 92
204 99
204 119
204 127
204 133
204 165
204 182
204 198
204 216
204 238
204 241
204 248
204 250
205 30
205 63
205 66
205 77
205 82
205 83
205 86
205 109
205 126
205 149
205 155
205 168
205 172
205 193
205 198
205 229
205 230
205 238
205 247
206 58
206 106
206 118
206 130
206 135
206 146
206 152
206 154
206 160
206 188
206 201
206 204
206 218
206 219
206 229
207 16
207 26
207 37
207 68
207 71
207 90
207 110
207 118
207 149
207 154
207 175
207 188
207 197
207 204
207 244
208 8
208 31
208 50
208 51
208 69
208 100
208 102
208 110
208 127
208 177
208 179
208 192
208 201
208 234
209 17
209 21
209 26
209 49
209 53
209 85
209 116
209 136
209 150
209 156
209 175
209 178
209 192
209 199
209 210
209 212
209 221
209 240
209 250
210 26
210 45
210 48
210 55
210 63
210 72
210 80
210 85
210 88
210 95
210 109
210 125
210 129
210 144
210 145
210 163
210 173
210 178
210 183
210 187
210 191
210 196
210 212
210 234
211 2
211 16
211 21
211 30
211 32
211 49
211 64
211 72
211 84
211 89
211 93
211 104
211 109
211 125
211 136
211 146
211 151
211 154
211 167
211 172
211 192
211 193
211 202
211 203
211 210
211 218
211 228
212 42
212 51
212 62
212 95
212 101
212 110
212 118
212 133
212 134
212 144
212 153
212 172
212 175
212 196
212 237
213 20
213 36
213 39
213 44
213 72
213 91
213 94
213 112
213 114
213 117
213 119
213 147
213 163
213 170
213 179
213 181
213 185
213 187
213 194
213 209
213 227
213 229
213 230
214 21
214 22
214 28
214 35
214 53
214 70
214 81
214 88
214 90
214 127
214 138
214 168
214 172
214 174
214 183
214 194
214 205
214 210
214 223
214 231
214 234
215 6
215 15
215 38
215 53
215 62
215 76
215 89
215 94
215 97
215 112
215 113
215 116
215 120
215 126
215 141
215 149
215 164
215 195
215 202
215 205
215 214
215 229
216 10
216 16
216 53
216 68
216 118
216 142
216 147
216 164
216 176
216 201
216 203
216 205
216 215
216 218
216 227
216 235
216 248
217 5
217 28
217 30
217 41
217 60
217 70
217 85
217 115
217 129
217 147
217 155
217 164
217 166
217 200
217 203
217 207
217 228
217 241
218 17
218 59
218 71
218 107
218 115
218 121
218 159
218 165
218 170
218 173
218 191
218 195
218 201
218 204
218 207
218 215
218 219
218 229
218 233
218 237
218 238
218 246
218 247
219 6
219 10
219 23
219 32
219 33
219 43
219 58
219 60
219 75
219 85
219 107
219 112
219 115
219 120
219 158
219 185
219 192
219 195
219 196
219 197
219 213
219 217
219 223
219 236
220 6
220 23
220 30
220 31
220 45
220 48
220 74
220 77
220 79
220 98
220 101
220 110
220 123
220 125
220 155
220 157
220 160
220 161
220 164
220 175
220 203
220 212
220 245
221 1
221 46
221 98
221 130
221 135
221 185
221 200
221 211
221 214
221 224
221 230
222 23
222 52
222 109
222 111
222 112
222 117
222 123
222 164
222 181
222 186
222 190
222 194
222 241
223 15
223 29
223 32
223 36
223 45
223 47
223 89
223 95
223 100
223 116
223 120
223 123
223 133
223 138
223 145
223 165
223 178
223 181
223 182
223 190
223 202
223 205
223 226
224 4
224 22
224 48
224 53
224 100
224 109
224 120
224 126
224 133
224 149
224 152
224 160
224 163
224 196
224 197
224 204
224 209
224 215
224 219
224 226
224 247
225 4
225 16
225 32
225 35
225 52
225 67
225 72
225 91
225 97
225 98
225 99
225 100
225 107
225 108
225 115
225 139
225 143
225 154
225 164
225 166
225 183
225 189
225 190
225 202
225 230
225 246
225 250
226 9
226 34
226 49
226 54
226 74
226 109
226 117
226 118
226 120
226 129
226 137
226 146
226 149
226 152
226 174
226 192
226 193
226 197
226 209
226 217
226 233
226 243
227 16
227 22
227 36
227 37
227 38
227 45
227 55
227 63
227 65
227 72
227 117
227 129
227 145
227 151
227 160
227 171
227 185
227 187
227 204
227 218
227 223
227 228
227 230
228 31
228 38
228 49
228 75
228 77
228 91
228 93
228 100
228 104
228 107
228 110
228 145
228 174
228 183
228 203
228 209
228 232
228 233
228 237
228 249
229 12
229 15
229 40
229 54
229 91
229 92
229 111
229 120
229 131
229 133
229 158
229 166
229 179
229 182
229 245
230 4
230 16
230 58
230 64
230 67
230 96
230 97
230 102
230 121
230 131
230 150
230 162
230 165
230 184
230 196
230 207
230 209
230 224
230 232
230 250
231 3
231 9
231 32
231 42
231 54
231 56
231 59
231 65
231 88
231 101
231 104
231 133
231 137
231 153
231 163
231 173
231 197
231 199
231 211
231 220
231 228
231 247
232 43
232 44
232 57
232 62
232 84
232 85
232 90
232 95
232 96
232 107
232 122
232 138
232 164
232 171
232 173
232 181
232 185
232 211
232 212
232 214
232 229
233 14
233 18
233 43
233 49
233 50
233 78
233 131
233 132
233 160
233 175
233 196
233 213
233 219
233 232
233 234
233 245
234 20
234 27
234 29
234 60
234 69
234 103
234 107
234 128
234 133
234 138
234 152
234 156
234 227
234 246
235 11
235 14
235 18
235 26
235 38
235 45
235 55
235 67
235 70
235 76
235 88
235 102
235 108
235 109
235 118
235 120
235 137
235 148
235 151
235 159
235 161
235 191
235 205
235 223
236 5
236 55
236 88
236 108
236 116
236 141
236 153
236 155
236 157
236 174
236 181
236 183
236 205
236 215
236 216
236 224
237 1
237 2
237 7
237 25
237 26
237 38
237 39
237 75
237 81
237 82
237 86
237 88
237 95
237 99
237 100
237 129
237 133
237 155
237 160
237 185
237 197
237 202
237 203
237 207
237 210
237 214
237 233
237 238
238 1
238 10
238 20
238 35
238 45
238 46
238 66
238 81
238 88
238 89
238 119
238 138
238 166
238 171
238 214
238 220
238 221
238 241
239 1
239 30
239 36
239 41
239 53
239 70
239 73
239 83
239 91
239 116
239 120
239 128
239 169
239 184
239 187
239 207
239 208
239 221
239 226
239 236
240 5
240 12
240 23
240 29
240 33
240 42
240 75
240 81
240 96
240 119
240 122
240 141
240 152
240 182
240 189
240 195
240 196
240 201
240 212
240 215
240 229
240 246
241 2
241 8
241 11
241 12
241 34
241 43
241 44
241 46
241 50
241 69
241 81
241 82
241 104
241 113
241 124
241 127
241 133
241 149
241 151
241 155
241 156
241 166
241 172
241 184
241 186
241 192
241 196
241 197
241 224
241 235
242 33
242 46
242 50
242 54
242 74
242 81
242 89
242 93
242 119
242 120
242 159
242 175
242 182
242 197
242 200
242 214
242 233
242 246
243 6
243 19
243 55
243 56
243 59
243 62
243 63
243 69
243 72
243 100
243 109
243 112
243 119
243 123
243 143
243 155
243 156
243 165
243 195
243 197
243 199
243 203
244 5
244 8
244 10
244 12
244 21
244 29
244 34
244 39
244 77
244 109
244 116
244 136
244 151
244 153
244 166
244 198
244 204
244 208
244 210
244 219
244 224
244 226
244 230
245 2
245 21
245 34
245 48
245 62
245 63
245 76
245 109
245 124
245 140
245 160
245 168
245 180
245 188
245 197
245 204
245 208
245 210
245 211
245 216
245 217
246 2
246 18
246 28
246 34
246 39
246 83
246 91
246 99
246 128
246 136
246 140
246 141
246 154
246 179
246 219
246 224
246 248
247 3
247 4
247 11
247 18
247 20
247 34
247 47
247 49
247 75
247 78
247 90
247 100
247 106
247 126
247 181
247 182
247 202
247 210
247 221
247 235
247 239
247 249
248 29
248 44
248 89
248 93
248 98
248 100
248 111
248 113
248 121
248 125
248 128
248 140
248 141
248 157
248 182
248 183
248 184
248 194
248 218
248 221
249 3
249 11
249 31
249 59
249 64
249 73
249 84
249 91
249 105
249 120
249 121
249 142
249 147
249 150
249 151
249 159
249 166
249 169
249 186
249 191
249 192
249 197
249 202
249 203
249 211
249 223
249 244
250 3
250 23
250 39
250 47
250 49
250 53
250 55
250 56
250 57
250 59
250 63
250 101
250 110
250 118
250 123
250 140
250 143
250 164
250 169
250 186
250 206
250 215
250 234
250 240

