100 250
2 2 3 19 4 2 2 22 61 69 3762449101 21 11 1 23 15 5 31 31 5 3 22 3 6 23 23 9 8 4 32 15 25 10 19 5 13 25 6 31 1 39 13 14 36 7 6 39 11 9 15 5 8 19 1 8 85 1 20 1 11 9 6 24 64 6 3 1 25 73 29 14 12 1 14 47 23 2 24 9 7 6 19 2 1 4 22 1 9 2 20 3 1 1 21 1 6 8 5 47 87 
1 6
1 64
2 36
3 10
3 36
4 30
4 31
4 75
5 1
5 59
5 72
6 41
7 94
8 32
8 81
8 90
8 100
9 67
10 2
10 18
10 46
10 89
12 10
12 17
12 64
13 59
13 79
14 15
14 94
15 8
15 90
16 5
16 56
16 75
17 68
17 77
18 13
18 53
18 62
19 6
19 63
19 86
20 13
20 96
22 25
22 33
22 63
22 100
23 60
23 69
24 60
25 16
25 27
25 42
25 61
25 71
25 96
26 90
27 96
27 97
28 29
30 19
30 39
30 83
31 48
31 73
31 78
32 98
32 99
33 20
33 72
33 94
34 9
34 32
34 56
35 24
35 50
35 53
36 10
36 59
36 76
36 100
37 21
37 38
37 46
37 54
38 12
38 88
39 8
39 9
39 37
39 71
40 26
41 9
41 10
41 47
41 54
42 20
42 79
43 30
44 4
44 25
44 56
44 66
44 80
45 52
45 75
45 97
45 99
46 5
46 28
46 41
47 26
47 58
47 61
47 64
47 74
47 86
48 17
49 15
49 51
49 76
50 1
50 9
50 68
51 94
51 97
52 17
52 89
53 9
53 38
54 10
54 21
54 100
55 24
55 27
55 64
56 19
56 32
56 40
56 71
56 73
56 97
57 9
57 12
57 26
57 46
57 48
57 66
57 75
58 33
58 55
58 62
59 42
60 30
60 43
61 44
61 69
61 81
62 29
63 85
63 86
64 9
64 10
64 25
64 39
66 26
66 65
66 79
66 81
67 18
68 69
68 85
69 6
69 9
69 26
69 34
69 43
69 100
70 37
70 63
71 70
71 75
72 10
72 68
72 99
73 69
74 34
74 57
74 81
75 9
75 83
76 70
76 85
77 43
77 86
78 7
80 15
80 47
81 28
81 53
82 56
82 65
82 78
82 98
83 10
83 16
83 34
83 72
83 74
83 92
84 39
85 45
85 58
85 71
85 78
85 82
86 69
87 92
88 4
88 65
89 18
90 22
90 68
91 19
91 25
91 30
91 57
92 33
92 67
92 80
92 100
93 70
93 80
94 78
95 85
97 22
98 8
98 54
98 79
99 19
99 41
99 50
99 76
99 97
100 32
100 33
100 48
100 70
100 99

