300 1000
19 10 5 22 9 106 36 29 56 77 4 51 37 7 6 25 2 5 21 14 46 26 16 10 27 29 12 3 17 19 7 7 2 2 61 10 76 20 82 29 20 5 56 14 23 1 1 14 5 22 15 13 7 6 47 7 1 14 10 42 16 34 7 7 2 1 12 3 15 30 1 2 11 78 32 6 2 96 42 37 12 26 36 36 35 5 15 46 64 10 24 32 12 35 31 66 9 53 13 18 13 4 28 45 10 23 76 4 7 7 106 10 10 45 46 41 21 37 113 6 65 27 14 3 1 72 25 8 41 13 12 7 12 15 8 13 9 21 3 24 6 12 9 13 16 13 24 24 49 7 19 29 3 19 30 14 61 23 16 9 23 66 66 4 10 22 39 4 16 24 44 7 11 8 41 8 15 11 1 3 1 7 43 13 31 1 23 33 6 9 15 61 6 17 19 18 13 121 13 10 13 10 30 99 26 12 8 19 34 3 17 8 4 12 36 46 63 7 73 15 33 13 11 12 5 9 5 33 25 33 24 25 39 6 75 11 50 32 8 57 7 5 15 12 2 34 17 36 62 31 13 17 8 16 14 4 34 45 18 17 7 38 49 42 13 103 32 41 9 6 4 31 59 4 74 56 1 16 12 23 72 41 62 40 21 58 89 110 15 1 15 1 47 5 19 35 74 3 3 15 
1 53
1 66
1 73
2 111
2 136
2 207
3 68
3 289
4 189
4 197
4 226
4 260
5 23
5 24
5 196
5 208
5 213
5 243
6 87
6 113
6 200
6 214
6 233
6 235
7 191
7 219
8 55
8 79
8 176
8 276
9 49
9 151
9 182
9 299
10 6
10 79
10 198
10 284
10 291
10 297
11 111
11 127
11 199
12 6
12 27
12 177
12 283
13 2
13 248
13 270
13 274
14 70
14 137
14 268
15 55
16 46
16 86
16 88
16 199
17 48
17 148
18 75
18 149
19 107
19 183
19 205
20 27
20 192
20 240
20 285
21 50
21 96
21 226
21 295
22 1
22 69
22 72
22 195
22 206
22 235
23 266
23 287
24 107
24 133
24 135
24 224
24 244
25 82
25 214
26 32
26 56
26 79
26 116
26 129
26 162
26 209
26 211
26 260
26 294
27 6
27 187
28 41
28 64
28 167
28 184
29 252
30 226
30 264
30 280
30 288
31 45
31 57
34 63
34 65
34 239
35 13
35 69
35 177
35 272
35 285
36 175
36 200
36 226
37 3
37 40
37 141
37 162
37 176
37 217
37 262
38 53
38 282
39 24
39 105
39 199
39 222
40 79
40 86
40 201
40 264
41 21
42 134
42 158
42 162
43 11
43 46
43 68
43 175
43 212
44 134
44 267
45 26
45 54
45 87
45 214
45 237
47 88
47 96
47 239
47 293
48 29
48 235
49 272
50 62
50 204
50 267
50 273
51 16
51 19
51 31
51 121
51 203
51 245
52 97
52 120
52 266
53 65
53 67
55 258
55 296
56 230
56 246
57 77
57 94
57 224
58 80
59 76
59 257
60 7
60 10
60 79
60 111
60 240
60 249
60 254
61 26
61 31
62 10
62 12
62 64
62 118
63 270
63 285
64 44
64 179
64 192
64 248
65 9
65 106
65 260
66 77
66 158
66 245
67 9
67 21
67 72
67 74
67 85
67 117
68 104
68 122
68 165
68 195
69 6
70 142
70 198
71 284
72 29
72 168
72 266
72 288
73 87
73 194
74 3
74 59
74 85
74 138
74 232
75 108
75 163
75 165
75 169
75 284
77 23
77 58
77 78
77 150
77 152
78 8
78 80
78 145
78 221
78 266
79 239
80 150
80 161
80 295
81 110
82 221
82 223
82 279
83 39
83 49
83 191
83 222
84 91
84 177
85 39
85 69
85 135
86 199
87 268
88 92
88 110
88 144
88 179
88 184
88 221
88 260
88 286
89 44
89 50
89 62
89 71
89 74
89 297
90 274
91 61
91 87
91 157
91 205
91 287
91 296
92 33
92 38
92 107
92 176
92 263
92 288
93 191
94 58
94 78
94 99
94 101
94 217
95 286
96 57
96 127
97 190
98 27
98 61
98 130
98 170
98 185
98 232
99 201
99 204
100 4
100 87
100 90
100 144
100 151
100 158
100 219
100 275
101 138
101 162
101 187
101 228
102 24
102 57
102 242
102 275
103 4
103 64
103 96
103 206
103 237
104 37
104 77
104 107
104 114
104 209
105 3
105 34
105 152
105 170
105 268
106 137
106 245
106 260
107 112
107 158
107 169
108 6
108 135
108 171
108 212
108 230
109 15
109 228
110 20
110 89
110 140
110 157
110 283
111 216
111 284
112 6
112 57
112 115
112 158
112 181
112 215
112 222
112 271
113 61
113 83
113 88
113 168
113 275
114 43
114 53
114 87
114 89
114 152
115 23
115 171
115 173
115 292
116 93
116 95
116 152
116 155
117 162
117 246
118 121
118 247
118 260
119 15
119 56
119 126
119 155
119 163
119 246
119 248
120 79
120 172
120 291
121 137
121 178
122 111
123 83
123 150
123 199
123 253
124 55
124 95
124 146
125 77
125 254
126 13
126 34
126 40
126 71
126 93
126 192
126 244
126 256
126 281
127 28
127 54
127 116
127 147
127 156
127 191
128 8
128 268
129 32
129 73
129 90
129 269
130 187
131 240
131 246
132 57
132 155
133 7
133 28
133 146
134 15
134 39
135 14
135 76
135 149
135 221
135 285
136 114
136 190
136 215
138 249
140 70
140 122
141 105
141 204
141 289
142 256
142 267
143 93
143 96
143 121
144 70
145 84
145 182
146 26
146 89
147 40
147 98
148 16
148 47
148 182
149 198
149 214
149 220
149 276
150 54
150 138
150 162
150 255
151 266
151 287
152 30
152 53
152 119
152 134
152 237
152 240
152 287
153 138
153 240
154 45
154 77
154 131
154 163
155 38
155 108
155 284
156 26
156 64
156 190
156 216
157 119
157 176
157 178
157 189
157 235
158 142
158 151
158 205
159 107
160 81
160 184
161 117
161 153
161 236
161 291
162 113
162 127
162 163
162 285
163 35
163 68
163 112
163 128
163 219
164 22
164 147
165 31
165 129
166 196
166 238
166 297
167 29
167 51
167 183
167 187
167 224
167 227
168 147
168 198
168 249
168 252
169 282
170 77
170 158
170 194
170 281
170 293
171 2
171 12
171 279
171 295
172 48
172 125
173 207
173 287
174 28
174 158
174 184
174 270
175 38
175 79
175 80
175 138
175 283
175 296
176 119
178 150
178 253
179 130
179 266
179 284
180 12
180 298
181 35
181 247
182 13
182 90
182 119
182 189
183 40
183 41
183 75
183 80
183 180
183 206
184 106
184 111
184 259
185 82
185 96
185 125
185 250
186 262
187 5
187 109
187 225
187 235
187 244
188 32
188 130
188 198
188 278
189 91
189 112
189 258
189 297
191 85
191 90
191 251
192 7
192 33
192 45
192 254
193 83
193 153
193 208
195 107
195 134
195 276
196 16
196 138
197 78
197 244
198 41
198 97
198 194
198 204
198 286
199 9
199 134
199 158
199 213
200 254
200 272
201 189
201 237
202 4
202 43
202 183
202 251
202 287
203 9
203 22
203 156
203 162
204 107
204 156
204 229
204 264
205 37
205 43
205 219
205 289
206 265
207 7
207 190
207 202
207 206
208 69
209 19
209 83
209 205
209 250
210 10
210 84
210 117
210 159
211 166
211 175
211 215
212 77
212 286
213 59
214 14
214 116
215 74
215 116
215 118
215 148
215 171
216 26
216 145
216 202
216 245
216 272
216 293
217 113
217 154
217 159
217 234
218 182
218 244
219 27
219 77
219 105
219 255
220 131
220 232
221 124
222 41
222 132
223 54
223 278
224 81
224 121
224 140
224 189
225 14
226 69
226 115
227 159
227 220
227 280
227 297
228 108
229 61
229 69
229 95
229 194
229 231
229 279
229 298
230 118
230 139
230 151
230 210
231 3
231 48
231 140
231 218
231 270
232 269
232 275
233 10
233 108
233 111
233 175
234 80
234 111
235 21
235 89
235 166
235 219
236 23
236 39
236 129
237 16
237 21
237 81
238 113
238 198
238 209
238 211
240 123
240 126
240 203
241 2
241 118
241 208
242 84
242 173
243 12
243 138
243 155
243 193
244 194
244 222
244 279
245 299
246 13
246 57
246 265
247 33
247 86
247 148
248 45
248 66
248 178
248 210
249 51
249 188
249 198
249 255
250 25
250 206
250 217
250 228
250 279
250 284
251 139
251 233
251 286
252 55
252 95
252 120
252 144
253 56
253 67
253 78
253 121
253 273
254 83
254 264
255 95
256 77
256 233
256 277
257 25
257 120
257 164
257 205
257 261
258 39
258 109
258 115
258 127
258 282
258 297
259 94
259 120
259 217
259 223
260 20
260 29
260 42
260 229
260 237
261 74
262 7
262 108
262 129
262 196
262 201
263 1
263 19
263 25
263 70
263 228
263 249
264 37
264 103
264 163
264 206
264 234
264 295
265 35
265 261
266 107
266 111
266 145
266 188
267 12
267 133
267 171
267 204
267 250
267 281
268 36
268 39
268 101
269 55
269 104
269 119
269 155
270 180
271 149
271 280
272 59
272 98
272 122
272 213
272 279
273 130
273 147
273 168
273 247
274 20
274 76
274 96
275 25
275 135
275 170
275 196
275 262
275 273
276 121
276 122
276 162
277 30
277 82
277 112
277 276
278 85
278 121
278 161
278 177
278 199
279 1
279 32
279 52
279 58
279 61
279 174
279 176
279 204
280 1
280 21
280 46
280 168
280 238
281 74
281 94
281 176
281 225
281 247
281 252
282 26
282 104
282 157
282 273
282 275
283 9
283 84
283 111
283 154
283 277
284 106
284 172
284 263
286 40
286 47
286 274
287 26
287 78
287 218
287 241
287 274
287 299
288 43
288 62
288 122
288 170
288 203
288 221
288 232
288 271
289 192
289 208
289 221
289 227
289 291
290 76
290 154
290 260
292 94
292 141
292 179
293 45
293 110
293 185
293 189
294 154
294 203
294 228
294 276
294 291
295 73
295 154
296 16
296 169
296 174
296 272
297 99
297 126
297 197
297 251
298 129
298 133
298 159
299 18
299 34
299 160
299 230
300 5
300 68
300 96
300 127
300 266
300 269

