150 50
2264820875 2 1 85884062 1 414808830 1 1 514296383 1 2 933429740 3 3454810952 2256477615 1 1 421744181 2934589469 2 16 1591378372 841441447 1 1 1 1 404713387 3792976164 1615918419 3294055097 3782196423 2493048686 1121592332 3 4 185119577 2207042785 4 653281207 2278117032 1931094170 1 826410724 1 1 3903930025 1 3193639837 1 1 398296810 743165822 2296457119 1 2212209270 2195428166 1 4044118213 3734348773 1 1301672384 3998768628 1323451320 3922144358 463973741 1 2625303088 3721785527 1195941645 2069375127 6 4 1744227264 1 1 1 1 3 4 1 1 450995281 2017175522 1321080855 980206769 1 752491169 2 1 1762662742 1 507127816 2446499142 2 934094401 1 1 6 1264677374 3883845486 4195310551 1 3959251343 1197799945 1 3591999096 3767458842 2949790457 1187811085 3185846121 2371332519 2 2264195280 1 1 2249590394 1303046229 773804434 120816480 1 1 3093613996 1 1 1 821424257 530282666 334033821 2217701659 1 1 3 1 3185927224 4 3492275758 2319345105 1553728302 263015804 17 2094486402 1350654632 1 1649625131 2 1955004106 1 1865040182 1 
2 21
8 81
10 21
11 141
13 72
13 126
16 39
20 113
20 134
21 36
21 103
24 116
26 89
35 141
35 150
43 125
45 27
48 46
51 121
55 7
58 73
67 10
72 87
73 2
75 81
76 95
79 36
79 80
80 77
82 35
89 98
90 82
92 136
97 11
99 50
99 78
99 141
106 25
113 132
115 131
124 72
133 122
133 146
136 55
141 3
141 5
141 17
144 39
146 95
148 61

