100 100
6 4 1 2 1 3984341310 1 3 1 3 4 15 3 1 4201365320 1 10 4177193354 6 561105600 1 3 4 1 1 3 2 10 5 3 2 1 3224979429 1 12 1 1 112788426 10 1 2 6 1 9 4 3 3 6 6 1 4 3 15 1 4056649117 1 4 4 1 3 2923927603 6 2 4 2 1 3 1 7 4 1171787448 5 9 2882563885 1 9 1 3117563738 3112734124 4 5 1 7 2 1 2914294947 4 4 1 1440187162 6 1 1 1 2 1 1 1 2 4 
1 57
2 41
2 73
2 98
4 37
4 64
5 25
5 35
7 73
8 66
10 21
10 70
10 83
11 45
12 27
12 47
12 63
13 11
16 1
17 39
17 53
19 26
19 39
19 58
21 91
23 36
23 41
24 65
26 51
27 22
27 52
27 70
28 32
28 37
28 72
29 12
29 51
30 14
30 54
34 50
35 2
35 28
35 76
37 69
39 48
39 56
42 29
43 4
43 58
44 62
44 94
46 97
48 76
49 65
49 73
49 81
51 1
51 44
52 13
53 3
53 69
53 87
58 80
59 99
60 45
62 12
62 17
63 8
63 57
64 76
65 72
67 42
67 48
67 72
68 22
69 60
69 65
73 95
75 21
76 12
77 27
81 36
82 68
83 46
83 47
84 89
85 31
87 88
88 80
88 81
91 31
91 84
92 40
93 94
94 84
95 9
95 100
96 8
99 17
100 42

