150 250
4 16 5 2 1 10 8 1 3 13 30 3 6 4 1 16 8 5 1 19 4 6 29 4129319569 1 45 3 13 2770570073 9 21 25 7 3 6 1 8 3 3 30 2 3 1 4 58 8 7 3 9 3 9 4 1 1 4 4 3 5 1 14 1 2 19 5 8 8 12 15 4 9 5 2 4 1 2579965148 8 24 9 4 529308082 3 1 1 4 9 9 1 4 5 5 1 4 20 1 3 1 4 4 29 5 10 22 14 23 10 4 2 1 3 9 2 4 8 1 438832407 1 4 1 1 16 26 12 6 1 12 13 1 22 4 3 3 1 8 7 2 1 7 9 1 6 1 2 48 1 219732060 3 2 1 23 8 
1 63
2 3
2 15
2 62
4 124
5 11
5 105
6 11
6 67
10 67
10 114
10 131
11 68
11 132
11 136
12 102
13 69
13 107
13 111
13 143
14 149
15 40
16 32
16 98
16 101
16 133
17 26
18 113
19 38
20 7
20 9
20 84
22 30
22 125
23 64
23 123
23 135
25 77
26 23
26 40
26 101
27 28
28 34
28 93
28 129
28 131
30 20
30 32
30 118
31 72
31 121
32 38
32 66
32 69
32 77
33 32
33 117
35 48
35 63
36 31
36 93
37 26
37 86
37 140
38 31
38 83
38 120
39 101
40 14
40 104
40 150
41 92
44 71
44 146
45 62
45 73
46 8
46 53
47 23
47 134
49 4
49 110
50 45
51 104
51 122
52 9
52 130
53 112
53 132
54 5
54 122
55 3
55 22
55 42
55 48
56 9
56 48
58 43
58 60
59 7
59 11
59 38
59 117
60 31
60 40
60 138
61 96
62 18
62 27
63 92
63 148
64 10
64 104
65 4
66 99
67 26
67 131
68 88
68 99
68 139
69 51
69 67
70 1
70 101
70 140
71 17
73 54
73 126
74 66
74 78
74 88
74 138
76 16
76 34
76 54
77 100
77 110
77 134
78 16
78 146
79 33
79 104
79 108
81 41
81 118
81 149
84 112
84 149
86 56
86 113
86 131
87 86
88 143
89 103
90 63
90 125
91 42
92 45
93 7
93 97
94 46
94 121
95 82
95 132
97 106
98 72
99 5
99 50
99 71
99 109
100 57
100 85
101 136
102 18
102 67
102 84
103 45
103 93
103 128
105 57
105 136
105 143
106 107
107 55
109 144
110 85
110 149
111 22
112 45
112 55
113 65
113 85
114 45
116 90
118 49
119 11
120 123
120 128
121 6
121 79
121 110
121 114
121 137
122 39
122 126
123 35
125 17
125 37
126 3
126 85
127 69
127 74
128 62
128 88
128 101
129 15
130 55
132 21
133 12
133 116
133 121
134 45
134 125
135 6
136 128
137 23
137 74
138 102
139 120
140 40
141 38
142 2
142 20
142 65
142 133
143 26
143 47
143 89
143 150
147 6
147 73
148 104
149 21
149 53
149 58
149 89
149 105
150 83
150 148
150 149

