100 500
31 51 32 149 25 29 64 46 76 30 79 5 81 39 69 18 24 33 17 145 68 6 7 27 78 42 74 29 129 15 66 32 48 72 149 3 118 44 33 49 6 37 48 46 13 5 23 24 92 106 45 4 36 44 11 28 100 49 30 33 8 159 34 81 31 33 29 130 6 77 17 41 178 39 42 9 9 38 157 31 127 37 18 33 68 7 48 19 74 187 62 56 85 27 56 78 18 245 32 60 
1 4
1 7
1 18
1 20
1 29
1 72
1 73
2 5
2 13
2 20
3 16
3 21
3 24
3 35
3 98
4 21
4 37
4 49
4 57
4 58
4 87
4 91
5 41
5 47
5 64
5 66
6 1
6 28
6 93
7 3
7 10
7 36
7 47
7 64
7 74
7 86
8 27
8 34
8 38
8 41
8 74
9 2
9 40
9 61
9 83
10 3
10 13
10 71
10 81
10 84
10 94
11 20
11 39
11 56
11 79
11 84
12 5
12 11
12 73
12 99
13 19
13 52
13 64
13 71
13 74
13 93
13 100
14 35
14 74
14 97
15 48
15 61
15 88
15 90
16 5
16 50
16 65
17 21
17 58
17 82
18 48
18 52
18 70
19 27
19 50
20 10
20 14
20 18
20 52
20 61
21 10
21 29
21 31
21 38
21 49
21 91
21 95
22 29
22 92
22 99
23 3
23 10
23 44
23 71
23 87
23 90
24 40
24 75
24 93
25 9
25 36
25 41
25 42
25 74
25 91
26 1
26 27
26 35
26 51
26 58
26 82
26 95
27 9
27 20
27 54
27 62
27 71
27 84
27 98
28 19
28 43
28 68
28 80
28 90
28 99
29 44
29 62
29 78
29 82
29 84
30 5
30 11
30 37
30 63
30 71
30 95
31 13
31 14
31 19
31 40
31 76
31 85
32 15
32 28
32 59
32 76
32 80
32 81
32 93
32 99
33 2
33 20
33 29
33 35
33 39
33 44
33 46
33 64
33 85
34 36
34 52
34 53
34 62
34 66
34 70
34 73
34 83
34 94
35 43
35 45
35 53
35 63
35 73
35 86
36 26
36 57
37 6
37 17
37 34
37 60
37 61
37 64
37 75
37 85
37 90
37 93
38 61
39 36
39 60
39 72
39 89
39 90
40 28
40 35
40 54
40 73
40 95
41 54
41 98
42 3
42 15
42 30
42 66
42 90
43 32
43 69
43 98
44 42
44 97
45 4
45 29
45 30
45 62
45 63
45 83
45 87
45 92
45 96
46 8
46 15
46 55
47 6
47 31
47 60
47 72
47 73
48 44
48 45
48 93
49 8
49 33
49 35
49 76
49 98
49 99
50 26
50 68
50 72
50 74
50 92
51 20
51 24
51 38
51 39
51 59
51 73
51 82
52 4
52 22
52 50
52 54
53 10
53 15
53 56
53 78
53 92
54 29
54 62
55 8
55 38
55 56
55 62
55 90
56 2
56 9
56 28
56 89
57 20
57 54
57 61
57 68
57 69
57 92
57 97
57 100
58 8
58 39
58 46
58 69
58 81
58 96
59 18
59 19
59 31
59 35
59 50
59 82
60 9
60 14
60 38
60 44
60 51
60 85
61 11
61 59
61 63
61 84
62 46
62 49
62 52
62 75
62 77
62 98
63 6
63 17
63 31
63 62
63 74
64 10
64 14
64 19
64 57
64 59
65 7
65 8
65 14
65 25
66 10
66 25
66 30
67 35
67 46
67 47
67 58
67 59
67 90
68 45
68 46
68 51
68 52
68 55
68 62
68 70
68 79
68 81
69 26
69 38
69 44
69 76
69 100
70 4
70 10
70 29
70 37
70 45
70 49
70 78
72 33
72 53
73 2
73 13
73 25
73 56
73 78
73 80
73 85
73 96
74 77
74 91
74 92
75 1
75 40
75 52
76 24
76 25
76 27
76 37
76 50
76 60
76 79
77 11
77 32
77 43
77 50
77 56
77 86
78 4
78 20
78 34
78 51
78 68
78 94
79 27
79 39
79 47
79 51
79 60
79 61
79 62
79 65
79 67
79 88
80 3
80 48
80 61
80 69
80 76
81 15
81 23
81 30
81 46
81 78
81 85
81 96
81 98
82 7
82 9
82 54
82 57
82 88
82 95
82 98
83 5
83 18
84 2
84 5
84 24
84 87
84 89
84 92
84 96
85 3
85 57
85 75
86 15
86 59
87 20
87 28
87 63
88 17
88 36
88 55
88 56
88 98
89 12
89 46
89 68
89 72
89 81
89 99
90 40
90 66
90 82
90 88
90 96
91 54
91 57
91 58
91 64
91 72
91 79
92 23
92 36
92 70
92 98
93 28
93 41
93 43
93 62
94 5
94 7
94 25
95 11
95 35
95 64
95 98
96 66
96 68
96 85
97 16
97 90
97 96
98 4
98 10
98 44
98 54
98 57
99 11
99 19
99 29
99 60
99 66
99 69
99 82
100 37
100 41
100 74
100 86
100 87
100 94

