300 5000
648 440 617 193 229 1990 148 527 732 1083 608 1073 703 102 39 746 387 945 708 260 299 508 1044 782 356 145 327 1420 201 438 554 117 28 155 202 825 395 988 249 831 382 462 637 1006 469 394 60 114 485 925 1407 33 708 607 192 70 210 1 406 334 767 792 71 664 147 601 489 814 753 852 198 173 312 201 1151 419 74 806 215 132 573 37 665 564 933 228 507 237 35 424 3 694 1119 444 384 54 248 820 526 715 26 133 68 114 15 179 881 954 582 782 119 241 200 1066 428 1204 468 541 53 14 611 1422 651 527 3 205 872 507 1569 391 11 260 463 1297 137 592 285 931 385 299 917 1294 361 103 291 566 734 330 1065 8 276 603 131 880 399 647 164 974 11 665 633 769 1121 223 495 177 1496 1065 783 844 470 197 383 1237 640 388 147 789 441 350 486 111 980 350 607 713 374 215 623 146 888 31 1167 1320 154 191 577 788 612 1071 191 873 1178 209 470 711 662 98 20 495 305 552 422 711 93 328 1290 701 1803 1450 781 1022 167 216 927 576 846 788 615 275 405 972 1087 179 971 712 251 467 539 801 248 42 423 1199 688 669 242 267 620 369 412 154 754 462 588 421 195 697 897 68 160 584 697 473 553 78 82 533 352 783 1179 524 90 548 481 91 583 256 52 164 1006 618 99 197 249 569 375 154 755 201 420 714 82 1614 204 765 496 650 1280 3 
1 12
1 67
1 104
1 128
1 145
1 150
1 164
1 198
1 237
1 239
1 263
1 288
1 296
2 4
2 17
2 53
2 59
2 69
2 100
2 117
2 137
2 139
2 146
2 152
2 167
2 173
2 195
2 214
2 257
2 258
2 300
3 15
3 45
3 98
3 101
3 103
3 104
3 122
3 129
3 138
3 156
3 164
3 216
3 249
3 251
3 260
3 285
3 297
3 299
4 27
4 113
4 138
4 145
4 181
4 184
4 185
4 194
4 203
4 252
4 277
4 284
4 294
5 58
5 97
5 106
5 143
5 147
5 222
5 229
5 255
6 10
6 24
6 28
6 30
6 46
6 67
6 77
6 88
6 89
6 91
6 112
6 137
6 145
6 158
6 162
6 188
6 198
6 213
6 215
6 237
6 264
6 284
6 289
6 291
6 299
7 24
7 75
7 132
7 137
7 146
7 150
7 166
7 181
7 218
7 221
7 258
8 10
8 44
8 46
8 51
8 71
8 101
8 164
8 176
8 199
8 205
8 214
8 231
8 249
9 32
9 40
9 42
9 45
9 57
9 59
9 69
9 97
9 117
9 118
9 153
9 160
9 187
9 193
9 204
9 213
9 241
9 262
9 273
9 276
10 1
10 20
10 27
10 31
10 37
10 38
10 77
10 80
10 85
10 88
10 114
10 117
10 140
10 145
10 156
10 168
10 175
10 178
10 215
10 219
10 245
10 276
10 284
11 7
11 13
11 27
11 41
11 46
11 61
11 67
11 75
11 87
11 91
11 99
11 179
11 200
11 235
11 242
11 253
11 294
12 19
12 25
12 54
12 61
12 72
12 79
12 86
12 108
12 129
12 144
12 145
12 176
12 179
12 203
12 251
12 258
12 289
13 29
13 45
13 52
13 58
13 62
13 68
13 75
13 85
13 109
13 112
13 125
13 131
13 137
13 161
13 182
13 208
13 242
13 247
13 293
14 37
14 38
14 63
14 65
14 95
14 105
14 109
14 112
14 128
14 129
14 138
14 230
14 240
14 290
14 291
15 25
15 82
15 94
15 110
15 117
15 146
15 151
15 182
15 190
15 191
15 202
15 209
15 222
15 224
15 229
15 254
15 263
15 284
16 10
16 17
16 55
16 81
16 94
16 109
16 129
16 140
16 184
16 225
16 247
16 282
16 291
17 39
17 113
17 219
17 222
17 224
17 236
17 237
17 239
17 242
17 252
17 261
17 268
17 281
17 284
17 287
17 291
18 27
18 40
18 42
18 52
18 59
18 107
18 122
18 125
18 134
18 139
18 144
18 162
18 179
18 214
18 266
18 271
18 290
18 294
19 4
19 30
19 104
19 131
19 168
19 180
19 220
19 225
19 230
19 251
19 253
19 263
19 267
20 21
20 73
20 122
20 131
20 145
20 149
20 157
20 161
20 163
20 166
20 175
20 181
20 200
20 208
20 255
21 8
21 14
21 15
21 36
21 44
21 72
21 100
21 116
21 120
21 146
21 171
21 231
21 239
21 253
21 256
22 4
22 21
22 49
22 58
22 114
22 129
22 147
22 148
22 158
22 163
22 166
22 182
22 192
22 208
22 214
22 244
22 289
23 16
23 19
23 33
23 61
23 62
23 81
23 83
23 93
23 121
23 141
23 201
23 215
23 235
23 272
23 289
24 19
24 43
24 55
24 145
24 163
24 164
24 173
24 190
24 205
24 227
24 230
24 246
24 265
24 282
25 123
25 124
25 134
25 163
25 177
25 184
25 194
25 195
25 218
25 225
25 227
25 232
25 245
25 253
25 259
25 288
25 299
26 14
26 25
26 45
26 64
26 71
26 83
26 103
26 126
26 128
26 131
26 142
26 148
26 152
26 156
26 177
26 199
26 206
26 223
26 225
26 258
27 14
27 57
27 58
27 86
27 99
27 110
27 119
27 121
27 161
27 190
27 197
27 204
27 235
27 236
27 243
27 265
27 277
27 281
28 7
28 8
28 15
28 27
28 31
28 32
28 39
28 84
28 90
28 114
28 131
28 144
28 152
28 160
28 162
28 176
28 194
28 226
28 250
28 255
28 282
29 49
29 73
29 157
29 158
29 196
29 204
29 223
29 232
29 273
29 291
30 8
30 27
30 42
30 85
30 129
30 133
30 134
30 153
30 164
30 175
30 187
30 191
30 193
30 210
30 219
30 265
31 20
31 23
31 45
31 79
31 81
31 82
31 84
31 98
31 169
31 179
31 183
31 187
31 230
31 237
31 280
32 3
32 19
32 31
32 64
32 67
32 78
32 84
32 88
32 95
32 133
32 134
32 139
32 150
32 151
32 198
32 203
32 255
32 262
32 268
32 274
32 275
33 15
33 21
33 32
33 66
33 69
33 74
33 77
33 82
33 83
33 136
33 141
33 142
33 151
33 156
33 176
33 187
33 195
33 204
33 214
33 215
33 269
34 13
34 23
34 38
34 57
34 82
34 99
34 101
34 102
34 116
34 126
34 129
34 138
34 147
34 169
34 190
34 296
35 25
35 98
35 119
35 125
35 144
35 163
35 194
35 209
35 211
35 227
35 273
35 290
36 15
36 30
36 40
36 44
36 55
36 79
36 96
36 103
36 112
36 124
36 126
36 127
36 162
36 171
36 172
36 253
36 258
36 260
36 265
36 281
36 285
36 293
37 22
37 67
37 81
37 95
37 141
37 230
37 291
38 48
38 49
38 59
38 75
38 82
38 100
38 116
38 132
38 140
38 142
38 161
38 165
38 178
38 183
38 188
38 211
38 222
38 234
39 52
39 68
39 92
39 129
39 146
39 149
39 158
39 162
39 167
39 193
39 199
39 235
39 271
39 279
40 3
40 33
40 59
40 61
40 64
40 72
40 113
40 129
40 174
40 201
40 224
40 233
40 249
40 258
40 275
40 280
40 293
41 12
41 14
41 53
41 78
41 108
41 152
41 171
41 174
41 202
41 219
41 228
41 246
42 10
42 25
42 26
42 31
42 32
42 47
42 83
42 94
42 96
42 99
42 138
42 192
42 202
42 238
42 257
43 32
43 35
43 49
43 50
43 57
43 86
43 113
43 122
43 148
43 163
43 228
43 234
43 236
43 248
43 257
43 291
43 296
44 47
44 49
44 73
44 113
44 153
44 185
44 191
44 202
44 220
44 222
44 261
44 263
44 284
44 297
45 37
45 61
45 68
45 98
45 129
45 140
45 196
45 238
45 239
45 243
45 249
45 272
45 273
45 278
45 285
46 9
46 23
46 35
46 77
46 80
46 82
46 84
46 94
46 173
46 183
46 185
46 192
46 200
46 229
46 250
46 299
46 300
47 19
47 31
47 36
47 41
47 52
47 74
47 135
47 159
47 165
47 167
47 212
47 238
47 262
47 267
47 269
48 12
48 19
48 23
48 105
48 134
48 194
48 204
48 221
48 224
48 232
48 236
48 242
48 244
48 275
48 296
48 298
48 299
48 300
49 25
49 28
49 32
49 33
49 36
49 55
49 65
49 68
49 118
49 133
49 136
49 168
49 219
49 246
49 251
49 264
49 290
49 295
50 41
50 55
50 56
50 104
50 116
50 135
50 146
50 151
50 202
50 208
50 217
50 257
50 283
50 290
50 291
51 9
51 14
51 24
51 38
51 64
51 91
51 94
51 97
51 109
51 121
51 147
51 153
51 157
51 177
51 203
51 219
51 240
51 241
51 257
51 270
51 283
51 297
52 31
52 119
52 121
52 128
52 142
52 143
52 164
52 168
52 181
52 195
52 232
52 252
52 276
52 283
53 4
53 9
53 11
53 37
53 58
53 62
53 65
53 105
53 170
53 190
53 204
53 225
53 237
53 255
53 274
53 299
54 1
54 7
54 49
54 50
54 51
54 94
54 110
54 117
54 133
54 135
54 138
54 156
54 160
54 163
54 167
54 213
54 241
54 249
54 290
54 291
54 294
55 3
55 30
55 37
55 44
55 64
55 94
55 97
55 137
55 140
55 175
55 232
55 251
55 252
55 276
55 291
56 1
56 9
56 31
56 39
56 44
56 60
56 67
56 88
56 91
56 97
56 109
56 130
56 155
56 179
56 183
56 192
56 206
56 209
56 234
56 261
56 288
57 1
57 11
57 18
57 99
57 125
57 127
57 165
57 169
57 174
57 206
57 209
57 231
57 247
57 256
57 277
57 289
58 4
58 105
58 119
58 123
58 141
58 142
58 147
58 149
58 152
58 167
58 187
58 202
58 206
58 208
58 234
58 284
58 292
59 20
59 63
59 75
59 147
59 148
59 177
59 188
59 214
59 225
59 238
59 249
59 269
59 275
59 279
59 295
60 15
60 35
60 77
60 83
60 94
60 108
60 120
60 147
60 148
60 151
60 158
60 172
60 201
60 209
60 210
60 231
60 234
60 238
60 257
60 259
60 278
60 280
60 297
60 299
61 35
61 39
61 41
61 72
61 87
61 103
61 108
61 116
61 191
61 212
61 222
61 228
61 234
61 252
61 262
62 14
62 20
62 74
62 105
62 118
62 119
62 133
62 137
62 168
62 177
62 203
62 208
62 220
62 230
62 249
62 273
63 2
63 41
63 54
63 64
63 68
63 83
63 91
63 116
63 117
63 138
63 178
63 181
63 193
63 199
63 200
63 222
63 223
63 225
63 239
63 290
64 6
64 17
64 23
64 28
64 52
64 99
64 135
64 174
64 178
64 206
64 225
64 244
64 269
64 299
65 60
65 86
65 95
65 96
65 128
65 144
65 146
65 161
65 185
65 191
65 282
66 10
66 32
66 45
66 55
66 62
66 64
66 68
66 102
66 106
66 147
66 148
66 155
66 186
66 229
66 265
67 13
67 42
67 47
67 54
67 96
67 112
67 157
67 160
67 162
67 193
67 217
67 235
67 280
67 282
67 286
67 295
68 4
68 11
68 12
68 26
68 29
68 30
68 32
68 48
68 50
68 71
68 72
68 101
68 114
68 118
68 169
68 198
68 201
68 217
68 219
68 220
68 256
68 260
68 272
69 46
69 84
69 127
69 144
69 146
69 155
69 171
69 204
69 206
69 255
69 288
70 39
70 78
70 79
70 82
70 84
70 102
70 104
70 107
70 114
70 118
70 145
70 147
70 187
70 190
70 194
70 199
70 289
71 56
71 83
71 91
71 107
71 114
71 122
71 137
71 171
71 178
71 180
71 189
71 227
71 240
71 245
71 256
71 260
71 264
71 283
71 288
71 299
72 23
72 45
72 67
72 76
72 141
72 156
72 174
72 177
72 188
72 194
72 219
72 233
72 245
72 250
72 261
72 280
72 284
72 287
73 33
73 41
73 46
73 76
73 161
73 198
73 214
73 215
73 232
73 242
73 247
73 256
73 257
73 283
73 286
73 294
73 300
74 16
74 55
74 76
74 85
74 93
74 104
74 120
74 135
74 142
74 163
74 164
74 185
74 191
74 193
74 194
74 198
74 227
74 238
74 244
74 271
74 281
75 2
75 49
75 52
75 53
75 64
75 69
75 77
75 88
75 120
75 132
75 149
75 233
75 236
75 239
75 241
75 252
75 286
75 292
75 299
76 8
76 29
76 30
76 101
76 103
76 112
76 144
76 157
76 232
76 277
76 300
77 29
77 32
77 37
77 72
77 73
77 88
77 110
77 117
77 119
77 130
77 142
77 149
77 156
77 176
77 214
77 265
77 276
78 1
78 24
78 40
78 59
78 68
78 85
78 86
78 93
78 112
78 118
78 127
78 147
78 174
78 185
78 216
78 230
78 244
78 263
78 272
79 19
79 58
79 67
79 80
79 88
79 96
79 116
79 133
79 168
79 237
79 266
79 283
79 288
79 290
80 31
80 38
80 99
80 140
80 144
80 157
80 180
80 252
80 265
80 276
81 18
81 84
81 115
81 194
81 209
81 215
81 226
81 240
81 241
81 250
81 260
81 291
81 295
81 297
82 4
82 22
82 26
82 41
82 53
82 61
82 71
82 88
82 122
82 128
82 148
82 165
82 190
82 192
82 211
82 247
82 250
82 256
82 271
82 273
82 291
83 24
83 35
83 38
83 40
83 64
83 89
83 97
83 108
83 138
83 160
83 183
83 193
83 219
83 225
83 253
84 39
84 44
84 98
84 106
84 159
84 208
84 235
84 247
85 3
85 19
85 23
85 28
85 40
85 73
85 77
85 86
85 93
85 122
85 129
85 147
85 159
85 185
85 197
85 216
85 220
85 225
85 260
85 291
86 14
86 52
86 70
86 100
86 148
86 164
86 170
86 183
86 191
86 194
86 198
86 199
86 203
86 204
86 205
86 218
86 220
86 226
86 235
86 254
86 300
87 13
87 30
87 52
87 74
87 122
87 144
87 145
87 147
87 160
87 176
87 190
87 192
87 209
87 231
87 246
87 249
87 250
87 259
87 278
88 20
88 21
88 41
88 93
88 99
88 118
88 125
88 141
88 179
88 182
88 189
88 191
88 203
88 217
88 239
88 273
88 275
89 38
89 49
89 55
89 74
89 78
89 99
89 114
89 116
89 127
89 140
89 141
89 146
89 159
89 170
89 181
89 188
89 200
89 218
89 229
89 242
89 245
89 249
89 269
89 298
90 12
90 18
90 19
90 64
90 99
90 101
90 104
90 113
90 119
90 132
90 175
90 183
90 186
90 257
90 261
90 268
90 269
90 275
90 287
90 294
91 1
91 13
91 22
91 47
91 61
91 66
91 83
91 136
91 221
91 228
91 239
91 249
91 279
91 282
92 4
92 8
92 11
92 16
92 24
92 43
92 68
92 90
92 98
92 104
92 166
92 178
92 192
92 194
92 212
92 217
92 233
92 249
92 270
92 297
93 7
93 14
93 49
93 56
93 95
93 100
93 120
93 140
93 147
93 154
93 155
93 157
93 197
93 211
93 226
93 260
93 288
93 298
94 2
94 31
94 59
94 68
94 81
94 92
94 152
94 212
94 234
94 235
94 259
94 264
94 284
94 298
94 300
95 20
95 42
95 44
95 75
95 106
95 129
95 205
95 207
95 218
95 236
95 254
95 277
95 286
96 13
96 14
96 73
96 77
96 91
96 102
96 118
96 146
96 161
96 165
96 190
96 196
96 204
96 205
96 267
96 295
96 297
97 38
97 66
97 96
97 109
97 130
97 141
97 164
97 230
97 231
97 266
97 277
97 300
98 27
98 37
98 39
98 55
98 60
98 83
98 116
98 137
98 143
98 148
98 162
98 212
98 223
98 255
98 266
98 273
98 278
98 292
99 8
99 9
99 41
99 52
99 72
99 91
99 93
99 157
99 160
99 207
99 208
99 270
99 272
99 287
100 30
100 31
100 58
100 74
100 79
100 104
100 116
100 219
100 240
100 243
100 270
100 271
100 282
100 285
100 287
100 288
101 24
101 30
101 62
101 110
101 113
101 136
101 146
101 165
101 188
101 189
101 190
101 192
101 203
101 214
101 225
101 226
101 234
101 242
102 20
102 47
102 58
102 59
102 69
102 73
102 103
102 164
102 181
102 185
102 188
102 189
102 190
102 204
102 217
102 221
102 229
102 243
102 257
102 276
103 10
103 18
103 37
103 38
103 50
103 54
103 136
103 145
103 169
103 215
103 224
103 274
104 20
104 35
104 48
104 60
104 68
104 157
104 166
104 197
104 216
104 223
104 238
104 248
104 253
104 269
104 283
104 293
105 24
105 45
105 99
105 113
105 118
105 163
105 232
105 238
105 274
105 300
106 22
106 51
106 58
106 110
106 157
106 170
106 191
106 200
106 211
106 223
106 237
106 255
106 263
106 265
106 291
106 292
106 294
106 295
107 39
107 67
107 90
107 97
107 111
107 142
107 144
107 167
107 172
107 183
107 187
107 203
107 204
107 209
107 212
107 216
107 217
107 226
107 229
107 250
107 253
107 257
107 289
108 9
108 22
108 24
108 38
108 55
108 73
108 75
108 117
108 134
108 136
108 148
108 179
108 218
108 221
108 236
108 250
108 270
108 275
109 4
109 6
109 20
109 21
109 66
109 113
109 123
109 129
109 134
109 140
109 145
109 155
109 170
109 175
109 182
109 232
109 235
109 242
109 251
109 261
109 264
109 287
109 288
109 289
110 16
110 34
110 72
110 75
110 102
110 115
110 153
110 160
110 166
110 189
110 212
110 216
110 224
110 247
110 265
111 19
111 38
111 41
111 48
111 94
111 97
111 114
111 115
111 124
111 128
111 155
111 186
111 196
111 227
111 233
111 258
112 25
112 42
112 47
112 82
112 111
112 122
112 167
112 173
112 192
112 220
112 234
112 241
112 253
112 267
112 297
113 11
113 12
113 41
113 45
113 47
113 67
113 71
113 76
113 110
113 151
113 152
113 166
113 213
113 248
113 253
113 258
113 263
113 268
113 293
114 1
114 6
114 43
114 57
114 66
114 96
114 131
114 134
114 143
114 147
114 158
114 169
114 186
114 199
114 263
114 272
115 44
115 68
115 85
115 87
115 91
115 147
115 157
115 200
115 239
115 273
115 274
115 299
116 19
116 28
116 39
116 78
116 95
116 97
116 105
116 113
116 114
116 123
116 125
116 180
116 200
116 202
116 211
116 220
116 271
116 285
116 290
117 33
117 51
117 71
117 93
117 125
117 142
117 155
117 193
117 196
117 202
117 214
117 220
117 233
117 254
117 267
118 6
118 12
118 29
118 38
118 39
118 46
118 73
118 138
118 142
118 173
118 183
118 184
118 186
118 278
118 289
118 294
119 51
119 80
119 86
119 92
119 94
119 127
119 157
119 177
119 178
119 188
119 199
119 281
119 293
120 6
120 18
120 91
120 100
120 134
120 140
120 144
120 178
120 187
120 199
120 210
120 219
120 232
120 233
120 236
120 243
120 271
121 9
121 22
121 25
121 43
121 49
121 62
121 73
121 119
121 123
121 136
121 191
121 213
121 217
121 234
121 262
121 274
121 278
121 284
122 17
122 23
122 44
122 89
122 95
122 96
122 106
122 137
122 141
122 149
122 153
122 167
122 171
122 182
122 190
122 194
122 200
122 206
122 235
122 258
122 263
122 272
122 291
123 4
123 5
123 28
123 51
123 59
123 76
123 79
123 81
123 115
123 186
123 218
123 225
123 233
124 33
124 51
124 69
124 72
124 87
124 89
124 101
124 109
124 179
124 188
124 194
124 201
124 229
124 232
124 260
124 297
125 16
125 32
125 104
125 109
125 110
125 178
125 200
125 206
125 210
125 212
125 261
125 270
125 291
125 294
126 143
126 151
126 167
126 170
126 177
126 191
126 202
126 220
126 223
126 242
126 277
126 279
126 282
126 298
127 54
127 59
127 70
127 102
127 114
127 134
127 136
127 158
127 160
127 164
127 174
127 186
127 198
127 206
127 209
127 219
127 227
127 243
127 252
127 275
127 298
128 4
128 42
128 67
128 68
128 81
128 101
128 121
128 127
128 131
128 154
128 156
128 162
128 163
128 179
128 227
128 275
129 7
129 19
129 42
129 54
129 62
129 83
129 87
129 91
129 102
129 112
129 155
129 175
129 201
129 227
129 232
129 251
129 252
129 264
129 282
129 285
129 299
130 23
130 31
130 57
130 76
130 99
130 118
130 129
130 131
130 144
130 145
130 147
130 162
130 183
130 197
130 227
130 260
130 278
130 289
130 292
131 21
131 56
131 68
131 102
131 123
131 140
131 147
131 190
131 245
131 248
132 16
132 45
132 55
132 117
132 153
132 154
132 190
132 206
132 243
132 263
132 284
133 11
133 12
133 14
133 18
133 57
133 67
133 105
133 109
133 117
133 124
133 148
133 150
133 177
133 190
133 219
133 244
133 257
133 258
133 283
134 11
134 16
134 34
134 42
134 47
134 54
134 62
134 65
134 101
134 116
134 155
134 162
134 177
134 180
134 207
134 210
134 224
134 266
134 270
134 276
135 26
135 66
135 77
135 78
135 105
135 117
135 124
135 139
135 171
135 177
135 197
135 199
135 201
135 223
135 233
136 20
136 36
136 42
136 48
136 55
136 76
136 92
136 111
136 126
136 128
136 129
136 134
136 151
136 155
136 168
136 173
136 175
136 179
136 185
136 219
136 221
136 231
136 241
136 278
136 291
137 28
137 36
137 39
137 50
137 68
137 75
137 134
137 135
137 145
137 148
137 156
137 158
137 174
137 193
137 296
138 10
138 19
138 25
138 35
138 59
138 69
138 86
138 88
138 149
138 162
138 186
138 209
138 213
138 214
138 251
138 285
139 16
139 25
139 29
139 55
139 78
139 80
139 94
139 102
139 116
139 120
139 122
139 132
139 162
139 165
139 173
139 195
139 218
139 220
139 258
139 282
139 288
139 299
140 9
140 11
140 24
140 56
140 86
140 141
140 165
140 176
140 223
140 226
140 239
140 245
140 265
141 10
141 12
141 26
141 80
141 83
141 94
141 109
141 148
141 157
141 162
141 163
141 201
141 202
141 213
141 290
142 25
142 37
142 40
142 44
142 85
142 92
142 131
142 136
142 145
142 148
142 182
142 192
142 241
142 243
142 246
142 266
142 286
142 288
143 7
143 12
143 25
143 69
143 73
143 77
143 79
143 89
143 131
143 148
143 164
143 169
143 194
143 231
143 252
143 281
144 13
144 16
144 23
144 36
144 38
144 39
144 74
144 81
144 149
144 170
144 214
144 224
144 233
144 235
144 254
144 270
144 284
145 8
145 14
145 18
145 83
145 91
145 183
145 187
145 207
145 221
145 241
145 244
145 283
146 10
146 36
146 46
146 49
146 52
146 61
146 68
146 80
146 95
146 114
146 129
146 180
146 182
146 226
146 280
146 283
146 286
146 297
147 13
147 38
147 47
147 74
147 89
147 94
147 119
147 128
147 153
147 202
147 249
147 250
148 31
148 76
148 100
148 101
148 185
148 189
148 193
148 201
148 207
148 230
148 249
148 297
149 6
149 21
149 70
149 74
149 79
149 94
149 97
149 111
149 116
149 126
149 175
149 186
149 195
149 198
149 203
149 210
149 211
149 214
149 219
149 259
149 271
149 297
150 15
150 19
150 66
150 92
150 100
150 156
150 167
150 172
150 207
150 209
150 227
150 251
150 294
151 18
151 28
151 41
151 53
151 89
151 125
151 176
151 178
151 191
151 197
151 218
151 233
151 277
151 298
151 299
152 15
152 25
152 42
152 64
152 78
152 95
152 103
152 142
152 193
152 202
152 205
152 214
152 219
152 256
152 260
152 274
152 279
152 282
153 90
153 99
153 104
153 133
153 137
153 167
153 175
153 221
153 224
153 271
154 6
154 26
154 38
154 41
154 47
154 79
154 87
154 103
154 114
154 157
154 193
154 208
154 220
154 233
154 241
154 258
154 265
154 266
154 277
155 43
155 48
155 86
155 94
155 99
155 114
155 133
155 137
155 177
155 182
155 209
155 224
155 240
155 260
155 273
155 277
156 5
156 47
156 55
156 62
156 95
156 111
156 114
156 121
156 123
156 153
156 160
156 185
156 187
156 208
156 210
156 216
156 237
156 285
156 292
157 40
157 81
157 94
157 118
157 127
157 174
157 191
157 207
157 211
157 212
157 236
157 293
157 296
158 33
158 34
158 36
158 58
158 72
158 107
158 129
158 134
158 144
158 145
158 147
158 166
158 180
158 181
158 219
158 222
158 234
158 235
158 242
158 251
158 294
159 46
159 55
159 79
159 99
159 150
159 157
159 158
159 206
159 260
159 269
159 286
160 3
160 4
160 29
160 41
160 60
160 62
160 79
160 84
160 95
160 104
160 113
160 136
160 141
160 188
160 207
160 218
160 268
161 17
161 48
161 56
161 61
161 88
161 91
161 101
161 104
161 105
161 112
161 173
161 181
161 194
161 230
161 240
161 249
161 258
161 266
161 285
161 292
162 4
162 7
162 10
162 33
162 60
162 64
162 93
162 147
162 149
162 151
162 159
162 168
162 176
162 244
162 255
162 282
163 3
163 47
163 53
163 80
163 84
163 86
163 96
163 97
163 104
163 109
163 110
163 118
163 151
163 152
163 153
163 190
163 205
163 221
163 259
163 267
163 271
163 278
163 299
164 21
164 59
164 61
164 62
164 91
164 122
164 123
164 141
164 142
164 190
164 220
164 293
165 9
165 10
165 41
165 54
165 60
165 61
165 78
165 87
165 94
165 154
165 178
165 238
165 247
166 17
166 19
166 51
166 64
166 83
166 99
166 117
166 122
166 124
166 137
166 142
166 149
166 154
166 173
166 181
166 182
166 203
166 209
166 226
166 282
166 299
167 10
167 14
167 27
167 51
167 70
167 90
167 91
167 111
167 135
167 143
167 179
167 181
167 197
167 198
167 219
167 225
167 234
167 240
167 259
167 263
167 282
167 288
168 5
168 26
168 50
168 54
168 58
168 84
168 102
168 108
168 112
168 125
168 135
168 138
168 148
168 173
168 180
168 205
168 218
168 221
168 225
168 230
168 262
168 278
168 285
168 299
169 23
169 29
169 51
169 67
169 93
169 96
169 98
169 99
169 101
169 102
169 117
169 122
169 124
169 125
169 128
169 133
169 141
169 154
169 172
169 193
169 198
169 199
169 240
169 276
170 22
170 26
170 50
170 101
170 150
170 157
170 159
170 209
170 234
170 235
170 273
170 290
170 294
171 23
171 38
171 44
171 67
171 92
171 116
171 165
171 167
171 202
171 207
171 211
171 212
171 217
171 262
171 274
172 11
172 19
172 33
172 44
172 46
172 58
172 80
172 84
172 86
172 133
172 152
172 160
172 161
172 188
172 224
172 225
172 239
172 266
172 280
172 291
173 20
173 47
173 49
173 58
173 102
173 119
173 178
173 185
173 197
173 208
173 231
173 253
173 267
173 286
174 6
174 8
174 28
174 30
174 34
174 36
174 50
174 74
174 82
174 83
174 88
174 89
174 91
174 93
174 114
174 115
174 143
174 191
174 220
174 228
174 242
174 261
174 285
175 4
175 48
175 70
175 76
175 121
175 131
175 155
175 160
175 199
175 216
175 217
175 223
175 231
175 245
175 257
175 274
175 300
176 19
176 57
176 61
176 107
176 123
176 152
176 188
176 230
176 267
176 275
176 290
177 3
177 5
177 6
177 7
177 12
177 34
177 44
177 54
177 69
177 77
177 95
177 105
177 108
177 132
177 150
177 162
177 170
177 171
177 207
177 239
177 266
177 274
177 298
178 1
178 4
178 22
178 36
178 44
178 82
178 96
178 123
178 126
178 139
178 209
178 215
178 221
178 228
178 229
178 257
178 260
178 273
178 275
178 280
178 287
179 23
179 24
179 91
179 110
179 154
179 187
179 191
179 203
179 211
179 232
179 256
179 262
179 288
179 290
180 15
180 23
180 31
180 56
180 66
180 103
180 127
180 151
180 152
180 203
180 207
180 217
180 244
180 272
180 296
181 43
181 49
181 64
181 71
181 83
181 120
181 146
181 147
181 164
181 171
181 174
181 192
181 233
181 259
181 283
182 14
182 18
182 33
182 41
182 65
182 89
182 94
182 116
182 180
182 223
182 237
182 293
182 299
183 9
183 16
183 32
183 68
183 85
183 102
183 147
183 160
183 174
183 175
183 181
183 185
183 207
183 209
183 217
183 219
183 225
183 237
183 269
183 287
184 10
184 12
184 22
184 81
184 126
184 127
184 142
184 152
184 160
184 189
184 207
184 220
184 234
184 276
184 291
184 294
185 57
185 63
185 81
185 90
185 98
185 107
185 116
185 128
185 138
185 142
185 146
185 174
185 179
185 191
185 194
185 204
185 240
185 284
185 292
185 293
185 295
185 296
186 13
186 31
186 35
186 47
186 70
186 82
186 89
186 110
186 136
186 160
186 162
186 164
186 170
186 174
186 189
186 216
186 222
186 227
186 233
186 245
186 257
186 262
186 289
187 6
187 61
187 62
187 87
187 100
187 106
187 117
187 140
187 151
187 174
187 178
187 181
187 213
187 243
187 297
188 5
188 13
188 16
188 68
188 70
188 96
188 120
188 139
188 149
188 152
188 158
188 197
188 235
188 266
188 276
189 23
189 42
189 87
189 89
189 118
189 121
189 123
189 178
189 193
189 201
189 207
189 215
189 217
189 228
189 229
189 243
189 280
190 64
190 111
190 140
190 158
190 161
190 162
190 188
190 198
190 207
190 218
190 228
190 234
190 256
190 257
190 267
190 288
191 80
191 85
191 90
191 91
191 100
191 127
191 158
191 163
191 181
191 221
191 249
191 294
192 15
192 40
192 66
192 81
192 122
192 124
192 148
192 180
192 207
192 208
192 229
192 239
192 248
192 265
192 281
192 300
193 33
193 57
193 86
193 87
193 102
193 107
193 140
193 149
193 190
193 203
193 207
193 233
193 242
193 243
193 284
193 286
194 8
194 10
194 34
194 77
194 93
194 97
194 118
194 145
194 146
194 152
194 160
194 162
194 201
194 202
194 207
194 222
194 232
194 233
194 261
194 266
194 272
194 290
194 292
195 31
195 37
195 72
195 75
195 93
195 104
195 108
195 109
195 177
195 180
195 183
195 185
195 188
195 209
195 214
195 225
195 229
195 277
195 289
195 292
196 7
196 26
196 52
196 91
196 115
196 144
196 163
196 244
196 268
196 276
196 291
197 28
197 34
197 39
197 84
197 88
197 109
197 131
197 141
197 142
197 147
197 156
197 160
197 180
197 192
197 230
197 255
197 285
197 293
198 4
198 36
198 44
198 51
198 53
198 83
198 102
198 131
198 146
198 170
198 203
198 205
198 229
198 230
198 231
198 267
198 273
198 278
199 5
199 7
199 11
199 29
199 51
199 75
199 97
199 106
199 108
199 140
199 141
199 150
199 173
199 201
199 212
199 217
199 228
199 244
199 266
199 299
200 15
200 24
200 32
200 33
200 35
200 81
200 82
200 91
200 132
200 147
200 148
200 159
200 162
200 219
200 220
200 241
200 243
200 258
200 264
200 267
200 269
201 11
201 41
201 49
201 52
201 100
201 121
201 123
201 127
201 140
201 172
201 200
201 211
201 256
201 285
201 287
202 19
202 25
202 47
202 68
202 83
202 120
202 129
202 150
202 153
202 206
202 253
202 300
203 8
203 16
203 18
203 108
203 126
203 130
203 189
203 211
203 216
203 242
203 245
203 247
203 260
203 264
203 268
203 270
203 282
203 297
204 6
204 20
204 30
204 38
204 44
204 81
204 95
204 111
204 153
204 178
204 196
204 218
204 244
204 273
204 285
205 2
205 50
205 54
205 60
205 67
205 69
205 78
205 102
205 193
205 235
205 284
206 43
206 78
206 84
206 138
206 163
206 168
206 172
206 211
206 213
206 280
206 291
206 293
207 24
207 32
207 43
207 54
207 59
207 61
207 71
207 73
207 138
207 149
207 151
207 188
207 210
207 218
207 224
207 242
207 271
207 289
208 11
208 16
208 17
208 23
208 47
208 59
208 67
208 74
208 109
208 116
208 142
208 182
208 193
208 194
208 284
208 291
209 46
209 53
209 65
209 90
209 93
209 96
209 176
209 205
209 222
209 225
209 274
209 287
209 293
210 24
210 27
210 29
210 33
210 68
210 84
210 89
210 99
210 150
210 167
210 239
210 260
210 263
210 265
210 266
210 275
210 276
210 277
211 8
211 21
211 77
211 83
211 85
211 103
211 105
211 145
211 165
211 196
211 219
211 243
211 244
211 286
212 1
212 33
212 38
212 48
212 77
212 104
212 105
212 112
212 152
212 169
212 173
212 195
212 203
212 205
212 207
212 213
212 214
212 229
212 242
212 244
212 271
213 8
213 66
213 67
213 81
213 93
213 96
213 116
213 165
213 184
213 193
213 194
213 210
213 233
214 28
214 36
214 46
214 49
214 51
214 54
214 64
214 74
214 132
214 143
214 161
214 165
214 172
214 188
214 189
214 244
214 257
214 265
214 272
214 293
215 3
215 4
215 16
215 25
215 45
215 55
215 65
215 72
215 94
215 111
215 120
215 122
215 133
215 192
215 243
215 283
216 7
216 10
216 52
216 63
216 94
216 97
216 144
216 152
216 177
216 209
216 236
216 254
216 268
217 11
217 20
217 22
217 24
217 28
217 44
217 55
217 74
217 76
217 79
217 86
217 99
217 128
217 130
217 137
217 182
217 195
217 211
217 215
217 233
217 236
217 246
217 260
217 277
217 289
217 299
218 16
218 18
218 47
218 49
218 51
218 61
218 194
218 212
218 242
218 244
218 267
218 272
218 287
219 1
219 29
219 57
219 62
219 63
219 67
219 69
219 86
219 98
219 115
219 124
219 131
219 141
219 178
219 181
219 222
219 245
219 262
219 266
219 276
219 279
219 298
220 9
220 16
220 90
220 91
220 96
220 113
220 140
220 167
220 225
220 227
220 229
220 240
220 242
220 257
220 267
220 298
221 11
221 26
221 54
221 62
221 119
221 124
221 152
221 164
221 207
221 269
222 27
222 50
222 65
222 73
222 74
222 75
222 78
222 98
222 117
222 130
222 134
222 152
222 177
222 245
222 251
222 252
222 257
222 286
223 36
223 40
223 56
223 91
223 101
223 113
223 116
223 123
223 129
223 131
223 133
223 146
223 162
223 170
223 171
223 221
223 246
223 257
223 272
223 290
223 294
224 1
224 11
224 24
224 33
224 56
224 57
224 78
224 79
224 86
224 124
224 143
224 152
224 173
224 179
224 182
224 201
224 212
224 233
224 296
225 4
225 6
225 23
225 31
225 49
225 89
225 105
225 108
225 115
225 130
225 137
225 141
225 149
225 154
225 179
225 188
225 235
225 247
225 249
225 299
225 300
226 13
226 15
226 24
226 46
226 57
226 60
226 110
226 173
226 193
226 231
226 232
226 243
226 248
226 260
226 270
227 21
227 29
227 36
227 65
227 72
227 84
227 109
227 126
227 134
227 182
227 192
227 194
227 257
227 270
227 271
227 297
227 299
228 4
228 5
228 63
228 77
228 78
228 93
228 107
228 137
228 153
228 217
228 220
228 223
228 231
228 262
228 274
228 280
228 282
228 298
229 20
229 27
229 28
229 106
229 119
229 136
229 174
229 193
229 206
229 210
229 221
229 240
229 277
229 286
230 11
230 32
230 36
230 84
230 111
230 112
230 116
230 142
230 206
230 254
230 295
231 9
231 19
231 20
231 40
231 61
231 68
231 76
231 79
231 99
231 100
231 105
231 155
231 178
231 180
231 194
231 201
231 210
231 239
231 266
231 272
231 289
232 16
232 28
232 38
232 62
232 63
232 74
232 94
232 132
232 140
232 174
232 176
232 177
232 209
232 211
232 220
232 224
232 247
232 271
232 274
233 5
233 26
233 33
233 37
233 43
233 66
233 82
233 106
233 107
233 121
233 143
233 171
233 184
233 200
233 226
233 236
233 247
233 265
234 2
234 50
234 78
234 87
234 100
234 125
234 128
234 145
234 180
234 193
234 205
234 224
234 243
234 245
234 261
235 17
235 19
235 73
235 81
235 95
235 98
235 151
235 189
235 210
235 211
235 240
235 258
236 18
236 38
236 54
236 165
236 176
236 182
236 196
236 234
236 247
236 258
236 268
236 282
236 293
237 11
237 33
237 58
237 70
237 74
237 101
237 148
237 150
237 181
237 201
237 212
237 265
237 277
237 280
237 281
237 291
238 38
238 69
238 75
238 116
238 144
238 147
238 175
238 180
238 195
238 202
238 209
238 267
238 275
238 287
239 19
239 31
239 35
239 57
239 70
239 79
239 80
239 83
239 144
239 156
239 162
239 178
239 186
239 217
239 218
239 225
239 241
239 269
239 272
239 279
239 280
239 290
240 5
240 36
240 40
240 68
240 70
240 89
240 98
240 101
240 116
240 131
240 135
240 136
240 146
240 168
240 173
240 174
240 187
240 200
240 206
240 214
240 266
241 20
241 34
241 46
241 49
241 92
241 95
241 108
241 111
241 115
241 126
241 148
241 169
241 218
241 219
241 226
241 283
242 20
242 69
242 74
242 83
242 120
242 127
242 133
242 159
242 208
242 260
242 287
243 55
243 75
243 79
243 89
243 109
243 152
243 153
243 154
243 173
243 188
243 201
243 295
244 20
244 31
244 60
244 127
244 166
244 201
244 210
244 215
244 221
244 239
244 246
244 247
244 275
244 291
244 294
244 299
245 4
245 6
245 14
245 18
245 22
245 53
245 78
245 80
245 100
245 116
245 142
245 143
245 168
245 169
245 172
245 218
245 220
245 223
245 251
245 279
246 8
246 46
246 52
246 63
246 72
246 85
246 86
246 92
246 99
246 102
246 124
246 129
246 133
246 137
246 146
246 148
246 180
246 196
246 199
246 204
246 206
246 216
246 249
246 261
246 270
246 274
246 282
246 293
247 50
247 59
247 98
247 145
247 146
247 156
247 161
247 191
247 229
247 234
247 250
247 255
247 272
247 273
247 292
247 299
248 16
248 46
248 58
248 134
248 175
248 178
248 227
248 236
248 260
249 6
249 19
249 26
249 46
249 79
249 118
249 150
249 165
249 173
249 192
249 204
249 214
249 286
250 15
250 29
250 45
250 47
250 109
250 121
250 123
250 182
250 202
250 241
250 252
250 292
251 20
251 21
251 27
251 45
251 56
251 69
251 72
251 75
251 83
251 93
251 98
251 110
251 167
251 172
251 209
251 242
252 22
252 24
252 47
252 50
252 65
252 153
252 187
252 213
252 218
252 220
252 234
252 249
252 264
252 279
252 290
253 3
253 13
253 18
253 57
253 94
253 101
253 102
253 134
253 138
253 140
253 146
253 160
253 161
253 170
253 179
253 207
253 210
253 220
253 232
253 238
253 260
253 271
253 274
253 277
253 282
254 36
254 69
254 93
254 145
254 147
254 156
254 168
254 178
254 191
254 212
254 223
254 251
254 253
254 286
255 1
255 4
255 6
255 10
255 16
255 26
255 35
255 80
255 89
255 108
255 117
255 125
255 128
255 136
255 140
255 141
255 165
255 172
255 192
255 208
255 263
255 281
255 284
255 296
256 6
256 13
256 22
256 28
256 88
256 161
256 170
256 174
256 195
256 197
256 203
256 221
256 234
256 250
256 259
256 266
256 273
257 32
257 45
257 48
257 84
257 86
257 140
257 156
257 201
257 218
257 230
257 278
258 19
258 20
258 51
258 74
258 100
258 109
258 112
258 124
258 138
258 165
258 178
258 201
258 223
258 274
258 275
259 22
259 41
259 53
259 65
259 71
259 73
259 86
259 115
259 196
259 201
259 202
259 226
259 239
259 249
259 250
259 252
259 263
259 281
259 300
260 12
260 33
260 37
260 101
260 121
260 129
260 133
260 166
260 256
260 286
260 298
261 36
261 38
261 55
261 87
261 91
261 93
261 132
261 155
261 225
261 236
261 244
261 253
261 268
261 285
261 294
261 299
261 300
262 1
262 13
262 20
262 55
262 86
262 98
262 133
262 139
262 152
262 220
262 226
262 229
262 260
262 270
262 275
263 21
263 34
263 36
263 37
263 52
263 64
263 70
263 76
263 80
263 81
263 102
263 109
263 121
263 139
263 165
263 183
263 197
263 214
263 222
263 229
263 235
263 253
263 269
263 297
264 28
264 39
264 53
264 74
264 86
264 104
264 110
264 139
264 150
264 160
264 190
264 208
264 210
264 224
264 263
264 278
264 286
264 289
265 15
265 19
265 50
265 92
265 180
265 198
265 221
265 224
265 229
265 252
265 268
265 272
266 25
266 58
266 67
266 69
266 93
266 119
266 143
266 179
266 187
266 209
266 223
266 247
266 300
267 12
267 25
267 36
267 40
267 52
267 62
267 109
267 111
267 113
267 127
267 140
267 148
267 152
267 156
267 181
267 191
267 222
267 276
267 290
267 298
268 5
268 33
268 45
268 58
268 75
268 80
268 83
268 132
268 137
268 170
268 188
268 194
268 211
268 217
268 225
268 226
268 276
268 294
269 22
269 42
269 51
269 52
269 56
269 58
269 60
269 73
269 84
269 99
269 108
269 119
269 128
269 140
269 164
269 167
269 170
269 202
269 205
269 232
269 276
269 296
270 6
270 11
270 26
270 44
270 53
270 101
270 106
270 130
270 148
270 150
270 178
270 209
270 240
270 241
270 278
271 1
271 7
271 26
271 40
271 45
271 59
271 75
271 80
271 84
271 113
271 154
271 159
271 188
271 199
271 210
271 224
271 225
271 263
271 292
271 296
272 24
272 29
272 61
272 109
272 120
272 124
272 135
272 151
272 173
272 192
272 220
272 232
272 266
272 267
272 268
273 114
273 136
273 158
273 195
273 213
273 227
273 229
273 244
273 248
273 253
273 283
273 294
274 43
274 108
274 124
274 126
274 129
274 149
274 156
274 170
274 194
274 198
274 202
274 205
274 214
274 216
274 217
274 236
274 282
274 299
275 25
275 33
275 70
275 74
275 75
275 86
275 92
275 99
275 104
275 118
275 157
275 168
275 193
275 235
275 271
275 286
275 298
276 6
276 54
276 71
276 106
276 120
276 176
276 198
276 222
276 237
276 238
277 7
277 12
277 49
277 60
277 72
277 80
277 122
277 149
277 157
277 159
277 161
277 169
277 172
277 187
277 191
277 221
277 225
277 272
277 276
278 32
278 49
278 116
278 128
278 133
278 144
278 173
278 175
278 213
278 220
279 10
279 23
279 33
279 81
279 112
279 113
279 116
279 118
279 122
279 161
279 186
279 192
279 225
279 232
279 274
279 287
279 300
280 10
280 17
280 27
280 46
280 52
280 53
280 73
280 86
280 92
280 102
280 104
280 105
280 118
280 124
280 129
280 155
280 156
280 158
280 167
280 201
280 243
280 257
280 261
280 272
280 275
281 7
281 10
281 11
281 54
281 93
281 101
281 113
281 121
281 148
281 156
281 158
281 163
281 186
281 188
281 199
281 204
281 218
281 227
281 229
281 232
281 236
281 282
282 12
282 18
282 20
282 25
282 36
282 42
282 50
282 51
282 53
282 56
282 114
282 143
282 157
282 183
282 187
282 243
282 254
282 255
282 289
282 291
283 1
283 3
283 21
283 69
283 72
283 89
283 102
283 110
283 134
283 142
283 173
283 182
283 207
283 242
283 243
283 265
284 40
284 87
284 100
284 110
284 115
284 119
284 154
284 161
284 162
284 195
284 214
284 233
284 259
284 300
285 37
285 42
285 60
285 77
285 105
285 110
285 131
285 148
285 160
285 178
285 192
285 202
285 220
285 221
285 222
285 249
285 252
285 254
286 6
286 24
286 40
286 59
286 82
286 96
286 107
286 121
286 124
286 126
286 152
286 168
286 195
286 226
286 294
287 6
287 8
287 23
287 34
287 44
287 53
287 125
287 139
287 216
287 235
287 244
288 3
288 4
288 8
288 11
288 15
288 42
288 44
288 59
288 107
288 114
288 127
288 128
288 172
288 177
288 181
288 193
288 194
288 201
288 214
288 225
288 245
289 28
289 52
289 68
289 73
289 83
289 85
289 91
289 126
289 162
289 170
289 177
289 199
289 229
289 238
289 252
289 258
289 294
289 297
290 20
290 39
290 56
290 64
290 68
290 101
290 104
290 128
290 158
290 174
290 224
290 226
290 243
290 245
290 254
290 278
290 285
290 294
290 296
291 3
291 27
291 98
291 135
291 151
291 163
291 177
291 181
291 199
291 248
291 253
291 259
291 272
291 274
292 24
292 28
292 40
292 48
292 55
292 79
292 80
292 86
292 87
292 93
292 112
292 165
292 182
292 199
292 207
292 234
292 241
292 289
293 15
293 50
293 56
293 84
293 124
293 125
293 148
293 150
293 195
293 208
293 212
293 220
293 221
293 224
293 240
293 244
293 249
293 263
293 274
293 276
293 282
293 283
293 295
294 15
294 19
294 59
294 61
294 68
294 70
294 85
294 108
294 138
294 145
294 151
294 179
294 218
294 230
294 241
294 252
294 267
294 277
294 282
295 2
295 36
295 47
295 78
295 147
295 160
295 167
295 196
295 228
295 258
295 262
296 13
296 22
296 31
296 55
296 61
296 68
296 78
296 102
296 138
296 146
296 150
296 154
296 228
296 230
296 263
296 266
296 284
296 300
297 2
297 15
297 33
297 54
297 64
297 82
297 88
297 156
297 166
297 174
297 188
297 189
297 235
297 272
297 276
297 291
298 14
298 38
298 51
298 64
298 95
298 99
298 116
298 124
298 135
298 150
298 171
298 232
298 257
298 279
298 289
298 290
298 292
299 10
299 59
299 94
299 108
299 110
299 131
299 150
299 211
299 214
299 248
299 280
299 293
300 17
300 31
300 47
300 52
300 61
300 63
300 83
300 91
300 108
300 114
300 121
300 133
300 179
300 183
300 207
300 210
300 214
300 234
300 243
300 255
300 260
300 269
300 272

