150 250
3 6 4 1 1 2 1 14 4 17 8 4 8 2 1 33 1 8 1 146833651 2 4 5 14 2 22 8 4 7 2 16 15 2 2 15 9 6 6 2 2650317960 1 1 2 9 13 9 3 1 7 4 3 1 1 24 4 20 6 1 4 3 4 6 1629951309 1 14 4 3 2 1 1 2067562022 4 4 13 15 15 1 2759197390 4 4 3 26 31 1 2 3 3 1 10 17 1 4 8 9 36 4270918843 4 1 1 11 3 38 23 3 1 6 1 7 14 1 3 1 3783817510 9 16 22 4 2 1 9 2537219919 2 1 4 3 1 6 10 3 17 9 24 1 21 2 13 34 6 9 4 12 3 15 35 6 24 2 2025253496 7 7 
1 114
2 11
2 144
3 83
3 128
5 56
6 64
7 83
7 142
8 29
8 122
9 36
9 95
10 16
10 82
10 135
11 26
11 103
11 125
12 42
12 118
13 59
13 109
14 37
15 25
16 23
17 105
18 68
18 132
19 128
21 90
22 138
22 149
23 76
24 34
25 133
26 16
26 117
26 143
26 145
27 2
28 129
29 37
29 150
31 92
31 104
31 128
32 56
33 50
33 67
34 77
35 45
35 67
35 134
36 7
36 43
38 74
38 87
39 44
39 88
41 1
45 32
45 95
46 24
46 67
47 18
47 28
47 95
47 131
48 49
48 139
49 111
50 4
52 56
54 82
54 133
54 147
56 6
56 61
57 68
57 116
57 118
59 11
59 65
59 137
60 53
60 69
61 54
62 52
62 146
65 8
65 76
65 104
66 106
67 1
67 116
69 24
69 75
69 146
70 82
72 32
73 33
73 119
74 1
74 21
74 115
75 31
75 51
75 89
76 102
76 140
77 23
79 52
80 103
81 35
82 1
82 57
82 132
82 135
83 15
83 35
83 88
84 11
84 54
84 126
85 58
85 117
86 72
88 99
88 132
89 7
89 94
90 30
90 87
91 16
91 56
91 141
92 27
93 26
93 47
93 144
94 16
94 57
94 102
94 146
95 58
95 65
95 115
95 132
97 73
98 66
98 79
99 46
100 45
100 95
100 134
101 95
101 147
102 6
102 49
102 62
102 80
102 141
103 100
104 36
104 139
106 13
106 27
106 45
106 103
106 114
107 49
108 116
108 146
109 36
109 142
111 123
112 84
114 84
115 49
116 31
116 38
116 89
118 43
118 58
118 97
120 3
120 110
120 132
120 141
122 125
122 140
123 86
124 82
125 81
125 90
125 93
126 30
126 51
127 11
127 23
127 83
127 93
128 15
128 137
129 130
130 33
130 75
130 93
130 103
130 140
131 44
132 55
132 100
133 93
133 108
133 120
134 10
134 19
134 119
134 142
136 43
136 48
136 61
136 140
137 8
137 24
137 102
137 131
138 37
138 64
139 90
141 16
141 49
141 124
142 14
143 31
143 44
143 82
144 16
144 32
144 115
144 120
145 109
145 110
146 22
149 117
149 120
150 10
150 55

