150 250
8 7 2 3 8 5 4 14 28 22 2 32 16 2 1 8 1 2 1 3 63 4 4 7 2 2 22 14 6 2 1 994996828 290164178 1 13 4 9 31 9 5 4 1 1 9 6 4 11 5 7 23 49 1 4 5 6 1 1 7 1172794913 1 39 15 13 16 2 1 315266922 4 4 12 5 3 1 24 25 4 3 7 12 3 2 9 8 8 7 6 23 1 16 11 3 7 2 7 7 1 1 1 4 1 3 2 3 19 4 6 5 3 5 21 3 1 5 32 7 1 16 13 1 3814842979 1 1 1 13 8 7 14 14 9 7 4 948584731 15 12 3 3 1 4 11 4 4 17 1 8 15 2 21 9 6 1 
1 5
1 94
2 124
2 149
4 23
4 86
5 10
5 148
6 12
6 109
7 37
7 49
7 143
8 38
9 2
9 47
9 55
10 61
10 78
11 9
11 25
11 58
12 51
12 89
13 74
13 79
14 12
14 102
15 41
16 9
16 55
16 78
20 16
20 27
21 8
21 40
21 50
21 145
21 147
21 149
22 24
22 51
23 79
24 137
25 3
25 29
25 105
25 146
26 54
26 144
27 61
27 128
28 21
28 127
29 81
29 91
29 140
34 142
35 6
35 84
38 37
38 98
39 109
39 114
40 12
41 136
42 45
44 48
44 88
44 119
44 149
45 61
46 110
47 14
47 27
47 64
47 84
47 111
49 24
49 115
50 8
50 10
50 42
50 61
51 19
51 21
51 147
52 16
53 51
53 135
54 134
55 61
56 87
57 43
58 72
60 87
61 34
61 65
61 138
62 27
62 37
62 134
63 35
63 104
63 114
64 35
64 45
64 95
65 63
65 141
68 79
68 129
69 80
69 147
70 36
70 76
70 82
70 111
71 48
71 68
71 73
74 30
74 55
74 115
75 48
75 72
75 106
76 58
77 101
77 142
78 38
79 85
79 114
80 12
81 74
82 133
83 105
83 142
84 6
84 30
84 121
85 12
86 82
86 141
87 18
87 28
87 96
87 103
89 28
89 60
89 70
89 78
89 79
89 139
90 24
90 45
91 28
91 128
92 111
92 142
92 150
93 21
93 31
94 13
94 140
95 75
95 126
97 3
97 51
97 112
97 129
97 144
100 90
100 122
102 28
102 38
103 1
103 51
103 99
104 47
104 77
104 115
104 116
104 138
105 101
106 51
106 118
107 75
107 126
108 56
109 15
109 124
110 36
110 39
110 83
110 104
111 62
112 30
112 130
113 54
113 64
113 66
113 108
113 117
114 116
114 141
117 6
117 13
117 82
117 144
118 102
118 145
123 114
124 40
124 138
125 87
125 130
125 138
126 99
126 134
127 9
127 10
127 109
127 118
128 46
128 143
129 117
129 142
130 43
131 77
133 8
133 17
134 141
135 133
136 18
136 107
139 38
139 85
139 117
144 127
144 131
145 45
145 92
146 107
147 90
147 149
148 78
148 91
149 30
150 87

