300 250
118035803 4 3 1 4 1 8 2866606785 1574487733 1 1 3010277360 2461764140 4 1 7 2 3529683528 1 3 1 2677670462 1 810483706 9 775541544 2861340547 2 8 1 218292566 1 4102725232 4 505015639 3 1 22 1 1 12 2 3 4 4 895089510 2285872377 3909954481 579584322 3 1 1 3 3220324065 2347884657 2 1 1 1 1 2 1 11 4 4 1 6 3 9 9 1 1 4 1 1 1 4 6 2406569612 1 3 1 1 2 3 137744545 6 1 1 3 1672847868 2995367583 2651485284 5 3 1 2 1 3048829175 3 2 1 1 1 1 5 1 1867456316 6 4287937864 1 2739508888 4 12 2759460846 22 1768001274 4235152766 14 1 2 5 483009593 1 1 2675238064 1 1804194582 3730793582 1 210071632 3 1 1 1 2 6 1 1400877668 1 1 2256695954 3993477588 2 4 11 3 3381223916 1 8 2945987514 1099548914 12 1 1 3 3 49 3 3082602762 1 2 1 1 1 1 1 1 720474830 4070492415 2 1 1 1051681924 1 4 1 1 3 2 1 8 2 7 3 1 3 6 4035189709 5 2416153181 3 2 1301390234 4 5090876 1 12 6 1 1 1 953514600 2 2 4 1 2 1 2937909383 1410699694 1 5 1 1 1 1 4 1 1164547808 1 1 6 7 1 9 1 1 2 3 8 3 1 1 764542014 7 1 1 1 4 4 1 3 1 1 4 10 1 1 1 96048655 1 1 322401374 1 1 1 1037968111 2 1 2 4 6 1 2 1 11 1 520880360 7 1 1 5 3462516821 5 2 3 4 2 1 2 1 3 2 1 1 1914352860 5 1 2 1 7 1 9 1082960781 4 3712053718 4141402231 1 1 
2 236
2 247
3 223
5 114
6 16
7 29
7 78
14 72
14 201
14 227
14 259
16 15
16 200
17 140
23 43
25 153
28 36
29 263
29 273
30 243
32 75
36 237
38 122
38 225
38 236
39 214
41 116
41 147
42 208
42 283
43 87
44 63
45 106
45 171
45 180
50 5
50 232
51 164
52 244
53 171
56 216
58 263
61 221
61 247
63 198
64 100
64 179
65 153
67 157
67 267
68 94
69 98
69 146
69 204
70 104
70 162
71 250
72 37
73 113
76 109
77 5
77 187
78 245
78 283
80 124
80 146
81 103
81 284
82 136
84 262
84 264
85 7
85 98
87 204
88 247
89 104
90 178
90 199
94 155
95 116
95 193
96 279
97 158
97 212
101 25
106 34
106 66
106 188
107 122
109 83
109 153
111 205
111 215
114 173
114 198
116 52
119 121
119 165
119 266
120 4
122 116
122 256
125 144
127 114
130 156
130 213
133 41
135 7
136 226
137 28
141 198
145 56
146 222
146 239
146 293
149 121
150 101
150 282
150 296
153 281
154 74
154 199
156 67
156 188
156 282
157 20
158 57
158 141
158 147
158 177
158 213
158 279
159 11
159 166
159 243
161 28
162 157
163 193
167 65
167 255
168 218
175 130
175 153
175 204
175 218
176 290
180 68
181 132
182 275
182 278
184 60
184 138
184 249
185 38
185 275
186 262
188 255
190 6
190 73
190 140
192 41
192 202
195 10
195 45
195 59
195 116
205 232
206 2
206 163
207 17
209 19
209 208
216 53
217 231
217 247
219 253
223 25
224 44
224 137
225 136
226 197
228 134
229 111
229 172
230 20
230 198
231 70
231 270
233 94
233 213
234 137
236 6
238 197
239 285
240 223
240 267
241 179
241 275
241 292
242 273
243 164
245 182
246 119
246 187
247 132
248 263
250 38
252 183
253 291
255 87
255 145
255 176
256 63
257 288
259 144
260 85
261 16
261 277
265 63
267 17
267 45
268 226
270 16
270 238
271 199
272 199
273 3
276 102
276 233
277 224
278 292
279 240
280 100
281 40
281 261
284 2
286 105
288 113
288 190
289 21
289 34
289 213
292 63
293 183
294 140
294 163
294 290
296 43
299 62
300 265

