150 750
19 102 88 24 198 38 31 20 75 41 25 72 124 10 112 56 149 72 56 30 13 32 16 64 104 102 78 2 35 11 22 1 85 5 140 135 11 36 80 57 52 10 40 19 68 223 23 79 12 23 42 18 45 18 10 13 101 81 63 99 57 65 36 37 127 32 8 11 26 38 93 25 74 21 81 135 31 132 100 18 75 8 59 139 116 48 29 19 23 14 3 6 30 41 73 63 121 26 13 45 106 83 80 77 70 6 131 22 203 174 27 8 25 74 75 36 34 55 69 112 46 12 11 23 69 20 82 56 6 18 47 13 28 33 27 54 30 48 32 26 121 63 49 4 63 5 24 18 38 61 
1 3
1 14
1 66
1 81
2 16
2 20
2 33
2 41
2 42
2 72
2 139
3 12
3 17
3 20
3 46
4 12
4 40
4 42
4 46
4 69
4 90
5 51
5 67
5 90
5 105
5 117
5 145
5 146
6 18
6 40
6 43
6 116
7 38
7 43
7 46
7 78
7 97
7 101
8 128
8 141
9 40
9 49
9 59
9 86
10 2
10 8
10 13
10 66
10 68
11 4
11 44
11 59
11 71
11 72
11 138
11 142
12 5
12 19
12 39
12 74
12 89
12 100
13 3
13 8
13 19
13 53
13 82
13 109
13 118
13 120
14 23
14 45
14 53
14 125
15 5
15 7
15 48
15 55
15 62
15 64
15 69
15 82
15 131
15 132
16 33
16 73
16 75
16 77
17 1
17 28
17 79
17 86
17 107
17 118
17 131
17 147
18 3
18 61
18 146
19 18
19 77
19 108
19 132
20 4
20 14
21 27
21 83
21 124
21 130
21 133
22 10
22 30
22 60
22 83
22 148
23 21
23 45
23 50
23 92
23 135
24 51
24 111
24 120
24 134
25 31
25 32
25 47
25 59
25 66
25 77
25 98
25 111
25 140
26 2
26 35
26 65
26 87
26 88
26 105
26 106
26 137
26 147
27 62
27 91
27 118
27 136
28 124
29 7
29 11
29 36
29 73
29 81
30 101
30 134
31 30
31 134
31 143
32 6
32 119
33 62
33 71
33 85
33 103
33 124
34 86
34 119
35 3
35 40
35 65
35 70
35 105
35 125
36 18
36 27
36 32
36 60
36 69
36 150
37 15
37 137
38 18
38 46
38 53
38 72
38 76
38 85
38 102
38 112
38 125
38 128
38 141
39 26
39 84
39 109
39 141
39 149
40 17
40 20
40 29
40 95
40 112
41 6
41 71
41 75
41 76
41 96
41 114
42 8
42 35
42 67
42 76
42 100
42 119
43 8
43 61
43 129
43 141
44 5
44 32
44 101
44 118
44 137
45 88
45 95
45 96
45 116
45 129
45 142
45 145
45 147
45 149
46 16
46 18
46 55
46 69
46 78
46 103
46 104
46 105
46 107
46 126
46 140
47 6
47 75
47 92
47 101
47 128
48 21
48 66
48 70
48 89
48 132
49 36
50 100
50 135
51 62
51 71
51 80
51 96
51 125
52 35
52 42
52 61
52 72
52 115
53 10
53 34
53 95
53 101
53 105
54 12
54 36
54 62
54 125
55 13
55 17
56 30
56 73
56 78
56 86
57 5
57 7
57 54
57 64
57 84
57 103
57 140
58 11
58 25
58 29
58 40
58 46
58 120
59 29
59 40
59 66
59 75
59 108
59 112
60 76
60 86
60 117
60 138
61 41
61 70
61 79
61 83
62 46
62 57
62 77
62 95
62 143
63 97
63 98
63 140
64 121
64 124
65 17
65 22
65 95
65 116
65 129
66 3
66 101
66 111
67 31
67 33
67 39
67 70
67 72
67 87
68 56
68 58
68 83
68 97
68 127
69 3
69 26
69 76
69 112
69 141
70 9
70 15
70 28
70 46
71 53
71 109
71 147
72 5
72 19
72 28
72 32
72 61
72 75
73 24
73 87
73 122
74 19
74 20
74 33
74 64
74 79
74 150
75 3
75 43
75 48
75 79
75 118
75 148
76 15
76 21
76 36
76 62
76 63
76 73
76 146
77 60
77 122
78 34
78 43
78 70
78 109
78 117
78 137
79 48
79 49
79 105
79 107
79 125
79 133
79 142
80 71
80 108
80 116
81 24
81 35
81 86
81 104
81 108
82 28
82 34
82 44
82 73
82 120
82 128
83 5
83 39
83 45
83 57
84 48
84 74
84 75
84 81
84 90
84 97
84 99
84 106
84 111
84 114
84 148
85 3
85 82
85 84
85 101
85 107
85 111
85 126
86 78
86 97
86 137
87 37
87 109
87 115
87 118
87 119
88 14
88 19
88 42
88 68
88 70
88 141
88 142
89 23
89 102
89 113
89 130
90 20
90 25
90 64
90 98
90 148
91 70
91 101
92 53
92 58
92 63
92 142
93 16
93 51
93 107
93 143
94 41
94 55
94 114
94 120
94 136
94 139
95 57
95 71
95 109
95 131
96 22
96 24
96 30
96 35
96 104
96 128
97 9
97 41
97 53
97 56
97 73
97 104
98 37
98 45
98 65
98 75
98 82
99 68
99 110
100 11
100 109
100 111
100 121
101 33
101 46
101 65
101 89
101 99
102 8
102 41
102 51
102 70
102 84
102 86
102 127
103 18
103 19
103 65
103 68
103 78
103 129
104 28
104 51
104 57
104 98
104 121
104 124
105 3
105 13
105 20
105 25
105 41
105 55
105 69
105 97
105 121
106 24
106 78
107 18
107 58
107 60
107 94
108 6
108 7
108 57
108 60
108 96
108 120
108 141
109 2
109 5
109 25
109 32
109 36
109 107
109 120
109 127
109 141
110 3
110 6
110 14
110 23
110 101
110 103
110 106
110 124
110 126
110 127
110 146
111 12
111 60
111 138
112 16
112 30
112 51
112 64
112 93
112 104
112 138
112 148
113 15
113 96
113 107
113 142
114 2
114 39
114 42
114 109
114 119
114 140
115 3
115 44
115 70
115 72
115 81
115 145
116 4
116 11
116 63
116 105
116 144
117 45
117 100
117 107
117 142
118 9
118 48
118 128
119 9
119 39
119 61
119 95
119 103
119 138
119 148
120 19
120 25
120 27
120 32
120 40
120 48
120 69
120 101
121 58
122 3
122 46
122 57
122 121
122 135
123 15
123 30
123 134
123 149
124 19
124 93
124 136
125 24
125 77
125 86
126 2
126 15
126 44
126 118
127 22
127 26
127 50
127 62
127 98
128 5
128 78
128 116
128 143
129 25
129 54
129 60
129 109
130 35
130 58
130 61
130 67
130 110
130 126
131 73
131 74
131 77
132 58
132 67
132 68
132 134
133 12
133 23
133 89
133 95
133 109
133 120
134 66
134 85
134 105
135 8
135 12
135 27
135 36
135 65
135 66
135 74
135 79
135 91
135 125
136 3
136 33
136 65
136 110
136 131
137 13
137 22
137 25
137 38
137 54
137 96
137 101
138 7
138 28
138 58
138 80
138 102
138 105
138 121
139 4
139 68
139 77
139 86
140 7
140 9
141 11
141 17
141 40
141 85
141 118
141 139
142 49
142 54
143 115
143 121
144 42
144 78
144 80
144 113
145 36
145 48
145 66
145 127
145 143
145 147
146 27
146 141
147 29
147 50
147 91
148 29
148 34
148 64
148 71
148 114
148 142
148 146
148 150
149 13
149 88
149 126
149 128
149 144
150 8
150 10
150 16
150 35
150 39
150 59
150 62
150 71

