150 500
32 39 5 14 45 14 46 22 27 2 15 8 4 25 25 16 33 152 3 2 48 7 98 4 43 55 73 14 18 1 9 57 3 21 14 2 2 7 3 56 43 4 15 4 20 11 26 9 28 23 13 2 7 32 13 48 18 27 24 36 16 99 13 69 3 24 16 2 12 54 15 8 2 19 46 15 45 12 79 36 57 32 17 71 4 3 19 26 10 33 9 21 73 14 10 21 17 19 56 53 17 49 21 8 77 21 6 30 3 22 48 5 10 47 72 14 8 14 6 22 32 48 44 15 37 2 25 3 12 11 25 3 20 5 43 7 44 18 46 20 13 65 8 14 23 10 14 1 8 3 
1 106
1 111
1 147
2 79
3 38
3 103
3 117
3 149
4 9
4 40
4 62
4 75
4 82
4 94
5 44
5 77
5 80
5 113
5 146
6 19
6 23
7 13
7 19
7 117
7 150
8 93
8 128
8 134
9 61
9 64
9 82
9 133
9 145
9 149
10 5
11 5
11 7
11 18
11 23
11 53
11 63
12 137
13 5
13 21
13 87
14 2
14 79
14 86
15 31
15 64
15 92
16 49
16 53
16 134
17 5
17 32
17 47
17 83
17 84
18 6
18 49
18 91
18 93
18 106
18 107
19 90
20 7
20 8
20 51
20 69
20 102
20 106
21 1
22 1
22 52
22 69
22 150
23 24
23 61
23 75
23 83
23 84
23 142
24 102
24 144
25 18
25 32
25 67
25 82
25 124
26 45
26 48
26 72
26 80
26 107
27 13
27 31
27 82
27 89
27 99
27 127
27 138
27 147
28 34
28 116
29 46
29 70
29 111
30 106
31 90
32 84
32 86
32 103
33 23
33 57
33 114
34 9
34 21
34 35
34 38
35 8
35 106
36 16
36 32
36 82
36 110
37 17
37 40
37 87
37 103
38 29
39 95
39 139
40 26
40 59
40 88
40 138
40 149
41 14
41 111
41 132
42 83
43 28
43 70
44 16
44 17
45 34
45 68
46 64
46 106
47 2
47 18
47 116
47 135
48 34
48 110
48 118
48 135
48 139
49 10
49 48
49 67
49 114
50 14
50 73
51 4
51 81
51 95
51 125
51 141
52 44
52 56
52 59
52 127
52 139
54 19
54 50
54 123
55 16
55 122
56 12
56 31
56 42
56 62
57 2
57 24
57 94
57 106
57 150
58 10
58 16
58 103
58 110
59 45
60 20
60 24
60 50
60 96
60 109
60 131
62 12
62 54
62 59
62 77
62 87
62 102
62 108
63 13
63 32
63 105
64 39
64 41
64 63
64 114
64 124
64 132
65 6
65 9
65 149
66 34
66 40
66 81
66 129
67 18
67 50
67 93
67 133
68 41
69 29
69 45
69 84
69 96
70 81
70 92
70 106
71 2
71 57
71 105
72 57
72 103
73 2
73 54
73 67
73 71
73 74
73 86
73 98
73 116
73 140
74 40
74 47
75 3
75 5
75 14
75 29
76 15
76 45
76 69
77 18
77 71
77 92
77 103
77 145
78 59
78 101
78 139
79 18
79 68
79 126
79 133
80 18
80 61
80 62
81 108
81 115
82 5
82 34
82 81
82 110
83 9
83 25
83 72
83 136
84 73
84 75
84 92
85 84
85 141
86 70
86 75
86 105
87 32
87 97
88 79
88 81
88 100
88 131
89 55
89 129
90 56
90 88
90 101
91 77
92 41
93 11
93 21
93 47
93 76
93 97
94 16
94 80
95 32
95 72
96 79
96 93
96 95
97 59
97 62
97 73
98 21
98 32
98 36
98 38
98 104
99 14
99 33
99 74
99 84
100 41
100 51
100 52
100 70
100 92
100 129
101 6
101 87
101 96
102 80
102 121
102 126
103 26
103 43
103 120
104 38
104 79
104 142
105 46
105 49
105 125
105 129
105 144
106 17
106 53
106 55
108 31
108 54
108 92
110 27
110 71
110 123
111 21
111 56
111 109
111 112
111 127
111 150
112 45
112 133
113 69
113 126
113 145
114 7
114 26
114 74
114 137
115 23
115 25
115 27
115 61
115 70
115 101
116 105
116 125
117 34
117 36
117 59
117 77
117 98
117 119
118 29
118 79
119 83
119 115
120 7
120 90
120 102
121 6
121 12
121 16
121 89
122 2
122 15
122 40
122 45
122 91
122 137
123 51
123 59
123 66
123 77
123 99
123 111
123 117
124 62
124 70
124 87
124 93
125 14
125 47
125 80
125 122
126 118
127 10
127 12
127 43
127 49
128 34
128 78
129 17
129 99
129 107
130 4
130 56
130 88
130 115
131 40
131 66
131 121
132 11
132 92
133 19
134 113
135 15
135 20
135 58
135 93
135 124
135 131
136 79
136 115
137 77
137 118
137 144
138 58
138 69
138 80
138 120
138 146
139 34
139 60
139 98
139 123
139 132
139 137
140 26
140 35
140 43
140 104
140 108
141 81
141 120
142 21
142 47
142 100
142 110
142 116
142 130
143 5
143 16
143 64
143 84
144 75
145 87
145 95
146 75
146 130
147 53
147 73
147 150
148 41
148 99
149 1
149 13
149 19
149 28
149 125
150 34
150 105
150 137
150 142

