50 100
24 5 9 24 1 3 3 14 5 6 2 12 27 2 14 48 4 7 16 4 12 2 8 12 2 23 4 4 1 10 16 2 5 2 1 3 2 3 16 8 4 10 25 2 6 3 8 6 46 41 
1 16
1 21
1 26
1 29
1 49
2 7
2 20
3 23
3 36
4 23
4 26
5 22
6 11
6 16
6 39
7 1
7 9
7 12
8 2
8 20
8 43
9 34
10 1
10 7
12 3
12 29
12 50
13 1
13 15
13 35
13 41
14 45
15 22
15 39
15 47
16 4
16 11
16 13
16 41
18 29
18 42
19 1
19 11
19 13
19 47
20 7
20 40
20 44
21 13
21 50
22 50
23 40
24 16
24 17
24 20
24 26
25 11
25 31
27 18
27 30
28 1
30 10
30 17
30 21
31 8
31 26
31 32
32 37
32 38
33 43
33 47
33 49
35 38
36 25
36 42
39 4
39 21
40 26
42 9
43 4
43 16
43 28
43 37
43 49
44 29
45 25
45 46
45 50
46 48
47 44
48 21
48 40
48 42
49 14
49 19
49 34
49 39
50 3
50 14
50 26

