50 250
108 32 39 27 147 61 111 107 99 57 37 58 143 24 9 87 29 26 10 45 160 5 65 177 96 7 52 15 16 33 10 109 26 46 118 14 144 114 28 11 24 29 68 204 115 39 26 9 21 96 
1 5
1 11
1 22
1 30
1 33
1 34
1 37
1 42
1 49
2 5
2 11
2 18
2 37
2 45
3 11
3 31
3 42
3 47
4 21
4 24
4 29
4 41
4 44
4 46
5 6
5 7
5 9
5 10
5 30
5 32
5 37
5 38
5 39
5 46
5 49
6 8
6 21
6 24
6 27
6 32
6 38
6 48
7 3
7 8
7 15
7 30
7 37
7 39
7 48
7 49
8 18
8 22
8 41
8 44
8 50
9 4
9 10
9 13
10 13
10 27
10 29
10 30
10 34
10 41
11 18
11 36
12 2
12 3
12 16
12 19
12 21
12 24
12 25
12 46
12 50
13 3
13 8
13 34
13 42
13 45
13 46
14 1
14 9
14 11
14 25
14 26
14 50
15 6
15 9
15 33
15 46
16 3
16 30
16 32
16 33
16 35
16 43
17 15
17 18
17 21
17 22
17 29
18 25
18 27
18 35
19 5
19 7
19 9
19 16
19 24
19 28
19 30
19 34
19 44
19 46
20 1
20 8
20 13
20 19
20 31
20 46
21 5
21 7
21 11
21 22
21 37
21 38
22 5
22 7
22 9
23 3
23 17
23 21
23 25
23 32
23 39
23 47
23 49
24 8
24 9
24 11
24 13
24 23
24 40
24 42
25 22
25 24
25 29
25 37
25 47
26 44
27 8
27 25
27 28
27 37
28 21
29 15
29 19
29 20
29 21
30 3
30 36
30 45
31 2
31 11
31 25
31 34
31 43
31 45
32 7
32 9
32 13
32 20
32 35
32 42
32 43
33 13
33 29
33 44
34 5
34 6
34 40
34 45
34 50
35 28
35 38
35 44
35 50
36 25
36 39
36 42
37 13
37 24
37 38
37 43
38 2
38 7
38 9
38 13
38 15
38 16
38 20
38 31
39 8
39 25
39 30
39 48
40 3
40 19
40 28
40 42
41 35
41 36
41 37
42 44
43 24
43 25
43 29
43 35
43 50
44 5
44 18
44 23
44 31
44 37
44 45
44 47
45 1
45 16
45 22
45 29
45 35
46 3
47 6
47 9
47 19
47 26
47 35
47 38
48 32
48 47
48 50
49 11
49 27
49 44
49 45
50 19
50 22
50 40
50 46

