250 500
10 14 4 1 41 8 2 6 1 4 8 75 4 3 13 4 5 2 4 7 5 6 3 12 4 23 78 10 3 25 8 19 2777639194 24 34 14 3 4 5 12 13 4 9 48 19 32 24 1 12 5 1 46 5 2965642408 1 12 9 6 6 24 3 1 1 12 1 7 3301509652 46 2 9 6 1 3 1 6 5 38 2768180318 31 11 1 9 8 2 1 25 49 5 3 10 16 6 7 21 6 13 34 21 7 9 1 47 7 7 14 2 4 2 15 3 1 5 1 1 1 3 1 1 8 21 1 2 2 24 8 1 2 7 6 2 28 2 16 10 5 27 7 3 9 10 2 6 1 7 1 11 25 3 2 18 2 10 3 23 15 3 3 9 13 11 1 2 2 3 14 1 1 19 1 1 24 8 6 33 1 7 3 10 15 22 8 28 21 36 6 43 70 59 4 22 2 944073533 3 3628586202 2 7 9 4 5 23 14 48 2 8 11 29 3 1 15 4 2 5 1 6 341889047 7 30 4 21 1 3 6 19 19 6 14 9 9 7 11 25 33 8 621617749 3 7 10 9 1 2 6 1 15 31 3 1 4 9 43 15 
1 75
1 82
1 115
2 157
2 174
3 94
3 222
4 125
5 34
5 50
5 230
5 247
5 250
6 96
6 117
7 71
7 77
8 68
8 83
8 99
8 182
8 206
9 154
9 164
9 223
10 202
11 75
11 87
11 92
11 136
12 120
12 126
12 135
12 200
14 20
14 24
14 36
14 71
14 202
15 12
15 94
16 40
16 61
16 65
16 88
17 102
19 24
19 126
20 130
20 237
21 47
22 41
22 104
22 177
22 249
23 40
23 64
23 97
23 147
23 182
25 90
25 193
26 23
26 212
26 240
27 56
27 134
27 146
28 17
28 80
29 35
30 70
30 180
31 23
31 77
31 83
32 26
32 160
32 207
34 41
34 103
34 139
35 14
35 60
35 155
35 188
35 219
37 74
38 123
38 190
39 206
40 79
40 171
40 187
40 219
41 46
41 63
42 128
43 36
43 166
44 82
44 98
44 137
44 209
45 44
45 88
45 187
46 47
46 99
46 131
47 58
47 197
49 42
49 117
50 12
50 48
51 201
52 13
52 18
52 21
52 66
53 187
55 39
56 93
56 139
56 183
57 80
58 99
58 140
59 151
60 9
60 44
60 86
60 96
61 38
61 128
62 81
64 103
64 122
64 144
64 232
66 88
66 150
66 177
68 3
68 183
68 247
69 169
70 132
71 97
71 223
73 99
73 228
75 189
76 131
77 34
79 27
79 77
79 189
79 247
80 21
81 2
81 134
81 186
82 42
82 52
83 200
85 41
86 108
87 41
87 77
87 168
87 200
87 249
88 30
89 160
89 174
89 193
90 11
90 56
90 171
91 84
91 92
91 190
91 207
92 5
92 134
93 106
93 110
94 69
94 112
95 77
95 178
95 184
95 229
95 250
96 12
96 28
97 22
98 174
98 178
99 36
99 43
100 25
100 87
100 182
102 38
102 154
102 155
102 200
103 199
103 221
105 94
105 187
106 117
108 150
109 142
109 153
109 189
109 221
111 250
112 53
115 34
116 178
116 183
118 20
118 36
119 87
119 208
119 248
120 26
120 97
120 116
121 204
123 15
123 82
123 136
123 206
124 28
124 39
124 127
124 196
125 60
125 133
125 232
126 76
127 2
127 104
128 183
129 231
129 248
130 214
130 228
131 10
131 84
131 135
131 152
132 27
132 120
132 187
133 98
133 198
134 245
135 32
136 99
136 102
136 166
136 231
137 34
137 163
138 121
138 235
139 112
140 60
140 77
140 164
140 198
141 45
141 126
142 7
142 206
143 59
144 110
144 180
144 249
145 36
145 101
145 159
146 6
146 144
146 147
146 159
146 225
147 222
148 94
148 124
148 205
149 82
149 193
150 50
150 110
151 182
151 236
152 154
152 157
153 27
153 165
154 206
155 27
155 185
155 201
156 53
156 81
156 133
157 202
158 114
158 122
159 245
160 128
160 158
161 197
162 111
162 214
163 59
163 226
163 233
164 199
165 29
165 175
165 237
166 158
166 170
168 30
168 195
170 68
171 66
171 122
171 187
172 52
172 221
173 13
173 72
173 134
174 60
174 86
174 112
174 232
175 184
175 208
176 24
176 171
176 226
177 106
177 233
178 5
178 171
179 22
179 35
179 51
180 12
180 86
180 89
181 27
181 113
181 217
182 57
182 86
182 97
182 159
183 152
184 76
184 98
184 224
185 23
186 32
186 79
186 102
186 185
186 211
187 47
187 68
188 27
188 38
188 88
188 104
188 150
189 227
190 97
190 100
190 202
191 147
195 197
196 22
196 24
197 214
199 51
199 218
200 60
201 57
201 107
201 128
201 206
201 230
202 68
202 189
203 1
203 214
204 18
205 218
205 237
206 49
209 217
209 229
210 151
210 205
212 12
212 193
213 184
214 219
214 232
216 103
216 124
216 187
217 110
217 154
217 168
217 179
218 6
218 104
218 240
219 209
219 211
219 218
219 243
220 96
221 1
221 24
221 52
222 76
222 110
223 15
223 24
223 167
223 188
224 46
224 225
224 233
225 241
226 190
227 147
227 156
227 222
228 236
229 206
230 21
230 171
230 186
230 202
231 37
231 127
231 224
232 59
232 172
232 204
233 198
233 244
235 46
235 191
236 136
236 229
237 233
238 49
238 70
238 186
238 188
239 1
240 71
241 151
241 226
242 35
243 37
243 105
243 107
244 44
244 45
244 105
244 179
244 207
245 80
246 10
247 7
247 168
248 37
249 17
249 30
249 129
249 153
249 155
250 61
250 71

