200 250
16 14 1 1 14 3 5 1 1 10 11 5 1 2 3 1 4 4 87450140 2 2383771385 3 1 1 5 3 4 29 1 1 9 1 1 16 3712035784 1 1 4 1 4232997337 1 9 1 4 1 14 4 3 12 6 7 8 5 10 2 4 3588458142 2387958976 2 1 4 3840564455 1 6 1 3 3 4 16 22 24 1 1 1 1049470431 5 11 4 2 10 7 1 3807099341 7 2 4 4 1 3 4 1 1 4 1 13 2 2 14 3 9 11 1 6 19 4 1 7 10 1457970969 8 3 14 1 2950392488 1 539974939 2 4 1 6 1 4 4 4 4 2942426526 6 32 1 2 3 9 8 4 8 7 7 13 1 7 1 15 2254261869 2 9 10 1 1 24 1 3 21 3 1 6 1 7 1 1 4 2 8 1 1 2 20 3 9 2 8 5 1 8 16 6 1 2791578181 4 9 1 1 3 15 2 1 3 1 4 4 4 1 1 2823767544 1 2 1 7 1 1132496084 1 
1 5
1 22
2 80
2 110
2 123
4 53
5 87
5 132
6 49
6 101
7 28
7 50
8 11
8 28
8 107
11 10
11 25
11 47
11 104
12 196
14 194
15 162
15 164
16 105
18 60
18 103
24 56
25 169
25 198
26 80
26 173
27 182
28 22
28 134
28 135
29 165
30 178
31 60
31 74
31 132
33 122
34 84
34 103
34 135
37 56
38 10
38 183
41 3
41 100
42 77
42 149
44 8
45 78
46 54
46 95
47 96
47 103
48 9
49 48
49 55
50 8
51 87
51 98
52 49
54 47
54 53
54 104
55 166
55 181
61 34
63 53
64 24
64 136
64 163
65 84
66 68
67 167
69 7
69 77
69 150
70 2
70 44
70 69
70 142
70 187
71 46
71 164
71 174
71 183
71 195
72 138
73 72
76 69
76 174
77 165
78 179
79 67
79 123
79 173
80 95
80 162
81 130
81 174
84 125
85 135
85 157
86 111
86 140
88 169
90 14
90 110
91 17
94 6
95 141
97 12
97 149
98 23
98 147
98 197
100 52
100 174
101 31
101 175
103 161
104 127
104 133
104 166
105 128
106 140
107 32
107 160
108 36
108 46
108 112
111 13
111 137
112 133
112 135
112 166
113 59
113 155
115 195
117 72
118 152
118 188
119 14
119 120
120 20
120 145
121 51
122 44
122 173
123 10
123 42
124 172
125 31
125 151
127 129
128 54
128 69
128 92
130 69
131 81
132 93
133 128
134 39
134 175
135 153
136 156
136 161
137 46
137 66
137 101
137 166
137 178
138 69
138 171
139 27
139 81
139 82
139 89
139 108
140 89
142 77
142 99
144 76
144 128
145 146
146 64
146 169
146 181
146 183
148 20
149 1
149 113
151 3
152 5
152 149
152 164
152 171
153 121
154 157
155 69
155 103
157 39
158 43
158 184
162 106
162 165
163 102
164 186
165 104
165 120
166 113
167 110
168 59
168 93
168 145
169 17
169 95
170 15
170 50
171 52
172 99
173 168
174 1
174 170
176 133
179 61
179 124
180 159
181 160
182 142
182 190
183 172
184 10
185 131
186 96
187 64
187 117
188 138
188 165
189 2
189 12
190 28
191 34
192 175
197 68
197 79
200 127

