250 500
15 58 9 22 25 2 31 8 1 18 9 17 19 16 1 2 24 21 1 6 4 4 29 3 4 16 7 23 3 12 1 1 3 1 2 12 13 20 1411556452 4 1 1 18 5 35 18 3 7 5 1 3 6 4 21 16 4 14 1 2 16 16 13 15 5 6 4173983407 2 1 1 18 35 16 5 9 1 35 16 7 4 36 1 31 4 8 4 3 3 3 6 9 7 3 2 7 15 2 3 2 1 24 20 10 20 8 7 11 7 1 14 3 5 5 7 9 1 5 1 8 2 16 20 2 21 2 1 14 1 24 11 5 4 3 8 33 10 16 5 2 1 9 1 8 2 1 1 18 1 48 2 1 22 2 1 16 1 13 5 3 14 1 19 8 12 17 3 25 2 9 31 4 8 4 3 1 20 7 22 2 12 5 8 8 20 1 2 2 14 468675489 21 18 3 9 3 2 16 1 2 7 4 1 6 28 8 3 6 8 16 5 980203688 49 1 16 4 9 17 1 8 44 4 3 3 41 4 5 32 1 1 12 6 14 16 3 2 1 4 7 2 6 11 5 2 21 6 2 2 34 1 32 4 2 
1 52
1 244
2 62
2 71
2 134
2 171
2 187
3 204
4 151
5 171
5 230
5 247
6 177
6 211
7 43
7 53
7 101
8 27
9 44
9 225
10 5
10 7
10 73
10 167
10 169
11 106
11 121
12 30
12 56
12 111
12 168
13 49
13 109
13 167
14 81
15 174
16 64
16 154
17 45
17 126
18 119
20 61
20 218
21 9
21 104
22 91
22 122
24 203
25 45
25 121
25 134
26 18
26 225
27 164
27 218
28 134
28 222
29 6
30 136
30 162
31 177
32 85
35 98
36 18
36 147
36 220
37 23
37 170
37 243
38 2
38 115
40 189
40 242
41 225
42 126
43 93
45 33
45 228
46 2
46 23
46 83
46 178
46 196
46 233
47 10
47 73
48 4
48 28
48 67
49 64
49 219
51 185
52 16
52 23
53 3
53 17
53 148
54 32
54 45
54 70
54 152
54 239
55 24
57 224
58 212
60 5
60 148
60 168
61 76
61 102
61 115
62 73
62 154
62 159
63 8
63 137
64 100
65 189
65 229
68 184
68 223
68 228
69 218
70 44
70 158
70 176
70 242
71 113
71 152
72 13
72 18
72 43
72 103
72 109
73 57
74 38
74 43
75 50
76 11
76 134
76 164
77 4
77 34
77 154
77 190
78 33
79 115
80 23
80 65
80 206
81 36
81 192
81 224
82 30
82 146
83 8
84 59
84 195
84 212
84 228
85 17
87 7
87 133
88 116
88 169
88 201
89 14
89 78
89 143
90 163
90 169
91 94
93 228
94 22
94 192
96 164
96 247
97 24
97 231
98 126
99 74
100 44
100 45
100 103
100 149
101 24
101 86
101 175
101 192
102 141
103 153
104 106
104 230
106 140
106 202
108 100
108 128
108 132
110 79
110 233
111 17
111 59
111 120
111 195
112 203
113 4
114 205
114 229
115 54
115 228
116 19
116 95
116 133
117 56
117 210
118 71
118 139
118 210
119 30
119 105
119 106
120 83
120 105
120 109
121 26
121 79
121 222
122 186
122 245
123 44
123 65
123 68
123 76
123 182
124 202
125 60
125 183
126 14
127 185
127 207
128 3
128 24
128 229
129 63
129 124
129 214
129 236
130 12
130 106
131 19
131 23
132 156
132 204
133 71
133 190
134 21
134 78
134 137
135 28
135 155
135 208
136 14
136 95
136 105
136 112
136 116
136 179
137 23
138 4
138 172
138 195
138 212
139 26
139 84
142 55
142 140
142 232
143 77
143 128
144 3
145 45
145 230
145 249
146 123
146 157
146 223
148 16
148 132
148 156
148 159
149 186
151 56
151 144
153 101
154 1
154 118
155 45
156 2
156 4
156 94
156 114
157 106
157 190
158 38
158 71
159 12
159 225
160 179
161 70
161 81
161 86
161 107
161 145
162 243
162 249
163 95
163 106
165 65
165 92
165 138
166 13
166 22
166 107
166 134
166 193
169 97
169 158
169 164
169 203
169 210
170 221
171 176
172 74
173 129
173 144
173 179
173 246
174 80
175 7
175 107
176 155
176 231
177 29
177 133
178 111
179 54
180 35
180 155
180 240
181 28
181 112
182 164
182 179
183 91
183 152
183 220
183 244
185 37
185 82
185 190
185 199
186 97
186 150
186 168
186 247
187 45
187 84
187 215
189 90
189 100
190 4
190 151
191 180
191 218
192 151
192 158
193 245
194 1
194 57
195 120
195 182
195 215
196 14
196 163
196 219
197 95
197 146
197 181
198 80
198 92
198 134
199 53
199 55
200 186
201 65
201 210
202 70
202 222
202 226
202 246
203 148
204 240
205 130
206 111
206 175
207 7
207 56
207 104
207 187
208 102
210 80
210 82
210 121
210 250
211 81
212 105
212 205
212 217
213 131
213 221
214 103
214 177
215 113
215 233
216 139
217 187
218 138
218 178
218 197
218 199
219 140
219 149
220 136
220 215
221 44
221 101
221 115
221 249
222 101
222 103
222 157
222 186
223 217
224 146
225 28
225 86
226 135
226 197
226 238
227 61
228 96
228 140
228 179
229 51
230 82
230 100
230 118
231 67
231 78
232 55
232 82
233 43
233 224
234 133
235 57
235 110
236 18
237 6
237 57
237 120
237 146
238 51
238 150
239 64
239 104
239 165
240 201
241 20
241 189
242 45
242 102
242 103
242 189
243 98
246 38
246 70
246 179
246 208
247 131
247 236
248 46
248 63
248 121
248 133
248 155
248 169
248 186
249 76
249 175
250 109

