300 500
27 29 1 1 6 5 9 44 13 10 20 22 14 5 1 3 11 4 1 1 3 1 3 11 1 1 13 8 2 3 1 9 13 2 12 1 12 1 88 7 4 33 13 2 8 1 1 3 2 1 9 16 8 4 4 1 6 4 1 1 1 6 1 1 1 11 22 25 5 4 9 13 1 1 3280099830 1 4 28 1679981607 2 10 22 11 24 13 1 2 2 23 1 2 37 3 10 8 18 10 8 2 3 3 1 3 3 2 1 1 2 21 3 2 34 3 43 11 1648925817 8 1 8 1 2 11 3 4 6 16 1 1 3 23 6 25 23 2811920816 16 8 10 2 7 17 1 8 4 6 1 4 5 2 7 6 3 22 6 3 4186768654 1 2 1 1 3 5 2 8 4 1 7 5 1 1 9 1 2 4 1 13 23 9 5 1 21 8 39 1 1 44 4 15 15 26 52 4 6 7 8 15 2 1 5 11 6 16 2 8 25 4 5 1 6 15 1 17 9 4 2 1 4 4 4 7 58 1 1 26 1 3 4 1 5 5 9 4 13 1 12 1 1 4 6 3 3 6 1 1 1 2 6 10 7 25 4 9 2 3 3 3 1 1 1 5 1 2 4 8 23 8 1 1 7 5 4 32 1 4 2 2 2 1 6 24 3 4 4 2 19 3 1 2874415225 4 1 9 3 2 1 3 1 8 7 1 1 2 
1 5
1 32
1 45
1 125
2 16
4 10
4 290
4 294
5 244
6 121
7 195
7 220
7 294
8 114
8 123
8 142
8 219
8 297
9 39
10 181
10 188
11 2
11 96
11 175
11 279
11 284
13 40
13 290
14 277
16 171
17 170
17 254
17 296
18 273
19 37
20 152
21 196
23 11
23 225
23 257
24 72
24 290
26 286
27 103
27 159
27 220
27 255
28 160
28 249
29 18
29 180
30 296
31 99
32 68
33 5
33 182
34 97
34 245
35 169
36 11
36 28
36 42
36 43
36 45
36 125
37 145
37 223
37 240
37 266
39 10
39 109
39 117
39 274
39 284
39 292
39 297
40 188
41 132
41 297
42 217
42 221
43 284
44 100
45 89
46 203
47 24
48 225
49 14
49 220
51 112
51 178
52 27
52 182
52 244
53 106
53 190
53 204
53 221
54 70
55 163
56 291
57 2
57 35
61 33
63 154
64 184
65 271
66 42
66 211
66 217
66 239
67 2
67 130
67 154
68 82
68 131
68 153
69 125
69 263
71 78
71 156
71 226
72 96
72 190
72 238
72 254
74 3
76 136
77 23
77 251
77 279
78 52
78 130
78 192
78 250
78 271
80 187
80 217
81 164
82 32
83 41
83 124
83 164
83 178
83 234
84 82
84 248
85 6
85 130
85 259
86 180
87 8
88 191
88 194
89 12
89 231
89 273
90 261
92 43
92 126
92 139
92 278
93 149
93 220
93 243
94 23
94 180
94 187
94 250
95 122
95 216
95 223
96 164
97 18
97 189
97 213
100 62
100 189
101 25
101 176
101 185
102 264
104 42
104 203
105 12
107 185
109 58
109 70
110 208
111 133
111 190
112 77
112 91
112 132
112 186
113 227
114 142
115 44
115 67
115 268
117 196
118 98
119 247
119 283
120 255
121 73
122 60
122 183
123 85
123 136
123 208
124 204
126 265
127 114
127 235
129 98
129 218
129 229
129 247
130 1
131 37
131 211
132 109
132 143
133 17
133 62
133 98
133 270
135 52
135 54
135 80
136 132
136 207
137 39
137 82
137 146
137 180
138 27
139 126
139 273
140 48
140 117
140 150
140 158
140 269
143 182
144 68
144 136
144 214
147 63
147 156
147 294
148 191
149 144
150 8
150 38
151 9
151 50
152 188
152 194
152 235
152 278
152 280
153 13
156 249
156 267
157 209
159 109
159 175
160 95
161 84
161 227
161 246
162 17
162 70
163 94
164 12
165 214
165 227
166 8
166 22
166 227
167 1
168 167
169 92
169 98
169 106
169 269
170 85
170 131
172 21
172 115
172 237
173 9
173 138
174 182
175 279
176 14
176 187
176 200
176 205
177 105
177 300
178 48
179 220
180 108
181 203
181 227
182 41
182 136
182 157
182 211
182 234
185 2
185 126
185 198
185 205
186 179
186 190
186 212
186 217
186 220
188 204
188 259
188 275
189 91
189 141
189 223
189 289
190 24
190 89
190 109
190 245
191 49
191 59
192 191
192 249
193 23
193 165
194 81
194 92
194 230
195 37
195 188
196 112
196 242
197 27
198 9
198 27
199 114
199 178
200 42
201 123
201 199
201 234
202 255
202 281
203 87
203 284
204 12
204 96
204 193
206 12
206 223
209 54
209 148
209 294
210 82
211 76
212 28
212 39
212 169
212 266
213 114
214 43
214 271
215 281
216 32
216 76
216 265
218 66
219 130
219 251
220 6
220 123
220 177
220 200
220 292
221 146
222 223
223 153
225 139
226 55
228 5
228 19
228 229
230 162
230 284
231 13
231 30
232 2
232 35
232 67
232 98
232 115
232 282
233 251
235 81
236 280
237 206
238 51
238 114
238 260
239 10
239 142
239 234
240 129
241 40
241 248
242 84
242 113
245 11
245 150
246 122
246 130
247 33
247 64
247 81
247 92
248 89
249 69
249 180
249 241
249 259
250 58
251 208
251 271
252 35
252 159
253 294
255 133
255 142
258 275
259 114
259 175
259 185
259 199
260 135
261 163
262 62
262 179
263 133
263 264
263 300
264 23
264 110
264 124
264 160
265 211
266 278
267 10
267 167
268 34
268 225
269 192
269 196
270 253
271 174
271 221
272 96
274 23
275 224
276 119
278 84
278 99
279 230
281 4
281 15
282 152
283 265
284 265
285 149
285 241
288 187
288 201
290 279
291 20
291 128
291 133
291 256
293 103
293 195
293 295
294 108
294 276
295 76
296 57
296 229
298 204
299 178

