300 1000
10 64 5 30 27 23 22 15 74 7 1 4 12 9 1 3 17 43 44 6 12 34 14 105 75 8 2 10 43 15 1 4 6 7 2 39 5 32 34 2 15 16 35 32 48 18 30 35 32 113 1 50 13 21 25 11 62 21 3 7 24 4 7 1 69 5 23 14 51 16 64 8 19 2 29 25 59 12 8 93 54 84 6 16 13 3 6 11 93 43 6 8 9 16 32 51 45 7 3 20 13 13 43 1 63 46 4 4 68 5 1 6 25 13 24 75 5 8 35 57 49 26 40 1 33 51 9 16 97 7 1 28 12 32 3 65 17 18 12 25 73 7 28 1 5 10 20 4 10 30 6 7 45 5 68 34 19 24 55 29 1 9 4 47 26 62 11 38 45 7 4 4 70 34 31 81 8 6 19 20 5 30 16 48 1 32 4 11 36 7 14 49 79 24 15 15 8 22 21 4 3 4 10 5 25 111 8 20 8 39 10 6 39 4 3 23 17 64 16 17 11 33 22 5 15 38 37 22 106 23 22 73 21 22 12 7 10 11 49 25 21 34 48 12 10 10 78 34 5 14 24 81 2 62 7 9 1 5 40 3 3 18 53 12 15 43 32 13 50 10 8 4 20 20 77 8 41 6 1 35 22 26 1 14 6 6 20 11 134 3 11 28 32 50 1 2 24 31 6 16 
1 18
1 74
1 183
1 184
2 9
2 60
2 76
2 106
2 234
2 272
3 66
3 227
4 15
4 16
4 70
4 269
5 45
5 53
5 56
5 112
6 36
6 116
6 143
6 262
7 19
7 101
7 180
8 41
8 74
8 96
8 294
9 72
9 107
9 126
9 129
9 188
10 87
10 150
10 172
10 210
11 230
12 64
12 121
13 25
13 108
13 293
14 8
14 60
14 166
15 228
15 243
15 260
16 9
16 151
16 219
17 29
17 225
17 237
17 258
18 16
18 149
18 266
19 180
19 212
19 241
19 263
21 172
21 183
22 29
23 128
24 102
24 201
24 230
24 246
24 259
24 292
25 27
25 86
25 191
26 16
26 33
26 299
27 97
27 122
28 63
28 65
28 71
28 151
28 232
29 80
29 90
30 270
30 286
32 110
32 210
32 252
32 296
33 79
33 216
34 47
34 89
34 297
35 39
35 65
35 148
35 210
35 221
36 15
36 20
36 154
37 7
37 181
37 186
37 269
38 133
38 214
38 256
39 153
39 165
40 4
40 66
40 110
40 250
41 22
41 24
41 105
42 12
42 88
43 21
43 215
43 217
44 81
44 165
45 3
45 250
45 251
45 257
46 146
46 230
47 19
47 287
48 5
48 276
49 47
49 53
49 216
49 252
50 126
50 152
50 165
50 195
50 217
51 225
52 1
52 149
52 269
53 97
53 131
53 227
53 278
54 24
54 70
54 170
54 222
55 245
56 3
56 39
56 205
56 259
57 54
57 206
57 256
58 77
58 155
58 175
59 252
60 39
60 99
60 109
60 244
61 20
61 187
62 220
63 293
64 134
64 236
65 27
65 76
65 87
65 100
65 193
66 28
66 77
66 149
66 292
67 48
67 81
67 183
68 10
68 96
68 252
68 280
69 179
69 240
69 260
70 5
70 22
70 45
70 55
71 4
71 50
71 67
71 102
71 109
71 112
71 130
72 47
72 130
72 246
73 17
73 24
73 104
73 141
73 173
74 75
74 158
74 223
75 72
75 247
75 274
76 100
76 162
77 36
77 184
77 281
78 33
78 239
79 50
79 247
79 282
80 3
80 78
80 194
81 82
81 98
81 122
81 155
81 226
81 289
82 1
83 81
84 37
84 80
84 243
85 54
85 80
85 104
85 199
85 243
85 263
86 74
86 122
87 24
87 125
87 199
88 3
88 50
88 141
88 218
89 79
89 84
89 123
89 128
89 255
90 23
90 27
90 59
90 80
90 82
90 94
90 156
90 220
90 274
91 108
91 199
91 235
91 236
92 1
92 54
92 82
92 249
93 23
93 217
93 237
93 297
94 101
94 202
94 280
95 51
95 168
95 198
95 245
95 254
96 99
96 100
96 134
97 126
97 140
98 89
98 134
98 175
98 192
98 207
99 75
99 139
99 175
99 223
100 116
100 174
100 188
100 200
101 167
101 202
101 283
102 6
102 153
102 186
102 267
102 275
103 1
103 62
103 77
103 89
103 148
103 218
103 244
103 270
103 292
104 260
105 43
105 117
105 121
105 151
105 155
105 206
105 207
105 215
105 231
105 300
106 13
106 124
106 161
106 233
107 38
107 48
107 274
107 281
108 3
108 45
108 190
108 280
109 69
109 92
109 106
109 127
109 160
109 168
110 18
110 97
111 54
111 94
111 176
112 153
112 217
113 44
113 78
113 242
113 250
114 2
114 123
114 129
114 150
114 275
114 282
114 283
115 64
115 215
115 218
115 229
116 82
116 106
116 206
116 245
118 14
118 132
118 204
118 275
118 297
119 18
119 98
119 204
119 239
119 295
120 54
120 58
120 146
120 239
121 86
121 93
121 149
121 251
121 269
122 10
122 124
123 54
123 103
123 150
123 183
123 188
123 242
123 279
123 291
124 33
124 97
124 254
125 48
125 83
125 116
125 129
125 205
125 209
125 292
126 59
126 122
126 250
126 282
127 76
127 294
128 290
129 65
129 120
129 149
129 226
131 92
131 270
132 57
132 109
132 133
132 137
132 197
132 294
133 182
133 207
134 171
134 221
134 293
135 17
136 58
136 66
136 68
136 130
136 142
136 287
137 114
137 135
137 289
138 89
138 158
138 191
138 235
139 36
139 74
139 89
139 229
139 279
140 91
140 119
140 120
140 178
141 71
141 233
141 291
142 166
143 8
143 49
143 60
143 96
143 97
143 176
143 179
144 10
144 256
144 286
145 30
145 195
146 65
146 145
147 129
147 150
148 58
148 166
151 13
151 136
151 211
151 212
152 3
152 13
152 22
153 14
153 29
153 198
153 206
153 240
154 162
154 177
154 180
154 215
154 269
155 162
155 254
156 1
156 52
156 197
157 61
157 176
157 208
157 209
157 266
158 56
158 205
158 208
159 50
159 56
159 104
159 165
159 260
159 280
160 48
160 122
160 173
160 175
160 292
161 172
161 266
162 47
162 111
162 132
163 73
163 116
163 194
164 44
164 64
164 86
164 236
164 276
165 112
165 198
166 18
166 83
166 114
166 135
167 3
167 35
167 64
167 86
167 102
168 82
168 89
168 122
168 232
169 15
169 21
169 32
169 88
169 210
169 259
170 176
170 206
170 254
171 108
173 29
173 41
173 57
173 81
173 101
173 288
174 46
174 179
174 225
174 267
174 298
175 39
175 44
175 86
175 87
175 143
175 203
176 138
176 164
176 251
177 79
177 158
178 139
178 176
179 37
179 141
180 69
181 226
181 278
182 25
182 80
182 152
182 259
183 195
183 291
184 75
184 88
184 129
184 229
184 257
184 262
186 7
186 79
186 216
186 235
186 269
186 291
187 239
187 262
188 4
188 242
189 15
189 208
189 289
190 296
191 3
191 39
191 106
191 110
191 278
192 29
192 60
192 69
192 227
193 93
193 129
193 192
193 225
193 264
194 50
194 193
194 196
195 152
196 120
196 161
197 74
197 101
198 257
199 30
199 55
199 138
199 213
199 291
200 43
200 128
201 167
201 238
202 218
202 221
203 40
203 66
203 236
203 281
204 75
204 218
204 239
205 80
206 25
206 155
206 156
206 168
206 250
208 9
208 85
208 170
208 206
208 228
209 159
209 291
210 96
210 117
210 160
210 229
211 86
211 95
211 249
212 147
212 240
212 267
213 126
213 153
213 156
213 189
213 247
214 2
215 155
215 229
215 259
216 18
216 50
216 69
216 134
216 184
216 297
217 60
217 66
217 153
217 195
217 251
218 38
218 43
218 68
218 193
219 32
219 57
219 208
220 39
220 46
220 72
220 174
220 190
221 7
221 59
221 93
221 239
221 289
222 25
222 36
222 148
222 150
223 24
223 63
223 75
223 78
223 248
224 29
224 33
224 136
224 249
225 147
225 160
225 264
226 13
226 180
226 183
226 299
227 43
227 128
227 170
228 25
228 139
228 154
229 23
229 141
229 142
229 189
229 206
229 273
229 289
230 14
230 60
230 196
230 247
231 9
231 20
231 116
231 155
231 227
232 22
232 219
232 243
232 261
232 265
233 47
233 53
233 128
233 209
233 224
234 28
234 52
234 142
235 123
235 170
235 182
236 160
236 169
237 80
237 268
237 271
237 274
238 55
238 73
238 131
239 115
239 150
239 235
240 40
240 198
240 222
241 17
241 42
241 93
241 148
241 179
242 67
242 97
242 181
242 205
243 153
243 173
243 277
244 189
245 223
245 240
245 259
245 274
245 275
246 61
246 141
246 218
246 239
246 264
247 2
247 94
247 102
247 141
247 163
247 219
247 299
248 52
248 79
248 112
248 186
248 198
248 234
248 244
248 249
249 65
249 293
250 14
250 292
251 122
251 143
251 273
252 20
252 50
252 87
252 128
252 132
252 143
252 226
253 184
253 232
253 277
254 146
254 218
254 264
255 118
255 148
255 159
257 17
257 90
257 136
257 213
257 273
258 173
258 181
259 13
259 170
259 201
261 9
261 14
261 188
262 22
262 46
262 134
262 193
263 21
263 49
263 134
263 155
263 183
263 246
264 38
264 59
264 82
265 69
265 126
265 130
266 40
266 271
266 277
267 164
267 176
268 57
268 63
269 254
269 284
270 217
270 275
271 70
272 5
272 19
272 85
272 166
272 277
272 294
272 296
273 103
273 145
273 192
273 232
274 133
274 285
275 10
275 150
275 184
275 193
275 240
276 10
276 82
276 193
277 77
277 251
277 289
277 294
278 117
278 266
279 44
279 146
280 38
280 96
281 22
281 23
282 7
282 52
282 88
283 47
283 82
284 57
284 115
284 176
284 214
285 88
285 120
285 192
286 52
286 122
286 185
287 77
287 254
288 39
288 137
288 276
289 35
289 79
289 119
289 128
289 152
289 230
289 287
290 139
290 267
291 25
291 31
291 55
291 119
291 129
292 208
292 238
292 268
292 297
293 61
294 23
294 42
294 46
294 255
295 113
296 174
297 101
297 225
298 82
298 111
298 126
298 216
298 293
299 202
300 147
300 170
300 282

