100 50
4 3 4171069598 1 1 1 1 1 1 1765273650 755754757 2795596966 1928650752 1 1 1589268896 1 1 1 2 2 1 9 1863543738 2747970331 2 1 4 738460987 814011868 1 502250225 2 3868179870 1 4 3873685326 3569926368 2405865997 3 1840591532 1 4148926449 4 1 1 287181772 219546068 1 611005993 1 1645509648 2719755731 3417732682 4011300182 1 1 1 3965268143 2315396946 2896381399 1 3096850550 3681850092 2729568616 3130969081 1 1 1 2210707889 1 1 1 1 1 3643637742 2 2121612647 1 4 1 4 4 1 1 3055820027 1 1 1 1 1 2 3 1 2746655123 4 1 3 1 1 
1 56
1 84
2 6
2 44
4 28
5 22
5 28
9 75
17 98
19 4
20 31
21 58
21 74
23 80
33 2
33 7
35 46
36 15
36 18
36 71
40 20
40 80
42 26
44 51
45 26
57 49
57 80
62 8
68 87
69 23
72 23
73 67
77 27
80 92
80 96
81 21
82 2
82 88
83 26
85 51
89 83
91 79
92 44
93 14
94 23
96 90
97 83
98 20
99 77
100 93

