300 2000
103 39 156 41 52 414 173 185 11 101 12 154 284 42 187 91 100 86 71 33 73 133 18 166 233 38 92 48 81 48 34 173 100 57 306 34 245 105 131 223 110 9 15 174 46 1 99 173 8 102 117 135 21 47 161 12 347 44 55 300 1 98 74 119 144 101 77 91 139 1 21 63 21 36 58 32 162 101 152 312 21 137 83 89 2 41 488 116 37 49 134 79 24 24 179 131 265 197 266 28 105 1 104 52 39 15 8 35 307 55 61 96 69 196 77 174 106 18 24 33 87 180 192 112 121 157 100 5 160 24 40 20 51 87 24 7 58 16 44 122 99 25 34 157 190 58 171 169 74 6 107 128 26 102 369 28 133 134 137 158 71 90 16 103 46 21 6 358 121 128 110 4 195 46 66 125 110 76 56 120 116 65 23 59 94 108 89 73 157 185 8 39 75 258 71 122 195 90 19 34 19 99 9 4 90 84 258 93 38 190 16 200 121 144 123 136 28 187 37 3 128 33 85 15 231 200 33 86 134 44 101 44 12 26 65 117 73 205 120 131 173 59 93 100 55 241 183 192 11 50 134 49 92 48 60 1 42 13 46 153 13 46 31 57 85 32 92 38 141 17 28 95 17 136 94 99 91 98 126 1 164 222 66 74 135 47 109 248 117 52 137 17 30 2 27 72 24 13 96 33 
1 6
1 7
1 19
1 32
1 37
1 57
1 153
1 155
1 156
1 194
1 195
1 215
1 221
1 254
1 256
1 285
2 169
2 234
2 251
3 91
3 130
3 139
3 142
3 179
3 215
3 235
3 292
4 35
4 92
4 148
4 288
4 294
5 121
5 122
5 138
5 204
5 221
5 263
6 30
6 33
6 47
6 62
6 90
6 98
6 101
6 133
6 137
6 138
6 233
6 255
6 261
6 281
7 41
7 86
7 142
7 185
7 229
7 241
7 250
7 255
8 33
8 47
8 74
8 91
8 116
8 142
8 175
8 214
8 226
8 246
8 298
9 270
10 41
10 64
10 94
10 141
10 171
10 188
10 206
10 244
11 157
11 244
11 257
12 49
12 64
12 69
12 145
12 163
13 19
13 116
13 159
13 172
13 202
13 261
13 294
14 11
14 17
14 37
14 55
14 70
14 71
14 83
14 144
14 248
14 257
15 92
15 104
15 153
15 159
15 176
15 185
15 222
15 236
16 29
16 80
16 241
16 276
16 285
16 289
17 49
17 103
17 180
17 237
17 244
17 268
18 157
18 226
18 228
18 240
18 279
19 4
19 7
19 18
19 108
19 127
20 7
20 86
20 197
20 280
21 9
21 80
21 143
21 146
21 150
21 182
21 251
21 278
21 279
22 128
22 133
22 145
22 222
22 288
23 24
23 145
23 182
23 236
23 300
24 13
24 57
24 112
24 114
24 127
24 145
24 248
25 119
25 126
25 133
25 176
25 221
25 229
25 236
26 8
26 25
26 44
26 47
26 53
26 89
26 146
26 171
27 44
27 148
27 149
27 191
27 203
27 225
27 232
27 241
27 247
27 276
28 7
28 18
28 69
28 70
28 135
28 161
28 170
28 273
29 26
29 81
29 100
29 133
29 163
29 169
29 187
29 205
29 260
29 297
30 136
30 216
30 230
31 80
31 144
32 33
32 81
32 128
32 208
32 225
32 232
32 238
32 264
33 9
33 22
33 137
33 194
33 237
33 278
34 38
34 77
34 83
34 104
34 169
34 213
34 216
34 286
35 24
35 77
35 90
35 95
35 122
35 153
35 285
36 12
36 43
36 45
36 51
36 87
36 204
37 58
37 80
37 144
37 154
37 199
37 263
37 279
37 288
38 16
38 84
38 158
38 169
38 253
38 257
39 24
39 60
39 66
39 92
39 119
39 235
39 260
40 11
40 54
40 105
40 229
40 244
40 282
40 299
41 6
41 42
41 63
41 211
41 231
41 241
41 249
41 251
41 296
42 6
42 37
42 40
42 87
42 168
42 173
42 227
42 239
42 242
43 7
43 122
43 221
44 12
44 13
44 57
44 78
44 111
44 150
44 168
44 217
44 296
45 80
45 95
45 137
45 231
46 4
46 13
46 115
46 187
47 42
47 139
47 178
47 191
47 240
47 273
48 36
48 173
48 177
48 187
48 227
49 84
49 87
49 181
49 191
49 251
49 262
49 293
50 36
50 98
50 149
50 174
50 246
50 263
50 268
51 40
51 85
51 95
51 115
51 168
51 176
51 184
51 195
51 225
52 96
52 102
52 155
52 179
52 197
52 248
52 278
53 6
53 60
53 73
53 148
53 209
54 19
54 66
54 165
54 240
54 255
54 284
55 46
55 98
55 182
55 205
55 214
55 249
55 273
55 276
56 237
56 267
57 23
57 35
57 45
57 103
57 117
57 156
57 293
58 52
58 180
58 186
58 204
59 50
59 95
59 120
59 162
59 185
59 230
59 240
59 283
60 44
60 99
60 138
60 187
60 189
60 235
60 246
60 261
60 267
61 58
61 98
61 277
62 86
62 87
62 289
62 292
63 40
63 157
63 173
63 205
63 214
63 266
64 112
64 155
64 209
64 272
65 57
65 66
65 114
65 116
65 141
65 155
65 166
65 209
65 270
66 13
66 27
66 48
66 109
66 150
66 247
66 293
67 68
67 75
67 83
67 203
67 213
67 220
67 271
68 32
68 38
68 159
68 171
68 274
68 275
69 92
69 106
69 125
69 151
69 290
70 35
70 61
70 113
70 117
70 147
70 197
70 214
70 216
70 240
70 290
70 294
71 61
71 103
71 200
71 202
71 205
72 30
72 81
72 168
72 194
72 260
74 23
74 25
74 34
74 70
74 184
74 200
74 290
75 12
75 65
75 93
75 102
75 212
75 241
75 290
76 166
76 189
77 49
77 91
77 151
77 207
77 250
78 6
78 57
78 91
78 111
78 117
78 202
78 250
79 6
79 17
79 40
79 63
79 65
79 215
79 228
79 264
80 61
80 67
80 92
80 116
80 118
80 186
80 198
80 209
81 50
81 59
81 175
81 220
81 246
81 259
81 299
82 69
82 80
82 92
82 108
82 114
82 200
82 300
83 15
83 45
83 81
83 93
83 99
83 143
83 146
83 168
83 169
83 177
83 193
83 200
83 231
84 102
84 133
84 140
84 245
84 271
85 47
85 81
85 93
85 118
85 130
85 205
86 59
86 60
86 67
86 159
86 191
86 240
86 246
86 270
87 18
87 84
87 105
87 147
87 171
87 186
87 297
88 24
88 32
88 53
88 68
88 79
88 95
88 101
88 123
88 203
88 207
88 224
88 256
88 288
89 111
89 119
89 173
89 258
89 281
90 140
90 224
90 244
90 246
90 276
91 99
91 119
91 171
91 291
92 2
92 94
92 106
92 288
93 48
93 60
93 72
93 158
93 178
93 277
93 287
94 29
94 32
94 48
94 109
94 127
94 138
94 160
94 162
94 235
94 253
95 29
95 48
95 122
95 139
95 147
95 226
95 269
96 44
96 74
96 98
96 142
96 146
96 149
96 212
96 255
96 274
96 287
97 10
97 11
97 48
97 112
97 153
97 238
97 242
97 249
97 274
97 300
98 51
98 59
98 68
98 146
98 169
98 228
98 231
98 238
98 282
98 288
99 40
99 42
99 56
99 73
99 97
99 138
99 242
99 267
99 277
99 287
100 7
100 78
100 204
100 220
100 224
100 268
101 51
101 58
101 141
101 196
101 218
102 14
102 51
102 59
102 296
103 4
103 25
103 47
103 93
103 142
103 145
103 161
103 256
104 20
104 87
104 109
104 111
104 164
105 65
105 74
105 139
105 184
106 22
106 87
106 188
107 12
107 22
107 56
107 79
107 100
107 181
107 215
107 230
107 241
108 18
108 31
108 64
108 70
108 94
108 95
108 104
108 256
109 28
109 52
109 87
109 121
109 159
109 185
109 219
110 45
110 52
110 69
110 171
110 256
111 22
111 26
111 151
111 197
111 226
112 54
112 179
112 223
112 246
112 278
113 13
113 99
113 109
113 141
113 158
114 15
114 63
114 86
114 111
114 119
114 135
114 203
114 225
114 281
114 287
114 292
115 29
115 30
115 44
115 91
115 186
115 212
116 57
116 137
116 154
116 163
116 188
116 189
116 251
116 277
117 12
117 80
117 161
117 190
117 257
118 9
118 97
118 228
118 278
119 97
119 231
119 269
120 33
120 48
120 236
120 285
121 90
121 129
121 254
122 8
122 18
122 83
122 116
122 137
122 145
122 146
122 147
122 254
122 289
123 9
123 43
123 78
123 125
123 128
123 136
123 154
123 193
123 293
124 13
124 23
124 87
124 179
124 195
124 214
124 222
124 264
125 33
125 53
125 115
125 118
125 130
125 152
125 163
125 285
126 6
126 13
126 39
126 51
126 141
126 150
126 165
126 198
126 210
126 226
126 254
126 259
126 289
126 298
127 15
127 25
127 41
127 47
127 136
127 216
127 296
128 18
128 46
128 170
128 173
128 248
128 261
128 294
129 19
129 22
129 38
129 47
129 73
129 112
129 126
129 170
129 265
130 17
130 92
130 136
130 147
130 188
130 221
130 241
130 246
130 282
131 7
131 44
131 182
131 225
131 253
132 38
132 140
132 178
132 224
132 238
132 273
132 275
133 62
133 222
134 33
134 123
134 125
134 170
134 218
134 282
135 15
135 18
135 103
135 125
135 133
135 212
135 243
135 288
135 299
136 202
136 226
137 8
137 16
137 52
137 69
137 191
137 197
137 200
137 208
137 218
137 273
138 93
138 125
138 153
138 189
138 196
139 12
139 28
139 86
139 164
139 188
139 218
139 235
139 272
139 281
139 296
140 15
140 38
140 61
140 177
140 204
140 285
141 60
141 69
141 94
141 96
141 109
141 174
141 210
141 218
141 232
142 16
142 40
142 50
142 111
142 155
142 160
142 182
143 44
143 87
143 95
143 120
143 152
143 205
144 1
144 29
144 36
144 55
144 122
144 154
144 185
144 279
144 298
145 106
145 146
145 198
145 222
145 254
145 271
145 294
146 82
146 84
146 86
146 90
146 105
147 3
147 55
147 168
148 9
148 64
148 104
148 189
148 231
148 242
148 273
149 56
149 116
149 121
149 133
149 258
150 5
150 31
150 99
150 147
150 168
150 181
151 1
151 76
151 134
151 168
151 260
152 107
152 117
152 122
152 147
152 237
152 296
153 3
153 21
153 123
153 133
153 206
153 238
153 294
154 32
154 38
154 147
154 234
154 235
155 16
155 27
155 32
155 45
155 93
155 125
155 165
155 179
155 184
155 192
155 195
155 260
155 281
155 285
156 22
156 37
156 96
156 134
156 158
156 207
157 32
157 94
157 173
157 179
157 216
157 238
157 286
158 44
158 124
158 171
158 188
158 190
158 201
158 223
158 229
159 28
159 73
159 97
159 178
159 250
159 255
159 270
160 27
160 53
160 65
160 110
160 125
160 187
160 251
160 289
161 59
161 99
161 126
161 135
161 156
161 229
161 249
162 10
162 14
162 37
162 48
162 68
162 87
162 90
162 115
162 125
162 137
162 152
162 229
162 275
163 9
163 25
163 66
163 87
163 107
163 236
163 284
164 24
164 59
164 82
164 109
164 142
164 205
164 228
164 250
165 66
165 70
165 188
165 190
165 246
165 278
166 23
166 27
166 42
166 47
166 68
166 84
166 90
166 108
166 115
166 210
166 216
166 260
166 287
167 243
167 277
168 80
168 93
168 145
168 169
168 186
168 214
168 238
168 251
169 9
169 99
169 135
169 143
169 282
170 116
170 156
170 157
170 162
170 204
170 241
170 247
170 258
170 297
171 69
171 101
171 112
171 121
171 138
171 150
171 188
171 216
171 281
171 291
171 294
172 45
172 241
173 15
173 22
173 85
173 103
173 133
173 177
173 198
173 253
174 32
174 40
174 60
174 87
174 155
174 187
174 243
174 283
174 297
175 43
175 94
175 98
175 107
175 149
175 210
176 60
176 101
176 148
176 182
176 200
176 209
176 213
176 264
177 47
177 111
177 156
177 172
177 224
178 86
178 101
178 116
178 170
178 232
178 245
178 276
178 292
179 34
179 35
179 80
179 107
179 190
180 73
180 91
180 115
180 162
181 19
181 70
181 88
181 198
181 238
182 3
182 32
182 247
182 270
183 30
183 65
183 89
183 107
183 123
183 161
183 220
183 241
183 273
184 5
184 19
184 82
184 152
184 167
184 170
184 211
184 225
184 258
184 287
185 98
185 104
185 232
185 271
186 113
186 185
186 195
186 207
186 221
186 284
187 30
187 58
187 194
187 234
188 5
188 230
188 238
188 294
188 297
189 35
189 82
189 85
189 124
189 223
189 225
189 239
190 33
190 35
190 80
190 87
190 107
190 116
190 162
190 174
190 181
190 285
191 33
191 63
191 143
191 192
191 208
192 48
192 116
192 144
193 5
193 121
193 175
193 222
193 244
193 246
193 256
193 282
194 22
194 71
194 155
194 160
194 168
194 200
194 204
194 229
194 260
194 294
195 10
195 157
195 227
195 266
195 268
195 271
196 10
196 28
196 75
196 147
196 172
196 173
196 180
196 206
196 222
196 253
196 262
197 18
197 32
197 57
197 77
197 109
197 125
197 131
197 226
197 250
197 260
197 278
198 72
198 83
198 92
198 105
198 114
198 190
198 243
198 273
198 286
199 137
199 161
199 177
199 204
199 241
199 286
199 300
200 39
200 111
200 151
200 265
200 274
201 36
201 87
201 259
201 273
202 57
202 82
202 132
202 153
202 160
202 227
202 229
202 255
203 36
203 57
203 102
203 124
203 146
203 178
203 183
203 230
203 259
203 278
203 279
204 13
204 50
204 258
205 18
205 129
205 206
205 207
205 241
205 251
205 281
206 56
206 72
206 75
206 102
206 132
206 156
206 217
206 254
207 16
207 38
207 56
207 194
207 200
207 289
208 109
208 111
208 131
208 268
208 273
208 298
209 71
209 113
209 152
209 177
209 213
209 273
209 284
210 39
210 106
210 120
210 128
210 182
210 252
210 262
211 125
211 168
211 175
211 203
211 205
211 213
211 217
211 240
212 94
212 101
212 104
212 146
212 196
212 243
212 248
212 258
212 269
212 284
213 179
213 184
213 212
213 226
213 282
214 39
214 165
214 180
214 201
214 263
215 36
215 64
215 111
215 117
215 144
215 295
216 32
216 100
216 177
216 194
216 219
216 247
216 294
217 196
217 202
217 296
218 18
218 25
218 96
218 118
218 144
218 154
218 198
218 209
218 223
219 88
219 97
219 207
219 237
219 271
220 49
220 124
220 179
221 55
221 118
221 141
221 179
221 224
221 251
221 267
222 68
222 90
222 137
222 213
222 243
222 260
223 3
223 54
223 115
223 164
223 262
223 282
224 28
224 105
224 118
224 167
224 223
224 269
225 4
225 57
225 73
225 118
225 128
225 173
225 181
225 207
225 221
225 258
225 289
225 294
226 38
226 48
226 145
226 149
226 209
226 225
227 20
227 41
227 72
227 168
227 185
227 257
227 283
228 41
228 62
228 74
228 94
228 120
228 127
229 32
229 87
229 99
229 109
229 140
229 168
229 180
229 214
229 271
230 12
230 68
230 77
230 139
230 208
230 244
231 71
231 73
231 90
231 117
232 35
232 60
232 64
232 81
232 82
232 206
232 239
232 274
233 165
233 239
233 263
234 13
234 26
234 69
234 78
234 207
234 257
235 31
235 34
235 38
235 134
235 143
235 156
235 257
235 274
236 74
236 76
236 84
236 193
236 206
236 286
237 2
237 20
237 24
237 59
237 186
238 46
238 62
238 66
238 104
238 118
238 148
238 272
238 292
239 17
239 22
239 26
239 110
239 144
239 151
240 2
240 35
240 95
240 109
240 155
240 192
240 212
240 234
241 31
241 39
241 113
241 122
241 133
241 142
241 193
242 19
242 34
242 35
242 46
242 67
242 159
242 173
242 223
242 279
243 1
243 8
243 71
243 74
243 123
243 163
243 207
243 251
243 266
244 55
244 97
244 170
245 34
245 36
245 51
245 62
245 79
245 81
245 111
245 136
245 292
246 35
246 92
246 150
246 179
246 220
246 262
246 282
247 35
247 64
247 125
247 199
247 208
247 212
247 239
247 253
247 255
247 258
248 13
248 39
248 57
248 65
248 79
248 91
248 109
248 130
248 208
249 37
249 50
249 85
249 177
249 178
250 30
250 135
250 295
251 67
251 147
251 149
251 189
251 292
251 300
252 40
252 48
252 77
252 220
253 165
253 224
253 227
253 270
254 54
254 97
254 113
254 144
254 258
255 16
255 104
255 279
255 287
256 57
256 72
256 172
257 49
257 128
257 173
258 123
259 12
259 73
259 150
259 175
259 232
259 262
260 103
260 147
260 171
260 181
261 32
261 47
261 169
261 231
262 25
262 111
262 207
262 211
262 215
262 227
262 237
262 250
263 90
263 97
263 101
263 225
263 237
263 238
263 239
263 266
264 164
264 256
264 287
264 291
265 20
265 77
265 87
265 92
265 132
265 153
265 180
265 215
265 267
265 290
266 25
266 48
266 72
266 86
266 153
267 10
267 194
267 199
267 268
268 12
268 83
268 95
268 106
268 147
268 152
268 221
269 9
269 76
269 143
269 196
269 221
269 230
269 238
269 267
270 77
270 96
270 119
270 140
270 207
270 267
271 71
271 129
271 178
271 209
271 210
271 211
271 220
272 37
272 52
272 91
272 100
272 235
272 236
272 281
273 9
273 50
273 155
273 252
273 271
274 37
274 48
274 49
274 73
274 146
274 150
274 183
274 188
274 192
274 244
274 262
274 287
275 77
275 81
275 125
275 146
275 209
275 250
275 264
275 267
275 289
275 293
276 3
276 11
276 207
276 235
276 275
277 95
277 114
277 120
277 162
277 183
277 210
277 283
278 3
278 86
278 167
278 205
279 10
279 28
279 60
279 122
279 161
279 212
279 257
279 269
280 17
280 45
280 205
281 75
281 79
281 163
281 167
281 185
281 226
282 50
282 62
282 89
282 118
282 207
282 231
283 32
283 72
283 110
283 129
283 166
284 10
284 168
284 211
284 243
285 88
285 105
285 119
285 121
285 132
285 134
285 141
285 154
285 175
285 256
286 9
286 46
286 54
286 60
286 63
286 79
286 91
286 192
286 201
286 238
287 3
287 58
287 61
287 172
287 194
287 195
287 196
287 252
288 21
288 47
288 80
288 131
288 147
288 148
288 188
288 226
288 240
288 242
288 269
289 42
289 49
289 175
289 213
289 246
289 256
289 257
290 2
290 57
290 62
290 79
290 84
290 122
290 130
290 225
290 253
290 275
291 13
291 15
291 28
291 41
291 207
291 240
291 244
291 266
291 294
292 54
292 69
292 127
292 141
292 152
292 210
293 4
293 23
293 83
293 101
293 144
293 211
294 59
294 102
294 114
294 151
294 234
294 241
294 289
295 160
295 180
295 221
295 226
296 12
296 37
296 121
296 173
296 215
296 246
296 260
296 266
296 283
297 64
297 76
297 86
297 176
297 190
297 219
297 255
298 17
298 136
298 140
299 25
299 52
299 113
299 155
299 156
299 175
299 236
300 89
300 109
300 113
300 115
300 210
300 233
300 294

