250 1000
95 51 37 30 22 1 32 48 11 24 77 23 40 2 14 10 13 34 109 44 2 10 33 20 49 75 1 96 81 91 3 39 95 5 13 13 17 28 47 20 2 21 6 55 34 20 7 3 42 60 3 54 9 15 3 48 59 20 13 46 12 49 62 19 69 94 10 35 56 12 59 50 104 28 79 12 5 5 1 19 25 42 109 9 80 55 45 22 4 8 60 18 4 66 12 6 37 31 22 8 21 23 6 14 16 7 107 135 9 16 12 14 5 31 20 21 3 15 12 51 20 16 1 5 32 43 65 164 9 31 26 60 28 55 10 14 10 10 119 3 3 56 2 4 6 131 25 1 128 19 151 52 10 19 9 4 89 44 22 36 96 2 99 15 21 16 36 46 58 12 38 8 12 71 44 6 46 90 41 27 12 10 1 76 10 7 49 73 1 47 49 1 7 259 27 30 98 26 88 15 50 186 49 13 1 13 51 1 10 89 25 10 27 29 46 32 108 15 21 34 23 37 3 67 61 18 3 13 12 59 40 4 69 42 55 107 1 36 18 64 18 31 25 34 27 8 50 9 49 22 
1 86
1 95
1 106
1 116
1 155
1 163
1 192
2 128
2 144
2 204
2 228
3 44
3 149
3 195
3 226
4 81
4 157
4 245
4 248
5 82
5 124
5 160
5 172
5 240
6 29
6 94
6 244
7 9
7 59
8 108
8 124
8 134
8 165
9 8
9 125
9 222
10 146
10 196
10 240
11 23
11 61
11 108
11 128
11 135
12 5
12 38
12 56
12 191
13 85
13 145
13 216
13 232
14 127
15 6
15 102
15 160
15 234
17 250
18 66
19 50
19 86
19 111
19 125
19 134
19 158
19 171
20 121
20 143
20 181
21 131
22 138
22 151
22 219
23 30
23 46
23 67
23 115
24 18
24 80
24 96
24 111
24 179
24 198
25 2
25 10
25 80
25 200
25 215
26 1
26 60
26 178
26 202
27 244
28 26
28 30
28 75
28 80
28 92
28 105
28 127
28 190
28 200
28 207
29 48
29 138
30 48
30 144
30 189
30 233
30 234
31 18
31 84
31 140
31 180
32 75
32 217
32 237
33 43
33 80
33 140
33 148
33 153
33 218
34 130
35 48
35 57
35 92
35 96
35 145
35 158
35 162
36 75
36 132
37 56
37 68
37 188
38 76
38 77
38 152
38 171
38 175
39 33
39 102
39 104
39 153
39 184
40 11
40 12
40 45
40 74
41 89
42 9
42 50
43 19
44 60
44 71
44 81
44 204
44 210
45 52
45 93
45 131
47 24
47 69
47 122
47 187
48 136
48 227
49 11
49 111
49 135
49 174
49 181
50 31
50 104
50 138
52 2
52 14
52 31
52 49
53 16
53 128
54 199
55 36
56 82
56 112
56 138
56 197
57 66
57 91
57 100
57 146
57 157
57 170
58 136
58 139
58 174
59 95
59 116
59 132
59 179
59 224
60 4
60 94
60 176
60 214
60 245
61 5
61 19
61 64
61 156
61 173
61 220
62 32
62 35
62 128
62 191
63 4
63 55
63 97
63 125
63 128
63 138
63 145
63 159
64 2
64 59
64 122
64 159
64 175
64 202
65 3
65 100
65 114
65 172
66 39
66 50
66 158
66 194
68 110
68 139
69 50
69 102
69 158
69 184
69 194
69 235
70 45
70 131
70 244
70 246
71 19
71 86
71 219
71 236
72 26
72 32
72 133
72 159
72 165
72 175
72 225
72 237
73 5
73 8
73 20
73 56
73 91
73 108
73 126
73 157
74 42
74 97
74 107
74 128
74 144
74 149
74 225
75 19
75 94
75 139
76 41
76 151
77 116
77 193
77 250
79 94
80 36
80 129
80 175
80 186
80 245
81 16
81 32
81 74
81 130
81 150
82 2
82 49
82 74
82 106
82 147
82 229
83 38
83 54
83 81
83 178
83 232
84 33
84 73
85 50
85 69
85 97
85 141
85 219
86 17
87 2
87 29
87 60
87 99
87 102
87 204
88 63
88 64
88 72
88 152
89 86
89 145
89 242
90 62
90 74
90 77
90 150
91 38
91 60
91 245
92 218
92 239
93 40
93 163
93 238
94 2
94 25
94 114
94 141
94 167
94 221
94 230
95 157
95 164
96 225
97 52
97 116
97 140
97 224
98 119
98 179
98 239
99 10
99 92
100 83
100 185
101 30
101 86
101 140
101 238
102 105
102 176
103 8
103 31
104 38
104 151
104 215
105 96
106 171
106 200
107 3
107 5
107 48
107 152
107 157
107 184
107 224
107 242
108 112
108 114
108 151
108 190
108 237
108 238
109 75
110 81
110 93
110 130
110 137
110 149
110 225
110 232
111 62
111 139
112 34
112 83
112 167
112 190
113 53
113 86
113 175
113 189
114 10
114 189
115 50
115 90
115 91
115 224
116 66
118 71
118 75
118 168
118 234
119 90
120 47
120 52
120 129
120 202
121 66
121 176
122 125
122 169
123 39
123 44
123 88
123 121
123 154
123 177
124 26
124 28
124 40
124 213
124 217
125 112
126 57
126 121
126 195
126 242
127 115
127 196
127 240
128 9
128 32
128 93
128 140
129 20
129 31
129 67
129 143
130 7
130 118
130 141
130 146
130 247
131 65
132 3
132 26
132 147
132 170
132 212
133 13
133 23
133 37
133 46
133 50
134 25
134 75
134 95
134 154
134 249
135 16
135 39
135 43
135 76
135 132
136 83
136 179
136 199
136 233
137 81
137 238
138 18
138 128
138 161
139 20
139 145
139 187
139 206
139 234
140 32
140 103
141 30
141 92
141 108
141 248
142 3
142 8
142 32
142 63
142 108
142 134
142 163
142 166
142 188
143 72
143 80
143 238
144 88
145 107
145 163
145 182
145 186
145 187
145 198
145 219
146 35
146 39
146 66
146 68
146 92
146 107
146 111
146 199
146 216
146 232
147 23
147 98
147 184
147 210
148 85
148 135
149 62
149 136
149 152
149 241
150 16
150 29
150 74
150 85
150 199
150 224
150 226
151 40
151 54
151 107
151 123
151 160
151 170
151 215
152 78
152 208
152 230
153 37
153 186
154 119
154 213
154 248
155 37
155 165
155 235
156 64
156 123
156 127
156 224
156 243
157 49
157 52
157 184
158 11
158 17
158 30
158 33
158 92
158 166
158 242
159 11
159 150
159 237
159 243
160 81
160 163
160 195
160 203
161 17
161 33
161 65
161 84
161 181
161 210
161 215
162 83
162 99
162 153
162 200
162 203
163 13
163 127
163 128
163 193
164 22
164 29
164 59
164 90
165 137
165 224
166 5
166 26
166 99
166 157
166 199
167 65
167 116
167 174
167 217
168 35
168 46
168 190
168 198
168 216
168 241
169 1
169 109
169 115
169 179
169 195
169 203
169 238
170 186
170 188
170 210
171 83
171 116
171 144
171 149
171 223
171 229
172 126
172 155
172 227
172 231
173 16
173 69
173 73
173 157
173 183
174 7
174 14
174 36
174 44
174 61
174 131
175 68
175 93
175 94
175 233
176 46
176 171
176 195
177 138
177 168
177 170
177 249
178 28
178 42
178 109
178 203
178 234
178 248
179 7
179 78
179 84
179 117
179 168
179 213
180 6
180 61
180 127
180 140
180 161
180 194
180 202
181 9
181 225
182 73
182 96
182 102
183 28
183 195
183 242
184 32
184 111
184 223
185 35
185 194
185 197
185 210
185 228
185 240
186 249
187 54
187 155
187 223
188 38
188 45
188 97
188 168
188 231
188 247
189 5
189 97
189 143
190 159
190 161
190 165
190 207
191 2
191 47
191 75
191 92
191 183
191 202
192 53
192 91
193 13
193 108
193 236
194 8
194 10
194 27
194 31
194 37
194 100
194 158
194 163
194 178
194 184
194 202
194 203
195 57
195 171
195 230
196 29
196 57
196 104
196 126
196 149
196 220
197 7
197 41
197 80
197 131
197 184
197 224
197 248
198 80
198 89
198 139
198 149
198 195
198 201
198 244
199 15
199 20
199 29
199 98
199 104
199 118
199 172
199 239
199 249
200 6
200 29
200 105
200 148
201 51
201 117
201 151
201 162
201 168
201 181
201 186
201 210
201 220
202 1
202 17
202 48
202 113
202 125
202 156
202 212
202 234
203 59
203 87
203 131
203 152
204 171
205 169
206 132
206 147
206 172
207 40
207 54
207 63
207 93
207 151
209 163
209 220
209 247
210 98
210 120
210 207
210 248
211 4
211 94
211 192
212 29
212 71
212 91
212 134
212 138
212 147
212 172
212 173
212 189
213 18
213 36
213 183
214 10
214 117
214 129
214 132
214 221
215 66
215 119
215 129
215 177
215 178
215 236
216 62
216 65
216 212
216 215
217 29
217 58
217 86
217 104
217 105
217 133
217 226
217 240
218 34
218 127
218 135
218 180
218 201
218 248
219 5
219 66
219 108
219 223
220 29
220 58
220 63
220 149
221 42
221 95
221 100
221 137
221 240
222 54
222 62
222 66
222 71
222 137
222 172
222 232
223 46
223 77
223 96
223 120
224 85
224 174
224 198
224 207
225 21
225 129
225 190
225 235
226 18
226 58
226 72
226 211
227 114
227 139
227 200
227 217
227 239
228 115
228 116
228 156
228 193
229 18
229 84
229 120
229 133
229 152
230 53
230 54
230 67
230 105
230 115
230 116
231 67
231 78
231 118
231 151
231 177
232 124
232 135
233 19
233 51
233 68
233 74
233 144
233 223
234 149
234 166
235 85
235 176
235 200
235 219
235 239
235 242
236 31
236 120
236 149
236 162
236 165
236 224
236 244
237 16
237 64
237 118
238 23
238 38
238 194
239 7
239 83
240 128
240 187
240 197
240 243
241 207
241 209
241 236
242 64
242 83
242 141
242 215
242 249
243 64
243 211
244 63
244 170
245 5
245 10
245 37
245 71
245 116
245 145
245 163
245 229
246 48
246 65
246 244
247 42
247 87
247 101
247 120
247 229
248 48
248 73
248 124
248 152
248 179
249 89
249 178
250 73
250 91
250 142
250 154
250 178
250 186
250 217

