200 50
2702213437 3399999307 1049500744 1229391904 1 2566991961 1 3 2713189291 1 3122582806 2717076620 1 1755404045 1687219357 528686370 1312967674 1 2082640097 1 3 2913532335 2721855853 1924179100 1 1558757252 1 1257256572 283173481 1 1033350511 3964426854 1 1 1 1 3095709398 4284523635 1531502983 1 4 422883725 3093910019 1711454477 1 1 1633316646 4 1294633408 1582980348 3089422481 1 2372006225 288875271 3 1969347241 2092354138 665493938 1 1 3 1 4212542234 1986383634 1 1184741088 3759327264 3148230109 2 4 2359160505 269590293 678278179 4120858062 2804115674 1 3213242083 2352245306 3045115532 2613063683 2561456187 435551824 974347284 4 1 3 3942684867 3602477761 183548244 1894646129 4119592427 1098108015 865332372 3783196402 3194290955 1 1 1162561724 1 1 2639433040 1 1 1 1 3 692315378 1 188489839 2914945093 3309614333 431044162 4127003325 1 1 1 1 1 3990556075 2260639743 3342416491 1204716129 1 3770823112 1 1 3525504085 783623884 1 3458466563 1563020998 1544269253 4159469324 875219479 4086861316 1 1 6 1915321412 1 1 812855650 2650147413 1 1 3403367701 1 1 3003282082 801941081 1 1603358301 3848992886 3935031676 1576147931 925714106 2305773074 2 1 4006702230 1 2952927726 3012237815 2598239138 552617333 750875631 2222870798 1134077218 1535316490 9176165 4201713344 1 1 1 1 1 2643499515 3989526738 2436777251 1950816648 2331174823 629925415 1 1 1591725141 2097134743 900298847 1 533865771 1 435134068 3 4183856450 1 351473084 2 1 1 1 2902247832 
7 125
8 10
8 100
13 172
20 69
25 18
33 21
34 86
36 60
40 55
41 84
41 144
45 198
48 108
48 151
52 76
55 173
55 184
61 115
61 138
65 106
69 138
70 148
84 62
86 196
96 46
99 137
102 5
103 126
104 105
106 196
115 190
116 70
118 61
136 123
138 34
140 174
141 59
145 35
147 114
158 30
158 85
159 97
161 129
175 199
183 176
192 21
192 27
194 188
197 117

