100 50
1 1 1 1 46924048 3412055626 2 3208946212 93905379 1538742692 3450251838 1 1 2 1 4 646519966 3364331763 1992234805 3591276906 1 1 3943967615 1320301073 9 4150696050 1 1 2477636591 3645243957 1 50095080 1 1 1 1 1 2031037313 838160797 1 1 9 2226129325 1 4 1 1 1 1 3236717499 1 865236182 1 1707746906 1 944931027 2 1181691361 1 2 1 2390396403 1 14118965 3 1 1 3 913408312 4 2762236454 15 1 3122852447 1 9 1 1 1 1731111137 4 1472210634 14 1 1 3221600374 2505382538 3615959267 3 1 1 1 9 7 1769097450 3807861322 1 3 4 1 
2 49
3 45
7 41
7 98
13 94
14 66
15 72
16 1
22 83
25 31
25 40
27 85
34 48
35 83
36 72
37 99
40 53
42 14
42 21
44 70
45 57
47 76
60 81
60 100
65 44
67 55
70 79
72 1
72 25
73 12
75 65
76 61
77 16
78 59
81 46
83 42
83 68
84 68
89 76
90 21
90 31
91 89
93 63
93 92
93 97
94 4
94 51
98 33
99 28
100 57

