50 250
44 73 32 59 31 140 14 11 60 27 57 5 18 25 169 8 48 21 23 119 43 10 41 89 61 76 7 71 10 23 172 72 151 32 1 202 94 47 2 41 17 100 52 30 8 26 65 55 111 86 
1 25
1 37
1 44
2 4
2 5
2 36
2 40
3 2
3 7
3 23
3 26
3 34
3 48
4 1
4 34
4 43
5 20
5 21
5 26
5 29
5 33
5 38
6 2
6 11
6 15
6 17
6 20
6 23
6 24
6 35
6 49
7 5
7 32
7 33
7 37
7 42
7 43
8 2
8 14
8 31
9 5
9 7
9 12
9 15
9 23
9 29
9 37
9 40
9 45
10 16
10 26
10 44
10 47
10 48
11 2
11 10
11 15
11 27
11 29
11 30
12 28
13 11
13 25
13 28
13 36
13 38
14 23
15 13
15 24
15 37
15 38
15 42
15 50
16 2
16 11
16 33
16 38
16 41
16 44
17 4
17 36
17 44
17 46
18 2
18 12
18 16
18 24
18 27
18 50
19 6
19 8
20 15
20 32
21 12
21 15
21 26
21 29
22 2
22 7
22 11
22 14
22 20
22 31
22 44
22 49
23 16
23 20
23 31
23 32
23 38
23 43
23 47
24 1
24 2
24 4
24 12
24 30
24 31
24 36
24 38
24 44
24 45
25 2
25 27
25 29
25 44
25 50
26 1
26 36
27 6
27 14
27 17
27 23
27 43
28 5
28 22
28 31
28 33
28 35
28 36
28 44
28 45
29 10
29 19
29 26
29 33
29 42
29 44
30 3
30 18
30 38
30 42
31 1
31 9
31 14
31 21
31 29
31 33
31 42
31 45
32 1
32 3
32 38
33 11
33 25
33 30
33 32
33 41
33 48
34 25
34 46
34 49
35 15
35 20
35 49
35 50
36 9
36 11
36 12
36 20
36 31
36 49
37 29
37 32
37 33
37 40
37 46
37 49
38 34
39 25
39 36
40 5
40 17
40 31
40 45
41 2
41 20
41 38
41 48
41 49
42 4
42 11
42 18
42 22
42 37
43 21
43 25
43 33
43 36
43 41
44 15
44 19
44 26
44 33
45 5
45 6
45 19
45 20
45 23
45 26
45 32
45 35
46 9
46 23
46 26
46 28
46 32
46 38
46 48
46 50
47 7
47 17
47 20
47 33
47 36
47 42
47 43
48 19
48 38
48 45
49 4
49 18
49 26
49 29
49 48
50 6
50 7
50 28
50 37
50 39

