200 250
7 5 1 6 31 7 3 3 57 2 2 9 9 1 11 1440215192 2047395005 3 4253242988 1 1 6 9 4 3 8 2 4 2 1 4 8 3 1 1 21 1 16 4 1 11 18 2533368962 2 3 3 1532263954 1 4 1 1 6 4 12 6 4 4 8 3 1 1 1 1318340203 6 2 4 4 10 9 1 2 24 4 12 1 3 2 4 13 4 8 1 3 1 1 4 3251080538 1 2 1 6 1 1 4 16 16 2 1 2962064490 1 2819501275 3 19 3 1 2 3 1 5 4 9 1 3 14 4 1 1 8 3 1 3 2 3 1 4 6 4212219694 4 1 6 2 2 8 2208517306 1 5 2 1 13 1 15 1 4 4 8 3 4 4 1 3 10 2 8 7 4 1 1 23 1 4 8 1 6 8 562288152 9 1 1 8 3 3 4 22 2 1 1 1 1 2 697641069 1 1 8 12 1 1 2 4 3 1 10 12 1 14 1 1 6 1 6 7 
1 110
2 65
2 139
3 187
4 28
4 188
5 6
5 18
5 36
5 95
5 141
7 32
7 197
8 145
8 150
9 42
10 83
10 163
11 12
11 30
11 156
12 9
12 44
13 131
15 65
15 199
18 126
20 194
21 74
22 9
22 192
23 53
24 108
25 36
25 67
26 93
27 161
28 191
29 169
29 200
31 114
32 79
33 9
33 25
34 82
35 27
36 68
36 174
36 194
37 25
38 200
40 179
41 57
41 184
42 40
42 136
45 151
46 72
48 2
48 26
49 118
50 52
50 186
51 64
51 151
52 153
52 178
53 78
53 163
54 131
55 7
55 71
57 12
57 144
58 82
58 126
60 6
62 94
64 38
66 56
66 86
67 172
68 170
69 9
69 66
69 102
69 197
70 171
71 172
72 69
73 197
74 72
74 73
75 74
76 184
77 55
77 171
78 183
79 6
79 24
79 42
80 162
81 70
81 109
82 45
83 41
83 100
84 46
85 81
86 193
88 185
89 70
89 150
90 58
91 12
91 38
95 20
95 125
95 141
96 32
96 61
96 72
97 22
103 41
103 51
103 175
103 192
104 32
104 166
105 94
106 5
107 95
109 179
110 15
111 82
111 114
111 166
111 173
112 54
113 45
113 200
114 39
114 189
115 4
115 80
116 129
117 23
118 13
118 42
119 9
119 77
120 38
120 57
120 133
121 1
121 98
122 130
122 139
123 96
124 91
125 184
126 41
126 54
128 54
128 192
130 131
130 156
131 72
132 179
133 9
133 103
135 168
136 5
136 191
137 42
137 56
138 105
139 23
139 48
141 137
141 191
143 6
144 76
145 174
146 37
146 170
147 142
148 97
148 143
149 158
150 58
151 169
151 200
152 46
152 145
153 83
153 132
154 15
154 102
154 123
155 161
156 103
157 11
158 52
158 65
158 145
158 164
159 144
160 13
160 59
163 140
164 9
164 107
166 14
166 39
166 169
167 188
168 20
170 66
170 67
170 94
170 106
172 163
173 44
173 64
173 161
173 192
174 49
176 68
177 184
179 197
181 182
183 73
183 154
185 41
186 26
186 155
187 31
189 49
190 1
191 147
194 5
194 92
194 117
195 112
196 199
198 68
199 59
199 109
199 139

