300 1000
1 18 9 32 3 33 20 123 7 39 14 1434508199 8 25 16 4 36 3 37 15 9 55 85 79 6 23 5 21 7 7 3 5 4 14 35 2 16 84 7 25 8 19 81 4 66 35 36 34 1 2 17 7 13 72 44 37 70 24 13 11 55 8 9 2 7 8 37 23 169 73 24 61 10 27 18 1 7 4 30 20 2 89 51 34 37 3 29 10 1 33 29 14 10 6 33 3 9 17 44 34 35 35 83 8 8 27 21 5 8 11 2 11 50 33 7 16 32 2 99 7 8 2 55 2 25 20 10 34 54 26 9 15 75 28 76 7 20 26 3 14 4 21 44 45 8 27 13 6 3 38 21 12 24 21 6 38 19 7 1 7 18 10 2 24 10 39 18 15 5 5 3 10 58 2 25 10 3 58 7 4 16 6 1 28 3 34 45 23 39 64 25 42 34 7 9 5 35 156 53 47 15 6 14 8 14 2 8 1 47 84 10 20 13 47 33 26 2 109 5 79 4 20 3 23 27 2 29 29 11 12 4 43 16 40 47 3 46 52 5 31 10 20 10 129 145 38 17 5 16 49 22 5 37 18 27 19 27 9 26 35 16 22 41 32 22 2 14 7 91 12 6 28 2 1 43 7 5 21 8 17 17 12 18 18 6 55 58 16 6 82 38 25 1 2 7 34 3 2 15 86 
1 46
1 283
2 66
2 142
2 176
3 130
3 184
4 131
4 273
4 280
5 73
6 124
6 162
6 200
7 119
7 144
8 38
8 39
8 74
8 194
8 203
8 243
8 292
9 70
9 184
9 279
10 72
10 170
10 186
10 200
10 220
10 258
11 49
11 62
11 151
11 187
11 210
11 242
13 128
13 188
13 211
13 273
14 263
14 275
14 278
14 294
15 56
15 132
15 150
15 217
15 250
16 85
16 153
16 218
16 264
17 1
17 11
17 176
18 79
19 281
20 56
20 130
20 184
21 81
21 104
21 253
21 281
22 30
22 122
22 172
22 193
22 214
22 292
23 16
23 38
23 52
23 138
23 235
23 236
23 263
24 124
24 168
24 198
24 210
24 250
24 263
25 133
25 160
26 134
26 148
27 14
27 113
28 35
28 78
28 109
28 135
29 57
29 288
30 38
30 244
30 245
30 257
31 82
31 228
32 165
32 189
33 55
33 225
34 2
34 83
35 36
35 215
36 23
36 149
36 215
36 291
37 137
37 187
37 274
38 42
38 63
38 238
38 243
40 186
40 247
40 248
41 6
41 27
42 44
42 61
42 173
42 210
42 220
43 101
43 132
43 293
44 220
45 125
45 129
45 146
45 164
45 272
46 102
46 190
46 236
46 300
47 19
47 154
47 204
47 205
47 246
48 116
48 165
48 170
48 189
48 211
49 16
49 143
49 218
50 180
50 260
51 105
51 199
52 165
53 226
53 276
53 278
54 131
54 162
54 250
55 146
55 193
55 253
56 72
56 93
56 228
56 251
56 252
57 8
57 43
57 99
57 152
58 62
58 109
58 148
58 263
59 69
59 70
59 139
59 198
59 286
60 7
60 157
61 5
61 29
61 92
61 113
61 117
61 204
61 216
61 221
62 85
62 140
62 194
62 249
63 6
63 55
63 162
63 181
63 199
63 266
64 25
64 32
64 60
64 97
64 278
65 4
65 232
66 277
67 16
67 135
67 245
67 261
68 119
68 192
68 229
69 18
69 25
69 43
69 61
69 86
69 151
69 218
69 231
69 287
70 15
70 99
70 201
70 208
70 239
71 19
71 57
71 178
71 237
71 284
72 6
72 184
72 272
73 91
73 176
73 245
74 1
74 6
74 59
74 60
74 76
74 102
74 235
75 17
75 95
75 144
75 247
77 111
77 184
77 245
79 35
79 216
79 237
80 1
80 129
80 192
80 249
80 262
80 282
81 201
81 209
81 211
81 219
81 270
82 39
82 111
82 123
82 198
82 234
82 278
83 39
83 198
83 200
83 247
84 72
84 76
84 212
84 280
85 1
85 57
85 108
85 224
86 82
86 209
87 81
87 89
88 121
88 154
89 246
90 95
90 114
90 265
91 59
91 214
91 286
92 82
92 181
93 1
93 25
93 63
93 69
93 192
94 284
95 111
95 125
95 227
96 33
96 279
97 1
97 65
97 159
97 176
98 115
98 189
98 291
99 153
99 199
99 203
99 220
99 286
100 49
100 98
100 102
101 62
101 64
101 277
101 283
102 23
102 48
103 11
103 23
103 75
103 110
103 156
103 254
103 255
103 298
104 209
104 282
106 98
106 232
106 300
107 91
107 105
107 181
107 265
107 284
108 178
108 237
109 4
109 34
109 56
110 135
110 249
111 11
111 20
111 143
111 228
112 5
112 123
112 133
112 251
113 48
113 67
113 79
113 257
113 281
114 4
114 126
114 132
114 271
114 275
115 51
115 108
115 222
116 43
116 122
117 4
117 21
118 90
118 221
119 40
119 97
119 249
119 266
120 146
120 169
122 16
122 72
122 152
123 79
123 216
123 224
123 245
124 262
124 270
125 24
125 44
125 61
125 191
126 23
126 162
126 269
127 58
127 132
127 147
127 163
127 292
128 11
128 145
128 210
128 269
129 119
129 131
129 154
129 186
129 236
130 87
130 119
130 221
131 266
132 134
132 279
132 287
133 45
133 72
133 117
133 196
133 229
133 261
134 88
134 241
135 121
135 213
135 232
135 266
136 130
136 256
137 59
137 113
137 114
137 142
137 212
138 113
138 135
139 55
139 240
139 244
140 72
140 218
140 263
140 298
141 130
141 190
142 19
142 288
143 8
143 82
143 120
143 155
143 183
143 263
144 46
144 58
144 280
145 43
145 67
145 70
145 83
145 177
145 287
146 281
147 93
147 198
148 60
148 296
149 55
149 195
150 84
150 133
150 197
150 225
151 17
151 83
151 158
151 220
151 297
152 83
153 54
153 77
153 184
154 19
154 42
154 81
154 127
154 162
154 173
154 272
155 1
155 2
155 179
156 57
156 191
156 236
156 247
157 6
157 134
157 261
158 201
158 233
159 30
159 245
160 5
160 35
160 64
160 135
160 140
160 154
160 166
160 254
160 289
161 5
161 38
161 91
161 214
162 41
162 47
162 214
162 292
163 100
164 56
164 100
164 102
164 154
164 288
165 220
166 29
166 68
166 200
166 202
166 236
166 288
167 19
167 40
167 51
167 255
167 287
168 41
168 42
168 53
168 115
168 151
169 193
169 250
170 1
170 27
170 75
171 56
171 258
172 4
173 51
173 67
173 142
173 151
173 220
173 235
174 102
174 124
174 263
175 43
175 54
176 233
177 240
178 8
178 48
178 85
178 138
178 157
178 209
178 255
178 281
179 87
179 238
180 26
180 55
181 8
181 255
182 103
183 138
183 231
184 42
184 202
184 245
184 271
185 282
186 25
186 166
186 214
186 231
187 71
187 230
187 236
187 275
188 68
188 197
188 235
188 266
189 82
189 86
189 132
190 126
190 244
190 250
190 268
191 38
191 161
191 209
192 24
192 45
192 84
192 126
192 228
192 238
192 287
193 42
193 61
193 72
193 217
195 172
195 290
196 239
197 110
197 127
197 129
197 145
197 200
197 272
197 285
198 22
198 54
198 85
198 116
198 292
199 114
199 145
199 162
199 190
199 210
199 247
200 93
200 144
200 160
200 229
200 253
200 264
201 150
201 242
203 15
203 148
205 246
206 25
206 26
206 109
206 156
206 274
207 43
207 205
208 157
208 266
209 88
209 187
210 64
210 241
210 293
211 2
211 31
211 98
211 104
211 128
212 202
212 299
213 245
213 279
214 115
214 249
215 90
215 138
215 264
215 283
216 84
216 117
216 152
216 175
216 182
216 187
216 221
216 276
216 300
217 55
218 15
218 54
218 68
218 121
218 262
218 264
218 293
219 69
219 119
219 131
220 78
220 203
221 24
221 44
221 109
221 140
221 227
222 38
222 54
222 130
223 92
223 288
224 98
224 222
224 269
225 10
225 242
225 244
227 103
227 109
227 204
227 259
228 68
230 49
230 144
231 83
231 99
231 261
232 7
232 150
232 239
232 269
233 6
233 147
233 298
234 9
234 96
234 175
234 210
234 250
234 257
235 28
235 102
235 228
235 241
236 64
236 140
236 200
237 5
237 150
237 226
238 103
238 131
238 182
238 254
238 300
239 13
239 51
239 74
239 94
240 98
240 158
240 248
241 151
241 207
242 52
242 171
242 176
243 166
243 199
243 300
244 11
244 19
244 25
244 66
244 72
244 163
244 246
245 10
245 24
245 111
245 134
245 141
245 156
245 258
246 229
246 266
246 272
247 89
247 153
247 287
248 45
248 100
248 287
249 93
249 149
250 240
251 192
251 247
252 29
252 32
253 3
253 7
253 22
253 36
253 60
253 112
253 181
253 205
254 87
254 119
254 184
254 232
255 70
255 82
255 292
256 211
256 222
256 239
256 259
257 8
257 183
257 295
258 36
258 189
258 232
259 60
259 88
259 132
259 237
259 300
260 29
260 75
260 156
260 222
261 23
261 106
262 1
262 106
262 148
262 225
262 271
263 17
263 74
263 247
263 291
264 210
265 34
265 243
265 247
266 27
266 85
266 141
266 213
266 249
267 7
267 47
267 78
267 164
268 23
268 131
268 136
268 168
268 182
269 78
269 101
269 134
269 171
269 205
269 296
270 23
270 131
270 172
270 194
270 269
270 272
271 25
272 69
272 158
272 175
273 200
274 117
274 195
274 205
275 116
275 190
275 196
275 277
275 299
276 106
277 54
277 57
277 62
277 112
277 176
278 21
278 141
278 175
278 198
278 244
278 249
278 251
278 290
279 189
280 291
280 300
281 152
281 290
282 100
283 173
283 260
284 59
284 91
284 260
285 94
285 230
286 45
286 51
286 212
286 221
286 242
287 35
287 37
287 187
287 198
288 4
288 74
288 157
289 146
289 288
290 5
290 18
290 30
290 70
290 74
290 123
290 158
290 185
291 67
291 190
291 250
292 74
292 192
292 227
292 249
292 264
293 22
293 123
293 176
293 230
293 246
294 53
294 70
294 82
294 87
294 90
294 287
295 105
295 222
296 40
296 60
296 220
296 281
297 26
297 198
297 278
298 17
298 146
299 91
299 95
299 177
299 277
300 75
300 127
300 189
300 234

