200 500
2 4 10 20 3 2 6 54 3 32 33 26 33 4 6 7 21 1 3 22 8 5 6 27 9 19 12 10 4 7 14 1 1 7 28 15 3 9 17 1 13 7 6 11 3 4 2 9 49 10 35 1 9 74 1 20 9 5 10 17 25 3 15 23 4 24 14 10 31 15 7 9 24 46 11 9 6 16 50 10 15 10 20 11 1 30 2 19 5 1 2 2 24 16 6 14 5 8 34 6 9 2 32 2 33 12 10 9 9 20 2 29 2 20 7 30 30 15 26 2 13 24 32 24 44 7 10 4 12 44 4 10 4 40 15 5 138 6 16 5 5 13 29 21 6 4 38 8 51 13 18 60 16 12 14 18 42 1 51 7 18 16 4 3 21 15 41 13 6 3 12 1 4 2 23 7 6 1 25 1 33 9 3527544283 3 22 63 17 11 25 1 3 18 11 8 8 46 7 3 14 3 
1 147
2 16
3 149
3 174
3 187
4 24
4 152
5 66
5 135
6 193
7 199
8 23
8 45
8 79
8 100
8 127
8 141
8 147
9 83
9 117
10 84
10 88
10 121
10 130
10 136
10 173
11 30
11 84
11 87
11 115
11 154
11 198
12 83
12 105
12 115
12 137
12 154
13 28
13 77
13 137
13 142
13 148
15 26
15 144
16 78
16 104
16 115
17 54
17 112
17 114
17 117
18 108
20 100
20 110
20 144
20 147
20 153
21 35
22 112
22 124
24 22
24 35
24 47
24 80
25 107
25 137
25 171
26 186
26 199
27 23
27 157
27 166
27 180
28 5
28 56
28 77
28 185
30 174
30 186
30 198
31 11
31 117
31 159
34 158
34 161
34 166
35 10
35 89
35 91
36 86
36 197
37 30
38 89
39 47
39 168
39 176
39 199
40 99
41 5
41 60
41 148
42 50
42 64
43 17
43 28
43 115
44 13
44 137
45 161
46 60
46 143
46 184
47 7
48 53
48 62
49 36
49 83
49 95
49 173
49 192
50 38
50 157
50 175
51 44
51 46
51 65
51 86
51 125
51 198
52 69
52 79
52 173
54 179
55 103
56 134
56 188
57 44
57 102
57 145
57 192
59 56
59 126
59 154
60 33
60 73
61 88
61 141
61 164
63 131
63 156
63 195
64 118
64 173
64 195
66 9
66 43
66 116
66 129
67 79
67 127
67 155
67 179
68 4
68 9
68 21
68 59
68 114
69 36
70 114
71 61
71 125
73 29
73 119
73 163
74 15
74 109
74 149
75 34
75 140
75 189
76 73
76 165
77 52
78 104
78 135
78 169
79 12
79 38
79 155
80 50
80 196
81 26
81 122
81 123
82 14
82 50
82 51
82 95
82 98
83 114
83 123
84 37
84 169
85 74
86 11
86 29
88 7
88 137
88 143
89 24
89 93
91 149
91 181
92 17
92 108
93 8
93 72
93 101
93 168
94 22
94 56
95 68
95 81
95 103
96 68
96 73
96 123
96 172
97 101
97 181
98 94
98 168
98 176
98 187
99 34
99 48
99 178
100 58
100 81
100 121
100 165
100 188
100 191
101 31
102 94
102 192
103 13
103 100
103 193
104 25
104 98
104 105
104 197
105 110
105 136
106 102
106 149
107 38
107 115
107 162
108 4
108 78
109 5
109 68
110 69
110 73
111 52
111 166
112 75
112 110
113 19
113 39
113 54
113 177
114 53
114 65
114 86
114 113
114 156
115 82
116 5
116 117
116 133
116 142
116 188
117 26
117 34
117 135
118 73
118 90
118 112
118 113
118 159
119 60
119 69
119 167
119 170
120 152
121 86
121 135
122 125
122 137
122 192
122 195
123 95
124 86
124 168
124 196
125 38
125 54
125 70
125 99
125 143
125 178
126 61
126 74
127 70
127 125
127 194
128 3
128 76
128 134
129 8
129 80
129 91
130 95
130 105
130 159
130 171
130 186
131 150
131 159
131 189
132 19
132 28
132 63
132 119
133 55
134 2
134 11
134 101
134 102
134 131
135 119
136 106
136 110
136 154
137 34
137 54
137 99
137 149
137 197
138 29
138 157
138 198
139 68
139 79
139 165
139 175
140 10
140 114
140 126
141 31
141 117
141 155
142 58
143 22
143 52
143 64
143 144
144 10
144 56
144 134
145 73
145 103
146 64
146 100
147 36
147 100
147 123
148 128
149 159
150 58
150 87
150 128
151 5
151 36
151 54
151 72
151 83
151 91
152 6
152 17
152 23
152 132
152 147
152 164
153 109
153 123
153 130
153 149
153 159
153 196
154 31
154 121
154 165
155 179
156 41
156 119
156 148
157 97
157 108
157 175
159 54
159 70
159 142
159 185
159 200
160 4
160 162
160 169
161 74
161 117
161 167
162 69
162 176
163 54
165 30
165 149
166 105
166 187
167 30
167 68
167 115
167 175
168 28
170 137
171 21
171 109
171 125
172 35
173 165
174 196
175 24
175 49
175 186
176 12
176 14
176 49
177 1
177 74
177 190
179 97
179 181
180 177
180 195
181 70
181 79
181 93
181 106
181 112
182 9
182 45
182 106
184 34
185 54
185 62
185 120
186 82
186 170
187 57
187 71
187 158
187 178
188 42
188 130
189 49
189 67
189 69
189 157
191 41
191 48
191 108
191 186
192 53
193 3
193 186
194 23
194 124
195 95
196 101
196 115
196 125
197 81
198 72
198 117
199 32
199 76
199 167
200 53

