250 2000
25 84 129 162 48 61 239 140 316 118 16 53 112 60 109 37 9 36 176 35 95 48 87 355 237 78 38 35 194 14 226 114 191 92 56 5 93 52 44 313 238 249 312 72 272 209 248 44 102 76 324 4 229 484 131 231 110 63 73 10 98 169 39 16 19 62 51 75 51 170 217 65 123 158 33 367 94 125 127 192 35 21 18 9 272 185 178 129 218 75 190 66 9 91 174 353 250 272 131 137 103 210 179 186 128 149 250 61 14 438 28 57 355 203 135 8 234 7 58 100 118 77 64 93 163 99 287 222 83 97 14 12 103 244 80 274 80 47 52 33 188 38 133 481 125 82 137 157 159 55 10 107 105 94 183 149 382 178 143 73 14 112 63 12 15 127 13 69 12 4 15 232 265 67 295 27 265 12 330 87 67 196 16 9 29 231 141 272 335 120 70 60 158 583 33 173 26 12 14 328 45 163 157 99 147 161 25 181 133 61 184 18 78 182 38 213 330 253 114 88 168 50 284 96 20 77 385 27 133 1 80 78 191 56 197 25 66 6 38 187 32 63 84 222 90 65 46 25 110 88 
1 25
1 35
1 83
1 85
1 104
1 113
1 173
1 194
1 197
1 241
1 242
2 33
2 55
2 57
2 74
2 114
2 188
2 210
2 220
3 96
3 115
3 153
3 154
3 166
3 182
3 222
4 41
4 62
4 64
4 126
4 143
4 179
4 189
4 204
4 210
4 212
4 215
4 229
4 232
4 234
5 25
5 112
5 124
5 166
5 214
5 229
6 13
6 39
6 138
6 163
6 181
7 19
7 42
7 51
7 91
7 127
7 138
7 187
7 199
7 234
8 10
8 25
8 96
8 131
8 167
8 177
8 184
8 205
8 213
9 7
9 20
9 38
9 102
9 113
9 154
9 172
9 198
9 217
10 50
10 54
10 60
10 81
10 115
10 117
10 156
11 10
11 127
11 189
12 1
12 33
12 42
12 167
12 170
12 185
12 195
12 250
13 41
13 52
13 69
13 71
13 78
13 103
13 107
13 130
14 44
14 64
14 108
14 186
14 249
15 12
15 27
15 28
15 87
15 126
15 141
15 187
15 229
16 13
16 22
16 61
16 97
16 113
16 156
16 185
16 207
17 51
17 157
17 175
17 188
17 244
18 25
18 95
18 98
18 148
18 223
18 226
18 235
18 245
19 1
19 22
19 30
19 55
19 128
19 195
19 198
19 240
20 15
20 24
20 76
20 100
20 114
20 167
20 189
20 194
20 246
21 81
21 165
21 169
21 219
21 246
22 70
22 89
22 94
22 166
22 199
22 203
22 247
23 19
23 26
23 31
23 34
23 88
23 149
23 160
23 164
23 175
23 187
23 248
24 35
24 47
24 48
24 87
24 116
24 141
24 167
24 176
24 221
24 227
24 230
24 246
25 13
25 42
25 54
25 76
25 239
25 240
26 15
26 19
26 59
26 77
26 108
26 156
26 175
26 180
26 185
26 195
27 25
27 38
27 95
28 153
28 178
28 195
29 66
29 74
29 89
29 90
29 107
29 135
29 197
29 200
30 3
30 29
30 51
30 59
30 151
30 162
30 181
30 194
30 242
31 1
31 12
31 81
31 106
31 108
31 114
31 145
31 182
32 7
32 107
32 148
32 178
32 210
33 34
33 38
33 63
33 112
33 115
33 130
33 134
33 157
33 175
33 179
33 197
34 29
34 76
34 194
34 215
34 216
34 228
34 243
35 33
35 52
35 77
35 81
35 101
35 157
35 187
35 202
35 215
36 22
36 37
36 64
36 87
36 115
36 176
36 232
36 238
37 13
37 121
37 151
37 167
37 175
37 194
38 42
38 45
38 68
38 104
38 106
38 107
38 111
38 113
38 201
39 21
39 41
39 92
39 146
39 156
39 200
40 81
40 86
40 120
40 129
40 136
40 161
40 163
40 165
40 166
40 169
40 241
41 34
41 46
41 76
41 176
41 181
41 218
41 237
42 10
42 30
42 65
42 81
42 101
42 130
42 181
42 248
43 5
43 30
43 51
43 86
43 98
43 103
43 122
44 36
44 51
44 54
44 57
44 178
44 222
45 1
45 4
45 17
45 21
45 25
45 75
45 88
45 179
45 205
45 216
45 243
45 247
45 250
46 43
46 93
46 95
46 120
46 194
46 198
46 222
46 249
47 8
47 15
47 36
47 52
47 61
47 63
47 67
47 129
47 136
47 175
47 179
47 194
47 208
47 223
47 234
48 13
48 68
48 106
48 118
48 181
48 183
48 229
49 43
49 68
49 70
49 152
49 170
49 186
50 16
50 96
50 101
50 185
50 191
50 244
51 2
51 20
51 21
51 40
51 84
51 130
51 164
51 170
51 189
51 201
51 217
52 24
52 107
52 109
52 217
53 12
53 15
53 40
53 120
53 172
53 196
53 199
53 208
53 209
54 62
54 103
54 110
54 120
54 144
54 146
54 189
54 201
54 208
54 234
54 248
55 32
55 73
55 77
55 103
55 127
55 145
55 150
55 167
55 179
56 42
56 73
56 80
56 96
56 132
56 182
56 228
56 239
57 37
57 38
57 73
57 93
57 158
57 211
57 217
58 21
58 66
58 126
58 147
58 154
58 157
58 244
59 123
59 166
59 184
59 198
60 27
60 70
60 94
60 177
60 189
60 209
60 233
61 6
61 48
61 58
61 91
61 109
61 126
61 135
61 171
61 188
61 224
61 250
62 12
62 53
62 55
62 61
62 135
62 194
62 195
62 217
62 218
62 241
63 12
63 14
63 40
63 76
63 161
63 195
63 201
63 207
63 220
63 230
64 19
64 45
64 147
64 159
65 20
65 44
65 64
65 81
65 101
65 121
65 212
66 160
66 173
66 222
67 35
67 37
67 76
67 98
67 127
67 159
67 179
67 191
67 196
67 235
68 35
68 80
68 128
68 142
68 173
68 198
68 233
69 1
69 9
69 77
69 152
69 170
69 172
69 191
69 226
69 229
69 244
70 8
70 97
70 98
70 188
70 212
70 234
71 6
71 34
71 53
71 65
71 78
71 102
71 159
71 191
71 192
71 197
71 219
72 7
72 17
72 67
72 86
72 111
72 214
72 228
72 240
73 9
73 53
73 66
73 144
73 169
73 244
74 5
74 31
74 34
74 42
74 114
74 118
74 125
74 140
74 163
74 198
74 206
74 210
75 22
75 34
75 94
75 117
75 167
75 175
75 183
75 228
76 50
76 53
76 71
76 74
76 105
76 177
76 226
76 230
76 250
77 56
77 83
77 144
77 151
77 201
78 5
78 29
78 31
78 67
78 74
78 79
78 174
78 190
79 56
79 62
79 117
79 159
79 218
79 238
79 242
80 58
80 78
80 94
80 121
80 125
80 168
80 169
80 207
80 239
80 249
80 250
81 16
81 43
81 57
81 59
81 95
81 157
81 158
81 188
81 210
81 246
82 12
82 91
82 157
82 214
82 240
83 15
83 51
83 107
83 129
83 146
83 180
84 76
84 129
84 174
84 192
84 202
85 9
85 35
85 58
85 65
85 144
85 152
85 155
85 173
85 179
85 192
85 198
86 29
86 33
86 52
86 91
86 104
86 134
86 191
86 203
87 63
87 73
87 109
87 159
87 198
87 212
87 226
87 241
88 42
88 65
88 68
88 205
88 240
89 14
89 88
89 165
89 205
89 223
89 232
89 240
89 248
90 38
90 61
90 71
90 79
90 107
90 136
90 142
90 208
90 226
91 8
91 12
91 18
91 148
91 172
91 211
92 46
92 57
92 73
92 75
92 97
92 160
92 170
92 200
92 248
93 38
93 160
93 186
93 240
94 9
94 21
94 59
94 97
94 128
94 147
94 172
94 190
94 192
94 222
94 244
95 6
95 58
95 118
95 128
95 143
96 16
96 22
96 62
96 90
96 101
96 124
96 154
96 172
96 229
96 246
96 247
97 14
97 19
97 88
97 143
97 164
97 194
97 198
98 48
98 76
98 78
98 79
98 96
98 109
98 110
98 182
98 233
98 234
98 246
98 247
99 112
99 153
99 158
99 168
99 197
99 233
100 36
100 62
100 85
100 110
100 114
100 130
100 144
100 186
100 189
100 204
100 214
101 57
101 61
101 70
101 99
101 177
101 184
101 199
101 221
102 13
102 46
102 49
102 70
102 95
102 142
102 151
102 155
102 186
102 222
102 248
103 18
103 59
103 87
103 155
103 157
103 177
103 231
103 234
104 20
104 80
104 136
104 183
104 188
104 212
104 213
104 247
105 3
105 97
105 102
105 145
105 179
105 240
106 65
106 153
106 189
106 214
106 233
107 5
107 59
107 110
107 127
107 136
107 137
107 144
107 145
107 169
108 24
108 72
108 118
109 13
109 36
109 47
109 69
109 113
109 134
109 150
109 185
109 200
109 209
110 7
110 14
110 53
110 63
110 64
110 86
110 123
110 139
110 144
110 158
110 190
110 197
110 239
110 244
111 23
111 52
111 65
111 75
111 131
111 144
111 160
111 176
112 27
112 41
112 92
112 134
112 158
112 235
113 30
113 32
113 41
113 54
113 67
113 89
113 196
113 210
113 227
113 242
113 244
114 32
114 33
114 64
114 82
114 93
114 106
114 121
114 213
114 229
115 40
115 60
115 67
115 104
115 125
115 139
115 147
115 170
115 183
115 187
115 209
115 229
116 115
116 118
116 124
116 146
116 151
116 229
117 2
117 31
117 32
117 54
117 72
117 74
117 105
117 128
117 146
117 158
117 213
117 220
117 244
118 50
118 139
118 149
118 157
118 170
118 244
119 11
119 14
119 73
119 96
119 133
119 216
120 10
120 29
120 113
120 123
120 203
120 220
120 240
121 39
121 45
121 50
121 70
121 123
121 178
121 183
121 210
121 213
122 7
122 36
122 87
122 99
122 116
122 140
122 174
122 231
123 31
123 37
123 50
123 63
123 67
123 84
123 98
123 136
123 155
123 186
123 210
123 214
124 47
124 145
124 159
124 190
125 19
125 43
125 116
125 124
125 167
125 205
125 217
125 240
126 13
126 46
126 53
126 55
126 62
126 106
126 167
126 193
127 23
127 40
127 59
127 66
127 70
127 108
127 110
127 186
127 200
127 214
127 220
128 9
128 71
128 145
128 180
128 186
128 208
128 233
129 20
129 58
129 75
129 125
129 154
129 180
129 207
129 229
129 250
130 9
130 10
130 26
130 56
130 65
130 186
130 216
131 128
131 168
131 172
131 245
132 3
132 105
132 119
132 138
132 176
132 241
133 1
133 83
133 91
133 174
133 197
133 206
133 208
133 250
134 5
134 39
134 41
134 87
134 127
134 135
134 137
134 148
134 167
135 15
135 44
135 160
135 175
135 214
136 43
136 56
136 75
136 144
136 189
136 245
136 248
137 15
137 17
137 83
137 113
137 129
137 204
138 36
138 47
138 62
138 68
138 97
138 109
138 111
138 117
138 156
138 159
138 160
138 201
139 14
139 26
139 83
139 124
139 128
139 161
139 216
140 10
140 25
140 59
140 62
140 145
140 236
140 240
141 85
141 130
141 139
141 154
141 187
141 221
141 226
141 227
141 235
141 248
141 249
142 6
142 15
142 46
142 55
142 56
142 161
142 199
143 38
143 68
143 100
143 175
143 202
143 244
144 26
144 36
144 55
144 78
144 99
144 106
144 117
144 119
144 141
144 146
144 153
144 165
144 171
144 209
145 17
145 61
145 68
145 91
145 120
145 206
146 14
146 50
146 73
146 94
146 102
146 147
146 155
146 180
146 230
147 30
147 67
147 134
147 175
147 198
147 211
147 218
147 238
148 8
148 12
148 25
148 40
148 49
148 75
148 105
148 196
148 224
148 230
149 33
149 34
149 39
149 50
149 63
149 73
149 89
149 112
149 115
149 144
149 153
149 177
149 183
150 45
150 51
150 85
150 94
150 105
150 122
150 211
150 214
150 220
151 18
151 95
151 115
151 157
151 167
151 240
152 33
152 50
152 65
152 121
152 144
152 149
152 204
152 232
153 49
153 53
153 83
153 124
153 170
153 189
153 222
153 240
154 21
154 52
154 83
154 87
154 136
154 153
154 161
154 175
154 215
154 219
155 39
155 41
155 61
155 99
155 119
155 130
155 137
155 138
155 144
155 147
155 174
155 191
155 196
155 246
156 14
156 28
156 36
156 65
156 86
156 87
156 90
156 195
156 199
156 212
156 213
156 223
156 230
157 74
157 90
157 112
157 119
157 143
157 173
157 177
157 198
157 214
158 6
158 47
158 73
158 76
158 116
158 173
158 235
159 1
159 10
159 29
159 99
159 101
159 177
159 186
159 198
159 218
160 10
160 28
160 145
160 167
160 198
160 219
161 91
161 95
161 104
161 121
161 150
161 179
161 188
161 200
161 224
162 9
162 13
162 31
162 41
162 46
162 82
162 91
162 95
162 113
162 118
162 171
163 14
163 18
163 45
163 101
163 122
163 136
163 218
163 232
164 25
164 42
164 167
164 191
164 206
164 227
164 237
164 239
165 41
165 93
165 118
165 181
165 236
166 2
166 28
166 32
166 43
166 51
166 80
166 127
166 134
166 158
166 159
166 225
166 229
167 3
167 18
167 50
167 97
167 209
168 8
168 59
168 72
168 113
168 125
168 169
168 175
168 217
168 235
169 54
169 116
169 142
169 164
169 204
170 14
170 101
170 108
170 144
170 242
171 13
171 86
171 94
171 130
171 152
171 181
171 247
172 2
172 8
172 38
172 104
172 124
172 133
172 208
172 220
172 235
173 22
173 72
173 100
173 104
173 109
173 144
173 145
173 153
173 177
173 182
173 184
173 186
173 207
173 243
174 32
174 72
174 85
174 127
174 143
174 220
174 231
174 245
175 36
175 54
175 58
175 93
175 156
175 180
175 200
175 205
176 15
176 47
176 128
176 170
176 173
176 188
176 239
177 11
177 12
177 30
177 83
177 114
177 174
177 179
177 184
177 197
177 221
177 235
178 19
178 105
178 127
178 221
179 17
179 77
179 97
179 98
179 115
179 138
179 178
179 204
179 217
180 59
180 65
180 89
180 100
180 101
180 111
180 158
180 243
181 46
181 49
181 69
181 144
181 147
181 203
181 210
182 29
182 60
182 106
182 119
182 149
182 204
182 212
182 217
183 53
183 102
183 128
183 208
183 215
183 238
184 25
184 92
184 136
184 219
185 24
185 173
185 203
186 13
186 182
186 187
186 212
187 109
187 122
187 125
187 142
188 36
188 54
188 100
188 119
188 124
188 174
188 200
188 212
188 219
189 38
189 73
189 79
189 144
189 167
189 190
189 223
189 244
190 41
190 76
190 82
190 99
190 103
190 105
190 216
190 237
190 240
191 66
191 154
191 202
191 224
192 29
192 45
192 240
192 241
193 46
193 55
193 56
193 152
193 162
193 167
193 187
193 211
193 225
193 229
193 240
194 19
194 21
194 38
194 49
194 60
194 78
194 82
194 135
194 136
194 210
194 227
194 228
194 243
195 45
195 61
195 79
195 99
195 120
195 142
195 150
195 153
196 41
196 89
196 93
196 131
196 143
196 151
196 218
196 250
197 20
197 38
197 52
197 62
197 146
197 182
198 65
198 139
198 162
198 222
199 1
199 25
199 57
199 93
199 131
199 132
199 162
200 11
200 15
200 17
200 21
200 22
200 26
200 31
200 116
200 126
200 141
200 157
200 165
200 204
200 211
200 239
201 31
201 45
201 70
201 90
201 109
201 124
201 127
201 131
201 246
202 14
202 24
202 36
202 89
202 105
202 144
202 184
202 224
203 20
203 49
203 59
203 77
203 83
203 180
203 192
203 205
204 48
204 67
204 68
204 92
204 126
204 141
204 155
204 171
204 208
204 216
204 237
205 16
205 54
205 96
205 118
205 191
205 226
206 6
206 7
206 21
206 77
206 84
206 134
206 142
206 165
206 180
206 208
206 234
206 250
207 43
207 47
207 53
207 54
207 85
207 86
207 135
207 153
207 186
207 211
207 218
207 220
208 7
208 31
208 33
208 43
208 46
208 92
208 99
208 126
208 141
209 21
209 65
209 73
209 91
209 112
209 147
209 180
210 40
210 91
210 117
210 150
210 211
210 214
211 5
211 24
211 30
211 41
211 48
211 62
211 197
211 239
212 27
212 138
212 196
212 234
213 6
213 17
213 50
213 200
214 25
214 38
214 54
214 60
214 115
214 184
214 191
214 198
214 229
215 2
215 24
215 55
215 91
215 122
215 130
215 171
215 180
216 10
216 24
216 37
216 40
216 62
216 97
216 193
216 205
216 241
217 13
217 25
217 33
217 50
217 87
217 103
217 107
217 120
217 152
217 172
217 203
217 220
218 2
218 35
218 81
218 93
218 125
218 146
218 227
218 247
219 3
219 112
219 158
219 161
219 210
219 226
219 228
220 23
220 67
220 103
220 106
220 156
220 186
221 7
221 29
221 40
221 78
221 94
221 100
221 134
221 157
221 180
221 207
222 35
222 79
222 91
222 119
222 177
222 183
222 221
222 226
222 233
223 9
223 25
223 28
223 85
223 112
223 148
223 218
223 221
223 232
223 242
223 243
224 77
224 94
224 110
224 169
224 179
224 198
225 56
225 88
225 208
226 4
226 20
226 31
226 60
226 74
226 99
226 131
227 9
227 56
227 75
227 76
227 86
227 95
227 101
227 136
227 140
227 152
227 175
227 183
227 187
227 232
228 55
228 79
228 93
228 137
228 169
228 186
228 206
228 208
228 245
229 33
229 87
229 130
229 186
229 226
229 242
230 144
230 194
231 53
231 94
231 149
231 173
231 191
231 202
231 220
231 249
232 52
232 55
232 82
232 125
232 179
232 194
232 216
232 250
233 9
233 11
233 24
233 29
233 84
233 115
233 124
233 176
233 202
233 239
233 243
234 2
234 6
234 12
234 43
234 56
234 61
234 114
234 128
234 182
235 15
235 57
235 71
235 151
235 164
235 176
235 196
235 212
236 54
236 70
236 97
236 120
236 147
236 159
236 175
237 26
237 73
237 79
237 81
237 150
237 152
237 197
237 235
238 43
238 92
238 150
238 160
238 188
238 244
239 9
239 10
239 14
239 108
239 111
239 202
239 232
239 241
240 41
240 85
240 98
240 111
240 113
240 143
240 147
240 225
241 19
241 80
241 96
241 120
241 133
241 179
241 230
242 28
242 35
242 41
242 60
242 62
242 89
242 116
242 162
242 189
242 200
242 230
242 231
243 49
243 84
243 102
243 107
243 111
243 129
243 192
243 200
243 215
244 25
244 82
244 83
244 84
244 95
244 151
244 168
244 186
244 207
244 240
245 57
245 70
245 97
245 109
245 158
245 167
245 194
245 217
246 82
246 88
246 102
246 104
246 115
246 212
246 229
247 27
247 42
247 43
247 49
247 57
247 105
247 110
247 191
248 46
248 87
248 88
248 151
248 153
248 158
248 211
248 219
248 232
248 240
249 44
249 61
249 78
249 94
249 97
249 139
249 199
250 25
250 150
250 163
250 223
250 231

