250 750
7 10 1 12 4 60 41 77 14 10 1 9 13 9 11 1 15 3 24 88 32 6 22 18 16 64 18 36 15 3 15 32 9 15 2 34 11 10 28 1 46 2 40 4 13 25 13 34 2 16 32 62 25 9 6 68 1 46 56 1 13 21 15 34 18 96 46 12 12 31 40 1 94 4 4 14 1 15 3 10 8 1 30 15 9 6 45 8 5 21 21 4 5 17 1 3 13 42 26 107 14 8 9 7 54 41 23 8 5 31 9 14 3 4 37 11 21 15 17 7 3 27 32 7 9 26 42 4 4 22 8 113 1 8 28 2 2 12 30 15 7 6 11 8 21 9 35 16 1 3 11 36 12 16 59 1 2 17 42 7 28 166 2 5 44 6 27 8 1 25 4 18 45 8 31 20 5 6 3 32 21 19 18 20 73 32 4 27 12 19 8 10 37 18 13 28 6 1 15 36 38 28 30 40 15 22 16 23 26 28 16 2 7 5 28 10 51 5 6 4 11 32 19 34 8 1 13 7 1 29 1 52 19 3 4 7 65 6 10 199 1 10 6 15 66 9 24 17 27 9 
1 201
2 37
2 214
4 139
4 155
4 239
5 154
5 155
6 46
6 58
6 109
6 197
6 214
7 14
7 19
8 39
8 73
8 177
8 204
9 11
9 105
9 119
9 163
10 155
10 196
10 240
12 120
12 138
13 216
13 217
13 232
14 2
14 31
14 118
14 165
14 171
15 38
15 85
16 67
16 101
16 139
17 22
17 26
17 132
18 32
19 25
19 151
19 204
19 245
20 13
20 14
20 69
20 184
20 192
21 203
21 206
22 188
23 170
23 173
24 157
24 240
25 98
26 103
26 132
26 181
26 225
27 8
27 90
27 223
28 18
28 50
28 59
28 154
28 160
29 66
29 142
29 217
30 12
30 151
30 165
31 62
31 143
32 9
32 19
32 95
32 160
33 140
33 189
33 225
34 100
34 145
34 249
35 192
35 214
36 84
36 185
38 118
38 155
38 207
39 20
39 72
41 29
41 216
41 220
42 189
43 8
43 70
43 106
43 126
43 139
44 12
44 166
45 143
45 221
46 61
46 121
46 140
46 178
47 56
47 183
48 67
48 187
48 218
49 75
50 147
50 218
52 4
52 13
52 90
52 107
52 158
52 241
53 4
53 6
53 148
53 186
54 36
54 69
54 87
54 116
55 151
55 199
56 33
56 88
56 89
56 150
56 186
57 46
57 208
57 228
58 26
58 202
58 215
58 240
59 36
59 81
59 95
59 205
59 232
61 31
61 164
61 192
61 202
62 21
62 23
62 117
62 153
62 173
62 220
63 57
63 240
64 155
64 167
64 229
65 19
65 35
65 132
65 194
66 80
66 95
66 103
66 108
66 222
67 68
67 222
68 236
69 68
69 106
69 247
70 25
70 51
70 135
70 158
70 186
71 30
71 56
71 89
71 153
71 193
72 21
72 54
73 19
73 34
73 42
73 125
73 166
73 196
73 202
74 64
74 75
74 247
75 98
75 121
76 51
76 127
76 199
78 229
78 232
79 83
80 18
80 75
81 16
81 192
81 237
83 96
83 130
83 211
84 24
84 124
84 221
85 235
86 64
86 203
86 235
86 240
87 10
87 30
87 179
87 204
87 245
88 78
88 152
89 37
89 41
89 183
90 14
90 137
90 173
90 195
90 240
91 66
91 93
91 106
91 201
92 27
92 46
92 95
92 102
93 7
94 141
94 178
94 194
95 45
95 225
95 237
97 12
97 53
97 108
97 122
97 203
98 21
98 51
98 151
98 175
98 187
99 9
99 132
99 152
99 217
99 224
100 8
100 73
100 132
100 152
100 167
100 231
101 83
101 147
101 208
101 220
102 7
102 28
103 224
104 65
104 91
105 1
105 21
105 56
105 175
105 201
105 250
106 95
106 112
106 136
106 230
107 39
107 168
107 199
107 200
108 164
109 48
109 66
109 105
109 232
110 24
110 67
110 69
110 139
110 146
111 97
111 167
111 176
112 23
112 48
112 171
113 181
114 200
115 140
115 184
115 223
116 37
116 68
116 132
117 31
117 143
117 162
118 39
118 67
119 15
119 34
120 27
120 34
120 235
121 115
122 26
122 60
122 90
122 203
122 213
122 217
122 237
123 38
123 71
123 136
123 144
124 23
124 72
124 88
124 222
125 162
126 109
126 147
126 223
127 33
127 46
127 73
128 98
128 207
128 220
129 6
129 20
130 129
130 149
131 6
131 123
131 227
132 8
132 24
132 46
132 81
133 164
134 10
134 61
134 165
134 247
135 27
135 66
135 195
135 204
136 95
137 122
139 199
139 240
140 63
140 183
141 125
141 215
142 150
142 159
143 151
143 164
143 248
144 55
144 100
145 160
145 224
146 64
146 204
147 38
147 156
147 204
147 217
148 32
148 97
148 160
149 68
150 188
150 196
151 100
151 195
152 6
152 172
153 50
153 89
154 56
154 115
154 175
154 228
155 21
155 59
156 200
156 249
157 3
158 98
159 114
159 202
159 210
159 249
160 22
160 59
160 100
161 20
161 87
161 155
161 181
162 3
162 17
162 32
162 74
162 86
162 95
162 115
162 128
162 231
163 147
164 92
164 127
164 165
165 55
165 86
165 90
165 112
165 173
165 244
166 40
166 41
167 110
167 161
167 178
167 215
168 18
169 53
169 72
169 104
170 52
170 119
170 153
170 186
170 215
171 82
171 169
172 18
172 83
172 205
173 15
173 26
173 57
173 119
174 135
174 211
175 12
175 16
175 63
175 77
175 133
175 208
176 56
176 108
176 181
176 182
176 185
177 87
177 174
179 21
179 99
179 127
180 162
180 170
180 182
180 186
180 232
181 7
181 14
182 37
182 113
182 162
183 63
183 210
183 236
184 15
184 43
184 178
184 249
185 51
185 76
185 87
185 108
185 126
185 202
185 250
186 37
186 51
186 60
186 138
186 150
186 191
186 232
187 111
188 2
188 13
188 31
188 104
188 130
188 169
188 178
188 242
189 1
189 39
189 120
190 14
190 51
190 236
190 241
191 27
191 41
191 45
191 78
191 92
191 245
192 95
192 145
193 58
193 163
193 170
193 185
193 239
194 7
194 128
195 158
196 2
196 11
196 16
196 71
196 132
196 215
197 145
197 176
197 188
197 190
197 240
198 200
199 8
199 162
200 20
200 36
200 38
200 67
200 112
200 212
200 213
201 45
201 76
201 125
201 228
202 79
202 104
202 113
202 168
203 18
203 32
203 240
203 245
204 2
204 119
204 126
204 174
205 7
205 43
205 105
205 191
205 193
205 230
206 126
206 162
206 219
206 221
207 138
207 159
207 160
207 181
207 194
208 24
208 169
209 6
209 28
209 47
209 76
209 133
209 153
209 231
210 54
210 180
210 204
211 96
211 194
212 15
212 43
212 87
213 20
214 14
214 130
214 168
214 240
214 242
215 47
215 48
216 119
216 122
216 183
217 216
217 229
217 243
218 104
218 138
218 141
219 12
219 92
220 36
220 207
220 215
221 31
221 119
221 187
222 57
222 210
222 218
222 230
223 123
224 153
224 184
224 189
225 94
226 44
226 78
226 156
226 178
227 53
227 144
227 170
227 172
227 184
228 20
228 136
228 195
228 224
229 243
230 27
230 49
230 63
230 72
231 43
231 169
231 220
231 229
231 245
232 143
232 223
233 31
233 117
233 165
233 237
234 52
234 83
235 161
237 24
237 52
237 94
237 118
237 133
237 176
238 6
238 68
238 80
238 93
238 250
239 116
239 165
239 185
240 17
240 94
240 126
240 128
240 152
241 60
241 85
242 229
243 213
244 36
244 115
244 242
245 42
245 58
245 119
245 159
246 9
246 25
246 103
247 119
247 179
247 202
248 47
248 66
248 98
248 100
248 127
248 158
249 16
249 41
249 230
250 233

