50 750
511 144 455 547 94 103 655 109 265 946 416 211 368 463 663 750 264 257 111 341 871 337 216 408 241 769 383 181 30 905 448 430 505 650 871 317 361 198 186 449 146 602 17 85 185 396 738 575 339 1147 
1 4
1 5
1 12
1 13
1 18
1 19
1 20
1 29
1 31
1 40
1 44
1 47
1 49
2 1
2 4
2 6
2 8
2 9
2 11
2 12
2 22
2 26
2 28
2 32
2 33
2 34
2 39
2 43
2 44
2 45
2 46
2 47
2 48
3 1
3 5
3 10
3 15
3 16
3 17
3 19
3 24
3 25
3 33
3 38
3 41
3 42
3 44
4 6
4 9
4 15
4 16
4 17
4 18
4 24
4 26
4 36
4 45
4 46
4 48
5 4
5 6
5 8
5 16
5 19
5 27
5 28
5 29
5 35
5 44
5 49
5 50
6 25
6 27
6 29
6 31
6 33
6 42
6 43
6 45
7 2
7 3
7 5
7 8
7 21
7 25
7 33
7 34
7 35
7 36
7 50
8 1
8 3
8 4
8 9
8 10
8 12
8 13
8 14
8 15
8 20
8 22
8 23
8 24
8 26
8 29
8 31
8 32
8 33
8 40
8 41
8 45
9 6
9 10
9 12
9 13
9 32
9 35
9 36
9 38
9 40
9 42
9 48
9 50
10 1
10 2
10 6
10 7
10 14
10 15
10 16
10 18
10 20
10 24
10 27
10 32
10 34
10 39
10 41
10 45
10 46
10 47
10 50
11 1
11 3
11 5
11 8
11 9
11 15
11 20
11 21
11 22
11 25
11 28
11 32
11 34
11 35
11 41
11 44
11 50
12 10
12 14
12 17
12 19
12 20
12 26
12 28
12 32
12 33
12 38
12 44
12 47
12 50
13 2
13 4
13 5
13 6
13 7
13 10
13 16
13 22
13 27
13 29
13 30
13 31
13 35
13 36
13 44
13 45
13 48
13 50
14 5
14 7
14 9
14 13
14 20
14 26
14 29
14 31
14 32
14 42
14 47
14 49
14 50
15 5
15 6
15 18
15 20
15 21
15 24
15 29
15 35
15 42
15 49
15 50
16 6
16 7
16 8
16 14
16 17
16 19
16 21
16 23
16 27
16 28
16 30
16 31
16 34
16 37
16 40
16 43
16 45
16 50
17 2
17 5
17 8
17 9
17 11
17 13
17 14
17 15
17 19
17 21
17 22
17 23
17 24
17 26
17 31
17 33
17 35
17 41
17 43
17 47
17 48
17 49
17 50
18 2
18 3
18 7
18 8
18 9
18 13
18 16
18 17
18 19
18 21
18 23
18 25
18 33
18 35
18 38
18 41
18 43
18 44
18 50
19 13
19 15
19 24
19 32
19 34
19 36
19 38
19 39
19 41
19 43
20 5
20 6
20 13
20 16
20 19
20 22
20 25
20 28
20 30
20 32
20 33
20 34
20 36
20 37
20 42
20 45
20 47
20 48
20 49
21 1
21 2
21 3
21 4
21 6
21 9
21 10
21 12
21 19
21 24
21 25
21 26
21 29
21 36
21 42
22 1
22 7
22 9
22 14
22 15
22 18
22 19
22 21
22 34
22 35
22 36
22 39
22 47
22 48
22 49
23 1
23 3
23 4
23 10
23 14
23 15
23 19
23 21
23 22
23 24
23 30
23 34
23 35
23 39
23 40
23 42
23 43
23 45
24 2
24 13
24 16
24 28
24 30
24 36
24 46
24 47
24 49
25 2
25 4
25 9
25 10
25 12
25 14
25 16
25 19
25 22
25 35
25 36
25 40
25 45
25 47
25 50
26 3
26 7
26 9
26 10
26 15
26 19
26 30
26 32
26 34
26 36
26 38
26 40
26 42
26 43
26 46
26 48
26 50
27 2
27 3
27 11
27 14
27 17
27 24
27 28
27 30
27 37
27 39
27 40
27 43
27 49
28 1
28 4
28 7
28 8
28 9
28 17
28 21
28 22
28 29
28 31
28 32
28 34
28 35
28 39
28 43
28 44
28 47
29 4
29 7
29 11
29 12
29 16
29 17
29 18
29 20
29 23
29 25
29 26
29 30
29 31
29 32
29 33
29 34
29 36
29 41
29 42
29 44
29 49
29 50
30 1
30 2
30 3
30 4
30 5
30 6
30 7
30 10
30 11
30 12
30 14
30 17
30 18
30 25
30 28
30 33
30 39
30 42
31 2
31 3
31 4
31 15
31 18
31 20
31 21
31 25
31 26
31 27
31 33
31 34
31 39
31 40
31 42
31 44
32 3
32 5
32 7
32 17
32 22
32 23
32 27
32 31
32 33
32 34
32 43
32 47
33 4
33 9
33 14
33 16
33 22
33 26
33 28
33 34
33 36
33 37
33 38
34 1
34 3
34 4
34 5
34 6
34 14
34 24
34 42
34 43
34 45
34 46
34 47
34 48
35 3
35 4
35 10
35 20
35 21
35 29
35 30
35 31
35 34
35 36
35 42
35 44
35 46
35 49
36 2
36 5
36 10
36 11
36 14
36 15
36 23
36 27
36 37
36 39
36 45
36 46
37 2
37 7
37 9
37 13
37 14
37 19
37 21
37 24
37 28
37 30
37 31
37 32
37 35
37 45
37 47
37 48
37 49
38 2
38 5
38 7
38 8
38 17
38 20
38 21
38 24
38 27
38 29
38 32
38 35
38 48
38 49
39 1
39 3
39 7
39 14
39 16
39 24
39 25
39 26
39 32
39 33
39 35
39 40
39 42
39 43
39 49
40 6
40 11
40 12
40 13
40 14
40 15
40 19
40 24
40 28
40 29
40 33
40 35
40 38
40 42
40 48
41 4
41 6
41 9
41 16
41 21
41 26
41 28
41 30
41 32
41 33
41 34
41 35
41 37
41 43
41 44
41 47
41 49
41 50
42 1
42 12
42 22
42 28
42 36
42 37
42 38
42 46
42 47
43 1
43 3
43 4
43 5
43 13
43 14
43 15
43 20
43 21
43 22
43 24
43 25
43 31
43 35
43 36
43 37
43 38
43 42
43 44
43 46
43 48
43 50
44 4
44 8
44 10
44 17
44 21
44 22
44 24
44 26
44 32
44 34
44 37
44 45
44 50
45 7
45 15
45 17
45 18
45 19
45 24
45 28
45 35
45 40
45 41
45 42
45 46
45 47
45 49
46 3
46 5
46 7
46 8
46 11
46 12
46 15
46 20
46 22
46 23
46 31
46 32
46 33
46 38
46 40
46 44
47 4
47 8
47 13
47 15
47 19
47 21
47 23
47 29
47 36
47 38
47 48
48 1
48 3
48 6
48 10
48 12
48 15
48 16
48 23
48 27
48 28
48 31
48 32
48 36
48 39
48 44
48 46
48 50
49 3
49 8
49 12
49 16
49 21
49 23
49 25
49 28
49 30
49 32
49 36
49 42
49 44
49 46
50 1
50 2
50 4
50 6
50 20
50 22
50 30
50 32
50 34
50 36
50 37
50 40
50 42
50 45
50 46

