300 500
2 5 15 28 9 1 1 25 4 11 5 2 2 5 4 4 3 4 13 1 7 1 5 2 3 12 1 4 5 8 31 14 3 6 1 1 2 9 1 4 2 36 1 1 9 6 1 14 17 12 1 3594245044 3 1 2 1 1 2 25 26 1758893809 10 4 8 7 1 20 13 2 4 15 1 1 1 4 24 4 1 4 4 8 3 2 1 16 3 4 61 2 2 38 1 4 1 7 6 1 61 2 12 1 24 4 9 6 2 2 13 17 8 1 533526612 12 35 3 7 4 16 1 2 13 3 1 1 16 8 2 8 5 1 3 3 1 4 15 4 11 28 25 14 1 5 18 15 4 778922962 6 3 5 5 1 8 3 11 1 11 3 10 5 4 16 1 363541033 35 5 7 1 24 40 5 1 1 64 1 3 8 1 1 6 7 6 28 3 1 8 4 35 1 9 4 7 32 18 13 2 7 1 2 6 5 1 4 1 2 2 1 1 4 11 1 16 5 6 1 1 1 7 5 24 8 9 24 10 9 2 3 11 20 3776357836 1 10 1 10 2 1 17 3 1 2 3 2 16 9 1 1 12 7 13 1 1 3 1 2 2 1 3 2 4 10 4 1 1278982191 25 114 4 7 1 2 3776892901 1 2 6 1 10 2 1 3 4 40 1 2 13 8 7 1 14 4 39 9 1 23 1 8 32 4 3 3 3 4 2 
1 19
1 259
2 71
2 264
4 13
4 79
4 167
4 170
4 265
5 131
5 241
8 153
8 157
8 202
9 89
9 91
10 45
11 31
11 91
13 263
14 27
14 140
14 293
15 241
16 97
16 118
16 264
17 14
17 173
18 118
19 41
19 148
19 243
20 3
21 76
22 147
23 44
23 86
24 218
25 84
25 145
26 64
27 194
28 67
28 192
29 78
29 241
29 273
31 24
31 107
31 138
31 212
32 136
32 239
34 30
34 236
35 282
35 283
37 44
39 69
39 177
40 212
41 49
42 58
42 223
42 289
45 46
45 173
45 195
46 148
48 212
48 289
49 176
50 110
50 265
53 3
54 201
55 134
56 78
57 102
59 170
59 246
59 272
60 9
60 32
60 41
62 120
63 161
64 16
65 59
65 81
65 93
65 167
65 273
66 140
66 244
67 60
67 98
67 180
68 173
68 177
69 283
70 114
70 145
70 261
71 15
71 193
71 210
73 49
74 228
75 204
75 246
76 27
76 103
76 137
80 187
80 217
81 50
81 55
81 106
81 215
82 223
82 230
83 77
83 157
84 21
84 39
85 50
85 138
85 227
87 81
88 2
88 60
88 115
88 152
88 154
88 231
90 188
91 121
91 183
91 212
92 5
93 26
93 30
93 285
94 226
95 91
95 179
96 171
96 247
97 12
97 25
98 23
98 31
98 148
98 182
98 291
100 192
100 204
100 278
102 2
102 200
103 49
103 188
104 40
104 103
104 242
105 246
106 109
107 102
107 222
107 289
108 240
108 277
108 294
109 23
109 38
109 49
109 121
110 241
111 139
113 31
113 68
113 193
113 222
114 7
114 111
114 192
116 182
117 135
117 187
117 255
117 257
118 169
118 228
118 274
120 116
120 185
121 96
121 178
122 72
122 76
124 53
124 241
125 95
126 282
127 292
128 101
128 126
128 231
128 263
129 195
129 223
129 242
132 175
134 31
134 227
136 25
136 133
137 91
137 105
137 219
138 10
138 75
138 264
139 10
139 64
139 193
141 151
142 21
142 125
143 70
143 104
143 148
144 60
144 77
145 241
145 253
147 233
149 180
150 81
150 180
150 274
152 48
152 200
152 288
154 102
154 135
154 188
155 12
156 145
156 227
157 132
157 236
158 140
159 33
161 48
161 89
161 156
161 182
162 226
164 160
164 174
164 243
164 270
165 44
165 158
166 51
166 274
167 113
168 208
168 274
169 88
169 226
169 264
170 172
173 116
173 174
173 285
175 3
175 60
175 142
175 259
176 105
176 153
177 31
179 37
181 135
181 260
183 212
184 99
185 147
186 42
186 89
187 108
187 149
187 164
189 13
189 46
189 100
192 34
192 121
192 165
193 161
194 85
194 152
194 169
195 223
196 160
197 77
197 286
198 67
198 222
199 111
199 196
199 233
200 62
202 179
203 59
203 168
204 50
204 53
204 68
204 130
204 139
204 144
204 223
205 70
205 295
207 275
208 182
209 172
209 189
209 233
211 87
211 123
211 242
211 248
213 17
213 26
213 43
213 143
214 105
214 166
214 266
215 48
216 237
217 134
218 209
218 211
219 37
219 86
219 108
220 90
220 172
221 79
221 185
222 125
222 205
223 250
224 63
224 149
224 159
225 32
226 77
227 168
227 273
228 30
228 140
228 181
230 118
231 45
231 49
232 182
233 125
233 135
234 6
234 144
235 282
236 18
236 221
237 168
238 62
240 143
240 190
242 100
243 94
243 266
244 36
244 47
244 114
244 191
244 236
245 219
245 239
246 4
246 193
247 8
248 156
248 294
249 248
251 26
251 45
252 259
253 153
253 173
254 158
254 167
255 169
255 288
256 50
258 3
258 220
259 182
260 31
260 37
260 158
260 225
263 164
263 253
264 88
264 119
264 231
264 258
264 263
264 291
265 62
265 122
265 148
266 166
267 68
268 126
270 87
270 122
271 192
272 42
272 196
273 10
275 233
276 114
277 7
277 217
278 99
278 129
278 190
278 206
278 264
279 11
279 33
279 67
279 80
279 122
279 127
279 280
281 25
281 76
281 86
281 173
281 212
281 263
282 230
283 122
284 12
284 202
284 286
286 58
286 98
286 99
286 138
287 42
287 84
288 131
288 169
288 191
288 256
288 291
289 195
290 38
291 38
291 187
291 257
292 50
293 19
293 271
294 115
294 170
294 191
294 247
295 98
296 256
296 265
297 110
297 157
298 85
298 109
298 268
299 8
299 159
300 19
300 81

