300 250
1 1 6 2 1 21 1603540445 4 6 3 1102582837 8 2 7 3 4 1 1 1 1 4272847658 1 327727262 4 1 3954385145 10 1 3780959542 1 1339234179 1 1 1 6 3 1 1 1 1 1 1 1489460659 5 1658446163 3 1 3902991754 1 2 1 4 1 1 1 2 1 5 2500489361 2 7 2482076215 4 5 10 3 8 1 7 896409072 13 4 1 1 1938289060 1407115967 3264189424 1 2 4 4 2 1 4140900806 1 3083574125 1 3250846641 1 4 1 1 9 1 1981916479 2972206610 2 1 4 1 9 33 3334521352 4 2363034706 3 1 16 1 1 11 1 4 4 1 1 5 4 4 5 1 2 3913357118 3632754929 1 1 1 2147989568 1 1 1 8 3692925108 3118036469 1593437150 7 1 1 1 6 9 4 2 4 2975645661 3505945407 1 1 2 1 1 9 1 2 5 327430389 1 1 1 2154594672 1 1 5 1 1708141207 1 394922260 1058101600 3 971659369 13 2648382246 3 885696376 4 2 3 1 1 16 1 3221867303 14 1 1 4 1 7 1374232677 15 1 3302170125 1 2 1 8 3715248457 3 1 3 1 3 3 3 4 10 1 4 1 1 3192460986 1148093682 3 3643088767 1 4196710738 1 4 2 2304660176 2742312950 4 3 1 7 1 2 3 1039797022 3817206006 12 3 2 1 8 4 1 1 1 1 4 1 2 1 2 1 229411804 1 3 2 1 1 4147717190 4 3019363595 1 3 4 4 4 1 3 1 3 1 1 1 6 4 3 1 1 1 9 266268867 795538254 1 5 1 11 110169619 1 1 1 3 3170044617 2310009896 1 1 9 1 1356926382 1 4046116631 1 3 4 1 1 1 
1 111
3 56
3 251
5 225
6 184
8 111
9 41
9 280
12 93
13 4
13 269
14 110
14 278
14 291
16 106
17 82
18 113
20 108
25 66
27 65
27 72
27 200
28 234
34 46
35 2
35 4
36 171
37 140
38 204
40 223
42 191
44 106
44 111
47 144
50 264
51 111
52 262
53 153
54 137
54 265
56 163
57 69
57 99
58 19
58 54
60 61
61 102
63 67
63 109
64 81
64 293
65 282
66 111
68 194
69 16
69 65
71 93
71 153
71 157
71 249
73 102
79 166
80 210
81 6
81 231
82 162
82 274
85 163
90 114
93 108
94 15
97 119
98 10
101 64
101 92
102 254
104 102
104 108
104 171
108 254
109 12
109 196
109 213
109 298
110 296
112 136
114 18
115 183
116 9
117 79
117 203
120 129
120 218
121 140
122 12
125 289
126 28
127 257
130 202
136 132
136 147
138 40
140 277
141 144
143 79
147 16
148 141
149 67
149 279
151 30
152 224
152 245
154 101
154 163
154 178
154 280
155 32
155 261
159 271
161 177
164 8
166 6
166 83
166 180
169 142
169 148
169 235
171 132
173 213
173 267
175 72
175 143
176 79
176 262
177 274
179 223
180 27
180 33
180 188
181 58
183 140
183 256
183 261
185 130
186 93
186 142
187 119
188 24
190 155
190 158
190 291
190 296
193 6
194 122
195 44
196 24
196 207
198 112
198 242
199 52
201 131
202 74
206 99
206 139
206 268
208 36
208 200
209 102
209 143
215 35
215 175
217 130
218 6
219 78
219 132
222 39
222 89
225 46
225 205
226 50
226 122
226 251
227 152
228 166
228 218
231 61
231 203
233 67
233 204
235 219
235 241
236 60
236 235
237 100
239 90
240 22
240 209
241 120
243 118
243 263
244 232
245 113
245 283
246 15
248 151
249 3
250 91
250 231
250 274
252 118
257 147
258 141
258 150
259 80
260 269
261 296
262 55
264 118
266 290
267 259
268 171
268 232
270 205
270 206
271 188
272 176
273 82
277 114
277 117
277 177
278 97
278 142
279 63
280 10
280 12
284 260
285 87
285 102
285 107
288 65
290 60
290 227
295 38
295 218
297 153
297 238
297 293
299 49
299 171
300 231

