100 250
5 1 15 36 2 89 11 16 37 2 20 9 19 20 16 45 2 28 48 35 15 1 12 47 25 6 33 24 31 1 14 16 3 1 33 25 29 27 56 2 3 14 2 24 1 21 5 18 19 2 26 4 41 23 5 2 11 6 10 1 19 7 1 1 16 16 36 18 2 6 12 2 12 6 44 7 3 13 5 9 9 9 48 3 66 59 8 7 6 2 11 20 19 17 1 13 2 9 3 6 
1 13
1 21
2 9
2 100
3 20
3 44
4 38
4 39
4 67
4 75
4 100
5 18
6 1
6 25
6 66
6 94
7 77
8 28
8 87
9 79
9 81
11 12
11 18
11 53
12 41
12 97
13 14
13 46
13 83
14 27
14 31
14 83
14 92
15 16
15 32
15 36
15 68
16 31
16 48
16 51
16 52
16 61
17 48
19 22
19 29
19 47
19 69
19 79
20 75
20 83
20 94
21 19
21 57
22 65
22 82
23 51
23 55
23 69
24 27
24 31
24 91
25 7
25 93
25 94
26 57
27 47
27 75
27 86
27 99
28 35
28 47
29 6
29 49
29 50
29 66
30 4
30 10
30 29
31 25
31 65
33 71
34 28
34 43
34 75
34 86
35 18
35 43
35 56
35 87
36 5
36 38
36 49
36 100
37 30
37 48
37 58
37 79
37 86
38 22
38 31
38 33
38 37
38 44
38 85
39 18
39 28
39 81
39 90
39 97
40 11
40 38
41 100
42 60
42 91
43 26
43 72
44 6
44 54
44 69
44 71
45 5
45 39
45 79
46 27
46 30
47 15
47 98
48 20
48 83
49 12
49 47
49 52
49 54
50 18
50 22
50 64
51 59
51 69
51 72
52 23
52 57
52 85
53 24
53 32
53 36
53 42
53 67
54 26
54 28
54 78
55 85
56 80
57 18
58 16
58 50
58 60
58 77
59 21
59 75
60 24
60 39
61 30
61 46
61 49
62 39
62 71
62 78
64 17
65 44
65 73
66 54
67 3
67 6
67 57
67 89
68 7
68 10
68 13
68 93
70 6
70 97
71 49
73 6
73 35
73 79
73 88
74 14
74 24
74 70
75 13
75 32
75 48
75 57
76 6
76 16
77 28
77 66
78 4
80 24
80 50
80 55
81 18
81 56
82 36
82 78
82 86
83 9
83 59
83 94
84 8
84 85
84 90
85 7
85 16
85 19
85 57
85 83
85 100
86 32
86 61
86 66
86 79
87 3
87 13
88 9
89 21
89 76
91 11
91 20
91 65
92 2
92 6
92 8
92 9
93 9
93 18
94 51
94 64
95 92
96 7
96 60
96 88
96 93
97 46
97 63
98 26
98 42
99 53
100 26
100 59

