300 5000
45 779 882 367 134 1446 933 281 515 850 192 145 320 1592 11 780 140 467 591 709 152 137 453 424 618 259 184 470 110 961 726 1296 768 257 171 788 774 536 400 941 73 684 400 612 180 249 290 514 70 252 853 717 737 263 46 1304 1496 392 9 76 84 1010 1224 527 401 94 285 1111 182 1342 451 490 901 1106 970 821 401 437 733 1048 106 124 394 110 711 45 753 186 474 1206 869 274 733 1416 391 1050 21 585 21 358 870 196 55 737 557 528 657 602 352 446 589 53 998 233 387 80 297 670 350 564 90 299 337 116 481 40 850 170 400 124 875 86 50 122 261 895 989 473 1340 781 762 630 103 517 555 228 935 125 20 1077 856 765 180 285 588 665 68 538 1763 417 234 861 923 708 543 389 1564 523 487 1306 242 1411 491 407 265 58 726 96 1149 162 1557 241 206 517 580 235 13 651 391 612 300 368 516 803 383 1214 386 448 788 650 1232 1139 320 643 631 208 831 747 193 119 30 295 1423 977 17 579 182 366 1192 502 246 331 1121 544 438 554 959 702 877 826 385 571 266 625 433 348 800 233 306 132 335 1388 1141 1020 1011 552 284 207 159 639 1136 8 204 1252 76 1324 610 306 190 189 538 882 603 129 438 366 431 1007 742 528 1078 663 62 216 530 313 1314 1327 1653 395 525 325 512 181 716 428 62 1100 970 267 37 292 224 265 354 610 768 440 1561 1048 
1 4
1 11
1 62
1 71
1 73
1 79
1 90
1 101
1 106
1 109
1 149
1 150
1 166
1 172
1 196
1 200
1 235
1 238
1 243
1 282
1 290
2 70
2 98
2 130
2 159
2 169
2 175
2 207
2 219
2 235
2 269
2 272
2 280
3 19
3 50
3 55
3 57
3 119
3 122
3 149
3 180
3 191
3 200
3 226
3 257
3 281
3 288
4 33
4 59
4 65
4 84
4 112
4 125
4 127
4 130
4 170
4 206
4 231
4 257
4 270
4 273
4 296
4 299
5 2
5 11
5 59
5 102
5 120
5 133
5 160
5 181
5 200
5 220
5 230
5 231
5 275
5 291
6 4
6 22
6 24
6 46
6 50
6 61
6 87
6 114
6 151
6 157
6 163
6 175
6 190
6 199
6 228
6 237
6 276
7 26
7 39
7 89
7 109
7 122
7 131
7 168
7 173
7 195
7 202
7 210
7 248
7 272
7 277
7 285
8 14
8 23
8 47
8 51
8 77
8 83
8 93
8 142
8 209
8 243
8 253
8 258
8 276
8 288
8 295
8 299
9 7
9 23
9 26
9 86
9 89
9 91
9 94
9 126
9 160
9 172
9 224
9 236
10 4
10 9
10 11
10 27
10 40
10 41
10 77
10 108
10 116
10 133
10 151
10 172
10 186
10 193
10 215
10 217
10 221
10 222
10 274
11 6
11 32
11 60
11 94
11 176
11 187
11 231
11 239
11 247
11 248
11 261
11 279
12 5
12 53
12 80
12 84
12 128
12 131
12 158
12 161
12 163
12 170
12 174
12 178
12 182
12 183
12 211
12 213
12 235
12 266
12 272
12 292
12 294
12 296
13 12
13 21
13 27
13 73
13 83
13 93
13 95
13 102
13 105
13 107
13 135
13 167
13 172
13 207
13 233
13 237
13 289
13 291
13 293
13 297
13 299
14 2
14 13
14 27
14 30
14 49
14 54
14 61
14 64
14 73
14 82
14 122
14 131
14 150
14 193
14 210
14 211
14 225
14 251
14 252
14 254
15 31
15 40
15 46
15 65
15 69
15 79
15 98
15 102
15 177
15 210
15 239
15 267
15 268
15 286
15 292
16 14
16 121
16 130
16 140
16 141
16 142
16 171
16 218
16 264
16 286
17 7
17 21
17 33
17 61
17 77
17 93
17 107
17 116
17 118
17 132
17 153
17 174
17 180
17 183
17 185
17 188
17 226
17 227
17 255
17 276
18 6
18 25
18 50
18 86
18 98
18 107
18 112
18 114
18 150
18 176
18 210
18 214
18 217
18 222
18 228
18 233
18 236
18 238
18 255
18 268
18 281
18 291
19 36
19 37
19 53
19 72
19 73
19 85
19 95
19 125
19 146
19 187
19 188
19 192
19 202
19 251
19 256
19 262
19 297
20 11
20 28
20 37
20 44
20 58
20 78
20 105
20 119
20 141
20 142
20 170
20 202
20 214
20 235
20 270
20 277
20 296
21 2
21 57
21 88
21 107
21 110
21 120
21 178
21 180
21 187
21 210
21 231
21 263
21 272
21 273
21 294
22 39
22 73
22 80
22 154
22 164
22 167
23 7
23 40
23 47
23 53
23 97
23 98
23 102
23 103
23 123
23 132
23 155
23 201
23 208
23 213
23 245
23 290
23 291
23 297
23 300
24 14
24 41
24 66
24 75
24 114
24 128
24 141
24 194
24 201
24 210
25 58
25 62
25 72
25 124
25 126
25 130
25 151
25 158
25 169
25 172
25 196
25 205
25 247
25 278
25 291
26 6
26 48
26 55
26 89
26 96
26 107
26 114
26 155
26 159
26 168
26 178
26 181
26 182
26 200
26 210
26 220
26 225
26 233
26 237
26 239
26 245
26 252
26 265
26 299
27 11
27 18
27 35
27 83
27 95
27 101
27 140
27 141
27 148
27 164
27 216
27 229
27 245
27 263
27 281
28 23
28 24
28 40
28 64
28 70
28 85
28 123
28 154
28 180
28 182
28 209
28 252
28 262
29 1
29 3
29 45
29 50
29 109
29 121
29 154
29 156
29 167
29 178
29 227
29 242
29 254
29 269
29 274
29 275
29 295
30 5
30 44
30 55
30 78
30 116
30 148
30 166
30 171
30 186
30 209
30 231
30 236
30 256
30 271
30 274
30 281
30 294
31 5
31 24
31 26
31 32
31 42
31 48
31 49
31 64
31 98
31 137
31 148
31 149
31 166
31 168
31 177
31 267
31 274
31 284
31 287
31 300
32 1
32 3
32 5
32 7
32 35
32 71
32 72
32 78
32 79
32 83
32 86
32 160
32 172
32 174
32 179
32 183
32 221
32 225
32 227
32 255
33 28
33 68
33 111
33 145
33 166
33 168
33 176
33 198
33 200
33 246
33 249
33 269
33 282
33 289
34 35
34 39
34 70
34 79
34 112
34 114
34 125
34 158
34 159
34 173
34 197
34 261
34 267
34 289
34 300
35 6
35 55
35 122
35 148
35 176
35 221
35 231
35 287
35 299
36 39
36 40
36 57
36 78
36 82
36 88
36 152
36 153
36 165
36 193
36 199
36 270
36 272
36 275
36 284
36 288
37 14
37 109
37 129
37 131
37 140
37 147
37 155
37 159
37 160
37 163
37 202
37 203
37 224
37 230
37 272
37 276
37 281
37 291
38 31
38 54
38 64
38 76
38 104
38 110
38 112
38 114
38 118
38 130
38 162
38 216
38 232
38 240
38 245
38 247
38 259
38 271
38 280
38 282
39 3
39 20
39 21
39 35
39 97
39 163
39 175
39 186
39 202
39 238
39 278
39 280
40 18
40 41
40 71
40 86
40 101
40 103
40 137
40 139
40 150
40 206
41 16
41 23
41 28
41 46
41 54
41 56
41 63
41 79
41 108
41 113
41 124
41 140
41 196
41 200
41 222
41 223
41 254
41 258
41 293
41 299
41 300
42 8
42 39
42 53
42 85
42 101
42 115
42 154
42 158
42 170
42 176
42 182
42 204
42 248
42 252
42 256
42 265
42 293
42 295
43 5
43 20
43 51
43 54
43 95
43 112
43 125
43 132
43 142
43 149
43 157
43 166
43 167
43 172
43 193
43 249
43 268
43 271
43 276
44 15
44 128
44 168
44 192
44 200
44 256
44 273
44 275
44 285
45 15
45 75
45 140
45 142
45 146
45 166
45 203
45 222
45 239
45 248
45 253
45 256
45 263
45 299
46 32
46 52
46 60
46 87
46 91
46 101
46 114
46 115
46 116
46 147
46 185
46 267
47 67
47 77
47 82
47 104
47 111
47 129
47 225
47 234
47 238
47 245
47 265
47 285
47 288
48 7
48 15
48 17
48 19
48 30
48 40
48 61
48 63
48 117
48 182
48 218
48 232
48 244
48 252
48 253
48 267
49 11
49 33
49 37
49 76
49 127
49 133
49 137
49 168
49 187
49 204
49 211
49 278
49 299
50 20
50 30
50 79
50 86
50 94
50 118
50 149
50 161
50 166
50 172
50 175
50 203
50 213
50 254
50 298
51 24
51 46
51 67
51 104
51 109
51 110
51 120
51 156
51 191
51 210
51 214
51 225
51 277
52 73
52 86
52 121
52 165
52 173
52 176
52 177
52 197
52 226
52 281
52 284
52 287
53 9
53 29
53 40
53 73
53 94
53 101
53 110
53 129
53 137
53 138
53 142
53 171
53 193
53 245
53 267
54 13
54 15
54 16
54 20
54 21
54 50
54 79
54 103
54 115
54 132
54 143
54 152
54 167
54 170
54 173
54 186
54 189
54 218
54 239
54 245
54 250
54 251
54 256
54 259
54 270
54 286
54 292
54 298
55 33
55 54
55 62
55 76
55 84
55 99
55 116
55 201
55 224
55 244
55 269
55 285
56 2
56 5
56 25
56 49
56 59
56 69
56 131
56 142
56 177
56 193
56 223
56 226
56 227
56 241
56 253
56 255
56 261
56 270
56 292
57 14
57 16
57 39
57 78
57 82
57 99
57 102
57 159
57 181
57 184
57 202
57 207
57 214
57 219
57 221
57 225
57 256
57 271
58 22
58 29
58 34
58 48
58 59
58 75
58 90
58 114
58 121
58 143
58 154
58 182
58 234
58 235
58 247
58 267
58 271
59 11
59 41
59 43
59 50
59 70
59 84
59 98
59 101
59 127
59 141
59 159
59 194
59 207
59 243
59 259
59 268
59 272
59 300
60 1
60 99
60 117
60 139
60 190
60 209
60 232
60 245
60 248
60 284
60 288
61 10
61 26
61 52
61 62
61 95
61 97
61 136
61 191
61 192
61 196
61 206
61 291
61 298
61 299
62 19
62 69
62 112
62 114
62 144
62 146
62 175
62 193
62 227
62 248
62 254
62 274
63 5
63 34
63 43
63 50
63 70
63 77
63 108
63 134
63 148
63 159
63 170
63 187
63 190
63 210
63 219
63 230
63 232
63 257
63 276
63 297
63 298
63 299
64 15
64 51
64 56
64 87
64 134
64 165
64 174
64 178
64 188
64 207
64 212
64 249
64 278
64 281
64 286
65 35
65 43
65 50
65 56
65 59
65 60
65 70
65 72
65 94
65 96
65 103
65 113
65 118
65 123
65 134
65 148
65 154
65 171
65 174
65 175
65 177
65 211
65 234
65 248
65 260
65 269
66 9
66 21
66 39
66 49
66 51
66 55
66 131
66 145
66 164
66 168
66 186
66 190
66 218
66 221
66 224
66 236
66 237
66 244
66 264
66 265
66 268
66 292
67 9
67 31
67 80
67 119
67 142
67 154
67 260
68 16
68 18
68 35
68 51
68 77
68 85
68 98
68 109
68 113
68 128
68 135
68 139
68 193
68 194
68 195
68 196
68 225
69 2
69 14
69 25
69 31
69 46
69 60
69 91
69 107
69 124
69 165
69 166
69 177
69 183
69 244
69 249
69 265
69 276
69 291
70 44
70 46
70 84
70 92
70 93
70 144
70 151
70 169
70 175
70 177
70 186
70 190
70 193
70 211
70 244
70 267
70 276
70 282
70 284
71 12
71 14
71 22
71 48
71 60
71 79
71 100
71 109
71 131
71 132
71 136
71 150
71 163
71 165
71 173
71 195
71 230
71 231
71 246
71 251
72 28
72 39
72 68
72 123
72 127
72 158
72 170
72 193
72 214
72 220
72 229
73 39
73 74
73 80
73 88
73 141
73 143
73 166
73 172
73 189
73 190
73 221
73 230
73 287
73 289
74 20
74 25
74 33
74 37
74 56
74 75
74 84
74 125
74 161
74 181
74 195
74 230
74 270
74 278
74 283
74 293
74 297
74 299
75 4
75 16
75 30
75 106
75 133
75 141
75 160
75 200
75 203
75 209
75 219
75 242
75 245
75 247
75 273
75 297
75 300
76 30
76 69
76 82
76 94
76 103
76 121
76 122
76 133
76 199
76 213
76 222
76 236
76 244
76 254
76 294
76 298
76 300
77 32
77 83
77 117
77 120
77 130
77 144
77 163
77 174
77 175
77 181
77 206
77 210
77 221
77 243
77 250
77 261
78 12
78 59
78 66
78 75
78 88
78 115
78 139
78 140
78 142
78 150
78 166
78 167
78 171
78 174
78 198
78 209
78 219
78 220
78 228
78 232
78 260
78 271
78 282
79 38
79 40
79 60
79 90
79 92
79 94
79 96
79 141
79 159
79 164
79 174
79 208
79 263
79 282
79 290
80 25
80 29
80 32
80 33
80 42
80 57
80 58
80 85
80 107
80 124
80 127
80 131
80 150
80 170
80 184
80 213
80 227
80 234
80 271
80 287
81 27
81 28
81 29
81 34
81 39
81 41
81 42
81 56
81 66
81 83
81 87
81 95
81 158
81 164
81 231
81 268
81 276
82 15
82 22
82 32
82 51
82 68
82 83
82 85
82 89
82 102
82 116
82 132
82 156
82 231
82 277
82 289
82 295
83 65
83 68
83 73
83 80
83 109
83 135
83 154
83 167
83 219
83 221
83 292
84 3
84 25
84 36
84 47
84 50
84 91
84 126
84 128
84 133
84 160
84 174
84 213
84 215
84 225
84 265
85 6
85 16
85 20
85 46
85 55
85 60
85 77
85 104
85 129
85 131
85 148
85 156
85 180
85 188
85 215
85 234
85 236
85 268
85 282
85 297
86 14
86 42
86 47
86 90
86 94
86 97
86 121
86 132
86 155
86 164
86 168
86 183
86 220
86 261
86 265
86 268
87 4
87 14
87 25
87 94
87 138
87 153
87 163
87 169
87 177
87 185
87 193
87 223
87 249
88 6
88 18
88 26
88 57
88 63
88 69
88 123
88 127
88 130
88 156
88 172
88 176
88 178
88 187
88 199
88 203
88 227
88 234
88 244
88 261
88 267
88 280
89 19
89 51
89 55
89 59
89 83
89 93
89 99
89 116
89 151
89 163
89 197
89 222
89 237
89 276
90 24
90 34
90 56
90 59
90 96
90 133
90 144
90 232
90 245
90 252
90 274
90 282
91 21
91 34
91 41
91 45
91 56
91 66
91 74
91 81
91 82
91 93
91 98
91 110
91 129
91 144
91 173
91 179
91 196
91 224
91 226
91 239
91 244
91 255
91 278
92 114
92 122
92 150
92 164
92 169
92 174
92 185
92 186
92 212
92 237
92 256
92 262
92 269
92 289
93 18
93 20
93 23
93 35
93 51
93 55
93 71
93 92
93 105
93 156
93 157
93 164
93 172
93 188
93 212
93 235
93 243
94 5
94 6
94 38
94 74
94 101
94 115
94 166
94 171
94 200
94 209
94 217
94 224
94 228
94 229
94 257
94 263
94 277
95 33
95 40
95 52
95 68
95 73
95 79
95 89
95 135
95 171
95 173
95 186
95 229
95 244
95 261
95 264
95 290
96 8
96 21
96 72
96 75
96 89
96 92
96 101
96 102
96 127
96 139
96 188
96 212
96 225
96 229
96 247
96 290
97 30
97 31
97 50
97 82
97 89
97 193
97 195
97 196
97 213
97 218
97 220
97 226
97 257
97 269
97 285
97 290
98 7
98 36
98 49
98 64
98 86
98 90
98 108
98 161
98 188
98 214
98 220
98 232
98 253
98 265
98 279
98 287
99 6
99 26
99 107
99 144
99 167
99 169
99 179
99 188
99 191
99 223
99 237
99 243
99 264
99 265
100 50
100 57
100 58
100 65
100 114
100 147
100 171
100 206
100 230
100 234
100 238
101 12
101 32
101 41
101 43
101 66
101 68
101 92
101 103
101 156
101 158
101 173
101 203
101 208
101 246
101 252
101 268
102 9
102 44
102 51
102 52
102 54
102 59
102 101
102 130
102 137
102 139
102 162
102 200
102 210
102 267
103 3
103 9
103 16
103 36
103 67
103 81
103 93
103 107
103 136
103 144
103 171
103 178
103 199
103 206
103 274
103 282
103 291
103 294
103 299
104 9
104 25
104 33
104 35
104 40
104 52
104 105
104 106
104 108
104 127
104 137
104 171
104 180
104 213
104 216
104 250
104 254
104 264
104 268
104 276
104 291
105 6
105 8
105 31
105 87
105 110
105 126
105 150
105 157
105 161
105 164
105 172
105 242
105 266
105 291
106 10
106 41
106 47
106 51
106 53
106 58
106 101
106 144
106 149
106 188
106 266
106 271
106 283
107 46
107 58
107 60
107 68
107 73
107 105
107 150
107 181
107 184
107 187
107 194
107 197
107 200
107 207
107 229
107 234
107 251
107 267
107 283
107 288
107 291
108 19
108 26
108 56
108 84
108 96
108 117
108 121
108 122
108 154
108 155
108 161
108 162
108 179
108 182
108 237
108 274
108 289
109 9
109 31
109 53
109 84
109 89
109 98
109 140
109 147
109 188
109 196
109 197
109 199
109 200
109 211
109 214
109 295
110 49
110 54
110 55
110 56
110 62
110 72
110 78
110 90
110 111
110 139
110 146
110 147
110 167
110 219
110 220
110 231
110 248
110 249
110 294
111 1
111 20
111 52
111 55
111 64
111 75
111 76
111 85
111 161
111 170
111 175
111 179
111 194
111 199
111 257
111 279
111 291
112 36
112 57
112 58
112 61
112 65
112 77
112 87
112 127
112 140
112 152
112 174
112 198
112 238
112 250
112 277
112 286
113 6
113 21
113 51
113 81
113 92
113 140
113 149
113 155
113 159
113 182
113 202
113 208
113 215
113 216
113 220
113 225
113 251
113 254
113 279
114 56
114 63
114 78
114 86
114 109
114 111
114 121
114 138
114 145
114 150
114 154
114 161
114 170
114 175
114 221
114 249
114 260
114 277
114 278
115 7
115 17
115 26
115 60
115 66
115 80
115 104
115 130
115 147
115 160
115 173
115 177
115 213
115 215
115 231
115 269
115 282
115 289
115 290
115 300
116 6
116 28
116 69
116 70
116 103
116 117
116 130
116 131
116 145
116 148
116 174
116 187
116 195
116 223
116 257
116 280
116 283
117 28
117 38
117 44
117 66
117 75
117 79
117 81
117 111
117 113
117 121
117 130
117 169
117 182
117 226
117 245
117 260
117 261
117 280
117 297
118 8
118 70
118 80
118 94
118 117
118 133
118 176
118 186
118 205
118 211
118 212
118 216
118 224
118 246
118 257
118 277
118 294
119 4
119 15
119 17
119 28
119 64
119 72
119 74
119 75
119 82
119 85
119 92
119 108
119 134
119 159
119 173
119 212
119 234
119 289
119 290
120 16
120 33
120 44
120 55
120 61
120 90
120 94
120 124
120 142
120 156
120 159
120 200
120 202
120 249
120 250
120 277
120 278
120 300
121 20
121 27
121 30
121 53
121 55
121 56
121 81
121 90
121 113
121 193
121 209
121 274
121 283
121 291
121 299
122 47
122 69
122 100
122 127
122 129
122 152
122 165
122 180
122 190
122 203
122 230
122 231
122 275
123 20
123 31
123 33
123 35
123 60
123 71
123 99
123 103
123 145
123 147
123 150
123 164
123 174
123 176
123 214
123 217
123 221
123 237
123 273
123 276
124 22
124 47
124 51
124 56
124 74
124 84
124 114
124 133
124 169
124 172
124 194
124 208
124 227
124 235
124 281
125 28
125 50
125 73
125 77
125 109
125 118
125 134
125 135
125 136
125 188
125 201
125 212
125 223
125 253
125 275
125 295
126 11
126 36
126 62
126 122
126 148
126 163
126 177
126 183
126 202
126 228
126 264
126 282
126 289
127 33
127 65
127 94
127 100
127 108
127 142
127 180
127 215
127 229
127 235
127 246
127 260
127 263
127 282
127 298
128 63
128 64
128 103
128 113
128 156
128 161
128 190
128 241
128 243
128 298
129 36
129 58
129 74
129 78
129 105
129 146
129 154
129 162
129 166
129 193
129 198
129 260
130 27
130 30
130 37
130 54
130 73
130 95
130 108
130 126
130 157
130 171
130 188
130 234
130 269
130 290
131 9
131 40
131 54
131 72
131 74
131 120
131 125
131 158
131 183
131 185
131 223
132 21
132 24
132 80
132 81
132 92
132 147
132 160
132 166
132 168
132 170
132 192
132 200
132 216
132 284
133 6
133 53
133 83
133 86
133 91
133 93
133 127
133 128
133 160
133 164
133 203
133 207
133 278
133 293
133 299
134 19
134 36
134 46
134 62
134 95
134 103
134 130
134 145
134 195
134 205
134 219
134 258
134 298
135 9
135 32
135 40
135 46
135 57
135 65
135 87
135 107
135 137
135 159
135 167
135 169
135 177
135 210
136 2
136 21
136 32
136 57
136 79
136 102
136 119
136 124
136 145
136 147
136 163
136 172
136 205
136 215
136 237
136 248
136 250
136 272
136 276
136 279
137 19
137 43
137 45
137 74
137 86
137 107
137 148
137 172
137 174
137 181
137 184
137 193
137 201
137 218
137 224
137 233
137 248
137 276
137 289
138 16
138 28
138 32
138 37
138 95
138 109
138 127
138 141
138 174
138 200
138 235
138 271
138 274
138 285
139 23
139 26
139 32
139 70
139 75
139 79
139 95
139 131
139 141
139 156
139 185
139 194
139 222
139 244
139 247
140 23
140 24
140 31
140 136
140 147
140 181
140 193
140 207
140 250
140 268
140 274
140 278
140 280
141 76
141 118
141 124
141 135
141 137
141 169
141 170
141 173
141 191
141 192
141 219
141 221
141 242
141 298
142 30
142 47
142 88
142 167
142 183
142 210
142 247
142 252
142 255
143 5
143 32
143 45
143 52
143 61
143 113
143 116
143 155
143 161
143 164
143 166
143 181
143 273
143 288
144 16
144 17
144 37
144 54
144 64
144 66
144 93
144 102
144 108
144 119
144 125
144 140
144 159
144 174
144 200
144 224
144 225
144 234
144 250
144 266
144 300
145 13
145 25
145 62
145 102
145 103
145 133
145 203
145 204
145 234
145 239
145 257
145 271
145 272
145 292
146 12
146 16
146 46
146 56
146 79
146 96
146 97
146 99
146 125
146 131
146 163
146 170
146 179
146 194
146 215
146 222
146 238
146 241
146 267
146 282
146 283
146 288
147 5
147 47
147 54
147 57
147 59
147 62
147 85
147 96
147 166
147 170
147 172
147 185
147 225
147 270
147 291
148 9
148 18
148 19
148 20
148 26
148 39
148 69
148 81
148 96
148 110
148 214
148 216
148 219
148 241
148 259
148 278
149 5
149 27
149 65
149 72
149 100
149 110
149 120
149 126
149 128
149 129
149 167
149 185
149 194
149 204
149 205
149 239
149 241
149 245
149 290
149 297
150 7
150 20
150 37
150 56
150 68
150 131
150 140
150 151
150 157
150 159
150 166
150 172
150 193
150 235
150 252
150 265
150 284
150 297
151 17
151 77
151 80
151 87
151 97
151 98
151 104
151 116
151 122
151 130
151 139
151 168
151 199
151 200
151 213
151 267
151 283
152 7
152 11
152 14
152 17
152 87
152 103
152 135
152 147
152 172
152 182
152 190
152 214
152 231
152 256
152 286
152 300
153 10
153 11
153 50
153 57
153 58
153 70
153 102
153 220
153 251
153 263
153 275
153 279
154 19
154 61
154 74
154 110
154 177
154 185
154 217
154 227
154 274
154 276
154 278
154 279
155 7
155 8
155 18
155 24
155 60
155 85
155 99
155 105
155 107
155 116
155 127
155 128
155 202
155 208
155 214
155 229
155 235
155 236
155 241
155 250
155 283
155 287
155 292
156 14
156 22
156 25
156 34
156 41
156 74
156 96
156 113
156 127
156 133
156 146
156 151
156 167
156 183
156 200
156 251
156 254
156 288
156 294
157 16
157 18
157 38
157 47
157 74
157 79
157 88
157 126
157 143
157 154
157 168
157 179
157 198
157 199
157 200
157 201
157 281
157 291
158 21
158 32
158 44
158 46
158 63
158 68
158 70
158 76
158 156
158 159
158 161
158 190
158 197
158 221
158 260
158 261
158 273
159 32
159 41
159 55
159 92
159 112
159 132
159 139
159 141
159 149
159 175
159 182
159 184
159 190
159 195
159 198
159 202
159 215
159 260
159 267
159 293
159 294
160 17
160 29
160 49
160 80
160 81
160 107
160 108
160 109
160 122
160 140
160 142
160 151
160 155
160 197
160 255
161 26
161 33
161 89
161 91
161 92
161 142
161 155
161 156
161 171
161 198
161 210
161 219
161 231
161 238
161 248
161 295
162 3
162 12
162 35
162 46
162 54
162 73
162 76
162 82
162 92
162 103
162 106
162 124
162 127
162 153
162 166
162 177
162 181
162 197
162 201
162 236
162 270
162 277
162 287
163 7
163 29
163 45
163 64
163 69
163 81
163 90
163 91
163 109
163 114
163 121
163 123
163 172
163 178
163 190
163 194
163 198
163 210
163 222
163 230
163 235
163 254
163 264
163 273
163 297
163 298
164 23
164 45
164 60
164 69
164 80
164 83
164 84
164 108
164 131
164 144
164 146
164 151
164 169
164 173
164 191
164 197
164 205
164 222
164 245
164 248
164 258
164 281
164 286
164 287
165 2
165 5
165 57
165 73
165 103
165 119
165 161
165 170
165 188
165 235
165 253
165 262
165 265
165 269
165 297
165 300
166 11
166 32
166 62
166 99
166 127
166 138
166 164
166 170
166 183
166 213
166 221
166 239
166 245
167 23
167 48
167 76
167 114
167 123
167 147
167 160
167 168
167 183
167 199
167 244
167 269
167 299
168 27
168 28
168 39
168 40
168 50
168 58
168 63
168 97
168 116
168 134
168 137
168 158
168 200
168 230
168 276
168 293
169 4
169 21
169 24
169 31
169 49
169 51
169 63
169 73
169 90
169 103
169 113
169 134
169 138
169 142
169 147
169 172
169 183
169 219
169 282
169 291
170 6
170 10
170 13
170 32
170 36
170 92
170 98
170 109
170 116
170 124
170 139
170 148
170 184
170 208
170 220
171 18
171 61
171 86
171 118
171 125
171 159
171 166
171 183
171 189
171 210
171 221
171 225
171 261
172 3
172 12
172 63
172 69
172 90
172 115
172 117
172 119
172 120
172 149
172 176
172 179
172 192
172 200
172 204
172 211
172 233
172 256
172 271
172 281
173 10
173 29
173 58
173 64
173 68
173 98
173 110
173 117
173 135
173 158
173 208
173 234
173 238
173 245
173 263
173 265
173 296
174 50
174 55
174 72
174 90
174 95
174 115
174 131
174 158
174 169
174 188
174 189
174 214
174 235
174 249
174 250
174 277
174 282
174 284
174 299
175 38
175 42
175 44
175 57
175 109
175 112
175 115
175 130
175 185
175 204
175 241
175 248
175 259
175 262
175 272
175 275
175 277
175 291
176 55
176 56
176 65
176 72
176 74
176 149
176 150
176 151
176 152
176 156
176 161
176 204
176 209
176 210
176 246
176 277
176 285
176 295
177 2
177 8
177 20
177 24
177 29
177 40
177 44
177 83
177 90
177 106
177 107
177 110
177 112
177 165
177 167
177 192
177 207
177 238
177 245
177 271
177 290
178 10
178 35
178 40
178 54
178 119
178 142
178 169
178 212
178 239
178 240
178 247
178 277
178 280
178 285
179 8
179 12
179 43
179 58
179 72
179 75
179 104
179 106
179 137
179 148
179 150
179 190
179 193
179 207
179 235
179 242
179 260
179 286
179 293
179 296
180 6
180 24
180 62
180 70
180 109
180 112
180 117
180 120
180 123
180 130
180 151
180 162
180 204
180 216
180 232
180 234
180 243
180 279
180 296
181 4
181 7
181 9
181 14
181 47
181 66
181 70
181 87
181 101
181 103
181 105
181 106
181 115
181 118
181 124
181 133
181 150
181 156
181 163
181 165
181 173
181 188
181 217
181 219
181 239
181 268
181 294
182 59
182 126
182 141
182 161
182 167
182 180
182 232
182 239
182 254
182 257
182 284
183 3
183 51
183 68
183 92
183 113
183 174
183 195
183 215
183 216
183 221
183 245
183 254
183 258
183 280
183 288
183 294
184 23
184 24
184 38
184 43
184 62
184 73
184 88
184 119
184 161
184 175
184 205
184 222
184 266
184 282
185 25
185 45
185 56
185 62
185 67
185 69
185 84
185 94
185 95
185 106
185 138
185 169
185 180
185 192
185 215
185 244
185 250
185 270
186 2
186 5
186 22
186 32
186 41
186 67
186 132
186 133
186 138
186 143
186 145
186 192
186 208
186 243
186 278
187 22
187 39
187 75
187 86
187 90
187 96
187 119
187 121
187 135
187 140
187 155
187 161
187 178
187 221
187 229
187 246
187 261
187 277
188 10
188 12
188 33
188 51
188 55
188 61
188 79
188 90
188 134
188 137
188 163
188 167
188 185
188 232
188 243
188 261
188 278
188 296
189 3
189 37
189 93
189 108
189 113
189 114
189 128
189 173
189 179
189 185
189 219
189 257
189 258
189 269
190 27
190 57
190 62
190 65
190 77
190 78
190 96
190 123
190 131
190 177
190 197
190 201
190 205
190 234
190 248
190 254
190 255
190 260
190 289
190 290
191 55
191 85
191 107
191 135
191 136
191 145
191 146
191 238
191 239
191 240
191 262
191 269
191 274
191 298
192 4
192 26
192 27
192 33
192 57
192 82
192 105
192 174
192 182
192 196
192 212
192 237
192 274
192 279
192 293
193 20
193 81
193 143
193 149
193 161
193 214
193 244
193 248
193 249
193 256
193 264
193 269
193 287
193 299
194 53
194 97
194 104
194 112
194 118
194 150
194 154
194 155
194 181
194 242
194 243
194 255
194 259
194 273
194 284
194 291
195 28
195 37
195 42
195 51
195 78
195 109
195 130
195 166
195 175
195 191
195 248
195 261
195 272
195 280
196 11
196 15
196 19
196 58
196 70
196 145
196 146
196 151
196 157
196 160
196 163
196 177
196 178
196 194
196 210
196 211
196 242
196 250
196 253
196 271
196 282
197 5
197 40
197 55
197 57
197 63
197 93
197 111
197 139
197 143
197 146
197 155
197 156
197 168
197 178
197 215
197 238
197 246
197 253
197 269
197 280
197 293
198 34
198 59
198 66
198 93
198 98
198 130
198 167
198 209
198 215
198 221
198 244
198 248
198 251
198 270
198 282
198 292
198 296
199 4
199 35
199 47
199 52
199 117
199 134
199 135
199 162
199 221
199 222
199 229
199 248
199 254
199 259
200 12
200 16
200 25
200 46
200 64
200 115
200 123
200 154
200 159
200 176
200 186
200 221
200 237
200 253
200 255
200 281
201 33
201 44
201 64
201 66
201 67
201 100
201 101
201 114
201 117
201 131
201 135
201 160
201 161
201 164
201 167
201 184
201 189
201 192
201 213
201 224
201 233
201 245
201 249
201 255
201 256
201 259
201 300
202 4
202 67
202 73
202 87
202 92
202 162
202 176
202 178
202 181
202 182
202 201
202 204
202 206
202 210
202 220
202 234
202 265
202 270
203 6
203 16
203 49
203 59
203 114
203 175
203 182
203 183
203 187
203 236
203 241
203 256
203 271
203 275
203 279
204 6
204 9
204 17
204 55
204 61
204 62
204 90
204 104
204 118
204 131
204 137
204 148
204 157
204 192
204 200
204 237
204 256
204 282
205 14
205 21
205 39
205 57
205 105
205 113
205 151
205 188
205 212
205 215
205 219
205 230
205 241
205 244
205 293
205 294
206 1
206 32
206 52
206 54
206 57
206 63
206 67
206 82
206 101
206 114
206 119
206 150
206 161
206 170
206 173
206 197
206 239
206 245
206 272
206 275
206 279
207 5
207 56
207 62
207 71
207 74
207 85
207 101
207 104
207 105
207 131
207 144
207 155
207 161
207 176
207 235
207 300
208 24
208 25
208 71
208 90
208 123
208 151
208 161
208 168
208 188
208 191
208 197
208 203
208 216
208 238
208 288
208 298
209 33
209 38
209 85
209 127
209 133
209 142
209 157
209 190
209 195
209 207
209 271
209 272
209 280
210 17
210 41
210 60
210 62
210 83
210 94
210 132
210 160
210 191
210 194
210 204
210 235
211 1
211 55
211 63
211 67
211 130
211 145
211 203
211 245
211 248
211 256
211 266
212 14
212 100
212 114
212 122
212 131
212 133
212 154
212 175
212 184
212 222
212 243
212 257
212 273
212 288
212 291
213 14
213 15
213 26
213 47
213 67
213 68
213 86
213 91
213 100
213 134
213 157
213 173
213 212
213 220
213 239
213 251
213 268
213 290
214 3
214 33
214 48
214 54
214 111
214 144
214 162
214 206
214 221
214 227
214 247
214 256
214 258
214 265
214 279
214 299
215 19
215 56
215 62
215 64
215 67
215 81
215 86
215 100
215 134
215 171
215 189
215 219
215 276
215 281
216 9
216 11
216 24
216 97
216 98
216 121
216 137
216 147
216 187
216 197
216 244
216 265
217 1
217 5
217 31
217 38
217 53
217 67
217 82
217 111
217 116
217 121
217 138
217 149
217 162
217 172
217 206
217 211
217 225
217 229
217 242
217 300
218 57
218 62
218 70
218 82
218 98
218 151
218 159
218 200
218 204
218 209
218 216
218 219
218 231
218 248
218 262
219 1
219 4
219 13
219 22
219 36
219 39
219 46
219 54
219 85
219 86
219 89
219 98
219 99
219 103
219 104
219 105
219 124
219 158
219 168
219 179
219 184
219 226
219 241
219 283
220 18
220 29
220 73
220 101
220 104
220 119
220 123
220 169
220 190
220 193
220 205
220 209
220 242
220 274
220 283
220 293
221 16
221 22
221 34
221 43
221 71
221 121
221 132
221 137
221 148
221 150
221 170
221 178
221 193
221 251
221 271
221 285
221 294
222 23
222 30
222 38
222 53
222 55
222 127
222 147
222 156
222 170
222 175
222 185
222 229
222 230
222 275
222 281
223 8
223 11
223 14
223 17
223 19
223 83
223 104
223 117
223 118
223 128
223 141
223 149
223 152
223 161
223 167
223 172
223 176
223 202
223 220
223 234
223 272
223 284
223 288
224 34
224 57
224 59
224 68
224 75
224 120
224 133
224 139
224 151
224 179
224 185
224 186
224 196
224 220
224 241
224 246
224 249
225 19
225 27
225 44
225 46
225 54
225 59
225 83
225 99
225 131
225 142
225 167
225 176
225 181
225 210
225 237
225 240
225 256
225 277
226 19
226 22
226 24
226 80
226 83
226 84
226 104
226 150
226 155
226 171
226 195
226 196
226 206
226 254
226 262
226 266
226 275
226 282
227 7
227 21
227 38
227 53
227 60
227 82
227 96
227 110
227 112
227 123
227 157
227 160
227 163
227 169
227 221
227 231
227 267
227 275
227 276
227 283
227 285
228 3
228 10
228 42
228 81
228 125
228 130
228 136
228 145
228 155
228 163
228 171
228 172
228 220
228 223
228 257
228 289
229 3
229 62
229 92
229 99
229 111
229 129
229 135
229 152
229 159
229 160
229 170
229 195
229 196
229 212
229 248
229 255
229 258
229 275
229 299
230 2
230 3
230 7
230 10
230 30
230 53
230 66
230 91
230 105
230 116
230 157
230 176
230 202
230 241
230 261
230 272
230 278
231 3
231 6
231 10
231 97
231 108
231 123
231 139
231 143
231 178
231 181
231 187
231 228
231 276
232 7
232 34
232 56
232 62
232 68
232 107
232 108
232 177
232 178
232 263
232 281
232 287
233 17
233 34
233 69
233 74
233 82
233 84
233 90
233 94
233 99
233 118
233 148
233 181
233 182
233 185
233 203
233 250
233 251
233 264
233 281
233 282
234 3
234 44
234 109
234 123
234 139
234 147
234 155
234 182
234 197
234 199
234 227
234 229
234 272
234 278
234 279
234 291
235 5
235 6
235 21
235 22
235 33
235 35
235 87
235 133
235 139
235 145
235 147
235 151
235 152
235 161
235 193
235 214
235 226
235 230
235 258
235 267
235 281
235 296
236 10
236 20
236 61
236 64
236 83
236 91
236 161
236 171
236 182
236 208
236 252
236 282
236 289
236 296
236 299
237 20
237 44
237 57
237 63
237 83
237 105
237 121
237 138
237 147
237 152
237 187
237 217
237 238
237 241
237 286
238 5
238 17
238 29
238 32
238 41
238 77
238 80
238 92
238 111
238 114
238 152
238 158
238 167
238 195
238 224
238 242
238 244
238 245
238 247
238 292
239 12
239 17
239 29
239 51
239 72
239 96
239 98
239 115
239 116
239 122
239 130
239 135
239 142
239 196
239 205
239 228
239 230
239 257
239 273
239 293
239 297
239 298
239 300
240 27
240 51
240 86
240 90
240 91
240 107
240 112
240 122
240 135
240 144
240 152
240 169
240 171
240 196
240 210
240 224
240 226
240 262
240 270
240 271
241 17
241 18
241 37
241 72
241 73
241 75
241 87
241 102
241 113
241 125
241 179
241 201
241 210
241 217
241 226
241 229
241 245
241 250
241 251
241 280
241 287
242 11
242 19
242 26
242 37
242 45
242 50
242 122
242 125
242 134
242 139
242 158
242 168
242 191
242 209
242 213
242 256
242 264
242 266
242 280
242 286
242 287
242 292
243 3
243 16
243 17
243 30
243 32
243 54
243 57
243 102
243 139
243 156
243 171
243 183
243 191
243 197
243 199
243 201
243 208
243 241
243 242
243 255
243 258
243 274
243 293
244 20
244 52
244 105
244 110
244 114
244 131
244 138
244 155
244 214
244 225
244 240
244 254
244 298
244 299
245 57
245 92
245 114
245 150
245 151
245 175
245 210
245 212
245 244
245 246
245 253
245 275
245 300
246 1
246 22
246 41
246 48
246 55
246 62
246 91
246 110
246 120
246 128
246 136
246 143
246 159
246 163
246 168
246 184
246 193
246 199
246 206
246 264
246 265
246 294
247 26
247 40
247 54
247 99
247 162
247 176
247 217
247 245
247 288
247 289
248 6
248 36
248 38
248 50
248 58
248 76
248 90
248 94
248 117
248 123
248 141
248 146
248 155
248 170
248 213
248 275
248 280
248 285
249 10
249 11
249 20
249 23
249 44
249 56
249 77
249 80
249 103
249 126
249 128
249 130
249 139
249 188
249 192
249 221
249 233
249 240
249 255
249 279
249 294
250 19
250 27
250 38
250 40
250 124
250 189
250 191
250 202
250 248
250 269
251 10
251 13
251 33
251 57
251 78
251 94
251 96
251 97
251 98
251 102
251 135
251 147
251 157
251 183
251 195
251 203
251 247
251 265
251 294
251 297
252 3
252 7
252 13
252 24
252 30
252 50
252 62
252 75
252 86
252 131
252 143
252 171
252 174
252 191
252 276
252 278
252 286
253 5
253 14
253 29
253 36
253 74
253 81
253 86
253 92
253 94
253 115
253 148
253 167
253 202
253 225
253 254
253 279
254 39
254 65
254 79
254 81
254 101
254 133
254 145
254 161
254 165
254 208
254 217
254 220
254 223
254 230
254 231
254 246
254 276
254 296
255 7
255 13
255 19
255 44
255 74
255 102
255 116
255 120
255 127
255 147
255 167
255 169
255 171
255 178
255 191
255 216
255 235
255 246
255 264
255 281
255 289
256 1
256 2
256 15
256 21
256 25
256 39
256 70
256 79
256 87
256 101
256 117
256 137
256 170
256 202
256 206
256 209
256 259
256 291
257 27
257 33
257 37
257 40
257 52
257 71
257 88
257 90
257 95
257 103
257 104
257 119
257 139
257 168
257 232
257 246
257 249
257 254
257 286
258 18
258 58
258 63
258 66
258 113
258 120
258 132
258 141
258 145
258 190
258 222
258 226
258 234
258 259
258 263
258 272
258 275
258 299
259 20
259 70
259 76
259 78
259 79
259 111
259 142
259 147
259 178
259 209
259 235
259 242
259 267
259 275
259 284
260 13
260 33
260 52
260 87
260 118
260 123
260 153
260 181
260 185
260 204
260 207
260 210
260 230
260 237
261 2
261 43
261 119
261 132
261 136
261 145
261 168
261 271
261 274
261 278
262 13
262 16
262 18
262 25
262 38
262 49
262 70
262 102
262 138
262 173
262 189
262 200
262 213
262 216
262 242
262 254
262 288
262 298
263 34
263 46
263 66
263 102
263 115
263 135
263 166
263 207
263 240
263 244
263 249
263 253
263 277
264 3
264 13
264 20
264 21
264 41
264 79
264 85
264 89
264 149
264 154
264 179
264 244
264 258
264 270
264 273
264 279
264 290
265 44
265 50
265 72
265 77
265 106
265 112
265 151
265 154
265 177
265 179
265 191
265 242
265 249
266 22
266 113
266 120
266 134
266 143
266 163
266 170
266 187
266 200
266 202
266 213
266 218
266 270
266 298
266 299
267 6
267 14
267 39
267 63
267 65
267 74
267 93
267 99
267 158
267 179
267 204
267 215
267 222
267 237
267 246
267 248
267 272
268 6
268 10
268 13
268 21
268 62
268 88
268 89
268 114
268 119
268 131
268 149
268 160
268 179
268 228
268 293
268 299
269 22
269 52
269 62
269 70
269 81
269 84
269 85
269 201
269 211
269 228
269 242
269 256
270 1
270 19
270 47
270 63
270 88
270 120
270 130
270 197
270 205
270 233
270 238
270 256
270 271
270 279
270 289
271 20
271 26
271 37
271 40
271 54
271 66
271 129
271 164
271 197
271 247
271 263
271 268
271 272
271 277
271 282
271 289
272 8
272 17
272 20
272 30
272 33
272 39
272 55
272 61
272 72
272 88
272 90
272 98
272 166
272 177
272 188
272 194
272 202
272 213
272 215
272 268
272 296
272 297
273 12
273 45
273 50
273 58
273 117
273 122
273 140
273 149
273 230
273 261
274 8
274 16
274 18
274 43
274 57
274 65
274 105
274 126
274 135
274 139
274 141
274 177
274 196
274 222
274 228
274 230
274 252
274 271
274 288
274 298
275 30
275 70
275 90
275 95
275 100
275 104
275 123
275 156
275 158
275 166
275 185
275 213
275 224
275 239
275 241
275 242
275 280
275 293
275 296
276 1
276 30
276 59
276 99
276 151
276 159
276 171
276 183
276 191
276 212
276 214
276 216
276 222
276 247
277 8
277 18
277 37
277 62
277 76
277 99
277 102
277 113
277 116
277 169
277 197
277 202
277 223
277 228
277 242
277 269
277 275
277 291
278 30
278 42
278 46
278 70
278 80
278 87
278 102
278 157
278 180
278 182
278 189
278 195
278 220
278 224
278 247
278 249
278 253
278 257
278 272
279 17
279 36
279 61
279 65
279 68
279 74
279 94
279 106
279 126
279 135
279 144
279 146
279 150
279 181
279 186
279 194
279 195
279 197
279 207
279 220
279 225
279 226
279 235
279 245
279 254
279 290
280 37
280 44
280 49
280 52
280 77
280 79
280 82
280 84
280 105
280 148
280 190
280 257
280 298
281 34
281 45
281 54
281 65
281 73
281 99
281 106
281 121
281 123
281 138
281 143
281 148
281 155
281 160
281 162
281 163
281 191
281 239
281 254
281 270
281 279
281 297
282 47
282 54
282 132
282 189
282 201
282 209
282 234
282 247
282 249
282 266
282 274
282 277
283 25
283 65
283 68
283 73
283 90
283 96
283 108
283 134
283 154
283 159
283 161
283 175
283 181
283 221
283 287
283 289
283 299
284 15
284 41
284 61
284 79
284 85
284 89
284 123
284 167
284 201
284 202
284 205
284 225
285 13
285 21
285 60
285 67
285 74
285 108
285 157
285 187
285 199
285 213
285 214
285 230
285 265
285 283
285 293
286 21
286 49
286 72
286 78
286 81
286 82
286 113
286 115
286 144
286 166
286 169
286 197
286 199
286 213
286 280
286 284
286 299
287 9
287 24
287 61
287 65
287 86
287 101
287 104
287 115
287 132
287 136
287 147
287 173
287 190
287 198
287 209
287 222
287 229
287 235
287 251
287 285
288 13
288 19
288 20
288 37
288 39
288 42
288 53
288 70
288 82
288 105
288 116
288 117
288 120
288 147
288 158
288 164
288 178
288 179
288 215
288 216
288 230
288 246
288 291
288 298
289 26
289 40
289 54
289 96
289 109
289 124
289 127
289 130
289 135
289 140
289 153
289 155
289 167
289 186
289 202
289 250
289 263
290 14
290 36
290 49
290 65
290 66
290 69
290 81
290 90
290 98
290 99
290 135
290 152
290 161
290 164
290 179
290 183
290 201
290 210
290 227
290 241
290 273
290 276
290 285
291 15
291 24
291 45
291 48
291 51
291 53
291 91
291 106
291 124
291 127
291 167
291 184
291 191
291 200
291 226
291 243
291 250
291 267
291 280
291 287
291 290
291 298
292 6
292 32
292 37
292 104
292 129
292 139
292 156
292 188
292 207
292 212
292 213
292 262
292 265
292 270
292 278
292 284
293 2
293 18
293 33
293 63
293 76
293 94
293 118
293 244
293 252
293 253
293 265
293 267
293 281
294 2
294 5
294 18
294 31
294 35
294 47
294 86
294 115
294 163
294 167
294 176
294 178
294 190
294 223
294 232
294 233
294 248
294 250
294 262
294 266
294 281
294 299
295 2
295 5
295 26
295 66
295 68
295 80
295 116
295 119
295 123
295 128
295 134
295 154
295 202
295 217
295 226
295 236
295 241
295 248
295 252
295 257
295 266
295 279
296 2
296 7
296 11
296 14
296 19
296 52
296 73
296 78
296 94
296 96
296 97
296 99
296 124
296 233
296 241
296 264
297 18
297 26
297 43
297 70
297 89
297 109
297 135
297 153
297 190
297 200
297 202
297 210
297 253
297 262
297 271
297 275
297 287
298 18
298 30
298 67
298 92
298 96
298 105
298 113
298 132
298 144
298 147
298 149
298 152
298 156
298 169
298 173
298 261
298 268
299 21
299 51
299 76
299 98
299 104
299 127
299 138
299 139
299 152
299 178
299 179
299 184
299 204
299 225
299 242
299 265
299 279
299 292
300 3
300 9
300 19
300 47
300 72
300 73
300 74
300 87
300 97
300 169
300 182
300 186
300 197
300 203
300 206
300 270
300 295

