300 500
1 4 16 6 12 9 1 8 39 9 7 4 56 5 15 6 1 21 1 3 2 3 4 3 4 2 3 2994474767 10 19 10 14 5 4 1 61 6 1 6 6 3 2 4 4 84 2 5 34 12 6 6 25 7 3 11 4 556880840 4 4 4 1 3 22 36 1 959269892 8 11 3 4 8 7 8 9 3 7 8 20 1 1 3371645356 4 7 2 15 2 3 1 1 4 12 2 6 1 1 1 1 1 3 23 9 15 16 1 1 1 6 1 29 2 1 4 15 3 3 1 7 1 36 15 1 19 14 8 3 1 4 4 11 2 3 13 3 3 3 3 1 4 7 8 7 4 4 7 3 9 1 1 3827282762 6 11 3 25 14 3 2 4 7 8 7 15 5 4 1 13 3 4 11 7 18 3 8 12 2 2 3 7 2 1 2 8 1 31 14 2 4 1 12 1 10 1 2 24 8 4 7 3 6 7 1 1 1 29 3 3 6 3 1 2 4 9 3207838688 3 1 1 2 2831132643 6 1 3100188304 4 1 3 4 9 34 1 22 1 3 8 34 14548083 25 2 25 20 36 24 7 1 1 2 7 4 1 1 1 9 13 9 3 3 23 1 2 3 11 8 6 9 2 15 3 12 3 1 1 8 3 14 17 13 8 1 34 1 19 29 15 10 1 1 1 7 6 19 4 25 3 65 11 7 12 15 2 16 39 4 1 
1 43
2 86
3 71
3 102
4 175
5 51
5 67
5 134
5 273
6 170
6 287
8 46
9 21
9 23
9 132
10 194
10 216
11 93
13 36
13 124
13 178
13 251
13 278
14 56
15 4
15 31
15 194
16 279
17 11
18 1
18 29
18 48
19 255
20 210
20 279
22 77
24 107
24 248
27 168
29 36
30 225
31 161
31 190
32 59
32 71
32 274
33 152
33 195
34 150
35 280
36 280
36 289
38 104
39 29
39 36
39 46
40 114
40 225
40 269
41 119
42 23
42 73
42 155
42 196
43 263
44 203
45 16
45 36
45 78
45 85
45 132
45 207
45 281
46 278
47 106
48 77
48 92
48 150
48 185
49 122
49 158
49 221
50 109
51 9
52 25
52 138
52 238
53 2
53 7
53 51
55 54
55 82
55 184
58 15
59 4
60 197
60 266
62 169
62 251
63 59
63 119
63 133
63 292
64 199
67 276
68 226
69 29
69 103
69 295
70 115
70 182
71 203
71 258
72 171
72 196
72 197
73 198
74 12
74 109
75 124
75 199
76 139
76 157
76 168
77 285
78 103
78 197
79 64
79 296
79 298
80 36
82 9
83 78
83 162
84 18
85 51
85 153
85 168
90 84
91 6
91 37
91 104
91 180
93 15
93 26
93 239
95 240
96 135
99 3
99 100
99 193
100 67
101 271
102 23
102 249
103 193
103 275
104 74
104 134
105 231
107 109
107 160
108 186
109 138
109 188
110 211
111 113
112 37
112 258
113 253
114 246
115 83
115 188
115 281
116 74
117 286
117 297
119 15
119 102
119 154
120 40
120 169
121 238
122 226
122 228
122 276
123 26
123 68
123 238
123 278
124 226
124 258
125 130
126 27
126 158
127 60
127 120
127 209
128 32
128 167
129 10
129 37
129 109
130 170
130 178
131 13
132 25
132 109
135 273
136 145
136 214
137 47
137 167
137 239
138 193
139 51
139 132
140 44
140 113
140 141
142 161
143 13
143 100
144 110
144 254
146 61
146 64
146 199
146 264
147 124
147 159
147 291
148 173
150 164
151 54
151 250
152 245
153 11
153 63
153 64
153 109
153 276
154 48
154 138
154 224
155 198
156 68
156 262
157 136
159 12
159 32
160 1
160 127
161 10
161 184
161 218
162 156
162 283
163 45
163 65
163 100
164 237
164 289
165 87
165 257
165 292
166 128
168 7
168 98
168 133
168 216
168 238
169 263
169 297
170 94
170 142
170 206
170 238
171 117
172 84
172 145
172 154
172 260
173 8
173 260
173 296
174 45
175 101
175 226
176 36
176 131
177 30
177 115
178 125
179 215
180 277
181 56
181 200
181 298
182 218
182 249
183 48
183 131
183 161
183 205
183 289
184 120
184 272
185 229
185 290
186 249
188 49
188 226
189 13
190 68
190 77
190 262
190 274
191 21
191 45
191 236
191 298
192 42
193 30
193 50
194 37
195 78
196 64
196 184
196 203
196 247
198 30
199 152
199 256
200 36
201 40
201 236
202 92
203 8
203 39
203 151
203 236
204 52
204 113
206 194
207 297
210 9
210 268
210 275
213 68
213 275
214 182
215 211
216 79
216 188
218 35
218 235
221 228
222 205
223 69
223 109
223 255
224 166
225 86
225 90
226 79
227 52
228 73
228 174
228 272
229 33
229 122
230 294
231 261
232 41
232 141
232 234
232 271
232 279
234 166
234 177
234 215
234 236
235 262
236 197
236 273
237 40
237 69
237 200
237 293
238 31
238 42
238 141
238 211
238 279
239 146
239 154
239 196
240 9
240 187
241 48
241 213
242 174
243 62
244 51
244 88
244 259
244 291
245 42
250 55
250 122
250 259
251 226
252 226
253 261
254 69
254 159
254 222
256 192
257 26
257 101
259 64
260 14
260 280
261 184
262 130
263 97
263 172
263 245
264 13
265 13
265 32
265 42
265 63
266 50
267 25
269 126
269 291
269 300
270 219
271 76
271 262
272 18
272 278
272 291
273 231
274 186
274 266
275 89
276 34
276 260
276 287
278 118
279 3
279 144
279 206
280 181
281 42
281 173
281 208
282 24
284 17
285 14
285 27
285 151
286 40
286 165
286 257
287 58
287 232
288 273
288 285
288 291
289 30
289 64
290 230
291 37
291 119
291 265
291 274
291 289
292 158
292 204
293 100
293 113
294 87
294 254
294 287
295 22
295 46
295 209
295 268
296 129
297 270
298 16
298 183
298 252
298 258
299 47
299 243

