150 50
1 542331130 1 3404135256 2435809234 1 3642670015 3446823399 1 1 2 1 990276966 4158115164 3850849831 2318085946 1573359080 2899370563 4 1 3294200530 1913115536 673003003 2191699260 2273857869 2960112744 1 637041022 134268751 3089258238 3194531666 3584333975 5 2 3138681234 1 1 506900920 1 3680364421 3565908537 1602771911 2886340977 1 3 2 3 1 4 1 2 2748122146 3483577357 3729108985 1 1 1 2054388949 7 8 2116987601 3605878452 1 7 2 1828812020 1 3816606694 1 543217116 1 1 712970044 3163769800 3763282808 1964926149 1831836548 3 1 1 2013528551 2144506156 1823429080 4 1 4 2 2447208572 2138321238 1 3366873469 777987998 1 838124449 1 4 980381910 1874764860 3103275569 2483953921 1534209882 1 1 1 1 1 8 1816063776 1791949069 2688683240 2282992804 1 1 3482137734 1 4 2553249952 4276505742 2466049939 1152108021 849061307 1 1033641110 1 2099708282 1 1901331624 4 2293711144 2977146003 212829012 1 4048171073 2661110212 1568504287 3351749816 3 3904172375 3885716203 1 4143332595 3871701036 1 4 4110528807 225707344 4241593272 1549259674 1 837964214 
1 103
9 34
11 72
12 63
19 55
20 102
27 56
33 45
33 79
36 57
37 65
44 78
46 34
47 6
47 45
49 84
49 93
50 11
56 95
59 51
59 60
59 71
65 64
67 124
69 64
79 51
80 64
84 78
85 60
86 10
87 90
93 122
96 112
104 115
106 105
107 46
107 86
107 140
116 96
116 143
122 27
126 113
128 3
128 48
128 132
137 19
137 60
144 33
144 87
149 39

