50 750
437 888 375 159 222 693 587 477 635 77 608 337 770 742 706 826 818 622 840 102 828 953 117 603 513 444 248 1277 226 605 764 617 517 416 156 231 132 122 274 191 105 811 724 434 484 356 854 72 436 683 
1 6
1 12
1 14
1 19
1 22
1 23
1 30
1 32
1 34
1 36
1 37
1 39
1 40
1 41
1 42
2 1
2 5
2 6
2 8
2 10
2 11
2 12
2 13
2 16
2 23
2 24
2 25
2 28
2 29
2 33
2 34
2 45
2 46
2 47
3 2
3 6
3 7
3 10
3 14
3 17
3 19
3 25
3 26
3 43
3 46
3 47
4 5
4 8
4 11
4 12
4 16
4 19
4 20
4 21
4 23
4 24
4 29
4 32
4 33
4 35
4 37
4 38
4 41
4 42
4 48
4 50
5 3
5 15
5 16
5 21
5 23
5 24
5 32
5 35
5 36
5 37
5 39
5 42
5 44
5 46
6 4
6 8
6 9
6 10
6 19
6 20
6 22
6 40
6 42
6 43
6 46
6 50
7 2
7 4
7 9
7 12
7 14
7 17
7 18
7 22
7 28
7 29
7 31
7 33
7 36
7 37
7 38
7 44
7 45
7 46
7 48
8 3
8 7
8 9
8 14
8 20
8 22
8 24
8 26
8 27
8 28
8 32
8 38
8 39
8 43
8 44
8 45
9 1
9 2
9 4
9 5
9 10
9 12
9 17
9 18
9 20
9 25
9 26
9 35
9 37
9 39
9 44
10 5
10 7
10 14
10 15
10 17
10 25
10 30
10 31
10 33
10 40
10 46
10 49
11 3
11 5
11 8
11 9
11 13
11 21
11 22
11 23
11 24
11 27
11 28
11 30
11 31
11 32
11 34
11 36
11 39
11 41
11 46
11 48
12 3
12 5
12 8
12 11
12 15
12 29
12 30
12 31
12 34
12 43
12 44
13 1
13 4
13 8
13 15
13 16
13 17
13 24
13 26
13 28
13 37
13 43
14 4
14 5
14 11
14 12
14 15
14 19
14 21
14 26
14 28
14 36
14 38
14 40
14 44
14 45
14 49
14 50
15 1
15 4
15 6
15 17
15 22
15 25
15 32
15 36
15 37
15 38
15 39
15 50
16 1
16 3
16 8
16 14
16 15
16 22
16 24
16 26
16 28
16 29
16 31
16 33
16 38
16 40
16 42
16 43
16 47
16 50
17 1
17 8
17 12
17 19
17 21
17 26
17 31
17 33
17 34
17 35
17 37
17 39
17 50
18 2
18 3
18 6
18 10
18 13
18 14
18 15
18 17
18 21
18 28
18 31
18 32
18 36
18 37
18 41
18 44
18 45
18 48
19 8
19 12
19 13
19 15
19 16
19 18
19 25
19 28
19 29
19 30
19 31
19 32
19 36
19 41
19 43
19 48
19 50
20 2
20 3
20 11
20 17
20 19
20 24
20 26
20 28
20 35
20 39
20 45
20 46
20 47
20 50
21 2
21 6
21 7
21 10
21 13
21 15
21 19
21 20
21 22
21 27
21 30
21 33
21 39
21 43
21 44
21 45
21 48
22 2
22 10
22 12
22 13
22 14
22 18
22 19
22 25
22 26
22 27
22 30
22 33
22 39
22 42
22 46
22 49
23 13
23 17
23 18
23 20
23 24
23 25
23 31
23 32
23 34
23 35
23 38
23 39
23 41
23 44
24 1
24 10
24 15
24 17
24 18
24 19
24 25
24 27
24 31
24 33
24 46
24 47
25 4
25 5
25 6
25 8
25 12
25 18
25 20
25 28
25 30
25 35
25 36
25 38
25 42
25 44
25 46
25 50
26 1
26 5
26 7
26 12
26 15
26 18
26 19
26 21
26 23
26 31
26 32
26 34
26 36
26 48
26 50
27 2
27 3
27 4
27 6
27 7
27 10
27 15
27 19
27 25
27 30
27 35
27 36
27 39
27 40
27 42
27 48
27 49
27 50
28 1
28 4
28 5
28 6
28 17
28 21
28 22
28 23
28 26
28 29
28 32
28 34
28 36
28 38
28 39
28 40
28 42
28 43
28 44
28 45
28 49
29 1
29 3
29 14
29 22
29 24
29 27
29 30
29 33
29 34
29 42
29 46
29 47
29 49
30 3
30 5
30 6
30 8
30 15
30 17
30 18
30 34
30 35
30 36
30 39
30 42
30 47
30 50
31 1
31 4
31 8
31 13
31 20
31 25
31 27
31 28
31 35
31 36
31 38
31 41
31 42
31 46
31 48
32 2
32 3
32 7
32 9
32 13
32 14
32 20
32 25
32 30
32 31
32 34
32 37
32 40
32 42
32 44
32 46
32 48
33 1
33 3
33 5
33 9
33 13
33 23
33 26
33 32
33 41
33 42
33 43
33 44
33 50
34 3
34 5
34 6
34 7
34 8
34 9
34 13
34 16
34 22
34 25
34 27
34 37
34 38
34 40
34 42
34 43
34 44
34 48
34 50
35 2
35 6
35 7
35 8
35 13
35 14
35 28
35 32
35 34
35 37
35 45
35 47
35 48
35 50
36 2
36 6
36 10
36 24
36 29
36 32
36 34
36 42
36 49
36 50
37 8
37 10
37 22
37 23
37 25
37 29
37 30
37 33
37 42
37 43
37 46
37 49
37 50
38 5
38 6
38 11
38 18
38 20
38 22
38 24
38 27
38 35
38 37
38 43
38 45
39 2
39 6
39 7
39 10
39 16
39 19
39 26
39 34
39 35
39 37
39 42
39 47
39 50
40 4
40 5
40 11
40 15
40 17
40 18
40 20
40 21
40 22
40 25
40 37
40 39
40 41
40 47
40 48
41 3
41 6
41 8
41 15
41 17
41 24
41 25
41 26
41 28
41 29
41 34
41 35
41 36
41 38
41 47
42 2
42 3
42 8
42 10
42 12
42 13
42 17
42 19
42 21
42 23
42 40
42 41
42 46
43 1
43 5
43 7
43 11
43 20
43 22
43 23
43 27
43 31
43 35
43 36
43 39
43 40
43 41
43 42
43 45
43 49
43 50
44 4
44 10
44 15
44 16
44 17
44 20
44 22
44 35
44 40
44 42
44 46
44 47
44 50
45 1
45 6
45 9
45 10
45 11
45 12
45 13
45 15
45 19
45 22
45 24
45 31
45 36
46 1
46 4
46 12
46 15
46 16
46 17
46 21
46 26
46 33
46 35
46 36
46 39
46 40
46 47
46 49
46 50
47 1
47 6
47 7
47 9
47 11
47 13
47 14
47 18
47 19
47 21
47 25
47 26
47 27
47 33
47 42
47 43
47 50
48 2
48 3
48 9
48 10
48 13
48 14
48 15
48 16
48 24
48 28
48 38
48 39
48 41
49 1
49 3
49 7
49 9
49 11
49 16
49 17
49 18
49 20
49 21
49 24
49 30
49 34
49 39
49 40
49 44
49 48
50 1
50 5
50 8
50 9
50 10
50 12
50 13
50 22
50 23
50 24
50 29
50 32
50 42
50 48

