300 750
21 13 16 18 37 2 1 9 4 33 3 15 15 7 8 5 4 3 20 32 8 10 7 11 15 33 2 1 3 1 20 10 13 9 17 11 24 11 44 18 12 11 49 6 22 33 21 6 9 1 14 71 3 8 4 2 75 25 4 40 6 6 2 2876164966 81 9 6 39 5 5 8 4 3 3 15 16 3 11 24 13 14 20 17 33 30 11 1 1 20 1 24 1 38 9 22 18 39 14 15 5 1 20 12 15 1 19 4 13 13 12 23 48 14 10 3 1 4 1 19 13 4 4 5 13 3 25 9 6 8 5 1 15 7 5 1 1 11 3 7 4 4 6 1 54 11 1 7 8 62 3 2 8 8 4 1 59 24 1 5 4 1 6 8 19 13 3 15 14 8 14 27 4 22 3 1 45 3 14 9 15 5 9 17 11 2 9 2 31 7 14 14 1 27 38 37 42 7 4 27 1 6 8 18 23 24 9 19 4 23 1 3 18 11 7 10 7 17 8 54 5 8 20 6 3 3 26 23 3 20 18 24 9 21 35 2 19 117 1 6 30 1 27 1 88 9 7 13 16 74 32 10 80 8 2 16 13 1 30 5 9 5 5 8 47 6 5 36 1 81 14 14 21 59 33 6 54 8 18 17 24 13 22 36 34 15 3 4 32 7 3 18 1 34 12 33 1 5 36 1 4 
1 298
2 188
3 11
3 194
3 265
4 102
4 104
4 159
5 58
5 68
5 85
5 117
5 126
5 176
6 12
6 239
8 102
8 282
8 287
8 299
9 70
9 182
9 284
10 168
10 219
11 234
11 258
12 58
12 205
12 289
13 196
14 36
14 74
14 243
15 189
16 192
16 273
17 2
17 10
17 32
17 38
17 246
18 73
18 142
19 26
19 80
19 97
19 278
20 57
20 133
20 222
21 51
21 159
22 9
22 104
22 284
23 43
23 97
23 98
23 269
23 283
24 159
24 269
25 41
25 93
25 209
26 168
26 238
26 283
29 258
29 289
30 46
31 39
31 48
32 15
32 154
32 157
32 218
32 297
33 108
33 253
33 295
34 235
34 252
35 61
35 88
35 164
35 244
36 116
36 137
36 244
37 96
37 264
39 247
40 1
40 45
40 62
40 134
40 155
40 219
41 256
41 288
42 47
42 132
42 136
42 204
43 232
43 269
43 293
44 29
44 103
45 188
45 285
46 118
46 164
46 203
46 255
47 63
48 43
48 60
48 133
49 20
49 158
49 197
49 231
50 113
51 13
51 219
51 263
52 36
52 89
52 90
52 270
52 278
53 16
53 243
54 153
54 180
54 243
54 282
55 139
56 145
56 263
56 283
57 23
57 49
57 149
57 283
58 61
58 272
59 116
59 129
60 156
60 222
61 147
61 262
62 227
63 107
63 214
65 18
65 129
65 131
65 195
65 275
65 295
66 27
66 99
66 122
66 184
66 210
67 11
68 20
68 79
68 119
68 205
69 103
69 181
70 131
71 82
71 200
72 39
72 115
73 190
73 232
74 179
74 279
75 48
75 106
75 293
76 4
76 179
76 226
76 249
76 264
76 268
77 112
77 144
77 186
77 267
77 281
78 8
78 79
78 189
78 233
78 246
79 4
79 124
79 157
79 251
80 102
80 208
80 237
81 38
81 218
81 236
81 237
82 38
82 157
82 258
83 45
83 149
83 152
83 173
83 244
84 37
84 46
84 190
84 249
84 279
85 46
85 58
85 149
85 237
85 248
85 276
86 68
86 125
86 130
86 271
88 2
89 29
89 164
91 131
91 220
92 23
93 87
93 195
93 219
94 254
95 7
95 58
95 288
96 44
96 47
96 71
97 41
97 134
97 162
98 178
98 265
99 281
100 44
100 182
102 101
102 162
102 261
103 40
104 9
104 254
105 38
106 24
106 36
106 52
106 95
106 276
106 286
107 174
107 244
108 107
108 179
109 52
109 93
109 140
109 229
109 299
110 75
110 97
110 162
110 165
111 106
111 180
112 22
112 23
112 54
112 122
113 148
113 244
114 40
114 68
114 207
116 112
117 175
118 1
118 219
119 45
119 66
119 188
119 226
120 87
120 195
120 217
120 236
121 31
122 85
122 149
122 249
122 271
123 77
123 177
124 86
124 108
124 300
125 202
126 55
127 4
127 265
128 11
128 96
128 149
129 87
129 118
129 242
130 24
130 213
131 207
132 54
132 97
132 264
133 15
133 60
134 11
134 181
135 203
136 212
136 259
137 104
138 13
139 47
139 137
140 127
141 89
141 166
141 182
142 71
142 114
142 176
143 42
143 91
143 131
143 169
144 37
144 57
144 107
144 190
144 209
145 57
145 82
145 111
145 122
145 149
145 173
145 201
145 262
145 269
146 116
147 280
148 31
148 52
148 264
149 103
149 225
150 111
150 130
150 132
150 222
151 107
151 212
152 293
153 168
153 176
153 252
154 188
155 255
156 4
156 94
156 197
156 244
157 43
157 116
157 274
158 63
158 67
160 273
161 300
162 160
162 171
162 227
162 244
162 283
163 223
164 38
165 69
165 164
166 244
167 62
167 163
167 193
168 35
168 60
169 39
170 132
171 8
171 32
171 156
171 226
172 76
173 119
173 132
173 140
173 170
174 163
174 252
176 39
176 121
177 260
178 26
178 147
178 279
179 10
179 184
180 253
181 15
181 284
182 188
183 46
183 141
183 233
183 246
184 47
184 271
185 119
185 276
186 261
186 289
187 163
188 55
188 61
188 249
189 6
189 67
189 123
190 124
190 213
191 26
191 242
191 259
192 129
192 163
193 32
193 186
193 231
194 22
194 78
194 118
194 144
194 182
194 282
195 100
195 142
195 187
195 280
196 30
196 44
196 126
196 225
196 255
197 20
197 65
197 276
198 203
199 94
199 214
199 249
199 267
201 37
201 156
202 60
202 116
202 138
203 247
204 31
204 62
204 223
204 242
205 98
206 10
206 169
207 171
208 271
209 23
209 24
210 56
210 85
210 135
210 207
210 259
211 187
211 273
212 2
212 261
212 280
213 152
213 220
214 75
215 30
215 89
215 218
215 222
216 104
216 254
216 256
217 104
217 108
217 153
217 191
218 3
218 196
219 57
219 250
219 285
220 99
220 149
220 261
221 44
221 58
222 53
222 114
222 172
222 288
223 168
223 240
223 286
224 3
224 261
224 276
225 86
226 5
226 188
226 230
227 15
227 259
227 291
228 1
228 240
229 56
229 147
230 6
230 70
230 80
230 130
231 1
231 32
231 203
231 245
231 299
232 171
233 34
233 272
233 294
234 193
234 273
234 276
234 291
235 191
236 99
236 110
237 28
237 94
237 112
237 137
237 177
237 204
237 208
237 223
237 293
239 78
239 91
240 68
240 154
241 27
242 180
242 198
242 199
244 13
244 39
244 98
244 222
245 91
245 133
245 183
245 207
247 78
247 130
247 240
248 52
248 114
248 278
249 36
249 134
249 234
249 274
250 89
250 163
250 183
250 196
250 251
251 40
251 154
252 19
252 57
252 229
252 247
252 280
253 57
254 112
255 137
255 151
255 293
255 294
256 31
256 39
256 156
256 282
256 294
257 122
258 86
258 93
258 126
258 205
258 237
259 242
260 50
260 209
260 270
260 274
261 84
263 297
264 205
264 216
265 233
266 115
266 254
267 25
267 157
267 176
267 223
269 65
269 66
269 74
269 176
269 229
269 233
269 263
270 33
270 93
271 243
271 284
272 106
272 193
272 243
273 12
273 21
273 43
274 65
274 129
274 140
274 187
274 243
274 244
275 36
275 258
276 16
276 111
276 130
276 177
277 29
277 199
277 236
278 170
279 264
279 273
280 60
281 96
281 165
282 52
282 95
282 206
283 156
284 8
284 31
284 113
284 202
284 221
284 297
285 118
285 144
285 252
287 199
288 126
288 240
288 282
289 214
290 91
290 252
290 260
290 277
291 5
291 10
291 52
291 114
292 116
292 197
293 62
293 165
294 109
294 167
295 42
295 95
295 99
295 110
295 243
296 25
297 164
298 62
298 159
298 170
298 262
298 278
299 41
299 266

