150 50
4 3047736611 1 1 1 4137971708 1 1198118148 1402882315 2107950654 2837492383 2784316589 2 3312674054 3035819998 3907062117 1 1 1 2 1 1 3 1416598708 1160724929 71185872 4128960328 1 3741501453 1681442711 1 4083686324 1 113409038 2083115077 4 1 1 3996158732 309914565 1 1 4285441291 755710825 1 1 1 2 1 2139197430 603800213 1 1976087054 2686773135 3946421499 737765698 2210103896 2746408077 3435529779 1 3 3432532848 1270302742 4039855935 1 3468973873 1 1 3956376521 1 1 1 1 1 1 3757303212 1698654305 986437203 1 8 1 3628993811 1389269133 1 1649458184 1068582839 1858357981 3157000068 1 4 1 2257976474 1 1 1 1643912754 4230739439 1 2368824694 3430993749 2028168590 863339690 3259915605 3695606185 1 1 3430369026 2800018823 2 123424481 1272077403 3707035115 1 3 1 3 1 1 1 827236135 4198951581 671614914 3833826159 2 1712628154 3117986437 1 4019157111 1 1 4 2 2963177620 1741640992 2 2929867808 4 3679300558 1 2374748986 3248164424 1 2016568577 1 1 1 59084970 1 1452512279 2447591969 
1 28
3 45
5 42
13 79
13 93
17 105
18 80
22 60
23 116
23 148
31 48
38 65
41 127
42 65
46 36
47 37
48 20
49 4
52 1
61 90
61 124
68 117
72 33
73 84
74 132
75 137
80 20
84 18
90 80
91 19
94 137
95 89
98 119
106 135
109 36
113 146
114 81
114 109
115 22
115 48
118 144
124 17
129 67
130 68
131 21
132 7
135 116
139 70
142 131
145 71

