100 100
338434924 4 4 2 3219071909 11 13 517361999 2 977041399 1 2 2 13 1078230975 5 1 4 3 4 1 1 4 1 1 1 1 180170736 1 1 1600976530 1 6 2 1 3375424186 9 8 14 10 4 1 4 1 3105264310 2373131712 3 7 2 1 5 3 3787933730 9 1 2 6 4 1 6 3 3 1 1 1 1 5 1 2 10 4 7 244026347 1 639997047 3 1 4 4 1 2 3 2055604970 6 2 1 1 7 1 1 1 2 4254492573 1450612228 7 1401360268 7 3 4 4 
2 74
3 77
3 99
4 60
6 40
6 68
9 21
9 82
12 57
12 90
13 6
13 21
14 18
14 81
16 14
16 43
16 95
18 91
19 7
19 71
20 39
20 100
21 18
22 48
25 64
26 30
26 98
27 38
33 47
34 14
35 77
37 7
37 49
38 37
38 90
39 17
39 84
40 2
40 39
40 57
41 95
42 39
43 71
44 34
47 23
47 67
48 57
50 29
50 42
51 77
51 81
51 99
52 41
54 52
54 86
54 88
55 90
56 72
56 92
57 88
58 33
59 67
60 18
61 6
61 85
62 49
63 92
66 41
67 2
68 58
69 71
70 11
70 18
70 23
70 65
71 35
76 69
76 99
79 40
79 78
80 4
81 24
81 57
82 32
84 7
84 26
84 56
87 33
88 62
88 72
88 85
89 76
89 77
90 7
95 52
97 24
97 48
97 78
98 72
100 60

