250 500
3 9 13 12 9 20 3 28 13 10 8 8 29 4 4 1 24 8 2 54 15 8 1 14 71 8 1 1 12 2 2 1 1 9 33 1 1 12 25 15 5 5 3 7 2 15 3 20 1 25 8 8 1 4 12 11 2 3 13 1 21 2 21 17 1 6 6 4 14 21 1 13 88 6 17 1 23 3 15 1 6 20 22 11 1 14 9 4 8 3 20 4 1 1 3 13 2 14 3 1 1 14 1 38 9 5 2 13 38 2 4 1 4 17 12 2 30 6 1 1 3 6 4 21 3 5 1 25 47 1 4 6 8 1 1 39 49 8 4 6 6 7 3 5 7 1 4 1 4 1830491986 7 12 5 4 8 9 6 26 2 1 4 7 1 1 20 15 2 1 3 26 5 7 15 5 16 5 7 5 6 9 3 9 18 34 15 1 35 6 6 7 9 24 1 3 19 4 8 23 24 30 4 14 18 1 1 19 7 1 35 3 6 3 1 10 5 1 3 3 6 2 2 3 8 4 9 8 7 1 2 3 1 7 20 49 11 18 1 7 4 1 11 8 13 10 17 2 12 14 28 25 
1 12
2 129
2 165
2 202
2 206
3 119
3 200
3 228
4 65
4 182
4 242
5 88
5 235
6 73
6 109
6 143
7 8
7 166
8 40
8 45
8 82
9 7
9 99
10 11
10 61
10 84
10 120
10 143
11 21
11 25
11 26
11 223
12 161
12 209
13 4
13 129
15 99
15 174
15 228
15 243
17 85
17 188
17 195
18 61
18 73
19 50
19 69
19 247
20 114
20 137
20 140
20 250
21 13
21 107
22 129
24 92
24 172
25 83
25 104
25 190
25 206
26 175
27 100
29 68
31 179
31 249
32 23
32 142
32 196
33 58
34 7
34 18
34 233
35 29
35 64
35 187
37 86
37 157
38 3
38 41
38 69
39 77
39 91
39 121
39 161
39 188
40 14
40 18
40 73
41 82
41 102
41 133
41 146
42 178
43 19
43 25
44 39
44 50
44 104
45 118
46 65
46 67
47 24
47 123
47 147
48 11
48 41
48 76
48 110
48 199
49 182
50 83
50 143
50 234
51 6
51 138
51 185
52 124
52 129
53 29
53 186
54 141
54 185
55 8
55 182
56 35
56 79
56 111
56 126
57 184
58 3
59 28
59 128
59 153
59 247
60 162
60 177
61 42
61 117
63 195
63 228
63 232
64 139
64 158
64 221
65 87
66 192
66 198
68 23
68 133
69 104
69 149
70 131
70 209
71 31
72 74
73 59
73 87
73 181
73 198
73 201
74 170
75 115
75 230
76 25
76 81
77 9
77 131
78 126
78 131
79 88
80 242
81 20
82 190
82 236
83 2
83 22
83 250
84 90
84 136
84 241
85 131
86 70
86 73
87 62
88 124
89 102
89 174
89 192
90 247
91 74
91 238
92 9
93 192
95 137
95 203
95 212
96 113
97 196
98 69
98 107
98 184
98 191
99 196
99 249
102 2
102 196
103 140
105 108
105 210
106 155
106 219
106 236
106 248
107 51
108 40
108 53
108 170
109 29
109 32
109 72
109 145
110 62
113 93
114 46
114 196
115 35
115 169
117 38
117 51
117 97
118 136
118 144
119 10
119 39
119 84
119 104
119 157
119 184
119 247
120 248
122 176
122 200
122 235
123 79
124 83
124 166
124 198
125 59
125 79
127 187
128 22
128 63
128 70
129 235
130 5
130 82
131 40
131 198
131 245
132 104
132 178
133 88
133 99
133 139
134 6
135 101
136 40
136 69
136 194
136 219
137 90
137 220
138 3
138 96
139 24
139 91
140 218
141 30
141 224
142 9
142 16
143 94
143 202
143 210
144 72
144 106
144 203
145 40
145 74
147 34
148 104
148 249
149 107
151 86
151 114
152 48
152 180
152 219
152 225
153 177
154 26
154 111
155 67
156 221
157 26
158 7
158 95
158 181
159 70
162 15
162 75
165 184
166 61
166 137
166 231
167 181
168 45
168 250
169 141
170 51
170 77
170 247
171 23
171 65
171 159
171 182
172 36
172 151
173 154
173 167
173 189
173 225
174 158
174 218
175 20
175 114
175 132
176 205
176 227
177 165
177 209
178 26
179 118
179 170
179 236
180 223
181 104
182 18
182 25
182 137
183 17
183 57
183 116
183 165
184 17
184 55
184 109
184 155
185 132
185 165
185 209
187 136
187 219
187 239
188 215
189 40
189 248
190 153
191 11
191 52
192 160
193 82
195 13
195 16
195 157
196 73
197 98
197 112
197 115
198 14
199 25
199 61
199 152
199 245
200 20
200 187
200 245
201 66
201 124
201 217
201 250
202 17
202 47
202 226
203 104
203 156
203 177
203 180
203 192
203 215
203 248
204 227
206 4
206 137
206 155
207 96
207 114
207 198
208 79
209 118
209 215
209 225
209 234
210 38
211 4
211 14
212 178
213 81
213 84
213 127
213 141
213 154
213 221
213 232
214 1
214 185
214 201
215 91
216 156
217 46
217 75
218 128
220 11
220 77
221 200
221 211
221 249
222 210
222 224
223 156
224 20
225 117
225 236
226 59
226 72
226 109
227 30
229 75
229 105
230 116
230 129
232 117
232 121
233 158
233 183
233 230
233 234
234 129
234 172
234 200
234 244
235 55
236 8
236 64
237 231
238 42
238 96
239 164
239 217
240 39
240 56
241 48
241 131
241 214
242 63
242 98
243 5
243 163
243 223
244 13
244 54
244 75
245 25
245 35
245 67
246 10
246 13
246 126
246 189
247 203
248 153
249 18
249 21
249 111
249 194
249 226
249 233
249 247
250 239

