250 2000
102 154 287 99 109 239 92 4 243 113 124 102 147 114 31 69 65 19 128 59 83 42 235 282 60 23 109 433 37 373 91 44 84 108 154 12 7 41 207 144 176 85 3 59 104 58 2 24 240 83 120 110 13 146 33 21 62 31 67 151 255 92 130 20 87 197 51 99 182 114 237 137 22 60 36 92 354 165 211 8 154 190 6 65 30 46 190 330 103 134 7 402 240 50 403 342 195 127 182 71 366 81 47 17 39 289 11 105 170 63 365 157 218 251 54 21 31 67 254 27 283 16 36 153 1 167 72 114 346 52 33 113 66 83 207 267 114 53 170 62 16 104 178 265 65 12 27 195 26 10 91 273 164 106 167 145 97 76 248 101 67 98 8 262 84 185 136 95 344 92 47 74 54 123 324 272 22 39 368 165 181 101 145 20 172 345 336 301 237 40 15 325 49 77 106 4 229 213 200 255 283 287 117 77 76 293 107 206 34 126 239 65 183 53 303 96 147 255 11 18 125 220 41 81 157 9 474 108 210 238 20 202 53 148 114 65 182 93 246 52 113 118 288 45 278 80 96 101 64 71 
1 8
1 45
1 66
1 95
1 157
1 159
1 211
2 8
2 10
2 36
2 56
2 65
2 88
2 129
2 222
2 235
3 8
3 85
3 89
3 131
3 162
3 175
3 194
3 196
3 221
4 64
4 92
4 96
4 166
4 171
4 197
4 244
5 52
5 69
5 97
5 124
5 125
5 130
5 186
5 216
5 243
6 77
6 80
6 102
6 123
6 222
6 246
7 30
7 73
7 95
7 134
7 152
7 179
7 183
7 198
7 201
7 205
7 206
8 19
8 23
8 82
8 95
8 96
8 127
8 193
8 202
8 213
9 35
9 124
9 141
9 164
9 211
9 213
9 220
9 243
10 14
10 87
10 165
10 185
10 193
10 207
10 247
11 9
11 50
11 142
11 178
11 181
11 192
11 194
11 232
12 60
12 101
12 109
12 129
12 155
12 195
12 221
13 22
13 28
13 45
13 191
13 240
14 11
14 30
14 36
14 92
14 132
14 172
14 174
14 219
14 239
15 136
15 158
15 161
15 201
15 232
16 7
16 18
16 38
16 69
16 205
16 219
16 241
17 87
17 122
17 214
18 28
18 34
18 39
18 69
18 76
18 84
18 127
18 215
18 222
18 235
19 28
19 79
19 138
19 142
19 164
19 196
19 214
19 236
19 242
20 28
20 50
20 76
20 92
20 93
20 196
20 209
21 8
21 11
21 28
21 37
21 42
21 66
21 78
21 97
21 137
21 238
22 45
22 66
22 116
22 147
22 158
22 165
22 189
22 224
23 18
23 50
23 84
23 141
23 144
23 151
23 159
23 240
23 248
24 77
24 87
24 117
24 142
24 150
24 179
25 40
25 56
25 67
25 72
25 77
25 111
25 140
25 195
25 218
26 67
26 172
26 209
26 240
27 6
27 54
27 61
27 98
27 160
27 164
27 195
27 225
27 229
28 5
28 14
28 46
28 54
28 92
28 100
28 116
28 128
28 139
28 196
28 206
28 246
29 16
29 38
29 42
29 119
29 206
30 8
30 37
30 48
30 58
30 72
30 75
30 85
30 86
30 97
30 109
30 114
30 129
30 152
30 167
30 173
30 204
30 225
30 237
31 29
31 68
31 90
31 98
31 113
31 148
31 151
31 153
31 215
32 23
32 25
32 26
32 27
32 58
32 69
32 85
32 90
32 170
32 206
32 225
32 231
32 242
33 9
33 22
33 78
33 108
33 115
33 117
33 131
33 132
33 139
33 204
33 219
33 244
34 27
34 83
34 97
34 122
34 130
34 142
34 202
34 207
35 24
35 25
35 37
35 167
35 171
35 212
36 6
36 9
36 11
36 144
36 155
36 171
36 172
36 186
36 217
36 227
37 14
37 81
37 98
37 209
37 242
38 12
38 82
38 144
38 146
38 147
38 188
38 200
38 204
38 222
39 33
39 41
39 76
39 86
39 101
39 125
39 156
39 159
39 209
39 217
39 227
39 234
39 248
40 36
40 57
40 245
41 94
41 99
41 133
41 143
41 173
41 185
41 203
41 213
41 230
41 244
42 86
42 119
42 179
42 188
43 4
43 72
43 88
43 179
43 181
44 5
44 45
44 48
44 78
44 81
44 100
44 157
44 160
44 175
44 181
44 187
44 241
45 79
45 104
45 188
45 194
45 195
45 218
45 245
46 3
46 19
46 116
46 227
47 9
47 55
47 86
47 134
47 198
47 208
47 227
47 239
48 74
48 85
48 112
48 143
48 146
48 160
48 162
48 172
48 176
48 186
48 236
49 55
49 95
49 112
49 128
49 169
49 174
49 182
49 209
49 211
49 227
50 34
50 86
50 159
50 225
51 20
51 24
51 50
51 142
51 170
52 50
52 87
52 97
52 108
52 109
52 134
52 142
52 230
53 22
53 50
53 101
53 135
53 178
54 11
54 60
54 68
54 146
54 172
54 214
54 228
54 247
55 144
55 199
55 214
55 216
55 229
56 79
56 111
56 143
56 169
56 216
56 219
57 3
57 59
57 65
57 82
57 93
57 186
57 189
57 200
58 25
58 37
58 51
58 80
58 178
59 20
59 36
59 63
59 68
59 130
59 133
59 136
59 153
59 201
59 238
59 250
60 10
60 16
60 34
60 126
60 216
60 238
61 18
61 48
61 59
61 223
62 6
62 84
62 173
62 192
63 16
63 35
63 152
63 161
63 186
63 190
64 22
64 31
64 171
65 23
65 38
65 50
65 53
65 75
65 104
65 117
65 167
65 178
65 184
65 204
65 221
65 236
65 249
66 11
66 37
66 38
66 113
66 135
66 163
66 178
66 241
67 11
67 13
67 56
67 84
67 86
67 127
67 160
67 169
68 45
68 56
68 91
68 117
68 160
68 245
69 19
69 37
69 42
69 106
69 144
69 180
69 181
70 11
70 62
70 131
70 184
70 220
70 227
71 5
71 38
71 49
71 143
71 160
71 179
71 190
71 227
71 245
72 29
72 66
72 67
72 102
72 104
72 174
72 209
72 211
73 53
73 70
73 117
73 148
73 212
73 243
74 22
74 111
74 194
74 196
75 67
75 73
75 81
75 156
75 157
76 55
76 89
76 116
76 120
76 128
76 136
76 154
76 182
77 23
77 57
77 81
77 105
77 106
77 125
77 137
77 140
77 225
77 231
77 235
77 246
78 17
78 62
78 65
78 81
78 113
78 136
78 142
78 144
78 186
79 8
79 14
79 16
79 69
79 77
79 103
79 129
79 135
79 145
79 161
79 178
80 74
80 81
80 83
80 98
80 127
80 137
80 142
80 159
80 199
80 208
81 99
81 206
81 239
81 240
82 6
82 9
82 21
82 53
82 55
82 73
82 74
82 174
82 211
83 20
83 22
83 49
83 96
83 174
83 211
84 8
84 72
84 121
84 132
84 156
84 174
84 196
84 199
84 248
85 23
85 27
85 37
85 62
85 76
85 186
85 214
85 235
86 12
86 40
86 75
86 125
86 142
86 145
86 192
86 217
87 27
87 79
87 151
87 154
87 161
87 179
87 183
87 207
87 214
88 36
88 52
88 64
88 91
88 131
88 156
88 184
88 205
88 230
89 10
89 71
89 81
89 175
89 206
90 103
90 138
90 214
90 219
91 66
91 125
91 130
91 163
91 188
91 219
91 224
92 17
92 30
92 34
92 49
92 54
92 59
92 68
92 71
92 79
92 98
92 100
92 158
92 182
92 219
93 19
93 38
93 62
93 92
93 134
93 158
93 165
93 173
94 16
94 17
94 66
94 91
94 116
94 138
94 147
94 154
94 237
95 34
95 56
95 89
95 91
95 96
95 111
95 128
95 188
95 238
96 13
96 26
96 28
96 70
96 80
96 120
96 142
96 188
96 210
96 227
96 233
97 4
97 71
97 75
97 241
98 62
98 134
98 136
98 223
98 247
99 12
99 29
99 38
99 95
99 135
99 136
100 90
100 116
100 120
100 142
100 200
101 1
101 2
101 10
101 17
101 21
101 25
101 36
101 56
101 126
101 196
101 207
101 218
102 15
102 75
102 116
102 161
103 55
103 64
103 111
103 115
103 135
103 213
103 222
104 35
104 39
104 52
104 184
104 187
104 208
104 228
104 236
105 93
105 127
105 128
105 161
105 199
105 215
106 26
106 41
106 43
106 49
106 90
106 96
106 183
106 206
106 215
106 245
107 12
107 88
107 89
107 105
107 135
107 136
107 153
107 160
107 201
107 241
108 20
108 77
108 112
108 128
108 155
109 45
109 48
109 64
109 84
109 92
109 119
109 122
109 143
109 185
109 222
109 233
109 243
110 69
110 91
110 126
110 129
110 176
110 208
111 10
111 27
111 102
111 121
111 162
111 200
111 215
111 216
111 238
112 69
112 90
112 99
112 121
112 126
112 148
112 171
112 221
112 227
113 37
113 75
113 108
113 139
113 170
113 240
114 10
114 15
114 18
114 34
114 83
114 110
114 124
114 126
114 150
114 154
114 165
114 174
114 189
115 28
115 44
115 51
115 64
115 124
115 136
115 186
115 190
115 224
115 230
116 3
116 24
116 59
116 73
116 95
116 113
116 117
116 120
116 153
116 241
117 132
117 135
117 236
117 246
118 148
118 150
118 171
118 179
118 190
118 217
118 225
118 243
119 16
119 37
119 54
119 72
119 87
119 90
119 93
119 108
119 114
119 186
119 213
120 14
120 27
120 52
120 57
120 72
120 77
120 136
120 151
120 166
120 204
120 207
120 219
121 2
121 57
121 77
121 78
121 87
121 95
121 106
121 149
121 151
121 190
121 231
121 235
121 246
122 6
122 10
122 78
122 87
122 97
122 112
122 128
122 142
122 154
122 179
122 218
123 41
123 63
123 69
123 71
123 96
123 109
123 208
124 33
124 50
124 60
124 69
124 86
124 128
124 135
124 169
124 170
124 193
124 195
124 197
125 28
125 133
125 175
126 15
126 54
126 139
126 142
126 235
126 250
127 4
127 19
127 20
127 39
127 40
127 53
127 68
127 102
127 125
127 134
127 145
127 189
127 222
127 231
128 21
128 37
128 75
128 161
128 215
129 3
129 66
129 80
129 112
129 160
129 168
129 178
129 229
130 6
130 13
130 65
130 82
130 105
130 112
130 145
130 187
131 9
131 36
131 91
131 113
131 153
131 180
131 182
131 209
131 220
131 232
131 242
132 1
132 74
132 75
132 102
132 138
132 141
132 226
132 237
133 6
133 9
133 12
133 39
133 52
133 76
133 95
133 160
133 168
133 202
133 229
134 8
134 43
134 54
134 64
134 97
134 110
134 124
134 154
135 3
135 88
135 94
135 133
135 160
135 161
135 205
135 240
136 27
136 36
136 81
136 101
136 173
136 233
136 240
137 24
137 33
137 57
137 70
137 71
137 76
137 95
137 126
137 140
137 157
137 160
137 189
137 197
137 219
137 239
138 10
138 54
138 61
138 72
138 101
138 119
138 143
138 170
138 180
138 250
139 7
139 10
139 50
139 54
139 77
139 86
139 111
139 159
139 181
139 218
140 31
140 39
140 48
140 60
140 96
140 115
140 152
140 190
140 199
141 13
141 31
141 73
141 88
141 100
141 120
141 191
141 244
142 1
142 57
142 155
142 229
143 6
143 7
143 44
143 50
143 102
143 104
143 129
143 156
143 157
144 15
144 65
144 100
144 102
144 108
144 133
144 149
144 165
144 207
144 210
144 228
145 29
145 35
145 47
145 59
145 75
145 179
145 190
146 5
146 34
146 36
146 46
146 126
146 133
146 202
146 238
147 1
147 40
147 51
147 55
147 57
147 62
147 104
147 185
147 213
147 225
148 9
148 24
148 60
148 86
148 93
148 103
148 108
148 213
149 23
149 49
149 61
149 104
149 122
149 141
149 179
149 230
150 50
150 127
150 140
150 223
150 227
150 243
150 248
151 18
151 56
151 58
151 144
151 169
151 206
151 225
151 238
151 243
151 247
152 17
152 36
152 76
152 82
152 101
152 135
152 161
152 202
152 237
153 17
153 54
153 82
153 101
153 120
153 186
153 222
154 49
154 70
154 113
154 121
154 126
154 164
154 223
154 245
155 4
155 51
155 81
155 87
155 89
155 124
155 139
155 163
155 228
156 22
156 56
156 114
156 185
156 190
156 195
156 203
156 205
156 208
156 210
156 211
156 225
157 46
157 52
157 78
157 115
157 121
157 148
157 154
157 160
157 175
157 187
157 198
157 221
158 12
158 42
158 44
158 68
158 72
158 129
158 180
158 191
158 242
159 2
159 40
159 92
159 131
159 222
160 10
160 31
160 150
160 236
161 24
161 29
161 123
161 127
161 147
161 235
162 28
162 59
162 88
162 101
162 118
162 209
162 230
163 19
163 135
163 147
163 170
163 171
163 179
163 192
163 194
163 221
163 233
163 236
163 239
163 248
163 250
164 70
164 78
164 109
164 124
164 142
164 149
164 160
164 176
164 179
164 185
164 225
164 235
164 240
165 37
165 71
165 99
165 137
165 147
165 160
165 174
165 183
165 186
165 188
165 192
165 197
165 199
165 235
166 22
166 76
166 111
166 112
166 151
166 209
166 215
167 31
167 49
167 71
167 88
167 97
167 112
167 151
167 152
167 171
167 192
167 196
167 232
167 246
168 3
168 23
168 24
168 44
168 54
168 121
168 162
168 165
168 176
168 204
168 227
169 45
169 53
169 102
169 117
169 163
169 183
169 191
169 193
169 243
170 83
170 92
170 94
170 117
171 24
171 132
171 148
171 151
171 205
171 211
171 225
171 227
171 237
172 67
172 75
172 90
172 101
172 148
172 171
173 61
173 79
173 99
173 203
174 39
174 59
174 61
174 70
174 152
174 163
174 183
174 202
174 237
175 4
175 8
175 64
175 79
175 95
175 110
175 112
175 145
175 151
175 160
175 217
175 249
176 11
176 37
176 106
176 137
176 158
176 165
176 178
176 190
176 208
176 213
176 246
177 5
177 97
177 106
177 130
177 191
177 211
177 222
178 12
178 27
178 71
179 12
179 19
179 84
179 105
179 130
179 144
179 204
179 226
180 3
180 23
180 111
180 207
180 222
180 248
181 135
181 166
181 179
181 201
181 215
181 245
182 1
182 45
182 62
182 86
182 117
182 206
182 227
182 228
182 232
183 31
183 60
183 64
183 68
183 102
183 230
184 141
184 159
184 166
185 40
185 44
185 210
185 221
185 237
186 3
186 27
186 71
186 93
186 97
186 114
186 132
186 167
186 170
186 217
187 26
187 40
187 45
187 46
187 48
187 65
187 81
187 89
187 140
187 152
187 169
187 180
187 247
188 27
188 41
188 48
188 61
188 84
188 99
188 167
188 180
188 218
188 249
189 1
189 26
189 27
189 60
189 62
189 93
189 107
189 108
189 144
189 159
189 187
189 192
190 70
190 137
190 168
190 179
190 243
191 18
191 35
191 50
191 103
191 185
191 224
192 5
192 13
192 26
192 27
192 36
192 54
192 198
192 200
192 213
192 218
192 229
192 233
193 101
193 113
193 190
194 8
194 10
194 44
194 53
194 65
194 122
194 125
194 128
194 177
194 202
194 205
194 230
194 245
195 4
195 133
195 155
195 164
195 166
195 245
196 24
196 35
196 39
196 52
196 114
196 124
196 130
196 147
196 171
196 176
196 239
197 3
197 25
197 40
197 61
197 69
197 120
197 177
197 186
197 190
197 218
197 223
197 229
198 42
198 91
198 150
198 166
198 179
198 212
198 241
199 22
199 38
199 39
199 65
199 98
199 117
199 126
199 154
199 175
199 194
199 196
200 19
200 22
200 62
200 85
200 92
200 96
200 143
200 159
200 164
200 181
200 215
200 246
201 6
201 17
201 18
201 34
201 61
201 66
201 102
201 132
201 173
202 78
202 88
202 105
202 129
202 134
202 136
202 189
203 61
203 71
203 85
203 112
203 118
203 158
203 169
203 180
203 202
203 249
204 142
204 159
204 194
205 90
205 116
205 120
205 144
205 152
205 155
205 183
205 199
205 203
205 214
205 247
206 13
206 24
206 27
206 61
206 99
206 111
206 116
206 173
206 181
206 189
206 215
206 225
207 53
207 76
207 80
207 119
207 142
207 169
207 218
208 12
208 63
208 91
208 98
208 130
208 194
208 198
208 242
209 27
209 142
209 152
209 159
209 247
210 22
210 72
210 84
210 86
210 93
210 114
210 170
210 187
210 198
210 241
211 88
211 129
211 140
211 191
211 203
211 212
211 223
212 1
212 49
212 89
212 113
212 136
212 200
212 202
212 213
212 230
213 15
213 53
213 88
213 95
213 125
213 138
213 177
213 206
213 242
214 45
214 95
214 181
214 236
214 237
214 239
215 99
215 114
215 150
215 174
215 180
215 182
215 199
215 207
216 18
216 57
216 133
216 144
216 156
216 166
216 234
217 8
217 26
217 28
217 138
217 177
217 187
217 198
218 61
218 65
218 98
218 191
218 202
218 209
218 240
219 10
219 30
219 49
219 72
219 79
219 128
219 131
219 150
220 6
220 12
220 19
220 24
220 26
220 60
220 185
220 215
220 234
220 237
221 54
221 81
221 92
221 150
221 172
221 190
222 8
222 90
222 105
222 220
222 232
223 53
223 130
223 162
223 233
224 36
224 116
224 139
224 165
224 178
225 19
225 79
225 119
225 166
225 227
226 22
226 33
226 61
226 77
226 88
226 131
226 153
226 201
227 33
227 35
227 58
227 64
227 131
227 138
227 180
227 190
228 30
228 72
228 85
228 148
228 185
228 227
229 19
229 62
229 67
229 69
229 74
229 106
229 107
229 123
229 190
229 207
229 241
230 10
230 18
230 36
230 120
230 121
230 123
230 147
230 182
230 186
230 187
230 226
231 73
231 82
231 95
231 243
232 97
232 100
232 105
232 107
232 139
232 175
232 188
232 198
232 201
232 203
232 245
233 128
233 154
233 176
233 193
234 23
234 51
234 53
234 70
234 127
234 152
234 190
234 206
234 237
235 1
235 40
235 63
235 134
235 187
235 234
236 209
236 215
237 9
237 42
237 85
237 86
237 113
238 48
238 71
238 77
238 231
239 74
239 86
239 99
239 159
239 212
239 219
239 240
239 243
239 246
240 5
240 7
240 10
240 70
240 145
241 27
241 36
241 101
241 139
241 149
241 169
241 197
241 214
242 40
242 109
242 136
242 169
242 181
242 182
243 28
243 63
243 111
243 129
243 132
243 144
243 158
244 2
244 10
244 24
244 133
244 137
244 139
244 201
244 211
245 4
245 13
245 23
245 37
245 85
245 111
245 132
245 174
246 86
246 172
246 195
246 233
247 1
247 13
247 51
247 64
247 85
247 161
247 171
247 183
247 228
248 32
248 96
248 117
248 176
248 184
248 234
249 9
249 42
249 63
249 121
249 129
249 163
249 189
249 222
250 17
250 24
250 33
250 72
250 85
250 98
250 105
250 106
250 179
250 208
250 210
250 235
250 244

