300 250
1 4 1 1 2 9 20245417 2 4 2 14 3 2 1 1 1 1 1 1 3948810653 1 4 1992239429 4 16 726059427 4 2 2 4 1892366145 2699883356 1 6 1 10 1 2 1 1552527309 1 1 479164042 1 91046743 16 6 1042792809 1 4 1 3 9 13 541020090 4 1 4 1 4 12 469874348 1 4259430364 1 2 2188668028 1 16 1 4 4 3 8 4 1 4 2 1 1567450621 4 4023456713 3106068738 3329554216 2928368054 1 1 1 1 3 1 4 13 1 1916996458 4 3 8 594215281 1 1 1 3145980754 3 3 4 1 1 3735588503 5 1 3418748516 1 2 1887768707 2 3 4277849300 1 2 1 4 2543414019 1 4 3 1 1 1 1 3 4 1 2589470669 1 2 4 3893595158 1 2363998836 9 2212112265 1 7 2 1 538831364 3205065892 1 2 11 3726423138 1 1 7 2580611002 1 1 9 4 2 4 4 1 4 2 1 1 1 1417655666 1 1 4 1 2489795161 2 9 3 1063189989 9 2 3 2792661204 1 1 1 3155497879 1 1 3 2670894919 4 7 1 1 1 3 2917936323 1 7 1 1 1 1 1 4058496725 1 22 1 3 3 4 3 1 7 1 8 2 3245941338 1 1494628431 2 13 1 4 2059379768 13 1 1 1347462716 1501608956 1 4177868106 1 8 1 3978740156 3417795662 8 1 15 3152972107 1 1 1 16 1 4 4 4 1863990687 1 2 1 1 1 2 5 1 2853660083 2 2585705632 3 3636071622 1 1 1064792614 9 4 3 1 1 24 8 3 2 6 3850181472 1 9 1 4129743546 1 12 1 2405145643 3 1 1 4 1 3 12 3 1 164691372 2 1 2044526070 2815408913 
1 197
2 97
5 65
5 163
5 184
6 153
6 247
6 257
6 285
8 11
9 218
10 77
10 276
11 66
11 246
11 261
11 293
12 98
13 177
15 72
17 280
18 14
18 46
18 50
18 73
19 98
19 105
19 110
19 169
19 189
21 25
21 41
22 228
24 60
24 222
25 50
25 227
27 284
28 200
30 176
33 268
34 223
35 203
36 68
36 217
36 252
38 71
38 151
39 169
44 29
46 222
46 250
46 277
47 257
47 283
49 86
52 155
53 94
53 200
54 78
54 127
54 258
58 137
58 225
59 249
60 279
61 126
61 218
63 37
68 192
69 141
69 159
71 90
72 87
74 69
74 111
74 223
75 215
77 274
81 18
81 30
88 220
89 4
89 160
90 6
90 29
90 225
92 69
92 271
93 96
93 128
93 273
97 42
97 102
97 110
100 234
102 9
104 34
104 165
105 196
106 90
107 197
108 136
110 92
114 98
114 246
116 141
116 155
119 76
120 144
120 217
121 249
122 208
122 215
124 86
125 292
126 151
129 275
130 270
131 57
132 52
132 75
133 235
135 113
136 56
137 93
143 201
144 288
145 199
146 259
149 56
150 220
151 239
153 53
154 240
158 78
159 150
159 194
161 3
161 105
162 61
163 125
165 257
166 277
167 159
168 19
169 214
172 54
173 12
173 276
176 11
177 163
177 193
178 189
178 200
180 216
180 241
180 280
181 2
181 241
182 218
185 145
186 36
188 11
190 105
190 243
192 211
193 8
193 295
194 241
195 139
197 289
200 258
200 294
202 22
203 276
204 241
205 166
208 2
208 287
209 236
210 106
210 275
211 253
212 174
213 75
215 102
218 141
222 159
223 105
223 292
224 208
227 28
227 144
227 157
229 34
232 162
239 182
241 136
243 151
243 203
244 96
244 284
245 265
246 258
247 239
248 207
248 215
250 220
253 51
255 155
256 27
258 254
263 70
263 91
265 101
266 272
268 6
268 61
269 25
269 277
270 117
272 66
273 217
273 276
274 144
274 273
276 16
276 92
280 164
280 171
281 246
281 273
284 117
284 130
284 212
287 73
287 79
287 130
290 13
290 160
290 213
291 235
293 131
293 208
293 235
294 292
297 47
297 261
298 46

