200 500
21 8 1 10 1 3 5 8 5 7 8 4 22 12 4 1 48 3 24 29 2 5 9 61 4 19 3 17 13 6 1 70 28 8 3 8 12 21 10 58 11 9 20 50 13 2 2 6 16 2 1 27 18 27 8 11 2 44 6 1 3 2 32 1 60 49 3 6 21 14 10 23 76 5 2 2 1 85 7 16 16 8 5 42 16 14 10 6 8 45 73 9 19 4 20 12 3 8 2 24 27 11 4 25 8 38 3 35 17 1 2 4 4 4 43 12 3 21 53 4 11 2 13 15 7 18 20 7 3 47 13 3 5 12 6 33 12 4 5 4 7 24 19 39 3 10 9 2 9 4 3 2 18 3 1 27 3 31 4 36 11 17 6 25 16 3 2 3 13 9 17 9 1 4 6 41 7 2 1 2 11 1 6 32 23 27 1 8 20 6 1 20 30 4 4 16 47 7 3 5 
1 113
1 144
1 156
1 181
4 85
4 144
5 54
5 147
6 190
8 32
8 54
8 154
9 150
9 174
10 5
10 51
10 54
10 90
10 95
10 188
11 30
12 50
13 44
13 144
14 112
14 198
15 62
15 73
15 131
15 144
16 96
16 122
16 123
17 7
17 13
17 32
17 47
17 93
17 113
18 187
19 86
19 126
19 143
19 161
20 80
20 106
20 108
21 148
21 171
22 80
22 82
23 47
24 2
24 102
24 162
24 171
25 10
25 87
26 96
26 108
26 128
26 137
26 186
27 13
27 65
28 66
28 124
29 34
29 115
29 164
30 158
32 42
32 89
32 119
32 121
32 134
32 178
33 20
33 51
33 106
33 153
34 18
35 90
35 119
36 11
36 15
36 86
37 20
37 58
37 93
37 119
37 170
38 19
38 139
39 176
39 199
40 43
40 73
40 200
41 107
41 153
42 130
43 101
43 147
44 14
44 39
44 52
44 77
44 192
44 196
45 108
46 90
46 91
46 151
47 26
47 176
48 110
49 23
49 109
49 164
50 29
52 40
52 162
53 6
53 54
53 59
53 107
53 117
53 121
53 126
54 94
54 114
54 145
55 58
55 115
56 9
56 52
56 120
56 148
56 149
56 160
57 64
57 123
57 136
58 68
58 153
58 171
59 66
59 193
60 122
61 40
61 134
62 52
62 147
63 53
63 72
63 76
63 96
63 120
63 129
65 4
65 71
65 99
66 134
66 146
66 165
66 180
67 176
68 153
69 27
69 72
69 90
70 1
70 42
70 120
70 170
71 128
71 171
72 98
72 189
73 38
73 135
73 146
73 184
74 156
75 10
75 65
76 27
76 156
77 106
77 132
77 200
78 24
78 158
78 164
78 176
79 67
80 17
80 73
80 107
80 184
81 86
82 36
82 66
83 31
83 181
83 184
84 26
84 27
84 93
84 144
85 24
85 78
85 164
86 45
87 55
87 65
87 74
87 105
87 126
88 17
89 41
89 50
89 97
89 171
90 25
90 26
90 52
90 162
91 32
91 57
91 78
91 98
91 140
92 15
92 97
93 18
93 70
94 183
95 126
96 10
96 120
98 172
99 88
100 10
100 97
100 106
100 122
100 133
101 91
101 146
101 152
101 189
102 9
102 68
102 104
102 181
103 40
103 182
104 71
104 84
104 176
105 63
106 38
106 86
106 168
106 191
107 43
108 47
108 112
108 158
108 173
109 86
109 122
109 144
109 162
109 197
111 45
112 73
112 95
112 180
113 161
114 84
114 105
114 165
114 169
114 183
115 7
115 78
115 120
116 39
116 80
116 91
117 110
117 164
117 194
118 21
118 38
118 70
119 28
119 43
119 66
119 81
119 84
119 111
120 3
121 27
121 78
122 91
122 161
123 33
123 104
123 156
124 35
124 49
124 71
124 142
124 153
125 2
125 95
125 199
126 24
126 138
126 151
126 190
127 30
127 31
127 53
127 136
127 194
128 17
129 22
129 41
129 56
129 69
129 125
129 131
130 37
130 47
130 116
130 149
131 4
132 79
132 85
133 20
133 163
134 157
134 159
135 45
135 79
135 95
135 118
136 107
136 131
136 156
137 28
137 58
137 59
138 107
139 40
139 92
140 96
140 129
141 78
141 165
141 188
142 130
142 181
143 4
143 85
143 124
143 159
144 33
144 131
144 163
146 71
146 114
148 197
149 37
149 74
151 31
151 72
151 136
151 197
152 96
153 13
153 148
154 44
154 89
155 196
156 18
156 46
156 81
156 85
157 160
158 9
158 71
158 115
159 69
159 101
159 186
160 66
160 164
160 194
161 111
161 142
161 177
162 73
162 140
162 196
163 66
164 8
164 40
164 81
164 191
165 49
165 186
166 27
166 198
167 6
167 48
167 61
167 93
167 135
168 151
169 101
169 140
169 160
170 189
172 108
172 186
174 58
174 66
175 30
175 114
175 121
175 143
176 106
176 144
176 187
177 150
177 185
178 24
178 101
178 161
179 23
180 34
182 107
182 152
183 13
184 12
184 14
184 145
185 62
185 88
185 162
186 69
186 96
186 143
186 156
186 160
187 11
187 54
187 118
188 49
188 66
189 27
189 56
189 115
189 122
189 174
190 56
190 178
191 194
192 7
192 65
192 113
192 198
193 28
193 37
193 107
193 162
194 19
194 35
194 36
194 126
195 48
195 78
195 185
196 47
196 151
197 2
197 111
197 160
197 193
197 199
198 65
199 130
199 142
200 13

