100 50
3317781271 1 1 1 1 4 1 1 1 1 1 1 427869265 3584369900 3 2117106101 1 1 2085657312 1780085698 9 1 2 1 1 1 1 3 2060984646 3621411111 3386696096 2547744095 2540290241 3501987446 3140814738 3168472056 4005965511 1 1 1 1938338243 386599381 3419902856 1295471195 1 1 433745090 686740019 3279827221 101332050 3 1 4235078716 5 3 1 1 363336412 4023419576 5 2 1 1 3 4 4 1 1 4 1 4 5 1 1283609487 1 3067021490 402308785 2 1 2 8 1576356195 1 2939063882 1 12 1 590672692 3871742677 745019623 15320945 3 1954026401 739003224 1 3 4 3592920425 1 1 
2 8
3 26
4 95
6 64
7 6
7 25
9 23
11 67
12 23
15 60
17 86
21 68
21 86
22 40
24 61
26 92
27 21
28 86
38 69
39 96
46 78
51 72
51 85
56 96
57 28
61 71
62 45
66 5
66 86
68 55
69 63
70 15
71 60
72 38
72 52
73 83
75 54
78 60
79 64
80 10
81 46
81 55
81 97
86 18
86 54
87 80
92 54
97 65
99 65
100 79

