50 500
3 115 334 283 271 511 571 525 189 74 13 335 72 390 400 420 154 277 98 399 287 154 183 54 202 90 191 146 275 188 195 346 149 149 197 314 343 327 14 31 214 340 351 80 99 290 177 264 18 21 
1 10
1 15
1 21
1 22
1 41
1 48
2 15
2 24
2 25
2 37
2 39
2 41
3 1
3 5
3 6
3 8
3 9
3 13
3 19
3 25
3 27
3 34
3 36
3 49
4 9
4 10
4 19
4 20
4 35
4 37
4 43
4 48
4 49
4 50
5 4
5 10
5 29
5 43
5 50
6 1
6 2
6 5
6 7
6 9
6 13
6 15
6 19
6 22
6 23
6 25
6 28
6 29
6 30
6 35
6 50
7 3
7 4
7 8
7 16
7 17
7 27
7 31
7 37
7 43
7 46
7 49
8 2
8 5
8 11
8 12
8 14
8 17
8 22
8 25
8 27
8 28
8 32
8 36
8 41
9 1
9 7
9 8
9 16
9 19
9 25
9 30
9 33
9 35
9 40
9 42
10 7
10 12
10 19
10 30
10 31
10 33
10 35
10 37
10 41
10 44
10 49
11 1
11 5
11 13
11 16
11 25
11 33
11 37
12 3
12 4
12 6
12 11
12 14
12 25
12 35
12 37
13 7
13 12
13 18
13 23
13 30
13 34
13 37
13 38
13 39
13 42
13 45
13 47
13 49
14 2
14 16
14 18
14 19
14 22
14 23
14 25
14 28
14 29
14 30
14 45
15 3
15 4
15 8
15 13
15 16
15 18
15 27
15 32
16 5
16 6
16 8
16 10
16 21
16 24
16 28
16 30
16 47
16 48
17 1
17 5
17 14
17 22
17 24
17 35
17 40
17 41
17 47
18 3
18 4
18 8
18 17
18 21
18 24
18 26
18 30
18 32
18 43
19 5
19 13
19 18
19 40
19 42
19 49
20 1
20 7
20 11
20 16
20 25
20 30
20 31
20 32
20 39
20 48
20 50
21 2
21 5
21 6
21 10
21 11
21 13
21 19
21 24
21 25
21 42
21 43
21 45
21 50
22 2
22 5
22 7
22 15
22 20
22 26
22 35
22 40
22 41
23 3
23 4
23 10
23 28
23 30
23 31
23 38
23 40
23 44
23 48
23 50
24 15
24 20
24 26
24 31
24 36
25 1
25 4
25 5
25 13
25 15
25 16
25 18
25 26
25 27
25 28
25 38
25 39
26 3
26 6
26 14
26 16
26 17
26 19
26 23
26 28
26 30
26 34
27 4
27 6
27 10
27 11
27 17
27 26
27 29
27 32
27 34
27 40
27 41
28 9
28 13
28 15
28 17
28 20
28 27
28 31
28 33
28 38
28 42
29 1
29 4
29 18
29 21
29 33
29 39
29 42
29 45
30 2
30 7
30 12
30 22
30 27
30 32
30 33
30 39
31 5
31 8
31 13
31 25
31 27
31 42
31 43
31 46
31 47
31 48
31 50
32 4
32 5
32 7
32 10
32 16
32 23
32 25
32 29
32 34
32 44
32 49
33 3
33 18
33 21
33 24
33 39
33 42
33 44
34 14
34 16
34 18
34 20
34 23
34 35
34 44
34 46
35 1
35 2
35 3
35 5
35 7
35 11
35 14
35 15
35 16
35 20
35 26
35 33
35 48
35 50
36 6
36 9
36 12
36 13
36 16
36 19
36 20
36 21
36 30
36 34
36 38
36 41
36 44
36 47
37 3
37 8
37 9
37 22
37 33
37 41
37 42
37 45
37 46
37 49
38 1
38 15
38 18
38 29
38 31
38 34
38 35
38 37
38 41
38 46
39 1
39 5
39 7
39 10
39 14
39 15
39 23
39 28
39 31
39 34
39 37
39 38
39 43
39 44
39 48
40 6
40 11
40 13
40 16
40 18
40 25
40 32
40 37
40 39
40 49
41 7
41 12
41 13
41 14
41 26
41 33
41 39
41 42
41 47
41 48
42 8
42 10
42 12
42 17
42 22
42 26
42 30
42 35
42 39
42 46
42 47
42 48
43 2
43 8
43 9
43 10
43 12
43 20
43 27
43 29
43 30
43 33
43 34
44 9
44 12
44 14
44 17
44 45
44 46
45 1
45 2
45 16
45 19
45 22
45 25
45 26
45 30
45 31
45 41
46 3
46 8
46 11
46 12
46 20
46 26
46 27
46 30
46 32
46 41
46 49
47 3
47 9
47 12
47 15
47 18
47 19
47 20
47 22
47 27
47 33
47 35
47 38
47 39
47 43
48 7
48 8
48 9
48 15
48 25
48 27
48 29
48 36
48 37
48 38
49 5
49 6
49 9
49 23
49 24
49 29
49 35
49 47
50 7
50 12
50 15
50 24
50 33
50 38
50 41

