200 500
26 11 2 13 7 16 12 1 25 1 22 6 1 22 2 15 47 1 3 82 9 14 14 3 4 9 21 3 20 13 24 2 18 16 6 20 28 45 1 1 1 20 25 1 5 3 16 2 6 33 4 9 372871579 13 21 1 11 36 31 3 5 40 8 3 1 48 13 7 5 4 37 15 26 31 1 4 2 6 16 1 4 1 1 27 8 9 18 31 2 2 6 9 11 5 3 20 39 6 15 18 1 11 12 4 23 13 2 35 57 4 26 36 38 22 25 13 12 4 6 8 22 13 16 1 39 6 1 6 2 29 16 4 13 16 6 56 29 25 21 1 6 2 1 7 3 4 9 2 4 49 38 2 53 19 9 6 4 67 48 4 11 1 16 8 7 25 16 28 9 10 1 3 22 3 5 6 5 83 18 1 5 5 3 4 32 40 21 8 17 1 16 27 48 2 9 18 3 1 12 16 
1 52
1 58
1 169
1 193
3 147
4 49
4 130
5 123
5 156
5 162
6 38
6 181
7 24
7 32
7 85
9 4
9 137
9 158
10 96
11 71
11 72
11 107
11 185
11 196
12 32
12 57
13 98
13 99
13 109
13 150
14 20
14 100
14 114
14 156
15 20
15 152
15 154
16 13
16 66
17 11
18 192
19 28
19 84
19 190
20 34
20 39
20 109
20 131
20 161
20 191
20 196
21 16
21 49
21 102
21 153
23 80
23 186
24 38
25 173
26 90
27 96
28 23
29 27
29 76
29 184
30 139
30 159
30 176
31 104
31 159
31 171
32 55
32 111
32 185
33 9
33 118
33 178
34 62
34 181
35 132
35 147
36 13
36 15
36 78
36 134
36 193
37 128
37 141
37 180
38 16
38 68
39 74
39 93
40 182
41 59
41 108
41 178
41 184
42 38
42 61
42 155
43 19
43 109
43 178
43 187
43 189
45 149
46 116
46 182
46 190
47 30
47 102
47 108
48 64
48 139
48 145
49 78
49 154
50 29
50 49
50 117
50 127
50 151
50 177
51 108
51 196
52 9
52 36
52 63
54 22
54 101
54 121
54 196
55 4
55 10
55 175
56 31
57 69
58 9
58 11
58 27
58 170
59 2
59 21
59 147
59 171
60 17
60 50
60 112
61 56
61 199
62 63
62 93
62 181
64 69
65 122
66 82
66 109
66 119
66 164
67 14
67 24
67 62
67 113
68 43
69 15
69 164
70 42
70 104
70 139
71 15
71 85
71 127
72 59
72 101
73 4
73 28
73 34
73 137
73 193
74 106
74 136
74 193
75 192
76 6
76 10
76 30
77 22
77 35
77 71
79 12
79 85
79 114
79 115
79 147
79 190
80 43
81 61
81 134
83 137
83 151
84 16
84 128
84 145
84 175
85 78
85 154
86 33
86 151
87 10
87 38
87 94
87 198
88 39
88 169
88 188
89 142
89 144
91 27
91 73
91 130
92 153
92 195
93 105
93 117
94 1
94 101
95 8
95 35
95 171
95 179
96 143
97 1
97 26
97 66
97 101
97 158
98 78
99 43
99 140
99 150
100 84
100 92
100 133
100 177
102 101
102 190
103 82
103 97
103 118
103 152
104 74
105 17
105 166
105 172
105 195
107 113
108 158
108 170
109 56
109 80
109 88
110 112
110 199
111 17
111 67
112 10
112 155
112 186
113 50
113 66
114 30
114 71
114 111
114 130
115 89
115 105
115 162
115 167
115 179
116 68
116 90
116 113
116 183
117 87
117 186
119 141
119 183
120 5
120 20
120 36
121 37
121 38
121 58
122 2
122 6
122 9
122 153
123 71
123 199
124 63
125 17
125 37
125 184
126 86
126 136
127 111
127 144
128 43
128 168
129 63
129 125
129 164
130 57
130 70
131 13
131 49
132 98
133 153
133 161
134 29
134 72
134 76
134 113
134 125
134 130
134 178
135 110
135 113
135 159
135 162
136 16
136 17
136 120
137 115
137 138
137 165
137 187
138 31
138 74
138 153
139 94
139 148
140 109
140 120
141 82
142 139
144 2
144 96
144 112
145 39
145 169
146 63
146 125
147 121
147 168
148 45
148 56
148 141
149 20
150 45
150 105
150 106
150 116
150 167
150 189
151 1
151 96
151 126
152 97
152 177
153 3
153 161
154 23
154 125
154 149
154 179
154 190
155 88
157 72
157 125
157 175
158 2
158 4
158 7
158 55
158 60
158 138
159 27
159 41
159 122
159 167
159 192
160 58
160 107
160 185
162 19
162 28
162 64
162 167
163 68
163 88
163 126
163 133
163 153
163 185
164 26
164 44
164 112
164 121
164 178
165 26
165 42
165 62
165 75
165 88
166 12
166 22
166 30
166 109
167 3
168 17
168 33
168 100
168 151
170 136
170 171
172 11
172 13
172 33
172 165
173 37
173 48
173 103
173 131
174 25
175 106
175 189
176 69
176 123
177 101
178 12
178 46
178 111
178 125
178 182
179 106
179 172
181 31
182 131
182 136
183 115
183 128
184 152
185 127
185 181
186 28
186 106
186 123
186 156
187 47
187 94
188 108
188 153
189 126
189 161
189 198
190 89
190 185
191 31
191 136
191 156
191 166
191 183
192 4
192 29
192 173
193 168
193 171
193 195
194 50
194 62
194 67
194 81
194 138
194 140
195 128
195 199
196 31
196 70
196 187
197 22
197 111
197 159
198 89
199 174
200 57
200 148
200 162
200 163

