250 1000
7 138 34 11 60 28 10 72 78 21 3 3 47 13 53 38 39 63 25 140 13 46 74 35 52 97 34 116 9 25 17 48 99 15 38 25 11 14 32 22 3 35 42 23 24 17 12 73 48 12 16 21 21 9 14 37 20 99 19 23 49 63 84 5 13 22 2 34 10 12 10 89 27 28 22 41 51 162 2 85 14 85 33 133 23 20 50 4 17 15 19 76 54 41 16 44 3 26 27 32 34 37 1 14 12 14 19 2 15 54 11 16 1 26 19 16 98 21 62 34 9 32 34 55 81 133 14 12 30 2 12 23 57 33 54 14 45 45 9 2 13 95 40 23 9 62 14 2 98 2 6 24 29 7 185 72 17 11 18 56 160 26 33 4 96 11 24 13 13 21 27 23 15 7 13 21 101 15 1 10 31 150 142 3 34 26 51 113 22 12 17 45 50 24 5 30 160 156 44 10 25 38 36 17 28 80 31 24 5 101 71 10 12 144 12 27 81 27 32 15 66 1 15 40 41 5 79 1 52 3 98 45 107 15 80 29 46 9 21 33 15 75 44 14 7 14 12 3 62 15 
1 212
1 241
2 6
2 7
2 42
2 62
2 74
2 207
3 151
3 196
3 204
3 239
4 102
4 121
4 211
5 45
5 68
5 69
5 72
5 134
5 166
5 195
6 134
6 135
6 146
6 162
6 191
7 83
7 122
7 206
8 47
8 71
8 171
8 183
8 184
8 208
8 225
9 12
9 76
9 102
10 13
10 22
10 66
10 99
10 125
10 222
11 13
11 28
11 113
11 231
12 144
13 66
13 214
14 36
14 177
14 205
15 87
15 189
16 25
17 47
17 71
17 211
18 62
18 116
18 119
18 148
18 160
18 196
19 26
19 155
19 202
19 214
20 17
20 22
20 101
20 171
20 172
20 200
21 132
21 149
21 200
22 3
22 4
22 23
22 25
22 141
22 148
22 225
23 42
23 161
23 162
23 184
23 227
24 15
24 76
25 206
26 44
26 73
26 130
26 136
26 156
26 161
26 202
27 225
28 22
28 37
28 41
28 129
28 196
29 69
29 153
29 242
30 109
30 172
30 194
31 3
31 20
31 147
31 176
31 188
32 155
32 181
32 182
33 56
33 144
34 126
34 184
35 91
36 33
36 106
36 161
36 243
37 13
37 20
37 103
37 173
38 105
38 177
38 193
38 226
39 10
39 27
39 172
39 197
39 217
39 239
40 34
40 43
40 78
40 199
40 204
40 248
41 27
41 85
41 202
42 8
42 82
42 165
42 208
42 235
43 9
43 62
43 81
43 117
43 121
43 122
43 172
43 205
43 209
44 4
44 103
44 250
45 116
45 210
45 234
46 20
46 62
46 245
47 70
47 81
47 106
47 183
47 223
48 49
48 90
48 149
48 160
49 15
49 78
49 136
49 179
49 239
50 177
50 194
50 195
50 221
50 235
51 23
51 81
51 107
51 124
51 146
51 214
51 215
51 238
52 98
52 111
52 182
52 210
52 225
52 229
52 249
53 34
53 38
53 98
54 33
54 144
54 165
55 78
55 86
55 112
55 165
55 170
55 206
55 208
56 69
56 170
56 189
56 191
56 217
57 116
57 155
57 183
58 30
58 55
58 92
58 148
58 182
58 187
58 238
58 240
59 9
59 16
59 150
59 181
59 201
59 235
60 19
60 96
60 107
60 189
60 247
61 17
61 48
61 51
61 67
61 117
61 171
62 126
62 191
62 197
62 215
63 45
63 138
63 199
63 248
64 98
64 163
64 169
64 217
65 24
65 53
65 74
65 92
65 156
65 198
65 216
66 19
66 114
66 118
66 247
67 21
67 117
67 120
68 32
68 112
68 246
69 156
69 228
69 242
70 104
70 109
70 157
71 14
71 26
71 56
71 91
71 98
71 113
71 158
71 159
72 33
72 138
72 143
73 54
73 115
73 137
74 9
74 28
74 40
74 215
74 248
75 35
75 78
75 248
76 10
76 28
76 131
76 212
76 225
77 25
77 49
77 63
77 90
77 135
78 1
78 70
78 117
78 223
79 207
80 19
80 36
80 48
80 49
80 60
80 69
80 207
80 233
81 11
81 83
82 35
82 108
82 154
82 168
82 174
83 64
83 101
83 227
83 245
84 66
84 80
84 93
84 106
84 137
84 151
84 243
85 92
85 188
85 237
86 16
86 32
86 84
86 144
86 165
86 229
87 22
87 40
87 146
87 163
87 236
88 68
88 72
88 100
88 106
88 132
88 149
89 58
89 158
89 161
89 185
90 15
90 72
90 75
90 125
91 125
91 155
91 171
91 215
91 235
92 46
92 207
93 3
93 19
93 44
93 92
93 159
93 194
93 220
94 10
94 72
94 90
94 130
94 162
94 249
95 13
95 55
95 82
95 182
95 185
96 50
96 104
96 229
96 250
97 47
97 111
98 4
98 201
98 210
99 51
99 80
99 176
99 231
100 84
100 152
100 244
101 196
101 231
101 238
102 25
102 86
102 183
102 187
104 7
104 81
104 215
105 19
105 32
105 96
105 172
105 238
106 126
106 133
106 213
107 106
107 170
107 235
107 249
108 23
108 68
108 202
109 11
109 74
109 110
109 155
110 48
110 70
110 72
110 99
111 74
111 90
111 177
112 64
112 126
113 19
113 178
113 197
114 11
114 25
114 26
114 73
114 82
114 192
114 193
115 16
115 128
115 182
115 214
116 16
116 100
116 126
116 148
116 183
116 246
117 2
117 50
117 84
117 174
118 119
118 153
118 215
119 44
119 100
119 111
119 156
119 183
120 201
120 240
121 124
121 157
121 198
121 213
121 226
122 17
122 102
122 116
122 168
123 32
123 139
123 227
124 82
124 84
124 108
125 27
125 134
125 143
125 147
125 178
125 243
126 10
126 48
126 72
126 221
126 222
126 235
127 41
127 99
127 217
128 135
129 18
129 77
129 97
129 121
129 147
129 162
129 187
131 23
131 202
132 25
132 70
132 150
132 210
133 58
133 137
133 200
133 239
134 9
134 69
134 78
134 179
134 215
134 244
135 83
135 124
135 152
135 228
136 160
136 210
137 7
137 123
137 205
138 64
138 166
138 198
138 238
139 83
139 124
140 167
140 173
140 184
141 5
141 24
141 120
141 219
142 74
142 161
142 174
142 219
142 222
142 232
142 250
143 105
143 196
144 2
144 85
144 142
145 120
145 203
146 2
146 24
146 158
146 249
147 13
147 33
147 132
147 166
147 245
148 124
148 175
149 7
149 20
149 125
149 219
149 229
149 233
149 240
150 8
150 29
150 68
150 122
150 139
150 155
150 218
151 33
151 88
152 63
152 117
152 118
153 33
153 75
153 86
153 96
153 155
153 165
154 16
154 77
154 126
154 210
155 17
155 126
156 32
156 163
156 182
156 243
157 57
158 42
158 78
158 117
159 4
159 35
159 107
160 9
160 63
160 116
160 186
160 199
160 203
161 42
161 109
161 123
161 166
161 223
161 249
162 193
163 35
163 63
163 69
164 132
164 146
165 9
165 124
165 145
165 181
165 225
166 112
166 226
167 11
167 23
167 28
167 37
167 110
167 188
167 193
167 197
167 200
167 221
168 95
169 40
169 92
169 165
169 182
169 233
170 229
171 4
171 87
172 73
172 117
172 141
172 187
172 230
173 79
173 92
173 128
174 30
174 68
174 162
174 183
174 219
175 65
175 210
175 242
176 38
176 89
176 92
176 149
176 220
176 221
176 222
177 63
177 73
177 161
177 217
177 238
178 172
179 94
179 178
179 213
180 25
180 142
180 149
180 155
181 77
181 107
181 167
182 37
182 72
182 137
183 78
183 155
183 169
183 204
184 166
184 243
185 46
185 121
185 126
185 189
185 247
186 27
186 28
186 49
186 142
186 145
186 161
187 18
187 239
188 2
188 29
188 157
188 163
188 187
188 203
189 23
189 35
189 36
189 75
189 129
189 147
189 198
189 201
190 2
190 138
190 155
190 178
190 217
191 217
191 233
192 15
192 34
192 60
192 124
192 135
192 197
192 238
193 5
193 31
193 71
193 81
193 102
194 26
194 66
194 134
194 168
194 206
194 210
194 245
195 3
196 62
197 2
197 9
197 13
197 143
197 153
197 182
197 216
198 15
198 45
198 66
198 96
198 112
198 120
198 179
198 188
198 227
199 8
199 84
199 196
199 230
200 18
200 78
200 192
200 215
201 92
201 170
201 237
202 145
203 86
203 102
204 4
204 93
205 45
205 76
206 38
206 196
206 241
207 156
207 182
208 5
208 132
208 216
209 49
210 72
210 78
210 93
210 158
210 181
210 188
211 31
211 93
211 101
211 173
211 190
211 196
211 233
212 49
212 61
213 125
213 214
214 74
214 90
214 127
214 177
214 212
215 48
215 128
215 133
215 179
215 237
216 101
216 112
216 155
216 231
216 242
217 6
217 55
217 197
217 231
218 71
218 168
218 177
218 199
218 242
219 153
219 161
220 87
220 183
220 187
220 214
220 234
221 25
221 45
221 99
221 142
223 6
223 27
223 44
223 122
223 137
223 157
223 192
224 45
224 62
224 65
224 127
224 154
224 209
224 229
225 63
226 25
226 203
227 54
227 87
227 89
227 180
228 17
228 20
228 24
228 50
228 83
228 119
228 206
229 39
229 71
229 73
229 95
229 115
229 189
230 29
230 33
230 182
231 28
231 53
231 58
231 81
231 90
231 205
231 221
232 32
232 106
232 110
232 128
232 202
232 236
233 16
233 57
233 112
233 133
233 163
233 212
233 221
233 237
234 85
234 205
235 15
235 83
235 154
235 186
236 45
236 70
236 155
237 46
237 158
237 244
238 78
238 125
238 224
239 21
239 33
239 96
239 122
239 143
239 188
239 236
240 32
240 40
240 82
240 117
240 142
240 143
240 164
241 35
241 214
242 131
242 133
242 193
242 230
243 119
243 171
243 173
243 222
243 227
244 229
245 117
245 195
245 207
245 233
245 239
246 110
246 153
247 58
247 174
247 188
247 223
248 234
249 20
249 207
249 240
250 13
250 106
250 123
250 206

