50 250
40 3 65 124 33 16 57 83 48 1 196 39 175 43 46 49 9 28 24 95 60 86 71 52 49 66 60 18 119 128 30 65 71 30 76 9 37 58 17 11 3 4 75 2 7 25 40 137 52 46 
1 11
1 31
1 43
1 50
2 3
2 6
2 40
3 1
3 17
3 43
3 45
3 49
4 8
4 29
5 18
5 21
5 24
5 32
5 34
6 43
6 44
6 48
7 4
7 17
7 27
7 30
7 39
7 43
7 47
8 1
8 45
8 46
9 6
9 30
9 35
9 39
9 49
10 8
10 20
10 31
10 44
11 4
11 13
11 23
11 24
11 28
11 32
11 39
11 40
11 41
11 42
12 4
12 20
12 22
12 24
12 27
12 32
12 40
13 1
13 4
13 7
13 8
13 15
13 22
13 24
13 31
13 37
14 20
14 33
14 35
14 47
15 19
15 21
15 22
15 26
15 29
15 31
15 41
16 6
16 23
16 34
16 47
16 48
17 4
17 9
17 19
17 20
17 50
18 17
18 38
18 45
18 50
19 5
19 10
19 31
19 50
20 9
20 19
20 23
20 24
20 33
20 34
20 37
20 47
21 4
21 16
21 26
21 27
21 28
21 34
22 19
22 21
22 24
22 34
22 35
22 38
22 39
23 4
23 24
23 36
23 49
25 5
25 16
25 17
25 24
25 32
25 43
25 46
26 3
26 4
26 13
26 19
27 30
27 40
27 41
28 8
28 26
28 37
28 41
29 2
29 13
29 16
29 18
29 43
29 47
30 1
30 2
30 15
30 16
30 31
30 34
30 44
31 37
31 40
32 10
32 27
32 29
32 35
32 39
32 45
33 1
33 11
33 19
33 23
33 25
34 28
34 29
35 1
35 7
35 12
35 39
36 3
36 25
36 33
36 41
37 4
37 8
37 19
37 24
37 26
37 39
37 47
38 4
38 19
38 24
38 34
38 48
39 12
39 17
39 18
39 28
39 41
40 3
40 13
40 23
40 39
40 42
40 50
41 25
41 29
41 47
42 9
42 14
42 16
42 35
42 48
43 8
43 13
43 18
43 31
43 40
43 41
44 3
44 8
44 9
44 11
44 14
44 23
44 27
44 34
44 40
45 13
45 30
45 35
45 41
46 23
46 30
46 33
46 48
47 18
47 27
47 50
48 4
48 15
48 18
48 24
48 26
48 28
48 41
49 7
49 14
49 17
49 25
49 27
49 32
49 38
50 9
50 11
50 46
50 49

