250 2000
416 218 297 132 392 45 69 23 155 6 105 97 85 28 63 19 67 14 53 164 101 75 61 27 121 81 105 56 144 233 12 67 174 258 56 27 21 94 179 118 283 15 311 316 138 37 17 94 267 86 122 152 81 110 195 324 98 30 151 10 25 3 196 57 212 12 155 61 268 30 74 204 57 17 74 191 153 122 247 31 35 54 145 32 167 50 289 104 158 112 104 12 463 174 71 44 34 157 134 68 546 176 54 88 23 101 94 230 26 35 147 241 243 122 619 482 22 255 140 348 275 25 33 24 285 128 26 243 184 135 101 64 160 168 5 110 271 39 186 243 55 21 62 61 137 22 121 106 132 299 80 384 147 189 104 13 290 215 124 89 312 180 102 99 50 160 28 111 129 316 185 60 59 250 151 6 42 250 40 117 128 98 79 4 68 266 28 62 303 39 94 133 136 3 213 224 21 234 64 39 235 434 17 77 116 3 24 181 115 35 14 3 90 51 243 26 360 65 223 135 165 195 131 163 113 98 481 240 2 57 157 363 37 198 253 84 33 161 23 254 40 5 63 8 52 269 28 179 171 77 
1 33
1 37
1 41
1 52
1 148
1 153
1 155
1 168
1 194
1 205
1 221
1 222
2 35
2 46
2 78
2 102
2 104
2 170
2 201
3 29
3 40
3 57
3 62
3 85
3 105
3 108
3 164
3 214
4 30
4 46
4 65
4 89
4 158
4 166
4 178
4 211
5 21
5 60
5 79
5 101
5 133
5 165
5 198
5 216
6 57
6 62
6 70
7 74
7 154
7 182
7 194
7 232
8 4
8 15
8 17
8 87
8 124
8 125
8 184
8 185
8 191
8 224
9 131
9 154
9 234
9 239
10 36
10 49
10 88
10 119
10 150
10 155
11 9
11 67
11 82
11 180
11 184
11 217
12 49
12 78
12 98
12 118
12 224
12 228
12 244
13 2
13 3
13 33
13 89
13 104
13 106
13 115
13 121
13 129
13 140
13 166
13 176
13 213
13 249
14 25
14 37
14 63
14 80
14 97
14 159
14 200
14 221
14 222
15 3
15 31
15 56
15 137
15 146
15 193
15 199
15 223
15 237
16 8
16 23
16 30
16 118
16 122
16 130
16 142
16 231
17 29
17 35
17 67
17 89
18 36
18 41
18 43
18 86
18 107
18 207
18 235
18 244
18 246
19 5
19 83
19 138
19 222
19 225
19 234
19 242
20 43
20 54
20 78
20 89
20 148
20 231
20 237
21 19
21 63
21 70
21 93
21 94
21 151
21 215
22 32
22 37
22 56
22 106
22 150
22 208
23 10
23 51
23 117
23 133
23 150
23 153
23 163
23 195
24 8
24 33
24 48
24 91
24 117
24 125
24 144
24 146
24 161
24 209
24 250
25 43
25 65
25 82
25 89
25 97
25 147
25 197
25 213
25 218
25 245
26 40
26 64
26 88
26 90
26 106
26 207
26 245
27 14
27 17
27 48
27 80
27 98
27 108
27 124
27 199
27 235
27 238
28 63
28 117
28 136
28 139
28 144
28 171
28 186
28 218
29 1
29 9
29 74
29 127
29 146
29 169
29 205
29 228
29 237
29 246
30 25
30 43
30 52
30 59
30 72
30 97
30 151
30 154
30 219
31 83
31 132
31 157
31 174
31 185
31 238
32 21
32 68
32 79
32 100
32 116
32 119
32 124
32 126
32 151
32 163
33 11
33 17
33 20
33 34
33 76
33 149
33 208
34 3
34 41
34 47
34 49
34 88
34 136
34 148
34 175
34 201
34 202
34 209
34 210
34 212
34 250
35 45
35 74
36 26
36 39
36 175
36 247
37 13
37 122
37 147
37 154
37 168
37 186
37 243
38 59
38 76
38 114
38 151
38 159
38 179
38 201
38 202
38 215
38 227
38 237
39 87
39 111
39 116
39 134
39 158
39 202
39 224
40 2
40 95
40 129
40 137
40 216
40 217
41 3
41 22
41 78
41 81
41 89
41 118
41 125
41 194
41 195
42 38
42 82
42 115
42 121
42 127
42 131
42 134
42 149
42 186
42 218
42 222
43 27
43 38
43 40
43 102
43 137
43 140
43 162
43 241
43 243
43 247
44 28
44 36
44 40
44 59
44 127
44 144
44 185
44 206
44 217
44 220
44 247
45 17
45 119
45 203
45 223
46 14
46 109
46 206
46 218
47 114
47 166
47 222
47 235
48 40
48 76
48 86
48 101
48 128
48 136
48 149
48 172
48 187
48 195
49 36
49 88
49 89
49 135
49 143
49 161
49 174
49 181
49 188
49 196
49 209
50 23
50 42
50 61
50 112
51 4
51 24
51 26
51 32
51 85
51 103
51 111
51 194
51 196
51 245
52 7
52 44
52 104
52 139
52 178
52 203
52 208
52 228
52 238
53 30
53 39
53 43
53 75
53 79
53 89
53 182
53 188
53 199
53 200
54 9
54 10
54 47
54 56
54 60
54 94
54 134
54 148
54 184
54 199
54 218
54 231
54 249
55 41
55 66
55 121
55 128
55 161
55 163
55 218
55 243
56 39
56 52
56 72
56 89
56 94
56 146
56 204
57 5
57 46
57 71
57 109
57 120
57 130
57 170
58 18
58 77
58 96
58 125
58 157
58 187
58 214
59 35
59 81
59 82
59 188
59 216
59 232
60 9
60 37
60 91
60 113
60 116
60 158
60 240
61 18
61 170
62 35
62 49
62 65
62 186
62 202
62 205
62 213
62 221
62 223
63 56
63 71
63 125
63 137
63 154
63 188
63 208
64 33
64 43
64 247
65 37
65 44
65 94
65 95
65 149
65 159
65 206
65 208
66 44
66 49
66 100
66 106
66 107
66 184
66 212
67 31
67 41
67 99
67 119
67 182
67 199
67 242
68 3
68 196
68 209
68 223
68 228
68 233
69 6
69 16
69 25
69 31
69 45
69 61
69 81
69 108
69 124
69 226
70 42
70 52
70 94
70 98
70 175
70 224
70 228
71 84
71 153
71 179
71 180
71 218
72 5
72 19
72 21
72 107
72 142
72 149
72 151
72 170
72 189
72 217
73 64
73 152
73 157
73 164
73 168
73 242
74 50
74 56
74 69
74 81
74 109
74 139
74 147
75 27
75 78
75 93
75 196
75 207
75 235
75 239
76 8
76 19
76 45
76 120
76 121
76 125
76 131
76 150
76 155
76 196
76 205
76 214
76 220
76 226
77 11
77 18
77 53
77 75
77 87
77 93
77 163
77 165
78 7
78 18
78 29
78 67
78 158
78 193
79 63
79 64
79 141
79 160
79 161
79 166
79 186
79 193
79 197
79 201
79 208
79 222
79 226
80 20
80 116
80 140
80 153
80 202
80 223
81 23
81 46
81 55
81 186
82 44
82 97
82 193
82 215
82 234
82 239
83 3
83 10
83 46
83 82
83 88
83 91
83 117
83 145
83 158
83 208
83 219
84 44
84 49
84 79
84 101
84 120
84 132
84 205
84 206
84 243
84 249
85 37
85 41
85 55
85 75
85 78
85 86
85 88
85 157
85 175
86 14
86 34
86 74
86 118
86 185
86 187
86 193
86 228
86 239
87 12
87 19
87 114
87 119
87 124
87 162
87 199
88 47
88 58
88 77
88 102
88 129
88 196
88 197
88 216
89 1
89 51
89 65
89 67
89 73
89 77
89 78
89 82
89 106
89 127
89 223
89 242
90 20
90 119
90 151
90 213
90 227
90 234
90 240
91 6
91 23
91 37
91 52
91 74
91 116
91 140
91 160
91 207
91 234
92 9
92 43
92 45
92 64
92 68
92 80
92 96
92 110
92 147
92 157
92 159
92 206
92 236
93 1
93 8
93 11
93 20
93 29
93 67
93 150
93 153
93 154
93 170
93 211
93 218
93 219
93 220
93 225
94 62
94 78
94 111
94 118
94 128
94 138
94 144
94 172
94 228
95 16
95 115
95 132
95 185
95 216
96 37
96 118
96 124
96 216
96 218
96 224
97 34
97 50
97 71
97 110
97 186
97 199
97 227
98 2
98 22
98 51
98 81
98 94
98 133
98 184
98 194
98 227
99 21
99 83
99 98
99 125
99 150
99 175
99 185
99 195
100 9
100 14
100 25
100 58
100 75
100 131
100 149
100 166
100 174
100 201
100 227
100 248
101 43
101 50
101 57
101 83
101 113
101 117
101 126
101 158
101 161
101 191
101 213
101 217
101 233
101 248
102 55
102 70
102 104
102 129
102 150
102 170
102 236
103 31
103 107
103 121
103 147
103 178
103 201
104 53
104 78
104 96
104 153
104 176
104 198
104 230
104 238
105 5
105 11
105 16
105 20
105 91
105 141
105 145
106 10
106 17
106 72
106 105
106 109
106 152
106 170
106 195
106 224
107 82
107 94
107 112
107 160
107 167
107 186
107 187
107 241
108 5
108 10
108 30
108 35
108 40
108 80
108 92
108 93
108 117
108 124
108 174
108 177
109 48
109 49
109 96
109 160
110 26
110 46
110 76
110 109
110 158
110 160
110 171
110 201
110 202
110 220
111 13
111 14
111 87
111 137
111 149
111 153
111 163
111 170
111 186
112 10
112 38
112 74
112 79
112 87
112 91
112 99
112 124
112 128
112 183
112 188
112 224
112 240
113 3
113 23
113 32
113 33
113 38
113 42
113 63
113 179
113 189
113 200
113 201
113 202
113 227
114 4
114 7
114 44
114 82
114 108
114 112
114 152
114 163
114 207
114 216
115 5
115 23
115 27
115 38
115 60
115 62
115 79
115 97
115 117
115 135
115 148
115 205
115 206
115 249
116 8
116 15
116 24
116 38
116 62
116 64
116 75
116 84
116 117
116 176
116 179
116 188
116 242
116 243
117 1
117 4
117 33
117 44
117 100
117 104
117 152
117 196
118 8
118 20
118 89
118 110
118 117
118 189
118 205
118 211
118 243
119 39
119 53
119 176
119 248
120 11
120 24
120 52
120 53
120 72
120 92
120 214
120 227
120 229
120 250
121 29
121 48
121 84
121 99
121 120
121 142
121 152
121 173
121 204
122 53
122 105
122 145
122 173
122 189
122 226
122 233
122 239
123 39
123 65
123 104
123 113
123 147
123 161
123 175
123 189
124 79
124 101
124 130
124 164
124 228
125 26
125 29
125 43
125 45
125 66
125 90
125 120
125 168
125 175
125 180
125 235
126 15
126 23
126 75
126 118
126 178
126 181
126 198
127 116
127 189
127 233
128 20
128 50
128 56
128 67
128 68
128 95
128 115
128 124
128 147
128 166
128 207
129 51
129 60
129 86
129 126
129 149
129 173
129 247
130 19
130 55
130 101
130 114
130 133
130 198
131 31
131 49
131 64
131 77
131 81
131 91
131 117
131 127
131 156
131 174
131 178
131 198
131 245
132 18
132 77
132 94
132 120
132 129
132 199
133 3
133 77
133 100
133 114
133 128
133 145
133 209
133 210
133 226
134 4
134 9
134 30
134 33
134 55
134 59
134 65
134 69
134 148
134 184
134 193
134 207
135 25
135 32
135 50
135 57
135 113
135 155
135 156
135 181
135 185
136 3
136 8
136 51
136 74
136 121
136 176
136 188
136 232
137 29
137 39
137 44
137 54
137 153
137 170
137 171
138 85
138 117
138 127
138 150
138 174
138 212
138 215
139 40
139 71
139 90
139 91
139 137
139 199
139 206
139 222
140 47
140 84
140 157
140 164
140 225
140 229
140 235
141 38
141 131
141 134
141 199
142 22
142 123
142 141
142 185
142 240
143 17
143 61
143 151
143 210
143 217
143 240
144 9
144 20
144 22
144 26
144 27
144 78
144 87
144 121
144 140
144 155
145 59
145 93
145 201
145 218
145 228
145 244
146 64
146 65
146 92
146 226
147 2
147 91
147 109
147 113
147 152
147 224
147 236
148 22
148 32
148 110
148 116
148 120
148 142
148 156
149 31
149 39
149 55
149 105
149 174
149 192
149 234
150 48
150 56
150 69
150 84
150 161
151 17
151 69
151 89
151 225
152 18
152 115
152 127
152 135
152 142
152 149
152 163
152 197
152 208
152 219
152 231
153 63
153 65
153 68
153 87
153 114
153 181
153 224
153 235
154 14
154 25
154 136
154 199
154 219
154 236
155 6
155 9
155 35
155 56
155 59
155 66
155 73
155 81
155 108
155 137
155 151
155 186
155 231
155 239
155 241
156 11
156 62
156 108
156 136
156 186
157 11
157 130
157 134
157 149
157 156
157 164
157 205
157 212
158 12
158 25
158 26
158 45
158 85
158 150
158 192
158 198
158 239
159 5
159 99
159 169
159 201
159 248
160 2
160 9
160 36
160 43
160 136
160 137
160 143
160 162
160 178
161 12
161 13
161 37
161 72
161 90
161 144
161 157
161 210
161 216
161 233
161 238
162 18
162 40
162 56
162 76
162 147
162 185
162 191
162 203
162 246
163 1
163 24
163 68
163 71
163 121
163 213
164 30
164 96
164 135
164 142
165 24
165 80
165 137
165 147
165 199
165 202
165 210
165 217
165 229
166 104
166 118
166 157
166 175
166 211
166 235
167 12
167 36
167 39
167 68
167 76
167 127
167 152
167 164
167 169
167 184
167 193
167 230
168 15
168 87
168 95
168 117
168 156
168 163
168 178
168 186
168 239
168 242
168 249
169 54
169 109
169 115
169 129
169 180
169 182
169 210
169 224
170 28
170 68
170 116
170 123
170 174
170 209
170 230
170 243
171 108
171 117
171 132
171 133
171 181
171 198
171 213
171 245
171 248
172 74
172 81
172 115
172 120
172 171
173 5
173 78
173 86
173 141
173 152
173 214
173 245
174 42
174 82
174 93
174 112
174 180
174 188
174 189
174 217
174 220
174 238
175 10
175 26
175 88
175 93
175 156
175 172
175 207
176 10
176 12
176 19
176 81
176 147
176 165
177 10
177 14
177 22
177 46
177 56
177 70
177 128
177 147
177 173
177 225
178 18
178 35
178 87
178 115
178 158
178 170
178 179
178 232
179 69
179 137
179 145
179 174
179 198
179 211
179 240
180 44
180 111
180 113
180 204
180 221
180 247
181 16
181 33
181 52
181 83
181 154
181 191
181 240
182 28
182 129
182 132
182 144
182 151
182 153
182 178
182 208
182 224
183 1
183 9
183 25
183 134
183 155
183 191
183 202
184 140
185 2
185 45
185 143
185 167
185 248
186 16
186 80
186 88
186 127
186 131
186 147
186 151
186 152
186 181
186 199
187 125
187 131
187 167
187 175
187 211
187 235
187 242
188 14
188 25
188 68
188 73
188 122
188 150
188 220
188 222
188 236
188 237
189 33
189 50
189 136
189 147
189 156
189 167
189 180
189 215
189 216
189 234
189 237
190 74
190 88
190 100
190 154
190 156
190 182
190 221
190 245
191 5
191 14
191 52
191 140
191 226
191 241
192 6
192 61
192 68
192 75
192 164
192 175
192 203
192 212
192 224
193 27
193 61
193 102
193 114
193 152
193 190
194 33
194 83
194 93
194 111
194 149
195 5
195 17
195 53
195 65
195 103
195 113
195 138
195 171
195 243
196 62
196 119
196 133
196 134
196 161
196 164
196 198
197 96
197 130
197 205
197 224
198 30
198 55
198 101
198 121
198 125
198 132
198 139
198 174
198 219
198 228
198 243
199 1
199 42
199 68
199 130
199 216
199 240
200 129
200 190
200 234
201 48
201 63
201 97
201 151
201 187
201 208
202 18
202 27
202 37
202 79
202 100
202 106
202 123
202 134
202 182
202 249
203 46
203 68
203 92
203 176
203 183
203 202
203 235
203 237
203 238
204 5
204 47
204 91
204 129
204 156
204 157
204 162
204 188
205 33
205 38
205 87
205 114
205 169
205 171
205 184
205 193
205 196
205 202
206 33
206 35
206 47
206 189
206 223
206 239
207 39
207 49
207 76
207 135
207 140
208 20
208 26
208 140
208 153
208 157
208 242
209 5
209 6
209 10
209 80
209 89
209 102
209 118
210 4
210 65
210 107
210 149
210 157
210 187
210 196
210 225
211 22
211 35
211 42
211 103
211 129
211 148
211 162
211 163
211 175
212 23
212 29
212 49
212 91
212 136
212 184
212 227
212 228
212 246
212 249
213 4
213 15
213 70
213 86
213 98
213 126
213 129
213 131
213 152
213 153
213 159
213 162
213 227
213 237
214 9
214 86
214 101
214 125
214 136
214 150
214 160
214 227
215 19
215 23
215 24
215 64
215 80
215 115
215 139
215 159
215 178
215 190
216 24
216 30
216 91
216 108
216 136
216 178
217 41
217 49
217 65
217 94
217 115
217 125
217 141
217 147
217 158
217 185
217 228
217 244
218 32
218 75
218 209
218 223
219 23
219 35
219 42
219 47
219 67
219 122
219 156
219 161
219 166
220 1
220 38
220 49
220 85
220 144
220 168
220 171
221 7
221 9
221 42
221 80
221 141
221 186
221 206
221 208
221 235
222 66
222 87
222 96
222 104
222 150
222 172
223 2
223 50
223 55
223 137
223 142
223 178
223 197
223 199
223 220
223 232
223 243
224 43
224 150
224 170
224 175
224 222
224 247
225 21
225 69
225 77
225 97
225 100
225 114
225 159
226 12
226 31
226 77
226 96
226 153
226 175
226 190
226 211
226 248
227 39
227 69
227 92
227 107
227 115
227 146
227 159
227 161
227 174
227 185
227 203
227 226
227 230
228 3
228 13
228 89
228 112
228 125
228 132
228 205
228 227
229 10
229 20
229 71
229 95
229 117
229 125
229 130
229 169
229 171
230 3
230 47
230 58
230 101
230 133
231 18
231 19
231 23
231 73
231 103
231 164
231 168
231 212
231 250
232 16
232 34
232 42
232 55
232 66
232 71
232 73
232 108
232 149
232 164
232 165
232 170
232 204
232 220
232 224
233 62
233 132
233 193
233 195
233 226
234 1
234 2
234 58
234 75
234 93
234 106
234 126
234 175
234 184
234 245
235 63
235 108
235 168
235 175
235 208
236 45
236 52
236 56
236 81
236 208
236 239
237 11
237 32
237 115
237 139
237 147
237 224
238 54
238 88
238 159
238 182
238 217
238 240
239 35
239 84
239 102
239 108
239 150
239 192
239 224
240 11
240 27
240 77
240 95
240 113
240 114
240 145
240 164
240 171
240 231
241 61
241 113
241 148
241 195
241 247
241 249
242 28
242 39
242 41
242 65
242 77
242 86
242 90
242 100
242 102
242 120
242 146
242 153
242 188
242 197
242 213
243 5
243 44
243 46
243 51
243 66
243 77
243 101
243 106
243 119
243 157
243 167
243 184
243 192
243 209
243 235
244 17
244 71
244 157
244 169
244 206
244 214
245 92
245 224
246 8
246 48
246 50
246 52
246 58
246 65
246 76
246 93
246 137
246 163
246 202
246 215
246 242
247 10
247 80
247 99
247 101
247 200
247 213
248 1
248 14
248 21
248 33
248 52
248 59
248 90
248 167
249 17
249 34
249 36
249 44
249 53
249 215
250 41
250 110
250 141
250 155
250 232
250 241
250 247

