200 50
3209316896 1 1 4053768969 387814366 3532299015 1504017751 1 1266294455 1087311008 1 1 1 1 2 2 1 1974571358 2 1 3828339023 3152272168 1 3499795142 2570365578 3911841805 3747310183 1 2060603158 1444923822 1 3914367407 1 1886027194 1 1121849208 1 4 2405470460 3257561559 4035790394 1 808782915 1 2080455321 1 2512615990 726551054 1 1483711273 1 1966967401 3088328810 1 1 2483163466 2140760146 1926682113 3364376322 160959156 1 3672252143 1 1 3175263920 3387527428 653936681 1 1 3376703390 1 2882675519 1 1612859730 1916034353 3 1263129028 1680552405 1 2 1 216933686 540141142 223002941 2523467996 2215192982 2770897484 700476481 1 1 2 1 884007080 4 3971222899 883789127 1 3638829596 893255633 4 4250853780 318305771 869038934 1557886593 1812321093 3437074426 1 4276325252 1 4276625403 1 2510406933 1699166397 3174931102 2234627834 423116671 791693576 2144833435 1555842084 1 4 3859736501 3739612769 3843028903 1179879474 2200468136 1 1 1 1 460222033 1029421997 1374604943 1 1237775139 1 1 3400924084 3515571206 1516717219 3337613888 1 1 1608111972 2203874348 1498874260 160530418 1 2978961018 1 1 3893096457 1 2619237422 2900842857 1090652608 99169970 1 3073713346 552419589 754794182 1541872071 3180433894 1 2383116261 1 236648499 1 4147672760 1 1 313783933 3709180240 4173635368 1 2 3437883693 3 4193496472 4 1 1 1 1 3087003347 1 2 223650717 4236003387 2333913730 792924075 1 2664182830 1 1 1 1160664004 2982866782 1 4019605931 
2 168
3 121
13 129
15 94
16 15
16 168
17 19
19 38
28 20
31 153
35 100
37 184
42 8
44 64
46 137
49 12
54 73
61 150
68 76
69 181
76 180
80 55
80 170
81 49
89 176
90 51
91 33
91 127
92 148
94 130
107 97
111 100
120 187
128 175
129 121
136 14
142 11
151 79
158 180
164 143
166 23
176 38
178 71
178 134
182 199
183 196
186 171
192 109
194 187
195 63

