150 500
24 1 44 5 24 36 6 11 16 164 29 35 74 33 31 8 2 6 83 4 43 8 2 8 5 7 10 10 9 46 3 44 51 41 22 48 18 9 17 22 9 59 7 11 9 71 44 9 34 1 4 15 4 48 80 4 35 57 6 4 60 39 4 8 34 7 11 21 24 17 34 2 1 124 13 20 8 67 30 9 8 1 4 47 27 13 34 24 101 6 2 124 18 19 23 24 1 4 3 56 5 5 38 5 32 6 7 3 16 8 104 36 238 10 4 20 10 64 16 59 2 11 1 6 14 7 8 3 71 62 36 1 19 4 25 12 12 28 19 3 8 74 7 28 38 35 54 45 31 3 
1 35
1 96
1 146
2 41
2 50
2 59
2 106
3 7
3 11
3 55
3 73
3 125
3 142
5 22
5 31
5 95
6 40
6 77
6 103
6 115
7 32
7 113
8 101
8 102
8 109
9 34
9 46
9 127
10 11
10 19
10 29
10 35
10 85
10 87
10 117
10 122
10 142
11 13
11 16
11 46
11 65
12 15
12 47
13 67
13 98
13 150
14 49
14 59
14 125
14 135
15 57
15 72
15 94
15 146
16 10
16 19
16 37
18 21
18 72
18 145
18 149
19 21
19 100
19 124
19 138
19 150
20 63
20 93
21 36
21 90
22 27
22 40
22 78
22 98
23 122
23 139
24 78
24 81
24 84
24 102
25 80
25 126
26 17
26 24
26 42
26 67
26 106
27 3
27 100
27 125
28 25
28 37
28 60
28 77
29 5
29 130
30 13
30 54
30 61
30 137
30 140
31 112
32 8
32 9
32 19
32 37
32 41
32 62
32 111
32 115
33 6
33 31
33 73
34 30
34 120
34 123
34 139
35 26
35 27
35 75
35 116
36 31
36 39
36 104
36 112
36 118
36 133
36 134
36 150
37 35
37 55
37 133
37 142
38 58
39 4
39 10
39 111
39 128
39 131
40 33
40 65
40 132
41 133
42 3
42 56
42 88
42 125
42 141
43 21
43 128
44 32
44 51
45 43
46 12
46 29
46 36
46 39
46 42
46 55
46 89
46 148
47 21
47 29
47 68
47 113
47 147
49 78
49 87
49 92
49 130
50 90
50 96
51 66
52 12
52 67
52 124
53 22
53 59
53 71
53 119
53 123
53 124
54 4
54 103
54 110
54 140
55 31
55 57
55 85
55 89
55 95
56 38
57 18
57 26
57 70
58 14
58 65
58 92
58 96
59 33
60 133
61 10
61 53
61 147
61 148
62 46
63 2
63 79
64 13
64 100
64 122
65 62
65 115
66 44
66 54
67 91
68 14
68 92
69 13
69 38
69 41
69 54
69 113
70 5
70 6
70 55
70 118
71 4
71 127
71 149
72 7
72 9
72 24
72 58
72 123
72 148
73 27
73 50
73 58
73 126
74 35
74 59
74 61
74 99
74 102
74 136
74 140
75 43
75 110
76 32
76 102
76 138
76 146
77 2
77 52
77 105
77 130
77 146
78 2
78 43
78 65
78 110
78 131
79 4
79 20
79 33
79 47
79 95
79 98
79 123
79 129
80 26
81 32
81 53
81 102
82 3
82 12
82 89
82 92
82 100
82 144
83 2
83 55
84 17
84 111
84 137
84 146
85 15
85 95
85 120
85 123
86 65
86 108
86 112
86 140
87 41
88 129
88 140
89 51
89 72
89 79
89 106
89 133
89 139
91 12
91 21
91 103
91 126
91 142
92 24
92 26
92 31
92 40
92 57
92 74
92 94
93 47
93 111
93 126
93 138
94 76
94 100
95 33
96 80
96 137
97 50
97 143
98 113
98 142
99 7
99 94
100 10
100 45
100 69
100 92
100 117
100 133
101 75
101 78
102 21
103 11
103 30
103 43
103 90
104 72
104 106
105 4
105 13
105 22
105 111
105 145
106 28
106 87
106 93
107 62
107 68
107 116
108 135
109 26
109 59
109 68
109 71
110 55
110 148
111 41
111 58
111 64
111 104
111 133
111 142
112 99
112 136
112 144
113 4
113 10
113 12
113 29
113 45
113 48
113 99
113 119
113 131
114 61
114 113
114 144
115 42
115 60
115 88
115 118
116 29
116 53
116 114
117 148
118 62
118 120
118 135
118 139
118 143
119 44
119 138
120 60
120 74
120 80
120 84
121 1
121 19
122 34
122 89
122 128
122 141
123 20
123 31
123 149
124 20
124 65
125 73
125 87
125 100
126 13
127 19
127 54
127 124
127 141
128 32
129 6
129 32
129 74
129 84
129 113
129 117
129 134
130 11
130 48
130 52
130 83
130 105
130 114
131 55
131 62
131 149
132 55
132 61
132 74
132 88
133 69
134 18
135 27
135 33
136 36
136 38
136 46
136 139
137 62
138 4
138 63
138 90
138 112
139 120
139 147
140 11
140 34
140 106
140 117
140 130
140 149
140 150
141 79
141 81
142 48
142 89
142 108
143 19
143 91
143 145
144 19
144 71
144 87
144 108
144 139
145 1
145 12
145 58
145 64
145 68
145 113
146 49
147 3
147 71
147 74
147 107
147 129
147 141
148 47
148 51
148 143
149 90
149 110
150 61
150 80
150 108

