150 100
1 1 1 14 2842403563 3 2 1 2203066189 2716440974 2 1 2241217266 1 4 629076759 4 4 4 2 1 1 2 1424876658 1 788215556 1 1 1 1 1 1 2 1 2 3 3310237235 1 1 2646334696 1 4159031116 2689714727 1 8 1 4 1 4 2021855264 778446321 8 3 1 15 6 1 1 1 2 1 4 1 1 1928164366 1 1 1 1 759160601 6 7 1 1895280254 1 4 2636924386 1 1 1 2840766203 1108396217 1 1 6 1 3 1 6 13 1 4 10 1 2 1 1 2 1 2 3461974835 2 1 2 2516274395 1 4 2419168562 1 1 1 2064874557 560754268 3962111045 3853111183 3328701620 1 2175089484 4 1 3068275012 1 2438469516 1 2311764001 109746714 4 4 3 1 2 546999345 549477600 2212893657 1 9 1 1 1 4 519441765 3 4 1122090248 1 283003903 9905642 1 3 3 
1 18
4 7
4 93
8 99
11 67
12 30
14 143
15 53
15 122
17 48
17 92
18 59
19 71
19 111
20 33
21 72
21 90
23 6
23 79
23 110
27 35
28 47
33 69
34 93
35 3
36 6
36 142
38 136
39 136
44 25
45 52
46 33
47 31
47 71
48 102
49 34
52 150
53 4
54 38
55 97
55 142
56 7
56 55
56 128
57 76
58 66
58 68
60 4
61 140
62 2
64 87
72 90
73 11
75 87
76 84
79 94
79 120
83 127
85 60
85 72
85 100
86 96
89 71
89 107
89 128
90 29
90 32
91 45
92 72
93 98
93 140
95 41
95 55
98 104
99 110
102 149
103 63
104 143
106 80
107 49
107 93
109 93
111 98
117 100
119 20
119 78
120 52
127 119
129 131
129 138
130 62
131 139
135 60
136 86
137 48
143 45
145 88
148 22
149 36
150 124

