100 250
4 12 7 1 2 19 14 48 3 50 1 86 45 4 9 2 45 13 3 2278685678 46 48 13 7 4 55 4 15 5 11 15 32 35 10 22 3 4 2 43 44 14 1 7 24 10 7 1 17 2 51 4 16 5 6 22 18 2 6 6 5 3 1 48 1 38 2870255996 1 5 3 13 25 28 14 24 23 6 4 22 24 1 47 7 1 8 2 5 48 60 6 3194491183 7 13 35 3 58 1 1 24 14 27 
1 45
2 15
3 9
3 29
3 74
3 96
4 59
4 64
5 6
5 79
6 60
6 72
6 95
7 5
7 43
7 81
8 3
8 31
10 26
10 72
10 75
10 78
10 87
10 88
11 44
12 9
12 26
12 46
12 50
12 58
12 82
13 19
13 23
13 44
13 56
13 93
14 33
15 23
16 70
16 89
17 32
17 57
17 76
18 61
19 34
21 32
21 60
21 63
21 80
22 9
22 25
22 32
22 85
23 16
23 46
23 48
23 63
24 6
24 10
24 14
25 17
25 96
26 5
26 56
26 63
27 13
27 50
28 34
29 40
29 91
30 17
30 51
31 2
32 52
32 56
33 7
33 17
33 21
33 57
33 78
34 8
34 92
35 12
35 40
35 52
35 70
35 72
36 17
37 15
37 21
37 99
38 29
38 88
39 40
39 55
39 85
39 86
40 5
40 64
41 32
41 88
41 92
42 79
43 3
43 37
44 8
44 36
44 95
45 51
45 65
45 70
46 48
46 84
47 88
48 40
48 88
49 5
49 37
50 6
50 26
50 31
50 81
50 87
50 100
52 7
52 31
52 100
53 50
53 81
54 44
54 45
54 48
54 82
55 2
55 13
55 15
55 71
56 43
56 63
56 81
56 89
56 97
57 14
57 55
58 9
58 55
59 5
59 30
60 71
60 98
61 81
62 18
62 52
63 12
63 22
63 27
63 54
63 76
64 41
65 22
65 28
65 30
65 38
65 39
65 100
67 50
68 22
68 26
68 29
69 26
69 58
70 28
70 56
70 78
71 8
71 70
71 84
72 23
72 46
72 47
72 69
72 77
73 10
73 44
73 93
73 99
74 33
74 95
74 98
75 5
75 31
75 63
75 67
75 79
76 64
77 32
77 53
77 70
78 8
78 18
79 28
79 87
79 93
81 2
81 84
82 21
82 77
83 26
83 39
83 63
84 92
85 55
86 56
87 12
87 13
87 44
87 95
88 22
88 57
88 61
88 68
88 95
89 2
89 22
91 2
91 74
91 88
91 99
92 11
92 86
93 1
93 21
93 60
94 14
94 65
94 87
95 18
95 26
95 39
96 12
96 15
96 62
98 40
98 65
98 88
99 62
100 8
100 31
100 68
100 74

