100 100
2 2 6 1 5 3 4 8 1 9 1 1379795447 23 5 3 3479219092 3 1 10 1 1476599089 2808482290 2265042430 3 1 4 4 5 1 1 1 1 1 1 1 1 1 15 12 1 15 1 3 1 4 1 2457603991 11 2565152197 3439681868 1 1 3 2 6 11 2 1 1 20 4 39181003 17 1 1 4 2 3 1 3 2 3413823906 4 3 2 1 2 1 3 1 8 1 1 1 1 1 1 3 1 2 20 1 2679244218 2 557280026 1 1 4 1 1 
1 24
1 56
2 70
3 9
3 43
5 58
5 70
5 88
8 39
8 54
10 6
10 26
10 60
11 73
13 11
13 80
14 54
14 56
14 91
17 75
18 92
19 13
19 14
20 19
24 4
27 37
27 68
28 94
28 99
29 56
29 96
31 35
31 55
32 26
38 3
38 97
39 17
39 34
40 30
40 41
41 25
41 36
41 45
41 55
41 73
42 60
43 51
45 42
46 33
48 2
48 15
48 27
48 63
52 98
55 70
57 7
57 44
60 13
60 38
61 38
61 39
63 9
63 53
63 54
63 78
66 91
67 15
67 54
69 24
70 41
71 43
71 59
71 89
74 8
74 19
76 82
77 6
77 7
77 100
79 27
79 74
81 56
81 68
81 79
84 15
84 75
85 13
86 66
87 11
87 53
88 64
90 83
91 41
91 77
94 65
94 90
96 28
96 60
98 39
99 91

