250 1000
23 14 59 34 1 97 63 95 33 37 21 22 44 73 63 40 12 4 17 164 13 111 24 12 24 16 3 50 4 4 14 111 1 4 29 22 23 1 14 159 47 45 13 86 17 66 35 55 3 24 22 2 13 84 52 16 76 6 11 16 19 28 38 8 60 25 3 6 80 18 52 17 36 127 97 50 29 9 7 5 34 17 8 72 31 50 36 12 3 168 5 102 55 91 2 49 72 14 70 23 78 14 58 23 9 22 10 86 11 32 52 116 20 3 40 21 14 39 59 30 28 4 33 47 8 23 15 11 157 32 16 4 3 13 16 9 3 26 51 74 14 2 21 125 66 34 9 18 16 35 26 80 24 42 11 2 1 1 63 35 49 5 31 49 90 9 44 16 16 10 16 184 51 4 25 1 10 22 91 14 7 20 4 64 84 49 10 80 132 20 7 15 99 73 7 14 41 57 114 117 39 3 21 27 58 93 25 5 15 11 104 15 40 48 21 14 31 49 11 4 166 47 17 74 8 10 12 5 25 37 7 61 26 57 4 17 28 100 22 22 34 194 1 27 49 67 22 68 3 35 
1 20
1 39
1 138
1 154
2 83
2 240
3 108
3 137
3 177
3 212
3 242
4 40
4 244
5 20
5 22
5 63
5 93
5 126
5 214
6 32
6 123
6 144
6 172
6 180
6 240
7 1
7 35
7 141
7 142
7 187
7 200
8 11
8 28
8 61
8 76
8 101
8 108
8 138
8 178
8 200
8 207
9 44
9 247
10 24
10 176
10 241
11 127
12 3
12 105
12 164
12 179
13 38
13 87
13 134
13 240
14 17
14 101
14 120
14 154
14 241
14 242
15 6
15 26
15 30
15 45
15 236
16 26
16 73
16 206
17 120
17 198
17 235
17 239
18 48
18 138
18 162
18 175
19 7
19 15
19 54
19 141
19 144
19 145
20 57
20 89
20 94
20 101
20 107
20 108
20 120
20 131
20 145
21 214
22 66
22 103
22 236
23 94
23 232
23 242
23 243
24 239
25 21
25 37
25 86
25 148
25 241
26 54
26 118
27 215
28 6
28 129
28 167
28 202
29 123
29 218
29 225
29 244
30 130
30 164
31 66
31 146
31 229
31 238
32 56
32 119
32 189
33 193
34 74
35 20
35 45
35 164
35 169
35 206
36 105
36 172
36 214
36 216
36 239
37 74
37 131
37 228
38 71
39 99
39 139
39 242
40 6
40 55
40 101
40 103
40 181
40 200
41 77
41 156
41 176
42 122
42 139
42 174
42 175
43 40
43 247
44 55
44 139
44 155
44 172
45 179
45 238
45 248
46 60
46 109
46 141
46 172
46 187
47 77
47 126
47 153
47 242
48 16
48 17
48 47
48 57
48 165
48 201
48 217
49 139
49 212
49 217
50 118
50 134
50 185
50 200
50 238
51 87
51 145
51 174
52 23
52 28
52 86
52 172
52 196
53 3
53 90
53 94
53 98
53 116
53 144
53 194
53 242
54 43
54 104
54 140
54 143
54 239
55 3
55 6
55 184
55 192
56 9
56 211
56 248
57 3
57 10
57 55
57 65
57 77
57 97
58 136
58 161
58 199
58 235
59 40
59 53
59 216
59 221
60 72
60 101
60 102
60 193
60 194
60 228
61 84
61 115
61 201
61 204
62 88
62 161
63 78
63 92
63 184
63 190
64 4
64 59
64 81
64 250
65 108
65 118
65 214
65 222
65 228
66 65
66 90
67 120
68 138
69 72
69 75
69 149
69 150
69 161
69 173
69 188
69 211
69 218
70 75
70 82
70 93
70 130
70 233
71 32
71 58
71 93
71 184
71 196
71 223
72 142
72 196
72 212
72 237
73 1
73 81
73 243
73 245
74 17
74 29
74 40
74 63
74 166
74 234
75 17
75 76
75 123
75 124
75 165
75 189
75 243
76 14
76 33
77 222
77 246
78 86
78 134
78 172
78 181
78 239
79 64
79 74
79 108
79 141
79 199
80 221
81 5
81 188
81 241
82 69
82 145
82 206
83 46
84 40
84 91
84 117
84 124
84 128
84 168
84 178
84 191
85 176
85 215
86 41
86 94
86 159
86 244
87 69
87 76
87 237
87 248
88 73
88 135
88 230
89 232
89 241
90 203
91 59
91 116
91 199
91 210
92 85
92 116
92 185
92 192
92 225
93 76
93 151
94 10
94 95
94 103
94 131
95 90
96 7
96 12
96 108
96 207
96 246
97 45
97 81
97 85
97 118
97 179
97 214
97 224
97 232
98 52
98 85
98 121
99 13
99 27
99 42
99 140
99 184
99 202
99 223
99 229
100 17
100 25
100 51
101 32
101 99
101 244
101 249
103 74
103 76
103 198
104 90
104 129
104 185
105 10
105 108
105 146
105 243
106 20
106 160
107 2
108 160
109 70
109 155
109 171
109 224
110 48
110 63
110 197
110 223
111 87
111 107
111 120
111 139
111 161
111 205
111 212
111 216
112 74
112 126
112 157
112 196
112 199
112 243
112 249
113 13
113 73
113 199
114 103
114 218
115 77
115 122
115 124
115 188
116 5
116 49
116 61
116 67
117 28
117 132
117 161
117 217
117 225
118 213
119 24
119 57
119 92
119 93
119 120
119 230
120 80
120 165
120 187
121 38
121 70
121 94
121 108
121 139
121 155
121 163
121 178
122 25
122 126
122 137
122 244
123 14
124 4
124 8
124 157
124 173
124 197
125 113
126 44
126 187
126 189
127 198
127 222
128 22
128 41
128 50
128 106
128 144
128 154
128 160
129 16
129 29
129 44
129 103
129 117
129 224
130 48
130 102
130 243
131 78
132 78
132 124
132 155
132 224
132 239
133 81
133 150
135 14
135 140
135 154
135 185
135 221
136 97
136 112
137 57
137 60
137 200
138 106
138 130
138 219
138 243
139 90
139 93
139 104
139 146
139 161
140 13
140 37
140 39
140 95
141 161
142 62
142 195
142 242
142 249
143 57
143 65
143 68
143 120
143 138
144 39
144 66
144 135
144 197
144 210
144 220
144 239
145 9
145 18
145 59
145 114
146 2
146 49
146 115
146 123
146 202
147 35
147 59
147 75
147 92
147 115
148 149
148 167
148 173
148 189
149 12
149 34
149 175
149 198
150 11
150 22
150 46
150 62
150 78
150 138
150 141
150 163
150 234
151 54
151 138
151 142
151 144
151 201
152 3
152 33
152 57
152 108
152 129
152 156
152 167
153 23
153 128
153 129
153 244
154 66
154 101
154 124
154 153
154 221
154 236
155 17
155 18
156 30
156 115
156 129
156 221
156 242
157 90
157 102
157 123
157 208
158 54
158 88
158 134
158 203
158 232
158 246
159 33
159 46
159 64
159 96
159 172
159 223
160 79
160 86
160 168
160 236
161 220
161 239
162 93
162 97
162 180
163 86
163 118
163 165
163 167
163 185
163 240
164 105
164 128
164 152
164 180
164 182
165 17
165 40
165 134
166 101
166 209
167 73
167 82
167 112
167 234
167 237
167 242
168 107
168 197
169 9
169 76
169 111
169 171
170 8
170 116
171 72
171 204
171 218
172 58
172 106
172 132
172 170
172 195
172 238
173 10
173 11
173 28
173 30
173 56
174 118
174 200
174 213
174 217
175 3
175 22
175 196
177 69
177 129
177 211
178 90
178 209
178 233
179 22
179 154
179 158
179 166
179 172
179 220
179 243
180 147
180 238
181 81
181 101
181 111
181 140
182 99
182 161
183 11
183 44
184 92
184 110
184 183
184 205
185 7
185 102
185 129
185 131
185 221
185 234
186 6
186 83
186 96
186 130
186 178
186 181
187 19
187 22
187 79
187 113
188 62
188 122
188 157
188 231
188 246
189 17
189 24
189 69
189 163
189 165
189 227
189 230
189 248
190 40
190 52
190 150
190 241
191 107
191 146
192 21
192 73
192 246
192 249
193 5
193 26
193 55
193 134
193 139
193 221
194 24
194 94
194 128
194 188
194 224
194 242
195 22
195 24
195 74
195 90
196 12
196 15
196 238
197 141
197 218
197 236
198 92
198 93
198 110
198 159
198 189
198 226
199 9
199 25
199 32
199 42
199 67
199 193
200 4
200 111
200 119
200 191
200 249
201 140
201 215
201 243
202 14
202 16
202 21
202 92
202 166
202 177
203 42
203 117
203 150
203 167
203 168
203 193
204 17
204 84
204 128
204 232
205 4
205 33
205 201
205 241
206 13
206 76
206 134
206 156
206 170
206 209
206 222
206 248
207 22
207 28
207 80
207 115
207 125
207 126
208 63
208 68
208 125
209 90
209 103
209 145
209 180
209 194
209 221
210 32
210 95
210 106
210 179
210 207
211 37
211 65
211 159
211 182
211 201
211 216
211 223
211 247
212 23
212 86
212 172
212 184
212 213
212 235
212 243
213 43
213 51
213 120
213 194
213 211
213 237
214 17
214 150
214 203
214 212
215 47
215 106
216 137
216 198
217 92
217 152
218 28
218 68
218 105
218 108
218 117
218 162
218 229
218 248
219 44
220 148
220 169
221 24
221 46
221 75
221 79
221 112
222 13
222 100
222 140
222 186
223 48
223 135
223 156
223 202
224 71
224 90
224 133
224 178
225 216
226 7
226 17
226 32
226 62
226 205
227 32
227 103
227 217
228 109
228 156
228 182
229 55
229 105
229 119
229 230
229 231
230 85
230 140
230 146
231 2
232 41
232 52
232 78
232 104
232 165
233 20
233 41
233 92
233 165
234 15
234 47
234 114
234 219
236 90
236 103
236 158
237 38
237 84
237 98
237 127
237 200
238 17
238 181
238 201
238 219
239 123
239 150
239 179
239 185
239 245
239 250
240 60
240 75
240 193
241 54
241 60
241 100
241 111
241 139
242 112
242 138
242 157
242 176
242 182
242 185
243 3
243 14
243 16
243 43
243 101
244 10
244 33
245 7
245 12
245 90
245 94
245 112
245 153
245 169
246 3
246 171
246 179
246 205
247 15
247 44
248 22
248 32
248 53
248 167
249 11
249 29
249 58
249 93
249 122
250 20
250 56
250 89
250 113
250 229

