100 250
5 2 2 20 2 21 59 16 2 2 20 16 4 6 8 57 3 3 15 12 10 23 3 22 30 4 10 16 10 13 5 25 10 4 18 7 57 33 18 48 8 4 6 7 14 9 5 9 1 19 2 42 37 4 2 2 3 3 1 1 2 33 19 3 14 10 1 30 1 6 26 10 43 2 6 17 12 8 1 3 14 9 12 22 10 2 38 19 6 48 25 15 20 13 1 13 9 13 4 15 
1 4
1 42
1 56
1 57
2 22
3 5
3 40
3 53
3 87
4 34
4 87
5 9
5 27
5 32
6 4
6 31
6 35
7 3
7 48
7 53
8 7
8 57
8 85
9 29
9 79
9 91
10 4
10 35
10 78
11 12
11 92
12 46
12 80
13 18
13 73
13 85
14 19
14 52
14 91
16 11
16 59
16 97
17 37
17 100
18 40
18 71
19 6
19 16
19 46
19 74
19 98
20 9
20 90
20 98
21 1
21 10
21 11
21 16
21 52
21 77
22 55
23 13
24 38
24 97
25 7
25 10
25 61
25 67
25 90
26 10
26 27
26 47
26 59
27 32
28 9
28 21
28 22
28 52
28 57
28 86
29 3
29 7
29 24
29 52
30 28
30 58
30 88
30 97
31 4
31 20
32 37
32 98
33 1
33 12
33 15
33 16
33 32
33 63
33 64
34 24
35 3
35 5
35 50
35 83
35 84
36 61
37 25
37 26
37 65
38 37
38 40
39 2
39 3
39 4
39 100
40 21
40 26
40 90
41 45
41 63
41 64
41 70
42 37
42 48
43 4
43 63
44 2
44 30
44 52
45 50
45 52
47 53
47 67
50 6
50 31
50 63
51 12
51 22
51 84
52 1
53 27
53 65
54 46
54 99
57 5
57 49
57 95
59 5
60 39
60 40
61 76
62 15
62 75
62 81
63 23
63 31
64 89
65 2
65 94
66 10
66 11
66 16
67 13
67 68
67 93
68 7
68 37
68 45
68 49
68 59
70 22
70 39
71 36
71 38
71 62
71 82
72 2
72 26
72 66
72 70
72 94
73 4
73 53
73 56
73 72
73 77
73 88
74 50
75 5
75 38
76 4
76 72
76 84
76 88
76 93
77 78
78 69
80 64
80 97
81 45
81 66
81 96
82 6
83 87
84 14
84 16
84 19
84 49
85 24
85 79
86 47
86 53
86 71
87 43
87 48
87 50
87 62
88 15
88 45
88 47
88 77
89 18
89 47
89 92
90 8
90 13
90 95
90 99
91 38
91 70
91 79
91 99
92 52
92 83
93 7
93 24
93 58
94 26
94 31
94 53
94 55
96 36
96 50
96 83
96 98
97 7
97 18
97 23
100 62
100 82

