50 500
15 475 60 521 367 415 87 79 198 49 104 203 143 217 47 88 674 259 7 431 52 7 139 18 103 228 9 178 149 212 24 210 100 65 91 307 196 50 528 69 264 433 18 210 342 276 24 73 539 172 
1 3
1 4
1 16
1 22
1 41
1 42
1 49
1 50
2 11
2 13
2 14
2 18
2 25
2 27
2 28
2 36
2 38
2 39
2 48
2 50
3 9
3 10
3 11
3 12
3 17
3 20
3 25
3 32
3 33
3 35
3 39
3 43
3 48
4 3
4 10
4 11
4 15
4 22
4 25
4 29
4 32
4 39
4 40
4 45
4 46
5 1
5 2
5 4
5 9
5 11
5 18
5 22
5 25
5 28
5 29
5 36
5 38
6 1
6 3
6 5
6 12
6 29
6 31
6 32
6 35
6 45
6 47
7 1
7 3
7 6
7 8
7 11
7 12
7 17
7 21
7 22
7 25
7 33
7 43
7 44
8 5
8 15
8 19
8 26
8 34
8 35
8 38
8 39
8 45
8 49
9 11
9 17
9 18
9 22
9 25
9 29
9 32
9 33
9 35
9 41
9 42
9 46
9 48
9 49
10 11
10 16
10 34
10 37
10 40
10 49
10 50
11 8
11 14
11 17
11 19
11 28
11 29
11 30
11 31
11 35
11 37
11 48
11 49
12 4
12 5
12 16
12 19
12 22
12 27
12 33
12 35
12 38
12 39
12 41
12 48
13 6
13 9
13 10
13 16
13 18
13 20
13 22
13 28
13 41
13 45
13 48
14 1
14 3
14 4
14 7
14 15
14 17
14 23
14 25
14 26
14 27
14 37
14 43
14 46
14 49
15 2
15 7
15 24
15 39
15 44
15 50
16 4
16 5
16 11
16 18
16 38
16 42
17 4
17 8
17 12
17 29
17 30
17 37
17 41
17 43
17 44
17 45
17 48
18 3
18 6
18 19
18 20
18 32
18 38
18 39
18 48
19 2
19 5
19 15
19 37
19 42
20 1
20 2
20 5
20 6
20 7
20 10
20 14
20 30
20 32
20 36
20 40
20 41
20 45
20 46
20 48
20 49
21 2
21 13
21 22
21 35
21 36
21 40
21 46
21 48
22 8
22 14
22 35
23 1
23 10
23 17
23 20
23 21
23 25
23 29
23 38
23 42
23 45
23 49
24 2
24 12
24 16
24 19
24 22
24 36
24 38
24 47
24 49
25 6
25 8
25 15
25 20
25 37
25 38
25 39
25 40
26 1
26 3
26 6
26 9
26 10
26 13
26 17
26 20
26 22
26 32
26 34
26 38
27 6
27 10
27 16
27 30
27 34
27 41
27 46
27 49
28 20
28 23
28 24
28 25
28 27
28 29
28 37
28 42
28 46
29 2
29 12
29 16
29 21
29 25
29 41
29 46
29 48
30 10
30 21
30 25
30 33
30 38
30 40
30 42
30 43
31 5
31 12
31 27
31 28
31 29
31 35
31 43
31 47
31 49
32 2
32 24
32 29
32 35
32 36
32 38
32 41
32 43
32 46
32 47
32 48
32 50
33 1
33 6
33 13
33 15
33 20
33 25
33 34
33 36
33 39
33 44
33 45
33 49
33 50
34 3
34 7
34 22
34 29
34 30
34 35
34 37
34 46
34 47
35 17
35 26
35 36
35 47
35 48
35 49
35 50
36 3
36 4
36 6
36 13
36 16
36 17
36 27
36 31
36 37
36 41
36 45
36 49
37 6
37 7
37 15
37 18
37 20
37 31
37 38
37 39
37 44
37 48
38 10
38 13
38 14
38 17
38 39
38 42
39 5
39 9
39 14
39 17
39 24
39 26
39 28
39 31
39 32
39 40
39 43
40 1
40 8
40 11
40 14
40 23
40 31
40 32
40 38
40 45
40 48
41 2
41 5
41 16
41 18
41 22
41 23
41 43
41 50
42 4
42 13
42 14
42 15
42 17
42 18
42 24
42 29
42 33
42 34
42 35
42 36
43 6
43 9
43 16
43 19
43 21
43 22
43 28
43 45
43 46
43 50
44 3
44 6
44 9
44 11
44 14
44 20
44 21
44 24
44 25
44 29
44 34
44 38
44 45
44 49
45 5
45 24
45 28
45 30
45 38
45 46
45 48
46 1
46 2
46 6
46 7
46 18
46 19
46 39
46 44
47 2
47 4
47 5
47 7
47 8
47 9
47 10
47 13
47 16
47 17
47 25
47 29
47 33
47 42
47 45
47 50
48 4
48 14
48 22
48 34
48 38
48 41
48 44
49 5
49 7
49 13
49 17
49 21
49 26
49 30
49 32
49 39
49 40
49 43
49 46
49 48
50 4
50 6
50 8
50 13
50 14
50 17
50 21
50 25
50 30
50 36

