250 5000
942 172 229 168 449 683 1548 1583 755 980 93 736 596 161 1598 369 627 264 556 588 1396 1877 445 1328 639 1462 222 1982 1368 430 401 91 1740 403 214 1135 157 1043 329 979 769 633 252 266 415 1167 440 656 595 465 1142 163 279 755 997 832 1166 1094 102 1086 81 787 1391 1649 1674 212 1972 1958 1765 210 560 585 257 834 1568 383 1122 679 1295 619 17 635 8 489 220 504 509 2077 8 2143 79 533 2082 946 1257 153 504 586 1669 719 2345 1477 409 105 983 950 1788 561 1653 1797 943 140 1282 1225 711 1330 1062 487 1657 840 325 930 786 140 321 891 1049 653 560 334 1971 52 865 1150 171 266 1432 887 501 742 1317 534 294 939 269 201 117 781 841 1363 152 20 1841 684 1601 1063 1148 675 135 690 1010 308 529 978 434 561 540 122 1553 1791 1225 1103 2322 1501 190 599 201 1879 773 1174 113 518 1098 449 1344 296 830 1846 349 971 617 26 793 994 838 319 758 916 29 595 274 1160 446 168 551 955 720 1012 688 355 396 221 946 458 610 1026 337 1012 1748 48 1797 1217 735 793 55 377 2117 1231 338 1037 1019 317 37 46 1211 559 413 951 267 1310 873 874 375 464 621 1031 798 408 213 835 
1 2
1 3
1 9
1 37
1 39
1 51
1 87
1 92
1 102
1 108
1 133
1 143
1 171
1 184
1 200
1 214
1 219
1 236
2 5
2 14
2 21
2 33
2 45
2 57
2 75
2 76
2 78
2 81
2 88
2 93
2 97
2 101
2 147
2 174
2 204
2 247
3 5
3 20
3 28
3 35
3 70
3 81
3 93
3 104
3 111
3 124
3 149
3 151
3 153
3 218
3 222
3 229
4 5
4 12
4 21
4 27
4 47
4 73
4 83
4 88
4 117
4 132
4 135
4 153
4 186
4 213
4 250
5 9
5 13
5 30
5 42
5 46
5 92
5 104
5 122
5 123
5 137
5 150
5 161
5 193
5 199
5 200
5 218
6 24
6 34
6 45
6 57
6 62
6 88
6 94
6 112
6 152
6 158
6 160
6 174
6 176
6 178
6 223
6 228
6 250
7 2
7 36
7 45
7 46
7 47
7 81
7 103
7 118
7 129
7 133
7 135
7 139
7 157
7 176
7 181
7 202
7 216
7 230
7 238
7 249
8 14
8 24
8 25
8 32
8 38
8 41
8 50
8 52
8 56
8 61
8 63
8 74
8 111
8 117
8 134
8 149
8 152
8 156
8 176
8 184
8 185
8 201
8 211
8 235
8 247
9 10
9 11
9 41
9 43
9 44
9 51
9 71
9 72
9 83
9 98
9 114
9 116
9 139
9 142
9 145
9 163
9 164
9 168
9 178
9 187
9 195
9 199
9 213
9 225
10 26
10 27
10 34
10 36
10 85
10 92
10 105
10 114
10 117
10 121
10 140
10 178
10 185
10 191
10 229
10 237
11 10
11 22
11 38
11 41
11 46
11 64
11 70
11 94
11 113
11 120
11 157
11 177
11 192
11 195
11 202
11 217
11 243
11 244
12 8
12 14
12 22
12 26
12 48
12 56
12 59
12 62
12 90
12 98
12 106
12 107
12 113
12 114
12 116
12 131
12 202
12 203
12 214
12 224
12 249
13 2
13 6
13 37
13 49
13 66
13 67
13 75
13 83
13 108
13 109
13 135
13 168
13 181
13 185
13 195
13 240
14 10
14 15
14 22
14 28
14 37
14 40
14 51
14 81
14 83
14 114
14 118
14 134
14 138
14 140
14 195
14 198
14 219
14 244
15 1
15 3
15 12
15 24
15 44
15 71
15 81
15 89
15 90
15 96
15 113
15 115
15 118
15 120
15 122
15 135
15 137
15 138
15 147
15 163
15 165
15 167
15 171
15 191
15 201
15 211
15 234
15 245
15 250
16 3
16 20
16 28
16 32
16 75
16 90
16 117
16 120
16 131
16 139
16 157
16 182
16 193
16 212
16 229
16 244
17 10
17 16
17 28
17 53
17 65
17 75
17 77
17 90
17 118
17 129
17 143
17 147
17 172
17 225
17 240
17 242
18 6
18 15
18 17
18 19
18 35
18 36
18 38
18 39
18 57
18 58
18 61
18 83
18 86
18 88
18 109
18 130
18 134
18 136
18 141
18 156
18 173
18 177
18 181
18 189
18 200
18 208
18 218
18 223
18 235
19 12
19 17
19 22
19 32
19 35
19 46
19 57
19 64
19 67
19 96
19 107
19 122
19 148
19 154
19 166
19 184
19 191
19 199
19 200
19 243
20 15
20 42
20 100
20 111
20 114
20 150
20 159
20 161
20 204
20 207
20 222
20 230
20 242
21 10
21 14
21 46
21 57
21 68
21 69
21 73
21 77
21 103
21 107
21 125
21 130
21 138
21 169
21 174
21 176
21 178
21 194
21 200
21 207
21 225
21 227
21 244
22 2
22 17
22 28
22 50
22 55
22 58
22 79
22 84
22 97
22 101
22 113
22 155
22 168
22 172
22 185
22 188
22 193
22 200
22 221
22 223
22 225
22 233
22 235
22 240
22 244
22 246
22 248
23 12
23 44
23 60
23 73
23 77
23 80
23 106
23 110
23 137
23 139
23 178
23 196
23 198
23 203
23 248
24 12
24 16
24 40
24 41
24 55
24 56
24 61
24 92
24 98
24 102
24 121
24 131
24 134
24 139
24 152
24 155
24 157
24 169
24 182
24 193
24 201
24 203
24 209
24 212
24 213
24 226
24 246
25 3
25 31
25 34
25 63
25 69
25 103
25 112
25 136
25 143
25 150
25 156
25 191
25 199
25 233
25 234
26 8
26 22
26 33
26 49
26 50
26 67
26 68
26 71
26 84
26 89
26 94
26 101
26 107
26 127
26 135
26 141
26 148
26 152
26 169
26 170
26 175
26 191
26 236
26 249
27 15
27 24
27 34
27 68
27 75
27 83
27 89
27 151
27 160
27 196
27 229
27 247
28 27
28 40
28 43
28 44
28 45
28 94
28 105
28 111
28 119
28 122
28 128
28 130
28 140
28 158
28 168
28 169
28 174
28 189
28 194
28 204
28 214
28 219
28 220
28 222
29 3
29 7
29 9
29 19
29 35
29 46
29 74
29 92
29 95
29 120
29 121
29 132
29 136
29 139
29 160
29 193
29 194
29 201
29 210
29 240
29 247
30 6
30 21
30 28
30 31
30 32
30 48
30 72
30 82
30 101
30 104
30 112
30 140
30 145
30 146
30 147
30 162
30 163
30 187
30 198
30 222
30 244
31 3
31 6
31 48
31 79
31 81
31 95
31 96
31 151
31 153
31 159
31 189
31 197
31 219
31 239
31 250
32 24
32 49
32 73
32 76
32 82
32 83
32 95
32 98
32 107
32 121
32 129
32 130
32 140
32 148
32 153
32 159
32 163
32 194
32 197
32 205
32 211
32 223
32 229
32 243
32 250
33 13
33 19
33 27
33 28
33 31
33 38
33 39
33 78
33 127
33 140
33 144
33 153
33 163
33 187
33 200
33 214
33 236
33 248
34 31
34 57
34 107
34 111
34 141
34 155
34 159
34 174
34 180
34 189
34 190
34 192
34 201
35 17
35 30
35 33
35 49
35 50
35 52
35 78
35 80
35 101
35 112
35 117
35 160
35 174
35 186
35 188
35 191
35 211
35 231
36 6
36 16
36 17
36 39
36 84
36 86
36 103
36 114
36 144
36 165
36 170
36 180
36 185
36 188
36 191
36 192
36 199
36 203
36 204
36 220
36 240
37 5
37 18
37 24
37 36
37 62
37 122
37 150
37 161
37 185
37 186
37 199
37 242
38 25
38 27
38 32
38 36
38 52
38 59
38 71
38 74
38 83
38 109
38 121
38 126
38 131
38 141
38 154
38 156
38 183
38 185
38 206
38 208
38 230
38 232
38 239
38 244
39 3
39 21
39 23
39 48
39 55
39 56
39 72
39 80
39 83
39 86
39 91
39 99
39 109
39 115
39 159
39 194
39 202
39 225
40 33
40 36
40 48
40 60
40 115
40 119
40 127
40 135
40 150
40 158
40 165
40 219
40 240
41 25
41 33
41 62
41 72
41 90
41 91
41 110
41 128
41 137
41 158
41 170
41 179
41 184
41 189
41 199
41 208
41 237
41 239
42 27
42 51
42 56
42 65
42 77
42 82
42 85
42 109
42 189
42 218
42 243
42 248
43 24
43 60
43 92
43 95
43 105
43 107
43 110
43 125
43 131
43 137
43 154
43 170
43 206
43 227
44 13
44 18
44 51
44 54
44 68
44 81
44 88
44 91
44 94
44 105
44 107
44 110
44 138
44 143
44 148
44 151
44 153
44 163
44 185
44 187
44 209
44 213
44 217
45 29
45 35
45 39
45 41
45 49
45 57
45 63
45 68
45 74
45 79
45 116
45 122
45 144
45 147
45 188
45 197
45 206
45 209
45 240
46 24
46 41
46 43
46 48
46 55
46 60
46 61
46 73
46 91
46 101
46 109
46 131
46 138
46 142
46 148
46 159
46 161
46 164
46 184
46 220
46 228
46 242
46 250
47 38
47 43
47 61
47 79
47 92
47 97
47 118
47 126
47 157
47 162
47 174
47 176
47 226
47 229
48 36
48 43
48 45
48 52
48 56
48 79
48 84
48 103
48 119
48 138
48 139
48 148
48 155
48 190
48 194
48 201
48 223
48 224
48 226
48 228
48 239
48 240
48 250
49 16
49 38
49 40
49 129
49 143
49 146
49 153
49 164
49 170
49 177
49 191
49 214
49 225
49 231
49 239
49 244
50 2
50 40
50 48
50 69
50 83
50 97
50 102
50 106
50 110
50 119
50 150
50 171
50 198
50 211
50 212
50 222
50 238
50 247
51 19
51 32
51 43
51 69
51 78
51 80
51 97
51 106
51 107
51 116
51 133
51 139
51 142
51 169
51 171
51 173
51 199
51 201
51 216
51 231
51 232
52 17
52 25
52 32
52 45
52 68
52 75
52 90
52 98
52 114
52 126
52 127
52 149
52 188
53 15
53 26
53 34
53 46
53 54
53 68
53 72
53 79
53 90
53 91
53 99
53 103
53 117
53 128
53 151
53 153
53 184
53 207
53 211
53 223
53 242
53 244
54 5
54 27
54 36
54 75
54 93
54 105
54 121
54 122
54 123
54 142
54 191
54 203
54 208
54 209
54 245
54 249
55 8
55 17
55 25
55 27
55 88
55 97
55 104
55 126
55 127
55 130
55 145
55 158
55 161
55 167
55 171
55 178
55 214
55 228
56 6
56 25
56 29
56 43
56 44
56 46
56 55
56 72
56 74
56 109
56 114
56 121
56 124
56 167
56 184
56 220
56 224
56 225
56 226
56 248
56 249
57 7
57 27
57 43
57 44
57 49
57 55
57 78
57 86
57 89
57 99
57 103
57 120
57 134
57 141
57 169
57 176
57 187
57 203
57 220
58 5
58 66
58 68
58 73
58 93
58 109
58 132
58 134
58 139
58 141
58 143
58 147
58 148
58 160
58 163
58 177
58 179
58 193
58 198
58 206
58 219
58 241
58 243
58 246
59 30
59 41
59 73
59 79
59 80
59 83
59 91
59 92
59 123
59 128
59 129
59 137
59 151
59 153
59 156
59 182
59 183
59 215
60 26
60 27
60 39
60 50
60 55
60 63
60 67
60 72
60 74
60 101
60 109
60 115
60 117
60 124
60 144
60 235
60 237
60 238
61 7
61 13
61 22
61 32
61 54
61 89
61 98
61 101
61 105
61 119
61 150
61 160
61 182
61 224
62 9
62 36
62 39
62 48
62 54
62 56
62 58
62 72
62 101
62 117
62 127
62 133
62 140
62 149
62 162
62 170
62 176
62 179
62 207
62 215
62 222
62 230
62 241
62 248
63 4
63 27
63 30
63 54
63 57
63 83
63 142
63 159
63 166
63 186
63 194
63 234
63 243
63 246
64 7
64 8
64 10
64 15
64 29
64 31
64 35
64 41
64 77
64 86
64 90
64 91
64 98
64 102
64 122
64 124
64 128
64 158
64 170
64 189
64 196
64 204
64 207
64 223
64 231
65 50
65 53
65 63
65 68
65 70
65 76
65 101
65 103
65 123
65 136
65 141
65 172
65 191
65 194
65 200
65 202
65 205
65 207
65 211
65 215
65 220
65 238
65 246
66 31
66 69
66 89
66 148
66 150
66 154
66 170
66 181
66 216
66 240
67 32
67 39
67 44
67 48
67 65
67 66
67 87
67 89
67 94
67 102
67 115
67 117
67 132
67 142
67 147
67 175
67 177
67 185
67 190
67 202
67 206
67 210
67 215
67 219
67 235
67 247
67 250
68 14
68 23
68 28
68 29
68 31
68 48
68 49
68 72
68 81
68 84
68 88
68 99
68 112
68 119
68 124
68 125
68 159
68 168
68 209
68 215
68 221
68 232
68 241
68 246
69 1
69 6
69 29
69 39
69 41
69 46
69 49
69 60
69 63
69 71
69 83
69 113
69 125
69 138
69 139
69 141
69 142
69 156
69 161
69 177
69 185
69 186
69 188
69 198
69 201
69 202
69 218
69 230
70 29
70 45
70 46
70 47
70 64
70 82
70 107
70 111
70 113
70 118
70 132
70 136
70 140
70 148
70 153
70 179
70 190
70 198
70 203
70 222
70 238
70 244
71 29
71 42
71 68
71 87
71 99
71 102
71 106
71 107
71 113
71 129
71 133
71 175
71 182
71 188
71 237
71 239
71 241
72 19
72 45
72 48
72 58
72 67
72 89
72 92
72 119
72 121
72 130
72 145
72 147
72 171
72 185
72 192
72 207
72 212
72 218
72 219
72 235
73 2
73 24
73 37
73 53
73 56
73 57
73 68
73 76
73 80
73 81
73 85
73 97
73 128
73 149
73 150
73 163
73 196
73 202
73 221
73 228
74 1
74 4
74 12
74 19
74 20
74 37
74 109
74 112
74 116
74 126
74 130
74 131
74 136
74 151
74 165
74 186
74 189
74 198
74 203
74 211
74 212
74 227
74 249
74 250
75 29
75 55
75 58
75 63
75 65
75 66
75 69
75 80
75 84
75 95
75 104
75 139
75 151
75 154
75 165
75 170
75 179
75 180
75 181
75 228
75 229
75 233
75 235
75 240
76 7
76 12
76 16
76 57
76 79
76 80
76 89
76 134
76 141
76 166
76 172
76 180
76 185
76 190
76 192
76 197
76 202
76 203
76 204
76 211
76 212
76 243
77 8
77 24
77 25
77 53
77 60
77 62
77 68
77 71
77 75
77 88
77 120
77 127
77 147
77 154
77 163
77 172
77 174
77 177
77 187
77 192
77 206
78 1
78 7
78 17
78 23
78 44
78 48
78 64
78 71
78 90
78 114
78 122
78 163
78 171
78 210
78 222
78 227
79 12
79 16
79 41
79 68
79 78
79 85
79 102
79 103
79 107
79 119
79 125
79 131
79 143
79 144
79 179
79 205
79 213
79 236
79 238
79 243
79 245
79 248
80 15
80 16
80 41
80 47
80 64
80 82
80 100
80 118
80 127
80 137
80 149
80 155
80 164
80 169
80 176
80 178
80 193
80 200
80 208
80 209
80 220
80 225
80 242
81 11
81 18
81 22
81 24
81 26
81 59
81 78
81 87
81 119
81 120
81 160
81 163
81 180
81 189
81 197
81 219
82 5
82 14
82 20
82 49
82 62
82 72
82 77
82 85
82 95
82 107
82 113
82 124
82 143
82 150
82 152
82 154
82 160
82 184
82 191
82 192
82 194
82 200
82 205
82 214
82 221
82 222
83 1
83 3
83 19
83 26
83 90
83 104
83 122
83 130
83 136
83 137
83 139
83 164
83 176
83 177
83 179
83 187
83 195
83 197
83 206
83 217
83 232
83 244
84 3
84 24
84 52
84 55
84 57
84 58
84 88
84 108
84 123
84 130
84 151
84 154
84 163
84 196
84 203
84 236
84 246
85 2
85 37
85 58
85 72
85 81
85 84
85 129
85 134
85 138
85 151
85 152
85 167
85 177
85 182
85 192
85 224
85 238
85 239
86 14
86 21
86 23
86 24
86 34
86 44
86 59
86 75
86 82
86 106
86 111
86 116
86 121
86 124
86 127
86 135
86 148
86 174
86 184
86 199
86 204
86 210
87 5
87 29
87 39
87 55
87 70
87 76
87 93
87 123
87 153
87 156
87 178
87 188
87 193
87 199
88 15
88 17
88 23
88 29
88 34
88 45
88 100
88 106
88 123
88 126
88 127
88 129
88 130
88 153
88 207
88 211
88 246
88 247
88 249
89 13
89 33
89 40
89 49
89 129
89 138
89 148
89 149
89 153
89 169
89 184
89 187
89 198
89 236
89 237
90 3
90 7
90 13
90 27
90 39
90 46
90 55
90 58
90 67
90 91
90 107
90 109
90 122
90 124
90 128
90 132
90 139
90 147
90 183
90 205
90 225
90 247
91 1
91 7
91 10
91 13
91 28
91 32
91 38
91 67
91 71
91 79
91 94
91 99
91 107
91 136
91 140
91 143
91 152
91 165
91 186
91 207
91 210
91 250
92 16
92 18
92 41
92 42
92 44
92 54
92 75
92 123
92 129
92 147
92 154
92 162
92 163
92 168
92 173
92 185
92 202
92 208
92 216
92 233
92 248
93 10
93 14
93 34
93 44
93 53
93 56
93 59
93 74
93 88
93 92
93 97
93 115
93 116
93 124
93 127
93 133
93 148
93 165
93 185
93 192
93 194
93 196
93 200
93 203
93 206
93 209
93 215
93 224
94 32
94 35
94 36
94 37
94 55
94 97
94 128
94 179
94 191
94 197
94 229
94 236
94 239
94 249
95 4
95 20
95 24
95 28
95 51
95 53
95 65
95 74
95 76
95 79
95 107
95 121
95 136
95 142
95 149
95 157
95 160
95 168
95 187
95 191
95 209
95 213
95 218
95 220
95 239
95 248
96 13
96 21
96 24
96 34
96 37
96 49
96 52
96 56
96 79
96 89
96 90
96 123
96 149
96 159
96 168
96 181
96 199
96 231
96 235
96 243
97 4
97 6
97 30
97 35
97 58
97 62
97 64
97 71
97 74
97 106
97 113
97 124
97 131
97 148
97 160
97 177
97 183
97 195
97 209
97 223
98 2
98 3
98 6
98 21
98 29
98 45
98 56
98 65
98 90
98 112
98 121
98 128
98 133
98 150
98 169
98 194
98 201
98 232
99 9
99 21
99 27
99 45
99 50
99 56
99 60
99 61
99 63
99 74
99 77
99 81
99 101
99 110
99 114
99 124
99 138
99 147
99 154
99 158
99 159
99 167
99 186
99 191
99 203
99 210
99 226
99 243
100 25
100 39
100 68
100 84
100 104
100 106
100 120
100 124
100 154
100 163
100 170
100 172
100 207
100 212
100 216
101 24
101 33
101 40
101 48
101 91
101 95
101 106
101 116
101 129
101 138
101 139
101 140
101 142
101 145
101 173
101 189
101 205
101 208
101 211
101 212
101 224
101 230
101 246
102 20
102 21
102 34
102 55
102 65
102 77
102 87
102 109
102 114
102 123
102 140
102 161
102 189
102 197
102 201
102 205
102 208
102 241
102 249
103 2
103 29
103 32
103 39
103 41
103 55
103 67
103 82
103 119
103 132
103 142
103 143
103 157
103 184
103 198
103 201
103 204
103 218
103 243
103 249
104 6
104 22
104 51
104 64
104 74
104 84
104 91
104 96
104 102
104 110
104 114
104 124
104 164
104 198
104 244
104 245
105 5
105 26
105 39
105 49
105 77
105 89
105 112
105 121
105 134
105 162
105 171
105 178
105 208
105 211
105 219
105 225
105 238
106 5
106 13
106 17
106 21
106 24
106 43
106 58
106 59
106 70
106 93
106 98
106 103
106 110
106 129
106 136
106 160
106 168
106 197
106 200
106 209
106 222
106 249
107 3
107 8
107 14
107 39
107 47
107 59
107 63
107 97
107 102
107 130
107 132
107 144
107 174
107 198
107 226
107 230
107 249
107 250
108 9
108 14
108 22
108 28
108 32
108 34
108 56
108 57
108 98
108 106
108 116
108 158
108 161
108 173
108 192
108 193
108 216
108 234
108 246
109 14
109 17
109 27
109 44
109 51
109 68
109 69
109 80
109 87
109 91
109 104
109 120
109 124
109 133
109 163
109 164
109 170
109 176
109 179
109 187
109 196
109 197
109 212
109 219
109 224
109 229
110 1
110 16
110 24
110 34
110 54
110 56
110 58
110 63
110 67
110 76
110 79
110 89
110 94
110 96
110 101
110 135
110 158
110 169
110 173
110 174
110 178
110 197
110 198
110 206
110 218
110 221
110 225
110 242
111 2
111 4
111 7
111 10
111 13
111 27
111 32
111 33
111 39
111 57
111 83
111 94
111 115
111 122
111 130
111 155
111 205
111 207
111 226
111 229
111 238
111 240
112 11
112 42
112 62
112 63
112 69
112 82
112 92
112 114
112 119
112 123
112 135
112 141
112 146
112 172
112 182
112 208
112 215
112 238
113 30
113 31
113 34
113 43
113 78
113 95
113 128
113 138
113 140
113 161
113 177
113 184
113 185
113 206
113 215
114 5
114 25
114 37
114 60
114 62
114 69
114 70
114 72
114 73
114 127
114 132
114 134
114 146
114 154
114 158
114 167
114 168
114 181
114 183
114 185
114 191
114 194
114 202
114 208
114 223
114 243
115 2
115 30
115 34
115 55
115 65
115 77
115 90
115 102
115 107
115 108
115 122
115 135
115 144
115 184
115 187
115 233
115 242
116 11
116 16
116 37
116 60
116 80
116 82
116 91
116 113
116 136
116 149
116 154
116 155
116 157
116 159
116 168
116 178
116 191
116 201
116 211
116 236
116 238
117 38
117 42
117 52
117 76
117 77
117 91
117 100
117 111
117 129
117 131
117 132
117 133
117 135
117 146
117 147
117 155
117 167
117 169
117 176
117 179
117 185
117 207
117 226
118 41
118 45
118 48
118 60
118 64
118 66
118 81
118 83
118 99
118 120
118 121
118 133
118 142
118 144
118 159
118 173
118 180
118 187
118 194
118 196
118 204
118 211
118 214
118 220
118 226
119 2
119 11
119 16
119 18
119 20
119 36
119 41
119 69
119 71
119 75
119 77
119 88
119 94
119 105
119 135
119 139
119 142
119 154
119 171
119 172
119 192
119 198
119 205
119 229
119 230
119 243
119 248
119 249
120 25
120 27
120 28
120 31
120 39
120 53
120 63
120 68
120 74
120 83
120 113
120 116
120 141
120 142
120 162
120 164
120 180
120 208
120 212
121 40
121 44
121 50
121 71
121 99
121 102
121 106
121 107
121 108
121 130
121 131
121 137
121 140
121 142
121 156
121 157
121 165
121 173
121 185
121 191
121 194
121 206
121 244
122 8
122 33
122 51
122 77
122 166
122 190
122 195
122 210
122 224
122 227
122 232
123 4
123 13
123 14
123 17
123 26
123 27
123 64
123 76
123 79
123 90
123 105
123 107
123 110
123 119
123 127
123 137
123 149
123 155
123 156
123 171
123 194
123 198
123 205
123 209
123 214
123 227
123 242
124 12
124 20
124 23
124 25
124 28
124 55
124 71
124 105
124 106
124 113
124 118
124 119
124 142
124 147
124 164
124 169
124 178
124 183
124 199
124 211
124 230
125 20
125 30
125 32
125 37
125 42
125 66
125 67
125 84
125 86
125 115
125 145
125 159
125 160
125 192
125 210
125 212
125 220
125 236
126 4
126 8
126 10
126 11
126 24
126 26
126 34
126 43
126 53
126 73
126 84
126 105
126 122
126 127
126 134
126 135
126 152
126 159
126 183
126 201
126 204
126 220
127 22
127 25
127 37
127 41
127 46
127 71
127 75
127 78
127 91
127 92
127 116
127 151
127 162
127 174
127 177
127 192
127 196
127 202
127 212
127 216
127 232
127 235
127 239
127 242
127 249
128 20
128 23
128 39
128 40
128 76
128 102
128 105
128 106
128 112
128 116
128 131
128 145
128 165
128 178
128 190
128 227
128 241
128 246
129 2
129 4
129 8
129 13
129 20
129 24
129 28
129 34
129 36
129 44
129 61
129 68
129 72
129 87
129 98
129 103
129 116
129 128
129 131
129 171
129 175
129 183
129 187
129 189
129 196
129 198
129 224
129 225
129 230
129 231
129 237
130 42
130 57
130 58
130 63
130 64
130 77
130 86
130 89
130 110
130 122
130 136
130 145
130 161
130 165
130 172
130 187
130 189
130 194
130 197
130 215
130 216
130 217
130 222
130 224
130 249
131 17
131 30
131 72
131 81
131 87
131 88
131 100
131 101
131 103
131 135
131 136
131 141
131 145
131 151
131 157
131 163
131 168
131 173
131 195
131 210
131 212
131 216
131 223
131 234
132 7
132 16
132 35
132 43
132 48
132 97
132 102
132 115
132 121
132 129
132 142
132 165
132 192
132 203
132 229
133 9
133 48
133 59
133 64
133 68
133 73
133 75
133 92
133 96
133 124
133 130
133 140
133 146
133 214
133 227
133 248
134 11
134 13
134 22
134 43
134 46
134 79
134 81
134 83
134 89
134 90
134 100
134 103
134 107
134 117
134 130
134 132
134 138
134 149
134 150
134 156
134 182
134 186
134 211
134 221
134 228
134 229
135 16
135 21
135 27
135 33
135 35
135 53
135 61
135 62
135 72
135 100
135 106
135 108
135 130
135 144
135 146
135 180
135 183
135 185
135 187
135 225
135 226
135 230
136 17
136 19
136 26
136 42
136 44
136 64
136 72
136 80
136 93
136 101
136 105
136 112
136 115
136 134
136 148
136 162
136 174
136 180
136 204
136 250
137 12
137 16
137 19
137 52
137 63
137 72
137 101
137 126
137 156
137 202
137 227
137 232
137 238
137 242
137 243
138 2
138 4
138 23
138 41
138 56
138 61
138 87
138 94
138 103
138 105
138 144
138 150
138 160
138 177
138 218
138 232
138 234
139 10
139 31
139 57
139 61
139 73
139 85
139 102
139 121
139 128
139 153
139 161
139 173
139 181
139 194
139 196
139 206
139 228
140 3
140 4
140 19
140 34
140 39
140 40
140 46
140 52
140 71
140 85
140 95
140 116
140 122
140 131
140 136
140 155
140 159
140 164
140 183
140 202
140 208
140 217
140 221
140 224
141 7
141 10
141 11
141 55
141 71
141 77
141 84
141 102
141 124
141 135
141 140
141 147
141 160
141 184
141 198
141 204
141 207
141 212
141 214
141 219
141 220
141 231
142 1
142 6
142 11
142 36
142 38
142 43
142 50
142 53
142 73
142 90
142 97
142 112
142 134
142 149
142 182
142 187
142 195
142 225
142 234
142 235
142 240
143 8
143 74
143 81
143 102
143 109
143 115
143 134
143 163
143 177
143 181
143 214
143 217
143 228
143 233
143 235
143 246
144 23
144 39
144 40
144 53
144 57
144 59
144 65
144 88
144 106
144 110
144 119
144 137
144 154
144 178
144 184
144 205
144 212
144 219
144 220
144 238
144 244
145 13
145 29
145 33
145 52
145 60
145 65
145 67
145 85
145 115
145 157
145 176
145 196
145 202
145 205
145 208
145 221
145 227
145 228
145 229
145 230
146 39
146 48
146 51
146 57
146 88
146 89
146 119
146 128
146 134
146 145
146 150
146 162
146 173
146 181
146 185
146 190
146 203
146 246
146 249
147 8
147 29
147 37
147 42
147 63
147 65
147 70
147 128
147 186
147 215
147 222
147 225
147 235
147 244
148 15
148 21
148 30
148 41
148 49
148 101
148 103
148 104
148 107
148 122
148 124
148 126
148 139
148 142
148 164
148 173
148 178
148 191
148 192
148 194
148 230
148 231
149 1
149 15
149 19
149 24
149 33
149 40
149 49
149 50
149 51
149 63
149 69
149 75
149 77
149 98
149 104
149 133
149 145
149 171
149 184
149 211
149 213
149 217
149 232
149 235
150 8
150 30
150 33
150 34
150 57
150 70
150 75
150 84
150 86
150 104
150 108
150 109
150 116
150 129
150 140
150 185
150 207
150 214
150 219
150 221
150 229
150 243
151 1
151 9
151 15
151 20
151 21
151 41
151 56
151 66
151 68
151 69
151 93
151 104
151 137
151 177
151 178
151 194
151 197
151 205
151 224
152 2
152 14
152 17
152 20
152 30
152 37
152 38
152 46
152 48
152 51
152 52
152 57
152 58
152 62
152 89
152 99
152 121
152 132
152 145
152 165
152 178
152 183
152 188
152 212
152 215
152 216
152 218
152 239
152 241
152 246
153 16
153 65
153 77
153 106
153 110
153 113
153 131
153 138
153 141
153 145
153 147
153 151
153 161
153 165
153 167
153 187
153 193
153 199
153 206
153 209
153 220
153 230
154 14
154 21
154 59
154 60
154 63
154 86
154 106
154 109
154 112
154 118
154 120
154 121
154 137
154 142
154 145
154 167
154 179
154 185
154 189
154 194
154 233
154 236
154 237
154 241
154 244
154 248
155 3
155 6
155 12
155 23
155 26
155 27
155 31
155 40
155 74
155 76
155 77
155 94
155 121
155 138
155 166
155 173
155 189
155 198
155 199
155 202
155 211
155 214
155 221
155 232
155 235
156 5
156 10
156 34
156 47
156 64
156 67
156 83
156 91
156 94
156 100
156 130
156 131
156 135
156 164
156 174
156 178
156 201
156 202
156 207
156 210
156 216
156 218
156 230
156 236
156 239
156 243
156 247
157 3
157 19
157 30
157 40
157 54
157 57
157 73
157 76
157 91
157 93
157 109
157 113
157 114
157 123
157 148
157 163
157 193
157 216
157 217
157 244
158 22
158 26
158 27
158 33
158 45
158 48
158 59
158 68
158 75
158 86
158 116
158 118
158 119
158 120
158 140
158 149
158 167
158 169
158 205
158 216
158 220
158 237
159 8
159 14
159 23
159 43
159 56
159 74
159 87
159 89
159 90
159 91
159 114
159 148
159 150
159 151
159 185
159 189
159 215
159 222
159 227
159 233
159 237
159 243
159 249
160 38
160 39
160 69
160 84
160 90
160 145
160 161
160 164
160 180
160 199
160 211
160 220
161 8
161 24
161 35
161 52
161 56
161 61
161 70
161 82
161 86
161 91
161 105
161 125
161 133
161 152
161 167
161 171
161 186
161 191
161 195
161 245
162 4
162 11
162 37
162 54
162 83
162 100
162 124
162 149
162 180
162 185
162 225
162 232
162 241
162 247
163 4
163 28
163 31
163 43
163 62
163 64
163 82
163 85
163 88
163 99
163 124
163 126
163 135
163 142
163 168
163 174
163 176
163 191
163 194
163 231
163 245
164 3
164 7
164 10
164 11
164 13
164 35
164 36
164 76
164 161
164 176
164 199
164 201
164 219
164 237
164 246
165 5
165 19
165 33
165 43
165 71
165 83
165 105
165 123
165 124
165 133
165 141
165 178
165 198
165 210
165 215
165 220
165 234
165 239
166 33
166 37
166 43
166 79
166 97
166 107
166 141
166 144
166 180
166 191
166 194
166 196
166 207
166 213
166 239
166 250
167 20
167 23
167 36
167 41
167 89
167 118
167 122
167 123
167 137
167 143
167 146
167 157
167 164
167 169
167 193
167 200
167 202
167 209
167 220
167 243
167 244
168 45
168 82
168 107
168 109
168 120
168 123
168 125
168 139
168 152
168 154
168 177
168 183
168 184
168 239
168 243
169 2
169 5
169 15
169 40
169 42
169 44
169 48
169 52
169 54
169 68
169 90
169 102
169 111
169 119
169 123
169 135
169 137
169 140
169 146
169 186
169 218
170 3
170 20
170 40
170 44
170 48
170 61
170 72
170 78
170 84
170 85
170 86
170 103
170 112
170 123
170 128
170 132
170 148
170 162
170 186
170 194
170 215
170 227
170 238
170 242
170 243
170 246
171 22
171 35
171 64
171 79
171 88
171 115
171 124
171 142
171 155
171 168
171 170
171 175
171 190
171 219
171 230
171 232
171 237
171 244
172 6
172 8
172 21
172 46
172 80
172 90
172 93
172 96
172 109
172 110
172 120
172 138
172 139
172 140
172 155
172 164
172 178
172 197
172 224
172 227
172 228
173 3
173 17
173 23
173 38
173 54
173 63
173 83
173 86
173 99
173 123
173 137
173 140
173 145
173 162
173 170
173 172
173 179
173 188
173 194
173 200
173 201
173 203
173 210
173 215
173 223
173 242
173 249
174 19
174 33
174 50
174 52
174 64
174 97
174 112
174 114
174 115
174 129
174 137
174 161
174 171
174 175
174 186
174 187
174 188
174 199
174 209
174 211
174 229
174 235
174 239
175 4
175 12
175 33
175 34
175 45
175 93
175 107
175 114
175 148
175 154
175 170
175 204
175 218
175 236
176 13
176 29
176 33
176 34
176 45
176 63
176 65
176 67
176 88
176 111
176 140
176 144
176 168
176 169
176 201
176 215
176 219
176 231
176 235
176 238
176 243
177 34
177 39
177 79
177 92
177 119
177 142
177 150
177 156
177 172
177 184
177 187
177 197
177 198
177 209
177 221
177 226
177 241
178 7
178 8
178 28
178 34
178 50
178 54
178 62
178 71
178 72
178 74
178 78
178 83
178 91
178 93
178 96
178 101
178 177
178 190
178 207
178 223
178 230
178 231
179 6
179 10
179 15
179 27
179 53
179 97
179 119
179 132
179 140
179 163
179 170
179 238
179 241
179 245
179 250
180 3
180 29
180 52
180 68
180 74
180 103
180 128
180 134
180 138
180 148
180 151
180 154
180 159
180 161
180 206
180 227
180 232
180 245
181 27
181 53
181 54
181 80
181 92
181 117
181 133
181 141
181 145
181 148
181 150
181 152
181 161
181 167
181 199
181 238
182 1
182 22
182 26
182 36
182 94
182 101
182 103
182 113
182 131
182 153
182 155
182 165
182 220
183 32
183 44
183 58
183 68
183 69
183 107
183 113
183 121
183 132
183 142
183 160
183 162
183 166
183 195
183 205
183 236
183 238
183 241
184 18
184 28
184 44
184 48
184 50
184 60
184 70
184 102
184 104
184 107
184 125
184 132
184 138
184 146
184 153
184 157
184 163
184 166
184 167
184 169
184 173
184 182
184 199
184 221
185 3
185 29
185 46
185 61
185 70
185 80
185 89
185 98
185 120
185 133
185 167
185 175
185 176
185 186
185 203
185 206
185 207
185 217
185 246
185 250
186 8
186 31
186 33
186 112
186 138
186 155
186 163
186 168
186 182
186 192
186 202
186 206
186 212
187 10
187 29
187 45
187 67
187 71
187 72
187 98
187 154
187 167
187 180
187 189
187 190
187 193
187 195
187 204
187 216
187 240
187 249
188 27
188 30
188 31
188 47
188 54
188 57
188 82
188 84
188 100
188 116
188 125
188 134
188 136
188 148
188 157
188 160
188 175
188 182
188 186
188 195
188 196
188 215
188 223
188 232
188 243
189 12
189 21
189 25
189 66
189 90
189 93
189 105
189 110
189 133
189 137
189 160
189 170
189 176
189 179
189 195
189 201
189 223
189 238
189 250
190 5
190 19
190 36
190 80
190 93
190 96
190 97
190 113
190 114
190 120
190 143
190 150
190 153
190 189
190 198
190 203
190 212
190 213
190 234
190 237
190 250
191 8
191 17
191 28
191 39
191 47
191 64
191 83
191 93
191 110
191 156
191 165
191 183
191 202
191 211
191 219
191 222
191 228
192 18
192 22
192 27
192 35
192 58
192 91
192 96
192 103
192 106
192 109
192 116
192 135
192 140
192 150
192 151
192 152
192 153
192 180
192 206
192 225
193 12
193 30
193 53
193 54
193 69
193 78
193 84
193 85
193 123
193 124
193 130
193 176
193 183
193 184
193 204
193 220
194 5
194 6
194 7
194 31
194 52
194 62
194 95
194 101
194 125
194 132
194 136
194 168
194 195
194 215
195 10
195 24
195 46
195 51
195 59
195 61
195 63
195 78
195 120
195 126
195 137
195 148
195 154
195 158
195 173
195 192
195 210
195 211
195 249
196 2
196 4
196 71
196 83
196 88
196 107
196 113
196 126
196 160
196 165
196 167
196 175
196 180
196 191
196 192
196 200
196 219
196 227
196 235
197 11
197 42
197 57
197 63
197 84
197 89
197 99
197 101
197 118
197 133
197 155
197 167
197 169
197 180
197 215
197 221
197 223
197 230
197 234
197 244
197 245
197 246
197 248
198 16
198 18
198 20
198 34
198 63
198 75
198 83
198 91
198 95
198 99
198 111
198 127
198 150
198 160
198 175
198 179
198 181
198 188
198 211
198 233
198 236
198 237
199 13
199 24
199 33
199 53
199 63
199 69
199 80
199 92
199 103
199 115
199 144
199 145
199 149
199 161
199 168
199 194
199 202
199 220
199 223
200 12
200 20
200 31
200 32
200 37
200 38
200 45
200 57
200 72
200 79
200 88
200 89
200 90
200 104
200 114
200 125
200 127
200 144
200 158
200 170
200 182
200 195
200 206
200 215
200 217
200 218
200 230
200 240
201 5
201 6
201 7
201 23
201 42
201 54
201 56
201 79
201 85
201 101
201 118
201 136
201 148
201 152
201 158
201 166
201 170
201 187
201 188
201 193
201 220
201 240
201 241
202 13
202 22
202 23
202 33
202 34
202 35
202 40
202 42
202 50
202 59
202 62
202 78
202 85
202 87
202 101
202 106
202 112
202 134
202 138
202 161
202 195
202 245
203 1
203 2
203 10
203 13
203 20
203 22
203 25
203 30
203 38
203 50
203 62
203 79
203 96
203 97
203 108
203 115
203 133
203 163
203 169
203 182
203 192
203 215
203 225
203 236
204 9
204 11
204 15
204 17
204 31
204 38
204 44
204 77
204 80
204 88
204 108
204 109
204 113
204 119
204 132
204 150
204 155
204 170
204 186
204 194
204 195
204 201
204 218
204 219
204 234
204 248
205 20
205 24
205 44
205 46
205 63
205 80
205 88
205 104
205 105
205 125
205 131
205 137
205 141
205 149
205 153
205 156
205 162
205 187
205 188
205 212
205 222
206 4
206 15
206 30
206 36
206 37
206 41
206 42
206 49
206 99
206 103
206 133
206 151
206 164
206 168
206 169
206 189
206 196
206 208
206 218
206 220
206 224
207 16
207 17
207 18
207 54
207 56
207 61
207 80
207 84
207 87
207 107
207 124
207 130
207 157
207 160
207 188
207 191
207 199
207 203
207 204
207 216
207 224
207 228
207 235
208 16
208 26
208 55
208 58
208 67
208 71
208 83
208 87
208 110
208 116
208 118
208 132
208 142
208 161
208 173
208 182
208 184
208 197
208 221
208 227
208 242
208 243
209 6
209 13
209 20
209 35
209 65
209 128
209 139
209 140
209 144
209 145
209 146
209 156
209 157
209 172
209 180
209 194
209 215
209 234
210 2
210 31
210 35
210 37
210 41
210 45
210 56
210 60
210 64
210 65
210 66
210 83
210 92
210 96
210 106
210 113
210 152
210 182
210 199
210 204
210 212
210 247
211 2
211 9
211 37
211 60
211 75
211 121
211 130
211 145
211 147
211 154
211 169
211 193
211 196
211 220
211 241
211 243
211 246
211 247
212 2
212 7
212 26
212 28
212 35
212 51
212 66
212 75
212 78
212 81
212 97
212 103
212 116
212 136
212 147
212 183
212 197
212 221
213 3
213 28
213 31
213 49
213 72
213 86
213 89
213 90
213 107
213 108
213 112
213 117
213 124
213 141
213 147
213 148
213 178
213 195
213 197
213 216
213 220
213 228
213 230
213 234
213 237
214 2
214 6
214 23
214 25
214 51
214 83
214 91
214 92
214 93
214 101
214 121
214 122
214 144
214 157
214 165
214 181
215 18
215 25
215 53
215 76
215 79
215 86
215 94
215 103
215 104
215 111
215 114
215 118
215 121
215 156
215 166
215 192
215 220
215 221
215 241
215 242
216 9
216 17
216 25
216 59
216 76
216 83
216 107
216 110
216 112
216 119
216 122
216 128
216 140
216 148
216 170
216 179
216 197
216 239
217 37
217 54
217 59
217 75
217 84
217 94
217 101
217 105
217 123
217 166
217 179
217 188
217 205
217 227
218 6
218 7
218 10
218 12
218 24
218 34
218 96
218 151
218 153
218 158
218 173
218 186
218 207
218 210
218 221
218 225
218 244
219 18
219 27
219 34
219 39
219 45
219 46
219 49
219 52
219 54
219 66
219 77
219 97
219 115
219 117
219 119
219 138
219 143
219 155
219 160
219 169
219 173
219 187
219 189
219 201
219 228
219 235
220 12
220 19
220 38
220 76
220 85
220 89
220 90
220 91
220 97
220 107
220 122
220 145
220 166
220 196
220 202
220 207
220 222
220 238
221 7
221 21
221 39
221 42
221 61
221 67
221 81
221 92
221 97
221 100
221 136
221 147
221 148
221 154
221 158
221 176
221 183
221 189
221 200
221 205
221 211
221 226
221 235
221 239
221 247
222 7
222 19
222 29
222 32
222 44
222 47
222 56
222 57
222 59
222 92
222 103
222 109
222 113
222 122
222 151
222 153
222 154
222 155
222 202
222 221
222 227
223 30
223 66
223 83
223 93
223 117
223 141
223 152
223 170
223 203
223 206
223 216
223 218
223 230
224 6
224 14
224 15
224 21
224 42
224 110
224 115
224 123
224 134
224 166
224 168
224 176
224 183
224 205
224 219
224 225
225 3
225 11
225 24
225 33
225 40
225 41
225 57
225 93
225 95
225 111
225 121
225 146
225 165
225 181
225 183
225 214
225 236
225 239
226 2
226 9
226 33
226 36
226 49
226 53
226 68
226 98
226 145
226 147
226 153
226 156
226 169
226 171
226 173
226 197
226 200
226 212
226 214
227 2
227 27
227 36
227 38
227 48
227 62
227 66
227 88
227 100
227 117
227 130
227 140
227 146
227 147
227 148
227 151
227 163
227 166
227 168
227 189
227 193
227 197
227 203
227 205
227 209
227 215
227 245
227 247
228 25
228 37
228 56
228 65
228 67
228 68
228 88
228 91
228 98
228 99
228 106
228 112
228 120
228 131
228 162
228 167
228 182
228 222
228 231
229 8
229 51
229 68
229 103
229 108
229 113
229 115
229 124
229 128
229 140
229 147
229 148
229 210
229 224
229 228
230 8
230 18
230 26
230 35
230 49
230 67
230 72
230 76
230 151
230 154
230 157
230 160
230 167
230 173
230 177
230 181
230 191
230 196
230 206
230 231
230 239
231 15
231 32
231 33
231 45
231 61
231 67
231 69
231 70
231 71
231 92
231 104
231 105
231 115
231 116
231 118
231 124
231 134
231 137
231 152
231 172
231 186
231 204
231 211
231 217
231 240
231 246
232 14
232 19
232 24
232 54
232 58
232 74
232 82
232 113
232 115
232 129
232 131
232 134
232 150
232 186
232 199
232 201
232 215
232 228
232 237
232 238
232 248
233 3
233 18
233 26
233 29
233 42
233 67
233 89
233 130
233 144
233 147
233 153
233 170
233 171
233 176
233 182
233 183
233 194
233 203
233 240
233 242
234 1
234 13
234 18
234 31
234 32
234 57
234 61
234 81
234 104
234 163
234 191
234 210
235 5
235 39
235 40
235 45
235 57
235 62
235 64
235 85
235 98
235 116
235 126
235 133
235 148
235 179
235 180
235 220
235 226
235 227
235 240
235 248
236 11
236 24
236 36
236 49
236 55
236 122
236 129
236 141
236 142
236 187
236 188
236 211
236 223
236 238
237 12
237 34
237 47
237 66
237 82
237 88
237 95
237 98
237 131
237 148
237 152
237 181
237 189
237 192
237 193
237 226
237 229
237 236
237 244
237 245
237 247
238 11
238 12
238 22
238 32
238 39
238 44
238 48
238 61
238 84
238 88
238 99
238 126
238 145
238 171
238 173
238 177
238 178
238 182
238 185
238 187
238 190
238 205
238 214
238 226
238 241
239 1
239 15
239 17
239 26
239 40
239 57
239 102
239 121
239 124
239 133
239 134
239 141
239 146
239 180
239 196
240 23
240 31
240 82
240 90
240 94
240 96
240 102
240 107
240 108
240 123
240 131
240 145
240 146
240 168
240 169
240 193
240 194
240 197
240 205
240 207
240 239
241 9
241 27
241 44
241 56
241 66
241 72
241 79
241 88
241 105
241 132
241 156
241 164
241 170
241 181
241 184
241 195
241 198
241 222
241 224
242 9
242 28
242 42
242 48
242 50
242 61
242 64
242 73
242 76
242 88
242 101
242 103
242 121
242 141
242 150
242 160
242 163
242 176
242 206
242 222
242 223
242 225
242 232
242 240
243 3
243 29
243 31
243 36
243 51
243 64
243 67
243 77
243 97
243 102
243 115
243 124
243 126
243 151
243 154
243 172
243 189
243 193
243 194
243 202
243 217
243 223
243 239
243 246
243 247
243 249
244 7
244 24
244 54
244 100
244 106
244 108
244 120
244 192
244 199
244 200
244 204
244 214
244 234
245 1
245 6
245 17
245 20
245 22
245 24
245 28
245 40
245 45
245 52
245 66
245 69
245 72
245 84
245 85
245 88
245 99
245 116
245 118
245 148
245 154
245 190
245 208
245 228
245 236
245 243
246 6
246 32
246 33
246 52
246 53
246 69
246 79
246 93
246 95
246 98
246 117
246 121
246 126
246 129
246 135
246 174
246 175
246 184
246 187
246 192
246 213
246 217
246 236
247 9
247 32
247 64
247 65
247 81
247 83
247 99
247 111
247 129
247 137
247 145
247 155
247 171
247 180
247 184
247 189
247 194
247 246
248 8
248 48
248 69
248 77
248 78
248 101
248 160
248 162
248 165
248 173
248 176
248 177
248 188
249 2
249 8
249 10
249 24
249 31
249 32
249 63
249 76
249 77
249 80
249 91
249 104
249 137
249 139
249 147
249 152
249 157
249 171
249 192
249 212
249 216
249 217
249 225
249 234
249 248
250 36
250 53
250 57
250 64
250 65
250 76
250 104
250 128
250 132
250 146
250 155
250 158
250 163
250 183
250 203
250 229
250 237
250 247

