150 500
2 13 14 74 34 78 69 10 30 121 50 3 47 11 16 15 5 44 45 4 59 12 13 49 24 11 2 4 95 34 11 16 7 13 35 43 42 41 2 13 19 13 16 19 104 11 34 1 58 26 5 69 62 7 7 2 25 2 28 7 4 3 21 68 63 3 2 13 3 31 15 15 9 24 2 39 20 1 8 30 1 7 28 2 18 95 48 24 2 69 4 27 39 42 30 17 51 8 19 9 35 12 14 69 15 32 18 39 7 4 16 62 6 34 12 119 18 12 15 13 5 16 57 42 17 6 5 2 58 10 7 71 42 42 20 28 3 9 9 6 16 24 24 7 4 46 41 63 30 23 
1 17
1 21
1 38
1 55
1 60
1 101
2 74
2 107
2 150
3 56
3 97
4 104
4 113
5 43
5 56
5 105
5 124
5 143
6 17
6 21
6 80
6 150
7 8
7 18
7 98
7 125
8 109
9 27
9 50
9 105
10 8
10 18
10 86
10 98
10 103
10 123
10 141
11 4
11 77
11 95
11 99
11 103
12 104
12 106
13 70
13 76
13 108
13 114
14 4
14 39
14 105
14 133
15 35
15 70
15 107
16 122
16 138
18 107
19 3
19 24
20 57
20 146
21 56
21 68
22 16
23 20
23 92
23 121
23 145
23 147
24 29
24 84
24 99
24 109
24 125
25 129
26 83
26 101
26 143
27 80
27 145
28 55
28 61
29 4
29 26
29 37
29 85
29 150
30 13
30 63
30 101
31 25
31 42
31 47
31 65
31 120
32 86
32 92
32 111
33 12
33 30
33 41
33 114
34 72
34 111
35 8
35 10
35 93
35 99
36 9
36 42
36 89
36 141
37 12
37 50
38 18
38 140
39 97
39 102
40 128
40 133
41 23
41 69
41 77
41 125
41 131
42 64
42 118
43 95
43 101
44 39
44 109
44 115
45 40
45 85
45 130
46 12
46 100
46 133
47 51
47 60
47 132
48 53
49 41
49 87
49 116
49 129
49 147
50 1
50 25
50 36
50 40
51 6
51 44
51 55
51 90
51 97
51 100
51 117
51 135
52 12
52 35
52 65
52 95
52 96
52 132
52 148
53 10
53 12
53 19
54 17
54 118
55 45
55 72
55 89
56 58
56 136
57 31
57 115
58 6
58 29
59 1
59 22
59 29
59 83
60 13
60 43
60 116
61 40
61 95
61 116
62 134
63 29
63 44
63 81
63 148
64 24
64 32
64 45
64 52
64 74
64 106
64 116
64 138
65 21
65 45
65 47
65 115
65 149
66 10
66 11
66 18
66 82
67 90
68 84
69 148
70 19
70 87
70 88
70 94
70 104
71 4
71 41
71 47
71 120
71 127
72 6
72 28
72 35
72 51
72 52
72 57
72 83
72 88
73 25
73 59
73 60
73 109
74 89
74 146
74 149
75 68
75 80
75 81
75 116
76 71
76 120
76 126
76 139
77 21
77 64
77 66
77 105
77 140
78 7
79 37
79 104
79 123
80 58
80 129
81 7
81 29
81 38
81 127
82 57
82 79
82 117
82 150
83 17
83 30
83 35
84 90
84 100
85 35
85 121
85 143
86 25
86 44
86 58
86 79
86 138
87 21
87 98
87 104
87 130
88 46
88 47
88 86
89 76
89 80
89 123
90 37
90 125
90 142
90 148
91 9
91 34
92 19
92 143
92 146
93 1
93 34
93 49
93 77
93 113
93 114
94 19
94 49
94 127
94 149
95 8
96 6
96 32
96 38
96 53
96 85
97 53
97 132
97 147
97 148
99 45
99 95
102 41
102 80
102 101
102 149
103 5
103 53
103 94
103 96
104 52
104 97
104 119
105 62
106 35
106 45
106 129
107 23
107 37
107 87
107 97
108 7
108 54
108 68
108 102
108 106
109 123
110 27
110 39
110 44
110 47
111 28
111 39
111 93
111 125
112 36
112 45
112 83
112 95
112 114
112 120
113 3
113 31
114 68
114 118
115 117
115 124
116 85
116 86
116 94
116 112
116 145
116 149
117 76
117 89
117 104
118 17
118 45
118 132
119 2
119 4
119 22
119 35
119 86
119 93
119 131
119 144
119 145
120 7
120 15
120 101
120 126
121 6
121 36
121 65
121 109
122 49
122 90
122 133
122 145
123 40
123 92
123 110
124 92
124 108
124 114
124 142
125 73
125 129
125 144
126 3
126 23
128 52
128 63
129 19
129 29
129 41
129 112
129 120
129 133
130 13
130 66
130 137
131 24
131 38
131 50
131 72
131 98
132 4
132 18
132 24
132 114
134 18
134 21
134 123
134 132
134 145
134 146
135 35
135 53
135 59
135 90
135 133
136 4
136 29
136 73
136 143
137 22
137 100
138 83
139 59
139 69
139 77
139 123
140 6
140 49
140 67
141 55
141 63
142 7
142 10
142 63
143 67
144 11
144 19
144 30
144 54
144 60
144 62
144 123
145 8
145 9
146 48
146 54
146 70
146 133
147 11
147 40
147 47
147 114
148 41
148 75
148 91
148 98
148 100
148 118
148 143
148 147
149 16
149 37
149 87
149 89
149 101
149 124
150 14
150 26
150 38
150 45
150 111
150 136

