200 250
2 11 27 35 7 3 1463084378 1 1 1 4 4 1791507 1 238526861 3 1 8 4 1 2 5 4 5 1 1 4 11 2 2 6 1 4 1 26 9 3 4 6 3963580506 2 9 42053553 1083110987 4 9 8 16 3 2 1 3 1 9 1 34 7 6 9 1 1 20 3 19 1 1 2 5 15 1 5 1 29 7 7 13 1 3 7 2 1 4 4 2 3 1 2700987619 1 1 10 300602380 4 3 1 16 2 1 10 1 1 8 9 5 3525857995 1 1 1 1 3 11 6 15 7 1 1 9 9 2 1 3 1 1 1 1 364510920 26 1 1 1 1455713057 4 5 4 1 5 10 1197052113 1 4 5 1 4 9 3304300925 2 7 7 3 1 47 1 2 4 9 7 1 4 3 11 1231243033 2 4 5 3 13 4 2 11 15 2 3 1 4 5 2598243808 1 1 1 1 1 3406003709 5 2 1 1 5 4 1 1 9 1 1 16 8 1 23 4287197170 15 261095072 892784102 
1 128
1 151
2 79
3 23
4 107
4 156
5 174
6 168
8 82
9 148
11 82
11 140
11 185
12 33
12 141
16 31
16 143
18 2
18 159
19 143
19 194
20 58
22 17
22 67
22 126
24 109
24 110
25 21
26 150
27 182
27 187
28 31
28 159
29 90
29 150
29 163
30 35
30 54
30 99
31 21
33 3
34 133
35 16
35 85
35 136
35 140
36 45
36 191
37 173
38 66
39 18
41 38
41 196
42 73
42 159
45 92
46 118
46 187
47 135
48 110
48 114
48 132
48 166
49 96
50 3
50 37
51 162
52 171
53 178
54 157
55 198
56 11
56 14
56 111
56 116
57 5
57 163
58 8
58 79
59 116
61 3
61 10
61 198
62 4
62 24
62 52
62 111
63 186
64 1
64 24
64 96
64 193
65 112
66 74
67 190
68 11
68 154
69 112
69 171
69 195
71 26
71 98
73 3
73 80
73 101
74 169
75 28
75 167
76 4
76 9
76 47
76 118
77 59
77 78
79 72
80 28
80 186
81 164
83 115
83 196
84 93
84 143
85 103
88 102
89 75
90 64
90 116
90 193
93 37
94 4
94 50
94 126
96 62
96 139
97 102
98 39
98 68
98 145
99 131
100 95
101 121
102 3
102 159
103 36
103 57
103 136
105 6
106 143
107 99
108 74
108 132
109 132
110 5
110 22
110 126
113 16
113 95
113 182
116 82
116 117
117 50
117 156
120 165
122 35
122 112
123 23
123 154
126 97
126 111
127 49
127 136
129 56
131 39
131 63
133 30
134 78
134 168
135 34
136 161
138 193
139 186
140 6
140 70
140 77
140 110
140 115
145 47
146 71
146 90
147 66
147 69
148 4
148 120
149 8
149 167
150 2
150 76
150 126
150 142
150 164
152 86
153 92
153 179
154 5
155 18
155 80
157 21
157 60
158 119
158 147
159 190
159 193
161 135
162 4
162 47
162 163
164 112
165 35
165 59
165 146
166 96
167 68
168 56
168 73
169 95
169 101
170 32
171 155
172 166
173 183
174 95
174 142
176 169
177 189
182 128
183 149
183 170
184 2
186 62
186 73
188 187
190 54
192 36
194 46
194 124
196 22
196 53
196 152
198 42
198 180

