300 750
52 3 26 9 9 7 9 1 72 71 14 8 3 3 33 14 2 1 9 1 42 37 27 33 3 25 7 23 1 8 19 14 1 14 4 1 1 10 66 8 4 4 8 1 5 1 1 10 24 54 5 8 24 1 70 21 1 1 2 7 9 5 13 1 3 3 2 114 7 1 4 1 7 17 15 8 9 14 14 4 7 18 2 11 15 1 19 18 10 3 5 7 15 2 15 11 10 36 13 8 10 33 13 11 39 22 41 58 5 21 59 58 14 12 16 6 5 32 10 5 17 14 11 1 15 17 1 14 1 6 6 6 14 23 33 42 4 7 22 16 8 8 1 17 42 2 26 8 7 15 33 7 10 17 98 30 2 16 11 13 10 1 7 16 7 10 10 7 3 3 17 22 6 2 2 10 9 11 11 13 45 12 7 35 15 1 7 47 3 23 16 9 76 3 40 15 2 9 21 14 1 13 5 3 3 4 16 1 6 1 13 11 14 3 24 2 8 89 14 9 1 7 24 10 5 21 34 10 11 3734700900 37 1 4 19 1 24 1 17 8 4 3 2 10 28 28 15 5 25 1 17 47 10 3 26 24 4 35 21 5 1 23 3 1 25 14 6 14 4 10 4 2 9 2 20 2 49 5 6 2 1 3 3 1 5 5 12 9 4 6 3 28 1 48 2 1 4 16 11 11 6 
1 75
1 166
1 200
1 255
3 44
3 125
3 160
3 178
4 19
4 60
4 131
5 44
5 145
5 261
5 285
6 7
6 144
7 52
7 92
7 98
7 99
8 51
8 177
9 68
9 89
9 93
9 128
9 180
9 209
10 132
10 273
11 28
11 67
11 89
11 277
12 184
13 38
14 114
14 132
15 37
15 126
15 157
15 159
15 182
15 224
16 236
16 243
16 255
17 87
17 166
18 25
18 98
19 91
19 139
19 234
19 239
21 52
21 243
21 300
22 111
22 129
22 236
22 282
23 13
23 24
23 38
23 137
24 82
24 89
24 261
25 219
26 17
27 229
28 26
28 68
30 21
30 190
30 219
30 227
31 140
31 215
31 293
32 45
34 30
34 107
35 160
35 166
36 55
36 126
37 121
37 210
37 224
38 111
38 143
38 239
39 11
39 42
39 51
39 250
39 265
39 280
39 287
40 272
41 56
41 153
41 224
42 3
42 294
43 188
43 276
45 31
45 147
48 180
48 182
48 250
49 68
49 98
49 101
50 17
50 105
50 237
50 246
51 48
51 149
52 18
52 26
52 50
52 108
53 24
53 102
53 150
53 274
54 66
54 88
54 155
55 18
55 31
55 98
55 145
55 164
55 218
55 262
56 114
56 185
56 217
57 91
58 111
59 2
59 207
60 1
61 118
61 212
62 93
62 260
63 23
63 61
63 106
64 6
64 95
65 9
65 41
65 114
65 190
66 22
66 231
67 124
67 160
67 161
67 195
68 36
68 52
68 95
68 167
68 180
68 233
68 244
69 2
69 98
69 276
70 286
71 99
71 155
71 245
71 273
72 152
74 10
74 44
74 162
74 285
75 50
75 53
75 66
75 152
76 182
76 241
77 112
77 114
77 138
77 276
77 292
78 167
78 171
78 205
78 223
78 233
79 13
79 55
79 99
79 192
79 219
79 280
80 9
80 24
80 26
80 243
81 78
81 254
82 221
82 227
82 291
83 288
84 3
84 104
85 130
85 185
85 199
85 225
86 237
87 197
87 248
88 140
88 217
88 248
89 29
89 55
90 6
90 17
91 32
91 53
93 16
93 142
94 133
94 171
95 234
97 147
97 149
97 176
97 270
98 10
98 71
98 144
98 165
99 257
100 27
100 111
100 144
101 35
101 126
102 85
102 171
103 46
103 87
103 265
104 115
104 247
105 129
105 225
106 45
106 234
107 41
107 89
107 108
107 131
108 18
108 37
108 122
109 6
109 148
110 82
110 102
110 107
110 258
110 297
110 299
111 193
111 213
111 224
111 271
112 35
112 105
112 131
112 152
113 181
113 253
113 298
114 20
114 232
114 254
115 22
115 161
115 193
116 132
116 168
117 51
117 219
117 221
118 243
118 244
118 290
119 7
119 41
119 108
121 35
121 200
121 295
122 21
122 28
122 163
122 187
122 248
123 51
123 251
125 45
126 87
126 171
126 274
127 14
128 170
128 216
128 243
128 264
129 73
129 101
129 112
130 49
130 166
130 178
131 179
131 228
131 269
132 215
132 286
133 38
133 69
133 121
133 156
133 226
134 40
134 63
134 189
134 215
134 228
135 101
135 213
135 272
135 277
136 21
136 32
136 62
136 88
136 152
136 161
136 201
136 261
137 102
137 198
138 161
138 170
138 240
138 251
139 40
140 118
140 216
141 112
141 175
141 177
141 194
142 205
143 24
144 39
144 139
144 198
145 1
145 116
145 120
145 135
145 173
146 96
146 105
147 80
147 191
147 278
148 82
148 93
148 208
149 276
150 106
150 222
151 38
151 81
151 111
151 179
151 225
152 21
152 104
152 157
152 231
152 289
153 107
153 116
153 226
154 21
154 123
154 136
154 251
155 1
155 12
155 68
155 98
155 140
155 162
155 284
156 10
156 79
157 121
158 34
158 139
158 207
159 188
160 45
161 144
161 250
163 123
164 161
165 52
165 95
165 154
165 179
166 9
166 73
166 156
166 218
166 298
167 129
167 194
167 237
168 57
168 190
169 133
169 148
170 202
170 276
171 17
171 254
171 286
172 1
172 120
172 221
174 137
174 204
174 217
174 256
174 267
175 156
175 163
175 222
175 300
176 83
176 142
176 193
176 219
177 196
178 278
178 289
180 251
181 82
181 179
181 266
181 267
182 35
182 75
183 34
183 174
183 251
184 14
184 202
184 287
185 18
185 134
185 160
186 268
187 32
187 164
188 38
188 144
188 154
189 53
190 6
190 108
190 193
190 245
191 6
191 164
191 188
192 17
192 229
192 299
193 47
193 161
193 195
193 202
193 258
195 39
195 166
195 171
195 211
196 34
196 113
196 195
197 18
198 82
198 268
199 96
199 109
199 172
200 131
201 159
201 197
202 217
203 28
203 45
203 84
203 254
203 276
205 257
206 290
207 10
208 223
209 165
209 284
210 50
210 88
211 152
211 196
212 118
212 126
212 189
213 32
213 246
214 118
214 158
215 261
216 199
217 26
217 107
218 98
218 181
218 202
218 236
218 274
219 59
219 196
219 258
220 33
220 179
220 231
220 264
221 8
222 18
222 88
222 115
222 252
223 163
223 193
225 12
225 50
225 135
225 240
225 298
226 79
227 17
227 200
228 234
228 270
229 275
231 51
231 129
231 134
231 238
231 282
232 118
234 181
235 168
235 202
235 227
236 56
236 206
236 273
236 291
237 184
237 246
238 126
238 159
238 160
238 173
239 96
239 183
239 232
240 293
241 36
242 125
242 179
242 206
242 257
243 92
243 198
243 211
244 10
244 186
244 285
245 84
245 148
245 185
245 283
246 96
246 204
246 218
247 126
247 261
248 26
248 221
248 282
249 150
250 74
250 89
250 108
250 244
251 99
251 107
251 226
252 130
252 207
252 223
253 43
253 164
253 172
254 175
254 218
254 287
255 23
255 229
255 293
256 23
256 101
256 102
256 154
256 172
257 88
257 154
257 177
258 105
258 106
258 118
258 163
259 68
259 192
259 225
260 89
260 277
261 49
261 105
261 184
261 299
262 56
262 88
262 147
263 156
264 37
264 43
264 218
265 10
265 257
266 10
266 30
266 35
267 48
267 204
269 119
269 126
269 172
270 44
270 265
270 297
271 155
271 209
271 277
272 27
273 60
274 155
274 240
274 241
275 115
276 103
276 158
276 226
277 92
278 112
279 72
279 118
281 1
281 188
281 199
282 38
284 175
285 18
285 160
286 22
287 250
288 76
288 261
289 18
291 64
291 79
291 197
291 234
292 264
293 73
293 104
293 125
293 213
294 139
294 151
294 255
296 95
296 250
296 255
297 91
297 120
297 286
298 132
298 173
298 215
298 227
298 237
298 246
299 71
299 82
300 193
300 250
300 289

