100 500
34 87 2 15 18 144 70 30 79 23 58 27 45 91 3 10 90 93 18 34 12 78 38 28 49 49 33 15 68 1 11 3 92 46 117 48 11 13 21 22 18 19 57 62 19 43 67 79 130 79 27 28 21 88 14 1 62 7 35 36 43 46 25 8 56 14 70 192 13 62 192 34 45 142 61 25 40 27 68 32 28 7 49 116 32 30 39 1 47 33 32 27 20 16 26 44 128 62 59 9 
1 20
1 29
1 32
1 86
1 97
2 28
2 38
2 40
2 56
2 57
2 59
2 70
2 77
2 83
2 86
2 97
2 100
3 23
3 36
3 37
4 11
4 71
5 9
5 21
5 87
6 10
6 17
6 59
6 95
6 98
7 19
7 40
7 71
7 73
7 94
8 12
8 14
8 58
8 86
8 96
9 94
10 13
10 88
10 89
10 95
11 13
11 19
11 21
11 40
11 50
11 54
11 67
11 80
11 81
11 85
12 2
12 43
12 65
12 74
12 91
12 95
13 18
13 25
13 48
13 60
13 80
13 94
14 6
14 17
14 34
14 39
14 63
14 70
14 80
15 20
15 41
15 44
15 55
15 69
16 25
16 49
16 88
17 7
17 28
17 48
17 75
18 9
18 38
18 43
18 58
18 66
18 77
19 23
19 32
19 52
21 6
21 50
21 76
21 87
22 3
22 15
22 24
22 37
22 43
22 54
22 65
22 69
22 79
22 90
23 29
23 32
23 53
24 1
24 19
24 25
24 30
24 32
24 34
24 38
24 95
24 100
25 9
25 47
25 69
25 85
26 19
26 45
26 77
26 79
27 49
27 70
27 88
28 14
28 29
28 35
28 46
28 52
28 65
29 49
29 52
29 87
29 97
30 27
30 56
30 97
30 98
30 99
31 4
31 5
31 33
31 42
31 54
31 76
31 85
32 11
32 26
32 45
32 93
32 96
33 13
33 30
33 41
33 50
33 53
33 64
33 67
33 77
34 17
34 56
34 72
35 4
35 13
35 27
35 32
35 39
35 48
36 49
36 50
36 57
36 89
36 96
37 63
37 84
38 29
38 49
38 70
38 93
38 98
39 11
39 31
39 33
39 42
39 75
40 8
40 21
40 65
40 66
40 86
40 93
41 24
41 35
41 67
41 75
42 6
42 33
42 63
42 69
42 79
42 86
43 23
43 32
43 95
44 16
44 26
44 40
44 46
44 62
45 5
45 21
45 28
45 30
45 67
45 73
46 11
46 47
46 51
46 57
46 71
46 72
47 20
47 33
47 100
48 7
48 8
48 9
48 16
48 46
48 55
48 65
48 94
49 11
49 21
49 61
49 68
49 74
49 92
49 100
50 34
50 59
50 62
50 69
51 9
51 21
51 59
51 68
51 77
51 85
52 8
52 44
53 5
53 15
53 19
53 20
53 49
53 51
53 59
53 63
54 20
54 28
54 32
54 43
54 65
54 75
54 82
56 17
56 35
56 50
57 6
57 39
58 33
58 34
58 40
58 45
58 50
58 62
58 76
58 100
59 17
59 42
59 48
59 74
60 16
60 63
60 67
60 73
60 76
60 89
61 20
61 26
61 75
61 91
61 98
62 17
62 19
62 25
62 71
62 77
63 4
63 26
63 46
63 75
64 35
64 37
64 78
64 84
65 10
65 74
65 87
65 90
66 27
66 30
67 15
68 17
68 52
68 59
68 67
68 75
68 78
68 80
68 94
68 100
69 18
69 44
69 58
69 62
69 80
70 15
70 22
70 39
71 9
71 17
71 20
71 47
71 61
71 76
71 96
72 14
72 22
72 32
73 2
73 9
73 17
73 39
73 42
73 47
73 49
73 71
73 81
74 6
74 35
74 37
74 40
74 53
74 72
74 83
74 88
74 99
75 10
75 97
76 8
76 14
76 19
76 34
76 38
76 47
76 57
76 80
76 97
77 4
77 23
77 36
77 60
78 38
78 62
78 72
78 84
78 88
79 1
79 33
79 47
79 57
79 68
79 69
79 71
79 91
80 84
81 23
81 27
81 34
81 48
81 55
81 85
81 96
81 98
82 51
82 55
82 67
82 86
83 24
83 32
83 39
83 52
83 57
83 62
83 73
83 76
83 78
84 2
84 4
84 14
84 31
84 51
84 54
84 83
85 32
85 35
85 39
85 55
85 63
85 67
85 68
85 83
86 6
86 13
86 49
86 52
87 6
87 46
87 51
87 64
88 17
88 43
88 100
89 7
89 68
89 70
89 93
90 9
90 11
90 18
90 25
90 29
90 53
90 55
90 63
90 71
90 81
90 92
90 96
91 17
91 29
91 30
91 32
91 51
91 72
91 82
92 48
92 53
92 58
92 83
92 85
93 15
93 60
95 50
95 51
96 24
96 54
96 56
96 61
97 45
97 53
97 55
97 71
97 87
97 94
98 16
98 27
98 72
98 85
99 18
99 29
99 31
99 73
99 77
99 88
100 4
100 6
100 7
100 53
100 64

