250 2000
92 82 86 281 74 283 177 47 170 23 49 382 354 81 146 27 52 255 122 46 185 385 113 170 93 111 29 24 81 25 118 177 98 68 72 232 35 67 43 101 71 145 80 57 179 145 168 115 67 166 113 102 71 110 65 9 54 356 53 106 101 116 235 240 67 90 409 138 92 146 161 130 89 298 140 248 96 65 30 331 89 61 412 584 19 105 86 105 175 109 81 45 98 62 362 35 565 252 52 61 232 146 1 21 78 126 33 212 248 47 322 58 107 73 301 291 2 32 7 168 321 3 222 15 186 118 162 71 64 45 424 465 96 152 441 249 167 46 218 188 95 14 317 273 106 224 279 96 75 131 124 100 40 263 364 24 142 66 83 224 184 28 96 81 260 99 118 147 41 153 109 168 195 95 235 182 134 44 163 33 23 51 72 133 166 191 5 100 427 373 228 213 59 324 79 129 121 84 179 266 40 185 6 13 4 179 126 135 138 180 11 72 60 453 231 82 182 150 247 279 260 22 122 180 221 178 11 94 29 67 41 40 91 48 230 71 87 96 82 5 107 219 90 53 97 88 125 41 250 59 
1 9
1 27
1 44
1 91
1 103
1 132
1 142
1 212
2 58
2 91
2 137
2 152
2 165
2 239
3 2
3 7
3 28
3 44
3 59
3 137
3 139
3 140
3 167
3 190
3 205
4 3
4 37
4 62
4 91
4 114
4 149
4 176
4 181
4 207
4 211
4 222
4 224
5 72
5 85
5 109
5 128
5 138
5 159
6 112
6 114
6 129
6 134
6 135
6 143
6 170
6 171
6 204
6 244
7 52
7 67
7 83
7 98
7 107
7 126
7 135
7 155
7 184
8 10
8 31
8 37
8 68
8 144
8 155
8 167
9 45
9 79
9 84
9 97
9 148
9 230
10 16
10 85
10 91
10 111
10 146
10 155
10 161
10 217
10 247
10 248
10 250
11 21
11 62
11 112
11 190
11 191
11 197
12 16
12 20
12 49
12 55
12 58
12 68
12 80
12 104
12 113
12 152
12 215
12 227
13 22
13 71
13 78
13 93
13 114
13 121
13 133
13 140
13 179
14 19
14 49
14 58
14 85
14 97
14 108
14 115
14 117
14 129
14 146
14 186
14 191
15 20
15 22
15 70
15 81
15 86
15 142
15 167
15 202
15 207
15 223
15 238
16 69
16 107
16 115
16 142
16 148
16 173
16 179
16 207
16 216
16 233
17 22
17 26
17 37
17 49
17 55
17 175
17 182
17 184
17 226
17 235
17 250
18 5
18 23
18 55
18 123
18 135
18 168
18 169
18 172
18 219
18 235
19 35
19 78
19 185
19 201
19 225
20 54
20 105
20 177
20 196
20 238
21 12
21 84
21 135
21 147
21 158
21 190
21 199
21 209
21 210
21 219
21 237
22 2
22 53
22 93
22 98
22 103
22 123
22 132
22 147
22 164
22 177
22 209
23 115
23 135
23 189
23 207
23 235
24 2
24 12
24 56
24 81
24 89
24 93
24 151
24 214
24 235
25 32
25 51
25 86
25 130
25 156
25 164
25 186
25 242
26 58
26 79
26 207
26 236
27 72
27 84
27 85
27 122
27 157
28 19
28 64
28 103
28 152
28 242
29 97
29 130
29 223
29 239
29 250
30 18
30 19
30 65
30 67
30 95
30 105
30 111
30 122
30 145
30 171
30 179
30 245
31 12
31 32
31 55
31 98
31 112
31 139
31 179
32 21
32 64
32 81
32 143
32 156
32 200
32 219
32 230
33 19
33 24
33 54
33 73
33 198
33 200
33 231
34 23
34 33
34 37
34 177
34 184
34 196
34 249
35 4
35 22
35 45
35 91
35 100
35 106
35 123
35 185
35 218
36 8
36 12
36 39
36 152
36 161
36 165
36 194
36 203
37 67
37 103
37 116
37 131
37 145
37 175
37 198
38 37
38 90
38 97
38 226
38 229
39 171
39 188
40 20
40 32
40 56
40 106
40 109
40 129
40 225
40 236
41 30
41 60
41 66
41 82
41 127
41 159
41 214
41 245
42 65
42 66
42 79
42 100
42 106
42 124
42 134
42 141
42 150
42 173
42 221
43 13
43 38
43 58
43 85
43 131
43 135
43 220
43 245
44 10
44 80
44 93
44 182
44 186
45 15
45 75
45 97
45 168
45 218
45 227
45 246
46 27
46 30
46 54
46 101
46 103
46 138
46 146
46 165
46 202
47 39
47 48
47 78
47 100
47 101
47 102
47 150
47 206
47 208
48 116
48 214
48 244
49 11
49 43
49 71
49 80
49 117
49 182
50 5
50 43
50 95
50 131
50 134
50 236
50 245
51 67
51 89
51 161
52 90
52 126
52 146
52 158
52 171
52 181
52 216
53 99
53 125
53 190
53 236
53 249
54 5
54 14
54 154
54 193
54 204
54 234
55 47
55 65
55 97
55 123
55 127
55 145
55 175
55 207
56 36
56 79
56 80
56 142
56 145
56 151
56 184
56 207
57 104
57 105
57 107
57 182
57 201
57 230
58 1
58 23
58 40
58 95
58 159
58 192
58 198
59 16
59 18
59 37
59 42
59 97
59 188
59 201
59 206
59 218
59 242
60 108
60 110
60 167
60 194
60 220
60 242
61 10
61 23
61 32
61 47
61 49
61 120
62 76
62 85
62 89
62 97
62 105
62 117
62 177
62 206
62 215
62 241
62 243
62 244
63 2
63 49
63 115
63 116
63 148
63 205
63 216
64 13
64 62
64 98
64 127
64 150
64 162
64 200
64 239
64 244
65 26
65 28
65 39
65 66
65 69
65 130
65 137
65 203
65 208
65 223
66 13
66 60
66 78
66 79
66 97
66 114
66 198
66 207
66 219
67 28
67 60
67 62
67 132
67 139
67 216
67 218
67 233
67 237
67 249
68 9
68 70
68 90
68 92
68 113
68 134
68 197
68 199
68 209
68 240
69 63
69 144
69 177
69 242
70 1
70 13
70 32
70 40
70 49
70 83
70 146
70 158
70 162
71 7
71 30
71 52
71 67
71 171
71 210
71 219
71 226
72 6
72 23
72 56
72 95
73 7
73 40
73 98
73 166
73 194
73 195
73 200
73 201
73 209
73 220
73 236
74 27
74 36
74 48
74 58
74 59
74 80
74 87
74 93
74 105
74 131
74 146
74 227
74 228
74 231
74 248
75 25
75 63
75 65
75 90
75 119
75 135
75 220
75 229
76 6
76 10
76 69
76 71
76 77
76 78
76 88
76 105
76 129
76 160
76 212
76 243
77 23
77 45
77 47
77 48
77 63
77 128
77 141
77 177
78 18
78 34
78 75
78 233
79 17
79 101
79 123
79 148
79 167
79 174
79 217
80 5
80 27
80 42
80 85
80 106
80 125
80 196
80 215
81 137
81 157
81 173
81 197
81 222
82 30
82 93
82 206
82 212
82 213
82 234
83 4
83 16
83 27
83 51
83 76
83 112
83 131
83 140
83 165
83 214
83 216
84 13
84 51
84 63
84 73
84 93
84 96
84 130
84 131
84 137
84 160
84 175
84 180
84 201
84 219
84 231
85 48
85 94
85 129
85 133
85 154
85 160
85 190
85 231
86 79
86 97
86 125
86 138
86 161
86 163
86 180
86 217
86 222
86 240
87 5
87 33
87 80
87 99
87 142
87 143
87 146
87 237
88 19
88 50
88 52
88 72
88 107
88 140
88 157
88 160
88 163
89 15
89 75
89 101
89 102
89 105
89 123
89 144
89 148
89 168
89 234
89 240
90 22
90 32
90 66
90 109
90 128
90 192
90 202
91 7
91 51
91 61
91 70
91 88
91 103
91 136
91 150
91 195
91 217
91 246
92 35
92 58
92 67
92 85
92 102
92 116
92 128
92 137
92 176
92 189
92 196
93 10
93 56
93 63
93 75
93 132
93 195
93 217
93 221
93 231
94 128
94 200
94 207
94 226
95 1
95 3
95 5
95 13
95 38
95 49
95 56
95 85
95 99
95 103
95 175
95 221
95 227
95 231
95 242
96 6
96 42
96 55
96 109
96 195
96 232
97 24
97 33
97 61
97 74
97 130
97 134
97 153
97 154
97 158
97 177
97 216
97 243
97 244
97 247
98 63
98 132
98 166
98 237
98 246
98 250
99 34
99 113
99 155
99 204
100 18
100 31
100 108
100 131
100 172
100 179
100 237
101 1
101 14
101 28
101 82
102 4
102 22
102 28
102 44
102 81
102 83
102 136
102 154
102 158
102 191
102 246
103 34
103 75
103 109
103 111
103 160
104 71
104 80
104 139
104 148
104 217
105 125
105 127
105 179
105 204
106 6
106 67
106 101
106 116
106 125
106 147
106 154
106 158
106 164
106 194
106 220
107 39
107 79
107 111
107 112
107 145
107 225
107 244
108 31
108 32
108 61
108 113
108 123
108 131
108 205
108 206
108 245
109 148
109 162
109 173
109 200
109 228
110 12
110 58
110 81
110 136
110 147
110 154
110 167
110 191
110 230
111 25
111 52
111 70
111 79
111 131
111 132
111 141
111 218
112 1
112 39
112 45
112 58
112 150
112 155
112 220
112 238
112 240
113 80
113 95
113 102
113 114
113 120
113 181
113 198
113 199
114 82
114 90
114 93
114 94
114 105
114 235
115 21
115 30
115 96
115 100
115 202
115 227
115 236
115 248
116 88
116 142
116 159
116 163
116 186
116 196
116 197
116 215
116 249
117 7
117 9
117 69
117 132
117 192
117 206
118 35
118 74
118 140
118 196
118 205
118 246
119 10
119 65
119 116
119 130
119 163
119 183
119 192
119 222
120 103
120 131
120 166
120 210
121 18
121 31
121 103
121 119
121 125
121 175
121 224
121 228
121 239
121 247
122 82
122 129
122 201
123 1
123 44
123 45
123 73
123 96
123 100
123 115
123 150
123 193
123 200
124 88
124 100
124 101
124 146
124 148
124 151
124 189
125 118
125 119
125 141
125 166
125 174
125 178
125 206
125 224
126 64
126 83
126 131
126 149
126 152
126 164
126 171
126 189
126 191
126 193
126 226
126 228
126 247
127 88
127 91
127 129
127 158
127 188
127 203
127 219
127 226
127 238
128 14
128 103
128 147
128 200
128 221
128 223
128 243
129 8
129 158
129 168
129 219
130 36
130 150
130 172
130 184
130 186
130 214
130 242
131 64
131 133
131 141
131 151
131 176
131 196
131 202
132 27
132 33
132 101
132 115
132 119
132 138
132 139
132 192
132 211
132 217
132 220
132 227
133 3
133 61
133 72
133 81
133 82
133 88
133 99
133 112
133 137
133 159
133 173
133 175
133 217
134 28
134 46
134 80
134 184
134 192
134 243
135 27
135 42
135 66
135 86
135 99
135 116
135 160
135 174
135 188
135 210
135 243
136 12
136 42
136 52
136 56
136 68
136 70
136 84
136 86
136 109
136 111
136 127
136 139
136 150
136 151
136 165
136 233
137 40
137 68
137 128
137 178
137 203
137 207
137 212
137 214
138 25
138 134
138 166
138 202
138 214
138 228
139 7
139 41
139 118
139 133
139 134
139 135
139 172
139 224
139 235
140 37
140 60
140 63
140 115
140 162
140 171
140 192
140 207
140 219
140 221
140 222
140 242
141 38
141 53
141 86
141 128
141 155
141 157
141 164
142 3
142 29
142 62
142 163
142 230
142 249
143 11
143 27
143 49
143 50
143 63
143 68
143 89
143 216
144 20
144 47
144 52
144 58
144 95
144 100
144 135
144 150
144 154
144 219
144 249
145 2
145 46
145 47
145 118
145 139
145 168
145 191
145 216
146 9
146 34
146 53
146 64
146 84
146 128
146 154
146 203
146 217
146 219
147 31
147 85
147 102
147 111
147 164
147 184
147 198
148 5
148 40
148 42
148 43
148 93
148 143
148 146
148 184
148 204
148 222
149 58
149 59
149 101
149 154
149 235
150 9
150 26
150 57
150 66
150 118
150 156
150 166
150 175
150 217
151 2
151 6
151 41
151 97
151 106
151 121
151 174
151 244
152 110
153 30
153 32
153 159
153 166
153 168
153 172
153 185
153 211
153 241
154 5
154 74
154 77
154 89
154 119
154 127
154 143
154 192
154 198
154 221
154 234
155 54
155 81
155 95
155 129
155 130
155 135
155 138
155 147
155 161
155 189
155 208
155 242
156 19
156 40
156 58
156 158
156 201
156 202
157 34
157 47
157 76
157 115
157 165
158 13
158 84
158 108
158 117
158 155
159 8
159 22
159 39
159 63
159 80
159 88
159 97
159 139
159 152
159 158
159 201
159 225
160 24
160 50
160 104
160 119
160 131
160 151
160 164
160 197
161 23
161 45
161 141
161 157
161 184
161 223
162 58
162 101
162 183
162 203
163 7
163 41
163 48
163 104
163 127
163 148
163 152
163 178
163 194
163 242
164 75
164 84
164 128
164 162
164 168
164 203
164 225
164 228
165 24
165 42
165 91
165 107
165 160
165 164
165 177
165 192
166 27
166 53
166 69
166 80
166 85
166 109
166 132
166 194
166 240
166 241
167 55
167 108
167 200
167 214
167 230
167 239
168 2
168 24
168 42
168 49
168 64
168 96
168 106
168 120
168 152
168 155
168 170
168 244
169 6
169 46
169 64
169 249
170 3
170 49
170 55
170 83
170 98
170 149
170 150
170 167
170 179
170 181
170 188
170 198
171 16
171 67
171 75
171 143
171 176
171 187
171 199
172 5
172 51
172 63
172 92
172 99
172 105
172 111
172 203
173 17
173 47
173 59
173 119
173 149
173 172
173 194
173 216
173 220
174 13
174 29
174 33
174 112
174 123
174 191
174 199
174 207
175 20
175 21
175 48
175 50
175 99
175 141
175 173
175 198
176 5
176 8
176 29
176 71
176 153
176 190
176 199
176 235
176 241
177 79
177 185
177 186
177 239
177 241
177 248
178 27
178 143
178 164
178 203
178 227
178 230
178 237
179 21
179 91
179 120
179 137
179 154
179 155
179 206
179 214
179 219
180 1
180 12
180 83
180 121
180 124
180 183
180 198
180 211
181 13
181 36
181 41
181 121
181 131
181 155
181 185
181 206
181 210
181 213
181 218
182 34
182 67
182 146
182 206
182 219
183 61
183 69
183 97
183 115
183 175
184 18
184 67
184 72
184 98
184 109
184 153
184 220
184 230
184 248
185 33
185 57
185 72
185 108
185 120
185 157
185 173
185 176
185 183
185 202
186 72
186 121
186 128
186 138
186 139
186 237
187 3
187 19
187 90
187 144
187 194
187 214
187 243
188 5
188 9
188 34
188 74
188 103
188 183
188 206
188 239
189 10
189 39
189 42
189 50
189 51
189 87
189 101
189 109
189 136
189 194
189 215
189 216
189 225
189 231
189 235
189 245
190 13
190 35
190 63
190 77
190 98
190 116
190 120
190 147
190 181
190 189
190 195
190 238
191 4
191 91
191 96
191 106
191 122
191 146
191 196
191 208
191 212
192 78
192 137
192 195
192 235
192 250
193 13
193 19
193 21
193 33
193 57
193 100
193 152
193 161
193 214
194 20
194 59
194 67
194 87
194 103
194 109
194 131
194 170
194 174
194 177
194 214
194 239
195 13
195 116
195 162
195 177
195 216
196 7
196 26
196 27
196 71
196 237
196 241
197 12
197 34
197 53
197 55
197 66
197 73
197 109
197 111
197 131
197 228
198 4
198 6
198 16
198 22
198 26
198 76
198 143
199 8
199 62
199 90
199 120
199 144
199 148
199 163
199 200
199 201
199 225
200 14
200 88
200 96
200 103
200 117
200 125
200 133
200 186
200 188
200 196
200 209
200 226
200 238
201 8
201 83
201 94
201 111
201 115
201 172
202 16
202 35
202 54
202 64
202 97
202 155
202 195
203 5
203 35
203 47
203 85
203 124
203 132
204 44
204 55
204 129
204 183
204 220
205 60
205 72
205 81
205 143
205 181
205 242
206 43
206 78
206 79
206 88
206 90
206 166
207 12
207 50
207 51
207 58
207 63
207 97
208 5
208 19
208 27
208 60
208 66
208 96
208 123
208 126
208 141
208 193
209 5
209 12
209 14
209 100
209 186
209 197
209 212
209 234
210 7
210 25
210 78
210 103
210 108
210 109
210 127
210 191
211 36
211 83
211 101
211 107
211 110
211 123
211 169
211 194
211 204
212 28
212 74
212 97
212 165
212 167
212 176
212 188
213 38
213 40
213 59
213 64
213 172
213 211
213 227
213 231
214 9
214 10
214 90
214 101
214 116
214 183
214 186
214 221
214 232
215 23
215 84
215 93
215 98
215 110
215 112
215 121
215 133
215 148
215 155
215 157
216 43
216 77
216 106
216 113
216 134
216 164
216 209
217 29
217 36
217 84
217 117
217 118
217 143
217 189
217 194
217 247
218 26
218 112
218 179
218 197
218 211
218 233
219 28
219 115
219 121
219 123
219 165
220 24
220 74
220 124
220 143
220 175
220 181
220 183
220 190
220 191
220 202
220 237
221 7
221 21
221 49
221 58
221 75
221 147
221 167
221 194
221 233
222 66
222 68
222 78
222 120
222 135
222 225
223 3
223 58
223 79
223 178
223 209
224 17
224 18
224 45
224 48
224 51
224 148
224 160
224 161
224 165
224 213
224 220
225 11
225 13
225 59
225 77
225 146
225 178
225 220
225 249
226 20
226 51
226 59
226 142
226 177
226 180
226 209
226 240
227 3
227 9
227 19
227 27
227 39
227 60
227 82
227 123
228 75
228 83
228 114
228 145
228 196
228 222
228 237
228 239
229 101
229 106
229 153
229 154
229 217
229 226
230 115
230 129
231 15
231 22
231 28
231 158
231 243
232 13
232 14
232 17
232 71
232 81
232 84
232 88
232 113
232 154
232 171
232 227
232 245
233 1
233 8
233 30
233 41
233 48
233 53
233 61
233 84
233 90
233 112
233 165
233 210
233 216
233 220
234 83
234 148
234 212
234 223
235 70
235 103
235 108
235 126
235 205
236 83
236 132
236 162
236 194
236 212
236 214
236 223
236 232
237 10
237 15
237 51
237 76
237 79
237 199
238 34
238 65
238 111
238 164
238 179
238 221
239 58
239 67
239 81
239 144
239 164
239 248
240 76
240 121
240 140
240 193
240 238
241 94
241 141
241 161
241 169
241 183
241 202
241 244
242 17
242 36
242 52
242 85
242 108
242 137
242 151
242 161
242 173
242 176
242 208
242 218
242 227
242 230
243 28
243 78
243 98
243 154
243 174
243 175
243 235
244 8
244 17
244 34
244 35
244 59
244 79
244 98
244 127
244 177
244 190
244 203
245 8
245 33
245 46
245 53
245 105
245 156
245 182
245 187
245 197
245 202
245 212
246 33
246 101
246 147
246 192
246 194
246 206
247 72
247 75
247 96
247 102
247 119
247 120
247 156
247 178
247 207
247 225
248 29
248 40
248 78
248 118
248 120
249 23
249 26
249 36
249 43
249 47
249 111
249 120
249 130
249 147
249 168
249 214
249 243
250 4
250 31
250 39
250 64
250 164
250 219

