150 100
1 1 3 1 1 4 1 1 15 1 2 9 1 1 1 1 1 1 3 2994464312 1612065225 9 4 1 8 4 3 147850069 6 5 2523937908 1 16 2789315181 790956526 1 1 659781526 1 1 1 9 1 1 127665012 1 5 1 1 8 2207369628 1 862763696 1 1 1792791744 15 2363368913 1 2442894901 1 3 623529687 1 508447194 1749224053 1581796700 2223615100 2014008668 4 1 1 2 1 1 1 1 2819454874 1 1393694484 2845327385 1857117127 3 1 1 1 4 1 3294067821 1076171433 3 1 1 2052830746 1 1 1 1 1 563520921 3 1 1 1 1 2885772083 1 1 3543820799 1 813817658 1 2 15 14 3 462350715 1 6 1 1 1 1 1 1 12 2380319368 1 4 1 1 1 4 1015464275 1 1 4 1 2 1 1 250896207 1 1 1 3066433310 3347916377 11 687640649 3234735994 
2 112
3 41
4 30
7 108
8 140
9 12
9 75
9 104
11 88
11 138
14 47
15 55
19 37
22 6
22 10
22 137
24 18
25 130
25 139
25 148
26 33
27 12
27 16
29 17
29 50
30 33
30 102
33 131
33 148
42 29
43 46
44 140
47 122
49 99
50 26
50 42
50 148
52 118
57 12
57 32
57 39
57 77
59 14
61 1
62 3
62 103
70 86
72 84
73 137
76 112
79 121
83 114
83 144
84 136
85 10
87 36
87 50
91 107
91 141
93 96
95 116
97 110
101 139
101 145
105 5
113 9
114 61
114 62
114 70
115 14
115 54
115 64
115 128
116 57
116 92
116 113
119 13
119 48
119 73
119 126
120 32
120 91
121 129
123 103
124 140
125 98
126 19
126 116
126 131
128 6
129 74
130 40
132 131
133 71
135 23
140 23
140 47
143 42
145 133
148 98

