100 750
77 304 270 114 48 4 208 18 117 191 167 129 106 53 80 44 61 170 8 134 87 249 256 259 39 29 139 3 133 27 92 89 128 31 182 63 144 49 49 228 105 224 9 278 283 59 88 90 115 224 29 62 253 13 178 193 128 24 108 188 78 50 33 289 173 2 79 136 63 19 43 40 186 29 68 42 177 222 218 36 192 192 155 58 184 104 14 125 95 67 2 94 27 71 229 6 606 116 96 79 
1 10
1 12
1 44
1 55
1 59
1 66
1 82
1 96
2 5
2 8
2 13
2 16
2 19
2 21
2 27
2 36
2 57
2 62
2 67
3 13
3 24
3 32
3 52
3 60
3 76
3 78
3 95
4 2
4 3
4 8
4 28
4 52
4 64
4 84
4 88
4 89
4 95
5 10
5 14
5 33
5 42
5 48
5 52
5 67
5 83
5 98
6 16
6 30
6 35
6 36
6 37
6 66
6 73
6 77
6 90
7 6
7 20
7 29
7 31
7 36
7 42
7 49
7 55
7 60
7 89
7 99
8 7
8 14
8 19
8 26
8 40
8 45
8 53
8 77
8 86
9 4
9 6
9 10
9 23
9 36
9 50
9 78
9 81
9 89
9 98
10 34
10 44
10 47
10 60
10 76
10 82
11 6
11 7
11 25
11 42
11 56
11 67
11 87
12 41
12 50
12 55
12 73
12 77
12 82
13 30
13 41
13 83
14 15
14 55
14 72
14 97
15 3
15 74
15 83
15 93
15 99
16 17
16 46
16 48
16 49
16 54
16 61
17 5
17 13
17 32
17 44
17 48
17 52
17 64
17 73
18 24
18 26
18 27
18 40
18 45
18 59
18 64
18 67
18 69
18 82
19 22
19 45
19 68
19 75
19 96
20 18
20 25
20 60
20 90
21 1
21 13
21 23
21 35
21 41
21 45
21 50
21 59
21 70
21 73
21 76
21 96
21 100
22 3
22 4
22 14
22 24
22 29
22 53
22 64
22 85
23 16
23 22
23 37
23 58
23 77
23 78
23 90
24 4
24 9
24 26
24 38
24 45
24 55
24 85
24 86
24 87
24 95
25 7
25 12
25 66
26 4
26 42
26 53
26 54
27 12
27 35
27 38
27 41
27 66
27 79
27 81
27 86
27 97
28 29
28 32
28 53
29 37
29 42
29 74
29 84
29 85
29 97
30 3
30 10
30 14
30 27
30 43
30 51
30 84
30 85
30 90
30 95
31 2
31 24
31 48
31 94
31 95
32 35
32 44
32 68
32 70
32 82
33 2
33 4
33 10
33 23
33 39
33 40
33 47
33 56
33 62
33 79
33 97
34 39
34 51
34 58
34 68
34 73
34 79
34 83
34 92
35 3
35 11
35 28
35 42
35 43
35 45
35 73
35 74
35 96
36 8
36 19
36 57
36 88
36 95
37 7
37 59
37 81
37 97
38 12
38 36
38 37
38 45
38 61
38 68
38 88
38 91
39 16
39 23
39 31
39 35
39 42
39 88
39 90
40 41
40 56
40 64
40 70
40 74
40 77
40 91
40 94
40 96
40 98
41 6
41 43
41 50
41 57
41 67
41 79
41 92
42 3
42 22
42 44
42 45
42 63
42 94
42 99
43 10
43 11
43 15
43 18
43 23
43 40
43 54
43 64
43 70
43 75
44 7
44 8
44 15
44 23
44 28
44 33
44 66
44 93
44 97
44 98
45 10
45 31
45 47
45 54
45 74
45 82
45 87
45 94
46 11
46 21
46 41
46 52
46 60
46 61
46 68
46 87
46 91
46 92
46 93
47 11
47 12
47 49
47 58
47 60
47 62
47 81
48 3
48 12
48 15
48 34
48 37
48 73
49 2
49 20
49 37
49 43
49 67
49 71
50 2
50 3
50 14
50 23
50 45
50 60
50 62
50 72
50 96
50 99
51 17
51 21
51 31
51 45
51 49
51 77
51 91
51 94
52 8
52 14
52 19
52 22
52 26
52 61
52 97
53 9
53 31
53 32
53 55
53 66
53 74
53 85
53 100
54 20
54 24
54 38
54 40
54 46
54 66
54 86
55 35
55 36
55 49
55 65
55 66
55 83
55 90
56 5
56 19
56 20
56 49
56 55
56 57
56 61
57 21
57 44
57 48
57 53
57 65
57 75
58 79
58 100
59 3
59 5
59 9
59 10
59 26
59 76
59 79
60 21
60 23
60 39
60 43
60 49
60 72
60 75
60 84
60 98
61 24
61 34
61 53
61 69
61 70
61 76
61 86
61 95
61 100
62 14
62 18
62 45
62 64
62 66
62 88
63 1
63 8
63 19
63 21
63 24
63 40
63 51
63 56
63 75
63 78
63 83
63 91
63 94
64 11
64 13
64 20
64 74
64 75
64 85
65 8
65 24
65 27
65 35
65 41
65 67
65 78
65 84
65 87
65 92
65 99
66 13
66 41
66 48
66 56
66 63
66 68
66 71
66 75
67 6
67 22
67 44
67 76
67 97
68 18
68 21
68 29
68 36
68 53
68 77
68 86
68 95
68 99
69 24
69 43
69 59
69 84
70 3
70 39
70 41
70 54
70 63
70 66
70 98
71 3
71 14
71 15
71 41
71 50
71 62
71 73
71 98
72 2
72 36
72 56
72 64
72 70
72 71
72 73
72 79
72 82
72 96
73 25
73 84
73 91
73 99
74 8
74 17
74 23
74 37
74 38
74 47
74 52
74 90
74 97
75 1
75 41
75 53
75 70
75 73
75 90
75 94
76 4
76 20
76 27
76 28
76 30
76 39
76 41
76 55
76 63
76 81
76 97
76 100
77 9
77 14
77 100
78 32
78 35
78 52
78 53
78 55
78 64
78 66
78 69
78 74
78 81
78 96
79 10
79 32
79 46
79 52
79 53
79 65
79 67
79 74
79 77
79 78
80 54
80 64
80 65
80 70
80 84
81 21
81 38
81 40
81 60
81 64
82 4
82 17
82 27
82 29
82 48
82 58
82 77
82 91
83 8
83 14
83 33
83 44
83 66
83 77
83 87
84 1
84 6
84 17
84 43
84 63
84 66
84 70
84 94
84 96
85 14
85 20
85 42
85 46
85 62
85 87
85 88
85 97
86 6
86 7
86 32
86 55
86 56
86 62
86 81
86 97
87 3
87 5
87 17
87 31
87 33
87 55
87 59
87 61
87 100
88 9
88 22
88 37
88 43
88 72
88 81
88 97
89 31
89 39
89 41
89 49
89 67
89 68
89 74
89 85
89 90
89 91
89 96
90 15
90 25
90 32
90 50
90 57
90 83
90 85
90 96
90 98
91 74
91 79
91 85
92 2
92 4
92 16
92 29
92 30
92 44
92 47
92 49
92 84
93 13
93 56
93 81
93 95
94 20
94 25
94 57
94 65
94 72
94 98
95 22
95 32
95 34
95 44
95 80
95 90
96 10
96 11
96 17
96 24
96 41
96 51
96 75
97 4
97 10
97 11
97 16
97 23
97 25
97 64
97 71
97 73
97 79
97 92
97 95
98 18
98 22
98 30
98 69
98 72
98 80
98 83
99 10
99 21
99 22
99 39
99 51
99 70
99 77
99 92
100 5
100 13
100 54
100 57
100 67
100 83

