150 750
104 226 65 218 63 152 40 6 14 16 23 19 18 154 89 46 18 61 61 28 35 33 49 4 21 17 87 24 110 43 39 134 23 64 54 27 27 26 70 37 49 117 89 82 2 5 9 32 20 49 83 154 77 25 8 241 91 8 8 28 68 159 52 132 2 286 85 8 205 69 62 28 60 39 37 14 8 19 93 17 133 26 116 19 26 136 103 53 19 16 5 18 50 160 44 102 43 41 68 18 6 133 149 21 8 11 29 6 50 57 113 51 26 58 34 31 13 153 29 89 101 98 66 22 81 47 22 5 62 14 36 61 64 119 55 50 51 96 41 47 66 40 4 8 67 19 9 109 2 6 
1 20
1 22
1 86
1 96
1 125
1 140
2 59
2 118
2 120
2 123
2 141
2 149
3 14
3 39
3 61
3 70
3 93
3 100
3 114
3 143
4 13
4 22
4 23
4 39
4 48
4 78
4 94
4 148
5 7
5 22
5 34
5 86
5 130
6 4
6 10
6 33
6 42
6 48
6 62
6 64
6 69
6 72
6 99
6 127
7 18
7 31
7 132
8 40
8 56
8 106
8 123
9 10
9 13
9 23
9 39
9 107
9 143
10 78
10 130
11 41
11 148
12 78
12 84
12 89
12 129
12 140
12 149
13 5
13 60
13 78
13 127
14 21
14 94
15 13
15 36
15 83
15 93
15 112
15 118
15 130
15 136
15 139
16 3
16 18
16 27
16 53
16 89
16 96
16 113
16 118
16 140
17 94
18 1
18 5
18 52
18 121
19 21
19 44
19 72
19 96
19 121
19 131
20 87
20 126
20 127
21 3
21 112
21 127
22 2
22 7
22 14
22 24
22 30
22 79
22 81
23 49
23 66
23 70
23 73
23 79
23 111
23 120
23 141
24 40
24 57
24 89
24 97
25 2
25 27
25 103
25 114
25 127
25 146
26 4
26 43
26 149
27 12
27 56
27 69
27 73
27 86
27 96
27 118
27 133
27 137
28 7
28 94
28 121
28 140
29 19
29 26
29 31
29 71
29 90
29 95
29 115
29 135
29 146
30 56
30 60
30 62
30 66
30 83
30 92
30 138
31 1
31 5
31 53
31 82
31 142
32 2
32 21
32 41
32 58
32 112
32 126
32 129
32 138
33 12
33 24
33 93
33 138
34 12
34 62
34 110
34 122
34 136
34 150
35 44
35 88
35 121
35 139
36 35
36 57
37 7
37 57
38 6
38 84
38 89
38 124
38 132
38 134
39 52
39 57
39 66
39 90
39 96
40 29
40 31
40 61
40 113
40 144
41 5
41 14
41 40
41 88
41 95
41 139
42 50
42 79
42 81
42 86
42 94
42 101
42 141
42 146
43 5
43 50
43 92
43 99
43 127
44 39
44 51
44 79
44 94
44 101
44 102
44 115
45 9
45 71
45 83
45 111
45 134
46 13
46 24
46 41
47 11
47 43
47 141
47 148
48 14
48 19
48 43
48 64
48 70
48 72
49 20
49 130
49 132
49 140
49 145
50 4
50 40
50 78
50 97
50 125
50 148
51 28
51 52
51 54
51 64
51 67
51 77
51 90
51 106
52 2
52 14
52 19
52 41
52 145
53 14
53 20
53 36
53 54
53 61
53 79
53 116
54 23
54 61
55 9
55 136
56 19
56 20
56 21
56 64
56 83
56 86
56 97
56 111
56 127
56 144
57 12
57 91
57 103
57 104
57 111
57 112
57 121
58 2
58 46
58 48
58 73
58 88
58 122
59 56
59 58
59 63
59 79
60 80
60 119
61 11
61 99
61 116
61 134
62 2
62 3
62 25
62 32
62 46
62 63
62 75
62 86
62 133
62 135
63 5
63 23
63 36
63 50
63 52
63 54
63 67
63 83
63 93
63 116
64 17
64 22
64 27
64 40
64 66
64 67
64 90
64 102
64 118
65 54
66 4
66 5
66 59
66 60
66 67
66 83
66 98
66 101
66 128
66 130
66 134
67 14
67 19
67 55
67 96
67 110
67 118
68 33
68 51
68 94
68 102
69 13
69 81
69 97
69 102
69 128
69 135
69 137
69 148
70 85
70 92
70 99
70 138
71 7
71 74
71 99
72 28
72 31
72 89
72 117
72 128
72 136
72 145
73 17
73 38
73 94
74 22
74 28
74 44
74 63
75 12
75 31
75 32
75 44
75 108
75 141
76 33
76 60
76 92
76 124
76 130
77 17
77 43
77 62
77 130
78 42
78 68
79 2
79 69
79 120
79 125
80 13
80 28
80 71
80 95
80 102
80 134
81 5
81 23
81 50
81 70
81 83
81 93
81 100
81 107
82 1
82 89
82 110
82 120
83 21
83 48
83 85
83 124
84 18
84 69
84 85
85 2
85 106
85 111
86 19
86 37
86 43
86 53
86 61
86 70
86 113
87 14
87 35
87 36
87 50
87 102
87 109
88 38
88 48
88 96
88 148
89 5
89 66
89 145
90 35
90 82
91 20
91 41
91 77
92 46
93 70
93 78
93 106
93 134
94 2
94 5
94 75
95 2
95 20
95 64
96 29
96 40
96 64
96 109
96 135
97 17
97 19
97 30
97 32
97 63
97 99
97 104
97 113
97 117
97 145
98 28
98 65
98 109
98 116
98 130
99 10
99 15
99 68
99 110
99 133
99 148
100 105
100 139
101 4
101 33
101 50
101 88
101 90
102 24
102 32
102 45
102 116
102 138
103 42
103 67
103 69
103 81
103 86
103 105
103 112
103 140
104 4
104 14
104 15
104 48
104 101
105 3
105 90
105 101
105 133
106 39
106 109
106 120
106 125
107 28
107 36
107 111
107 134
108 36
108 62
108 90
108 103
109 1
109 11
109 18
109 25
109 40
109 67
109 116
110 107
110 108
110 139
111 37
111 43
111 81
111 95
111 116
111 150
112 14
112 37
112 39
112 94
112 128
112 132
113 58
113 77
113 96
114 5
114 36
114 61
114 85
114 122
114 136
115 1
115 3
115 52
115 56
116 40
116 135
117 17
117 43
117 70
117 91
118 18
118 26
118 30
118 89
118 110
118 122
118 137
119 17
119 39
119 43
119 92
119 141
120 34
120 49
120 101
120 110
120 148
121 2
121 53
121 71
121 75
121 98
121 150
122 6
122 26
122 36
122 44
122 56
122 73
122 82
122 109
123 61
123 65
123 87
123 141
123 144
124 4
124 23
124 47
124 86
124 108
124 123
124 137
125 24
125 37
125 71
125 77
125 112
126 44
126 53
126 92
126 95
126 124
126 127
127 117
128 37
128 80
128 93
128 101
128 103
128 108
128 139
128 147
129 53
129 63
129 87
129 88
129 112
129 116
129 123
129 146
130 52
130 87
130 92
131 35
131 39
131 67
131 68
131 81
131 87
131 144
132 52
132 69
132 82
132 94
133 1
133 60
133 103
133 110
133 123
134 22
134 42
134 69
134 102
134 139
134 150
135 70
135 113
136 66
136 99
137 6
137 41
137 57
137 63
137 101
137 138
138 8
138 39
138 93
138 136
139 5
139 135
140 56
140 112
140 123
141 21
141 74
141 84
142 49
142 53
142 57
142 96
142 118
142 133
143 14
143 61
143 69
143 77
143 97
143 101
143 107
144 113
144 141
145 13
145 15
145 19
145 42
145 66
146 74
147 14
147 52
148 71
148 73
148 74
148 80
148 149
149 65
149 99
149 100
150 4
150 33
150 42
150 94

