250 250
1 9 4 1 1 3 13 2 9 3 1 1 1 1 5 3 4 12 1 1 1 8 1 14 3 1906591910 1 9 2 1 5 1 1 1 3 5 19 1 8 2 9 1703584960 1 2 1 4 2 1 16 16 1 1 1 3 14 2 6 3 2886333549 5 1 2 1 1 3 10 1 1 1 1379744392 1209635108 1746406547 8 3 8 2 1336684239 1 3 3 1 3 1 3 1 1010239352 6 6 4 1 7 2 3 1 10 1 13 1 21 1 3 5 3295852247 1 3623560849 1 1 1 1 16 1 1 25 5 3 3 2 1 7 1 12 1 2569870396 1 6 1 9 8 1 6 1 1 4 4 4 4 1 1 1954181528 1441855476 2965545973 4034400877 4 10 9 1 507418906 3 5 1 4 1 18 2732600445 12 6 7 7 732840567 3 1 8 1 1 2 3 3 4 11 2434895850 4 7 1 1 3482401028 505725275 2 3 1 1 2 2923428272 1 2855309323 4 1 5 2 3 1 3051440015 1 1 3 1 1 1 1 1011562392 2 1 22 3 1 1 254021996 1 8 3245120738 1 9 4 1 2 9 4 2 3 318033763 9 4063896506 1 1 3 3 2 7 9 3679681956 6 1 1 1 10 1 1 508902163 1871754000 13 6 9 6 1 1 1 10 6 1245725566 4 1 
1 107
1 234
2 41
3 7
3 88
4 216
6 225
7 95
7 128
7 188
8 149
9 215
10 119
10 122
11 160
13 189
13 230
14 246
15 245
16 66
17 225
18 240
20 38
21 102
22 80
22 217
24 47
24 61
28 31
28 44
28 177
29 210
30 46
31 162
32 35
32 74
32 91
36 18
36 239
37 94
37 153
39 7
39 99
39 215
40 222
41 136
41 165
43 11
44 180
45 27
46 220
47 155
49 132
50 55
50 97
50 224
51 155
54 89
55 78
56 92
56 160
56 230
57 22
57 73
58 50
62 52
62 121
65 60
66 25
66 64
66 79
66 101
67 64
67 207
69 31
73 37
73 118
73 128
75 116
75 124
76 7
76 152
78 90
79 33
80 3
83 113
84 113
85 241
87 230
89 228
90 85
93 28
94 25
95 82
95 99
95 161
96 193
97 44
97 222
97 226
99 125
99 135
99 228
100 134
101 110
102 60
102 157
106 65
107 35
108 156
109 29
110 84
110 88
110 111
110 130
112 58
112 81
113 15
113 49
113 234
114 40
114 195
114 208
117 185
118 55
119 98
119 202
120 12
121 104
121 164
121 187
125 16
126 244
127 19
127 49
127 92
127 158
129 75
130 9
131 128
132 87
133 116
133 241
134 153
135 53
137 148
138 24
143 91
143 208
144 23
144 130
144 246
145 156
145 203
148 5
148 57
149 37
149 231
150 74
151 95
153 36
153 161
153 192
155 24
156 119
157 54
157 125
158 65
158 247
162 236
163 83
164 151
165 15
166 6
166 195
167 50
167 155
168 115
168 116
169 5
169 145
169 185
172 18
173 65
174 153
177 153
177 189
178 212
179 58
181 202
183 152
183 196
183 203
186 91
187 48
187 95
188 12
190 115
192 37
194 211
194 242
197 144
198 109
200 218
200 240
201 177
202 18
202 32
202 68
202 178
204 171
205 172
208 224
211 32
211 195
213 8
214 63
214 93
214 218
215 2
216 225
217 99
217 181
220 2
220 55
223 87
225 117
225 169
226 172
227 17
227 88
227 242
228 212
231 146
232 82
233 34
234 60
239 38
239 44
240 136
240 234
241 249
242 235
243 239
246 50
246 162
247 97
247 171
249 9
250 49

