250 5000
895 76 1607 820 576 1033 994 532 825 791 578 135 1280 626 2171 578 481 124 1531 688 1025 1646 597 235 496 1281 368 468 1792 1028 321 70 994 1899 1250 493 773 480 875 727 1731 981 911 2069 32 835 81 1253 214 118 568 228 883 193 1168 757 1097 1267 51 390 1763 373 842 395 2121 736 1653 426 26 1118 1549 370 1259 1159 875 590 1806 407 265 605 233 864 1802 931 759 396 1587 986 1061 81 1408 1747 690 884 103 439 900 735 441 1215 591 562 1337 734 79 1627 1704 1224 384 423 1310 1585 1002 73 1336 445 225 445 1548 398 1708 23 1103 1787 1119 638 950 2079 1094 425 828 209 1519 49 508 610 349 603 16 471 84 1402 196 143 167 1708 1301 1547 107 623 1279 1560 264 557 817 481 1203 638 1007 846 67 363 747 1430 1224 269 289 1266 1470 375 384 1355 1825 142 1762 130 1034 1424 1235 1355 1671 324 82 1214 746 2058 943 43 612 1024 182 890 278 1536 1347 1485 1030 185 1404 72 1156 444 938 1330 894 1576 986 683 1335 362 1226 415 1469 1079 1042 3 717 764 246 959 1048 246 48 309 1077 545 545 540 722 892 670 1219 513 1444 1931 1208 53 1236 1589 1504 249 481 911 827 738 203 1561 1522 2406 1605 
1 7
1 15
1 17
1 25
1 27
1 102
1 118
1 125
1 132
1 142
1 160
1 165
1 173
1 177
1 184
1 196
1 212
1 219
1 224
1 231
1 233
1 236
1 239
2 6
2 40
2 47
2 122
2 124
2 126
2 136
2 148
2 166
2 195
2 211
2 237
2 247
3 21
3 53
3 70
3 74
3 75
3 91
3 93
3 101
3 103
3 128
3 130
3 138
3 139
3 142
3 161
3 165
3 173
3 180
3 240
3 244
4 8
4 9
4 12
4 25
4 30
4 32
4 66
4 108
4 110
4 121
4 127
4 134
4 143
4 164
4 173
4 175
4 179
4 199
4 225
4 236
4 237
4 238
4 243
4 248
5 1
5 16
5 25
5 34
5 41
5 65
5 108
5 118
5 129
5 152
5 167
5 176
5 203
5 210
5 223
6 23
6 29
6 40
6 63
6 76
6 80
6 108
6 113
6 115
6 122
6 124
6 137
6 139
6 163
6 189
6 203
6 233
6 234
6 235
6 245
7 19
7 24
7 32
7 46
7 50
7 51
7 53
7 69
7 72
7 73
7 76
7 91
7 96
7 143
7 158
7 162
7 170
7 179
7 181
7 188
7 199
7 206
7 215
7 235
7 249
8 1
8 12
8 29
8 48
8 64
8 79
8 109
8 113
8 115
8 127
8 175
8 177
8 189
8 194
8 212
8 213
8 214
8 234
8 247
9 2
9 14
9 61
9 106
9 117
9 120
9 142
9 145
9 180
9 199
9 201
9 227
9 233
9 243
9 245
10 1
10 25
10 65
10 77
10 79
10 81
10 84
10 108
10 110
10 112
10 135
10 172
10 193
10 210
10 211
10 250
11 5
11 6
11 44
11 49
11 57
11 61
11 73
11 78
11 94
11 99
11 101
11 128
11 138
11 188
11 192
11 205
11 215
12 7
12 58
12 63
12 66
12 67
12 94
12 95
12 104
12 119
12 148
12 191
12 209
12 220
12 227
12 235
12 239
12 249
13 2
13 29
13 34
13 45
13 56
13 58
13 74
13 93
13 104
13 131
13 132
13 139
13 151
13 154
13 183
13 199
13 204
13 214
13 216
13 225
13 228
13 238
13 248
14 2
14 10
14 17
14 18
14 39
14 63
14 85
14 88
14 94
14 106
14 108
14 125
14 134
14 146
14 148
14 155
14 157
14 188
14 214
14 236
14 237
14 238
14 245
15 2
15 17
15 46
15 48
15 60
15 62
15 78
15 81
15 83
15 87
15 92
15 104
15 113
15 135
15 136
15 139
15 142
15 152
15 158
15 171
15 173
15 180
15 204
15 209
15 232
16 6
16 17
16 26
16 28
16 31
16 38
16 41
16 79
16 86
16 100
16 102
16 103
16 115
16 185
16 189
16 205
16 212
16 213
16 220
16 228
16 233
16 248
16 249
17 2
17 27
17 28
17 101
17 104
17 148
17 160
17 168
17 175
17 181
17 182
17 185
17 190
17 247
18 22
18 38
18 52
18 91
18 111
18 177
18 178
18 202
18 204
18 230
18 239
19 15
19 17
19 18
19 22
19 24
19 29
19 34
19 40
19 45
19 47
19 66
19 69
19 73
19 86
19 87
19 106
19 113
19 124
19 135
19 147
19 150
19 156
19 173
19 186
19 194
19 216
19 221
19 224
19 228
19 241
19 250
20 2
20 13
20 35
20 66
20 80
20 93
20 104
20 118
20 128
20 141
20 192
20 221
20 244
20 247
21 16
21 43
21 48
21 58
21 63
21 69
21 74
21 92
21 104
21 105
21 142
21 166
21 191
21 247
21 249
21 250
22 3
22 8
22 15
22 26
22 45
22 46
22 53
22 58
22 60
22 61
22 106
22 111
22 120
22 152
22 162
22 172
22 192
22 199
22 212
22 215
22 239
23 38
23 47
23 53
23 65
23 76
23 90
23 95
23 128
23 133
23 166
23 214
23 242
23 250
24 6
24 10
24 22
24 37
24 60
24 73
24 92
24 94
24 102
24 117
24 133
24 176
24 184
24 190
24 205
24 221
24 239
24 241
24 244
25 7
25 13
25 18
25 20
25 55
25 59
25 117
25 127
25 151
25 153
25 166
25 168
25 170
25 176
25 184
25 187
25 195
25 200
25 225
25 229
25 237
26 19
26 23
26 37
26 46
26 70
26 76
26 87
26 109
26 110
26 119
26 146
26 180
26 185
26 201
26 206
26 221
26 227
26 238
26 240
26 244
27 5
27 11
27 15
27 34
27 70
27 71
27 112
27 123
27 130
27 131
27 132
27 134
27 137
27 149
27 152
27 178
27 181
27 191
27 242
28 5
28 10
28 21
28 45
28 59
28 61
28 78
28 111
28 112
28 159
28 166
28 187
28 250
29 9
29 10
29 17
29 67
29 75
29 76
29 78
29 81
29 104
29 105
29 114
29 142
29 145
29 157
29 168
29 172
29 185
29 188
29 193
29 198
29 204
29 226
29 234
30 9
30 11
30 20
30 48
30 58
30 86
30 101
30 109
30 112
30 128
30 160
30 195
30 197
30 217
30 218
30 225
30 233
30 238
30 240
30 241
30 242
31 45
31 49
31 50
31 51
31 57
31 72
31 73
31 76
31 99
31 111
31 126
31 138
31 140
31 169
31 186
31 191
31 194
31 200
31 202
31 206
31 227
31 239
31 241
31 243
31 246
32 18
32 22
32 62
32 75
32 83
32 87
32 111
32 126
32 148
32 152
32 153
32 156
32 197
32 222
32 233
33 25
33 40
33 53
33 67
33 73
33 74
33 82
33 98
33 101
33 105
33 114
33 115
33 145
33 155
33 197
33 205
33 239
34 3
34 12
34 15
34 31
34 35
34 42
34 47
34 56
34 77
34 81
34 92
34 98
34 136
34 153
34 173
34 178
34 184
34 187
34 194
34 203
34 214
34 232
34 244
34 247
35 7
35 22
35 39
35 44
35 50
35 75
35 84
35 88
35 98
35 99
35 106
35 113
35 128
35 151
35 160
35 167
35 175
35 200
35 225
35 228
35 237
35 238
36 56
36 88
36 117
36 123
36 131
36 135
36 144
36 147
36 192
36 250
37 3
37 4
37 7
37 10
37 62
37 81
37 82
37 118
37 168
37 173
37 185
37 211
37 212
37 241
38 3
38 8
38 27
38 35
38 39
38 44
38 53
38 68
38 69
38 80
38 118
38 120
38 130
38 148
38 151
38 169
38 180
38 212
38 219
38 243
38 247
38 249
39 10
39 15
39 17
39 21
39 22
39 28
39 30
39 44
39 56
39 63
39 81
39 92
39 130
39 142
39 146
39 172
39 179
39 189
39 190
39 203
39 227
39 231
39 235
39 236
39 244
39 247
40 1
40 20
40 23
40 27
40 34
40 105
40 110
40 139
40 140
40 175
40 190
40 193
40 199
40 215
40 221
40 230
40 240
41 9
41 25
41 32
41 56
41 69
41 74
41 84
41 99
41 104
41 145
41 173
41 189
41 202
41 206
41 209
41 211
41 212
41 213
41 216
41 228
42 6
42 20
42 33
42 43
42 53
42 61
42 70
42 72
42 102
42 103
42 106
42 122
42 124
42 131
42 148
42 158
42 165
42 170
42 184
42 187
42 196
42 200
42 206
42 214
42 225
42 236
42 241
42 246
42 248
42 250
43 5
43 12
43 14
43 23
43 28
43 48
43 68
43 72
43 75
43 77
43 79
43 114
43 126
43 145
43 157
43 202
43 205
43 206
43 215
43 228
44 4
44 19
44 36
44 42
44 58
44 60
44 65
44 94
44 107
44 113
44 124
44 126
44 128
44 129
44 130
44 146
44 150
44 152
44 173
44 174
44 178
44 209
44 224
44 228
44 231
44 233
44 245
45 8
45 9
45 32
45 36
45 41
45 75
45 79
45 81
45 88
45 100
45 102
45 113
45 127
45 129
45 131
45 141
45 161
45 163
45 164
45 195
45 201
45 232
45 242
45 243
46 13
46 18
46 23
46 41
46 61
46 65
46 96
46 97
46 102
46 109
46 112
46 124
46 125
46 126
46 144
46 172
46 175
46 183
46 189
46 192
46 195
46 196
47 17
47 22
47 26
47 30
47 55
47 58
47 63
47 86
47 119
47 133
47 158
47 162
47 172
47 175
47 178
47 183
47 191
47 230
47 246
47 249
48 70
48 127
48 131
48 142
48 143
48 147
48 154
48 158
48 167
48 177
48 198
48 201
48 205
48 206
48 236
49 7
49 10
49 15
49 22
49 39
49 44
49 50
49 61
49 68
49 121
49 126
49 140
49 154
49 168
49 171
49 172
49 203
49 205
49 214
49 240
49 248
50 6
50 22
50 23
50 29
50 54
50 59
50 72
50 93
50 111
50 121
50 123
50 124
50 128
50 144
50 145
50 192
50 197
50 218
50 221
51 23
51 73
51 84
51 95
51 113
51 114
51 165
51 167
51 196
51 200
51 201
51 210
51 228
52 17
52 27
52 31
52 36
52 39
52 40
52 43
52 114
52 167
52 192
52 197
52 199
52 205
52 221
52 224
52 235
53 11
53 21
53 24
53 26
53 41
53 66
53 96
53 114
53 121
53 147
53 157
53 162
53 168
53 172
53 231
53 246
54 1
54 5
54 11
54 28
54 40
54 46
54 55
54 57
54 63
54 76
54 85
54 89
54 106
54 117
54 128
54 130
54 142
54 182
54 185
54 187
54 188
55 13
55 18
55 24
55 31
55 39
55 52
55 59
55 71
55 73
55 74
55 78
55 107
55 123
55 154
55 174
55 199
55 204
55 210
55 220
55 229
55 234
55 240
55 246
55 248
55 249
56 7
56 44
56 57
56 63
56 87
56 91
56 97
56 104
56 107
56 110
56 129
56 132
56 133
56 170
56 172
56 173
56 200
56 206
56 216
56 219
56 223
57 1
57 21
57 60
57 75
57 96
57 100
57 108
57 110
57 111
57 115
57 118
57 119
57 140
57 157
57 184
57 188
57 216
57 226
57 235
57 236
57 250
58 2
58 17
58 20
58 37
58 46
58 61
58 62
58 65
58 68
58 76
58 79
58 82
58 112
58 118
58 142
58 143
58 173
58 176
58 178
58 181
58 188
58 210
58 245
58 247
59 20
59 24
59 30
59 34
59 37
59 44
59 53
59 56
59 83
59 87
59 92
59 97
59 117
59 120
59 132
59 138
59 143
59 148
59 156
59 166
59 205
59 207
59 210
59 220
59 227
59 228
59 247
60 3
60 4
60 41
60 47
60 54
60 69
60 76
60 87
60 122
60 171
60 184
60 194
60 204
60 215
60 220
60 231
60 248
61 18
61 21
61 41
61 69
61 76
61 95
61 99
61 101
61 110
61 123
61 149
61 154
61 155
61 159
61 161
61 167
61 171
61 182
61 191
61 195
61 224
61 236
62 1
62 25
62 39
62 40
62 54
62 86
62 125
62 128
62 133
62 144
62 145
62 209
62 212
62 215
62 237
62 241
63 3
63 9
63 24
63 28
63 48
63 65
63 66
63 69
63 70
63 95
63 118
63 132
63 135
63 143
63 146
63 150
63 173
63 184
63 196
63 227
63 248
64 2
64 16
64 19
64 20
64 22
64 34
64 48
64 69
64 71
64 82
64 84
64 101
64 126
64 134
64 146
64 147
64 159
64 165
64 196
64 250
65 11
65 33
65 39
65 40
65 47
65 76
65 78
65 86
65 89
65 103
65 111
65 119
65 120
65 123
65 134
65 148
65 153
65 155
65 157
65 162
65 173
65 185
65 199
65 216
65 222
65 226
65 230
65 234
66 2
66 26
66 103
66 114
66 121
66 126
66 131
66 143
66 168
66 179
66 184
66 186
66 194
66 217
66 239
67 2
67 25
67 26
67 44
67 63
67 78
67 81
67 83
67 87
67 88
67 113
67 125
67 131
67 134
67 140
67 148
67 150
67 156
67 171
67 182
67 184
67 217
67 225
68 2
68 14
68 31
68 60
68 65
68 121
68 131
68 138
68 146
68 154
68 165
68 180
68 202
68 203
68 205
68 219
68 227
68 229
68 234
68 235
68 249
69 3
69 18
69 24
69 25
69 35
69 49
69 56
69 66
69 83
69 96
69 110
69 119
69 143
69 168
69 175
69 184
69 189
69 197
69 223
69 230
69 238
69 239
70 10
70 15
70 21
70 37
70 51
70 57
70 68
70 71
70 76
70 94
70 103
70 111
70 112
70 114
70 124
70 139
70 147
70 176
70 184
70 200
70 218
70 224
70 232
70 235
70 236
71 33
71 56
71 69
71 76
71 89
71 94
71 98
71 99
71 107
71 112
71 115
71 120
71 155
71 207
71 213
71 227
71 240
72 3
72 6
72 19
72 46
72 60
72 63
72 81
72 99
72 107
72 126
72 136
72 163
72 190
72 196
72 207
72 216
72 231
72 244
73 21
73 25
73 39
73 46
73 52
73 56
73 58
73 63
73 71
73 85
73 88
73 123
73 126
73 153
73 173
73 175
73 214
73 246
74 5
74 19
74 22
74 38
74 42
74 49
74 64
74 76
74 77
74 99
74 100
74 124
74 145
74 148
74 151
74 158
74 160
74 165
74 170
74 176
74 189
74 196
74 199
74 213
74 232
74 238
74 245
75 18
75 122
75 123
75 127
75 128
75 132
75 146
75 162
75 220
75 223
75 237
76 44
76 57
76 83
76 87
76 89
76 96
76 128
76 129
76 175
76 188
77 6
77 15
77 17
77 37
77 38
77 39
77 42
77 70
77 83
77 93
77 113
77 133
77 137
77 138
77 140
77 142
77 148
77 153
77 156
77 162
77 169
77 187
77 195
77 209
77 222
77 248
78 37
78 68
78 80
78 87
78 97
78 99
78 103
78 111
78 114
78 121
78 124
78 127
78 138
78 142
78 150
78 155
78 162
78 166
78 168
78 171
78 178
78 181
78 202
78 208
78 238
78 243
78 250
79 29
79 48
79 62
79 67
79 81
79 89
79 114
79 132
79 133
79 143
79 156
79 180
79 182
79 188
79 191
79 202
79 216
79 220
79 223
79 232
80 3
80 5
80 27
80 28
80 50
80 54
80 116
80 124
80 127
80 138
80 140
80 163
80 187
80 208
81 7
81 46
81 80
81 86
81 92
81 118
81 178
81 180
81 181
81 193
81 199
81 212
81 232
82 4
82 10
82 26
82 28
82 43
82 45
82 66
82 67
82 84
82 95
82 132
82 141
82 179
82 193
82 242
83 7
83 10
83 29
83 31
83 44
83 53
83 62
83 79
83 82
83 110
83 113
83 124
83 126
83 144
83 159
83 163
83 164
83 186
83 199
83 219
84 4
84 27
84 40
84 52
84 61
84 69
84 77
84 81
84 118
84 135
84 139
84 150
84 178
84 185
84 202
84 232
84 244
85 12
85 25
85 34
85 60
85 72
85 84
85 90
85 114
85 168
85 186
85 196
85 197
85 201
85 214
85 216
85 220
85 222
85 230
86 1
86 10
86 17
86 29
86 33
86 46
86 57
86 99
86 100
86 101
86 120
86 123
86 125
86 126
86 129
86 136
86 143
86 148
86 180
86 182
86 213
86 230
86 233
87 8
87 13
87 25
87 29
87 33
87 65
87 77
87 80
87 83
87 114
87 134
87 160
87 163
87 179
87 195
87 196
87 212
87 213
87 219
87 223
87 224
87 243
88 1
88 48
88 58
88 60
88 61
88 71
88 81
88 90
88 135
88 160
88 162
88 182
88 190
88 195
88 208
88 209
88 224
88 242
89 3
89 23
89 43
89 52
89 63
89 68
89 73
89 74
89 96
89 107
89 128
89 167
89 171
89 185
89 188
89 193
89 212
89 214
89 228
89 236
89 242
90 6
90 16
90 39
90 42
90 47
90 69
90 74
90 100
90 101
90 129
90 132
90 146
90 149
90 156
90 163
90 166
90 168
90 189
90 196
90 198
90 208
90 217
91 11
91 20
91 28
91 49
91 57
91 80
91 99
91 100
91 101
91 129
91 132
91 133
91 198
91 202
91 203
92 3
92 18
92 19
92 26
92 28
92 38
92 75
92 77
92 78
92 82
92 97
92 117
92 118
92 146
92 154
92 159
92 162
92 174
92 182
92 191
92 192
92 194
92 209
92 220
92 237
93 22
93 38
93 44
93 51
93 69
93 73
93 106
93 117
93 161
93 163
93 183
93 223
93 248
94 1
94 57
94 63
94 80
94 92
94 185
94 186
94 210
94 240
94 249
95 4
95 25
95 33
95 34
95 36
95 41
95 64
95 83
95 84
95 101
95 103
95 129
95 133
95 136
95 146
95 164
95 182
95 185
95 186
95 203
95 216
95 217
95 231
95 235
96 84
96 92
96 104
96 114
96 132
96 141
96 151
96 199
96 203
96 206
96 210
96 224
96 235
97 5
97 24
97 34
97 41
97 45
97 68
97 69
97 77
97 83
97 103
97 111
97 128
97 155
97 158
97 174
97 176
97 180
97 181
97 210
97 212
97 214
97 250
98 22
98 48
98 55
98 56
98 109
98 114
98 118
98 137
98 147
98 168
98 183
98 196
98 209
98 212
98 231
98 237
98 250
99 3
99 9
99 12
99 13
99 15
99 19
99 32
99 46
99 87
99 106
99 145
99 187
99 204
99 213
99 215
99 222
99 245
100 7
100 9
100 30
100 58
100 64
100 73
100 75
100 84
100 87
100 92
100 95
100 118
100 134
100 135
100 136
100 143
100 164
100 166
100 169
100 179
100 191
100 205
100 211
100 248
101 5
101 7
101 8
101 29
101 40
101 44
101 55
101 77
101 80
101 81
101 82
101 108
101 113
101 123
101 168
101 171
101 175
101 177
101 187
101 207
101 223
101 225
101 231
102 7
102 44
102 60
102 62
102 91
102 115
102 118
102 124
102 125
102 132
102 138
102 140
102 142
102 166
102 172
102 174
102 175
102 178
102 204
103 19
103 20
103 32
103 48
103 61
103 67
103 75
103 80
103 91
103 102
103 119
103 121
103 122
103 130
103 142
103 157
103 158
103 173
103 174
103 176
103 192
103 203
103 207
103 243
103 249
104 34
104 67
104 72
104 125
104 134
104 174
104 195
104 202
104 213
104 224
104 226
104 232
105 31
105 43
105 56
105 59
105 69
105 73
105 77
105 83
105 94
105 103
105 109
105 146
105 168
105 204
105 213
105 217
105 233
105 239
105 240
106 1
106 38
106 46
106 57
106 65
106 68
106 81
106 90
106 92
106 107
106 115
106 154
106 160
106 169
106 172
106 173
106 188
106 196
106 203
106 215
106 217
106 219
106 233
106 235
106 242
107 3
107 15
107 21
107 39
107 59
107 68
107 70
107 77
107 91
107 98
107 109
107 122
107 137
107 139
107 143
107 149
107 161
107 172
107 177
107 179
107 201
107 202
107 213
107 225
107 236
107 249
108 31
108 42
108 45
108 51
108 56
108 76
108 95
108 99
108 121
108 122
108 126
108 128
108 135
108 136
108 138
108 141
108 146
108 149
108 154
108 158
108 159
108 160
108 162
108 185
108 189
108 195
108 201
108 215
108 218
108 247
109 9
109 17
109 20
109 22
109 39
109 44
109 61
109 71
109 81
109 88
109 99
109 132
109 143
109 154
109 181
109 185
109 205
109 223
109 234
109 236
110 34
110 46
110 50
110 54
110 58
110 68
110 80
110 96
110 102
110 103
110 114
110 121
110 133
110 135
110 139
110 148
110 169
110 181
110 190
110 236
110 242
111 19
111 45
111 55
111 75
111 92
111 94
111 101
111 105
111 112
111 115
111 119
111 122
111 125
111 126
111 128
111 146
111 161
111 167
111 177
111 194
111 218
111 220
111 222
111 225
112 11
112 44
112 57
112 60
112 61
112 62
112 84
112 123
112 135
112 144
112 158
112 159
112 163
112 185
112 193
112 210
112 216
112 219
112 250
113 52
113 63
113 78
113 91
113 104
113 108
113 119
113 131
113 134
113 135
113 141
113 151
113 156
113 162
113 178
113 197
113 204
113 210
113 214
113 231
113 236
113 243
114 20
114 34
114 46
114 47
114 88
114 92
114 99
114 125
114 128
114 139
114 142
114 144
114 155
114 175
114 176
114 183
114 193
114 212
114 239
114 249
115 15
115 19
115 21
115 37
115 43
115 46
115 47
115 53
115 60
115 82
115 119
115 131
115 160
115 168
115 174
115 193
115 204
115 219
115 223
115 243
115 248
116 22
116 38
116 40
116 52
116 57
116 59
116 69
116 83
116 133
116 156
116 185
116 214
116 236
116 247
117 17
117 26
117 41
117 48
117 77
117 88
117 99
117 107
117 108
117 112
117 120
117 122
117 134
117 143
117 144
117 149
117 157
117 162
117 163
117 210
117 224
117 228
117 229
118 7
118 18
118 26
118 36
118 78
118 82
118 96
118 104
118 126
118 146
118 152
118 160
118 161
118 170
118 174
118 175
118 177
118 201
118 202
118 206
118 229
118 249
119 10
119 11
119 22
119 56
119 64
119 68
119 73
119 74
119 96
119 107
119 112
119 117
119 123
119 132
119 139
119 152
119 153
119 210
119 215
119 222
119 223
119 226
120 7
120 8
120 29
120 48
120 75
120 80
120 92
120 94
120 98
120 101
120 113
120 137
120 141
120 157
120 166
120 168
120 239
120 247
121 12
121 17
121 36
121 45
121 47
121 55
121 56
121 61
121 107
121 109
121 126
121 128
121 133
121 134
121 137
121 148
121 178
121 185
121 189
121 194
121 195
121 198
121 205
121 210
121 213
121 217
121 226
121 238
122 1
122 14
122 17
122 64
122 69
122 84
122 94
122 100
122 149
122 204
122 208
122 245
122 248
123 15
123 33
123 47
123 51
123 71
123 77
123 83
123 95
123 97
123 102
123 128
123 133
123 164
123 168
123 193
123 197
123 222
123 223
123 237
123 248
124 10
124 17
124 35
124 53
124 90
124 103
124 112
124 113
124 114
124 119
124 130
124 139
124 144
124 182
124 186
124 188
124 211
124 215
124 245
124 249
125 52
125 57
125 69
125 99
125 133
125 134
125 143
125 145
125 154
125 161
125 162
125 166
125 182
125 183
125 187
125 192
125 203
125 204
125 207
125 218
125 228
125 235
126 1
126 10
126 21
126 34
126 36
126 65
126 77
126 116
126 124
126 127
126 138
126 203
126 215
126 227
126 243
127 14
127 20
127 65
127 92
127 112
127 116
127 144
127 149
127 166
127 167
127 169
127 175
127 183
127 195
127 198
127 204
127 223
127 224
128 22
128 45
128 47
128 59
128 60
128 66
128 69
128 88
128 94
128 109
128 138
128 160
128 164
128 165
128 172
128 184
128 189
128 250
129 6
129 25
129 50
129 61
129 67
129 74
129 89
129 97
129 119
129 134
129 153
129 165
129 187
129 199
129 207
129 216
129 221
129 229
129 240
130 6
130 23
130 33
130 53
130 72
130 97
130 120
130 133
130 157
130 159
130 169
130 176
130 183
130 207
130 215
130 218
130 229
130 245
130 246
131 9
131 23
131 30
131 37
131 53
131 77
131 82
131 118
131 141
131 175
131 190
131 199
131 211
131 217
131 238
131 248
132 2
132 19
132 34
132 35
132 40
132 50
132 87
132 97
132 115
132 124
132 131
132 133
132 143
132 155
132 160
132 164
132 171
132 183
132 192
132 203
132 228
133 37
133 53
133 54
133 55
133 67
133 78
133 83
133 88
133 126
133 149
133 157
133 162
133 169
133 194
133 241
133 242
134 3
134 20
134 36
134 39
134 52
134 59
134 77
134 85
134 138
134 144
134 156
134 166
134 187
134 196
134 214
134 216
134 221
134 243
135 45
135 65
135 68
135 73
135 104
135 107
135 115
135 118
135 132
135 151
135 156
135 158
135 178
135 180
135 190
135 245
136 9
136 11
136 28
136 31
136 39
136 59
136 71
136 76
136 80
136 134
136 153
136 158
136 211
136 216
136 223
136 227
136 230
137 2
137 14
137 15
137 23
137 41
137 54
137 61
137 90
137 94
137 100
137 108
137 116
137 131
137 133
137 166
137 173
137 224
137 233
137 239
138 2
138 19
138 23
138 24
138 25
138 27
138 33
138 50
138 53
138 63
138 69
138 85
138 88
138 91
138 101
138 146
138 155
138 176
138 177
138 199
138 213
138 216
138 219
138 244
139 32
139 42
139 49
139 54
139 55
139 58
139 59
139 78
139 93
139 140
139 152
139 172
139 188
139 220
139 224
139 248
139 250
140 12
140 19
140 21
140 41
140 53
140 61
140 68
140 73
140 89
140 96
140 126
140 134
140 144
140 145
140 148
140 149
140 154
140 162
140 165
140 187
140 192
140 205
140 210
140 211
140 215
140 218
140 247
140 249
141 8
141 34
141 51
141 64
141 68
141 100
141 118
141 130
141 145
141 155
141 164
141 208
141 219
141 221
141 223
141 246
142 6
142 45
142 82
142 83
142 84
142 87
142 107
142 108
142 117
142 127
142 130
142 131
142 134
142 163
142 165
142 194
142 201
142 207
142 210
142 212
142 213
142 228
143 3
143 15
143 18
143 40
143 42
143 74
143 82
143 84
143 92
143 102
143 114
143 169
143 210
143 219
143 220
143 221
143 222
143 236
144 18
144 20
144 26
144 43
144 54
144 71
144 96
144 99
144 104
144 133
144 141
144 150
144 167
144 209
144 212
145 14
145 15
145 19
145 34
145 48
145 75
145 101
145 105
145 137
145 139
145 164
145 165
145 170
145 175
145 177
145 182
145 187
145 212
145 220
145 227
146 2
146 17
146 21
146 43
146 51
146 53
146 61
146 81
146 100
146 112
146 125
146 136
146 152
146 153
146 161
146 184
146 191
146 202
146 203
146 206
146 216
146 224
146 228
146 245
147 15
147 17
147 18
147 23
147 27
147 44
147 45
147 46
147 54
147 58
147 71
147 83
147 100
147 101
147 108
147 119
147 166
147 167
147 173
147 190
147 194
147 205
147 209
147 230
147 233
147 237
147 247
148 7
148 9
148 31
148 33
148 37
148 58
148 84
148 89
148 98
148 108
148 119
148 124
148 127
148 170
148 178
148 184
148 186
148 202
148 211
148 212
148 225
148 231
148 241
149 18
149 48
149 67
149 69
149 71
149 73
149 76
149 82
149 91
149 98
149 103
149 111
149 114
149 137
149 147
149 163
149 189
149 218
149 221
149 226
149 238
149 239
149 243
150 28
150 30
150 49
150 79
150 80
150 89
150 108
150 136
150 149
150 173
150 182
150 186
150 214
150 216
150 228
150 242
151 14
151 19
151 32
151 36
151 49
151 67
151 68
151 71
151 73
151 101
151 102
151 106
151 111
151 129
151 131
151 145
151 188
151 202
151 227
151 229
151 230
151 232
151 244
151 246
152 4
152 24
152 40
152 50
152 59
152 60
152 74
152 79
152 108
152 109
152 183
152 190
152 194
152 199
152 206
152 229
152 238
152 244
152 250
153 21
153 64
153 93
153 140
153 144
153 158
153 175
153 192
153 212
153 225
154 12
154 18
154 22
154 36
154 44
154 45
154 57
154 63
154 85
154 97
154 104
154 120
154 184
154 190
154 208
154 218
155 3
155 9
155 18
155 25
155 30
155 32
155 56
155 73
155 82
155 83
155 84
155 88
155 89
155 92
155 109
155 111
155 134
155 144
155 152
155 185
155 209
155 221
155 229
155 237
155 241
156 4
156 18
156 34
156 44
156 51
156 60
156 75
156 80
156 84
156 85
156 92
156 109
156 130
156 131
156 161
156 166
156 191
156 194
156 225
156 234
156 245
156 247
156 248
157 11
157 30
157 31
157 41
157 79
157 84
157 96
157 98
157 105
157 110
157 119
157 149
157 153
157 159
157 168
157 171
157 172
157 213
157 223
157 250
158 6
158 25
158 27
158 34
158 35
158 43
158 51
158 54
158 61
158 85
158 96
158 98
158 101
158 128
158 133
158 142
158 170
158 174
158 178
158 199
158 235
158 244
158 245
158 248
159 4
159 6
159 8
159 10
159 11
159 15
159 18
159 29
159 35
159 80
159 86
159 96
159 103
159 124
159 131
159 144
159 184
159 190
159 200
159 206
159 211
159 217
159 218
159 226
159 232
159 235
159 241
159 248
160 24
160 32
160 64
160 93
160 120
160 140
160 151
160 169
160 198
160 228
160 243
161 7
161 26
161 37
161 41
161 46
161 59
161 60
161 77
161 78
161 88
161 101
161 106
161 119
161 126
161 174
161 179
161 180
161 202
161 214
161 225
161 240
161 242
161 250
162 1
162 23
162 63
162 83
162 86
162 91
162 94
162 110
162 167
162 194
162 217
162 229
162 236
162 242
163 9
163 26
163 35
163 37
163 52
163 53
163 59
163 61
163 64
163 114
163 115
163 126
163 129
163 140
163 143
163 160
163 169
163 177
163 183
163 190
163 203
163 209
163 222
163 232
163 241
164 19
164 29
164 34
164 40
164 75
164 78
164 80
164 88
164 94
164 104
164 106
164 114
164 124
164 149
164 152
164 156
164 162
164 163
164 175
164 219
164 221
164 223
164 232
164 243
164 248
165 29
165 33
165 36
165 40
165 54
165 65
165 91
165 111
165 125
165 132
165 133
165 144
165 146
165 161
165 162
165 185
165 206
165 211
165 223
165 227
165 243
165 249
166 9
166 10
166 14
166 15
166 24
166 34
166 48
166 63
166 65
166 68
166 155
166 165
166 214
166 238
166 249
167 20
167 22
167 31
167 34
167 53
167 70
167 77
167 78
167 82
167 84
167 140
167 153
167 158
167 168
167 173
167 177
167 179
167 183
167 185
167 191
167 192
167 193
167 205
167 207
167 238
167 248
168 7
168 20
168 33
168 40
168 42
168 48
168 52
168 57
168 72
168 76
168 87
168 91
168 92
168 93
168 100
168 114
168 119
168 121
168 130
168 144
168 146
168 188
168 189
168 199
168 210
168 224
169 8
169 14
169 19
169 28
169 41
169 69
169 76
169 91
169 95
169 99
169 103
169 119
169 128
169 132
169 141
169 149
169 165
169 184
169 185
169 219
169 227
169 231
169 234
169 241
169 242
169 244
170 2
170 23
170 24
170 36
170 75
170 80
170 85
170 87
170 105
170 114
170 128
170 140
170 161
170 168
170 196
170 207
170 209
170 224
171 23
171 32
171 33
171 36
171 38
171 40
171 41
171 69
171 73
171 92
171 95
171 113
171 115
171 135
171 140
171 142
171 194
171 202
172 1
172 3
172 12
172 14
172 16
172 34
172 43
172 51
172 98
172 142
172 178
172 182
172 227
172 230
172 236
173 10
173 26
173 30
173 31
173 40
173 42
173 51
173 57
173 68
173 79
173 82
173 87
173 102
173 107
173 115
173 121
173 131
173 159
173 161
173 164
173 186
173 195
173 199
173 209
173 224
173 232
173 244
174 8
174 33
174 75
174 77
174 86
174 96
174 128
174 135
174 148
174 156
174 180
174 194
174 201
174 206
174 215
174 221
174 223
174 224
174 233
174 237
174 242
175 12
175 13
175 19
175 23
175 26
175 32
175 36
175 54
175 71
175 78
175 86
175 87
175 93
175 99
175 100
175 106
175 109
175 152
175 163
175 182
175 192
175 201
175 203
175 214
175 228
175 231
175 239
176 1
176 17
176 53
176 64
176 73
176 95
176 108
176 112
176 124
176 136
176 141
176 142
176 148
176 153
176 158
176 164
176 177
176 180
176 202
176 203
176 212
176 239
176 247
177 4
177 13
177 20
177 25
177 28
177 34
177 43
177 70
177 74
177 76
177 91
177 106
177 128
177 143
177 180
177 186
177 194
177 212
177 234
177 237
177 245
178 29
178 40
178 41
178 42
178 52
178 64
178 67
178 68
178 70
178 74
178 79
178 95
178 96
178 101
178 125
178 129
178 214
178 220
178 224
178 233
178 235
178 236
179 5
179 10
179 13
179 17
179 37
179 61
179 75
179 80
179 81
179 88
179 89
179 93
179 109
179 112
179 113
179 122
179 124
179 130
179 133
179 140
179 144
179 150
179 175
179 185
179 221
179 225
179 244
180 8
180 31
180 36
180 40
180 42
180 47
180 52
180 64
180 104
180 108
180 120
180 150
180 159
180 165
180 167
180 183
180 187
180 194
180 204
180 209
180 241
181 16
181 19
181 23
181 38
181 54
181 61
181 63
181 69
181 73
181 74
181 84
181 86
181 89
181 91
181 99
181 100
181 104
181 118
181 119
181 127
181 131
181 145
181 147
181 160
181 165
181 172
181 202
181 214
181 222
181 238
182 6
182 7
182 21
182 35
182 56
182 73
182 74
182 76
182 83
182 93
182 94
182 98
182 100
182 140
182 149
182 154
182 157
182 161
182 222
182 225
182 227
183 10
183 23
183 30
183 33
183 44
183 58
183 72
183 78
183 82
183 87
183 105
183 110
183 120
183 124
183 139
183 151
183 161
183 162
183 165
183 207
183 223
183 233
184 8
184 14
184 21
184 36
184 38
184 40
184 51
184 52
184 80
184 85
184 86
184 103
184 106
184 107
184 118
184 130
184 153
184 172
184 198
184 202
184 222
184 230
184 233
184 237
184 238
184 249
184 250
185 24
185 33
185 71
185 72
185 91
185 97
185 102
185 110
185 141
185 146
185 147
185 161
185 178
185 189
185 199
185 213
185 237
185 241
185 245
186 2
186 15
186 37
186 67
186 70
186 73
186 91
186 106
186 107
186 120
186 122
186 123
186 131
186 147
186 152
186 161
186 162
186 182
186 191
186 196
186 198
186 207
186 214
186 216
186 229
187 8
187 10
187 15
187 32
187 36
187 63
187 70
187 85
187 146
187 152
187 156
187 198
187 206
187 225
187 242
187 245
188 10
188 42
188 53
188 71
188 72
188 82
188 122
188 132
188 142
188 144
188 152
188 154
188 163
188 176
188 182
188 185
188 198
188 201
188 208
188 212
188 218
188 234
188 242
188 246
188 247
189 7
189 11
189 48
189 51
189 73
189 97
189 112
189 116
189 126
189 129
189 130
189 142
189 148
189 177
189 215
189 241
190 14
190 29
190 34
190 59
190 77
190 80
190 115
190 119
190 128
190 157
190 192
190 219
190 250
191 42
191 76
191 85
191 98
191 106
191 117
191 129
191 131
191 133
191 150
191 154
191 204
191 222
191 238
191 240
192 2
192 14
192 45
192 62
192 64
192 67
192 72
192 79
192 83
192 86
192 96
192 135
192 170
192 176
192 182
192 218
192 235
193 35
193 43
193 71
193 73
193 77
193 79
193 113
193 133
193 150
193 172
193 175
193 178
193 186
193 204
193 220
193 221
193 222
193 233
193 247
194 1
194 12
194 21
194 27
194 48
194 55
194 61
194 104
194 124
194 158
194 159
194 183
194 186
194 189
194 199
194 200
194 205
194 227
194 232
194 246
195 6
195 15
195 31
195 49
195 60
195 63
195 74
195 78
195 91
195 167
195 186
195 187
195 214
195 215
195 229
195 230
195 243
196 7
196 29
196 43
196 62
196 67
196 70
196 119
196 126
196 138
196 150
196 167
196 175
196 182
196 195
196 204
196 207
196 212
196 213
196 219
196 235
196 236
196 247
197 21
197 37
197 41
197 45
197 46
197 56
197 62
197 64
197 81
197 82
197 101
197 107
197 127
197 130
197 131
197 133
197 140
197 142
197 146
197 149
197 150
197 170
197 175
197 187
197 195
197 209
197 229
197 249
197 250
198 2
198 31
198 34
198 39
198 50
198 94
198 96
198 102
198 106
198 129
198 136
198 147
198 179
198 180
198 199
198 201
198 215
199 68
199 76
199 79
199 85
199 86
199 101
199 133
199 134
199 135
199 178
199 187
199 222
199 235
199 247
199 248
199 249
200 5
200 29
200 60
200 68
200 91
200 124
200 126
200 130
200 131
200 143
200 154
200 158
200 185
200 193
200 211
200 232
200 235
200 236
200 239
200 249
201 2
201 13
201 16
201 70
201 71
201 82
201 83
201 84
201 99
201 110
201 139
201 147
201 152
201 153
201 160
201 167
201 187
201 190
201 210
201 224
201 235
201 244
202 7
202 20
202 21
202 26
202 38
202 39
202 71
202 87
202 126
202 138
202 180
202 183
202 209
202 211
202 214
202 221
202 250
203 35
203 56
203 65
203 66
203 71
203 79
203 81
203 89
203 111
203 113
203 136
203 139
203 150
203 157
203 159
203 165
203 177
203 182
203 197
203 201
203 224
203 225
204 11
204 12
204 30
204 36
204 37
204 40
204 49
204 51
204 52
204 53
204 58
204 59
204 71
204 78
204 97
204 114
204 133
204 134
204 152
204 166
204 169
204 179
204 195
204 201
204 203
204 218
204 234
204 240
204 242
205 3
205 12
205 14
205 36
205 51
205 58
205 81
205 120
205 125
205 126
205 150
205 152
205 162
205 175
205 190
205 210
205 215
205 222
205 224
205 233
205 234
206 3
206 6
206 12
206 18
206 20
206 21
206 24
206 52
206 65
206 86
206 105
206 109
206 144
206 149
206 153
206 157
206 158
206 163
206 203
206 224
207 3
207 43
207 55
207 83
207 84
207 86
207 99
207 113
207 120
207 122
207 136
207 145
207 159
207 171
207 198
207 200
207 210
207 246
207 248
208 1
208 8
208 13
208 18
208 29
208 35
208 45
208 52
208 55
208 72
208 83
208 94
208 106
208 108
208 115
208 121
208 152
208 169
208 172
208 175
208 183
208 224
208 225
208 244
209 5
209 10
209 21
209 22
209 45
209 59
209 64
209 73
209 90
209 93
209 99
209 123
209 137
209 158
209 160
209 186
209 189
209 211
209 215
209 217
209 225
209 248
209 250
210 6
210 21
210 29
210 38
210 43
210 75
210 100
210 107
210 156
210 191
210 204
210 227
210 228
210 231
210 235
210 246
211 11
211 13
211 32
211 44
211 62
211 66
211 77
211 80
211 86
211 96
211 135
211 142
211 162
211 164
211 168
211 171
211 176
211 183
211 186
211 199
211 219
211 225
211 242
211 248
212 26
212 36
212 39
212 43
212 64
212 84
212 93
212 94
212 99
212 123
212 136
212 139
212 149
212 152
212 172
212 193
212 199
212 206
212 217
212 221
212 224
212 226
213 4
213 18
213 31
213 49
213 62
213 70
213 94
213 96
213 112
213 117
213 118
213 123
213 147
213 152
213 161
213 186
213 194
213 201
213 211
213 214
213 215
213 224
213 235
213 245
213 249
214 7
214 22
214 30
214 32
214 60
214 70
214 99
214 100
214 101
214 120
214 135
214 141
214 143
214 164
214 169
214 172
214 188
214 190
214 200
214 223
214 237
215 20
215 72
215 87
215 121
215 125
215 160
215 169
215 212
215 216
215 245
216 8
216 29
216 40
216 88
216 99
216 100
216 117
216 125
216 147
216 166
216 182
216 211
216 223
216 225
216 229
216 243
217 12
217 17
217 47
217 103
217 114
217 127
217 129
217 153
217 161
217 198
217 213
218 9
218 20
218 23
218 26
218 41
218 57
218 63
218 72
218 83
218 87
218 90
218 92
218 98
218 117
218 133
218 176
218 184
218 190
218 193
218 227
219 10
219 30
219 36
219 51
219 77
219 96
219 107
219 119
219 142
219 160
219 163
219 172
219 187
219 189
219 209
219 223
219 240
220 29
220 36
220 52
220 71
220 83
220 87
220 102
220 138
220 140
220 146
220 162
220 164
220 170
220 179
220 192
220 228
220 234
221 33
221 45
221 66
221 69
221 80
221 95
221 96
221 109
221 154
221 156
221 165
221 187
221 198
221 217
221 222
221 236
221 241
221 246
222 8
222 10
222 23
222 38
222 46
222 52
222 104
222 109
222 137
222 147
222 151
222 160
222 173
222 202
222 212
222 231
223 1
223 17
223 24
223 26
223 41
223 78
223 82
223 85
223 89
223 96
223 103
223 111
223 137
223 143
223 158
223 166
223 206
223 207
224 6
224 26
224 35
224 46
224 49
224 50
224 58
224 83
224 91
224 123
224 125
224 161
224 162
224 175
224 182
225 9
225 28
225 32
225 54
225 66
225 68
225 91
225 94
225 100
225 118
225 119
225 196
225 197
225 204
225 237
225 239
226 9
226 12
226 14
226 20
226 22
226 37
226 42
226 43
226 48
226 58
226 96
226 131
226 154
226 161
226 190
226 192
226 198
226 202
226 206
226 230
227 25
227 62
227 77
227 81
227 108
227 112
227 116
227 124
227 144
227 158
227 177
227 190
227 191
227 193
227 206
227 236
227 238
227 245
228 8
228 9
228 17
228 18
228 30
228 56
228 96
228 109
228 139
228 145
228 153
228 166
228 174
228 181
228 188
228 206
228 215
228 233
229 37
229 43
229 51
229 58
229 59
229 60
229 112
229 128
229 132
229 148
229 160
229 188
229 206
229 238
230 7
230 35
230 59
230 64
230 74
230 78
230 81
230 97
230 110
230 117
230 128
230 135
230 149
230 165
230 167
230 194
230 206
230 228
230 235
230 242
230 247
231 8
231 9
231 31
231 45
231 49
231 66
231 74
231 83
231 97
231 103
231 104
231 105
231 142
231 154
231 163
231 168
231 184
231 191
231 194
231 199
231 209
231 217
231 233
231 248
232 12
232 47
232 49
232 62
232 64
232 96
232 103
232 118
232 170
232 182
232 186
232 188
232 189
232 191
232 214
232 224
232 225
232 240
233 3
233 19
233 33
233 48
233 53
233 58
233 62
233 72
233 81
233 89
233 109
233 126
233 127
233 146
233 152
233 179
233 195
233 224
233 232
233 236
233 249
234 5
234 20
234 27
234 34
234 52
234 69
234 75
234 76
234 77
234 78
234 92
234 110
234 113
234 114
234 121
234 123
234 125
234 129
234 130
234 136
234 140
234 145
234 149
234 165
234 178
234 181
234 187
234 196
234 217
234 240
234 249
235 16
235 30
235 32
235 55
235 66
235 83
235 105
235 115
235 116
235 123
235 139
235 161
235 165
235 172
235 175
235 204
235 205
235 208
235 220
235 234
235 236
235 237
235 241
236 25
236 26
236 31
236 65
236 76
236 93
236 149
236 164
236 182
236 192
236 202
236 203
236 207
236 209
236 212
236 224
237 15
237 42
237 48
237 65
237 72
237 104
237 106
237 128
237 130
237 161
237 179
237 193
237 195
237 204
237 218
237 227
237 240
238 10
238 15
238 17
238 25
238 37
238 38
238 51
238 56
238 67
238 100
238 112
238 114
238 122
238 129
238 130
238 136
238 177
238 210
238 232
239 16
239 20
239 43
239 49
239 52
239 55
239 58
239 60
239 80
239 82
239 87
239 94
239 95
239 130
239 131
239 135
239 136
239 158
239 189
239 190
239 207
239 209
239 213
239 223
239 228
239 229
239 231
239 244
239 245
240 15
240 27
240 51
240 67
240 85
240 89
240 98
240 108
240 109
240 110
240 118
240 133
240 143
240 151
240 159
240 173
240 174
240 184
240 193
240 200
240 220
240 248
241 10
241 26
241 39
241 51
241 58
241 66
241 69
241 78
241 87
241 90
241 147
241 149
241 152
241 164
241 167
241 184
241 201
241 210
241 213
241 216
241 239
241 250
242 7
242 12
242 65
242 74
242 91
242 152
242 181
242 189
242 229
242 243
242 247
243 10
243 23
243 43
243 48
243 69
243 104
243 116
243 122
243 127
243 133
243 158
243 167
243 168
243 179
243 196
243 218
243 220
243 224
243 239
244 19
244 27
244 31
244 54
244 69
244 77
244 88
244 116
244 128
244 139
244 220
244 224
245 1
245 3
245 42
245 46
245 67
245 105
245 107
245 126
245 132
245 139
245 153
245 167
245 168
245 194
245 198
245 202
245 218
245 220
245 221
245 225
245 233
246 6
246 9
246 16
246 24
246 41
246 69
246 85
246 88
246 126
246 142
246 147
246 152
246 158
246 169
246 179
246 181
246 186
246 187
246 192
246 205
246 218
246 230
246 231
247 23
247 43
247 92
247 94
247 103
247 117
247 132
247 141
247 149
247 155
247 197
247 198
247 203
247 207
247 211
247 223
247 226
247 234
247 244
247 245
248 18
248 26
248 41
248 90
248 91
248 109
248 125
248 135
248 141
248 181
248 189
248 194
248 195
248 205
248 219
248 241
248 243
248 244
249 6
249 13
249 24
249 25
249 39
249 40
249 48
249 51
249 52
249 65
249 76
249 81
249 89
249 101
249 104
249 121
249 138
249 146
249 154
249 161
249 162
249 164
249 175
249 185
249 192
249 198
249 207
249 214
249 216
249 237
250 15
250 37
250 44
250 48
250 54
250 56
250 63
250 71
250 88
250 95
250 129
250 141
250 144
250 185
250 186
250 192
250 223
250 237

