100 750
54 167 146 187 48 26 166 6 42 24 63 10 7 65 50 59 114 39 89 353 4 181 89 29 39 98 16 170 169 218 434 21 114 101 218 102 128 98 479 68 128 94 206 143 33 39 83 100 192 246 84 22 6 55 118 29 63 92 55 34 18 42 18 75 118 37 138 69 20 138 206 63 66 232 72 71 195 70 42 35 224 82 95 76 16 69 55 126 68 185 19 118 103 183 203 189 198 32 4 140 
1 13
1 16
1 19
1 31
1 72
1 80
1 87
1 90
2 6
2 36
2 45
2 57
2 70
2 86
2 87
2 90
2 95
2 99
3 4
3 9
3 10
3 41
3 51
3 58
3 65
3 75
3 95
3 97
4 7
4 10
4 17
4 24
4 43
4 58
4 77
4 86
4 93
5 7
5 15
5 17
5 40
5 48
5 49
5 50
5 51
5 57
5 79
5 91
5 100
6 5
6 13
6 16
6 33
6 44
6 63
6 77
6 78
6 90
7 8
7 15
7 19
7 30
7 32
7 36
7 44
7 51
7 64
7 88
7 97
8 5
8 22
8 34
8 76
8 97
9 11
9 13
9 20
9 80
10 6
10 65
10 81
10 84
10 93
11 2
11 44
11 52
11 77
11 82
11 95
12 3
12 27
12 59
12 84
12 87
13 5
13 11
13 22
13 25
13 31
13 32
13 40
13 61
13 65
13 70
13 92
14 4
14 20
14 23
14 54
14 56
14 58
15 10
15 20
15 49
16 10
16 15
16 26
16 38
16 43
16 55
16 77
16 81
16 83
16 91
16 93
17 2
17 28
17 38
17 47
17 64
17 68
17 69
17 82
17 84
17 94
18 4
18 20
18 26
18 30
18 44
18 47
18 64
18 72
18 78
18 94
18 96
19 14
19 23
19 35
19 46
19 50
19 77
19 95
20 6
20 21
20 27
20 35
20 39
20 45
20 52
20 72
20 76
20 82
21 2
21 9
21 62
21 63
21 85
22 7
22 28
22 32
22 45
22 48
22 56
22 72
23 7
23 8
23 13
23 39
24 8
24 32
24 40
24 66
24 69
25 24
25 27
25 28
25 37
25 39
25 56
25 63
26 17
26 30
26 75
26 79
26 81
26 82
26 84
26 97
27 2
27 29
27 32
27 36
27 53
27 57
27 87
27 91
27 95
27 96
28 8
28 33
28 34
28 58
28 63
28 97
29 4
29 15
29 34
29 55
29 62
29 73
29 75
29 97
30 20
30 22
30 34
30 55
30 56
30 72
30 74
30 82
31 4
31 10
31 14
31 27
31 69
31 75
32 8
32 26
32 33
32 43
32 61
32 64
32 92
32 93
32 97
33 17
33 18
33 20
33 35
33 40
33 42
33 45
33 50
33 55
33 77
34 24
34 32
34 55
34 63
34 69
34 78
34 81
34 85
35 6
35 16
35 34
35 88
35 89
36 4
36 19
36 23
36 39
36 55
36 76
37 4
37 8
37 28
37 30
37 47
37 56
37 63
37 64
37 77
37 82
37 100
38 1
38 35
38 68
38 88
39 5
39 40
39 41
39 61
39 64
39 67
39 70
39 76
39 83
39 84
39 97
40 10
40 20
40 31
40 36
40 48
40 92
41 1
41 8
41 11
41 17
41 20
41 21
41 37
41 72
41 74
41 83
41 88
41 89
42 44
42 49
42 51
42 77
42 95
42 100
43 3
43 7
43 9
43 11
43 17
43 25
43 36
43 54
43 56
43 64
43 69
43 81
43 87
43 99
44 4
44 37
44 45
44 46
44 90
44 94
44 100
45 10
45 11
45 31
45 87
46 5
46 56
46 87
46 97
47 32
47 39
47 42
47 44
47 53
47 60
47 73
47 76
47 84
47 90
47 91
48 16
48 25
48 29
48 35
48 42
48 83
48 89
48 93
48 97
48 100
49 2
49 18
49 30
49 39
49 45
49 56
49 71
49 95
49 97
50 3
50 51
50 55
50 56
50 58
50 75
50 86
50 90
50 95
51 10
51 22
51 66
51 89
51 90
51 94
51 97
52 32
52 50
52 57
52 70
53 23
53 24
53 30
53 50
53 60
53 62
53 83
53 92
54 31
54 46
54 50
54 65
54 67
54 72
54 74
55 14
55 15
55 31
55 35
55 64
55 67
55 80
55 84
56 3
56 15
56 16
56 31
56 36
56 38
56 41
56 84
57 1
57 35
57 81
57 88
58 23
58 36
58 48
58 76
58 88
58 97
59 31
59 66
59 96
60 12
60 44
60 45
60 68
61 23
61 29
61 41
61 56
61 65
61 87
62 11
62 67
62 82
63 31
63 36
63 70
63 73
64 9
64 19
64 20
64 22
64 28
64 33
64 44
64 47
64 100
65 9
65 62
65 91
65 93
65 98
66 1
66 5
66 7
66 15
66 30
66 33
66 35
66 55
66 71
66 85
66 86
66 87
66 100
67 16
67 31
67 58
67 59
67 72
67 82
67 86
67 87
67 89
68 13
68 14
68 21
68 31
68 33
68 59
68 63
68 67
68 70
68 72
69 2
69 9
69 12
69 44
69 48
69 49
69 81
69 94
70 8
70 25
70 27
70 31
70 65
70 82
70 97
71 7
71 10
71 17
71 19
71 27
71 31
71 36
71 40
71 46
71 58
71 68
71 81
71 93
71 95
71 97
72 24
72 39
72 50
72 64
72 100
73 6
73 12
73 28
73 33
73 34
73 35
73 64
73 66
73 72
73 99
74 14
74 38
74 39
74 51
74 68
74 69
74 71
74 72
74 95
75 7
75 34
75 44
75 45
75 76
75 86
76 9
76 18
76 24
76 41
76 44
76 51
76 74
77 8
77 10
77 22
77 23
77 82
77 89
78 24
78 29
78 49
78 53
78 59
78 68
78 73
78 75
78 81
79 1
79 16
79 22
79 61
80 6
80 21
80 47
80 64
80 69
80 85
81 14
81 29
81 31
81 46
81 70
81 73
81 94
81 97
81 99
82 4
82 23
82 38
82 39
82 43
82 48
82 54
82 71
82 76
82 79
83 1
83 33
83 55
83 67
83 74
84 37
84 85
85 13
85 15
85 31
85 40
85 43
85 44
85 100
86 1
86 25
86 34
86 70
86 74
86 99
87 4
87 13
87 21
87 23
87 39
87 41
87 49
87 65
87 75
88 2
88 6
88 16
88 44
88 70
88 73
89 36
89 37
89 82
89 84
89 93
89 100
90 3
90 14
90 28
90 39
90 60
90 100
91 8
91 17
91 22
91 26
91 28
91 44
91 50
91 61
91 67
91 83
91 93
92 27
92 29
92 30
92 38
92 42
92 58
92 64
92 65
92 87
93 15
93 26
93 36
93 40
93 64
93 99
94 1
94 15
94 19
94 32
94 40
94 45
94 47
94 65
94 67
94 76
94 97
95 15
95 28
95 36
95 46
95 52
95 92
96 11
96 23
96 34
96 35
96 44
96 46
96 66
96 71
96 85
96 90
96 94
96 95
97 52
97 59
97 68
97 93
97 100
98 17
98 20
98 24
98 33
98 42
98 46
98 56
98 66
98 73
98 74
98 76
98 93
99 4
99 25
99 27
99 39
100 2
100 14
100 18
100 65
100 93

