250 5000
1902 1912 128 147 822 68 2013 468 1700 232 825 915 63 15 1044 952 21 142 563 906 1392 1138 728 739 551 785 1120 307 1599 900 1375 696 413 43 754 1251 1556 547 904 1111 592 1128 762 885 85 515 734 503 932 676 22 1077 720 231 223 474 43 1672 258 500 589 709 1252 528 908 806 461 181 1656 611 754 925 162 400 2663 478 13 113 1136 466 1530 556 940 1269 27 306 677 609 447 448 383 1296 2306 574 268 1011 1183 868 1641 209 1360 1657 1552 197 632 808 708 911 994 873 388 1724 872 421 603 96 911 972 169 1341 343 1767 840 457 70 95 247 812 1071 835 2034 1720 1003 728 863 538 501 74 743 1509 351 1580 2262 39 222 556 199 1101 1420 417 653 881 1108 1185 560 250 705 919 1524 896 208 1154 1574 447 183 1352 1059 843 1264 2183 165 968 566 993 373 1251 966 1361 992 1235 800 611 932 103 472 2304 431 1064 1566 524 737 58 408 421 1033 1254 181 1396 592 893 1401 96 88 1217 802 1203 606 7 1417 258 1495 1444 410 2096 339 600 1165 85 960 309 1125 1300 466 1014 771 56 822 197 426 985 986 633 1805 965 783 594 368 496 599 1283 161 441 141 167 1523 1207 1349 321 794 546 
1 29
1 45
1 75
1 78
1 83
1 113
1 121
1 135
1 142
1 145
1 150
1 151
1 163
1 164
1 167
1 179
1 194
1 195
1 196
1 197
1 198
1 201
1 210
1 248
2 7
2 17
2 31
2 36
2 38
2 52
2 58
2 81
2 82
2 102
2 104
2 116
2 117
2 120
2 130
2 139
2 146
2 149
2 228
2 238
3 85
3 98
3 101
3 105
3 138
3 167
3 185
3 210
3 222
3 231
3 233
3 238
4 2
4 10
4 16
4 35
4 51
4 73
4 100
4 106
4 129
4 136
4 143
4 165
4 180
4 226
4 228
5 1
5 3
5 26
5 73
5 76
5 126
5 128
5 130
5 135
5 146
5 147
5 164
5 176
5 200
5 201
6 19
6 54
6 61
6 92
6 109
6 122
6 135
6 143
6 159
6 180
6 186
6 204
6 207
6 209
6 229
6 239
7 4
7 23
7 28
7 47
7 55
7 87
7 92
7 95
7 142
7 143
7 150
7 162
7 166
7 168
7 177
7 182
7 196
8 7
8 11
8 17
8 42
8 68
8 69
8 74
8 78
8 87
8 102
8 111
8 126
8 127
8 128
8 135
8 181
8 194
8 197
8 209
8 223
8 229
9 16
9 17
9 21
9 28
9 34
9 42
9 46
9 48
9 61
9 66
9 78
9 80
9 83
9 91
9 105
9 112
9 113
9 114
9 118
9 122
9 131
9 138
9 150
9 165
9 168
9 197
9 219
9 227
9 238
9 241
9 246
10 7
10 9
10 39
10 55
10 58
10 82
10 84
10 115
10 123
10 128
10 144
10 149
10 155
10 158
10 170
10 240
10 243
11 16
11 27
11 35
11 39
11 42
11 51
11 52
11 56
11 63
11 70
11 75
11 94
11 95
11 96
11 119
11 122
11 132
11 137
11 139
11 143
11 165
11 170
11 189
11 198
11 213
11 231
11 233
12 21
12 36
12 49
12 55
12 71
12 92
12 115
12 121
12 143
12 148
12 155
12 177
12 190
12 248
13 60
13 70
13 81
13 90
13 161
13 180
13 193
13 200
13 212
13 219
13 220
13 237
13 238
13 241
13 243
13 244
14 20
14 32
14 44
14 81
14 87
14 90
14 99
14 122
14 125
14 128
14 129
14 131
14 135
14 137
14 145
14 152
14 154
14 163
14 187
14 245
15 27
15 32
15 34
15 48
15 49
15 55
15 67
15 74
15 77
15 121
15 130
15 131
15 133
15 164
15 169
15 205
15 207
15 241
16 6
16 14
16 25
16 37
16 40
16 59
16 79
16 95
16 101
16 106
16 107
16 109
16 155
16 161
16 169
16 174
16 175
16 192
16 197
16 211
16 215
16 224
16 226
16 232
16 233
16 236
16 237
17 11
17 13
17 24
17 29
17 59
17 66
17 84
17 90
17 93
17 106
17 153
17 157
17 186
17 191
17 202
17 213
17 223
17 224
18 2
18 11
18 43
18 50
18 86
18 114
18 116
18 125
18 143
18 153
18 154
18 160
18 190
18 194
18 201
18 211
18 215
18 218
18 226
19 3
19 10
19 25
19 48
19 62
19 105
19 113
19 122
19 126
19 129
19 155
19 166
19 168
19 173
19 191
19 194
19 218
19 225
19 247
20 7
20 17
20 38
20 40
20 48
20 72
20 99
20 100
20 103
20 120
20 133
20 139
20 150
20 153
20 160
20 172
20 190
20 209
20 214
20 234
20 237
20 245
20 249
21 6
21 15
21 33
21 41
21 43
21 44
21 54
21 86
21 87
21 88
21 109
21 110
21 118
21 158
21 172
21 181
21 184
21 186
21 220
21 223
21 228
22 1
22 3
22 7
22 32
22 48
22 58
22 60
22 75
22 86
22 104
22 131
22 132
22 155
22 175
22 181
22 185
22 196
22 228
22 238
22 240
22 241
23 5
23 28
23 49
23 65
23 71
23 114
23 133
23 139
23 140
23 145
23 159
23 208
23 223
23 238
24 11
24 30
24 43
24 45
24 58
24 59
24 79
24 89
24 93
24 100
24 117
24 122
24 145
24 147
24 172
24 177
24 181
24 184
24 185
24 227
24 228
24 230
24 240
24 241
25 7
25 11
25 13
25 15
25 20
25 23
25 29
25 45
25 51
25 56
25 58
25 61
25 63
25 72
25 73
25 105
25 115
25 116
25 120
25 125
25 129
25 140
25 147
25 161
25 179
25 185
25 191
25 193
25 198
25 203
25 234
26 2
26 32
26 54
26 70
26 80
26 102
26 113
26 114
26 121
26 123
26 130
26 137
26 164
26 176
26 177
26 196
26 198
26 203
26 237
27 2
27 3
27 13
27 16
27 19
27 20
27 24
27 43
27 53
27 54
27 67
27 71
27 80
27 102
27 117
27 122
27 126
27 129
27 136
27 141
27 162
27 177
27 179
27 183
27 194
27 202
27 245
27 249
27 250
28 4
28 44
28 49
28 63
28 69
28 79
28 92
28 94
28 114
28 118
28 127
28 145
28 146
28 169
28 177
28 201
28 203
28 205
28 209
28 224
28 234
29 2
29 9
29 36
29 43
29 64
29 105
29 112
29 120
29 129
29 138
29 142
29 180
29 189
29 192
29 203
29 211
30 3
30 10
30 15
30 55
30 56
30 58
30 66
30 82
30 112
30 115
30 144
30 155
30 168
30 202
30 212
30 248
31 13
31 46
31 64
31 72
31 88
31 97
31 132
31 133
31 147
31 150
31 158
31 165
31 195
31 203
31 208
31 238
31 239
31 246
32 8
32 46
32 117
32 123
32 135
32 140
32 144
32 149
32 170
32 180
32 181
32 186
32 200
32 204
32 219
32 220
33 12
33 24
33 53
33 57
33 60
33 72
33 78
33 100
33 106
33 107
33 140
33 157
33 167
33 174
33 188
33 217
33 221
33 225
33 236
33 237
33 238
33 242
33 248
34 5
34 6
34 14
34 20
34 48
34 76
34 88
34 92
34 95
34 96
34 99
34 101
34 113
34 134
34 157
34 204
34 222
34 227
34 248
35 12
35 65
35 66
35 70
35 107
35 120
35 133
35 134
35 138
35 139
35 236
35 237
35 249
36 15
36 16
36 20
36 61
36 67
36 72
36 85
36 95
36 110
36 158
36 200
36 216
36 229
36 231
37 5
37 6
37 8
37 17
37 24
37 33
37 40
37 68
37 70
37 83
37 86
37 91
37 101
37 102
37 111
37 127
37 135
37 136
37 145
37 152
37 153
37 154
37 167
37 179
37 187
37 190
37 207
37 209
37 212
37 220
37 230
37 232
38 14
38 69
38 86
38 93
38 133
38 134
38 137
38 166
38 200
38 203
38 224
39 12
39 15
39 21
39 50
39 80
39 82
39 98
39 101
39 113
39 138
39 152
39 167
39 176
39 181
39 192
39 194
39 214
39 231
40 12
40 51
40 52
40 62
40 68
40 82
40 99
40 105
40 107
40 129
40 134
40 159
40 170
40 176
40 193
40 196
40 201
40 226
40 239
40 241
40 245
40 248
41 33
41 72
41 128
41 147
41 150
41 151
41 165
41 174
41 193
41 219
41 229
41 233
41 241
41 245
42 7
42 15
42 16
42 19
42 26
42 30
42 34
42 35
42 36
42 39
42 54
42 63
42 76
42 97
42 116
42 124
42 126
42 130
42 131
42 147
42 148
42 180
42 186
42 193
42 198
42 205
42 211
42 216
42 237
42 238
42 243
42 249
43 6
43 16
43 39
43 44
43 52
43 55
43 63
43 66
43 77
43 82
43 123
43 130
43 135
43 139
43 164
43 179
43 189
43 191
43 192
43 235
43 246
44 2
44 6
44 7
44 10
44 11
44 37
44 38
44 56
44 59
44 74
44 110
44 112
44 122
44 124
44 125
44 146
44 156
44 166
44 170
44 179
44 207
44 220
44 230
44 245
45 4
45 27
45 32
45 48
45 82
45 86
45 87
45 91
45 121
45 129
45 140
45 151
45 165
45 174
45 199
45 202
45 204
45 206
45 217
45 223
45 231
45 242
46 16
46 19
46 40
46 65
46 70
46 79
46 93
46 99
46 110
46 119
46 131
46 137
46 161
46 178
46 229
46 236
46 243
47 5
47 9
47 11
47 33
47 69
47 79
47 100
47 139
47 155
47 159
47 160
47 170
47 189
47 194
47 202
47 221
48 12
48 52
48 56
48 61
48 81
48 122
48 126
48 137
48 165
48 194
48 224
48 234
49 11
49 13
49 30
49 44
49 45
49 68
49 110
49 122
49 145
49 159
49 167
49 176
49 219
49 229
49 230
49 236
49 246
50 21
50 23
50 44
50 47
50 67
50 79
50 85
50 86
50 116
50 131
50 146
50 158
50 164
50 169
50 188
50 228
50 230
50 244
50 248
51 15
51 67
51 96
51 128
51 155
51 181
51 182
51 187
51 192
52 10
52 63
52 78
52 101
52 112
52 129
52 148
52 150
52 155
52 166
52 172
52 175
52 182
52 218
52 220
52 245
52 247
53 14
53 20
53 37
53 50
53 52
53 66
53 71
53 74
53 97
53 106
53 118
53 149
53 174
53 178
53 181
53 193
54 5
54 9
54 10
54 25
54 48
54 56
54 61
54 94
54 106
54 133
54 143
54 162
54 223
54 248
55 40
55 47
55 63
55 70
55 71
55 83
55 86
55 109
55 128
55 133
55 144
55 151
55 153
55 164
55 184
55 205
55 208
55 218
55 233
56 1
56 3
56 5
56 17
56 22
56 28
56 35
56 50
56 103
56 106
56 108
56 119
56 178
56 192
56 202
57 1
57 3
57 31
57 49
57 52
57 68
57 87
57 90
57 111
57 140
57 150
57 163
57 164
57 173
57 175
57 177
57 207
57 211
57 230
57 242
58 21
58 23
58 26
58 29
58 31
58 38
58 52
58 79
58 90
58 106
58 107
58 117
58 119
58 132
58 134
58 138
58 145
58 172
58 175
58 187
58 192
58 200
58 201
58 203
58 216
59 2
59 13
59 27
59 36
59 55
59 75
59 99
59 105
59 129
59 135
59 160
59 161
59 166
59 210
59 222
59 233
59 237
60 5
60 15
60 28
60 41
60 42
60 58
60 79
60 94
60 110
60 118
60 135
60 143
60 158
60 162
60 193
60 209
60 215
60 229
60 237
60 244
61 16
61 19
61 30
61 49
61 50
61 90
61 113
61 121
61 124
61 143
61 147
61 164
61 165
61 198
61 218
61 222
61 226
61 228
61 231
61 237
61 243
61 248
62 16
62 21
62 29
62 31
62 59
62 88
62 89
62 98
62 109
62 139
62 167
62 170
62 176
62 191
62 207
62 218
62 222
62 233
63 8
63 37
63 51
63 62
63 71
63 78
63 105
63 115
63 139
63 148
63 161
63 170
63 180
63 184
63 186
63 217
63 218
63 234
64 1
64 13
64 38
64 49
64 66
64 118
64 132
64 184
64 186
64 187
64 191
64 201
64 235
64 237
65 12
65 49
65 59
65 61
65 67
65 106
65 109
65 123
65 142
65 149
65 159
65 164
65 166
65 228
65 237
65 247
66 37
66 39
66 46
66 56
66 86
66 89
66 94
66 101
66 107
66 109
66 113
66 119
66 126
66 138
66 140
66 176
66 195
66 202
66 209
66 210
66 213
66 223
66 240
66 246
67 17
67 30
67 32
67 33
67 47
67 53
67 64
67 78
67 123
67 135
67 136
67 160
67 166
67 170
67 199
67 215
67 222
67 225
67 236
68 6
68 20
68 61
68 63
68 102
68 105
68 119
68 137
68 152
68 167
68 170
68 178
68 216
68 218
68 232
69 6
69 13
69 16
69 23
69 24
69 26
69 29
69 51
69 80
69 101
69 124
69 134
69 135
69 142
69 143
69 144
69 150
69 158
69 169
69 171
69 185
69 186
69 192
69 195
69 197
69 218
69 225
69 226
69 227
69 237
69 246
69 248
70 6
70 7
70 18
70 36
70 39
70 40
70 63
70 69
70 87
70 96
70 130
70 160
70 166
70 169
70 194
70 196
70 205
70 207
70 213
70 220
71 16
71 21
71 25
71 74
71 103
71 113
71 150
71 155
71 162
71 168
71 195
71 203
71 216
71 223
71 234
71 242
72 22
72 61
72 73
72 75
72 88
72 113
72 120
72 136
72 147
72 150
72 172
72 177
72 182
72 186
72 191
72 193
72 198
72 206
72 236
73 9
73 29
73 32
73 35
73 63
73 66
73 90
73 92
73 98
73 107
73 128
73 137
73 154
73 156
73 163
73 164
73 175
73 180
73 183
73 201
74 3
74 39
74 57
74 83
74 88
74 111
74 131
74 162
74 181
74 202
74 214
74 219
74 221
74 232
74 236
75 3
75 7
75 10
75 15
75 20
75 27
75 37
75 61
75 84
75 101
75 111
75 116
75 148
75 149
75 152
75 162
75 168
75 184
75 191
75 194
75 196
75 198
75 212
75 213
75 217
75 237
75 248
76 25
76 28
76 51
76 63
76 75
76 128
76 132
76 152
76 170
76 178
76 180
76 189
76 190
76 202
76 208
77 14
77 30
77 33
77 36
77 40
77 64
77 71
77 121
77 126
77 142
77 151
77 153
77 180
77 186
77 187
77 201
77 221
78 6
78 15
78 26
78 37
78 62
78 66
78 71
78 75
78 82
78 90
78 119
78 130
78 135
78 160
78 163
78 171
78 203
78 214
78 215
78 222
78 228
78 247
79 26
79 32
79 42
79 44
79 68
79 72
79 73
79 108
79 111
79 116
79 144
79 162
79 163
79 170
79 171
79 172
79 219
80 1
80 13
80 62
80 74
80 82
80 85
80 98
80 111
80 122
80 131
80 133
80 174
80 209
80 221
81 15
81 39
81 46
81 50
81 75
81 85
81 99
81 105
81 116
81 117
81 119
81 120
81 135
81 148
81 156
81 158
81 162
81 167
81 168
81 183
81 194
81 199
81 221
81 231
81 239
82 1
82 7
82 8
82 9
82 23
82 86
82 103
82 106
82 108
82 115
82 123
82 141
82 146
82 150
82 158
82 162
82 173
82 220
82 225
82 226
82 242
82 243
83 30
83 105
83 114
83 123
83 149
83 152
83 154
83 172
83 186
83 189
83 190
83 191
83 215
84 16
84 27
84 41
84 48
84 51
84 60
84 76
84 93
84 97
84 102
84 107
84 108
84 116
84 121
84 124
84 127
84 129
84 134
84 159
84 189
84 199
84 201
84 211
84 216
84 224
84 231
84 246
85 23
85 49
85 57
85 84
85 86
85 89
85 120
85 131
85 148
85 153
85 154
85 156
85 157
85 168
85 174
85 180
85 183
85 189
85 204
85 229
86 3
86 6
86 67
86 72
86 95
86 106
86 117
86 124
86 125
86 140
86 151
86 165
86 167
86 169
86 175
86 184
86 193
86 199
86 223
86 229
86 245
87 4
87 24
87 74
87 90
87 121
87 125
87 132
87 136
87 140
87 152
87 170
87 189
87 215
87 216
87 224
87 225
87 243
88 7
88 24
88 33
88 40
88 49
88 51
88 58
88 64
88 75
88 108
88 113
88 128
88 133
88 146
88 148
88 158
88 159
88 196
88 214
88 229
88 237
89 18
89 54
89 59
89 133
89 134
89 144
89 196
89 201
89 214
89 226
90 4
90 23
90 31
90 62
90 75
90 88
90 102
90 106
90 107
90 110
90 132
90 143
90 165
90 177
90 181
90 196
90 204
90 210
90 216
90 221
90 222
91 10
91 69
91 75
91 101
91 139
91 145
91 171
91 173
91 179
91 197
91 201
91 212
91 221
91 223
91 227
91 228
91 235
91 236
91 241
91 242
92 2
92 11
92 15
92 54
92 61
92 78
92 88
92 89
92 99
92 108
92 112
92 122
92 124
92 140
92 180
92 189
92 219
92 248
93 26
93 34
93 44
93 52
93 56
93 58
93 67
93 73
93 75
93 80
93 86
93 91
93 107
93 110
93 141
93 147
93 154
93 155
93 179
93 186
93 188
93 201
93 211
93 229
93 233
93 235
93 239
94 1
94 18
94 24
94 45
94 48
94 49
94 64
94 75
94 82
94 90
94 134
94 136
94 150
94 177
94 186
94 203
94 216
94 217
94 219
94 229
95 15
95 37
95 49
95 51
95 67
95 74
95 92
95 108
95 130
95 134
95 140
95 195
95 203
95 221
95 245
96 6
96 8
96 14
96 25
96 49
96 55
96 62
96 68
96 99
96 106
96 107
96 137
96 138
96 143
96 156
96 158
96 171
96 181
96 192
96 198
96 200
96 204
96 217
96 229
96 244
96 247
97 2
97 35
97 59
97 64
97 65
97 77
97 108
97 111
97 125
97 143
97 147
97 164
97 190
97 191
97 201
97 204
97 212
97 217
97 232
97 247
98 14
98 32
98 40
98 55
98 83
98 84
98 93
98 117
98 129
98 131
98 133
98 151
98 172
98 192
98 194
98 199
98 220
98 223
98 228
98 245
99 6
99 11
99 13
99 15
99 16
99 23
99 49
99 72
99 85
99 87
99 95
99 103
99 122
99 127
99 138
99 174
99 179
99 194
99 196
99 207
99 233
99 240
100 10
100 23
100 28
100 44
100 53
100 54
100 66
100 70
100 90
100 91
100 94
100 111
100 132
100 142
100 155
100 156
100 188
100 191
100 203
100 227
100 246
101 10
101 12
101 30
101 31
101 41
101 54
101 55
101 67
101 109
101 115
101 118
101 122
101 129
101 139
101 140
101 164
101 170
101 184
101 244
102 4
102 17
102 19
102 23
102 38
102 42
102 71
102 75
102 82
102 88
102 97
102 98
102 99
102 100
102 107
102 123
102 129
102 140
102 144
102 176
102 179
102 180
102 194
102 197
102 219
102 220
102 223
102 246
102 247
103 12
103 14
103 34
103 41
103 51
103 83
103 93
103 100
103 102
103 112
103 126
103 132
103 144
103 161
103 177
103 179
103 191
103 203
103 207
103 208
103 224
103 230
103 233
103 250
104 6
104 8
104 11
104 19
104 26
104 27
104 49
104 55
104 59
104 69
104 73
104 83
104 114
104 128
104 140
104 149
104 152
104 164
104 176
104 178
104 202
104 203
104 218
104 230
104 237
104 243
104 249
105 4
105 23
105 77
105 93
105 100
105 108
105 129
105 150
105 179
105 217
106 19
106 20
106 36
106 41
106 44
106 69
106 78
106 81
106 95
106 109
106 117
106 127
106 129
106 132
106 134
106 147
106 149
106 160
106 244
106 250
107 1
107 9
107 20
107 23
107 50
107 55
107 87
107 122
107 124
107 126
107 132
107 133
107 142
107 156
107 157
107 164
107 200
108 21
108 23
108 27
108 36
108 38
108 53
108 99
108 104
108 115
108 119
108 129
108 135
108 138
108 140
108 149
108 166
108 168
108 216
108 241
109 13
109 18
109 19
109 28
109 59
109 67
109 68
109 73
109 87
109 88
109 90
109 91
109 92
109 98
109 112
109 135
109 152
109 155
109 176
109 200
109 206
109 211
109 215
109 216
109 217
109 219
109 222
109 242
109 243
110 7
110 22
110 28
110 31
110 45
110 80
110 96
110 99
110 113
110 129
110 131
110 138
110 153
110 159
110 161
110 176
110 182
110 188
110 220
111 11
111 21
111 24
111 26
111 31
111 33
111 46
111 68
111 78
111 90
111 99
111 112
111 135
111 136
111 149
111 152
111 153
111 161
111 163
111 220
111 242
111 244
112 12
112 19
112 25
112 26
112 46
112 54
112 56
112 65
112 81
112 98
112 114
112 124
112 125
112 131
112 138
112 142
112 158
112 169
112 182
112 190
112 218
112 234
112 236
112 246
113 7
113 11
113 16
113 17
113 22
113 31
113 46
113 69
113 83
113 84
113 106
113 111
113 115
113 119
113 122
113 152
113 158
113 164
113 168
113 180
113 199
114 4
114 10
114 40
114 55
114 75
114 120
114 143
114 147
114 154
114 158
114 194
114 195
114 205
114 216
114 219
114 226
114 227
114 234
115 3
115 14
115 22
115 66
115 69
115 71
115 75
115 84
115 99
115 105
115 150
115 165
115 169
115 185
115 213
115 223
115 225
115 233
116 1
116 9
116 24
116 41
116 56
116 68
116 71
116 73
116 82
116 107
116 120
116 138
116 141
116 152
116 157
116 172
116 230
116 231
116 241
117 6
117 11
117 12
117 21
117 37
117 61
117 66
117 72
117 82
117 103
117 107
117 126
117 142
117 161
117 166
117 182
117 228
117 229
117 244
117 248
118 14
118 18
118 32
118 51
118 58
118 65
118 86
118 93
118 95
118 99
118 103
118 109
118 116
118 132
118 154
118 157
118 169
118 170
118 193
118 197
118 234
118 245
119 23
119 32
119 41
119 62
119 64
119 92
119 98
119 120
119 130
119 145
119 150
119 154
119 157
119 195
119 197
119 199
119 218
119 241
120 8
120 12
120 14
120 36
120 43
120 74
120 109
120 123
120 130
120 134
120 140
120 144
120 148
120 169
120 188
120 213
120 214
120 227
120 228
120 238
121 6
121 25
121 35
121 42
121 43
121 52
121 98
121 109
121 125
121 142
121 147
121 148
121 150
121 152
121 154
121 158
121 200
121 204
121 206
121 211
121 218
121 229
121 239
121 245
121 248
122 13
122 25
122 42
122 58
122 64
122 69
122 73
122 90
122 100
122 102
122 132
122 142
122 153
122 163
122 169
122 181
122 197
122 199
122 225
122 226
122 231
122 248
123 2
123 5
123 6
123 21
123 23
123 27
123 28
123 61
123 62
123 68
123 96
123 97
123 119
123 124
123 136
123 138
123 139
123 140
123 165
123 179
123 195
123 202
123 210
123 212
123 220
123 228
123 241
124 4
124 29
124 34
124 35
124 38
124 51
124 78
124 111
124 170
124 175
124 194
124 196
124 212
125 10
125 49
125 53
125 54
125 55
125 57
125 66
125 84
125 90
125 91
125 99
125 111
125 132
125 147
125 171
125 177
125 185
125 211
125 243
126 20
126 25
126 26
126 29
126 41
126 51
126 72
126 73
126 76
126 84
126 95
126 100
126 106
126 133
126 136
126 142
126 147
126 168
126 189
126 198
126 238
126 241
127 56
127 59
127 73
127 78
127 81
127 82
127 87
127 95
127 101
127 103
127 107
127 109
127 166
127 175
127 192
127 199
127 233
128 3
128 15
128 17
128 24
128 38
128 45
128 67
128 84
128 101
128 108
128 110
128 117
128 136
128 148
128 154
128 166
128 185
128 190
128 199
128 213
129 2
129 5
129 9
129 23
129 28
129 32
129 38
129 72
129 78
129 93
129 95
129 126
129 145
129 149
129 151
129 166
129 174
129 184
129 192
129 193
129 208
129 210
129 212
129 227
130 9
130 20
130 65
130 106
130 108
130 113
130 129
130 141
130 153
130 167
130 174
130 182
130 221
130 224
130 232
130 241
131 4
131 33
131 39
131 45
131 47
131 54
131 66
131 69
131 82
131 86
131 90
131 105
131 143
131 163
131 170
131 182
131 184
131 203
131 204
131 209
131 212
131 214
131 235
131 240
131 243
132 34
132 40
132 83
132 97
132 126
132 129
132 131
132 141
132 146
132 173
132 177
132 186
132 190
132 197
132 201
132 202
132 244
133 24
133 36
133 41
133 42
133 56
133 67
133 72
133 82
133 87
133 115
133 140
133 143
133 168
133 180
133 187
133 189
133 199
133 238
134 24
134 45
134 48
134 62
134 66
134 141
134 161
134 168
134 193
134 198
134 200
134 205
134 209
134 211
134 219
134 224
134 226
134 229
134 243
134 250
135 49
135 75
135 79
135 86
135 97
135 99
135 124
135 157
135 177
135 190
135 200
135 206
135 219
135 240
136 12
136 23
136 28
136 29
136 30
136 47
136 58
136 86
136 101
136 108
136 115
136 152
136 155
136 171
136 174
136 210
136 216
136 219
136 223
136 226
136 228
136 236
136 246
137 1
137 47
137 49
137 56
137 58
137 81
137 83
137 92
137 105
137 112
137 114
137 120
137 130
137 177
137 178
137 181
137 189
137 195
137 198
137 199
137 207
137 231
137 239
137 240
137 241
138 2
138 7
138 12
138 18
138 49
138 76
138 79
138 97
138 129
138 169
138 174
138 179
138 192
138 194
138 232
138 244
138 249
139 13
139 74
139 89
139 93
139 113
139 141
139 146
139 172
139 180
139 185
139 186
139 192
139 218
139 223
139 227
139 249
140 2
140 4
140 29
140 41
140 49
140 50
140 69
140 93
140 163
140 173
140 250
141 8
141 13
141 17
141 37
141 59
141 70
141 95
141 96
141 99
141 100
141 101
141 106
141 109
141 112
141 114
141 123
141 129
141 144
141 147
141 197
141 199
141 202
141 214
141 218
141 246
142 4
142 14
142 33
142 42
142 53
142 54
142 55
142 72
142 75
142 80
142 82
142 91
142 98
142 101
142 104
142 111
142 123
142 135
142 137
142 139
142 143
142 144
142 149
142 171
142 184
142 185
142 201
142 208
142 219
142 237
143 27
143 28
143 33
143 39
143 41
143 55
143 67
143 72
143 79
143 81
143 93
143 116
143 120
143 122
143 127
143 140
143 141
143 153
143 154
143 164
143 216
143 223
143 232
143 236
143 243
144 7
144 28
144 57
144 61
144 131
144 132
144 165
144 167
144 192
144 196
144 202
144 207
144 215
144 242
144 250
145 2
145 3
145 7
145 8
145 12
145 29
145 30
145 53
145 56
145 60
145 84
145 90
145 98
145 104
145 114
145 157
145 190
145 198
145 201
145 202
145 203
145 204
145 216
145 239
145 247
146 21
146 27
146 37
146 53
146 58
146 76
146 79
146 87
146 91
146 97
146 116
146 133
146 134
146 135
146 147
146 195
146 200
146 218
146 225
147 7
147 36
147 54
147 56
147 76
147 77
147 78
147 103
147 115
147 116
147 123
147 128
147 130
147 133
147 135
147 167
147 172
147 179
147 220
147 223
147 225
147 231
147 239
148 35
148 48
148 51
148 73
148 84
148 114
148 154
148 163
148 167
148 203
148 230
148 238
149 27
149 47
149 54
149 69
149 102
149 141
149 143
149 147
149 148
149 171
149 182
149 185
149 190
149 198
149 199
149 204
149 225
149 229
149 245
149 249
150 3
150 10
150 33
150 61
150 63
150 89
150 100
150 101
150 103
150 114
150 120
150 128
150 182
150 184
150 185
150 204
150 220
150 231
150 246
151 6
151 23
151 30
151 83
151 89
151 102
151 108
151 114
151 117
151 127
151 179
151 186
151 189
151 190
151 209
151 216
151 221
152 20
152 35
152 52
152 65
152 67
152 86
152 91
152 139
152 148
152 153
152 157
152 160
152 189
152 205
152 223
152 226
152 227
152 231
152 237
153 21
153 27
153 39
153 56
153 59
153 95
153 118
153 119
153 140
153 159
153 163
153 185
153 186
153 191
153 232
153 244
154 6
154 27
154 39
154 40
154 49
154 64
154 71
154 104
154 116
154 129
154 134
154 144
154 146
154 147
154 150
154 153
154 157
154 158
154 161
154 162
154 186
154 194
154 196
154 202
154 240
155 18
155 27
155 56
155 61
155 62
155 81
155 82
155 117
155 118
155 120
155 142
155 143
155 161
155 169
155 172
155 199
155 212
155 228
155 231
155 232
156 21
156 36
156 40
156 65
156 69
156 70
156 83
156 88
156 94
156 98
156 112
156 133
156 143
156 144
156 157
156 193
156 221
157 46
157 68
157 93
157 105
157 147
157 189
157 202
157 207
157 210
157 218
157 221
157 241
158 2
158 26
158 42
158 52
158 53
158 64
158 65
158 83
158 86
158 106
158 119
158 146
158 178
158 194
158 239
158 246
158 249
159 15
159 24
159 26
159 30
159 34
159 52
159 53
159 57
159 77
159 79
159 86
159 103
159 118
159 138
159 141
159 143
159 145
159 167
159 174
159 177
159 195
159 197
159 198
159 217
159 228
159 237
159 241
159 249
160 2
160 16
160 24
160 37
160 54
160 73
160 74
160 102
160 105
160 117
160 124
160 136
160 137
160 146
160 158
160 169
160 175
160 186
160 228
160 230
160 236
161 33
161 53
161 70
161 83
161 108
161 118
161 149
161 153
161 157
161 185
161 189
161 193
161 205
161 222
161 227
161 239
162 11
162 20
162 31
162 47
162 57
162 68
162 69
162 76
162 83
162 94
162 97
162 102
162 105
162 113
162 114
162 121
162 158
162 159
162 160
162 167
162 174
162 184
163 13
163 38
163 39
163 41
163 50
163 59
163 87
163 88
163 89
163 96
163 106
163 113
163 123
163 127
163 132
163 139
163 143
163 151
163 160
163 172
163 176
163 186
163 193
163 201
163 207
163 225
163 233
163 239
163 244
163 250
164 2
164 7
164 19
164 28
164 36
164 78
164 82
164 84
164 86
164 116
164 121
164 127
164 139
164 150
164 162
164 193
164 208
164 215
164 216
164 221
164 225
164 226
164 234
165 10
165 22
165 26
165 70
165 94
165 117
165 119
165 125
165 135
165 157
165 161
165 177
165 186
165 192
165 210
165 229
166 17
166 23
166 34
166 71
166 85
166 92
166 98
166 103
166 113
166 114
166 143
166 155
166 159
166 171
166 185
166 196
166 209
166 231
167 16
167 24
167 28
167 31
167 36
167 52
167 53
167 57
167 64
167 69
167 79
167 84
167 87
167 105
167 106
167 112
167 114
167 116
167 118
167 125
167 129
167 139
167 168
167 171
167 173
167 176
167 183
167 213
167 230
167 245
168 11
168 15
168 27
168 31
168 35
168 47
168 54
168 62
168 74
168 76
168 96
168 104
168 109
168 112
168 121
168 129
168 138
168 140
168 142
168 157
168 171
168 172
168 175
168 181
168 187
168 209
168 220
169 7
169 9
169 23
169 29
169 31
169 55
169 60
169 63
169 82
169 92
169 99
169 104
169 105
169 130
169 154
169 210
169 215
169 223
169 228
169 229
169 233
170 5
170 6
170 23
170 25
170 31
170 33
170 37
170 58
170 69
170 72
170 82
170 84
170 100
170 106
170 129
170 135
170 139
170 143
170 147
170 149
170 167
170 202
170 215
170 219
170 225
170 240
171 1
171 9
171 24
171 58
171 70
171 73
171 115
171 127
171 225
171 239
172 27
172 29
172 31
172 34
172 49
172 54
172 63
172 66
172 73
172 95
172 97
172 111
172 118
172 167
172 173
172 181
172 186
172 200
172 212
172 226
172 229
172 231
172 237
173 8
173 10
173 32
173 39
173 58
173 70
173 73
173 77
173 89
173 93
173 142
173 148
173 223
173 224
173 228
173 234
173 244
174 7
174 12
174 17
174 25
174 27
174 34
174 62
174 66
174 69
174 72
174 81
174 90
174 96
174 97
174 100
174 111
174 128
174 147
174 149
174 154
174 176
174 186
174 196
174 205
174 207
174 217
174 219
174 235
174 236
174 247
175 2
175 3
175 28
175 51
175 62
175 87
175 101
175 123
175 148
175 154
175 163
175 197
175 199
175 207
175 218
175 249
176 11
176 19
176 20
176 24
176 27
176 29
176 45
176 60
176 63
176 72
176 90
176 144
176 149
176 151
176 178
176 183
176 191
176 203
176 215
176 220
177 42
177 51
177 108
177 123
177 131
177 163
177 185
177 192
177 205
177 218
177 220
177 245
178 26
178 63
178 87
178 93
178 100
178 107
178 115
178 119
178 126
178 131
178 141
178 147
178 156
178 161
178 166
178 179
178 180
178 197
178 201
178 210
178 219
178 220
178 222
179 13
179 34
179 49
179 62
179 98
179 140
179 171
179 200
179 209
179 221
179 228
179 235
179 237
180 1
180 2
180 17
180 110
180 125
180 142
180 154
180 197
180 206
180 224
180 237
180 240
180 242
181 3
181 9
181 12
181 16
181 19
181 69
181 100
181 110
181 135
181 149
181 160
181 178
181 194
181 211
182 5
182 6
182 10
182 11
182 13
182 48
182 61
182 63
182 64
182 77
182 78
182 86
182 91
182 114
182 119
182 125
182 134
182 152
182 184
182 193
182 208
182 223
182 225
182 226
182 241
182 243
183 13
183 23
183 24
183 38
183 57
183 62
183 75
183 101
183 102
183 107
183 113
183 148
183 155
183 161
183 166
183 173
183 178
183 196
184 27
184 29
184 36
184 45
184 54
184 58
184 70
184 100
184 102
184 107
184 110
184 117
184 128
184 152
184 172
184 173
184 177
184 188
184 208
184 214
184 232
184 234
184 235
184 249
185 1
185 55
185 66
185 81
185 82
185 109
185 113
185 131
185 132
185 157
185 162
185 169
185 190
185 192
185 193
185 199
185 213
185 224
185 226
185 229
186 4
186 12
186 19
186 28
186 34
186 43
186 47
186 85
186 87
186 92
186 98
186 101
186 155
186 156
186 158
186 159
186 168
186 188
186 199
186 208
186 215
187 1
187 7
187 19
187 35
187 106
187 124
187 126
187 129
187 147
187 154
187 170
187 174
187 180
187 204
187 210
187 238
187 239
187 244
187 245
188 12
188 19
188 51
188 55
188 62
188 69
188 80
188 88
188 104
188 114
188 155
188 174
188 179
188 192
188 206
188 207
188 213
188 221
188 223
188 224
188 230
188 237
188 247
189 12
189 34
189 49
189 56
189 71
189 89
189 93
189 95
189 98
189 99
189 111
189 121
189 123
189 131
189 135
189 142
189 163
189 165
189 169
189 177
189 182
189 230
189 236
189 237
189 239
189 249
190 9
190 24
190 41
190 43
190 49
190 51
190 68
190 85
190 86
190 87
190 122
190 123
190 133
190 137
190 142
190 165
190 180
190 183
190 221
190 229
190 230
190 240
190 247
191 12
191 27
191 32
191 108
191 111
191 141
191 144
191 157
191 175
191 197
191 201
191 207
191 214
191 226
191 227
191 229
191 235
191 242
191 244
191 249
192 7
192 8
192 12
192 36
192 40
192 41
192 47
192 48
192 49
192 54
192 75
192 77
192 83
192 99
192 118
192 121
192 152
192 162
192 178
192 179
192 181
192 186
192 199
192 232
193 6
193 31
193 37
193 56
193 69
193 75
193 85
193 93
193 97
193 131
193 158
193 178
193 221
193 224
193 237
194 3
194 5
194 15
194 22
194 25
194 65
194 90
194 121
194 136
194 141
194 160
194 169
194 175
194 183
194 184
194 191
194 195
194 207
194 217
194 239
195 6
195 14
195 18
195 24
195 41
195 93
195 104
195 115
195 117
195 125
195 126
195 139
195 144
195 152
195 165
195 169
195 186
195 190
195 197
195 221
196 19
196 33
196 62
196 76
196 95
196 112
196 128
196 131
196 132
196 152
196 161
196 173
196 187
196 205
196 206
196 212
196 222
196 224
196 245
196 248
197 26
197 36
197 44
197 56
197 78
197 80
197 99
197 101
197 130
197 133
197 150
197 158
197 167
197 189
197 198
198 31
198 48
198 55
198 70
198 79
198 100
198 113
198 120
198 130
198 135
198 136
198 160
198 176
198 179
198 180
198 191
198 227
198 243
198 245
199 9
199 35
199 55
199 56
199 80
199 82
199 85
199 108
199 109
199 117
199 129
199 138
199 153
199 167
199 190
199 195
199 203
199 207
199 212
199 215
199 226
200 16
200 26
200 30
200 33
200 45
200 62
200 113
200 141
200 145
200 157
200 171
200 175
200 180
200 189
200 223
200 227
200 228
200 231
200 238
200 243
201 16
201 19
201 20
201 34
201 53
201 54
201 60
201 74
201 81
201 92
201 130
201 143
201 144
201 151
201 165
201 167
201 185
201 198
201 202
201 223
201 227
201 236
201 250
202 64
202 78
202 86
202 102
202 140
202 142
202 161
202 182
202 184
202 186
202 199
202 227
202 229
202 230
203 7
203 9
203 10
203 17
203 27
203 36
203 47
203 56
203 69
203 90
203 93
203 98
203 101
203 122
203 135
203 138
203 142
203 197
203 233
203 245
204 1
204 11
204 16
204 17
204 24
204 49
204 50
204 51
204 63
204 87
204 88
204 103
204 138
204 160
204 162
204 173
204 203
204 216
204 219
204 226
204 243
205 11
205 23
205 32
205 62
205 68
205 73
205 75
205 125
205 143
205 150
205 165
205 168
205 189
205 218
205 220
205 223
205 231
205 233
205 238
205 246
206 2
206 21
206 29
206 31
206 37
206 38
206 39
206 50
206 60
206 75
206 83
206 93
206 97
206 104
206 113
206 119
206 122
206 134
206 157
206 163
206 172
206 186
206 205
206 230
206 239
206 241
207 35
207 36
207 54
207 67
207 92
207 96
207 107
207 116
207 122
207 133
207 136
207 140
207 152
207 171
207 183
207 186
207 196
207 209
207 215
207 217
207 249
208 12
208 17
208 18
208 22
208 25
208 29
208 36
208 37
208 62
208 65
208 83
208 97
208 100
208 110
208 136
208 151
208 154
208 159
208 161
208 170
208 190
208 194
208 201
208 209
208 211
208 215
208 246
208 248
209 7
209 10
209 14
209 78
209 79
209 85
209 89
209 98
209 129
209 132
209 138
209 140
209 147
209 148
209 153
209 186
209 188
209 192
209 222
209 238
209 249
210 5
210 19
210 35
210 58
210 64
210 72
210 74
210 100
210 101
210 107
210 113
210 122
210 125
210 148
210 181
210 192
210 198
210 200
210 221
210 223
210 241
210 244
210 246
211 19
211 20
211 31
211 56
211 58
211 61
211 63
211 64
211 65
211 76
211 81
211 106
211 114
211 120
211 169
211 187
211 189
211 198
211 210
211 212
211 213
211 226
211 231
211 235
211 237
211 240
211 244
212 9
212 19
212 22
212 27
212 40
212 43
212 84
212 85
212 96
212 101
212 103
212 126
212 138
212 146
212 156
212 185
212 186
212 208
212 219
212 222
212 229
213 13
213 30
213 37
213 56
213 60
213 67
213 76
213 85
213 90
213 114
213 123
213 140
213 176
213 178
213 215
213 221
213 231
214 2
214 3
214 9
214 22
214 29
214 61
214 71
214 77
214 92
214 100
214 115
214 118
214 121
214 124
214 126
214 135
214 143
214 146
214 156
214 159
214 169
214 195
214 199
214 200
214 201
214 205
214 207
214 216
214 219
214 223
214 228
214 246
215 7
215 14
215 32
215 33
215 34
215 38
215 44
215 46
215 49
215 52
215 99
215 118
215 121
215 132
215 138
215 154
215 173
215 189
215 214
215 218
215 236
216 31
216 34
216 77
216 98
216 99
216 122
216 137
216 155
216 170
216 171
216 180
216 182
216 194
216 213
216 221
216 225
216 230
216 233
216 247
217 7
217 11
217 14
217 20
217 32
217 39
217 58
217 71
217 81
217 91
217 104
217 121
217 127
217 140
217 154
217 155
217 161
217 221
217 233
217 238
218 29
218 30
218 31
218 42
218 43
218 75
218 78
218 98
218 99
218 102
218 106
218 114
218 124
218 129
218 131
218 133
218 159
218 173
218 179
218 191
218 209
218 212
218 233
218 242
218 243
219 29
219 30
219 31
219 33
219 51
219 101
219 103
219 116
219 121
219 141
219 159
219 163
219 183
219 216
219 248
220 30
220 38
220 48
220 74
220 92
220 93
220 101
220 106
220 116
220 122
220 135
220 186
220 200
220 207
220 229
221 14
221 41
221 60
221 64
221 99
221 104
221 108
221 113
221 117
221 120
221 121
221 153
221 192
221 202
221 220
221 223
221 228
222 2
222 8
222 21
222 30
222 32
222 33
222 35
222 41
222 47
222 60
222 71
222 79
222 92
222 93
222 97
222 122
222 128
222 130
222 153
222 162
222 182
222 185
222 186
222 201
222 208
222 210
222 214
222 237
223 3
223 25
223 26
223 30
223 36
223 39
223 55
223 68
223 69
223 76
223 127
223 128
223 132
223 135
223 140
223 148
223 156
223 162
223 166
223 176
223 197
223 198
223 236
223 239
223 240
224 11
224 19
224 23
224 57
224 60
224 64
224 74
224 78
224 93
224 142
224 149
224 151
224 160
224 165
224 174
224 195
224 206
224 232
224 237
224 245
225 2
225 4
225 21
225 23
225 47
225 62
225 71
225 74
225 90
225 136
225 156
225 158
225 197
225 203
225 218
225 219
225 221
225 229
226 17
226 21
226 49
226 72
226 77
226 118
226 160
226 166
226 169
226 183
226 200
226 224
226 230
227 2
227 13
227 15
227 16
227 23
227 36
227 50
227 59
227 68
227 105
227 126
227 132
227 137
227 166
227 189
227 196
227 214
227 223
227 226
227 236
228 1
228 28
228 36
228 39
228 46
228 70
228 73
228 86
228 114
228 116
228 126
228 180
228 190
228 192
228 206
228 208
228 220
228 225
228 232
228 237
228 247
229 26
229 47
229 55
229 63
229 80
229 81
229 82
229 99
229 113
229 118
229 120
229 141
229 145
229 151
229 158
229 180
229 189
229 236
229 250
230 1
230 19
230 22
230 26
230 52
230 62
230 66
230 72
230 73
230 84
230 98
230 100
230 118
230 129
230 135
230 138
230 158
230 163
230 170
230 183
230 192
230 196
230 221
230 228
230 232
231 6
231 35
231 38
231 51
231 54
231 66
231 74
231 82
231 112
231 142
231 159
231 162
231 170
231 171
231 176
231 178
231 191
231 194
231 215
231 222
232 12
232 19
232 20
232 24
232 33
232 38
232 46
232 56
232 69
232 71
232 89
232 95
232 147
232 164
232 172
232 186
232 199
232 208
232 209
232 223
232 237
232 250
233 22
233 46
233 64
233 65
233 68
233 70
233 87
233 90
233 95
233 111
233 122
233 140
233 148
233 166
233 167
233 179
233 181
233 182
233 183
233 189
233 201
233 210
233 212
233 221
234 27
234 32
234 33
234 43
234 53
234 65
234 66
234 68
234 125
234 139
234 143
234 155
234 190
234 195
234 216
234 217
234 228
235 2
235 4
235 9
235 11
235 17
235 28
235 30
235 37
235 55
235 62
235 70
235 73
235 109
235 125
235 127
235 132
235 156
235 178
235 187
235 197
235 222
235 227
235 239
235 246
236 8
236 29
236 32
236 44
236 45
236 53
236 55
236 89
236 97
236 109
236 139
236 148
236 182
236 228
236 235
237 10
237 41
237 66
237 76
237 77
237 80
237 86
237 93
237 107
237 117
237 124
237 126
237 141
237 153
237 156
237 165
237 166
237 169
237 178
237 204
237 205
237 220
237 221
237 238
237 241
238 4
238 38
238 39
238 41
238 91
238 93
238 99
238 113
238 114
238 124
238 130
238 132
238 145
238 193
238 211
238 215
238 219
238 224
238 239
239 19
239 22
239 29
239 43
239 49
239 57
239 63
239 80
239 148
239 160
239 173
239 192
239 201
239 228
239 234
239 237
240 7
240 16
240 21
240 26
240 40
240 43
240 64
240 73
240 89
240 90
240 92
240 104
240 108
240 142
240 161
240 178
240 192
240 199
240 206
240 215
240 216
240 222
241 11
241 27
241 28
241 45
241 57
241 67
241 81
241 93
241 94
241 96
241 110
241 112
241 115
241 122
241 124
241 140
241 141
241 150
241 153
241 165
241 215
241 229
241 234
242 1
242 2
242 8
242 20
242 28
242 55
242 68
242 75
242 87
242 88
242 92
242 93
242 108
242 135
242 149
242 158
242 181
242 227
242 231
243 4
243 18
243 53
243 68
243 73
243 80
243 91
243 92
243 115
243 124
243 136
243 162
243 166
243 167
243 245
244 18
244 66
244 85
244 103
244 104
244 110
244 116
244 119
244 121
244 127
244 152
244 166
244 207
244 209
244 228
244 233
244 241
245 9
245 15
245 30
245 34
245 45
245 46
245 58
245 66
245 73
245 89
245 90
245 104
245 112
245 124
245 126
245 152
245 188
245 199
245 228
245 236
245 240
245 249
246 10
246 14
246 16
246 38
246 65
246 88
246 105
246 165
246 175
246 177
246 200
246 204
246 211
246 217
246 219
246 228
247 1
247 2
247 5
247 7
247 36
247 50
247 58
247 70
247 72
247 81
247 90
247 91
247 99
247 119
247 129
247 136
247 138
247 147
247 148
247 171
247 175
247 184
247 215
247 233
247 234
248 42
248 46
248 59
248 81
248 90
248 91
248 95
248 98
248 109
248 116
248 128
248 136
248 140
248 141
248 159
248 195
248 207
248 217
248 229
248 231
248 245
249 10
249 29
249 43
249 52
249 71
249 72
249 78
249 83
249 101
249 102
249 110
249 123
249 126
249 129
249 150
249 157
249 173
249 198
249 206
249 240
249 241
249 250
250 9
250 10
250 32
250 71
250 79
250 90
250 95
250 127
250 135
250 152
250 154
250 156
250 184
250 203
250 218
250 226
250 228

