100 250
42 3 1 2 6 46 6 10 1 6 35 14 24 19 1 32 87 36 5 1 12 1 4 15 12 49 23 29 53 16 23 1 8 4 11 28 27 12 10 1 7 4 13 4 6 38 29 23 28 8 31 3 12 2 25 17 11 24 42 34 33 5 5 10 3 19 6 43 40 5 8 4 4 2 7 5 5 8 29 13 25 6 3 7 3 23 9 6 18 4 29 13 22 1 12 12 16 9 17 9 
1 49
1 51
1 61
1 63
1 75
1 95
2 62
3 89
4 19
5 8
5 96
6 12
6 58
6 92
6 94
7 31
7 42
8 16
8 46
9 46
10 27
10 39
10 65
11 8
11 45
11 95
12 25
12 38
12 98
13 24
13 68
13 78
14 18
14 79
15 21
15 30
15 89
16 17
17 21
17 26
17 63
17 68
17 77
17 83
18 6
18 34
18 89
19 24
19 67
20 87
21 24
21 54
22 46
23 68
24 17
24 95
25 31
25 43
25 68
26 70
27 5
27 92
28 48
28 50
28 57
29 1
29 18
29 43
29 57
29 71
29 100
30 37
31 11
31 51
31 91
32 11
32 55
32 61
33 46
34 39
35 4
35 45
36 40
37 7
37 23
37 73
38 67
38 77
38 91
38 94
39 47
40 11
40 26
40 76
41 30
41 62
42 100
43 26
43 69
43 74
44 17
44 36
45 55
46 31
46 35
46 64
46 93
47 14
47 66
47 68
47 76
47 81
48 29
48 36
48 50
48 53
48 68
48 72
49 5
49 16
50 16
50 24
50 66
51 18
51 25
51 90
52 2
52 32
52 74
52 87
53 26
53 28
53 39
53 54
53 73
53 85
54 84
55 49
55 84
56 5
56 6
56 27
56 60
57 78
58 19
58 28
59 1
59 5
59 51
59 62
59 86
59 98
60 14
60 26
60 33
60 58
61 13
61 34
61 93
61 99
62 17
62 83
63 32
64 26
64 54
64 59
65 27
65 29
66 16
67 57
68 49
69 6
69 36
69 51
69 71
69 77
70 54
71 64
72 66
72 80
73 1
73 2
73 17
73 78
74 86
74 96
75 69
75 79
76 8
77 63
77 70
77 84
78 1
78 79
78 93
79 25
79 60
79 63
80 21
80 96
81 30
81 56
81 63
81 73
81 91
82 33
82 41
82 87
83 28
83 66
84 38
85 37
86 27
86 51
86 54
87 29
87 93
88 28
88 38
88 65
88 80
89 16
89 56
89 58
90 38
90 55
91 14
91 28
91 34
91 35
91 58
91 77
92 26
92 37
92 75
93 36
94 36
95 13
95 36
95 81
96 99
97 5
97 24
97 76
98 97
99 11
99 49
99 64
99 69
100 32

