200 50
1 982185734 4050969491 1 1 1 3396486360 3834210703 3467975371 4166656107 1 1 3642611047 3165108477 9 156789407 2 1989017278 599889133 3831699737 653145252 3420875315 3421830784 1090324866 1 1760084487 3581571973 1804539418 1343937742 9 40898968 1 26287591 2565228497 1 3 1388327951 3852792064 3328855373 4 1 2553871175 1 1 1 1 1 2107889711 4060123406 3774687657 3058850345 1 869951022 3878065687 1381689295 4211846060 3025202792 2371169457 4141651456 5 2 2356586112 1 3083447831 1 3605424017 3094679052 4144142886 3306565421 2885185144 2716375021 1234379994 4035372245 1 2 1 1160881483 4029421042 1304882773 3928879043 3764781241 497874580 1 2600153087 1 2 145708366 1473330675 1280252429 1 1 1425588224 3595236582 6 130426476 3 1390003965 2070277003 1 1396943226 1215774453 3338703410 1 1762286539 2389857436 1 1 1 3019175519 1 2513173895 177365628 3771268168 2383772082 388456922 4148351813 712533655 2742287915 3 1 1428049959 1 953930443 3 408242666 2167643102 3929745757 3932796506 1960167713 475890943 2974226096 4 1 4 1 3115157856 3670346201 1 2476805277 1 187714775 1 2 3 1 1532979623 1 1 3991720351 1770187977 1 3079666030 2675517477 1 899368779 405378042 2509156296 1 1925418838 2 3251028386 3 4212343121 2248118875 1 552526883 50274491 2661635852 4013864234 3043969910 424345575 1 3020727716 956927317 703572033 169495694 2571777782 1 4048836453 2926318480 2207965297 1 1 3620543678 4174676937 4285206457 3772160479 2529513764 517792180 676619913 2 3258985573 1 1951271503 1301995906 1 1 1 1 1 
5 61
6 76
12 30
15 4
15 119
17 85
25 11
30 74
30 165
36 15
40 119
41 61
43 158
44 124
46 193
47 60
75 1
75 133
86 32
86 183
90 94
91 143
94 60
96 45
106 154
107 60
108 124
110 99
120 94
122 35
134 63
135 142
140 83
143 103
144 132
144 162
147 132
148 160
151 182
162 160
172 138
178 134
191 17
191 96
193 145
196 40
196 52
197 65
199 36
200 198

