200 250
3 4 1 16 8 23 2 1 6 6 1 3 1 1 609753280 4 1 1 46 7 3057241544 1 1 1 1 28 41 2 4 4 1 1 1 3 7 12 2 1 2 3418896991 1 3 1 1 16 6 1 3 1 8 35 1 2 1 3 3 1 7 1 4 2 2713299619 12 2 8 3 2 2 1 2781227437 2 11 1 1 1903955202 2821496526 1 6 9 1 2 3 2078106857 2 1 2236408064 9 1 9 3 24 3 1 1 1 1 4 28 2 4 14 9 3 5 1 2 46 5 3 3 1 12 2 1 706422723 958537511 7 10 15 1 24 8 1 6 27 5 2 13 1 9 2 6 1 1 7 3 2761279947 1 3 1 2 1 1 13 1 8 3 1 7 1 1 6 3862658277 4 1 1770558475 8 3 7 2 16 4 4 4 4 1 1 5 1 1 2 1 6 3 1 7 1 3 6 5 1 6 7 2 4 2 17 1 3 2 3 1 3 1 1 8 1206661047 1 5 2 
3 51
3 146
4 25
5 7
5 91
5 193
6 27
7 10
8 167
9 10
9 141
9 165
12 29
12 60
16 165
17 23
19 71
19 102
19 149
19 187
19 196
23 110
26 7
26 27
26 104
26 132
28 112
28 130
29 41
30 68
31 79
33 187
34 72
34 91
36 87
36 91
36 110
37 18
37 149
39 147
39 174
41 119
44 101
44 200
45 126
45 161
46 162
46 183
47 181
49 1
49 85
50 7
50 55
50 108
51 45
51 58
51 80
51 131
52 199
53 19
53 92
54 48
55 79
58 161
58 168
59 48
61 52
63 13
63 43
63 121
63 148
64 177
64 199
65 24
65 98
67 182
68 11
68 19
71 134
72 140
73 16
74 88
78 23
79 119
79 136
79 158
81 4
81 164
82 50
82 89
82 135
84 49
85 198
87 54
88 182
89 185
91 35
91 46
92 149
93 182
95 42
96 103
97 90
97 113
97 184
98 54
98 121
99 142
100 192
101 48
101 112
101 128
102 60
102 106
102 163
103 66
104 180
105 189
105 199
107 27
107 35
107 65
107 118
107 165
108 6
108 71
108 87
108 100
109 4
109 98
109 165
111 67
112 61
112 117
113 118
114 117
117 118
117 200
119 130
121 6
121 135
122 2
123 26
123 144
124 6
124 127
125 1
125 51
125 78
125 102
125 144
126 8
126 152
128 122
128 127
129 3
129 99
130 2
131 27
131 34
132 84
132 101
133 56
133 186
135 120
135 198
138 27
139 65
139 78
141 169
143 78
144 36
144 38
145 22
146 97
147 20
147 23
147 136
147 157
148 4
148 118
149 94
149 107
150 60
150 148
151 42
152 66
152 125
154 72
154 74
155 61
157 121
158 45
158 58
159 186
160 5
161 56
162 124
162 170
163 27
163 159
164 30
165 41
166 158
168 6
168 57
169 133
171 58
171 98
172 32
173 14
173 29
173 159
174 119
175 20
176 65
176 121
176 146
178 71
178 90
179 63
179 80
179 93
179 198
180 20
180 146
182 69
183 27
183 30
183 105
184 66
185 106
187 10
187 98
187 104
188 124
189 98
190 89
190 122
191 48
191 72
191 107
193 160
194 128
195 172
196 35
196 161
198 157
199 26
199 77

