50 750
190 233 28 20 555 355 517 254 104 555 911 24 271 958 686 611 374 827 677 441 771 257 583 508 399 538 1142 89 193 367 41 193 254 819 454 401 246 166 940 87 387 702 421 24 227 81 608 220 579 84 
1 2
1 5
1 6
1 9
1 10
1 14
1 19
1 20
1 22
1 23
1 24
1 29
1 31
1 33
1 36
1 39
1 40
1 42
1 44
1 47
2 5
2 8
2 9
2 11
2 12
2 15
2 17
2 21
2 25
2 26
2 28
2 29
2 30
2 36
2 37
2 43
2 45
2 50
3 1
3 2
3 7
3 10
3 15
3 16
3 17
3 20
3 22
3 23
3 24
3 25
3 32
3 34
3 37
3 38
3 40
3 41
3 44
3 49
3 50
4 1
4 2
4 3
4 5
4 6
4 11
4 15
4 22
4 24
4 27
4 28
4 30
4 31
4 36
4 39
4 40
5 10
5 12
5 19
5 22
5 25
5 27
5 28
5 29
5 38
5 39
5 47
6 3
6 7
6 9
6 21
6 26
6 27
6 30
6 32
6 40
6 43
7 1
7 19
7 22
7 23
7 27
7 29
7 31
7 34
7 37
7 38
7 43
7 47
7 48
8 3
8 6
8 7
8 9
8 11
8 12
8 14
8 15
8 16
8 17
8 19
8 21
8 29
8 30
8 31
8 32
8 38
8 41
8 43
8 44
8 45
8 47
8 48
8 50
9 13
9 15
9 16
9 24
9 29
9 41
9 44
9 46
9 48
9 49
9 50
10 4
10 9
10 13
10 16
10 17
10 18
10 21
10 26
10 27
10 30
10 32
10 34
10 39
10 42
10 48
10 50
11 5
11 10
11 16
11 19
11 21
11 24
11 26
11 27
11 28
11 38
11 39
11 46
11 48
11 49
11 50
12 7
12 9
12 13
12 19
12 24
12 25
12 26
12 27
12 29
12 36
12 40
12 43
12 46
12 50
13 1
13 3
13 6
13 7
13 11
13 15
13 17
13 18
13 20
13 23
13 24
13 27
13 29
13 30
13 31
13 32
13 34
13 35
13 40
13 43
13 46
14 3
14 4
14 5
14 11
14 12
14 13
14 19
14 20
14 21
14 24
14 30
14 34
14 35
14 37
14 38
14 41
14 44
14 45
14 46
15 10
15 11
15 14
15 18
15 19
15 23
15 27
15 28
15 30
15 31
15 33
15 38
15 39
15 40
15 46
15 47
15 49
16 2
16 6
16 14
16 15
16 18
16 21
16 28
16 29
16 34
16 36
16 37
16 40
16 43
16 44
16 45
17 1
17 4
17 5
17 9
17 12
17 14
17 16
17 24
17 28
17 31
17 33
17 37
17 38
17 44
17 46
17 48
18 2
18 6
18 7
18 9
18 11
18 21
18 30
18 32
18 37
18 43
18 45
19 10
19 13
19 16
19 17
19 18
19 21
19 33
19 39
19 41
19 45
19 50
20 5
20 6
20 9
20 15
20 18
20 19
20 25
20 32
20 33
20 34
20 38
20 41
20 42
20 43
20 50
21 1
21 3
21 7
21 17
21 20
21 24
21 26
21 31
21 33
21 34
21 36
21 37
21 39
21 47
22 6
22 8
22 11
22 12
22 13
22 19
22 21
22 27
22 28
22 30
22 34
22 36
22 39
22 42
22 45
23 2
23 4
23 5
23 8
23 9
23 12
23 14
23 16
23 17
23 19
23 22
23 27
23 29
23 30
23 31
23 34
23 40
23 43
23 45
23 47
23 48
23 49
24 10
24 15
24 20
24 25
24 29
24 31
24 34
24 35
24 37
24 44
24 45
24 50
25 4
25 7
25 13
25 16
25 17
25 19
25 36
25 37
25 39
25 40
25 41
25 42
25 43
25 44
25 47
25 49
25 50
26 1
26 3
26 4
26 8
26 19
26 20
26 22
26 28
26 34
26 36
26 37
26 40
26 43
26 48
26 49
26 50
27 1
27 2
27 3
27 9
27 14
27 18
27 21
27 25
27 32
27 33
27 35
27 38
27 39
27 41
27 45
27 48
27 49
28 3
28 12
28 14
28 18
28 21
28 24
28 27
28 30
28 35
28 39
28 41
28 47
28 49
28 50
29 18
29 19
29 21
29 26
29 35
29 37
29 38
29 41
29 43
29 44
29 45
29 47
29 50
30 5
30 12
30 19
30 20
30 21
30 25
30 27
30 32
30 38
30 39
30 43
30 44
30 48
31 6
31 9
31 10
31 12
31 14
31 16
31 18
31 20
31 25
31 27
31 28
31 30
31 32
31 39
31 42
31 44
31 50
32 5
32 7
32 12
32 15
32 16
32 21
32 28
32 35
32 37
32 41
32 43
32 45
32 46
33 2
33 3
33 4
33 5
33 6
33 7
33 11
33 14
33 22
33 23
33 24
33 25
33 29
33 30
33 32
33 34
33 35
33 36
33 41
33 43
33 46
33 47
34 4
34 5
34 8
34 11
34 15
34 17
34 18
34 36
34 38
34 39
34 43
34 44
34 49
35 1
35 4
35 5
35 7
35 10
35 11
35 12
35 15
35 16
35 17
35 18
35 20
35 26
35 30
35 42
35 46
35 47
35 49
35 50
36 3
36 5
36 6
36 8
36 11
36 13
36 17
36 20
36 40
36 41
36 42
36 43
36 44
36 45
36 48
37 8
37 10
37 12
37 13
37 19
37 20
37 22
37 23
37 28
37 35
37 36
37 39
37 46
38 10
38 12
38 19
38 35
38 37
38 41
38 42
39 2
39 3
39 6
39 8
39 9
39 12
39 16
39 18
39 20
39 24
39 29
39 38
39 40
39 41
39 42
39 43
39 47
39 50
40 2
40 5
40 8
40 9
40 11
40 14
40 17
40 18
40 20
40 21
40 27
40 29
40 31
40 34
40 35
40 38
40 41
40 42
40 43
40 44
40 45
40 46
40 48
40 50
41 4
41 10
41 11
41 12
41 15
41 18
41 21
41 22
41 23
41 24
41 31
41 37
42 3
42 11
42 12
42 13
42 15
42 16
42 18
42 19
42 21
42 27
42 30
42 34
42 37
42 46
42 47
43 3
43 4
43 5
43 9
43 11
43 15
43 17
43 19
43 22
43 27
43 28
43 37
43 50
44 4
44 11
44 13
44 15
44 18
44 27
44 32
44 35
44 45
44 46
44 48
44 49
45 5
45 10
45 12
45 17
45 28
45 30
45 31
45 33
45 38
45 39
45 42
45 43
45 46
46 1
46 2
46 5
46 8
46 18
46 21
46 22
46 23
46 31
46 36
46 38
46 41
46 43
47 2
47 3
47 10
47 12
47 13
47 14
47 16
47 17
47 34
47 36
47 41
47 45
47 50
48 25
48 31
48 33
48 34
48 37
48 42
48 50
49 2
49 4
49 5
49 12
49 13
49 16
49 17
49 18
49 19
49 22
49 24
49 32
49 39
49 47
50 15
50 16
50 21
50 22
50 32
50 33
50 36
50 38
50 41
50 42

