300 2000
60 109 4 100 104 3 283 177 27 90 222 14 216 349 148 37 37 66 217 89 110 335 144 75 95 116 55 212 152 28 77 49 55 102 71 26 137 9 144 62 121 29 42 38 104 3 4 14 94 3 292 169 6 230 311 1 104 120 224 72 1 102 44 3 8 54 72 278 34 48 122 238 69 236 51 11 351 2 160 25 101 91 109 181 54 141 177 49 17 186 202 11 240 210 72 162 21 189 16 28 105 26 247 74 321 145 1 16 133 159 72 70 111 3 90 8 24 46 85 233 121 19 135 112 90 24 107 45 37 61 8 212 11 156 77 48 71 128 37 124 22 71 41 27 217 3 67 202 64 10 45 71 137 167 73 58 18 110 81 106 51 96 70 187 324 117 6 158 70 125 122 104 168 41 212 119 85 71 118 63 182 25 53 36 32 29 17 146 7 144 232 48 28 233 159 146 24 27 190 35 2 63 263 10 7 35 63 23 8 36 143 99 43 154 226 284 13 27 111 21 88 157 5 95 56 271 215 93 129 27 101 159 43 232 170 253 77 39 3 20 46 99 220 20 154 13 246 56 119 3 145 41 187 220 4 16 156 189 43 103 175 26 167 15 19 136 61 47 96 151 213 191 18 178 308 166 114 40 36 119 64 44 246 111 42 197 53 111 25 37 279 33 191 32 75 1 16 47 62 142 
1 11
1 15
1 21
1 29
1 39
1 62
1 100
1 211
1 222
1 239
1 251
1 259
2 89
2 161
2 171
2 222
2 229
2 237
2 270
2 298
3 19
3 40
3 68
3 84
3 142
3 160
3 199
4 22
4 34
4 73
4 83
4 179
4 189
4 210
4 300
5 1
5 82
5 91
5 95
5 96
5 161
5 195
5 251
5 267
6 46
6 113
6 242
6 286
7 1
7 24
7 25
7 40
7 54
7 123
7 148
7 244
7 248
8 81
8 110
8 162
8 245
8 270
8 293
9 140
9 203
9 212
9 235
9 252
9 276
10 32
10 60
10 165
10 191
10 212
10 232
10 300
11 37
11 87
11 93
11 98
11 117
11 128
11 132
11 144
11 173
11 191
11 232
11 296
12 39
12 98
12 135
12 149
13 9
13 10
13 28
13 67
13 112
13 119
13 150
13 175
13 245
13 284
13 287
13 289
13 295
14 32
14 37
14 70
14 101
14 106
14 126
14 230
14 250
15 7
15 26
15 54
15 94
15 129
15 178
15 206
15 240
16 13
16 103
16 163
16 227
16 229
16 235
17 24
17 94
17 166
17 236
18 13
18 66
18 72
18 88
18 148
18 151
18 153
18 202
18 276
19 67
19 99
19 117
19 141
19 177
19 186
19 187
19 231
19 296
20 48
20 139
20 142
20 186
20 214
20 251
20 276
21 97
21 159
21 256
22 52
22 113
22 140
22 155
22 167
22 173
22 231
22 234
22 241
23 67
23 133
23 166
23 180
23 218
23 223
23 225
23 275
23 281
23 293
24 19
24 112
24 135
24 186
24 194
24 210
24 275
25 109
25 125
25 136
26 9
26 17
26 67
26 94
26 158
26 242
26 255
26 299
27 195
27 199
28 32
28 70
28 142
28 166
28 189
28 198
28 212
28 256
29 56
29 127
29 155
29 218
29 222
29 286
30 90
30 167
30 244
30 286
31 8
31 46
31 85
31 107
31 134
31 190
31 221
31 234
31 239
31 247
31 253
31 265
31 292
32 50
32 58
32 77
32 91
32 139
32 175
32 178
32 211
32 214
32 300
33 2
33 6
33 31
33 57
33 101
33 124
33 178
33 193
33 292
34 14
34 23
34 37
34 64
34 148
34 157
34 205
34 231
34 237
34 275
34 285
34 287
35 277
35 286
35 295
36 58
36 59
36 179
36 244
36 269
37 84
37 131
37 181
37 215
37 265
38 180
39 72
39 93
39 269
40 37
40 86
40 136
40 267
40 268
40 269
40 300
41 53
41 203
41 226
41 229
41 257
41 290
42 138
42 183
43 33
43 59
43 120
43 176
43 217
43 220
44 41
44 61
44 64
44 147
44 212
44 214
44 229
44 240
44 284
45 95
45 144
45 247
45 283
46 13
46 130
46 173
46 256
47 4
47 24
47 234
47 286
47 299
48 50
48 94
48 101
48 132
48 157
48 180
48 298
49 14
49 23
49 39
49 154
49 186
49 221
49 286
50 248
51 5
51 78
51 88
51 105
51 161
51 173
51 248
51 261
51 272
52 81
52 121
52 136
52 157
52 188
52 216
52 276
53 52
53 78
53 143
53 232
53 250
53 255
53 277
54 12
54 21
54 69
54 95
54 97
54 132
54 150
54 194
54 213
54 231
54 243
54 270
55 37
55 89
55 168
55 189
55 221
55 233
55 250
55 288
56 12
56 46
56 50
56 51
56 67
56 83
56 135
57 3
57 28
57 71
57 87
57 104
57 158
57 171
57 176
58 51
58 72
58 95
58 108
58 167
58 233
58 246
58 249
59 14
59 31
59 45
59 81
59 91
59 129
59 131
59 239
59 297
60 40
60 231
60 234
61 148
61 151
61 162
61 179
62 76
62 133
62 150
62 183
62 190
62 196
62 295
63 120
63 181
63 207
63 228
64 15
64 56
64 139
64 238
64 279
65 32
65 43
65 91
65 104
65 215
66 41
66 96
66 139
66 209
66 236
66 300
67 43
67 90
67 127
67 152
67 252
68 49
68 106
68 133
68 151
68 169
68 177
68 187
68 190
68 209
68 236
68 237
68 242
68 243
68 254
69 6
69 55
69 118
70 8
70 19
70 221
70 287
71 82
71 119
71 214
71 297
72 13
72 14
72 149
72 153
72 239
73 27
73 70
73 76
73 157
73 222
73 264
73 271
73 274
73 283
74 9
74 14
74 31
74 39
74 100
74 156
74 165
74 170
74 285
75 141
75 196
75 227
76 25
76 105
76 182
76 224
77 48
77 52
77 76
77 90
77 111
77 130
77 161
77 177
77 270
77 287
77 292
78 8
78 115
78 267
79 99
79 118
79 120
79 131
79 245
80 88
80 94
80 159
80 176
80 221
80 226
80 291
81 37
81 62
81 138
81 145
81 202
81 221
81 281
82 11
82 61
82 87
82 142
82 145
82 224
82 242
82 247
82 259
82 262
83 29
83 44
83 75
83 158
83 239
83 275
84 20
84 72
84 123
84 163
84 263
85 108
85 119
85 203
85 289
86 14
86 47
86 56
86 73
86 87
86 142
86 184
86 201
86 209
87 8
87 15
87 137
87 163
87 178
87 228
88 58
88 101
88 105
88 106
88 124
88 150
89 14
89 15
89 20
89 102
89 142
89 146
89 277
90 38
90 53
90 86
90 91
90 137
90 155
90 248
90 272
91 14
91 28
91 50
91 96
91 246
92 180
92 226
92 228
92 276
92 291
93 45
93 48
93 51
93 75
93 77
93 80
93 84
93 94
93 134
93 190
93 191
94 105
94 158
94 181
94 193
94 222
94 273
94 279
95 6
95 25
95 55
95 57
95 87
95 131
95 261
96 4
96 117
96 167
96 266
97 64
97 95
97 101
97 135
97 167
97 191
97 209
97 220
97 226
97 261
97 278
98 25
98 57
98 102
98 107
98 119
98 157
98 167
98 247
98 293
99 2
99 54
99 60
99 74
99 92
99 101
99 158
99 172
99 233
99 255
99 272
100 7
100 117
100 152
100 175
100 193
100 257
100 289
101 2
101 65
101 95
101 140
101 204
101 210
101 221
102 7
102 165
102 194
103 33
103 99
103 124
103 126
103 214
103 239
103 264
103 269
103 280
104 39
104 43
104 52
104 88
104 112
104 128
104 174
104 252
105 24
105 52
105 89
105 92
105 96
105 148
105 164
105 200
105 300
106 8
106 71
106 135
106 184
106 213
106 291
107 84
107 93
107 104
107 266
108 79
108 130
108 210
108 246
109 132
109 166
109 168
109 216
110 43
110 122
110 160
110 253
110 257
110 299
111 5
111 48
111 93
111 214
111 286
112 45
112 70
112 78
112 123
112 124
112 166
112 250
112 251
112 285
113 59
113 71
113 123
113 196
113 232
113 263
113 266
114 61
114 115
114 132
114 172
114 258
114 292
115 6
115 83
115 136
115 173
115 180
115 212
115 264
115 271
115 274
115 275
116 35
116 225
117 18
117 251
117 285
118 8
118 12
118 131
118 212
119 28
119 67
119 107
119 216
119 260
120 19
120 36
120 92
120 172
120 175
120 199
120 201
120 233
120 291
121 39
121 57
121 90
121 132
121 172
122 1
122 19
122 31
122 39
122 162
122 210
123 23
123 27
123 36
123 50
123 52
123 271
123 285
123 286
124 7
124 22
124 120
124 163
124 182
124 189
124 239
124 297
125 7
125 15
125 66
125 158
125 286
125 288
126 10
126 21
126 41
126 157
126 202
126 232
126 288
127 12
127 109
127 134
127 206
127 259
128 29
128 41
128 67
128 109
128 253
128 285
128 298
129 13
129 22
129 35
129 98
129 125
129 127
130 6
130 167
130 190
130 197
130 245
130 275
131 4
131 55
131 78
131 90
131 108
131 261
132 21
132 44
132 63
132 152
132 247
132 280
132 295
133 29
133 72
133 142
133 247
133 260
134 22
134 68
134 109
134 184
134 256
134 269
134 271
134 295
134 300
135 15
135 55
135 122
135 130
135 185
135 272
136 21
136 134
136 147
136 197
136 233
136 241
136 289
137 14
137 51
137 59
137 121
137 171
137 173
137 224
137 235
137 255
137 292
137 296
138 17
138 103
138 111
138 144
138 148
138 192
138 214
138 275
139 35
139 51
139 234
139 300
140 67
140 68
140 150
140 233
140 256
140 281
141 7
141 171
141 218
141 271
141 285
142 103
142 176
142 203
142 206
142 275
143 80
143 227
143 258
144 96
144 111
145 22
145 71
145 120
145 153
145 156
145 243
145 262
145 266
146 79
146 136
147 42
147 49
147 299
148 75
148 101
148 121
148 175
148 192
148 232
148 233
148 297
149 15
149 130
149 224
149 250
150 41
150 46
150 90
150 166
150 230
150 254
151 1
151 2
151 10
151 270
151 284
151 288
152 72
152 155
152 189
152 201
152 210
152 222
153 16
153 106
153 151
153 157
153 194
153 279
154 81
154 128
154 151
154 171
154 211
154 231
154 299
155 181
155 299
156 157
156 159
156 278
156 288
157 64
157 77
157 87
157 164
157 171
157 183
157 189
157 269
158 5
158 51
158 78
158 106
158 119
158 172
158 180
158 274
158 286
159 53
159 99
159 141
159 187
159 212
159 272
159 297
160 83
160 97
160 155
160 169
160 222
160 244
161 82
161 89
161 113
161 217
161 230
161 231
161 263
162 7
162 57
162 85
162 182
162 213
162 237
162 290
163 105
163 154
163 181
163 246
163 249
164 40
164 96
164 183
164 234
164 290
165 4
165 6
165 22
165 32
165 65
165 73
165 116
165 149
165 211
165 243
165 256
165 279
166 7
166 45
166 87
166 147
166 177
166 244
166 285
166 297
167 94
167 180
167 238
168 3
168 47
168 48
168 141
168 170
168 227
168 255
168 280
168 289
169 8
169 10
169 211
169 218
169 256
170 34
170 81
170 232
170 253
170 267
170 293
171 10
171 273
171 291
171 294
172 14
172 44
172 53
172 60
172 84
172 122
172 129
173 27
173 75
173 179
173 218
173 221
173 259
173 298
174 29
174 59
174 74
174 85
174 98
174 162
174 192
174 260
175 5
175 55
175 87
175 89
175 166
175 204
175 247
175 260
175 267
176 77
176 143
176 148
176 156
176 162
176 212
176 214
176 272
176 276
176 290
177 22
177 100
177 113
177 170
177 218
177 265
178 113
178 145
178 156
178 234
178 282
179 1
179 192
179 194
179 245
179 287
180 16
180 71
180 96
180 113
180 137
180 172
180 179
180 190
180 220
180 270
180 271
180 292
181 20
181 28
181 101
181 197
181 218
181 247
181 263
182 18
182 131
182 165
182 174
182 183
182 233
182 271
182 273
183 2
183 106
183 120
183 291
183 299
184 44
184 143
184 168
185 4
185 69
185 127
185 222
185 240
185 282
186 37
186 42
186 70
186 108
186 164
186 169
186 233
187 104
187 114
187 182
187 238
187 249
188 8
188 30
188 35
188 38
188 59
188 192
188 208
188 226
188 262
189 142
189 161
189 206
189 269
189 270
190 13
190 19
190 66
190 145
190 183
190 210
190 231
190 252
190 281
190 283
190 299
191 33
191 89
191 126
191 153
191 163
191 234
191 239
191 243
191 257
191 298
192 61
192 88
192 103
192 106
192 118
192 120
192 121
192 136
192 249
193 61
193 101
193 199
194 3
194 57
194 123
194 149
194 229
195 11
195 13
195 22
195 99
195 103
195 173
195 194
195 199
195 203
196 10
196 77
196 78
196 137
196 161
196 180
196 227
196 237
196 295
197 19
197 71
197 76
197 95
197 111
197 180
197 183
197 255
197 264
198 109
198 125
198 258
199 7
199 75
199 142
199 165
199 185
199 194
199 200
199 215
199 250
199 280
200 34
200 249
200 261
201 9
201 28
201 33
201 51
201 53
201 60
201 104
201 147
201 190
202 20
202 37
202 160
202 240
203 7
203 31
203 136
203 137
203 155
203 157
203 175
203 201
203 235
203 247
203 254
203 280
204 17
204 187
204 269
205 24
205 110
206 7
206 31
206 59
206 106
206 132
206 140
206 153
206 183
206 193
206 287
207 42
207 101
207 107
207 126
207 299
208 55
208 103
208 164
208 239
208 254
208 262
209 126
209 152
209 158
209 181
209 236
209 238
209 267
210 284
211 11
211 81
211 86
211 90
211 120
211 243
211 260
211 277
212 22
212 25
212 31
212 72
212 109
212 132
212 165
212 169
212 184
212 205
213 22
213 66
213 125
213 135
213 254
214 79
214 88
214 110
214 154
214 173
214 185
214 246
215 3
215 50
215 52
215 104
215 159
215 180
215 207
215 222
215 295
216 34
216 53
216 72
216 89
216 105
216 136
216 168
216 198
216 230
216 243
216 266
216 273
217 221
218 92
218 186
218 196
219 30
219 76
219 110
219 121
219 194
219 208
219 212
219 224
219 226
219 276
220 71
220 196
220 197
220 225
220 261
221 16
221 36
221 43
221 276
221 299
222 4
222 40
222 82
222 171
222 211
222 274
222 283
223 34
223 221
223 247
224 85
224 93
224 121
224 125
224 142
224 215
225 37
225 119
225 190
225 234
226 22
226 51
226 82
226 98
226 122
226 143
226 176
226 225
226 233
226 299
227 4
227 77
227 81
227 104
227 105
227 140
227 154
227 159
227 173
227 194
227 207
227 218
228 71
228 79
228 102
228 105
228 135
228 137
228 180
228 188
228 226
228 243
228 262
229 26
229 46
229 70
229 117
229 128
229 178
229 191
229 244
229 272
230 39
230 41
230 89
230 107
230 164
230 294
231 25
231 39
231 46
231 63
231 96
231 108
231 130
231 155
231 204
231 285
232 109
232 178
232 271
232 292
233 1
233 35
233 152
233 208
233 232
233 273
234 29
234 33
234 39
234 110
234 135
234 153
234 208
234 236
234 263
234 274
234 288
234 291
235 25
235 33
235 62
235 72
235 79
235 132
235 143
235 160
235 178
235 263
236 6
236 10
236 42
236 44
236 55
236 90
236 126
236 127
236 152
237 26
237 37
237 83
237 91
237 139
237 185
237 187
238 106
238 134
238 204
238 210
238 254
239 15
239 38
239 39
239 74
239 81
239 82
239 114
239 138
239 140
239 234
240 65
240 67
240 75
240 91
240 260
241 55
241 85
241 148
241 170
241 209
241 213
242 33
242 51
242 54
242 95
242 145
242 155
242 161
242 164
242 229
242 257
242 267
242 278
242 289
243 27
243 46
243 105
243 127
243 130
243 178
243 218
244 148
244 163
244 253
245 24
245 32
245 55
245 66
245 198
245 291
245 300
246 224
247 28
247 49
247 81
247 186
247 196
247 215
247 245
248 71
248 93
248 120
248 183
248 215
248 221
249 31
249 64
249 99
249 158
250 1
250 244
251 55
251 60
251 62
251 214
251 223
251 226
251 293
252 95
252 122
252 155
252 196
252 202
252 209
253 27
253 35
253 38
253 107
253 118
253 120
253 165
253 179
253 278
254 31
254 59
254 64
254 67
254 82
254 108
254 191
254 195
254 219
254 249
255 12
255 21
255 46
255 47
255 113
255 150
255 232
256 45
256 68
256 101
256 191
256 259
257 46
257 57
257 63
257 98
257 202
257 296
258 31
258 72
258 88
258 157
258 164
258 199
258 251
258 264
258 284
258 298
259 43
259 106
259 115
259 192
259 233
259 247
259 248
260 26
260 61
260 96
260 168
260 258
260 259
261 9
261 18
261 43
261 57
261 74
261 79
261 82
261 170
261 177
261 186
261 274
262 27
262 29
262 44
262 46
262 98
262 114
262 152
262 153
262 168
262 227
262 249
262 271
263 2
263 51
263 77
263 124
263 180
263 194
263 267
264 26
264 42
264 43
264 82
264 101
264 102
264 144
264 195
264 205
264 261
265 22
265 57
265 74
265 96
265 136
265 147
265 155
265 158
265 189
265 266
265 292
265 299
266 31
266 176
266 183
266 236
266 239
266 253
267 18
267 21
267 82
267 133
267 274
268 7
268 81
268 97
268 137
268 139
268 221
268 257
269 77
269 128
269 270
270 21
270 64
270 103
270 116
270 170
270 188
270 200
270 263
271 6
271 28
271 57
271 169
271 193
271 230
271 257
271 286
272 30
272 45
272 68
272 91
272 138
272 164
272 165
272 218
272 291
273 19
273 259
273 264
273 265
274 29
274 53
274 71
274 87
274 127
274 145
275 1
275 13
275 22
275 49
275 60
275 84
275 152
275 254
275 268
275 300
276 56
276 69
276 72
276 141
276 225
276 226
277 13
277 25
277 37
277 41
277 43
277 55
277 132
277 207
277 231
277 233
278 18
278 75
278 126
279 210
279 259
280 109
280 128
280 152
280 213
280 221
280 237
280 298
281 7
281 49
281 183
281 249
281 255
282 76
282 104
282 120
282 213
282 217
282 218
282 230
282 245
283 29
283 50
283 64
283 78
283 79
283 84
283 90
283 91
283 154
283 196
283 203
283 291
284 45
284 74
284 94
284 110
284 132
284 204
284 274
285 179
285 194
285 215
286 31
286 36
286 63
286 74
286 232
286 268
287 23
287 147
287 275
288 7
288 60
288 73
288 82
288 84
288 91
288 224
289 6
289 49
289 50
289 164
289 214
289 239
289 267
290 13
290 44
290 57
290 61
290 112
290 129
290 171
290 206
290 216
291 14
291 63
291 79
291 89
291 136
291 144
291 153
291 216
291 254
292 22
292 60
292 75
292 140
293 6
293 35
293 43
293 80
293 127
293 197
293 250
293 259
293 260
294 154
294 277
294 299
295 118
295 123
295 160
295 164
296 30
296 84
296 128
296 133
296 188
296 229
296 258
296 294
297 21
297 51
297 110
297 130
297 143
297 180
297 195
297 222
297 236
298 1
298 9
298 167
298 177
298 203
298 204
298 283
299 76
299 84
299 115
299 145
299 173
299 180
299 181
299 213
299 291
300 3
300 63
300 132
300 181
300 277

