250 500
15 10 7 6 4 3 6 42 4 2 8 1 16 6 5 1454020928 235610628 45 8 7 4 3 25 15 4 23 12 21 16 2 25 29 20 21 9 4 7 1227440038 11 1 23 2 9 14 3 1 4 9 9 22 3 27 6 4 11 24 13 14 7 2 8 4 5 1137541998 8 9 1 4 1 7 3 4 16 3 11 4 1 35 6 1 828025175 1 4 15 35 1 1 3 7 57 13 2848026716 2 4 11 1 5 4 1 5 21 1 621161772 12 3 21 7 2 1 33 1 1 1 27 11 20 22 5 3 30 10 18 14 4 1 4 7 16 3 8 21 5 4 32 3 8 4 2 7 1 8 5 8 5 12 25 7 6 3 2 12 30 1 36 3 23 11 8 10 14 10 3 23 4 46 32 3 9 6 16 2 5 16 28045817 21 19 2 8 2 9 8 3 14 1 10 28 1 15 31 35 5 5 2 1 39 6 3 8 7 55 3 2 19 5 44 16 14 1 2 25 21 4 9 7 24 9 1 210216874 16 15 4 2 5 4 3 26 3453486334 7 6 19 6 1 18 6 24 39 18 1 22 16 4 3 6 7 46 24 9 4 1 7 
1 66
1 121
2 18
2 55
2 163
3 100
4 138
4 171
4 198
5 68
6 32
6 245
7 6
7 107
7 216
8 188
8 190
9 232
10 196
11 58
12 56
12 60
12 75
12 179
13 115
14 32
14 90
14 171
15 95
15 152
18 91
18 95
18 203
18 243
20 245
21 195
22 160
22 178
23 160
23 165
26 111
27 15
27 90
27 114
27 244
28 20
28 32
28 58
29 79
29 206
30 163
31 8
31 106
31 148
31 149
32 113
33 52
33 65
33 118
33 213
34 33
34 68
34 133
34 175
34 191
35 8
35 49
36 108
36 166
36 178
37 134
37 171
37 175
39 42
39 55
39 122
39 178
40 45
40 78
40 166
41 72
41 139
41 220
41 233
41 245
43 206
43 231
44 123
44 157
44 247
45 220
46 55
47 19
47 49
48 156
48 213
49 24
50 35
50 55
50 140
50 199
51 89
51 160
52 30
52 67
52 73
52 205
52 230
52 246
53 21
53 100
53 151
56 20
56 126
56 212
57 118
57 120
57 198
58 123
58 248
59 121
60 1
60 112
60 163
61 130
61 145
62 2
62 134
63 13
63 241
65 19
65 173
65 208
66 94
66 166
66 223
66 229
68 85
68 165
69 203
70 130
70 235
71 8
71 146
72 149
73 130
73 190
73 220
74 68
74 140
75 29
75 98
75 169
75 193
76 177
77 71
77 110
78 14
78 226
78 234
79 159
79 223
82 168
83 143
84 10
85 104
85 164
85 195
85 214
87 155
88 80
88 101
89 209
90 26
90 70
90 124
90 152
90 199
91 7
91 84
93 170
93 249
94 39
94 42
95 119
95 130
95 245
96 192
97 153
99 19
100 56
101 37
101 110
101 175
102 211
104 131
106 41
106 52
106 95
107 32
107 229
108 224
110 82
110 211
111 113
112 100
112 230
113 41
114 23
114 78
114 89
114 120
114 242
115 2
115 228
116 13
116 97
116 180
116 222
117 90
117 158
117 209
117 244
118 199
119 24
119 152
120 3
120 109
120 248
121 13
121 228
122 85
122 238
123 221
123 223
124 97
124 122
124 139
124 171
125 161
125 214
126 127
127 18
127 129
128 44
128 90
130 133
131 24
131 25
131 116
132 89
132 187
132 247
133 25
133 74
133 128
133 139
134 18
134 50
134 129
134 215
135 45
136 4
136 48
136 137
137 128
139 31
139 206
142 152
142 160
142 239
143 44
143 156
144 34
144 84
144 151
145 54
145 111
145 131
145 180
146 120
146 156
146 188
146 189
147 186
150 189
151 3
151 100
151 117
151 147
151 152
151 213
151 239
152 11
152 99
152 211
154 141
154 164
154 239
155 180
156 41
157 205
157 234
157 245
158 240
159 226
161 1
161 58
161 147
161 229
162 106
162 215
163 186
163 203
165 28
165 101
165 228
165 250
166 1
166 35
166 72
166 98
166 147
167 86
167 132
167 190
167 206
167 239
168 148
169 26
169 165
170 24
170 59
170 84
171 100
172 164
172 195
173 122
173 201
175 31
175 120
176 11
176 141
176 193
176 204
177 23
178 105
178 250
179 207
180 51
180 60
180 175
181 47
181 120
181 167
181 192
182 165
182 215
183 104
183 206
183 217
184 21
184 239
185 47
185 167
185 178
186 42
186 73
186 115
186 183
187 34
188 26
188 40
188 157
189 8
189 135
189 211
190 32
190 189
190 236
191 55
191 78
191 159
191 248
192 186
194 166
195 76
195 155
195 181
195 247
196 44
196 178
197 110
197 150
197 205
198 29
199 52
199 104
199 219
200 5
200 75
200 104
200 110
200 175
200 181
200 237
202 131
202 246
203 23
203 48
203 216
204 185
204 205
205 141
205 176
206 205
207 167
207 170
208 210
208 249
209 18
209 151
209 220
210 75
210 91
210 105
210 154
211 53
211 243
212 4
212 182
213 172
213 206
214 154
214 192
215 57
215 159
215 195
216 28
216 141
219 8
219 152
219 197
221 116
222 29
222 158
224 86
225 49
225 154
226 148
226 250
229 130
230 29
230 63
230 68
230 124
231 59
231 69
233 39
233 44
233 171
233 226
234 207
234 231
235 26
235 51
235 54
235 83
236 43
236 120
236 141
236 146
236 173
236 200
237 95
237 161
237 186
237 217
239 168
240 12
240 31
240 201
241 233
242 61
242 101
243 45
244 10
245 68
245 138
245 226
246 118
246 158
246 208
247 9
247 171
248 110
249 156
249 212
250 146
250 171

