150 250
35 1 1 4 11 4 9 5 3 1 1 4 2 9 2 4 4 2 3 40 2 36 32 9 1 1 19 7 3 6 21 5 5 2 11 22 1 9 2 1 14 29 17 2 7 9 3826575916 4 2 4 1 18 21 2 11 1 8 11 2 1 4 24 33 1 6 6 15 11 4 2 3 7 3 21 1 12 2 5 9 12 12 1 3 3 1 3 2 4 1 1 14 4 2 3 7 10 1 2 3 3 3 4 3 11 3 1 1 20 2 7 16 2333460751 4 12 38 7 1 3 5 2 8 1 6 6 2 12 8 3 1 8 1 3 1 4 8 4 10 3 1 1 4 33 8 1 1 9 5 2 14 12 
1 44
1 46
3 91
4 57
4 139
5 19
5 118
5 132
5 148
6 62
7 49
7 115
7 142
8 131
8 142
9 76
9 113
9 116
9 126
10 42
11 21
13 129
14 68
14 105
16 80
16 117
17 25
17 52
17 114
17 134
18 123
19 96
20 11
20 39
20 80
22 29
22 39
22 67
22 113
23 33
23 52
23 54
24 39
24 142
25 20
25 46
26 79
27 23
27 100
28 2
28 13
30 22
30 143
31 30
31 52
31 65
31 70
32 46
32 118
33 105
34 25
35 108
35 115
35 149
36 55
36 58
36 75
36 150
37 40
37 87
37 115
37 120
37 121
39 1
39 42
39 120
41 50
41 91
41 105
41 131
42 14
43 27
43 62
43 88
43 136
45 32
45 42
48 21
48 35
48 68
48 127
48 145
49 13
49 36
51 13
51 53
52 8
52 30
52 43
53 113
54 72
55 11
55 79
55 126
56 11
57 124
58 84
58 93
59 102
59 124
60 22
61 82
61 117
62 114
62 119
63 75
63 139
64 79
66 81
69 1
69 119
70 134
71 44
71 73
71 131
72 68
74 23
74 24
74 67
74 130
74 143
75 62
76 18
76 73
76 129
76 150
77 23
78 7
78 96
79 122
80 26
80 38
81 35
81 98
83 27
83 33
83 53
83 74
84 97
85 30
86 70
87 124
88 20
88 52
90 95
91 40
91 109
91 135
92 67
92 108
94 52
94 57
95 45
95 125
96 18
96 63
97 81
98 25
98 104
99 79
99 150
100 72
101 8
101 12
101 66
101 78
101 84
102 15
102 146
103 104
103 108
103 142
104 36
104 46
104 110
105 38
105 53
105 58
105 147
105 148
106 38
108 21
110 29
110 107
110 132
111 1
111 6
111 33
111 63
113 27
114 141
115 15
115 66
115 86
115 89
116 63
116 126
117 142
118 67
119 20
120 65
120 137
121 77
121 108
123 93
123 118
124 20
124 52
125 80
126 142
127 28
127 84
128 63
128 137
130 135
131 7
131 12
131 38
133 114
135 109
136 1
137 65
137 138
138 70
139 42
140 34
140 42
141 50
143 53
144 42
145 68
146 27
146 66
146 118
147 21
147 123
149 31
149 82
149 130
150 105

