100 50
2020139849 2833504928 1 2493566170 7 1 1 1 665662036 1 1128366896 1 1 1 1 3726559985 2441217184 959169950 3 3 1 2298885847 1103243412 1 2 3979101051 1 1 1 3 1 4163820991 1 1 4 2213227896 1 1 1 1 1 1 1 7 2 1 4 1 3894974318 1 1 1 1 3 1951209331 1962723803 1 1 3 6 648118253 1 3164558981 3768318887 5 1 1 3614728010 1 2849618487 1 1 2275033922 1 2 803257022 3587875243 3 2234225103 1 312722297 1 1 2785451382 1 1 1 468013686 3688782681 8 1735153116 1 156822580 1 1 1 2 1458010681 1 3 
3 5
5 27
6 10
7 14
8 59
10 82
19 34
19 87
25 15
29 65
30 24
30 62
31 12
33 50
35 57
38 95
38 97
39 48
41 45
42 15
43 40
44 25
44 72
45 19
52 46
54 21
54 66
57 94
59 90
60 20
60 65
60 85
65 37
67 47
69 44
71 58
74 5
75 13
75 20
78 100
80 51
83 53
86 30
90 19
92 78
94 35
96 47
97 28
99 29
100 90

