100 250
36 2 33 22 35 6 78 12 1 88 24 23 26 28 12 9 8 1 8 6 15 7 19 9 2 6 16 1 3 3 19 24 30 9 3 4 28 9 13 3 64 78 1 3 41 14 30 1 3 1 7 10 30 17 2 4 37 15 8 4 2 2 15 7 4 10 1 72 20 32 18 25 36 7 2249927029 1 8 18 2 9 15 3 20 26 1 28 2 17 18 12 11 4 25 2 7 42 63 11 3 25 
1 3
1 10
1 14
1 25
1 98
2 1
2 15
2 33
3 52
4 43
4 66
5 3
5 59
5 60
5 79
6 64
6 66
7 22
7 41
7 51
7 87
7 98
8 3
8 7
8 61
8 68
8 71
8 80
8 87
10 16
10 17
10 32
11 61
12 5
12 38
12 69
14 41
14 57
14 79
14 100
15 13
15 24
15 45
15 57
15 90
16 26
19 13
19 32
20 10
20 24
20 32
21 38
21 42
21 45
21 81
22 23
22 49
22 50
22 67
22 72
23 4
23 47
23 52
26 70
27 9
27 13
27 39
27 89
29 36
29 84
30 1
30 45
30 100
31 4
31 58
31 65
32 53
32 70
33 11
33 30
33 94
34 10
34 97
35 20
35 51
36 51
36 90
37 15
37 32
37 67
37 73
37 86
38 65
39 66
39 84
40 42
41 18
41 40
41 48
41 54
41 63
41 64
41 68
42 6
42 27
42 51
42 71
42 77
42 89
43 48
44 89
44 99
45 4
45 9
45 16
45 17
45 31
45 48
45 78
46 33
46 84
47 3
47 72
47 94
47 97
49 64
50 36
50 95
51 31
51 52
52 2
52 72
53 10
53 16
53 46
53 86
54 7
54 28
54 57
55 59
56 67
56 99
57 44
57 71
57 81
58 13
58 57
58 81
59 11
59 72
60 2
60 20
60 94
62 10
62 20
62 45
62 60
63 15
63 36
63 55
65 83
67 89
68 3
68 11
68 24
68 88
69 22
69 60
70 7
70 13
70 19
70 25
71 10
71 18
71 69
72 41
73 13
73 16
73 89
73 90
74 1
74 11
74 49
74 97
76 59
77 53
78 23
78 49
78 80
78 86
78 96
79 47
80 34
80 40
81 17
81 68
82 41
83 10
83 17
83 42
83 46
83 66
84 93
84 96
84 98
85 59
86 14
86 60
86 82
87 11
87 47
87 69
88 33
88 85
88 97
89 54
90 48
91 12
91 35
91 64
91 79
92 4
92 9
93 4
93 7
93 37
93 57
94 8
94 44
95 68
95 88
96 14
96 34
96 38
96 68
96 77
97 5
97 12
97 22
97 24
97 38
97 73
98 26
98 44
98 64
98 65
100 11
100 17
100 39
100 44

