200 100
2 1 1 3644595882 1 1 1 1 1 3053872736 1 1 1174222756 1504566506 1 7 6 1 1274838937 1 1 1 2401985591 2248926005 3 1 1 1 1 4 1 1 3590724120 1 1 365002589 1300865240 4 3 1627342520 3 1 1543267337 1 490266757 1 1203708681 1 76964904 1 1 1 1 1 1 1368892597 1 6 1 3432456940 1 3 2759563982 1 3012776320 3 3185718019 1 4218059262 2462591243 1 2 3061085417 1052981000 1 1 22104591 1 1 1659785972 2060362758 1832310002 3 2 1 2946496306 2910105137 1 3244893917 2814820610 631180011 1 2822166144 1 1 2 2769753689 12 4 1 3039120170 1 1 4 1 1 2 9 1 564577550 3 1 1 1 1926361412 1 632720095 9 2 1 4151857082 1 1 2626299662 1 1 2974808504 3 4143830404 1490248304 15 4 1 1775290338 3 1 3445263405 1 5 2528802016 1 1 1 584456526 1 1 1 1 6 1 1 1 1 2208014372 1435823123 1 362238358 1 2776063119 1 5 1795840880 444306273 1 1 4142171546 1338867918 1 1 1 165692621 1 1 4 3760861812 3168366807 1650196060 3623176994 1 1743129427 148394499 1771816150 3 1 1 1 1 1 2336417265 2348087844 1 1 4107793948 439756102 1516172606 1 2 3 4 986466762 
1 125
2 62
5 139
7 186
16 1
16 104
16 125
17 107
17 184
18 165
20 41
22 27
28 109
30 38
30 48
31 112
32 84
34 30
35 99
38 199
39 131
39 183
42 59
44 192
46 88
50 128
51 98
52 11
54 135
59 41
61 149
62 132
64 57
68 172
71 8
72 12
75 17
79 188
84 153
85 136
94 58
96 76
98 95
98 118
98 152
99 68
100 78
102 96
104 103
105 108
108 145
111 9
111 119
113 15
113 58
114 135
116 92
116 164
118 26
118 149
119 198
120 57
123 131
126 21
128 120
131 66
132 142
133 131
139 169
141 120
143 174
146 196
147 3
147 58
148 44
149 29
150 6
151 25
151 107
156 160
161 53
161 55
168 169
169 197
170 25
170 72
172 139
173 108
173 161
174 28
179 106
185 66
187 83
188 83
191 34
192 111
192 122
197 158
198 183
199 138

