200 750
2 1 11 14 15 37 14 23 6 16 56 117 24 26 18 52 32 62 1 18 1 14 18 3 81 132 18 10 24 49 59 259 13 19 3 54 57 117 45 20 16 78 2 9 80 7 25 20 10 11 70 41 15 23 58 75 4 3 2 17 21 51 127 7 14 2 8 1 48 148 73 34 60 73 29 34 22 29 27 22 46 10 1 34 76 2 4 36 14 130 13 33 22 6 22 26 33 15 1 30 9 33 40 30 17 22 36 147 18 25 147 24 48 21 16 4 40 26 12 15 9 29 19 33 38 31 10 8 2 96 3 4 31 13 5 7 53 11 23 52 41 5 10 42 36 37 12 39 56 37 46 6 70 13 14 59 11 5 74 38 17 8 8 59 20 21 20 31 45 77 23 42 29 6 31 153 58 24 47 42 51 24 14 65 23 63 13 58 4 5 23 11 49 12 8 11 16 42 3 59 
1 181
2 55
2 71
2 113
2 128
2 149
2 176
3 26
3 38
3 75
3 144
4 2
4 193
5 16
5 79
5 163
6 20
6 27
6 170
7 3
7 27
8 16
8 72
8 82
8 179
9 111
9 137
9 150
10 58
10 126
11 8
11 22
11 33
11 68
11 87
11 187
12 9
12 28
12 152
12 181
12 184
12 185
13 119
13 164
14 15
14 116
14 150
14 171
14 195
15 42
15 106
15 150
16 67
16 98
16 118
17 48
17 111
18 137
18 140
18 182
19 16
19 56
19 170
20 92
20 98
20 156
20 164
21 78
22 8
22 61
22 116
22 134
22 150
22 155
22 194
23 11
23 32
24 41
24 85
24 139
24 145
25 88
25 140
25 173
26 51
26 71
26 80
26 89
26 130
26 151
26 154
26 169
26 182
26 189
26 191
27 138
27 185
28 7
28 175
29 196
30 57
30 96
30 107
30 194
31 62
31 92
31 191
31 192
32 19
32 63
32 75
32 95
32 140
32 168
32 187
32 190
32 194
33 19
33 137
34 73
34 86
34 93
34 96
34 101
34 139
34 188
35 49
35 97
35 112
36 32
36 102
36 124
37 8
37 18
37 19
37 195
38 34
38 35
38 76
38 77
38 123
38 163
38 191
39 25
39 81
39 124
39 184
40 116
40 192
41 38
41 145
41 148
41 181
42 24
42 56
42 63
42 112
42 160
42 162
43 34
43 71
43 89
43 96
43 183
44 18
44 63
44 90
44 165
45 10
45 43
45 110
45 119
45 168
45 178
46 69
46 159
47 44
47 196
48 170
48 180
48 188
49 57
49 150
49 186
49 188
50 88
50 90
51 48
51 76
51 111
51 146
51 161
51 169
52 34
52 70
52 111
52 125
52 162
52 176
53 111
54 18
54 41
54 188
55 84
55 165
55 178
55 199
56 60
56 113
56 120
56 129
57 17
57 31
57 154
58 123
59 133
59 152
60 31
60 39
60 89
61 2
61 10
61 50
61 52
61 95
61 118
61 170
62 5
62 13
62 32
62 51
62 177
63 56
63 128
63 132
63 176
63 194
63 195
64 92
64 98
64 124
64 140
64 184
65 99
65 166
65 168
66 200
67 84
68 115
68 116
69 13
69 37
69 56
69 60
70 10
70 60
70 93
70 102
70 107
70 163
70 169
70 173
71 14
71 15
71 58
71 76
71 92
71 142
71 169
71 180
72 22
72 92
73 72
73 87
73 107
73 154
73 162
74 25
74 32
74 40
74 57
74 64
74 67
74 78
74 164
75 21
75 134
75 157
75 176
75 196
76 35
76 131
76 156
76 173
77 27
77 117
77 152
78 23
78 88
78 143
78 167
78 173
79 32
79 85
79 172
80 4
80 29
80 165
81 17
81 49
81 67
81 89
81 182
82 40
82 98
82 100
83 54
83 150
84 151
84 155
84 176
85 14
85 18
85 45
85 86
85 189
86 8
86 79
86 127
86 169
87 2
87 160
88 73
88 169
89 119
90 11
90 26
90 116
90 174
90 181
90 186
91 17
91 83
91 197
92 155
93 29
93 57
93 109
94 28
94 65
94 97
94 116
94 124
95 14
95 17
95 64
95 101
96 39
96 42
96 98
97 2
97 12
97 20
97 117
97 136
98 31
98 63
99 100
99 136
99 159
100 137
100 177
101 19
101 126
101 185
102 24
102 35
102 167
103 51
103 53
103 153
103 158
103 166
103 172
104 12
104 77
104 111
104 144
104 154
105 13
105 50
105 196
106 45
106 107
106 144
106 180
107 45
107 76
107 145
107 151
107 160
108 3
108 23
108 43
108 68
108 70
108 116
108 153
108 177
108 185
108 187
109 12
109 22
109 113
109 146
109 159
109 182
109 184
110 156
111 43
111 50
111 56
111 64
111 131
111 153
111 168
112 61
112 89
113 33
113 119
114 6
114 26
114 177
115 133
115 172
115 174
116 190
117 56
117 69
117 188
118 20
118 30
118 88
118 124
118 136
118 137
119 39
119 54
119 120
120 90
120 108
120 111
121 6
121 37
121 49
121 113
121 117
121 179
122 25
122 29
122 90
123 26
123 63
123 139
123 141
124 177
125 16
125 55
125 62
125 67
125 72
125 131
125 148
126 106
126 137
127 42
128 99
128 138
128 186
128 187
129 107
129 150
130 30
130 57
130 58
130 101
130 104
130 143
130 154
130 184
131 48
131 99
132 158
132 185
133 29
133 54
133 128
134 47
134 77
134 107
135 68
135 76
135 97
136 121
137 62
138 22
139 108
140 63
140 102
140 185
141 22
141 96
141 97
141 116
141 126
142 17
142 51
142 114
143 112
143 158
144 43
144 49
144 65
144 85
144 113
145 6
145 21
145 31
145 91
145 108
145 193
146 25
146 81
146 104
146 199
147 40
147 84
147 164
147 180
148 37
148 122
148 166
148 193
149 44
149 70
149 105
149 110
149 129
149 133
149 152
150 33
150 114
150 124
151 106
151 139
151 153
151 174
152 34
152 75
152 103
152 127
153 23
153 58
153 110
154 66
154 77
154 117
155 36
155 49
155 127
156 81
156 90
156 153
156 183
157 12
157 33
157 103
157 178
158 64
158 70
158 137
158 144
159 36
159 81
159 143
159 153
160 2
160 8
160 82
160 143
160 190
161 73
161 119
161 182
161 199
162 75
162 179
163 47
163 94
163 101
164 32
164 90
164 141
164 179
164 184
165 30
165 100
166 16
166 36
166 85
166 110
166 123
166 167
167 32
167 55
167 179
167 192
168 17
168 98
168 178
169 104
170 38
170 75
170 96
170 122
170 126
170 140
170 142
170 182
171 36
171 46
171 69
171 125
172 29
172 60
172 63
172 148
173 6
173 31
173 61
173 118
173 127
173 190
175 9
175 22
175 74
175 110
175 149
176 12
176 36
176 68
176 70
176 80
176 122
176 138
176 159
176 165
176 179
176 199
177 18
177 45
177 65
177 69
178 102
178 154
179 26
179 45
180 88
180 104
181 25
181 38
181 123
181 177
183 12
183 87
183 145
184 16
184 61
184 81
186 55
186 72
186 84
186 112
186 160
187 6
187 184
188 12
188 64
188 111
188 185
189 7
189 17
189 25
189 83
189 191
190 44
190 47
190 75
190 146
190 156
191 6
191 32
191 130
191 138
191 159
192 53
192 79
192 105
193 31
193 107
193 151
193 160
193 172
193 180
193 189
194 92
194 175
195 4
195 77
195 94
195 100
196 12
196 142
196 179
196 189
196 192
197 18
197 45
197 71
197 73
197 131
197 175
198 11
198 31
198 32
198 37
198 43
198 53
198 185
199 56
199 75
199 153
200 1
200 7
200 16
200 22
200 85
200 94
200 110
200 120

