200 750
62 7 19 19 7 48 39 19 15 1 58 14 19 38 28 2 1 18 39 17 32 50 89 55 30 130 11 14 103 65 33 4 54 6 168 35 26 19 10 49 4 17 4 47 32 49 100 35 14 11 99 20 2 31 6 28 17 2 5 1 9 67 142 50 53 17 115 43 19 61 6 55 105 23 6 31 40 1 4 17 1 13 25 104 3 1 3 16 17 80 71 7 35 44 20 8 12 13 29 1 13 3 17 74 52 48 61 57 10 32 50 47 58 6 4 15 21 10 3 29 7 11 8 32 69 98 14 28 60 59 49 56 66 34 6 5 61 75 9 14 27 46 24 32 5 33 76 16 25 4 11 4 10 13 4 20 35 1 35 4 3 39 16 13 46 86 9 1 62 4 22 15 71 44 21 40 13 8 3 8 77 84 72 52 1 45 123 10 1 50 10 3 64 6 37 46 36 61 3 13 
1 10
1 24
1 58
1 82
1 112
1 175
3 32
3 33
3 53
3 147
3 172
3 189
4 144
5 48
5 55
5 93
5 95
5 121
5 176
5 183
6 13
6 42
6 46
6 80
6 117
6 121
6 129
6 134
6 176
7 10
7 26
7 97
7 103
7 178
8 83
9 49
9 51
9 153
11 128
11 162
11 198
12 21
12 179
13 69
13 179
14 19
14 30
14 74
14 129
15 47
15 98
15 101
15 123
15 125
15 143
15 197
15 200
17 79
17 190
18 25
18 36
18 39
18 84
19 81
19 134
19 184
20 9
20 24
20 37
20 137
20 177
20 183
20 187
21 10
21 23
21 96
21 130
22 37
22 125
22 138
22 141
22 173
23 8
23 12
23 76
23 93
23 114
24 45
24 53
24 166
25 136
25 184
26 2
26 6
26 39
26 82
26 89
26 97
26 113
27 21
27 35
27 96
27 109
27 155
28 16
29 1
29 27
29 35
29 64
29 91
29 119
29 149
29 168
30 49
30 50
30 187
31 38
31 130
32 142
32 171
33 19
33 23
33 120
33 125
33 130
33 154
33 173
34 92
34 135
34 167
35 1
35 3
35 11
35 60
35 79
35 131
35 137
36 129
36 155
37 47
37 48
37 63
38 63
38 197
39 64
39 89
39 113
39 194
40 38
40 51
40 54
40 155
40 191
40 198
41 31
42 78
42 138
43 123
44 39
44 114
44 130
44 174
45 23
45 29
45 79
45 100
46 103
46 136
46 155
47 32
47 106
47 124
47 142
47 159
48 3
48 18
48 182
48 187
48 191
50 37
50 172
51 2
51 32
51 104
51 163
51 197
52 145
52 170
52 171
53 4
53 131
53 171
54 7
54 31
55 1
55 22
55 84
55 96
56 16
56 51
57 8
57 63
57 107
58 48
58 71
58 79
58 170
58 200
59 74
59 187
60 26
60 59
60 193
61 56
61 90
61 162
61 187
62 18
62 61
62 88
62 163
62 189
62 198
63 9
63 27
63 108
63 175
63 197
64 13
64 82
64 95
64 196
65 37
65 108
65 133
65 137
65 183
65 196
66 186
67 6
67 77
67 101
67 110
67 114
67 123
67 156
67 182
68 72
68 133
68 157
68 182
69 30
69 77
69 91
69 106
69 142
69 159
69 168
70 1
70 57
70 77
70 128
71 54
71 123
71 140
71 166
72 22
72 133
72 169
73 62
73 68
73 77
73 113
73 126
73 131
73 137
74 93
74 138
75 14
75 44
75 51
75 66
75 72
75 99
76 26
76 28
76 51
76 72
76 110
76 187
77 44
77 50
77 52
77 84
77 116
77 176
78 31
78 36
78 87
78 144
78 158
78 166
78 183
78 190
79 86
79 156
80 44
80 136
80 187
81 13
81 46
81 119
82 94
83 91
83 131
83 180
84 29
84 117
84 127
84 128
84 151
85 20
85 36
85 54
85 119
86 85
86 183
87 5
87 70
87 100
87 195
88 2
88 65
88 130
88 133
89 7
89 54
89 64
89 66
89 112
90 56
90 122
90 138
90 145
90 191
91 23
91 70
91 73
91 98
91 114
91 132
91 166
91 171
91 200
92 25
92 52
92 87
93 134
93 166
93 185
94 28
94 32
95 63
95 78
95 128
96 64
96 73
96 195
97 60
97 108
98 20
98 61
99 7
99 63
100 50
101 40
101 98
101 145
101 181
101 191
102 58
102 82
102 197
103 5
103 121
103 184
104 89
104 94
104 117
104 177
104 187
104 190
105 41
105 56
105 122
105 123
105 185
106 78
107 6
107 19
107 43
107 69
107 94
107 106
108 61
108 78
108 99
108 193
109 85
109 128
110 14
110 27
110 88
110 131
111 10
111 11
111 42
111 82
111 105
111 114
111 132
112 20
112 32
112 64
113 8
113 84
113 99
114 25
114 26
114 63
114 94
114 123
114 126
114 196
115 67
115 123
115 131
116 43
116 61
116 130
116 141
116 171
117 31
117 148
118 27
118 66
118 98
118 105
118 153
119 90
120 67
120 73
120 154
120 155
121 133
122 101
122 126
123 2
123 20
123 40
123 99
123 139
123 148
123 198
124 49
124 52
124 125
124 134
124 184
125 35
125 48
125 89
125 146
125 162
126 24
126 45
126 86
126 106
126 141
127 29
127 117
128 133
129 79
129 105
129 124
129 134
129 169
129 187
130 4
130 35
130 45
130 137
131 74
131 188
132 14
132 47
132 78
132 114
132 115
132 150
133 46
133 85
133 187
134 24
134 31
134 66
134 95
134 99
135 72
135 90
135 127
136 173
137 12
137 19
137 49
137 106
137 169
138 40
138 124
138 136
139 35
139 92
140 35
140 53
141 80
141 94
141 169
142 106
142 171
142 174
142 182
143 114
143 130
144 5
144 30
144 42
144 58
144 72
144 88
144 117
144 147
145 104
146 22
146 62
146 63
146 71
146 114
146 182
147 20
147 28
147 38
147 50
147 188
147 200
148 19
148 45
148 169
149 42
149 68
149 83
149 165
150 12
150 37
150 57
150 72
150 127
150 164
150 197
151 72
151 110
151 121
152 4
152 62
152 159
152 177
152 198
153 25
153 30
153 86
153 120
153 150
153 185
154 26
154 48
155 131
156 103
156 104
156 108
156 129
156 198
157 9
157 143
157 162
157 171
157 175
158 4
158 24
158 164
159 15
159 85
159 155
159 183
160 45
160 184
161 158
161 193
162 124
162 140
162 152
163 70
163 85
163 131
163 138
164 115
164 133
165 30
165 40
165 84
165 86
166 42
166 44
166 172
167 75
167 113
167 170
168 125
169 41
169 45
169 110
170 47
170 53
170 65
170 78
170 100
170 119
170 143
170 163
170 192
171 29
171 36
171 38
171 81
171 84
171 113
171 179
171 194
172 1
172 41
172 63
173 13
173 23
173 48
173 107
173 190
174 11
174 48
174 84
174 126
174 129
175 91
175 112
175 173
176 63
176 94
176 186
177 81
178 8
178 138
178 165
178 166
178 171
179 60
179 111
179 121
179 165
179 176
180 30
180 36
180 62
180 114
180 126
180 166
180 168
181 11
181 38
181 61
181 65
181 70
181 128
181 159
181 169
182 40
182 109
182 133
182 150
182 171
182 180
183 24
183 68
183 77
183 90
183 106
184 46
184 74
184 76
186 68
186 73
186 91
186 95
186 96
186 122
186 140
187 24
187 56
188 104
188 127
189 45
189 164
190 26
190 52
190 77
190 175
191 97
192 47
192 125
193 67
193 132
193 143
193 147
193 195
194 107
195 21
195 36
195 85
195 154
195 178
195 184
196 4
196 11
196 53
196 99
196 176
197 1
197 60
197 70
198 81
198 128
199 112
199 131
200 92

