50 250
73 48 50 58 61 11 47 6 2 142 42 28 61 144 45 60 196 91 99 4 3 44 32 18 30 58 1 130 7 78 80 146 98 85 88 38 20 40 72 28 45 33 23 81 21 21 135 18 113 136 
1 19
1 29
1 41
1 43
2 8
2 13
2 27
2 47
2 49
3 2
3 28
3 31
3 33
3 37
3 50
4 13
4 19
4 22
4 40
5 12
5 15
5 20
5 35
5 36
5 39
6 1
6 12
6 18
6 41
7 2
7 8
7 40
8 4
8 39
8 43
8 50
9 1
9 22
9 27
9 44
9 46
10 6
10 12
10 14
10 27
10 28
10 33
10 37
10 38
10 49
11 32
11 37
11 49
12 11
12 24
12 41
13 9
13 18
13 35
13 42
13 49
14 6
14 8
14 23
14 33
14 39
15 1
15 11
15 19
15 31
15 37
15 39
15 44
16 1
16 7
16 14
16 17
16 28
16 34
16 37
16 38
16 50
17 2
17 7
17 10
17 18
17 34
17 35
17 37
17 42
17 47
17 48
18 12
18 19
18 25
18 29
18 32
19 8
19 31
19 48
20 14
20 18
20 22
20 23
20 37
21 2
21 7
21 12
21 26
21 28
21 46
22 17
22 23
22 33
22 34
22 48
23 3
23 25
23 39
23 42
23 50
24 21
24 45
25 7
25 12
25 13
25 47
25 49
26 4
26 5
26 6
26 9
26 29
26 47
27 7
27 30
28 7
28 11
28 19
28 26
29 14
29 19
29 46
29 47
30 1
30 3
30 17
30 25
30 45
30 48
30 50
31 1
31 11
31 17
31 37
31 49
32 8
32 19
32 34
32 37
32 40
32 41
32 48
32 50
33 5
33 24
33 45
34 2
34 9
34 47
35 4
35 24
35 29
35 31
35 42
35 50
36 8
36 28
36 33
36 34
37 23
37 28
37 38
37 42
37 46
37 50
38 14
38 20
38 21
38 28
38 40
39 1
40 6
40 31
40 43
41 5
41 36
41 37
42 34
42 38
42 41
43 4
43 14
43 23
43 31
43 32
43 36
43 39
43 42
43 46
43 50
44 3
44 6
44 10
44 16
44 18
44 32
44 33
44 38
45 23
45 35
46 28
46 40
46 49
47 24
47 30
47 31
47 35
47 39
47 48
48 10
48 14
48 20
48 21
48 33
48 36
48 38
48 39
48 49
49 15
49 27
49 29
49 32
49 34
49 35
49 41
50 12
50 21
50 27
50 40

