150 250
1 1 20 11 5 34 3 3 1 24 2 7 12 5 24 1 1 1 10 3 1 23 6 19 3 11 21 1 16 2 5 4 20 3 2 28 19 2 1 1 3 3 10 15 1 2105730260 4 3 6 43 17 15 10 3 2 5 1 1 2 16 2 9 4 6 1 3 12 3 2 13 9 3150316033 1 1 6 1 19 16 1 4 8 1 2 5 1 1 12 9 1 24 3 18 5 15 2 1 8 10 15 4 1 3 1 1 1 2 13 12 6 3 14 32 38 14 1 1 2 3 1 4 1 2 1 1 1 3 6 7 8 1 4 12 3 19 12 1 8 27 3 20 1 9 1 12 1 5 1 17 4 1 
3 142
4 37
4 50
4 73
5 26
5 94
5 139
6 28
6 43
6 88
6 138
8 93
8 135
9 18
10 20
10 94
12 121
12 126
13 51
13 133
14 20
15 11
15 84
15 111
15 126
16 62
19 15
19 50
21 18
22 6
22 52
22 127
22 144
23 24
23 71
24 15
24 74
24 114
25 99
25 135
26 67
27 36
27 90
27 127
27 130
29 125
29 138
30 68
31 76
31 113
31 149
32 30
33 70
33 71
33 92
34 24
34 35
35 7
36 7
36 14
36 59
36 78
36 113
37 44
37 67
37 113
38 33
38 57
39 113
40 88
41 48
41 148
42 13
42 65
43 71
43 134
44 39
45 6
45 106
45 148
47 53
47 88
48 29
48 68
49 56
49 101
49 112
50 106
50 109
50 132
51 49
51 56
51 73
52 100
52 128
53 55
53 132
54 33
54 62
55 24
55 44
55 109
56 115
57 11
57 108
57 143
58 111
59 35
59 107
59 134
60 98
60 141
61 20
61 124
61 128
62 111
63 77
63 84
64 35
64 122
66 3
66 6
66 31
66 39
67 2
67 127
68 26
69 10
69 145
70 56
70 91
70 138
75 7
75 80
75 131
77 35
77 88
77 114
78 22
78 127
78 142
79 118
80 37
80 66
81 108
81 144
82 17
83 112
85 133
86 103
86 136
87 5
87 43
87 120
87 127
90 1
90 25
90 49
91 32
92 106
92 118
92 134
93 4
93 10
93 60
93 81
94 1
94 138
95 50
95 89
96 102
97 17
97 60
98 10
98 140
99 50
99 53
99 75
99 83
99 84
99 114
100 41
100 88
101 112
103 24
104 38
104 144
105 44
106 14
107 32
107 81
107 102
109 29
109 70
110 19
110 51
112 20
112 137
112 144
113 130
114 124
116 24
117 132
118 48
119 77
119 141
120 26
122 79
123 98
125 8
125 117
127 19
127 73
127 113
127 139
127 146
128 88
129 6
129 27
129 111
131 116
132 47
134 3
134 108
135 23
135 90
135 92
136 64
137 12
137 53
137 142
138 3
138 22
140 3
140 21
140 24
140 93
141 97
142 134
143 128
145 106
146 59
146 108
146 113
147 13
148 7
148 120
148 129
149 52
150 57

