150 50
290973817 3297697841 3588645492 1 3374007044 3215398041 3684500464 3777385222 3696456163 1 2 2382546743 1 2870283225 951200242 1 1 2775370751 1 1 1 1 1 1 2885823991 2379144319 1565346661 2 1 1 1 1 2477012295 468004564 1 2721371084 1978630793 2 480478315 53432234 3 2235576299 435182788 1 1 9 1024201336 4 662867683 2 1 4011003877 1 2030146713 1 1403558871 1878184501 898451065 1 1608275793 812908383 2900442788 2811106988 1 2 611506129 4085839482 1 1444144536 1 3559827629 1 7 3021243751 1 636656559 4143158708 2550975702 3428088901 1 2457667042 3777562024 1 120119006 3540218765 935214854 1 1 3914865312 1 1 6 1 3293599970 513653242 1880067055 2554313719 3982660564 3215993895 3358397299 1 1 4290425676 1 581194698 3507277902 1711640549 3680274378 1 1 2156870901 1770070325 435058617 1 43568250 1 3131419549 1 1236000665 1 2864477795 1 1 872898073 1 1 1 2858264821 1 1 1 6 1414200621 848258445 35808356 1 1 1 1123971875 3675648219 3115760625 1 1 3 2 1150248381 1562100397 1 4 2700996273 
4 41
10 72
13 41
13 143
17 83
22 125
22 131
24 20
28 53
29 20
31 32
38 28
45 104
46 137
46 142
48 93
48 138
50 114
50 149
59 11
64 90
65 136
70 23
73 118
73 122
73 130
80 70
87 44
87 144
88 91
91 19
92 46
92 51
101 120
102 68
109 123
110 55
114 92
116 30
126 11
127 65
132 35
132 38
132 75
144 129
145 13
145 44
148 142
149 16
149 21

