300 750
14 5 61 2 47 7 1 2251305652 41 3 19 1 19 1 4 13 13 28 18 7 7 1 4 1 2 2 17 25 4 30 38 83 61 1 17 11 7 14 2 9 1 33 2 30 92 32 31 29 17 6 6 64 7 9 13 51 4 12 36 13 5 16 1 1 8 67 6 9 6 15 39 6 19 24 14 7 14 1 12 3 5 33 3 2 6 33 14 7 13 27 3 1 7 8 32 8 20 8 1 8 20 5 3 2 46 22 34 13 13 35 31 23 5 4 21 5 35 55 2 16 1 4 9 10 13 12 3 1 16 16 63 1 9 25 10 56 49 4 4 5 38 7 2 53 41 10 45 2 62 41 9 18 2 26 108 5 2 9 1 9 9 3 3 16 29 17 18 15 15 18 11 20 12 3 30 6 2 4 3 3 16 19 53 9 5 7 14 14 34 13 1 8 137 1 43 1 1 30 9 3 16 25 23 4 3 17 6 14 5 25 22 62 6 21 1780792030 23 11 79 15 40 3 27 1 35 22 3 5 6 1 1 3 55 5 3 12 36 54 2 22 7 19 4 10 25 7 12 36 1 19 24 2 3 3 3 11 23 11 18 1 11 53 12 15 6 12 8 33 12 10 1 6 31 3 59 3 8 2 2 1 1 34 4 2755596492 9 17 32 15 9 1723896171 20 3 14 23 6 1 3 5 4 5 1 
1 67
1 111
1 223
2 87
2 251
2 288
3 90
3 261
4 32
4 218
5 46
5 208
5 225
6 87
6 90
6 198
7 195
9 22
9 29
9 253
10 66
10 232
11 63
11 213
11 241
12 153
13 156
13 163
13 247
13 286
14 207
16 5
16 82
16 105
17 52
17 297
18 56
18 223
18 267
18 299
19 293
20 139
22 268
23 278
24 74
25 131
27 24
27 58
27 127
27 285
29 30
29 83
30 44
30 78
30 138
30 252
31 66
31 73
31 220
31 292
32 5
32 24
32 87
32 97
32 148
32 149
32 201
33 2
33 74
33 93
33 192
33 262
35 39
35 73
35 180
35 209
36 28
36 117
36 130
37 9
37 86
37 88
38 84
38 94
38 104
38 156
38 157
38 257
40 173
40 212
41 144
42 89
42 99
42 224
42 275
42 278
43 10
43 186
44 120
44 193
44 213
44 273
44 286
44 294
44 297
45 22
45 195
46 133
46 139
46 199
46 263
47 5
47 119
47 263
48 51
48 56
48 112
49 1
49 178
49 232
49 271
50 257
50 270
52 9
52 164
53 20
54 137
55 26
55 160
56 86
56 154
56 157
57 48
57 211
58 261
58 285
59 18
59 48
59 157
59 228
60 101
60 228
61 70
61 261
62 19
62 115
62 122
62 132
62 136
62 183
65 100
65 193
65 253
66 84
66 86
66 111
66 142
66 183
67 137
67 147
67 192
67 231
68 48
68 52
69 33
69 47
69 123
70 11
70 198
70 248
71 150
71 169
71 201
71 259
72 51
72 262
73 66
73 110
73 162
74 97
74 144
74 174
75 148
75 195
75 220
75 272
76 59
76 82
77 102
77 118
77 207
78 33
78 251
79 5
79 261
81 64
82 22
82 103
82 146
83 15
83 143
83 224
85 48
85 144
86 45
86 214
87 75
87 182
87 249
88 71
88 136
88 294
89 2
89 35
89 143
90 56
90 163
91 31
91 44
91 263
92 28
92 53
92 98
94 26
94 56
94 217
94 255
95 15
95 162
95 209
95 285
96 141
96 145
96 151
97 28
97 163
98 54
100 98
100 155
101 120
101 144
101 170
102 122
102 188
103 9
103 21
103 71
103 134
103 295
104 227
105 3
105 130
105 170
105 282
106 11
106 13
106 30
106 45
106 49
106 94
106 105
106 274
107 17
107 47
107 49
107 135
107 170
108 30
108 126
108 131
108 231
109 226
109 281
109 287
110 90
110 147
110 162
110 258
111 136
111 213
112 276
113 212
113 241
113 291
114 28
114 46
115 183
115 186
116 155
117 92
117 127
117 136
117 244
118 114
118 116
118 130
119 27
119 68
120 136
121 6
121 263
122 37
122 130
122 216
123 88
123 149
123 186
123 222
124 45
124 243
124 299
125 80
125 116
125 132
126 142
126 239
128 149
129 91
130 9
130 101
131 193
131 245
131 254
131 285
132 19
132 281
133 21
133 129
134 97
134 144
134 238
135 31
135 100
135 277
136 49
136 169
136 270
137 49
137 111
137 164
137 230
137 243
137 273
138 86
139 72
139 178
139 232
140 88
141 67
141 172
141 179
141 195
144 224
144 290
145 13
145 79
145 151
145 200
145 205
145 269
145 291
146 2
146 109
147 20
147 23
147 81
147 118
147 193
148 285
149 170
149 230
149 278
150 22
150 57
150 207
150 230
150 233
150 244
151 31
151 177
152 10
152 114
152 135
152 237
153 42
153 166
153 218
154 48
154 239
154 286
155 32
155 46
155 71
155 90
155 129
155 143
155 217
155 219
155 227
156 56
156 75
156 224
156 287
157 68
157 185
158 115
158 174
158 193
159 144
160 3
160 125
160 287
161 3
161 33
162 275
163 182
164 60
165 24
165 29
165 126
165 201
165 274
166 2
166 203
166 239
167 95
167 140
167 203
167 256
168 76
168 112
168 286
169 243
170 176
171 175
171 193
172 53
172 160
173 15
173 115
173 121
174 86
174 112
175 55
175 149
175 182
175 259
176 52
176 199
176 217
176 294
177 198
178 120
178 235
178 246
179 81
180 5
180 24
180 54
180 107
181 40
181 155
181 236
182 52
182 133
183 31
183 151
183 202
183 285
183 292
184 42
184 212
184 246
184 265
185 278
186 187
187 45
187 219
187 256
188 172
188 193
188 232
189 76
189 159
189 187
189 239
189 288
189 293
190 240
190 291
192 58
192 80
192 171
192 237
193 26
193 164
193 211
194 39
195 19
195 55
195 291
196 186
197 77
197 231
197 295
198 3
198 118
198 274
199 95
199 118
199 233
200 49
200 206
201 87
201 235
202 115
202 214
203 107
203 258
203 274
204 141
204 232
205 52
206 6
206 26
206 237
206 277
207 34
207 76
207 105
208 96
208 267
209 111
209 172
210 66
210 118
210 131
210 156
210 180
211 94
211 226
211 251
212 48
212 181
212 272
213 96
214 228
214 239
216 115
216 117
216 171
217 187
217 207
218 38
218 45
218 76
218 143
218 184
218 252
219 212
219 299
220 11
220 101
220 109
220 110
221 96
222 112
222 149
222 198
222 268
223 114
224 35
224 141
224 152
225 96
225 224
225 274
225 293
226 176
227 177
229 38
229 207
230 122
231 264
232 86
232 176
232 285
233 6
234 131
235 45
235 59
235 93
235 188
235 190
235 236
236 19
236 50
236 185
236 271
237 18
237 32
237 36
237 40
237 60
237 122
237 161
238 250
240 293
241 124
241 151
241 176
241 190
241 237
242 28
242 184
243 54
243 214
244 45
244 51
244 241
244 268
245 9
245 42
246 149
246 216
246 234
247 16
247 37
247 140
247 227
248 145
248 217
248 285
249 56
249 131
249 267
250 32
250 165
250 247
251 81
251 95
251 129
252 233
253 154
254 52
254 201
255 5
255 57
255 125
256 115
256 250
256 276
257 142
257 199
258 39
258 42
258 175
258 221
259 246
260 42
260 93
260 193
260 295
261 37
261 154
261 202
261 240
261 275
262 186
262 208
263 54
263 227
264 260
265 45
265 166
265 202
266 3
266 120
267 76
267 222
267 251
267 271
268 220
269 2
269 237
270 17
270 57
270 122
271 47
271 279
272 82
272 97
272 123
272 231
272 232
273 2
274 79
274 129
274 146
274 266
275 115
275 269
276 85
276 106
278 94
279 177
280 218
281 21
281 122
281 191
281 266
282 180
284 164
284 167
284 206
284 240
285 134
285 258
285 264
286 61
286 82
287 242
288 3
288 51
290 6
290 25
290 249
290 282
292 51
292 60
292 61
292 82
292 147
292 210
293 169
294 31
294 59
295 31
295 76
295 109
295 261
296 162
296 193
297 37
297 168
297 186
298 136
298 186
299 261
300 212

