250 5000
435 1198 973 136 236 1333 339 470 1117 273 7 1299 3 613 448 745 1172 612 581 885 812 1198 1084 1011 177 1513 547 93 861 244 616 1130 2008 363 1579 860 492 761 1608 1218 885 182 1121 1216 454 1868 937 313 1162 282 1367 1755 822 470 444 1535 1208 487 254 1140 1284 820 1398 1441 1571 2548 1250 715 1102 816 742 608 631 1087 493 115 1216 326 1325 1905 965 1645 959 1331 741 1638 1251 424 115 118 869 1318 1552 885 991 937 1433 605 971 964 1253 357 1847 1529 435 410 500 968 231 1541 358 1137 635 852 1651 538 1146 847 1467 1494 1461 19 729 1103 494 4 242 1187 2276 1594 829 848 806 803 756 1459 349 360 533 377 71 1132 391 1788 568 625 1580 1750 136 1768 1456 1153 669 986 623 1440 330 1981 3231 1125 194 1304 236 1316 115 141 267 689 786 1221 80 228 1144 1437 296 305 709 1187 1024 757 791 1050 2501 273 388 609 513 541 1023 270 864 589 133 1980 340 705 1197 879 631 1674 997 485 395 1167 583 704 842 463 1576 462 1442 35 632 2153 391 1184 249 388 339 614 493 1520 422 437 661 904 1669 989 818 546 529 498 481 956 1150 78 847 1738 193 1689 910 53 50 980 319 676 788 605 1902 1021 
1 8
1 14
1 41
1 76
1 113
1 117
1 134
1 140
1 152
1 181
1 206
1 216
1 228
1 229
1 236
1 237
1 239
1 240
2 12
2 18
2 32
2 41
2 58
2 79
2 86
2 131
2 164
2 178
2 180
2 187
2 206
2 216
2 221
2 229
3 10
3 12
3 38
3 48
3 129
3 131
3 144
3 147
3 185
3 188
3 211
3 212
3 234
3 247
4 23
4 26
4 54
4 73
4 86
4 107
4 121
4 129
4 141
4 151
4 161
4 174
4 175
4 179
4 192
4 234
4 238
4 239
5 8
5 36
5 40
5 52
5 93
5 107
5 110
5 113
5 129
5 130
5 142
5 194
5 202
5 229
5 236
5 243
6 1
6 11
6 12
6 13
6 18
6 20
6 33
6 38
6 42
6 80
6 99
6 100
6 103
6 125
6 139
6 150
6 157
6 166
6 173
6 185
6 186
6 192
6 205
6 206
6 235
7 3
7 17
7 47
7 52
7 84
7 85
7 93
7 130
7 134
7 143
7 158
7 159
7 169
7 176
7 192
7 216
7 239
7 244
7 246
7 247
8 28
8 41
8 66
8 67
8 70
8 86
8 110
8 112
8 145
8 160
8 210
8 221
8 240
8 245
8 250
9 3
9 11
9 16
9 52
9 58
9 65
9 67
9 68
9 82
9 94
9 98
9 102
9 106
9 110
9 141
9 163
9 168
9 178
9 187
9 211
9 217
9 218
9 224
9 226
9 227
9 238
9 240
9 246
10 7
10 46
10 54
10 69
10 70
10 74
10 79
10 80
10 86
10 99
10 105
10 108
10 109
10 129
10 137
10 147
10 155
10 174
10 175
10 230
10 250
11 14
11 27
11 29
11 39
11 56
11 58
11 63
11 76
11 82
11 91
11 110
11 128
11 148
11 156
11 158
11 164
11 166
11 173
11 201
11 225
11 231
11 243
12 23
12 35
12 38
12 41
12 78
12 100
12 101
12 140
12 141
12 153
12 155
12 168
12 181
12 189
12 226
13 5
13 23
13 53
13 56
13 64
13 78
13 81
13 86
13 92
13 97
13 104
13 108
13 113
13 120
13 123
13 126
13 130
13 131
13 152
13 186
13 194
13 211
13 236
13 248
14 3
14 10
14 28
14 35
14 37
14 46
14 48
14 52
14 58
14 60
14 76
14 103
14 114
14 170
14 213
14 216
14 219
14 223
14 233
14 234
15 5
15 8
15 12
15 52
15 86
15 103
15 123
15 127
15 128
15 151
15 158
15 159
15 162
15 163
15 221
15 235
15 238
15 247
16 1
16 13
16 22
16 24
16 30
16 32
16 46
16 62
16 129
16 137
16 146
16 172
16 177
16 193
16 194
16 195
16 196
16 197
16 212
16 220
16 221
16 225
16 248
17 4
17 37
17 44
17 47
17 61
17 62
17 81
17 106
17 112
17 114
17 120
17 125
17 135
17 146
17 153
17 162
17 192
17 227
17 243
18 4
18 17
18 24
18 27
18 31
18 72
18 74
18 104
18 106
18 109
18 119
18 143
18 154
18 157
18 163
18 217
18 222
18 245
19 45
19 88
19 105
19 114
19 120
19 124
19 144
19 189
19 204
19 205
19 208
19 222
19 228
20 18
20 19
20 62
20 78
20 81
20 90
20 104
20 109
20 113
20 116
20 117
20 129
20 146
20 165
20 167
20 174
20 182
20 189
20 201
20 207
20 209
20 220
20 229
21 4
21 32
21 40
21 42
21 46
21 49
21 53
21 80
21 85
21 99
21 120
21 136
21 159
21 166
21 181
21 195
21 203
21 219
21 222
21 223
21 233
21 247
22 9
22 13
22 18
22 26
22 43
22 46
22 49
22 51
22 56
22 73
22 77
22 80
22 104
22 167
22 170
22 192
22 197
22 202
22 223
22 243
23 16
23 24
23 35
23 48
23 81
23 91
23 108
23 124
23 151
23 158
23 164
23 186
23 200
23 202
23 206
23 214
23 220
23 224
24 1
24 3
24 29
24 37
24 76
24 82
24 94
24 99
24 103
24 119
24 139
24 149
24 152
24 154
24 164
24 165
24 169
24 173
24 177
24 178
24 207
24 215
25 14
25 29
25 52
25 61
25 86
25 132
25 151
25 177
25 197
25 202
25 227
25 249
26 37
26 40
26 42
26 70
26 74
26 77
26 83
26 94
26 102
26 112
26 119
26 140
26 141
26 144
26 161
26 169
26 189
26 208
26 215
26 225
27 2
27 30
27 38
27 43
27 58
27 75
27 85
27 91
27 103
27 110
27 121
27 131
27 145
27 147
27 152
27 157
27 186
27 208
27 210
27 212
27 242
28 6
28 9
28 23
28 40
28 56
28 83
28 95
28 120
28 129
28 131
28 161
28 188
28 199
28 219
28 238
28 248
29 4
29 6
29 33
29 35
29 83
29 88
29 89
29 94
29 109
29 126
29 127
29 130
29 133
29 137
29 153
29 206
29 236
29 241
30 12
30 75
30 119
30 121
30 130
30 132
30 134
30 172
30 174
30 195
30 211
30 219
30 231
30 233
30 234
30 244
31 15
31 22
31 34
31 37
31 39
31 41
31 69
31 102
31 112
31 117
31 145
31 147
31 149
31 160
31 164
31 172
31 176
31 181
31 212
31 223
31 246
32 3
32 24
32 26
32 35
32 36
32 45
32 53
32 56
32 70
32 72
32 74
32 99
32 106
32 114
32 125
32 135
32 142
32 158
32 167
32 169
32 181
32 186
32 200
32 216
32 224
32 229
33 5
33 10
33 13
33 21
33 57
33 67
33 91
33 102
33 118
33 155
33 156
33 165
33 187
33 211
33 218
33 219
33 229
33 235
33 239
33 240
34 1
34 8
34 11
34 18
34 50
34 77
34 87
34 91
34 125
34 146
34 148
34 150
34 160
34 187
34 194
35 20
35 24
35 50
35 51
35 65
35 67
35 69
35 74
35 75
35 78
35 84
35 93
35 110
35 115
35 121
35 150
35 154
35 200
35 207
35 213
35 219
35 243
35 248
35 249
36 26
36 28
36 47
36 65
36 70
36 116
36 118
36 148
36 150
36 160
36 162
36 164
36 193
36 196
36 219
36 227
36 234
36 239
36 246
36 248
37 55
37 57
37 59
37 63
37 65
37 66
37 86
37 91
37 107
37 115
37 117
37 118
37 131
37 134
37 159
37 167
37 171
37 178
37 179
37 189
37 218
37 247
38 9
38 13
38 14
38 18
38 45
38 67
38 69
38 83
38 92
38 111
38 127
38 151
38 162
38 183
38 206
38 220
38 227
38 241
39 7
39 22
39 43
39 51
39 60
39 64
39 97
39 101
39 105
39 116
39 121
39 126
39 128
39 132
39 136
39 143
39 178
39 179
39 182
39 185
39 190
39 200
39 211
39 213
39 224
39 236
39 249
40 2
40 9
40 13
40 56
40 67
40 76
40 77
40 106
40 114
40 119
40 122
40 145
40 148
40 158
40 159
40 178
40 180
40 190
40 192
40 195
40 213
40 214
40 217
40 225
40 236
40 244
40 245
41 15
41 16
41 17
41 42
41 76
41 89
41 123
41 137
41 140
41 151
41 152
41 157
41 158
41 174
41 188
41 193
41 196
41 200
41 201
41 239
41 240
41 242
42 2
42 3
42 7
42 9
42 20
42 30
42 33
42 47
42 57
42 80
42 83
42 92
42 101
42 116
42 141
42 145
42 146
42 183
42 187
42 194
42 202
42 207
43 2
43 9
43 15
43 38
43 40
43 53
43 80
43 87
43 99
43 117
43 122
43 123
43 133
43 144
43 151
43 168
43 176
43 192
43 219
43 227
43 236
44 5
44 12
44 13
44 23
44 24
44 59
44 119
44 121
44 123
44 156
44 162
44 172
44 192
44 201
44 205
44 217
44 227
44 231
44 234
44 238
44 239
45 21
45 40
45 44
45 62
45 112
45 114
45 115
45 120
45 125
45 137
45 147
45 152
45 159
45 162
45 163
45 185
45 186
45 192
45 208
45 232
45 233
45 238
45 243
46 6
46 23
46 51
46 59
46 61
46 63
46 72
46 100
46 106
46 109
46 113
46 135
46 156
46 158
46 159
46 169
46 172
46 174
46 188
46 208
46 214
46 215
46 233
46 243
46 244
46 246
46 250
47 10
47 11
47 108
47 118
47 123
47 149
47 161
47 179
47 180
47 182
47 204
47 210
47 217
47 220
47 225
47 245
48 13
48 16
48 20
48 25
48 30
48 45
48 60
48 65
48 66
48 87
48 130
48 138
48 160
48 193
48 218
48 224
48 225
48 241
48 250
49 6
49 10
49 25
49 36
49 43
49 58
49 64
49 66
49 127
49 165
49 192
49 200
49 203
49 207
49 216
49 219
49 228
50 24
50 39
50 48
50 66
50 84
50 92
50 93
50 99
50 111
50 115
50 116
50 122
50 131
50 144
50 165
50 175
50 176
50 197
50 205
50 208
50 226
50 230
51 14
51 18
51 20
51 66
51 67
51 72
51 88
51 90
51 129
51 137
51 138
51 156
51 160
51 181
51 197
51 211
51 214
51 224
51 228
51 235
51 238
52 13
52 46
52 49
52 51
52 56
52 74
52 94
52 101
52 126
52 143
52 149
52 163
52 169
52 173
52 195
52 200
52 204
52 209
52 233
52 242
53 11
53 30
53 33
53 64
53 66
53 88
53 95
53 100
53 124
53 126
53 130
53 135
53 144
53 149
53 175
53 200
53 203
53 211
53 213
53 228
53 229
53 248
54 19
54 58
54 82
54 94
54 130
54 144
54 179
54 192
54 195
54 203
54 204
54 216
54 228
54 231
54 242
55 4
55 41
55 42
55 46
55 54
55 56
55 67
55 75
55 100
55 101
55 104
55 133
55 149
55 153
55 156
55 181
55 197
55 209
55 220
55 229
55 237
55 246
56 4
56 9
56 49
56 59
56 83
56 89
56 91
56 97
56 108
56 121
56 143
56 161
56 181
56 208
56 213
56 228
56 230
56 232
56 235
57 12
57 19
57 40
57 47
57 49
57 62
57 77
57 118
57 138
57 161
57 162
57 169
57 191
57 195
57 200
57 201
57 210
57 214
57 219
57 243
58 1
58 3
58 13
58 34
58 63
58 70
58 85
58 101
58 103
58 122
58 170
58 205
58 215
58 216
58 222
58 227
58 240
58 242
59 2
59 6
59 7
59 23
59 26
59 50
59 57
59 63
59 67
59 87
59 108
59 132
59 169
59 177
59 183
59 190
59 218
59 220
59 247
60 5
60 57
60 61
60 66
60 85
60 96
60 109
60 124
60 126
60 128
60 129
60 135
60 141
60 142
60 152
60 161
60 173
60 206
60 210
60 213
60 238
60 246
60 247
61 4
61 24
61 27
61 36
61 57
61 90
61 102
61 105
61 116
61 162
61 172
61 209
61 210
61 217
61 219
61 229
61 230
61 236
61 248
62 19
62 32
62 48
62 61
62 75
62 76
62 78
62 132
62 143
62 144
62 147
62 150
62 151
62 176
62 179
62 186
62 193
62 198
62 203
62 205
62 237
62 247
63 13
63 19
63 21
63 39
63 43
63 49
63 50
63 67
63 83
63 89
63 90
63 105
63 112
63 164
63 179
63 226
63 230
63 245
64 17
64 26
64 35
64 40
64 51
64 56
64 61
64 62
64 75
64 93
64 100
64 151
64 157
64 158
64 166
64 172
64 181
64 228
64 231
65 2
65 4
65 10
65 11
65 12
65 21
65 25
65 27
65 29
65 33
65 50
65 57
65 63
65 76
65 81
65 82
65 97
65 113
65 120
65 136
65 168
65 171
65 179
65 183
65 194
65 204
65 227
65 248
66 2
66 12
66 24
66 27
66 31
66 33
66 71
66 72
66 78
66 82
66 114
66 120
66 141
66 143
66 165
66 182
66 187
66 189
66 196
66 197
66 210
66 212
66 213
66 216
66 221
66 228
66 233
67 30
67 36
67 44
67 65
67 68
67 86
67 93
67 102
67 112
67 114
67 119
67 126
67 156
67 160
67 187
67 193
67 244
68 14
68 18
68 40
68 43
68 46
68 47
68 53
68 84
68 87
68 94
68 100
68 101
68 102
68 117
68 131
68 173
68 175
68 178
68 221
68 227
68 246
68 248
69 3
69 5
69 8
69 12
69 16
69 17
69 20
69 40
69 79
69 102
69 121
69 128
69 134
69 157
69 167
69 194
69 229
69 239
69 250
70 2
70 7
70 30
70 69
70 95
70 151
70 164
70 176
70 188
70 213
70 233
71 10
71 14
71 35
71 38
71 44
71 57
71 61
71 86
71 93
71 95
71 109
71 110
71 117
71 149
71 172
71 187
71 193
71 205
71 229
71 248
72 6
72 21
72 60
72 73
72 79
72 92
72 107
72 125
72 127
72 146
72 164
72 171
72 197
72 211
72 222
72 226
72 228
73 15
73 17
73 41
73 52
73 55
73 68
73 80
73 87
73 106
73 117
73 148
73 155
73 163
73 169
73 179
73 185
73 189
73 231
73 250
74 1
74 13
74 30
74 34
74 57
74 66
74 80
74 81
74 92
74 137
74 145
74 187
74 193
74 200
74 233
74 238
74 248
75 5
75 21
75 34
75 37
75 57
75 58
75 76
75 95
75 103
75 104
75 108
75 115
75 135
75 167
75 181
75 193
75 194
75 235
75 236
75 245
76 28
76 34
76 63
76 64
76 82
76 96
76 102
76 112
76 123
76 131
76 142
76 183
76 193
76 209
76 214
76 222
76 236
76 244
76 249
77 14
77 17
77 59
77 107
77 110
77 115
77 116
77 127
77 131
77 138
77 148
77 157
77 180
77 181
77 184
77 200
77 213
77 234
77 241
78 3
78 18
78 49
78 76
78 83
78 93
78 94
78 99
78 115
78 127
78 129
78 143
78 152
78 170
78 177
78 182
78 230
78 231
78 238
79 15
79 23
79 34
79 46
79 52
79 60
79 61
79 66
79 71
79 78
79 82
79 84
79 105
79 139
79 142
79 149
79 162
79 171
79 184
79 205
79 207
79 211
80 13
80 23
80 38
80 40
80 48
80 66
80 75
80 81
80 97
80 113
80 115
80 116
80 158
80 165
80 173
80 177
80 183
80 188
80 198
80 199
80 203
80 213
80 232
80 238
81 7
81 9
81 16
81 39
81 50
81 54
81 55
81 63
81 68
81 102
81 112
81 136
81 148
81 183
81 185
81 210
81 237
82 5
82 14
82 23
82 34
82 45
82 63
82 70
82 88
82 91
82 99
82 107
82 108
82 123
82 134
82 149
82 159
82 183
82 203
82 207
82 216
82 233
82 235
82 247
82 249
82 250
83 6
83 9
83 25
83 40
83 50
83 136
83 150
83 163
83 175
83 190
83 200
83 232
83 245
83 250
84 20
84 23
84 33
84 36
84 51
84 80
84 93
84 116
84 122
84 146
84 153
84 169
84 170
84 174
84 211
84 222
84 225
85 14
85 38
85 61
85 71
85 73
85 114
85 144
85 150
85 165
85 166
85 178
85 186
85 195
85 220
85 232
86 7
86 24
86 29
86 33
86 64
86 83
86 98
86 106
86 123
86 139
86 141
86 148
86 149
86 159
86 162
86 170
86 182
86 233
87 14
87 16
87 20
87 27
87 30
87 35
87 52
87 58
87 91
87 132
87 137
87 142
87 143
87 154
87 162
87 167
87 177
87 191
87 207
87 229
87 231
87 245
87 250
88 7
88 28
88 33
88 39
88 67
88 68
88 75
88 79
88 92
88 105
88 138
88 141
88 150
88 158
88 159
88 181
88 213
88 240
88 245
89 3
89 31
89 84
89 88
89 116
89 125
89 131
89 132
89 137
89 150
89 159
89 161
89 182
89 188
89 198
89 204
89 207
89 214
89 218
89 236
89 244
90 6
90 9
90 13
90 16
90 25
90 64
90 81
90 87
90 106
90 121
90 128
90 155
90 158
90 209
90 217
90 218
90 225
91 22
91 26
91 39
91 44
91 45
91 54
91 62
91 80
91 86
91 90
91 92
91 96
91 106
91 118
91 150
91 155
91 172
91 180
91 182
91 200
91 205
91 221
91 225
92 23
92 24
92 45
92 52
92 54
92 83
92 93
92 134
92 183
92 200
92 202
92 206
92 234
92 235
92 238
92 249
93 10
93 18
93 21
93 31
93 49
93 56
93 59
93 77
93 108
93 109
93 119
93 125
93 130
93 132
93 139
93 146
93 150
93 159
93 173
93 182
93 196
93 197
93 219
93 249
94 27
94 39
94 59
94 72
94 74
94 84
94 99
94 111
94 133
94 138
94 142
94 179
94 189
94 193
94 197
94 204
94 208
94 224
94 248
94 249
95 1
95 12
95 14
95 32
95 33
95 37
95 42
95 55
95 62
95 86
95 104
95 110
95 112
95 120
95 137
95 141
95 144
95 145
95 164
95 181
95 189
95 191
95 193
95 200
95 203
95 206
95 246
96 3
96 30
96 52
96 57
96 58
96 68
96 89
96 90
96 97
96 104
96 124
96 128
96 131
96 153
96 154
96 159
96 190
96 211
96 232
97 1
97 18
97 28
97 29
97 42
97 53
97 66
97 70
97 83
97 85
97 140
97 147
97 179
97 187
97 197
97 219
97 220
97 221
97 226
97 231
97 238
98 6
98 32
98 34
98 36
98 56
98 71
98 95
98 106
98 113
98 127
98 131
98 136
98 178
98 201
98 210
98 217
98 228
98 231
99 12
99 17
99 30
99 33
99 54
99 74
99 75
99 79
99 93
99 98
99 118
99 127
99 129
99 140
99 158
99 180
99 184
99 187
99 197
99 214
99 221
99 225
99 232
99 241
99 244
100 16
100 22
100 28
100 35
100 40
100 59
100 67
100 82
100 86
100 110
100 126
100 130
100 131
100 139
100 141
100 153
100 159
100 163
100 206
100 209
100 210
100 214
100 228
100 233
100 237
100 240
101 24
101 43
101 49
101 84
101 91
101 93
101 94
101 96
101 108
101 119
101 120
101 128
101 131
101 132
101 159
101 224
101 247
102 10
102 25
102 29
102 32
102 37
102 40
102 45
102 51
102 57
102 62
102 78
102 84
102 91
102 92
102 101
102 115
102 126
102 136
102 169
102 192
102 214
103 3
103 5
103 28
103 43
103 44
103 50
103 51
103 52
103 69
103 80
103 84
103 86
103 89
103 133
103 141
103 145
103 159
103 165
103 173
103 184
103 187
103 193
103 201
103 208
103 244
103 246
103 248
104 2
104 35
104 47
104 63
104 64
104 77
104 99
104 115
104 117
104 150
104 179
104 180
104 183
104 188
104 193
104 250
105 14
105 23
105 32
105 46
105 53
105 55
105 67
105 69
105 84
105 86
105 89
105 95
105 98
105 106
105 143
105 154
105 156
105 159
105 164
105 192
105 206
105 219
106 5
106 26
106 55
106 58
106 94
106 97
106 99
106 101
106 114
106 127
106 146
106 152
106 156
106 180
106 182
106 190
106 214
106 227
106 235
106 236
106 248
107 3
107 25
107 35
107 46
107 51
107 56
107 63
107 70
107 73
107 74
107 80
107 94
107 98
107 115
107 120
107 133
107 134
107 158
107 160
107 169
107 173
107 175
107 178
107 190
107 214
107 220
107 228
107 241
108 6
108 16
108 38
108 46
108 55
108 66
108 84
108 87
108 129
108 142
108 159
108 185
108 195
108 205
108 220
108 235
109 6
109 35
109 42
109 56
109 65
109 70
109 73
109 76
109 77
109 84
109 96
109 98
109 119
109 124
109 170
109 176
109 208
109 209
109 215
109 246
110 10
110 13
110 30
110 33
110 50
110 58
110 79
110 86
110 89
110 92
110 101
110 129
110 145
110 150
110 158
110 159
110 160
110 169
110 186
110 190
110 227
110 246
111 3
111 10
111 22
111 26
111 29
111 44
111 55
111 64
111 86
111 89
111 103
111 125
111 133
111 168
111 173
111 182
111 195
111 219
111 234
111 243
111 249
112 48
112 75
112 91
112 96
112 113
112 129
112 142
112 146
112 186
112 198
112 214
112 215
112 227
112 231
112 239
113 29
113 30
113 44
113 63
113 77
113 83
113 86
113 102
113 107
113 115
113 118
113 122
113 137
113 139
113 149
113 157
113 166
113 180
113 182
113 211
113 221
114 2
114 6
114 13
114 37
114 57
114 77
114 81
114 92
114 96
114 107
114 162
114 182
114 199
114 209
114 215
114 219
114 224
114 225
114 228
114 243
115 11
115 21
115 25
115 27
115 62
115 64
115 65
115 70
115 86
115 109
115 119
115 121
115 126
115 128
115 134
115 144
115 151
115 165
115 167
115 170
115 190
115 202
115 228
115 237
116 2
116 22
116 76
116 121
116 127
116 142
116 149
116 163
116 171
116 172
116 192
116 199
116 210
116 244
116 250
117 25
117 36
117 45
117 48
117 51
117 58
117 59
117 60
117 90
117 93
117 97
117 107
117 119
117 127
117 163
117 208
117 215
117 223
117 228
117 242
117 249
118 9
118 12
118 28
118 52
118 77
118 84
118 93
118 97
118 119
118 136
118 145
118 157
118 164
118 174
118 178
118 179
118 203
118 210
118 214
118 217
118 221
118 224
119 28
119 58
119 84
119 89
119 94
119 104
119 125
119 135
119 146
119 198
119 208
119 212
119 215
119 238
120 30
120 31
120 49
120 80
120 81
120 89
120 94
120 102
120 104
120 119
120 125
120 126
120 139
120 189
120 192
120 201
120 207
120 230
120 231
121 3
121 9
121 18
121 31
121 57
121 64
121 84
121 87
121 88
121 103
121 105
121 128
121 130
121 139
121 149
121 155
121 165
121 179
121 201
121 226
121 235
121 236
121 241
122 60
122 95
122 171
122 199
122 203
122 206
122 212
122 230
122 233
122 246
122 247
123 7
123 8
123 10
123 19
123 26
123 31
123 36
123 38
123 100
123 114
123 127
123 135
123 157
123 170
123 190
123 198
123 200
123 220
123 230
123 232
123 243
124 6
124 14
124 33
124 35
124 39
124 44
124 59
124 64
124 66
124 77
124 81
124 93
124 99
124 146
124 159
124 167
124 193
124 221
124 232
124 234
124 241
124 246
125 24
125 25
125 46
125 58
125 63
125 64
125 80
125 84
125 117
125 122
125 123
125 144
125 146
125 164
125 168
125 173
125 191
125 202
125 206
125 213
125 216
125 225
125 232
125 238
125 243
126 4
126 14
126 25
126 31
126 43
126 80
126 87
126 90
126 98
126 138
126 159
126 180
126 224
127 24
127 32
127 44
127 51
127 64
127 88
127 91
127 151
127 162
127 175
127 178
127 192
127 220
127 222
127 232
127 235
128 26
128 36
128 58
128 62
128 64
128 98
128 107
128 119
128 123
128 131
128 156
128 182
128 196
128 199
128 213
128 226
129 1
129 2
129 11
129 14
129 35
129 44
129 45
129 49
129 56
129 76
129 80
129 82
129 92
129 105
129 119
129 133
129 144
129 147
129 152
129 161
129 171
129 179
129 185
129 194
129 196
129 208
130 3
130 25
130 27
130 35
130 43
130 46
130 50
130 81
130 92
130 103
130 116
130 128
130 129
130 133
130 172
130 175
130 182
130 190
130 194
130 205
130 208
130 214
130 216
130 229
130 235
130 247
131 14
131 18
131 20
131 51
131 53
131 55
131 83
131 127
131 139
131 159
131 169
131 178
131 194
131 216
132 3
132 35
132 68
132 70
132 84
132 102
132 112
132 116
132 126
132 136
132 138
132 144
132 164
132 194
132 202
132 205
132 233
132 239
132 245
132 246
132 247
133 10
133 11
133 14
133 22
133 31
133 42
133 63
133 69
133 102
133 105
133 110
133 127
133 144
133 171
133 172
133 178
133 198
133 204
133 210
133 217
133 235
134 2
134 9
134 20
134 38
134 41
134 43
134 61
134 70
134 80
134 87
134 93
134 120
134 164
134 182
134 186
134 207
134 216
134 217
135 37
135 50
135 52
135 55
135 77
135 106
135 125
135 160
135 161
135 178
135 185
135 197
135 203
135 217
135 234
135 238
136 2
136 16
136 29
136 30
136 37
136 42
136 99
136 104
136 106
136 124
136 127
136 141
136 144
136 163
136 164
136 165
136 181
136 188
136 202
136 212
136 232
136 238
136 240
137 2
137 30
137 48
137 63
137 81
137 82
137 83
137 91
137 122
137 124
137 156
137 180
137 214
137 223
137 232
137 235
137 238
137 243
138 25
138 38
138 44
138 58
138 60
138 66
138 69
138 72
138 87
138 110
138 119
138 124
138 139
138 152
138 153
138 165
138 192
138 217
138 222
138 237
139 25
139 40
139 50
139 55
139 59
139 117
139 124
139 156
139 177
139 189
139 190
139 203
139 207
139 240
140 3
140 15
140 44
140 50
140 55
140 70
140 76
140 81
140 116
140 129
140 141
140 168
140 177
140 179
140 199
140 210
140 227
140 228
140 241
141 18
141 33
141 37
141 46
141 58
141 62
141 68
141 74
141 75
141 80
141 114
141 139
141 145
141 148
141 149
141 175
141 180
141 199
141 223
141 224
141 228
141 237
141 246
142 4
142 27
142 34
142 45
142 81
142 91
142 98
142 99
142 113
142 128
142 149
142 158
142 161
142 168
142 184
142 191
142 216
142 218
142 237
143 1
143 4
143 22
143 46
143 49
143 58
143 85
143 114
143 116
143 122
143 128
143 130
143 137
143 139
143 145
143 162
143 183
143 195
143 216
143 222
143 233
144 12
144 29
144 47
144 49
144 52
144 61
144 82
144 113
144 121
144 158
144 205
144 214
144 223
144 226
144 245
144 250
145 9
145 10
145 16
145 33
145 34
145 50
145 52
145 134
145 150
145 157
145 158
145 164
145 181
145 193
145 202
145 209
145 212
145 213
145 226
146 15
146 19
146 47
146 54
146 70
146 101
146 107
146 127
146 135
146 145
146 149
146 157
146 187
146 195
146 208
146 212
146 227
146 230
146 244
147 2
147 5
147 24
147 25
147 29
147 32
147 39
147 42
147 60
147 66
147 72
147 77
147 80
147 83
147 112
147 121
147 138
147 143
147 148
147 149
147 155
147 162
147 175
147 183
147 187
147 221
147 226
147 249
148 12
148 14
148 15
148 20
148 29
148 37
148 49
148 50
148 80
148 82
148 101
148 102
148 123
148 126
148 129
148 150
148 151
148 153
148 162
148 165
148 168
148 172
148 188
148 194
148 209
148 236
149 7
149 17
149 40
149 51
149 63
149 98
149 119
149 137
149 144
149 151
149 181
149 237
149 240
149 250
150 53
150 55
150 70
150 78
150 82
150 94
150 102
150 114
150 120
150 130
150 140
150 144
150 153
150 159
150 174
150 183
150 212
150 221
150 227
150 231
150 245
151 2
151 9
151 16
151 28
151 36
151 40
151 44
151 50
151 66
151 67
151 68
151 77
151 90
151 116
151 128
151 133
151 144
151 152
151 188
151 197
151 201
151 220
151 221
151 225
151 237
151 238
151 243
151 247
152 22
152 43
152 52
152 55
152 62
152 66
152 92
152 109
152 169
152 170
152 180
152 195
152 219
152 237
152 239
152 242
152 250
153 77
153 88
153 104
153 110
153 119
153 179
153 195
153 205
153 210
153 218
153 231
153 233
153 234
153 242
153 250
154 6
154 11
154 38
154 49
154 63
154 79
154 94
154 98
154 104
154 108
154 110
154 121
154 138
154 143
154 162
154 163
154 173
154 186
154 189
154 210
154 214
154 218
154 222
154 227
155 1
155 26
155 28
155 53
155 75
155 79
155 94
155 95
155 97
155 104
155 107
155 119
155 132
155 143
155 148
155 163
155 166
155 181
155 199
156 7
156 10
156 20
156 38
156 41
156 48
156 65
156 73
156 83
156 84
156 120
156 145
156 148
156 181
156 182
156 189
156 190
156 192
156 195
156 201
156 209
156 216
156 221
156 222
156 239
156 246
157 10
157 34
157 40
157 52
157 54
157 66
157 72
157 102
157 104
157 119
157 121
157 122
157 132
157 149
157 174
157 175
157 187
157 218
157 245
158 8
158 22
158 26
158 36
158 38
158 42
158 56
158 58
158 74
158 79
158 128
158 131
158 152
158 165
158 166
158 167
158 170
158 207
158 247
159 4
159 8
159 32
159 64
159 80
159 90
159 97
159 109
159 112
159 120
159 140
159 141
159 151
159 170
159 173
159 189
159 191
159 197
159 202
159 215
159 226
159 235
159 239
159 247
160 4
160 45
160 59
160 62
160 92
160 93
160 95
160 104
160 116
160 117
160 118
160 125
160 133
160 152
160 208
160 213
160 226
160 232
160 243
161 12
161 14
161 29
161 46
161 54
161 70
161 82
161 91
161 127
161 147
161 151
161 156
161 231
161 242
161 248
162 7
162 12
162 23
162 43
162 71
162 77
162 89
162 123
162 129
162 131
162 132
162 134
162 157
162 170
162 174
162 177
162 196
162 202
163 47
163 87
163 90
163 98
163 101
163 113
163 140
163 150
163 159
163 177
163 183
163 234
163 237
164 17
164 21
164 40
164 52
164 54
164 74
164 76
164 80
164 83
164 91
164 103
164 111
164 113
164 144
164 155
164 163
164 172
164 189
164 191
164 226
164 244
165 3
165 12
165 17
165 18
165 52
165 67
165 88
165 92
165 93
165 101
165 108
165 118
165 151
165 159
165 186
165 199
165 211
165 222
165 230
165 234
165 250
166 4
166 22
166 25
166 32
166 39
166 59
166 79
166 81
166 106
166 114
166 123
166 133
166 188
166 195
166 206
166 210
166 216
166 228
166 234
166 240
166 241
167 28
167 46
167 49
167 54
167 63
167 95
167 104
167 106
167 120
167 132
167 133
167 151
167 161
167 166
167 169
167 184
167 194
167 200
167 217
167 226
167 229
167 241
168 20
168 36
168 58
168 60
168 67
168 68
168 79
168 85
168 88
168 120
168 124
168 131
168 138
168 143
168 157
168 161
168 162
168 163
168 201
168 218
168 225
168 227
168 235
169 6
169 12
169 29
169 30
169 37
169 58
169 66
169 82
169 108
169 116
169 128
169 137
169 144
169 147
169 149
169 179
169 182
169 196
169 217
169 240
170 3
170 10
170 16
170 23
170 30
170 37
170 41
170 42
170 48
170 53
170 63
170 68
170 81
170 101
170 104
170 108
170 111
170 119
170 130
170 164
170 166
170 169
170 173
170 174
170 177
170 185
170 206
170 210
170 211
170 215
170 219
170 248
171 17
171 24
171 26
171 49
171 61
171 62
171 83
171 98
171 107
171 113
171 132
171 137
171 163
171 173
171 175
171 178
171 237
171 240
171 242
172 4
172 22
172 25
172 29
172 35
172 49
172 67
172 78
172 80
172 92
172 94
172 98
172 131
172 139
172 141
172 150
172 152
172 183
172 185
172 235
173 9
173 27
173 34
173 36
173 50
173 58
173 76
173 77
173 118
173 121
173 123
173 136
173 155
173 169
173 174
173 196
173 216
173 220
173 221
173 232
174 6
174 22
174 33
174 38
174 40
174 91
174 101
174 107
174 117
174 134
174 136
174 144
174 184
174 190
174 201
174 220
174 221
174 242
174 245
175 13
175 56
175 64
175 109
175 111
175 118
175 151
175 162
175 166
175 236
176 1
176 3
176 33
176 47
176 55
176 75
176 89
176 129
176 132
176 136
176 146
176 148
176 151
176 163
176 167
176 212
176 222
176 239
177 15
177 65
177 88
177 103
177 105
177 160
177 167
177 184
177 206
177 211
177 215
177 249
178 5
178 7
178 11
178 18
178 19
178 48
178 61
178 63
178 83
178 92
178 106
178 112
178 115
178 116
178 117
178 141
178 148
178 157
178 160
178 190
178 201
178 215
178 224
178 230
179 17
179 21
179 61
179 88
179 99
179 132
179 138
179 147
179 149
179 157
179 168
179 190
179 195
179 211
179 221
180 8
180 10
180 19
180 39
180 52
180 59
180 69
180 75
180 83
180 97
180 111
180 119
180 133
180 136
180 160
180 165
180 173
180 179
180 183
180 192
180 218
180 221
181 4
181 8
181 15
181 20
181 29
181 41
181 61
181 106
181 116
181 122
181 124
181 137
181 164
181 165
181 166
181 176
181 185
181 190
181 194
181 201
181 220
181 247
182 1
182 10
182 12
182 19
182 24
182 33
182 34
182 41
182 62
182 96
182 97
182 100
182 109
182 120
182 124
182 147
182 170
182 185
182 193
182 203
182 209
182 242
183 4
183 5
183 27
183 60
183 77
183 83
183 90
183 95
183 98
183 99
183 103
183 121
183 125
183 128
183 132
183 133
183 136
183 146
183 161
183 195
183 213
183 220
183 221
183 223
183 228
183 240
183 249
184 43
184 75
184 94
184 96
184 128
184 134
184 162
184 170
184 187
184 201
184 202
184 204
184 219
184 222
184 227
185 12
185 19
185 52
185 53
185 66
185 83
185 85
185 89
185 121
185 149
185 153
185 163
185 188
185 189
185 192
185 204
185 206
185 237
185 245
185 247
186 11
186 12
186 22
186 41
186 48
186 58
186 67
186 68
186 75
186 99
186 108
186 122
186 149
186 188
186 190
186 214
186 218
186 227
186 231
187 4
187 55
187 79
187 82
187 91
187 108
187 114
187 115
187 127
187 129
187 138
187 161
187 162
187 166
187 168
187 176
187 194
187 197
187 205
187 222
187 245
187 247
188 6
188 14
188 29
188 34
188 40
188 45
188 66
188 78
188 84
188 95
188 97
188 103
188 120
188 153
188 164
188 168
188 173
188 175
188 189
188 204
188 212
188 214
188 228
188 234
189 7
189 22
189 33
189 36
189 56
189 72
189 77
189 114
189 119
189 153
189 172
189 198
189 225
190 1
190 35
190 42
190 48
190 53
190 69
190 74
190 77
190 89
190 103
190 149
190 157
190 214
190 226
190 230
190 231
190 243
191 8
191 30
191 31
191 33
191 41
191 55
191 69
191 75
191 77
191 78
191 91
191 100
191 105
191 126
191 134
191 146
191 157
191 160
191 161
191 168
191 177
191 190
191 194
191 199
191 215
191 219
191 222
191 238
191 247
192 1
192 5
192 20
192 30
192 33
192 35
192 38
192 67
192 85
192 86
192 113
192 134
192 139
192 151
192 163
192 165
192 176
192 181
192 184
192 188
192 211
192 240
193 18
193 22
193 33
193 56
193 58
193 77
193 101
193 116
193 121
193 126
193 151
193 158
193 173
193 181
193 183
193 186
193 213
193 217
193 222
193 228
194 17
194 25
194 28
194 30
194 41
194 47
194 51
194 59
194 60
194 72
194 114
194 123
194 157
194 158
194 165
194 169
194 170
194 173
194 182
194 193
194 198
194 212
194 221
194 225
195 8
195 23
195 26
195 44
195 47
195 49
195 74
195 77
195 99
195 104
195 132
195 140
195 148
195 177
195 182
195 192
195 207
195 221
195 234
195 240
195 241
195 243
196 1
196 2
196 6
196 21
196 31
196 33
196 34
196 52
196 53
196 65
196 68
196 69
196 82
196 85
196 107
196 109
196 115
196 146
196 157
196 168
196 170
196 178
196 179
196 180
196 182
196 186
196 188
196 194
196 230
196 242
196 247
197 6
197 21
197 30
197 32
197 65
197 110
197 113
197 119
197 126
197 127
197 133
197 138
197 139
197 143
197 169
197 193
197 227
197 236
197 244
197 245
198 15
198 16
198 50
198 61
198 64
198 69
198 72
198 79
198 103
198 105
198 122
198 130
198 142
198 145
198 153
198 165
198 178
198 205
198 234
198 235
198 239
199 31
199 77
199 82
199 86
199 106
199 162
199 181
199 183
199 226
199 250
200 8
200 54
200 63
200 67
200 70
200 72
200 84
200 98
200 103
200 104
200 113
200 119
200 125
200 130
200 135
200 145
200 151
200 173
200 190
200 195
200 198
200 207
200 209
200 216
200 224
200 229
200 246
201 35
201 40
201 48
201 49
201 70
201 76
201 80
201 82
201 85
201 106
201 135
201 148
201 170
201 188
201 222
201 224
201 228
201 241
202 2
202 6
202 7
202 10
202 19
202 70
202 77
202 86
202 93
202 114
202 128
202 153
202 161
202 169
202 172
202 191
202 207
202 215
202 235
202 237
202 242
203 22
203 51
203 65
203 74
203 92
203 101
203 112
203 136
203 154
203 159
203 163
203 175
203 183
203 186
203 202
203 229
204 9
204 17
204 35
204 41
204 45
204 49
204 69
204 82
204 84
204 111
204 134
204 137
204 142
204 144
204 157
204 163
204 175
204 180
204 186
204 192
204 195
204 200
204 211
204 212
204 245
205 29
205 54
205 96
205 122
205 127
205 131
205 148
205 150
205 151
205 154
205 178
205 230
206 4
206 26
206 28
206 34
206 40
206 41
206 42
206 48
206 64
206 98
206 110
206 131
206 136
206 143
206 176
206 179
206 193
206 195
206 203
206 211
206 218
206 219
206 228
206 233
206 239
207 6
207 25
207 30
207 43
207 61
207 76
207 83
207 88
207 112
207 126
207 137
207 153
207 154
207 171
207 174
207 182
207 196
207 227
207 235
207 238
207 244
207 245
207 246
208 10
208 54
208 59
208 85
208 126
208 139
208 142
208 151
208 153
208 181
208 183
208 195
208 206
208 226
208 241
209 2
209 8
209 18
209 26
209 30
209 33
209 39
209 70
209 72
209 99
209 102
209 144
209 186
209 190
209 204
209 206
209 228
209 229
209 247
210 18
210 20
210 22
210 33
210 36
210 49
210 55
210 59
210 78
210 85
210 91
210 115
210 124
210 127
210 129
210 143
210 159
210 161
210 192
210 199
210 202
210 209
210 216
210 226
210 238
210 249
211 17
211 29
211 36
211 66
211 68
211 74
211 76
211 85
211 87
211 107
211 109
211 110
211 127
211 135
211 148
211 151
211 156
211 157
211 160
211 171
211 174
211 180
211 184
211 216
211 243
212 1
212 4
212 18
212 24
212 32
212 35
212 40
212 44
212 58
212 79
212 80
212 93
212 174
212 191
212 201
212 224
212 227
213 2
213 50
213 64
213 114
213 115
213 116
213 144
213 171
213 177
213 194
213 198
213 200
213 208
213 216
213 221
213 236
213 243
214 14
214 20
214 22
214 25
214 29
214 35
214 91
214 108
214 122
214 150
214 151
214 152
214 153
214 158
214 159
214 168
214 171
214 177
214 179
214 191
214 194
214 217
214 227
214 230
215 5
215 19
215 21
215 29
215 39
215 44
215 53
215 78
215 100
215 104
215 108
215 110
215 131
215 172
215 173
215 174
215 212
215 228
216 10
216 22
216 42
216 59
216 64
216 67
216 72
216 80
216 83
216 124
216 133
216 137
216 138
216 155
216 162
216 214
216 215
216 220
216 239
216 240
216 241
217 31
217 37
217 93
217 97
217 125
217 150
217 151
217 153
217 159
217 176
217 181
217 197
217 210
218 21
218 30
218 77
218 80
218 117
218 127
218 148
218 159
218 169
218 179
218 190
218 195
218 233
219 2
219 27
219 50
219 53
219 62
219 78
219 82
219 86
219 104
219 132
219 134
219 141
219 143
219 146
219 174
219 179
219 214
219 221
219 226
219 230
219 233
219 243
219 249
220 18
220 35
220 40
220 52
220 54
220 68
220 75
220 95
220 101
220 112
220 132
220 147
220 148
220 152
220 158
220 166
220 170
220 178
220 191
220 214
220 244
220 247
221 7
221 28
221 32
221 38
221 40
221 70
221 83
221 85
221 89
221 103
221 107
221 186
221 196
221 209
221 229
221 246
222 9
222 14
222 26
222 33
222 73
222 81
222 82
222 90
222 95
222 104
222 109
222 116
222 126
222 139
222 169
222 170
222 208
222 209
222 214
223 9
223 34
223 38
223 41
223 48
223 71
223 74
223 79
223 99
223 102
223 109
223 114
223 119
223 124
223 129
223 133
223 140
223 150
223 153
223 165
223 178
223 196
223 216
223 224
223 239
224 10
224 30
224 63
224 75
224 83
224 89
224 112
224 120
224 121
224 123
224 134
224 174
224 176
224 187
224 204
224 207
224 217
224 219
224 239
224 241
224 249
225 2
225 8
225 15
225 59
225 63
225 67
225 79
225 130
225 132
225 142
225 144
225 148
225 149
225 150
225 154
225 156
225 173
225 187
225 192
225 197
225 217
225 229
225 236
225 249
226 4
226 15
226 17
226 37
226 48
226 54
226 56
226 90
226 92
226 99
226 107
226 122
226 134
226 136
226 149
226 194
226 196
226 209
226 211
226 212
226 227
227 4
227 19
227 23
227 30
227 40
227 41
227 48
227 78
227 83
227 85
227 86
227 128
227 134
227 139
227 155
227 171
227 173
227 204
227 231
228 7
228 10
228 47
228 61
228 75
228 87
228 135
228 161
228 180
228 187
228 195
228 208
228 217
228 223
228 230
228 231
228 236
228 249
229 7
229 8
229 21
229 62
229 83
229 84
229 92
229 96
229 102
229 108
229 110
229 112
229 141
229 147
229 165
229 168
229 172
229 180
229 182
229 183
229 204
229 210
229 212
229 224
230 13
230 26
230 39
230 40
230 54
230 99
230 103
230 115
230 116
230 119
230 136
230 144
230 162
230 170
230 171
230 189
230 201
230 202
230 234
231 3
231 16
231 40
231 48
231 57
231 100
231 119
231 126
231 127
231 128
231 147
231 177
231 199
231 207
231 236
232 1
232 11
232 13
232 31
232 32
232 59
232 63
232 116
232 128
232 129
232 131
232 138
232 152
232 156
232 158
232 172
232 181
232 195
232 198
232 199
232 203
232 215
232 221
232 226
232 237
232 248
233 13
233 28
233 37
233 49
233 62
233 73
233 99
233 101
233 102
233 119
233 145
233 182
233 191
233 237
233 238
233 244
234 5
234 9
234 17
234 67
234 121
234 131
234 132
234 171
234 183
234 184
234 196
234 205
234 224
235 20
235 34
235 35
235 36
235 39
235 60
235 61
235 86
235 93
235 97
235 126
235 128
235 145
235 186
235 197
235 219
235 221
235 230
235 237
235 241
236 19
236 27
236 44
236 66
236 79
236 83
236 88
236 104
236 127
236 139
236 144
236 154
236 165
236 167
236 191
236 195
236 200
236 208
236 219
236 234
236 243
237 8
237 87
237 104
237 133
237 134
237 140
237 145
237 159
237 181
237 190
237 207
237 210
237 220
237 222
237 224
237 230
237 242
237 245
237 246
237 247
238 26
238 43
238 50
238 56
238 59
238 69
238 84
238 93
238 102
238 105
238 124
238 150
238 155
238 159
238 162
238 177
238 183
238 209
238 213
238 221
238 243
238 244
239 38
239 70
239 79
239 83
239 86
239 96
239 115
239 130
239 137
239 142
239 164
239 171
239 179
239 189
239 203
239 226
239 227
239 234
240 31
240 34
240 45
240 64
240 80
240 89
240 98
240 105
240 117
240 121
240 127
240 135
240 141
240 152
240 158
240 167
240 170
240 190
240 210
240 221
240 239
240 242
240 246
241 1
241 24
241 52
241 71
241 91
241 114
241 117
241 119
241 120
241 159
241 160
241 168
241 172
241 183
241 185
241 217
241 239
241 243
241 247
242 12
242 30
242 47
242 70
242 72
242 93
242 104
242 110
242 125
242 130
242 137
242 142
242 193
242 208
242 209
242 216
242 225
242 226
242 232
243 2
243 4
243 13
243 15
243 25
243 27
243 40
243 42
243 93
243 119
243 128
243 179
243 185
243 196
243 199
243 214
243 216
243 221
244 69
244 82
244 106
244 114
244 125
244 135
244 138
244 152
244 158
244 174
244 183
244 186
244 192
244 198
244 210
244 234
245 11
245 12
245 19
245 22
245 24
245 36
245 45
245 67
245 68
245 121
245 124
245 131
245 151
245 163
245 175
245 184
245 191
245 216
245 221
245 227
246 22
246 30
246 67
246 83
246 84
246 108
246 134
246 159
246 160
246 169
246 176
246 177
246 232
246 233
247 5
247 11
247 19
247 24
247 41
247 50
247 66
247 89
247 113
247 124
247 212
247 219
247 228
247 232
247 238
247 246
248 2
248 21
248 42
248 54
248 56
248 58
248 102
248 115
248 119
248 120
248 153
248 162
248 165
248 166
248 203
248 210
248 215
248 216
248 218
248 220
248 249
249 23
249 27
249 57
249 72
249 78
249 97
249 116
249 121
249 122
249 133
249 142
249 143
249 152
249 157
249 158
249 181
249 182
249 192
249 199
249 202
249 205
249 208
249 230
249 231
249 237
249 238
250 6
250 15
250 22
250 24
250 30
250 68
250 71
250 109
250 119
250 129
250 133
250 139
250 141
250 145
250 150
250 169
250 193
250 207
250 209
250 231
250 240
250 245

