300 250
3567438138 1 1 1 2 1 9 10 2 1 9 2 1 1 1 1 1 2965066042 1 7 3231747008 3118700546 3 1 4 1591044433 4 3 1145679825 3 1 1 841572377 1 1 7 2 1159121698 4 7 10 1128441550 153341160 802891782 6 1 4 1 2 4 1 1 6 9 1 3 9 4 3 2693147592 1 1 1 1 1 23 1 6 3730451780 10 1 9 9 1 1 4 1 1 4 1 1 1 4 36 13 1 1 590720020 6 9 2902598062 2092628511 8 6 1 2836313039 6 2 1 3 1 1 8 2 2 12 3184754347 4088713541 19 3 5 3 1 7 4 3568011387 3 7 3801877531 1 1 2690894107 1 14 1 1462906933 1 1 1 4 3 1 1 1 10 1 1 3934431253 1 5 2 1 1 1 3209047623 8 1 1 2 14 1 2690665959 2 200080236 1 1 1 1 3 1 4174012259 3 4 9 4 1 1 100890974 3 4 1 1 1 2 2 4 1 9 4 1 3904510365 1 1870008226 1 1 1 1 1 16 1 5 1 1 2339110554 1 4 1 2 1403775304 1349916659 4 5 4010482053 1 1 1 1 1 1 1 1837667611 1 1 3 1 1 1 1 12 1 1 4 2 1 1 1 4 5 1486841467 1 2884772936 1 5 1 2281298436 7 2 2381923686 3 291784527 1656922499 1 2416348647 3208076876 4 23 1 4 1 4 2 1 2 8 3 1 1 2993432871 1 1 13 1 1 3540490583 1 2 869354489 1 1 3 6 1 6 1 1014722853 5 279436904 3308760079 1 1 4 1 151413129 511755504 1 1 2 2809617139 2716897319 1 1 1 3 1 11 4 1 4 7 4 
4 7
4 147
5 84
7 173
7 207
8 93
8 246
8 250
11 104
11 206
11 210
13 189
14 109
15 133
16 104
17 135
19 234
20 269
20 273
23 4
24 81
25 83
25 109
25 132
27 12
31 223
32 146
36 115
36 130
37 30
39 192
40 72
40 103
40 135
41 47
41 77
41 182
45 110
45 254
45 271
48 5
49 228
49 282
50 260
54 46
54 47
54 296
55 109
56 252
57 78
57 260
58 191
59 23
61 255
64 170
65 248
66 103
66 144
66 188
66 195
67 66
68 59
68 139
68 213
70 6
70 239
72 254
72 261
73 95
73 268
76 52
77 8
77 232
79 292
80 266
81 281
82 103
84 220
84 259
84 293
85 111
86 214
89 155
89 260
90 58
90 276
93 84
94 74
94 286
97 217
97 271
98 121
98 297
100 186
100 187
101 12
103 94
105 162
105 232
106 57
106 175
109 36
110 253
111 141
112 129
112 176
113 71
114 99
114 222
115 48
115 118
118 30
118 35
120 41
121 295
124 37
124 70
125 159
128 171
131 295
136 222
137 97
140 296
143 101
149 84
149 255
150 219
150 299
151 62
151 239
153 3
153 111
157 188
158 106
159 5
160 178
162 176
163 9
163 202
164 85
164 202
165 85
165 133
166 245
167 219
169 226
170 174
172 117
174 28
177 20
178 51
178 141
179 79
179 280
180 219
185 56
187 70
189 81
189 131
190 89
193 246
196 127
196 140
196 148
197 2
197 124
198 85
198 268
201 53
202 201
205 131
206 135
207 184
208 164
209 75
212 93
214 124
215 34
216 146
218 90
219 56
220 114
222 67
222 117
223 146
224 104
225 16
227 221
227 259
228 123
228 124
230 191
233 66
233 73
236 169
236 207
236 250
237 174
239 281
242 83
245 40
246 84
246 130
246 204
247 50
248 150
250 159
251 156
251 233
252 10
253 134
255 291
257 106
260 76
261 239
261 256
261 266
261 270
262 9
262 261
263 249
265 102
270 53
271 158
272 27
273 150
273 237
274 66
276 135
276 140
279 178
285 165
285 254
287 105
290 87
293 28
294 270
295 109
295 287
297 175
298 25
298 39
299 53
299 163
299 268
300 63
300 131
300 142
300 189
300 191

