250 500
10 7 1 1 4 1 9 6 1 7 3 18 1 7 1 31 16 84 3 13 8 6 15 61 3 13 1 3254534359 19 4 9 25 7 9 3 32 2 4 3 18 21 3 3 3 10 4 9 1 1 23 8 16 15 15 1 15 1 3 21 8 9 1 4 7 1 31 1 4 1 8 3 11 2 15 21 1 34 1 4128275727 1 14 4 3 2 16 25 25 4 24 9 3 1468006761 4 21 11 29 1 8 12 1 12 9 2 6 4 6 1 3 1 5 6 31 7 13 3 13 2 9 2 8 6 12 6 8 18 4 13 19 9 9 14 27 10 6 1 16 13 1 11 3 3 14 4 43 9 9 5 10 4 15 2 14 1 3885993070 7 3 1 5 29 19 2 14 2 1 6 20 17 2 3 1 14 4 3 4 2 44 5 5 29 4 2 2 14 7 1 4 12 2 1 1 44 9 14 21 4 2 6 8 512869097 10 1 1 11 8 5 14 33 32 15 10 3 1 2 2 1 7 22 5 4 4 116431715 35 2 31 11 5 7 3805382983 1 25 14 4 2 4 3 1 6 33 20 1 13 1 16 4 4 4 25 3 20 18 
1 80
1 113
1 121
2 123
3 31
4 36
4 50
4 127
5 1
5 21
6 210
7 173
7 201
8 65
8 145
8 166
8 241
10 102
11 225
11 241
12 101
12 205
12 245
13 24
13 159
14 23
14 26
15 41
15 191
16 19
16 20
16 165
16 245
17 35
17 44
18 66
18 111
18 123
18 132
18 165
18 207
19 10
20 111
21 43
21 112
21 124
21 187
21 206
22 128
23 152
23 209
24 2
24 46
24 140
24 150
24 176
25 33
25 187
26 100
26 179
29 4
29 36
29 38
29 58
29 114
30 83
31 71
31 161
32 23
32 49
33 77
33 172
33 184
34 72
34 87
34 243
36 13
36 143
36 168
37 102
37 123
38 33
38 149
40 103
40 192
41 24
41 159
42 121
45 27
45 158
45 177
45 208
45 231
46 174
47 94
49 39
49 161
49 179
50 16
50 20
50 209
51 87
51 94
52 152
52 222
53 32
53 48
54 99
54 180
54 229
56 12
56 183
58 43
59 54
59 157
59 176
59 247
60 172
60 216
61 18
61 71
62 36
62 198
63 241
64 47
64 162
64 208
66 51
68 200
70 10
70 141
70 192
70 209
71 98
71 165
71 168
72 63
72 73
72 202
73 87
73 89
74 52
74 141
74 207
75 7
75 101
75 184
76 129
76 239
77 22
77 24
77 193
77 226
78 184
78 248
81 18
81 24
81 75
82 22
83 66
83 99
83 250
84 75
84 144
84 180
84 191
85 10
85 17
85 52
86 48
86 85
86 101
86 223
86 227
87 15
87 159
87 182
88 217
88 230
89 112
89 169
89 174
89 231
90 96
90 150
91 143
93 64
94 171
94 243
95 186
95 206
96 81
96 86
97 37
97 233
98 142
98 172
100 156
100 158
101 42
101 106
101 217
102 32
103 75
103 83
104 24
104 84
104 94
104 116
104 193
105 132
105 167
106 153
107 72
108 41
108 232
109 2
109 155
110 175
110 194
111 84
111 157
111 162
112 109
112 210
113 3
114 69
116 94
116 129
116 146
116 235
117 20
118 24
118 229
119 213
119 231
120 33
120 59
120 61
120 106
120 170
120 222
121 31
121 161
122 18
122 50
122 188
122 237
123 72
123 115
124 59
124 117
124 250
125 56
125 140
125 167
125 214
126 12
126 98
127 31
127 88
127 160
128 18
128 225
128 241
129 17
129 45
129 66
130 14
130 162
130 222
131 95
131 114
131 123
131 193
131 217
132 20
132 49
132 83
133 40
133 87
133 160
134 127
134 169
135 89
137 5
137 246
138 167
138 189
139 111
139 136
139 187
140 200
141 91
141 113
141 128
142 205
143 56
144 27
144 31
144 95
145 167
146 102
146 207
147 25
148 194
148 216
149 44
149 130
149 191
150 142
150 209
151 116
151 243
152 30
152 76
153 33
153 36
153 220
155 36
155 51
156 183
157 38
157 142
157 166
158 139
159 16
159 147
160 132
160 155
162 128
162 237
163 46
163 68
164 10
164 33
164 238
166 132
166 141
167 218
169 77
169 103
169 171
169 222
170 173
171 11
171 55
171 118
172 146
173 96
173 99
173 144
173 234
175 35
175 130
175 163
175 189
175 237
176 8
176 32
176 53
176 93
176 193
176 208
177 166
178 14
178 40
178 136
179 91
179 144
179 244
180 90
180 183
181 136
181 159
182 41
182 46
183 82
185 75
186 61
187 203
188 65
188 101
188 190
189 118
189 134
189 226
190 36
191 21
191 103
191 169
191 210
192 190
192 222
193 60
194 14
194 121
195 76
196 38
197 66
197 121
198 60
198 128
200 56
200 194
201 127
201 226
202 122
203 37
203 136
203 244
204 9
204 159
204 192
204 203
204 219
205 96
206 91
206 197
206 231
207 66
207 85
207 247
208 2
208 85
208 112
209 160
210 128
211 31
211 144
211 173
212 137
213 75
213 110
214 48
214 96
215 99
216 57
216 137
217 40
217 103
218 45
218 121
218 131
218 195
218 249
219 67
219 224
220 225
222 183
223 227
224 16
224 53
224 112
224 148
224 175
225 2
225 21
225 86
226 91
226 157
226 166
227 139
227 183
229 131
229 179
230 145
230 147
230 188
230 195
230 239
231 26
232 74
232 182
234 86
236 39
237 235
238 18
238 148
238 196
238 233
238 249
239 133
239 148
239 166
240 47
242 152
243 46
243 144
246 125
247 114
247 163
247 177
248 153
249 115
249 188
249 215
250 89
250 138
250 148

