250 1000
13 27 23 53 48 55 6 81 22 2 4 32 69 23 85 61 36 17 83 71 21 48 24 23 26 5 10 10 11 18 57 37 12 104 100 63 135 44 74 12 60 13 46 38 12 68 6 6 13 6 52 114 28 20 47 33 55 104 13 2 13 29 120 62 156 31 21 58 7 3 37 15 80 15 1 16 21 67 8 26 105 38 8 54 36 43 34 32 15 55 22 9 39 18 2 11 34 72 30 49 7 10 28 5 9 19 1 4 2 21 25 36 14 16 130 5 20 18 25 9 65 36 5 54 49 55 35 89 6 24 46 18 8 7 3 127 76 47 65 3 81 29 22 14 30 22 26 57 15 4 35 33 38 95 12 15 6 33 25 31 16 13 24 133 12 58 21 69 8 18 39 25 93 35 30 176 60 15 48 24 44 101 1 2 1 58 14 62 11 91 18 8 5 40 25 32 4 2 14 9 49 52 47 25 6 27 6 14 21 3 7 114 22 7 49 5 23 52 35 51 2 37 18 77 5 87 26 6 21 4 34 109 2 242 33 38 13 102 16 113 1 110 15 41 14 13 68 93 49 6 
1 36
1 113
1 180
1 211
1 239
1 249
2 24
2 101
2 206
2 234
3 40
3 64
3 215
4 148
4 200
4 204
4 229
5 54
5 66
5 78
5 93
5 107
5 108
5 168
5 236
6 72
6 147
6 151
6 209
6 244
7 29
7 160
8 36
8 39
8 58
8 68
8 90
8 177
9 62
9 124
9 128
9 205
9 248
10 16
10 78
10 158
12 4
12 101
12 111
12 146
13 12
13 50
13 91
13 142
13 188
13 218
13 235
14 69
14 139
14 235
14 242
15 60
15 68
15 121
15 125
15 160
15 190
15 238
16 22
16 63
16 105
16 165
17 13
17 20
17 53
17 57
18 8
18 63
18 69
18 167
18 182
18 238
19 7
19 37
19 66
19 81
19 135
19 172
19 205
19 241
20 9
20 159
20 187
20 207
20 235
21 139
21 159
21 166
22 79
22 183
23 203
24 49
24 54
24 219
25 80
25 194
26 2
26 9
26 159
26 221
26 222
28 37
28 41
28 83
29 72
29 81
29 115
29 164
29 176
29 211
30 32
30 66
30 68
31 17
31 45
31 156
31 177
32 2
32 91
32 174
32 237
33 91
33 202
33 222
34 14
34 56
34 181
35 26
35 88
35 120
35 124
35 186
35 234
36 14
36 31
36 84
36 97
36 126
37 85
37 150
37 154
37 166
37 169
37 176
37 202
37 222
37 234
38 76
38 84
38 102
38 163
39 13
39 29
39 57
39 96
39 177
40 11
40 71
40 94
40 119
40 151
41 147
41 222
41 246
42 100
42 182
42 202
42 249
43 23
43 106
43 151
43 249
44 13
44 39
44 128
44 142
44 153
44 154
44 215
45 12
45 38
45 53
45 94
45 130
45 153
45 177
46 88
46 182
46 202
46 218
46 223
46 239
46 243
47 69
47 214
48 142
48 184
48 207
49 20
49 99
49 166
51 15
51 19
51 224
51 230
51 246
51 247
52 13
52 23
52 28
52 58
52 151
52 232
53 4
53 43
53 58
53 141
53 204
53 247
54 77
54 207
55 48
55 73
55 76
55 86
55 102
55 234
56 25
56 73
56 83
56 145
56 158
56 203
57 82
57 106
57 115
57 201
57 217
57 247
58 38
58 71
58 133
58 135
58 179
59 23
60 154
60 168
61 10
61 28
61 87
61 173
62 20
62 22
62 136
62 225
63 1
63 127
63 194
63 202
63 230
64 37
64 120
64 143
64 184
65 27
65 112
65 117
65 135
65 138
65 176
66 213
66 230
67 15
67 52
67 131
67 248
68 52
68 58
68 119
68 164
69 9
69 34
69 75
69 116
69 188
70 32
71 70
71 144
71 227
72 16
72 31
72 134
72 165
72 212
73 53
73 71
73 110
73 193
73 212
73 242
74 7
74 35
75 135
75 215
76 16
76 20
76 50
76 183
77 34
77 123
77 242
77 245
78 51
78 120
78 134
78 142
78 211
78 247
79 25
79 50
79 63
79 137
79 242
80 23
80 93
80 188
80 248
81 3
81 51
81 63
81 116
82 98
82 146
82 164
82 192
82 235
83 193
84 33
84 56
84 70
84 207
84 234
85 72
85 99
85 121
85 127
86 38
86 65
86 74
86 130
86 184
87 9
87 22
87 119
87 150
87 178
87 190
87 242
88 8
88 27
88 34
88 191
88 235
89 132
90 12
90 122
90 136
90 137
90 193
90 215
90 231
90 235
90 238
91 49
91 63
91 186
92 96
92 109
92 168
92 200
92 226
93 63
93 65
93 124
93 210
94 16
94 190
94 249
95 185
96 88
96 138
96 202
97 2
97 56
97 152
98 17
98 147
98 164
98 176
98 200
99 12
99 15
99 176
99 208
100 18
100 90
100 128
100 166
100 222
101 7
101 149
101 234
102 87
102 171
102 229
103 98
103 152
103 200
104 32
104 55
104 125
104 232
104 240
105 133
105 203
106 29
106 64
107 121
109 101
109 112
109 120
110 2
110 134
111 4
111 74
111 77
111 91
111 136
111 181
111 223
112 145
112 189
112 198
112 232
113 3
114 61
114 75
114 248
115 79
115 81
115 92
115 136
115 242
116 53
116 203
116 204
117 30
117 43
117 115
117 122
117 197
118 25
118 82
118 143
118 192
119 34
120 86
120 113
120 136
120 169
120 185
121 55
121 110
121 131
121 226
121 233
122 154
122 189
122 225
122 226
122 229
122 232
123 190
123 220
124 27
124 132
124 175
124 189
125 43
125 165
126 53
126 108
126 111
126 146
126 207
127 5
127 54
127 78
127 111
128 42
128 48
128 65
128 106
128 148
129 80
129 100
129 222
130 14
131 19
131 61
131 62
131 66
131 104
131 114
131 136
131 215
132 91
132 96
132 216
133 5
133 52
133 128
133 178
134 35
134 163
135 26
135 50
135 55
135 79
135 91
135 162
135 171
135 220
135 238
136 32
136 154
136 169
137 3
137 21
137 50
137 61
137 111
137 203
137 222
137 234
138 18
138 34
138 42
138 94
138 152
138 196
138 246
139 42
139 126
139 136
139 150
139 186
140 27
140 119
140 148
140 185
140 233
141 37
141 64
141 86
141 103
141 169
142 107
142 201
142 222
143 5
143 50
143 99
144 120
144 142
144 201
145 2
145 14
145 26
145 52
145 129
146 38
146 65
146 154
146 224
146 233
146 236
146 238
147 29
147 101
147 129
147 134
148 123
148 142
149 11
149 29
149 54
149 64
149 78
149 155
149 195
149 232
150 25
150 149
150 179
150 213
151 97
151 115
151 117
152 98
152 146
152 183
152 190
153 62
153 79
153 148
153 215
153 235
154 2
154 108
155 136
155 164
155 172
156 69
156 124
156 172
156 234
156 247
157 13
157 25
157 67
157 168
158 115
158 121
159 4
159 22
159 103
159 130
160 84
160 181
160 224
161 89
161 174
161 196
161 212
162 43
162 103
162 171
162 220
163 94
163 159
164 25
164 34
164 187
164 227
165 14
165 89
165 98
165 121
165 185
165 208
166 70
166 148
166 184
166 199
167 14
167 97
167 107
167 168
167 182
168 99
168 104
168 187
168 219
169 164
169 248
170 7
170 21
170 125
170 184
170 229
170 244
171 177
171 206
172 17
172 186
172 232
173 8
173 90
173 137
173 143
173 158
173 204
174 4
174 29
174 68
174 140
174 173
174 190
175 34
175 106
175 154
175 171
176 6
176 41
176 81
176 137
176 169
176 188
177 146
177 176
177 182
177 245
178 126
178 173
179 9
179 86
179 107
179 157
179 172
179 176
179 203
179 227
180 58
180 151
181 62
181 119
181 144
181 166
181 226
182 86
182 141
182 176
182 192
183 120
183 202
184 211
185 70
185 81
185 113
185 188
185 195
185 209
185 225
186 57
186 65
186 121
186 127
186 153
186 200
186 246
187 41
187 123
187 207
188 89
188 93
188 247
189 139
189 176
190 56
190 125
190 189
191 19
191 110
191 135
191 212
192 12
192 234
193 45
193 88
193 128
193 149
193 189
193 201
194 26
194 31
194 36
194 141
194 180
194 206
195 6
195 28
195 191
196 170
196 177
196 212
196 233
197 137
197 187
198 97
198 118
198 134
198 231
199 53
199 217
200 39
200 132
200 137
200 148
200 160
200 172
200 182
200 191
201 41
201 177
201 206
202 65
202 76
202 129
202 159
202 170
202 174
202 206
202 242
203 1
203 33
203 71
203 174
203 180
203 202
203 243
204 221
205 125
206 1
206 164
206 229
207 24
207 31
207 38
207 46
207 116
207 199
207 221
208 54
208 120
208 235
209 29
209 63
209 85
210 250
211 50
211 54
211 94
212 42
212 43
212 46
212 140
212 233
213 90
213 175
213 202
213 232
214 44
215 35
215 40
215 118
215 173
215 243
216 20
216 23
216 59
216 79
216 177
216 224
217 34
217 137
217 159
217 182
218 59
218 89
218 181
218 202
218 232
219 7
219 29
219 39
219 73
219 156
220 22
220 214
222 29
222 121
223 80
223 95
223 191
223 204
224 14
224 116
224 119
224 236
224 250
225 44
225 73
225 164
226 95
226 153
226 171
226 228
226 246
227 129
227 168
227 220
227 243
228 57
228 112
229 13
229 196
230 115
231 44
231 89
231 131
231 149
232 40
232 158
232 167
232 185
233 59
233 247
234 22
234 30
234 64
234 75
234 139
234 146
234 172
235 47
235 218
236 52
236 134
236 200
236 240
237 48
237 177
237 246
238 24
238 35
238 161
238 216
238 220
238 241
239 81
239 163
239 198
240 31
240 41
240 43
240 100
240 136
240 148
240 154
240 181
240 190
240 226
241 141
241 223
241 232
241 244
242 81
242 135
242 138
242 198
243 16
243 43
243 154
243 157
244 46
244 114
244 130
244 195
244 220
244 237
245 45
245 172
246 6
246 212
247 59
247 65
248 14
248 40
248 111
248 115
248 172
249 46
249 90
249 198
250 25
250 58
250 83
250 166
250 213

