200 500
7 39 2 18 52 32 7 11 7 10 19 8 36 3 29 29 3 8 7 1 21 1 1 13 65 12 14 9 9 22 9 10 34 61 9 26 2 30 24 5 1 4 44 25 21 8 32 7 4 1 32 2 34 45 32 3962602302 2 51 6 5 1 5 4 21 10 3 5 2 4 63 58 14 19 27 15 4 2 10 23 1 32 3 8 7 26 15 15 2 11 31 5 15 14 20 4131174968 18 4 34 13 25 111 3 8 42 16 3 4 3 5 12 9 5 8 37 9 1 33 14 22 1 11 45 27 6 1 28 24 43 11 44 32 13 16 4 2 4 2 2 18 6 31 4 8 14 5 17 2 27 49 41 5 2 17 12 6 4 16 35 10 21 16 13 29 1 14 31 1 1 3 1 25 2 9 7 14 21 1 1 30 10 1 23 1 24 14 2 18 25 1 2 49 3 1 13 13 5 19 4 5 7 
1 119
1 136
2 14
2 97
3 87
3 93
3 173
4 5
4 25
4 156
4 199
5 6
5 29
5 123
5 149
6 200
7 48
7 87
7 103
8 16
8 132
9 153
9 182
10 34
10 78
10 92
10 96
10 143
10 164
11 2
11 115
12 33
12 184
12 190
13 85
13 123
13 149
14 76
14 156
14 157
15 13
15 18
16 32
16 36
16 71
16 184
16 186
16 198
17 85
17 102
18 142
19 38
19 124
21 33
21 45
21 137
22 108
23 1
24 187
25 86
25 122
25 184
25 186
26 54
26 84
26 86
26 130
27 6
27 34
27 44
28 104
28 143
30 3
30 4
30 76
30 169
30 196
31 183
32 21
32 55
32 133
33 184
34 123
35 70
35 116
36 40
36 73
36 116
36 171
37 137
38 67
38 128
38 179
39 41
39 66
39 122
40 7
40 24
40 27
40 52
40 144
42 25
43 9
43 20
43 24
43 47
43 91
44 86
44 158
45 70
45 73
45 153
45 182
46 175
47 46
47 69
47 70
47 75
47 187
48 42
48 80
49 138
50 85
51 15
51 21
51 104
51 166
51 197
52 58
52 182
52 188
53 65
53 81
54 88
54 171
55 4
55 43
55 88
55 181
57 129
57 132
58 71
58 117
58 179
59 53
59 126
60 34
60 110
60 123
61 6
62 5
62 72
62 151
63 189
64 71
64 79
64 87
65 13
65 25
65 179
67 98
67 191
68 36
68 58
69 112
70 8
70 33
70 72
70 75
70 79
70 94
71 30
71 72
72 33
72 81
73 34
73 152
74 21
74 103
74 153
75 100
75 112
77 15
78 62
78 136
78 200
79 2
79 83
79 166
80 29
81 64
81 118
81 140
82 180
82 196
83 27
83 92
83 168
84 124
84 176
85 74
86 28
86 58
86 129
86 168
87 41
88 6
88 98
89 43
89 148
90 128
90 134
90 143
90 144
90 148
90 191
91 73
91 143
92 31
92 165
93 145
94 85
94 181
96 101
96 121
96 188
96 194
97 26
97 88
98 123
98 130
98 190
98 195
99 25
99 29
99 96
99 114
100 9
100 11
100 33
100 119
100 147
100 154
101 1
101 36
101 55
101 61
101 94
101 116
101 118
101 130
101 132
103 141
104 34
104 146
104 185
105 124
106 40
106 163
107 78
107 91
107 122
107 172
108 8
108 138
109 25
109 111
110 11
110 127
111 58
111 93
111 96
111 128
112 139
113 81
113 96
114 36
114 87
114 141
114 161
115 74
116 39
117 81
117 127
117 129
117 131
117 134
118 149
118 153
119 44
120 15
120 70
121 46
121 89
121 122
122 66
122 108
123 158
125 169
126 22
126 42
126 93
126 113
126 178
127 76
127 85
128 154
128 182
128 183
130 31
130 49
130 66
130 79
131 5
131 42
131 97
131 103
131 114
131 166
132 55
132 89
132 145
132 187
133 105
133 110
133 124
133 188
134 11
134 16
134 24
134 123
135 90
135 94
137 42
137 110
138 197
139 46
139 117
139 171
140 53
140 91
141 39
141 85
141 123
141 134
141 192
142 59
142 155
143 13
143 34
143 147
143 150
144 12
145 54
146 29
146 119
146 140
146 163
147 18
147 53
147 159
147 198
148 68
148 151
148 160
148 161
148 200
149 55
149 77
149 147
149 154
149 178
149 191
150 13
150 59
150 174
150 180
150 197
151 109
152 150
154 44
154 77
155 19
155 54
155 122
156 49
157 27
157 93
157 103
157 166
158 72
158 86
158 149
159 58
159 105
159 195
160 6
160 88
160 127
160 129
161 53
161 60
161 197
162 38
162 121
162 172
163 21
163 73
163 115
163 121
163 144
163 194
165 136
165 190
166 55
166 139
166 143
166 175
167 2
168 5
170 71
171 46
171 100
171 196
173 43
173 104
173 132
173 200
174 48
174 111
175 3
175 140
176 46
176 153
176 158
176 172
177 65
178 74
179 54
179 59
179 151
179 170
180 15
180 85
180 106
180 107
180 132
181 2
181 4
181 161
182 44
182 102
182 165
183 54
183 64
184 103
185 38
185 51
185 156
185 186
186 2
186 15
186 49
187 55
187 81
187 128
188 7
188 76
188 144
188 195
189 77
189 101
189 104
189 105
189 168
190 48
191 34
191 62
191 111
191 154
191 162
192 35
193 7
194 71
194 143
195 17
195 37
195 71
195 143
196 7
196 114
197 75
197 192
198 63
199 101
199 103
199 119
200 15
200 155
200 166

