250 500
4 2 7 1 5 1 8 3 23 6 2 16 1 45 9 2 25 9 24 2 4 18 10 25 16 24 34 4 6 78 28 24 5 2 21 1675237181 4 6 23 9 59 1 1 6 12 31 8 4 1 24 3 16 13 24 3 1 11 6 11 12 4 11 6 19 14 24 3 31 8 13 3 1 6 3 14 2 1 22 27 2 14 11 6 41 21 2743887864 6 6 1 32 31 3 10 1 5 1 4 4 6 8 30 1 1 12 18 24 10 3 2 46 15 1 12 9 14 1 1 8 16 7 4 4 1 2 19 1 14 10 4 25 1 16 28 14 6 14 15 1 31 2 1 1 40 972959938 8 6 9 22 13 8 1 4 3 1 5 1 8 70 14 5 34 5 1 1 23 9 4 18 10 19 1 23 4 3 5 23 4 5 22 48 16 24 2 2 7 8 22 4 4 6 4 1 12 146811959 1 36 12 2 16 4 3 1 35 1 2 14 13 15 15 8 2 2105604756 17 24 2 1 8 1 2 11 19 8 4 7 31 32 12 16 1 1 25 5 1 1 26 1 7 1 5 1 2 11 1 9 1 1 13 619056663 2 13 
2 105
3 33
3 187
4 175
4 234
5 50
5 52
5 141
5 207
6 61
7 104
8 20
8 30
9 90
11 91
11 176
12 101
12 106
12 145
12 173
14 19
14 35
14 66
14 143
14 148
15 95
15 138
15 182
16 235
17 14
17 38
17 162
18 6
18 69
18 73
18 133
18 157
18 247
19 87
19 201
21 7
21 43
21 78
22 80
22 168
22 175
22 177
22 207
23 30
23 213
24 10
24 196
25 15
25 127
25 169
26 139
27 37
27 41
27 63
27 139
29 14
29 41
29 47
30 64
30 235
31 79
31 91
31 99
31 191
32 27
32 51
32 61
32 129
32 147
33 203
33 242
34 82
34 225
35 39
35 100
37 4
39 89
39 167
40 101
40 103
40 187
41 2
41 52
41 182
41 229
41 235
41 244
43 243
44 71
44 94
45 34
45 158
45 203
45 209
45 249
46 143
46 160
46 176
46 203
46 231
48 54
50 24
50 26
50 45
51 31
51 41
51 110
51 246
52 31
52 161
53 23
53 207
54 10
54 105
54 188
54 227
55 60
56 22
56 31
57 93
57 117
57 161
58 53
58 85
59 8
59 9
59 166
60 156
60 196
61 78
61 109
61 182
62 88
63 57
63 134
64 55
64 120
64 165
64 208
65 139
65 214
65 226
66 115
66 170
66 208
67 71
67 73
68 19
68 27
68 84
68 151
68 171
69 236
70 7
70 216
73 38
73 41
73 81
73 110
73 137
74 39
75 22
75 150
75 217
76 43
76 119
78 72
78 135
78 182
79 13
79 26
79 90
79 120
79 158
79 172
80 84
81 217
82 108
82 175
82 203
83 231
84 7
84 13
84 24
84 180
85 23
85 35
87 26
87 37
87 62
88 43
88 67
89 46
89 93
89 223
90 49
90 110
90 125
90 153
91 62
91 132
95 31
95 219
97 53
98 17
98 52
99 128
100 84
102 19
102 31
104 92
104 138
105 109
105 173
106 34
106 44
106 162
106 169
107 85
107 132
107 203
108 185
109 201
110 127
111 17
111 39
111 101
111 110
112 142
113 68
113 70
113 191
113 225
114 10
114 42
114 69
114 193
114 206
115 28
116 178
116 237
118 134
118 148
118 235
119 30
119 158
120 114
121 93
121 213
122 135
123 21
124 46
124 185
125 50
125 137
126 129
127 93
127 125
128 165
128 228
128 247
130 83
130 119
130 174
130 186
131 66
132 50
133 113
133 213
133 235
134 70
134 100
134 126
136 168
137 28
138 158
138 166
138 203
139 157
139 167
139 179
139 210
140 17
140 38
140 133
140 245
143 26
143 32
143 126
143 227
145 121
145 209
145 231
146 100
146 239
146 242
147 104
147 213
148 211
148 221
149 9
149 70
149 159
150 151
151 30
151 53
151 105
152 155
152 211
153 1
153 226
154 17
155 132
155 178
155 220
155 230
156 30
157 90
157 153
158 22
158 91
158 153
158 176
158 237
159 14
159 69
160 143
161 43
161 47
161 100
161 232
163 196
164 160
165 21
165 130
165 230
165 231
165 242
166 101
167 53
167 61
167 150
167 198
167 224
168 15
168 77
168 159
169 226
169 235
170 122
170 181
170 228
172 70
172 110
172 214
173 150
174 183
175 231
175 244
176 88
176 222
177 234
177 242
178 180
179 165
179 238
180 32
180 164
180 226
181 102
181 250
182 140
183 21
183 133
184 60
185 58
186 59
186 141
187 62
187 101
187 105
187 210
187 225
188 60
189 9
189 219
189 246
190 3
190 92
190 199
192 199
193 48
193 81
193 110
195 208
196 136
196 158
196 165
197 136
197 138
197 157
197 249
198 91
198 96
198 214
198 219
198 227
200 81
200 125
200 179
201 35
201 115
201 180
202 149
203 182
204 113
204 115
204 199
205 225
206 129
206 162
208 158
209 47
209 205
210 220
211 89
213 99
213 215
214 16
214 97
215 250
217 98
217 170
217 178
218 136
219 75
220 14
220 201
220 221
221 85
221 207
222 9
222 148
223 134
223 150
224 60
224 74
224 81
224 199
225 13
225 148
225 172
226 1
226 24
226 67
226 151
226 201
227 117
227 179
228 18
228 113
228 146
228 182
228 217
229 181
231 184
231 221
232 101
232 206
233 166
235 37
235 65
237 135
237 180
239 30
239 137
239 165
240 30
240 32
240 40
240 83
240 176
241 27
241 247
242 25
242 132
242 231
242 237
244 61
244 157
244 177
247 223
250 20
250 107
250 228

