200 750
43 86 25 3 24 41 46 29 9 8 21 51 14 73 86 37 17 51 47 33 105 28 16 12 106 51 29 63 3 20 57 14 11 2 108 15 45 25 22 54 15 6 20 58 3 12 5 3 119 10 41 47 5 4 19 20 88 26 61 6 34 1 9 3 2 8 8 19 27 22 31 16 154 7 88 39 76 54 45 27 1 30 28 44 7 47 3 5 24 25 50 17 28 17 62 11 2 6 14 14 40 8 18 47 49 60 2 41 3 3 116 86 15 14 80 13 107 3 48 1 41 36 5 21 73 38 21 13 67 45 6 16 41 56 38 95 3 79 108 1 17 35 12 24 1 21 52 4 67 9 124 44 61 89 16 10 32 73 9 6 7 27 157 55 20 33 24 1 44 15 19 23 43 53 28 37 10 8 10 7 11 69 14 36 62 50 9 7 12 16 32 44 11 26 80 11 88 48 50 35 
1 14
1 19
2 43
2 51
2 89
2 92
2 122
2 129
2 195
2 196
3 5
3 104
3 140
3 161
3 185
3 198
4 77
4 90
5 80
5 105
5 141
5 169
6 7
6 24
6 151
7 71
7 77
7 119
7 127
7 161
7 195
8 14
8 78
8 96
8 171
8 192
9 40
10 128
11 21
11 23
12 22
12 50
12 169
12 186
13 42
13 75
13 84
13 142
13 199
14 22
14 60
14 79
14 103
14 147
15 67
15 80
15 88
15 115
15 185
16 1
16 12
16 26
16 45
16 130
16 143
16 180
17 25
17 39
17 54
17 59
17 78
17 163
18 96
18 111
18 116
18 152
19 21
19 23
19 28
19 93
19 106
20 40
20 154
21 32
21 41
21 119
21 161
21 182
22 6
22 49
22 95
22 192
23 86
25 11
25 132
25 146
26 91
26 94
26 106
26 122
26 166
26 184
27 58
27 113
27 156
27 161
28 97
28 112
28 141
29 139
30 25
30 106
30 132
30 133
30 147
30 163
30 179
31 34
31 57
31 101
31 158
32 100
32 175
34 12
34 70
34 104
35 21
35 44
35 59
35 69
35 140
36 24
36 115
36 129
36 167
36 175
36 188
37 17
37 55
37 133
37 172
38 129
38 171
38 186
39 78
39 84
39 98
39 101
40 3
40 101
41 13
41 25
41 100
41 140
41 198
41 199
42 27
42 76
42 133
42 159
43 14
43 64
43 155
43 176
44 117
44 135
44 186
44 189
44 196
45 23
45 122
45 186
46 48
46 52
46 180
47 25
47 56
47 123
48 18
48 125
48 134
48 167
48 191
49 23
49 24
49 97
49 127
49 136
50 149
50 184
51 67
52 35
52 53
52 111
53 15
53 113
54 10
54 60
54 121
55 34
55 35
55 146
55 173
55 198
56 19
56 40
56 175
57 10
57 106
57 118
57 194
57 195
58 108
58 194
59 46
59 52
59 84
59 178
60 154
61 6
61 39
61 66
61 108
61 192
62 20
62 136
63 139
63 164
64 57
64 89
64 114
64 184
65 73
65 159
66 44
67 21
67 78
67 156
68 9
68 25
68 58
68 93
68 163
68 184
69 1
69 85
69 158
69 181
70 94
70 118
71 28
71 42
71 48
71 87
71 139
72 20
72 109
72 192
73 6
73 19
73 44
73 91
73 117
73 147
73 179
74 28
74 32
74 69
74 92
74 94
75 64
75 72
75 78
75 100
75 138
75 156
75 176
76 91
76 99
76 109
76 127
76 157
76 167
77 37
77 38
77 79
77 86
77 89
77 123
78 5
78 73
78 114
79 38
79 46
80 8
80 25
80 60
80 166
80 174
80 193
82 79
82 86
82 133
82 199
83 14
83 59
83 62
83 106
83 190
84 67
85 57
85 60
85 104
86 2
86 191
87 48
87 57
88 30
88 125
89 1
89 125
90 11
90 47
90 49
90 64
90 149
91 56
91 150
92 42
92 64
92 154
93 60
93 83
93 97
93 117
93 131
93 138
94 51
94 134
94 153
94 163
94 177
94 189
95 28
95 77
95 88
95 143
97 76
97 78
98 26
98 124
98 183
99 30
99 168
100 191
101 65
101 79
101 110
101 111
101 139
102 50
102 106
103 34
103 46
103 78
103 191
104 59
104 103
104 131
105 13
105 161
105 173
106 15
106 28
107 14
107 34
107 47
107 84
107 163
107 177
108 2
108 134
108 162
109 49
110 27
111 5
111 13
111 31
111 34
111 110
111 163
112 12
112 51
112 117
112 170
112 173
112 176
112 194
112 195
113 37
113 93
114 65
114 88
114 105
115 103
115 113
115 139
115 160
115 169
116 46
116 101
116 108
116 135
117 11
117 15
117 59
117 86
117 153
118 119
119 31
119 37
119 72
119 77
119 142
119 174
120 100
121 8
121 24
121 63
121 83
121 95
121 136
121 187
122 11
122 35
122 73
122 74
122 126
122 149
122 176
123 64
123 163
123 178
124 93
124 129
124 144
125 15
125 33
125 49
125 75
125 124
126 30
126 56
126 105
126 167
126 180
127 23
127 191
128 54
128 90
128 95
128 148
129 76
129 157
129 180
129 181
130 117
130 124
130 185
130 195
130 200
131 60
131 119
131 128
132 81
132 154
133 20
133 75
133 105
134 76
134 144
134 155
134 188
135 7
135 19
135 28
135 51
135 123
136 57
136 60
136 101
136 102
136 118
136 153
137 83
137 114
137 115
137 169
138 27
138 44
138 63
138 82
138 108
138 119
138 168
138 197
139 83
139 126
139 171
139 177
140 12
140 40
140 156
141 73
141 93
141 128
141 129
141 138
141 175
142 37
142 49
142 70
142 130
142 139
143 49
143 51
143 151
143 181
144 19
144 20
144 49
145 23
146 9
146 35
146 165
146 168
147 17
147 138
147 172
147 197
148 48
148 173
148 197
149 11
149 35
149 134
149 171
149 182
150 4
150 18
150 33
150 63
150 113
151 34
151 57
151 58
151 80
151 91
151 95
151 111
151 125
152 1
152 16
152 21
152 63
152 69
152 197
153 33
153 44
153 62
153 73
154 17
154 73
154 84
154 88
154 163
155 31
155 121
155 150
155 153
156 188
156 195
157 126
157 147
157 184
158 8
158 39
158 78
158 96
158 140
158 199
159 35
159 50
159 59
159 60
159 76
159 174
160 76
160 79
160 135
162 41
162 56
162 104
162 127
162 130
163 1
163 32
163 75
163 112
163 144
163 152
164 52
164 86
165 30
165 83
165 125
166 25
166 105
166 117
166 170
167 27
167 71
167 120
167 197
168 139
168 158
168 165
168 166
169 26
169 40
169 57
169 195
170 95
170 151
170 186
171 79
171 155
171 177
172 50
172 99
172 120
172 154
173 91
173 143
174 7
174 21
174 111
174 114
174 171
175 13
175 23
175 39
176 33
176 96
176 164
176 194
177 45
177 86
177 195
178 6
178 22
178 61
178 198
179 150
180 47
180 48
180 91
180 179
181 52
181 195
182 17
182 29
182 49
182 57
182 86
182 108
182 136
183 25
183 46
183 108
183 164
183 171
184 83
184 175
185 2
185 22
185 57
185 74
185 82
185 104
185 142
185 164
186 28
186 66
186 84
186 104
186 130
187 145
187 200
188 28
188 31
188 144
188 151
189 58
189 61
189 82
189 114
190 1
190 41
190 150
191 15
191 76
191 79
191 134
191 149
191 193
192 5
192 132
192 136
192 157
193 19
193 70
193 74
193 158
193 196
194 18
194 47
194 105
194 173
196 83
196 109
197 18
197 40
197 109
197 115
197 164
197 195
198 31
198 115
198 164
198 177
199 51
199 102
199 157
199 194
200 7
200 56
200 70
200 81
200 121

