200 500
1 47 3 7 14 5 2 7 13 23 1 15 9 7 37 24 6 40 45 5 5 11 25 2 9 12 1 1 12 19 3 2 15 13 44 21 26 11 14 19 4 4 1 3 1 51 33 21 6 36 5 27 7 7 3 9 8 61 8 61 15 29 28 3 8 1 3 11 8 12 26 2 5 21 7 4 2 23 15 46 6 4 5 13 48 8 6 5 26 16 9 4 10 8 5 16 1 29 9 6 12 19 1 18 8 1 19 13 11 60 5 10 5 1 18 25 30 21 15 58 19 24 9 14 10 2 22 38 10 22 25 13 84 24 47 6 1 19 38 14 15 27 4 4 14 2 3 4 2 16 4 20 22 32 1 1 47 45 32 29 3 4 23 12 1 11 2 9 5 23 4 1 47 8 14 39 31 21 3 16 8 6 5 36 27 15 30 1 3 42 47 48 2 1 2255702019 14 15 4 51 25 
1 113
1 126
1 177
2 6
2 10
2 141
2 173
2 178
2 192
3 37
4 193
5 89
5 90
5 133
7 102
7 120
7 142
8 86
8 95
9 46
9 175
10 27
10 66
10 85
10 91
11 196
12 33
12 167
13 26
13 161
14 165
15 18
15 32
15 54
15 60
15 177
16 33
16 38
16 193
17 64
17 89
17 100
17 124
18 14
18 23
18 69
18 89
19 79
19 135
19 199
20 7
20 24
20 47
20 81
20 163
20 166
20 199
21 26
21 188
22 169
23 114
24 138
24 154
24 197
25 7
25 47
26 88
27 79
27 83
27 199
29 12
29 58
29 98
29 107
29 154
30 19
30 113
31 182
32 162
32 191
34 10
34 108
34 121
34 158
34 172
35 8
35 23
35 29
35 66
35 192
36 16
36 35
36 45
37 25
37 140
38 37
38 84
38 120
39 108
39 118
40 65
40 95
41 48
41 116
42 2
42 182
43 72
44 129
45 73
46 5
46 140
46 183
46 187
47 134
47 181
48 159
48 176
49 32
49 88
49 111
50 52
50 70
50 79
50 98
50 171
51 60
52 15
52 99
52 171
53 23
53 58
54 30
56 30
56 85
56 158
57 157
57 163
58 8
58 22
58 56
59 39
59 60
60 89
60 96
60 98
60 128
60 160
61 41
61 88
61 133
61 154
62 1
62 36
62 85
63 9
63 24
63 119
63 124
63 133
63 139
63 200
64 40
64 54
64 150
65 26
66 63
66 96
66 112
67 13
67 50
67 124
67 171
67 185
68 22
68 200
69 112
69 117
70 81
70 119
70 175
70 199
71 18
71 44
71 142
71 159
71 167
71 174
72 109
72 141
72 171
73 137
74 5
74 12
74 102
74 156
74 157
74 178
75 100
75 158
76 48
76 142
78 20
78 40
78 199
80 6
80 43
80 57
80 124
80 194
81 19
81 80
81 184
82 3
82 110
83 135
84 22
84 65
84 138
84 194
85 35
85 64
85 110
85 150
85 153
86 147
88 19
88 123
89 39
90 8
90 31
90 107
91 29
91 104
91 138
92 94
92 140
93 78
93 165
94 85
95 29
95 52
96 98
96 153
97 119
98 184
99 161
100 151
100 159
101 17
101 82
102 17
102 41
102 53
102 157
103 164
104 68
104 116
104 153
105 64
105 98
106 4
107 16
107 46
107 78
108 62
108 154
109 120
110 51
110 75
110 135
110 182
111 110
112 16
112 35
112 51
113 80
113 107
113 136
114 36
114 171
114 178
115 46
115 88
115 144
115 178
115 180
115 184
115 192
116 86
116 152
116 157
117 30
117 157
117 175
118 2
118 77
118 159
118 180
119 110
120 85
120 118
120 128
120 134
120 164
121 41
121 87
121 137
121 187
122 28
122 29
122 45
122 162
122 196
122 197
123 159
123 184
124 70
125 49
125 185
125 200
126 5
126 74
126 135
127 102
127 128
127 129
127 138
127 185
128 113
129 58
130 34
130 132
130 141
130 192
131 30
131 37
131 47
131 137
132 4
132 55
132 93
133 8
133 51
133 52
134 79
134 80
134 95
134 130
134 161
135 18
135 105
136 52
136 63
137 64
137 142
138 117
139 118
139 126
139 135
139 164
139 185
140 143
140 150
140 187
141 58
141 139
142 72
144 128
145 133
145 146
145 180
146 48
146 117
146 179
147 70
148 18
148 97
149 134
149 152
150 14
150 101
151 16
151 143
152 9
152 21
152 104
152 187
153 40
153 73
153 166
153 190
154 45
154 83
155 111
156 80
157 129
157 183
158 22
158 33
158 112
158 130
158 162
158 178
159 17
159 58
159 185
160 41
160 47
160 90
162 73
162 118
163 77
163 94
163 101
164 123
164 191
165 20
165 89
165 128
166 194
167 156
167 176
168 87
168 129
168 175
168 194
169 33
169 178
169 186
170 32
170 103
170 146
170 164
170 182
171 127
171 131
171 151
171 186
173 29
173 80
173 145
173 150
174 145
174 173
175 5
175 58
175 109
176 19
176 32
176 46
176 57
176 62
176 162
177 97
177 149
178 177
179 36
179 183
180 55
181 166
181 190
182 125
183 191
184 112
184 113
184 152
185 133
186 6
186 36
186 87
186 160
187 36
187 160
188 133
189 99
189 165
190 23
190 52
190 62
190 68
190 182
191 37
191 56
191 93
191 133
191 173
192 150
192 158
192 199
194 200
196 15
196 158
197 85
197 128
198 20
198 177
199 59
199 142
200 51
200 109

