200 250
1 1 1 1 1 4 1 4 8 1 1 6 2994675633 1 4 2 1 3 3 4 3496744328 1 4 3084780817 1 2772922261 7 6 6 1 2 25 2 4 3 16 9 16 2 1 1 2408290325 7 7 3 36 2 1 1 2287858772 15 3 7 2 3 12 11 1 3 2 4 7 1 1 6 1 3 7 1 8 2 3 5 1 302705334 3554902237 1 34 17 11 460899947 1 1 45 1 21 8 7 7 18 1 1 14 12 1 4 1 5 11 10 3 2 6 9 8 8 3584824740 3 10 9 1 7 1 1 7 8 1 4 1 1 2 3213006492 7 4 1 2 2 9 1 5 4 8 1 22 2 4163249047 3 2 1 1 1 1 6 1 13 12 6 1 1 13 1 3 7 1 1 1762168416 3 4 4 4 1 16 8 7 2 10 1 1 3 1 1 11 5 17 2 1 3 4 4 1 1 6 1 7 4 6 2 8 1 2 4 23 3 1 5 1 3 4 8 4 
1 143
2 62
2 162
4 86
5 44
5 100
6 100
6 128
7 63
8 183
9 34
10 146
11 155
12 23
12 43
12 124
15 123
16 51
17 130
18 22
19 100
19 170
23 60
23 164
25 160
27 33
27 94
27 119
27 169
27 195
28 86
29 69
29 172
31 20
32 111
33 146
34 56
34 57
34 177
35 57
35 174
36 49
36 90
36 98
37 3
37 64
37 124
38 31
38 101
38 188
40 134
41 114
43 183
44 87
45 174
46 63
46 79
46 88
46 183
46 193
47 5
49 16
49 44
51 78
51 199
53 70
53 131
53 186
54 106
54 172
56 38
56 186
57 17
58 197
58 200
59 186
61 8
61 90
61 93
62 47
63 72
63 73
65 45
65 185
65 193
66 109
67 84
68 100
68 143
70 192
71 79
71 138
73 178
77 195
78 32
78 47
78 148
79 9
79 147
79 157
80 6
80 94
80 127
80 199
82 4
83 104
85 32
86 93
86 98
87 71
88 32
88 78
89 51
89 57
89 70
90 47
90 72
91 126
92 84
93 124
94 74
94 120
94 132
95 90
96 62
97 43
97 173
98 152
99 55
99 61
99 71
99 162
102 192
103 129
103 130
104 52
104 66
105 14
106 18
106 152
108 32
108 78
109 14
109 63
109 163
110 38
110 137
112 149
115 71
115 158
116 84
116 114
116 152
118 28
118 182
123 48
123 59
123 194
127 164
128 198
131 192
132 123
133 28
134 18
134 105
135 84
137 73
140 147
140 188
141 110
142 46
143 145
144 134
145 86
145 114
146 37
146 187
147 65
147 125
150 114
150 132
150 188
150 190
151 96
152 27
153 30
153 163
157 29
157 36
157 39
159 115
159 126
160 128
160 176
161 153
162 84
162 101
162 112
162 130
163 9
164 39
164 67
164 84
165 152
165 194
166 57
166 84
166 96
167 123
168 105
169 121
171 60
171 112
172 154
172 166
173 52
173 87
174 25
174 182
174 190
175 71
175 160
177 103
178 117
179 126
179 135
180 184
181 39
182 191
183 145
184 93
184 113
185 15
185 20
185 121
185 123
187 27
189 102
191 138
192 55
192 158
194 131
195 198
196 56
196 139
197 95
199 134
199 157
199 173
200 68

