50 250
92 54 196 73 5 16 19 76 21 11 3 56 51 37 21 30 164 79 27 63 44 24 31 10 42 13 149 62 6 2 56 119 77 9 28 67 3 18 20 56 21 21 23 25 54 25 68 54 17 21 
1 3
1 4
1 12
1 29
1 31
1 32
1 36
2 26
2 33
2 40
2 47
3 2
3 4
3 8
3 10
3 39
3 41
3 42
4 8
4 24
4 38
4 41
5 2
5 15
5 27
5 28
5 40
5 44
6 3
6 16
6 25
6 46
7 1
7 4
7 27
7 34
7 35
7 38
8 7
8 18
8 25
8 45
9 18
9 39
10 7
10 27
10 28
10 46
11 13
11 16
11 20
11 31
11 43
12 18
12 23
12 31
12 40
13 18
13 20
13 22
13 48
14 2
14 17
14 30
14 33
14 42
14 49
15 10
15 13
15 17
15 18
15 28
16 9
16 32
16 40
17 1
17 13
17 19
17 25
17 32
17 35
17 37
17 38
18 1
18 3
18 5
18 29
19 2
19 5
19 36
20 18
20 25
20 29
20 31
20 32
21 3
21 4
21 7
21 9
21 17
21 26
22 4
22 15
22 17
22 36
22 45
23 1
23 35
23 42
23 49
24 7
24 8
24 12
24 22
24 30
24 35
24 36
25 16
25 21
25 31
25 39
25 50
26 3
26 15
26 16
26 19
26 20
26 49
27 2
27 4
27 21
27 25
27 35
27 36
27 40
27 48
28 17
28 20
28 31
29 3
29 4
29 21
29 24
29 28
29 39
29 48
30 8
30 20
30 21
30 28
30 29
30 39
31 5
31 18
31 29
31 40
32 4
32 30
32 33
32 35
32 38
32 39
32 40
32 41
33 4
33 13
33 16
33 25
33 39
33 47
33 48
33 49
34 1
34 18
34 20
35 8
35 48
36 5
36 13
36 20
36 29
37 4
37 6
37 11
37 23
37 25
37 31
37 34
38 13
38 14
38 25
38 36
38 39
38 48
39 12
39 22
39 50
40 21
40 50
41 6
41 17
41 48
42 1
42 19
42 26
42 38
43 4
43 10
43 33
43 38
43 46
43 47
43 49
44 14
44 15
44 28
44 33
44 34
44 39
45 3
45 17
45 23
45 25
45 28
45 42
45 49
46 21
46 27
47 7
47 12
47 27
47 31
47 32
47 48
47 49
48 1
48 17
48 24
48 28
49 4
49 9
49 13
49 18
49 27
49 30
49 38
50 13
50 19
50 29
50 49

