100 500
38 13 51 82 81 12 11 90 16 13 103 10 40 13 56 99 23 63 94 22 73 67 14 12 11 52 77 159 10 150 33 44 70 8 54 25 54 26 14 18 29 4 24 23 109 3 4 50 27 114 16 5 22 216 83 31 77 32 16 38 18 25 59 11 62 95 34 41 96 140 126 39 58 190 19 34 73 4 64 104 77 284 47 3 66 94 186 89 29 31 56 45 9 37 219 122 109 42 108 6 
1 3
1 52
1 80
1 82
1 100
2 11
2 43
2 44
2 47
2 50
3 69
3 75
4 2
4 5
4 28
4 66
4 84
5 13
5 18
5 31
5 60
5 79
5 96
7 17
7 18
7 23
7 56
7 67
7 69
7 70
7 99
8 21
8 26
8 30
8 45
8 55
8 61
8 80
8 95
9 19
9 32
9 55
10 51
10 69
10 85
10 95
11 5
11 52
11 84
12 11
12 15
12 30
12 80
12 86
12 96
13 6
13 40
13 87
13 98
14 20
14 32
15 14
15 77
15 83
16 1
16 25
16 33
16 35
16 54
16 81
17 54
17 66
17 98
18 19
18 22
18 55
18 83
18 84
18 90
19 69
19 73
19 81
19 91
19 96
20 72
20 78
21 47
22 28
22 38
22 70
22 76
22 82
22 85
22 86
22 87
23 2
23 31
23 33
23 99
24 27
24 31
24 38
24 64
25 18
25 43
25 53
25 56
25 61
25 66
25 72
26 2
26 30
26 45
26 46
26 50
27 3
27 7
27 44
27 65
27 68
27 86
27 97
28 1
28 21
28 54
28 59
28 68
28 69
28 94
29 3
29 4
29 15
29 21
29 26
29 60
29 83
30 2
30 3
30 15
30 78
30 84
30 95
31 1
31 9
31 19
31 35
31 40
31 41
31 48
31 57
31 65
31 72
31 80
32 27
32 38
32 45
32 58
32 61
32 68
32 70
32 77
32 89
33 4
33 49
33 58
33 66
33 100
34 63
34 71
35 27
35 42
35 44
35 94
36 3
36 43
36 57
37 11
37 16
37 26
37 59
37 77
38 14
38 61
38 68
38 76
38 79
38 95
39 1
39 21
39 53
39 72
39 82
39 87
40 16
40 82
41 13
41 30
41 80
42 1
42 11
42 59
42 88
43 40
43 57
43 62
43 76
43 82
44 9
44 24
44 37
44 40
44 77
44 92
45 16
45 37
45 53
45 74
46 57
47 29
47 31
47 43
47 67
47 73
47 92
48 45
48 58
48 82
48 84
48 87
49 4
49 20
49 35
49 50
49 56
49 89
50 28
50 34
50 52
50 68
50 71
50 83
50 87
50 96
51 7
51 20
51 75
52 28
53 8
53 21
54 8
54 32
54 40
54 52
54 70
54 73
54 74
54 83
54 97
55 3
55 53
55 70
55 71
55 98
56 38
56 78
57 6
57 41
57 55
57 76
58 16
58 26
58 71
58 76
58 99
59 11
59 40
60 10
60 35
60 48
60 64
60 65
60 97
61 11
61 15
61 26
61 28
61 45
61 74
62 6
62 29
62 30
62 36
62 40
62 72
62 95
63 21
63 31
63 60
63 61
63 98
64 41
64 52
64 54
64 88
64 90
64 91
64 100
65 22
65 38
66 1
66 37
66 78
66 80
66 93
67 22
67 29
67 41
67 64
67 65
67 73
68 16
69 4
69 23
69 66
69 76
69 91
70 10
70 27
70 30
70 40
70 46
70 62
71 6
71 15
71 44
71 60
71 82
71 96
71 97
72 3
72 12
72 23
72 28
72 48
72 80
72 82
73 38
73 45
73 65
73 74
73 96
74 1
74 15
74 19
74 27
74 38
74 39
74 46
74 48
74 84
75 2
75 7
75 69
75 88
75 94
75 97
76 20
76 36
76 41
76 63
76 78
77 1
77 19
77 26
77 29
77 46
77 63
77 72
77 81
78 40
78 41
78 68
78 74
78 77
78 95
79 23
79 41
79 42
79 59
79 83
79 93
80 71
80 90
80 91
81 4
81 17
81 35
81 78
81 87
81 94
82 18
82 30
82 33
82 64
82 76
82 80
83 19
83 99
84 21
84 93
85 5
85 19
85 47
85 63
85 64
85 76
86 9
86 19
86 38
86 55
86 77
86 88
86 97
87 5
87 12
87 15
87 18
87 28
87 63
87 82
87 98
88 12
88 14
88 15
88 17
88 54
89 4
89 15
89 26
89 45
89 92
90 11
90 35
90 41
90 94
91 33
91 42
91 52
91 88
92 11
92 69
92 82
93 15
93 46
93 76
93 97
93 100
94 14
94 21
94 42
94 58
94 92
95 13
95 36
95 42
95 57
95 70
95 82
95 84
95 94
95 99
96 7
96 48
96 56
96 65
96 68
96 87
97 6
97 17
97 24
97 39
97 50
98 6
98 16
98 29
98 38
98 54
98 65
98 83
98 85
99 5
99 21
99 22
99 40
99 66
99 72
100 13
100 45
100 57
100 86

