50 100
2 7 6 3 2 3246708592 12 9 1 11 4 4 30 4 3 8 4 17 35 13 3 31 9 1 9 9 6 5 1 1 33 7 31 13 1 12 16 4 9 2 13 14 23 3 8 12 4 11 18 5 
1 3
1 43
2 20
2 31
2 32
3 2
3 45
4 37
4 46
5 30
7 13
7 29
7 39
8 12
9 32
10 28
10 44
11 3
11 34
11 42
12 20
13 5
13 41
15 20
15 50
16 14
16 25
17 12
17 14
17 15
17 40
18 19
18 36
18 37
19 1
19 8
21 23
22 13
22 14
22 20
22 48
23 20
23 22
23 34
24 4
24 19
25 36
26 15
26 22
26 25
26 43
27 47
27 50
28 18
28 45
28 48
30 13
30 19
31 7
31 8
31 10
31 13
31 18
31 36
32 1
32 7
32 17
32 41
32 43
33 10
33 21
33 42
33 50
34 25
35 15
35 33
35 46
36 27
36 38
38 28
39 1
39 25
40 16
41 27
41 49
42 43
42 45
43 37
43 48
44 1
45 47
46 27
46 37
48 19
48 33
48 34
49 20
49 27
49 39
49 42

