50 500
160 267 171 276 200 197 122 74 157 231 136 247 179 288 409 7 177 493 148 78 419 185 159 135 137 184 63 197 337 182 376 136 615 267 62 4 258 487 77 77 32 165 80 108 101 417 449 45 38 433 
1 2
1 3
1 4
1 11
1 16
1 24
1 28
1 31
1 36
2 3
2 5
2 11
2 15
2 18
2 21
2 27
2 28
2 37
2 42
3 7
3 11
3 15
3 16
3 18
3 19
3 23
3 27
3 31
3 37
3 39
3 47
4 12
4 18
4 19
4 25
4 32
4 34
4 39
4 41
4 44
4 47
5 14
5 18
5 22
5 23
5 34
5 35
5 39
5 44
5 47
5 48
6 8
6 25
6 32
6 33
6 34
6 35
6 43
6 44
6 45
6 48
6 49
6 50
7 5
7 12
7 17
7 18
7 19
7 21
7 25
7 26
7 34
7 47
8 1
8 9
8 11
8 18
8 20
8 21
8 28
8 29
8 38
8 41
8 44
8 48
9 1
9 11
9 25
9 26
9 29
9 30
9 39
9 46
9 50
10 3
10 5
10 6
10 7
10 8
10 12
10 13
10 20
10 23
10 30
10 33
10 37
10 41
10 46
11 6
11 15
11 24
11 28
11 33
11 36
11 38
12 6
12 11
12 16
12 21
12 24
12 27
12 29
12 30
12 31
12 40
12 43
12 46
12 50
13 3
13 8
13 21
13 29
13 35
13 47
14 6
14 7
14 13
14 15
14 20
14 21
14 30
14 33
14 41
14 44
14 48
15 4
15 6
15 13
15 21
15 29
15 31
15 33
15 35
15 38
15 42
15 43
15 45
15 48
16 4
16 13
16 21
16 50
17 10
17 15
17 21
17 24
17 26
17 33
17 38
17 39
17 40
17 48
18 1
18 6
18 10
18 11
18 16
18 17
18 19
18 21
18 22
18 24
18 26
18 33
18 40
18 42
18 50
19 2
19 10
19 13
19 22
19 23
19 27
19 33
19 41
19 43
19 47
19 48
19 50
20 1
20 13
20 18
20 23
20 25
20 26
20 33
20 42
20 50
21 1
21 6
21 9
21 11
21 27
21 41
21 44
21 46
21 47
21 48
22 3
22 9
22 12
22 14
22 16
22 20
22 28
22 34
22 39
23 8
23 17
23 25
23 29
23 32
23 37
23 38
23 48
23 50
24 6
24 7
24 13
24 22
24 23
24 31
24 38
24 39
24 42
24 45
24 49
25 5
25 10
25 21
25 31
25 42
25 47
26 8
26 11
26 21
26 28
26 32
26 33
26 38
26 43
26 47
27 4
27 10
27 13
27 15
27 16
27 22
27 31
27 37
27 41
28 9
28 19
28 21
28 23
28 24
28 45
29 3
29 11
29 17
29 22
29 37
29 39
30 3
30 18
30 25
30 27
30 34
30 40
30 41
30 44
30 48
31 4
31 11
31 16
31 18
31 28
31 42
31 45
32 11
32 19
32 25
32 31
32 34
32 38
32 46
32 47
33 1
33 12
33 16
33 21
33 24
33 25
33 29
33 37
33 39
33 41
34 9
34 10
34 13
34 15
34 16
34 17
34 18
34 21
34 23
34 31
34 33
34 41
34 45
34 47
34 48
35 9
35 10
35 25
35 26
35 30
35 32
35 34
35 41
35 45
35 46
36 10
36 25
36 35
37 6
37 7
37 8
37 15
37 20
37 26
37 30
37 32
37 35
37 36
37 41
37 42
37 44
37 45
37 49
38 2
38 7
38 9
38 14
38 16
38 28
38 30
38 35
38 46
38 48
38 49
39 2
39 15
39 26
39 30
39 34
39 38
39 41
39 42
39 46
40 2
40 3
40 6
40 13
40 16
40 24
40 27
40 29
40 35
40 39
41 1
41 2
41 3
41 9
41 15
41 26
41 29
41 31
41 38
41 43
41 48
41 50
42 6
42 8
42 11
42 14
42 16
42 28
42 29
42 30
42 34
42 40
42 44
42 46
43 2
43 7
43 18
43 36
43 37
43 40
43 42
43 50
44 3
44 9
44 10
44 16
44 25
44 31
44 34
44 35
44 47
45 2
45 3
45 11
45 17
45 18
45 20
45 23
45 30
45 33
45 38
45 48
46 1
46 3
46 8
46 16
46 17
46 18
46 24
46 29
46 31
46 33
46 41
46 44
47 10
47 12
47 14
47 20
47 24
47 29
47 37
47 38
47 39
47 46
48 1
48 2
48 18
48 26
48 31
48 33
48 39
48 40
49 4
49 8
49 9
49 10
49 12
49 14
49 17
49 26
49 29
49 33
49 36
49 39
49 40
49 41
49 45
50 2
50 4
50 5
50 7
50 11
50 15
50 28
50 33
50 34
50 38
50 39
50 42
50 45

