250 250
7 1 1 1 3639630145 4 1635485001 452382121 1 1 2670061043 1 2 3 1 3135415363 3 4 1 1 3 4 10 1 1 1 4 4 1 632883532 9 2 2 3450654052 1 1 1 35 3444006427 4164269389 1 1 8 1 1 4 1 4 5 2 4 2 2339620568 1 8 1 1 1 4 1 3157354692 1 2382107075 3484209453 1 4 1 3 1 20 3 1 2 3 1 3 1 1 2 1 1 1 1690544518 14 3 1 2916189662 2 2 6 1 4 6 3 3 3008530539 3 6 5 4 3 2 2 16 3 19 1164392143 2 3 12 3 3665540165 5 3663070917 6 436865416 1 1 1 7 1 1 1 4 1510548832 3 1 1 4 16 3 1 6 1 4 1 11 3 14 1 2 4 1 1 5 5 1 1 2 1 7 8 1 9 1 10 6 3812957988 1 9 9 1 1 8 1 2207269614 1 4 4 2109253567 7 1 1 1 4 1 1 3 1 4 1538042199 5 1 1 2 7 3 2 9 2 2 3 1 7 2584878049 2 1 2 12 1 1698789367 3 4 9 1 2 8 1 1578128210 4 1335189094 12 2 3 1 4 3 4 1 1 875133203 3 9 5 2 4 54255700 1 2 2 4 1 11 1 8 1 3675789536 4 3 3 2 8 25 2225549694 1 1 3 2169386949 6 2 
1 57
1 155
2 230
3 106
4 243
9 131
14 17
14 217
14 249
15 102
15 135
15 249
17 10
17 122
18 134
18 208
20 59
21 22
21 23
21 93
22 141
23 84
23 187
24 38
25 231
27 132
28 129
28 136
31 25
32 126
32 179
35 26
35 50
36 233
37 160
38 13
38 72
38 124
38 156
42 124
42 144
43 84
43 106
43 168
44 84
46 71
47 46
48 12
49 106
50 216
51 124
52 59
52 199
54 124
54 205
55 54
55 137
58 229
59 192
62 225
65 33
66 59
68 150
68 203
70 180
70 203
72 223
73 157
76 55
78 126
79 10
79 212
80 218
84 60
85 4
85 180
86 73
88 123
89 213
90 67
90 191
91 105
92 243
93 130
94 124
95 98
95 141
97 168
100 31
100 130
100 196
101 23
101 235
103 100
103 188
104 108
104 175
104 216
105 27
106 45
106 230
108 225
109 89
110 104
110 129
110 164
111 239
113 25
113 223
117 110
118 199
120 33
120 135
120 171
120 210
122 130
126 182
126 198
127 139
127 156
128 81
129 156
130 99
130 115
130 145
131 231
133 54
133 93
134 75
137 130
137 233
138 207
139 160
139 163
140 228
145 92
145 151
146 22
146 29
146 31
146 109
147 74
149 82
149 98
151 113
152 13
152 22
152 222
153 122
154 6
155 71
157 147
159 70
160 176
161 153
162 49
162 217
164 102
165 90
167 241
169 220
171 127
171 142
172 101
173 77
173 88
173 133
174 133
175 19
177 6
177 154
178 138
180 94
182 186
182 236
183 163
185 70
186 38
186 199
187 69
188 238
189 99
189 229
189 238
190 49
190 119
191 1
191 207
193 243
194 85
194 93
194 104
194 129
198 97
200 161
202 139
202 235
203 48
203 115
204 23
204 78
204 98
206 56
207 243
208 196
210 101
210 212
212 242
213 111
215 121
216 168
218 142
219 141
219 169
219 206
219 214
222 51
222 184
223 204
224 9
224 157
224 185
224 197
226 76
226 208
229 156
230 240
232 143
233 74
233 212
234 178
235 51
235 154
239 41
239 66
239 184
240 179
241 161
241 192
242 99
242 115
243 131
243 199
245 137
246 70
247 148
247 164
249 151
250 214
250 238

