250 750
15 15 2 4 27 48 32 9 4 24 41 6 14 1 5 26 3 49 19 35 12 42 1 12 79 20 23 18 6 2 17 9 35 3 3 20 51 34 37 13 12 7 12 14 14 12 22 29 24 23 6 47 3 100 18 2 14 3 22 5 26 11 27 3 27 36 21 6 14 8 25 1 6 1 25 4 8 137 46 10 7 23 6 11 73 4 38 44 8 6 2 23 62 6 14 28 5 16 19 24 109 40 1 25 34 14 65 1 4 3 31 21 46 48 16 32 37 27 4 13 34 113 7 19 5 8 28 16 1 14 24 4 20 1 38 53 14 11 21 3 12 10 1 19 42 21 44 10 18 2 23 12 10 41 4 13 15 38 22 1 6 99 15 30 21 12 16 11 2 31 31 13 9 34 43 3 35 22 2 23 1 12 36 34 45 12 11 73 17 3 29 33 8 3 26 10 23 95 22 64 19 9 7 1 1 28 7 7 1 27 15 8 38 10 11 13 1 8 43 4 30 25 11 1 9 23 3 20 4 22 15 12 22 5 22 17 2 12 45 49 2 12 56 19 9 21 39 35 12 14 
1 25
2 11
2 15
2 165
2 205
3 80
3 162
4 133
4 148
4 164
5 43
5 67
5 78
5 110
5 147
5 226
6 16
6 59
6 64
6 146
6 181
7 37
7 178
8 21
8 88
8 209
8 234
8 248
9 19
9 51
9 89
9 151
10 2
10 125
10 177
11 33
11 103
11 130
11 205
12 16
12 114
13 39
13 216
15 5
15 107
16 54
16 84
16 116
16 235
16 246
17 174
17 213
18 60
18 68
18 86
18 202
18 245
19 8
19 117
19 127
19 231
20 98
20 153
20 155
20 176
20 236
21 86
21 93
21 119
22 197
23 9
24 81
24 132
24 156
25 9
25 149
25 171
25 182
25 219
25 248
26 9
26 38
26 66
26 87
26 161
27 112
27 218
28 135
29 221
30 71
30 221
30 240
31 58
31 107
31 114
31 135
32 221
33 19
33 56
33 132
34 142
34 170
34 188
34 215
35 117
36 47
36 200
36 247
37 156
37 178
38 21
38 45
38 73
38 144
39 46
39 199
39 213
39 237
41 148
41 174
41 195
42 107
42 216
43 164
43 182
44 55
44 142
44 147
45 62
45 128
45 185
46 247
47 185
48 37
48 40
48 180
49 21
49 93
50 74
50 120
50 156
50 194
50 218
51 29
52 14
52 30
52 162
52 229
53 85
54 18
54 117
54 170
54 197
54 235
55 12
55 68
55 139
55 239
56 21
56 44
56 65
56 96
56 109
56 242
57 49
57 78
57 87
58 94
59 28
59 103
59 212
60 116
60 135
60 162
60 176
60 212
61 80
61 118
61 174
61 237
62 41
62 163
63 12
63 34
63 96
63 155
63 165
63 226
64 71
65 34
65 158
65 185
65 240
66 37
66 200
66 208
67 8
67 79
67 160
67 195
67 241
67 248
68 105
68 206
68 216
69 48
69 81
69 113
70 32
70 54
71 69
71 187
71 192
72 118
73 151
73 186
74 59
74 243
75 16
75 210
75 215
75 232
76 32
76 121
77 37
77 74
77 211
78 60
78 126
78 136
78 226
78 238
79 104
79 131
79 173
79 212
79 214
80 78
80 112
80 164
81 60
81 86
81 128
81 131
81 208
81 210
82 75
82 172
82 241
83 125
83 217
84 54
84 166
84 244
85 49
85 80
85 147
85 203
85 225
86 78
87 176
87 240
88 12
88 23
88 224
89 54
90 52
90 124
91 37
91 99
91 115
91 123
92 62
92 172
92 208
92 217
92 241
93 120
93 232
93 238
94 85
94 111
94 146
94 165
94 233
95 111
95 129
95 208
95 221
96 27
96 48
96 111
96 149
96 170
96 175
97 6
97 15
97 31
97 73
98 44
98 63
98 224
99 30
99 158
99 246
100 44
100 76
100 88
100 121
100 214
101 26
101 47
101 56
101 105
101 122
101 160
101 188
101 218
101 234
102 122
102 124
102 202
102 203
102 206
102 247
102 248
103 51
103 81
103 101
103 173
103 232
104 78
104 151
104 194
105 104
105 154
105 220
105 250
106 152
107 6
107 111
107 118
107 137
107 198
107 213
107 240
109 198
111 22
111 34
111 78
111 105
111 209
112 148
113 20
113 30
113 52
113 92
113 219
113 248
114 154
114 240
115 140
115 203
116 86
116 191
117 46
117 61
117 81
118 63
118 196
119 43
119 104
119 152
119 154
119 175
119 186
121 52
121 114
121 192
122 11
122 23
122 30
122 35
122 139
122 165
122 188
122 225
123 62
123 112
123 177
123 208
124 134
124 199
125 60
125 108
126 65
127 13
127 208
127 235
128 37
128 146
128 182
128 191
128 201
128 240
129 198
130 190
131 8
131 9
131 40
131 236
132 177
132 188
133 122
133 140
133 233
134 19
134 21
134 47
134 185
135 13
135 39
135 42
135 138
135 192
135 194
135 215
136 41
136 65
136 132
136 215
136 228
137 133
137 239
138 72
138 141
139 136
139 177
139 188
140 61
140 86
141 10
141 69
141 87
141 168
142 123
142 206
144 58
144 80
144 101
144 130
145 22
145 44
145 78
145 148
145 223
146 113
146 188
147 79
147 175
147 201
149 68
149 152
149 189
149 217
150 1
150 24
150 96
150 159
151 107
151 190
152 22
152 33
152 193
153 123
153 132
154 36
154 173
154 191
154 249
155 25
155 28
155 75
155 95
155 141
156 100
156 110
156 113
156 163
157 82
157 88
157 102
157 106
157 151
158 6
158 47
158 103
158 116
158 168
158 180
158 193
158 205
159 42
159 100
159 223
160 24
160 200
161 129
161 187
162 106
162 137
162 140
162 145
162 192
162 222
162 244
163 232
164 79
164 87
164 162
165 52
165 120
165 223
166 10
166 59
166 142
166 152
167 135
167 153
167 164
167 196
168 211
169 1
169 234
170 115
170 173
171 106
171 137
171 160
171 230
171 238
172 29
172 231
173 177
174 22
174 40
174 55
174 121
174 159
174 176
174 186
174 245
175 22
175 225
175 239
175 246
176 7
176 146
176 170
176 219
177 57
178 25
178 68
178 85
179 185
179 239
180 31
180 111
180 126
180 249
182 33
182 124
182 195
182 204
183 93
183 117
183 118
183 236
183 245
184 21
184 87
184 104
184 157
184 217
185 53
186 213
187 36
187 241
188 7
188 79
188 80
188 187
189 109
189 148
189 243
190 28
190 198
191 70
191 97
191 99
192 124
192 138
192 246
193 40
193 59
194 22
195 226
196 69
196 96
196 239
196 244
197 114
197 149
197 236
198 10
198 39
198 59
198 73
198 183
198 203
199 85
199 163
200 48
200 80
200 82
200 140
200 189
200 226
201 139
201 225
202 85
203 243
204 28
204 56
204 127
204 143
204 160
206 120
206 147
206 175
206 195
207 58
207 116
207 136
207 242
208 38
209 1
209 50
209 114
209 122
209 169
209 196
210 171
210 222
211 142
212 211
212 215
213 109
213 111
213 211
214 4
214 83
214 199
214 205
215 112
215 168
215 219
215 237
216 126
217 18
218 174
219 90
219 128
220 141
220 243
221 127
221 185
221 210
221 216
222 1
222 86
222 201
223 102
224 54
224 179
225 227
226 144
226 184
226 227
226 228
227 93
227 174
227 219
228 4
228 183
228 229
230 99
230 139
230 140
230 176
230 178
231 107
231 155
232 7
232 66
232 112
232 114
232 130
232 239
233 5
233 7
233 135
235 160
235 175
235 218
236 27
236 248
237 2
237 195
238 111
239 27
239 46
240 66
240 89
240 93
241 87
241 210
242 147
242 231
243 88
243 104
243 168
243 173
244 107
244 145
245 11
245 217
246 132
247 7
247 10
247 49
247 52
248 228
249 96
249 237
250 13
250 44
250 46
250 203
250 226

