250 500
41 9 8 9 14 15 2 8 10 8 8 1 5 8 9 18 3 6 1 18 50 11 4 3 13 29 36 12 2 1 9 4 2 54 14 5 9 3 8 7 8 3792579677 5 4 1 24 31 1 2 1 2 1 8 13 1 12 1 7 2 6 1 10 14 3 1 2 4 45 26 1 10 2 7 8 4 8 16 13 64 10 8 11 2 1 5 2 7 4 2 29 7 5 3 18 13 1 16 48 17 5 1 12 1 26 1 3 38 2 4 7 3 16 23 15 4 6 14 2201429225 7 1 13 44 2 3 2 1 17 4 15 4 20 4 20 3 2 1 4 4 1 1 3 19 2 14 13 22 1 2 16 15 4 29 13 1 5 4 6 10 28 7 11 2 10 1 3 9 34 4 4 2 10 5 49 1 4 10 1 34 3 34 4 7 6 4 1 3 14 15 6 12 9 2 30 5 1054778122 8 8 4 9 4 37 3 2 9 21 6 78 4 35 31 1 4 4 3 33 1 17 1 16 28 3468673708 8 31 2 1 15 1 14 7 1 1 15 1 5 15 4 20 3 9 2 5 2 5 11 1 43 3 3 24 2 
1 25
1 164
1 187
2 59
2 188
3 34
3 76
4 40
4 143
5 52
5 222
6 155
6 201
7 95
7 209
8 96
8 125
8 191
9 133
9 242
10 22
10 122
10 132
11 78
11 131
12 76
12 77
13 63
13 143
14 13
14 20
14 110
15 160
15 208
16 147
16 215
17 13
17 102
17 107
18 94
18 184
20 54
20 211
20 234
21 11
21 87
21 164
21 169
21 173
21 233
22 40
22 76
23 31
23 69
25 52
25 173
26 54
26 69
26 146
26 237
27 115
27 119
27 167
27 189
28 215
28 218
29 228
30 71
31 128
32 88
32 109
33 142
33 175
33 199
34 28
34 86
34 169
34 191
34 216
35 41
35 207
35 229
36 50
36 145
37 9
37 249
38 43
39 104
39 135
40 166
43 5
43 58
43 121
44 47
45 60
46 122
47 62
47 149
48 22
49 107
49 204
49 211
50 162
51 46
51 163
52 75
53 6
54 25
54 40
56 47
56 91
56 94
56 222
57 232
57 245
58 66
62 183
63 190
63 208
64 237
65 15
66 98
66 143
67 79
67 197
68 47
68 129
69 33
71 124
71 226
72 55
72 102
72 114
73 232
74 110
74 160
75 58
75 145
75 150
76 168
76 224
76 250
77 84
77 99
78 117
78 168
79 24
79 156
79 182
79 193
79 197
80 68
80 141
80 211
81 12
81 31
82 191
82 217
82 235
83 14
84 200
85 76
85 151
86 126
87 170
88 81
88 180
88 243
89 34
89 207
90 5
90 69
90 82
90 145
90 242
91 141
91 174
92 117
93 39
93 176
94 37
94 112
94 115
94 150
94 203
95 53
95 153
97 77
97 193
97 235
97 239
98 27
98 119
98 157
99 120
99 127
99 146
99 198
99 201
99 215
100 15
100 21
101 107
102 64
103 68
104 40
105 201
106 172
107 24
107 54
107 56
107 150
108 112
108 145
111 29
111 235
112 175
112 217
112 246
113 46
113 70
113 127
113 231
113 237
113 246
114 26
114 75
114 113
114 150
115 8
115 131
116 9
116 228
117 1
117 33
117 219
119 63
121 69
121 149
122 3
122 64
122 173
122 240
123 132
123 154
124 147
124 246
125 231
127 44
127 90
127 196
128 27
128 102
129 142
130 46
130 191
131 90
131 205
132 210
133 34
133 92
134 62
134 138
135 107
136 128
137 117
138 181
139 122
142 74
142 137
142 188
144 7
144 85
144 109
144 167
145 13
145 54
146 68
146 98
148 36
148 149
148 187
149 54
150 73
152 14
152 41
152 143
152 209
152 238
153 205
155 2
155 47
155 220
155 249
156 106
157 236
158 98
158 127
158 180
159 13
159 41
159 115
159 116
159 217
160 147
161 1
161 176
161 244
162 110
163 8
163 13
163 38
163 44
164 140
164 223
165 83
165 131
166 61
166 194
167 6
167 133
167 217
168 18
168 153
168 171
169 108
170 153
171 73
172 116
172 142
173 1
173 16
173 171
173 174
174 104
174 123
174 132
175 100
176 81
176 237
177 60
177 179
178 5
178 79
178 80
178 240
179 173
180 20
180 182
181 157
181 171
181 194
182 19
183 13
183 136
183 205
184 143
185 125
186 1
186 102
187 128
187 180
188 43
188 71
189 144
190 14
190 119
191 115
192 13
193 60
193 68
193 116
193 180
193 201
196 62
196 128
197 129
198 190
199 151
199 228
200 212
201 119
201 125
201 142
202 172
203 172
204 93
204 242
205 138
205 180
206 70
206 158
206 192
206 201
207 50
207 65
207 70
207 79
207 202
207 208
209 6
209 28
209 146
209 212
210 7
210 20
210 98
210 121
210 159
211 11
212 16
213 37
213 55
213 133
213 222
213 223
214 15
214 88
214 126
215 34
215 92
215 164
217 204
217 226
219 8
219 22
219 189
220 4
220 6
220 130
220 167
220 216
220 229
222 21
222 59
223 59
223 161
223 207
224 41
225 124
226 104
226 178
226 208
226 213
227 239
228 26
229 58
229 66
229 123
231 35
232 95
232 117
232 151
232 240
234 68
234 194
235 214
236 53
236 135
237 7
238 104
238 179
239 115
240 50
241 46
241 126
241 223
242 78
242 104
242 160
242 245
243 47
243 56
244 1
244 119
244 171
245 129
245 138
245 178
246 103
246 152
246 160
246 243
247 104
247 131
247 175
247 187
247 207
247 230
248 16
248 117
248 148
249 50
249 66
249 69
249 85
249 87
249 225
250 69
250 164

