250 750
2 2 56 7 81 13 7 5 24 3 36 14 46 2 6 26 24 12 3 46 2 27 5 6 7 29 5 14 2 13 2 61 102 1 14 35 24 36 25 100 11 4 37 1 41 79 1 53 4 5 22 39 11 14 27 22 28 8 13 10 3 12 3 3 19 5 11 25 6 4 33 18 11 23 14 26 21 3 30 20 9 6 14 35 68 19 5 19 11 3 33 25 4 64 15 1 14 1 1 23 6 43 4 37 17 28 7 8 4 23 22 60 4 1 18 1 15 4 21 9 6 3 4 57 8 15 36 16 25 12 24 28 19 8 19 5 6 1 29 1 1 40 11 9 75 44 2 48 20 13 55 1 22 4 36 7 75 15 2 5 25 32 73 9 3 23 8 14 39 25 1 4 11 29 1 47 29 83 24 67 22 50 30 27 28 80 3 14 50 51 10 16 100 43 9 10 5 73 23 10 7 36 9 7 1 55 1 23 28 34 19 1 23 75 14 25 1 2 1 29 15 64 62 30 1 11 24 1 12 7 10 9 5 4 45 19 2 12 8 5 15 1 1 17 13 18 36 33 22 4 
2 83
2 215
3 8
3 62
3 200
3 202
3 216
4 25
4 178
5 10
5 76
5 127
5 189
5 213
6 107
6 188
7 163
7 190
8 83
8 155
8 210
9 51
9 60
9 169
10 99
11 84
11 139
11 203
12 74
12 82
13 32
13 39
13 64
13 68
13 139
13 155
13 181
13 188
13 224
14 29
14 37
14 124
14 162
14 211
15 9
15 16
15 51
15 245
16 46
16 50
16 110
16 142
17 30
17 76
17 145
17 165
17 186
17 238
18 45
18 59
18 154
19 175
20 133
20 160
22 27
22 43
22 204
23 20
23 46
24 52
24 73
24 95
24 191
25 45
25 238
26 3
26 114
26 121
27 178
27 241
27 247
28 57
28 104
30 42
30 154
30 222
31 6
31 128
31 246
32 30
32 79
32 193
32 216
33 3
33 39
33 53
33 83
33 145
33 225
34 13
34 28
35 3
35 45
35 119
35 155
35 214
35 227
36 11
36 65
36 125
37 9
37 161
37 220
38 36
38 156
38 185
38 199
39 145
40 2
40 7
40 88
40 139
40 148
40 167
40 177
40 208
41 48
41 146
43 21
43 175
44 205
45 40
45 110
46 59
46 115
46 181
46 184
46 250
47 68
48 72
48 112
48 224
48 248
49 3
49 171
50 62
50 63
50 176
50 234
50 241
51 59
51 74
51 104
52 2
52 68
52 138
52 224
53 28
53 164
54 133
54 222
54 231
55 52
56 189
56 228
56 237
57 6
57 77
57 199
58 153
58 189
59 247
60 37
61 86
62 46
62 182
62 184
63 146
63 227
64 174
65 82
65 111
66 54
66 105
67 5
67 146
67 180
68 22
68 135
68 184
69 36
69 171
69 179
71 1
71 57
71 102
71 195
71 233
72 12
72 18
72 52
73 188
73 208
73 223
74 190
75 33
75 138
75 196
76 29
76 101
76 103
76 172
76 220
77 65
77 83
77 247
78 114
80 1
80 39
80 103
80 111
80 121
80 180
80 222
81 79
81 85
81 147
81 151
81 232
82 85
82 109
82 228
83 15
83 71
83 186
84 133
84 244
85 6
85 96
85 144
85 223
85 245
86 127
87 183
87 226
88 79
88 156
88 210
89 190
89 198
89 231
90 165
90 175
90 216
90 218
91 16
91 117
91 170
92 23
92 26
92 62
92 87
94 109
94 182
94 185
94 200
94 223
94 234
95 7
95 8
95 247
96 52
96 164
97 40
97 45
97 49
99 41
99 70
100 66
100 150
100 180
100 201
100 243
101 34
101 136
102 25
102 116
102 153
102 172
102 227
103 45
103 213
104 20
104 189
104 234
105 50
105 200
106 58
106 198
107 41
107 68
107 174
107 246
108 131
108 154
108 203
108 230
109 26
110 30
111 162
111 226
111 241
112 8
112 60
112 108
112 126
112 235
113 91
113 138
113 204
114 37
114 46
114 60
114 64
115 43
115 158
115 175
116 107
118 84
118 110
118 179
119 45
119 181
120 240
121 207
122 87
122 132
123 66
123 90
124 55
124 65
124 77
124 86
124 107
124 145
125 94
125 133
126 26
126 145
126 173
127 11
127 13
127 28
127 41
128 129
128 157
128 169
129 43
129 78
129 106
129 133
129 248
131 74
131 75
131 158
131 179
132 155
132 171
133 178
134 93
134 104
134 111
134 187
134 217
135 18
135 33
135 74
136 146
136 193
137 43
137 86
137 130
137 145
137 243
138 86
139 109
139 151
139 232
139 246
140 79
140 183
141 112
141 122
141 247
142 14
142 153
143 29
143 95
143 202
144 94
144 106
144 135
144 198
145 57
145 119
145 121
145 192
145 194
145 213
146 53
146 65
146 152
146 153
147 228
148 166
148 174
148 200
149 134
149 170
149 175
150 30
150 106
150 184
150 190
151 12
151 32
151 56
151 115
151 150
151 224
153 124
153 161
154 84
154 139
154 180
154 203
154 209
155 22
155 67
155 139
155 149
155 161
156 32
156 33
156 180
156 211
156 214
157 27
157 116
157 142
157 168
157 176
157 178
157 222
157 244
158 76
158 77
158 78
159 38
159 85
159 101
159 148
159 217
159 238
159 249
160 132
160 173
160 209
161 8
161 43
162 33
162 73
162 84
162 141
163 11
163 138
163 148
163 187
163 210
163 224
164 93
165 7
165 14
165 175
165 230
166 43
166 83
166 178
167 4
167 74
167 132
167 142
167 160
168 94
168 103
168 117
168 163
169 7
169 109
169 130
169 194
169 204
170 42
170 88
172 95
172 189
173 70
173 189
174 105
174 120
174 227
175 250
176 117
176 140
176 191
176 206
176 222
177 42
177 49
177 158
177 191
178 118
178 136
178 143
178 176
178 196
178 199
179 17
179 138
180 48
180 187
180 220
181 48
181 221
182 6
182 12
182 15
182 66
182 78
182 175
182 191
182 236
182 250
183 79
183 130
183 185
183 245
184 111
184 248
185 5
185 63
185 92
186 28
186 37
186 60
186 119
186 180
186 200
186 247
187 34
187 46
188 60
188 154
189 55
189 70
189 72
189 239
190 5
190 148
190 155
191 110
191 117
191 127
192 5
192 112
192 178
192 231
193 85
193 104
193 114
193 135
193 166
193 200
193 205
193 230
194 59
194 225
194 235
195 22
195 90
195 95
196 122
197 56
197 223
198 32
198 65
198 224
198 243
199 28
199 61
199 116
200 55
200 206
200 229
201 55
201 105
201 120
202 49
202 89
202 124
203 19
203 36
203 63
203 172
203 190
203 213
204 130
204 132
205 163
205 248
206 20
206 160
206 185
206 214
206 249
207 149
207 161
208 85
208 156
208 181
208 201
209 65
209 85
209 92
209 198
209 202
210 48
210 200
210 221
210 248
211 2
211 123
211 142
211 158
211 167
211 180
211 197
211 245
212 31
213 21
213 94
213 117
214 10
214 55
214 73
214 144
214 154
214 211
214 246
215 67
215 127
215 206
215 220
215 221
216 114
216 142
217 78
217 218
218 31
220 68
220 106
220 142
221 138
221 244
222 24
222 119
222 194
223 27
223 33
223 39
223 91
223 128
223 133
223 196
223 218
224 138
224 247
225 240
226 36
227 189
227 208
229 53
229 58
229 230
231 25
231 97
232 35
232 91
232 159
233 37
233 68
233 158
234 129
235 10
235 43
235 49
235 160
235 198
236 20
236 108
236 115
236 217
237 17
237 67
237 120
238 147
238 219
239 98
239 146
239 220
239 226
240 38
240 194
241 20
241 43
241 93
241 248
242 96
242 127
243 216
244 107
244 170
244 216
245 12
246 64
246 77
247 79
247 132
247 187
248 49
248 82
248 101
249 17
249 56
249 102
249 161
249 177
250 96
250 159
250 244

