250 1000
6 24 15 11 69 14 43 37 8 163 65 70 22 178 45 25 64 1 5 18 10 17 6 16 69 75 22 22 7 32 50 54 96 41 163 9 24 13 55 30 73 35 46 46 6 58 21 62 57 10 26 9 20 14 15 2 100 29 48 42 41 35 35 35 54 9 169 13 37 15 80 53 87 24 1 22 50 21 7 46 90 46 19 51 16 14 25 32 26 15 55 24 17 32 10 26 1 27 44 97 114 1 6 39 21 55 8 7 6 4 15 122 18 27 25 66 21 10 6 3 1 35 19 24 28 23 20 5 32 38 75 4 41 5 12 84 1 37 7 173 40 6 12 44 11 5 61 4 34 22 3 12 9 33 1 8 36 18 11 52 16 1 44 3 74 5 22 70 126 3 34 14 11 1 11 26 12 8 31 33 53 22 80 17 24 30 33 97 55 34 4 32 98 25 90 11 68 23 8 84 32 15 123 25 29 15 35 36 169 44 42 131 3 2 16 22 19 121 63 49 9 57 26 1 72 29 22 120 6 44 5 78 6 142 21 129 18 33 78 81 1 7 5 9 58 118 47 12 6 72 
1 67
1 167
1 168
1 183
1 217
2 55
2 62
2 73
2 147
2 176
3 83
3 180
4 5
4 244
5 121
5 163
5 165
5 212
6 24
6 133
7 9
7 32
7 52
7 63
7 69
7 78
7 130
7 227
8 174
8 225
9 14
9 52
9 203
10 23
10 37
10 47
10 62
10 79
10 92
10 133
10 174
10 236
11 15
11 31
11 45
11 95
11 175
11 211
11 233
11 235
12 21
12 26
12 58
12 144
12 209
13 17
13 67
13 150
14 67
14 77
14 80
14 116
14 156
14 184
14 195
15 84
15 94
15 199
16 59
16 164
16 168
16 176
16 222
17 23
17 60
17 121
17 188
17 204
17 207
18 60
18 115
18 234
19 8
19 94
19 166
19 190
19 222
19 226
20 8
20 18
20 84
20 101
20 106
20 200
21 7
21 45
21 223
22 92
22 134
22 160
22 164
22 189
22 212
22 248
23 57
23 139
24 33
24 78
24 216
25 34
25 45
25 101
25 130
25 148
26 32
26 49
26 113
26 158
26 211
26 212
26 230
26 242
27 211
27 233
28 142
28 220
29 146
29 218
30 39
30 127
30 234
31 30
31 190
31 234
32 236
33 34
33 74
33 100
33 203
33 212
33 226
33 237
34 140
34 219
34 226
35 21
35 37
35 38
35 140
35 169
35 187
35 197
36 45
36 210
37 183
37 202
37 248
38 81
38 228
39 3
39 33
39 118
39 237
40 61
40 88
40 204
41 37
41 67
41 147
41 208
42 15
42 189
43 65
43 219
43 224
43 232
43 241
43 246
43 250
44 40
44 69
44 123
45 8
45 16
45 95
45 168
45 230
46 163
46 185
46 218
46 228
47 21
47 60
47 234
48 14
48 42
48 112
48 205
49 18
49 118
50 32
50 41
51 119
51 133
51 238
52 143
53 22
53 94
53 126
53 183
53 195
54 5
54 11
54 178
54 197
55 81
55 166
55 209
55 214
55 241
56 28
56 210
57 5
57 14
57 81
57 111
57 124
57 187
57 220
57 233
57 238
58 10
58 91
58 111
58 142
58 149
58 157
58 161
58 173
59 35
59 189
59 236
60 1
60 245
61 20
61 66
61 106
61 170
61 175
61 213
61 242
62 12
62 77
62 84
63 14
63 37
63 116
63 126
63 149
63 179
64 8
64 26
64 134
64 142
64 154
64 193
65 44
65 90
65 141
65 154
65 163
66 41
66 118
66 209
67 17
67 222
67 225
67 236
67 240
68 83
68 115
69 8
69 22
69 154
69 218
69 222
69 245
70 23
70 182
70 196
70 233
71 18
71 29
71 33
71 93
71 128
72 5
72 17
72 67
72 112
73 8
73 31
73 79
73 168
73 203
74 31
74 67
74 92
74 93
76 121
76 151
76 165
77 32
77 41
77 61
77 203
77 217
78 71
78 103
78 131
79 116
79 188
79 240
80 16
80 36
80 63
80 85
80 140
80 156
80 200
81 12
81 91
81 119
81 131
81 218
82 58
82 96
82 117
82 181
83 131
83 133
83 211
83 212
84 69
84 142
84 143
85 17
85 35
85 209
86 16
86 73
86 195
86 208
87 106
87 125
87 167
87 203
87 207
88 6
88 39
88 42
88 96
88 124
88 149
88 183
88 204
89 19
89 66
89 67
89 73
89 93
89 103
89 124
90 62
90 86
90 184
91 95
91 153
92 30
92 73
92 84
92 237
93 25
93 27
93 135
93 146
93 167
93 171
94 26
94 36
94 229
94 239
95 162
95 210
96 11
96 141
96 148
96 160
96 187
96 245
97 119
98 28
98 60
98 77
98 237
98 238
98 248
99 43
99 84
99 116
100 25
100 79
100 175
100 195
100 225
100 244
101 24
101 26
101 71
101 136
101 172
101 223
102 44
103 105
103 122
103 205
104 43
104 47
104 119
104 137
104 141
104 148
105 136
105 146
105 161
105 186
105 201
106 68
106 181
106 195
107 131
107 200
107 206
107 216
108 88
108 114
108 171
109 5
109 39
110 212
111 3
111 76
111 120
111 231
112 32
112 38
112 40
112 146
112 178
112 180
112 196
112 216
113 112
113 189
113 235
113 236
114 47
114 97
114 232
115 49
116 59
116 194
116 199
117 38
117 100
117 101
117 184
118 60
118 207
119 28
120 169
120 197
120 233
121 234
122 45
122 65
122 173
122 198
122 242
123 59
123 117
123 220
124 6
124 65
124 72
124 98
125 2
125 68
125 161
125 211
126 130
126 219
127 101
127 140
127 209
128 83
128 95
128 123
129 53
129 99
129 126
129 153
130 27
130 116
130 148
130 157
130 205
131 11
131 35
131 123
131 187
131 216
131 240
132 11
132 74
132 76
132 191
132 197
133 131
133 153
133 222
134 168
134 183
135 104
135 200
136 12
136 27
136 123
136 133
136 205
136 230
137 133
138 15
138 18
138 74
138 136
138 247
139 159
139 162
139 209
140 10
140 30
140 138
140 154
140 169
140 173
140 181
141 103
141 144
141 166
141 214
141 246
142 19
143 141
143 144
144 109
144 140
144 184
145 18
145 37
145 53
145 147
145 212
145 238
146 3
146 4
146 91
146 240
147 22
147 70
147 77
147 107
148 50
148 51
148 65
148 89
148 149
148 226
148 231
148 249
149 67
149 85
149 159
149 212
150 38
150 112
150 187
151 90
151 203
151 232
151 240
151 247
152 25
152 96
152 157
152 220
153 67
153 77
153 85
153 182
153 191
154 71
154 114
154 117
155 247
156 20
156 32
156 157
156 233
157 30
157 210
157 230
157 243
158 84
158 96
158 125
158 141
158 147
158 174
159 34
159 235
160 29
160 62
160 138
160 180
160 217
160 223
161 10
161 100
161 139
161 215
162 17
162 136
162 140
163 75
163 128
163 181
164 80
164 96
164 176
165 9
165 32
165 140
165 231
166 4
166 33
166 78
166 126
166 172
166 248
167 14
167 51
167 186
167 206
167 218
168 57
168 115
168 122
168 165
168 167
168 201
169 24
169 41
169 47
169 55
169 172
169 216
170 46
170 141
170 201
171 73
171 90
171 98
171 194
171 195
172 11
172 147
173 11
173 95
173 239
174 19
174 176
175 46
175 91
175 115
175 150
175 193
175 232
176 48
177 142
177 201
177 240
178 13
178 61
178 109
178 130
178 195
179 122
179 168
179 180
179 185
179 189
179 232
179 250
180 47
180 49
180 226
181 3
181 200
181 211
182 15
182 71
182 192
182 232
183 21
183 115
183 126
183 151
183 223
183 247
184 183
185 34
185 99
185 129
185 142
185 165
185 177
186 85
186 124
186 134
186 205
186 216
187 70
187 188
188 40
188 41
188 42
188 61
188 86
188 214
188 222
188 243
189 23
189 133
189 216
190 40
190 71
190 184
190 239
191 60
191 228
192 19
192 49
192 139
192 202
193 43
193 58
193 84
193 130
193 141
193 167
193 203
193 210
193 238
194 32
194 106
194 145
194 211
195 66
195 123
195 167
195 219
195 236
196 177
197 10
197 139
197 191
198 25
198 39
198 134
198 174
198 178
199 121
200 42
200 72
200 106
200 167
201 30
201 46
201 48
201 116
201 160
201 200
202 20
202 81
203 48
203 64
203 109
203 112
203 236
204 61
204 198
204 220
205 38
205 56
205 99
205 192
205 247
206 2
206 44
206 129
206 141
206 176
206 230
207 35
207 50
207 204
207 232
208 8
208 77
208 198
209 7
209 62
209 78
209 175
209 193
209 200
209 245
210 31
210 41
210 44
211 189
212 1
212 52
212 94
212 95
212 176
213 74
213 85
213 190
213 195
214 1
214 3
214 111
214 246
215 5
215 35
215 88
215 185
215 189
216 110
216 125
216 152
216 243
217 127
217 190
217 208
218 4
218 17
218 38
218 48
218 95
218 203
219 107
219 109
219 169
219 246
220 5
220 44
220 81
220 164
221 82
221 219
221 235
222 14
222 163
222 238
223 32
223 195
223 203
225 11
225 46
225 66
225 98
225 136
226 4
226 14
226 218
227 59
227 92
227 226
228 5
228 20
228 31
228 49
228 91
228 181
228 220
228 225
229 34
229 250
230 88
230 249
231 3
231 12
231 112
232 27
232 47
232 49
232 99
232 165
232 206
233 181
233 193
234 72
234 82
234 173
234 198
234 228
234 244
234 248
235 91
235 129
236 28
236 45
236 169
236 247
237 82
237 210
237 236
238 4
238 13
238 25
238 46
238 55
238 114
238 147
239 43
239 132
239 208
239 227
240 144
240 149
240 179
240 197
240 227
240 234
242 82
243 56
243 62
243 64
243 117
243 124
243 129
243 135
243 203
243 229
243 239
244 42
244 117
244 196
245 72
245 116
245 184
245 195
245 196
246 11
246 100
246 107
246 132
246 134
246 163
246 191
246 197
247 166
247 221
247 229
248 51
248 169
248 196
248 237
248 239
249 35
249 57
250 9
250 93
250 101
250 169
250 170
250 203

