250 5000
253 1642 1155 1170 458 745 864 1914 313 824 604 422 2280 1396 1180 1595 277 1080 796 1727 894 1088 1515 1117 46 1624 523 467 318 551 495 68 555 751 43 2444 1374 177 427 289 1410 197 129 1298 329 1574 2194 1426 153 1190 504 1155 2108 531 620 1137 922 799 910 1640 896 80 478 596 551 1781 413 751 348 364 841 481 311 332 651 326 1197 1577 32 1742 387 314 597 291 1552 889 596 1146 993 453 156 2448 333 1548 1337 1825 1112 591 1310 1342 1778 384 810 185 1021 205 1302 640 830 535 926 345 713 71 382 465 721 443 951 454 229 383 1180 670 877 52 862 783 545 694 1634 743 1411 1219 848 665 102 1508 335 29 1556 730 444 95 1073 917 419 753 1164 1164 917 259 1053 738 859 1411 335 884 22 276 545 1441 1452 1007 1376 359 522 789 1331 1127 18 2 129 321 1512 362 1002 861 222 84 983 1007 654 614 1294 442 821 829 654 1275 821 1066 536 203 287 476 1764 380 353 619 1459 489 597 325 847 1599 1853 789 1497 1105 1218 880 387 49 1217 411 759 176 1026 513 1864 541 374 959 613 1008 160 1049 2024 334 126 39 482 1017 588 22 347 122 895 943 1995 880 338 1059 1022 1431 1055 1132 1294 1019 
1 2
1 4
1 14
1 33
1 54
1 87
1 97
1 102
1 107
1 108
1 122
1 137
1 153
1 157
1 159
1 168
1 174
1 188
1 222
2 13
2 26
2 34
2 40
2 51
2 59
2 61
2 70
2 84
2 114
2 120
2 136
2 138
2 147
2 148
2 156
2 163
2 173
2 184
2 217
2 246
2 250
3 11
3 13
3 22
3 55
3 95
3 97
3 100
3 104
3 129
3 148
3 152
3 157
3 170
3 205
3 233
4 20
4 53
4 64
4 97
4 101
4 115
4 127
4 128
4 162
4 168
4 175
4 225
4 228
4 235
4 236
4 247
5 7
5 50
5 61
5 76
5 93
5 113
5 119
5 124
5 150
5 159
5 181
5 188
5 218
5 220
5 236
5 249
6 18
6 30
6 40
6 54
6 91
6 92
6 95
6 118
6 120
6 124
6 166
6 180
6 193
6 200
6 229
6 240
7 17
7 34
7 37
7 44
7 68
7 93
7 104
7 107
7 163
7 182
7 219
7 225
7 231
7 233
8 4
8 7
8 11
8 26
8 35
8 40
8 107
8 114
8 127
8 133
8 140
8 149
8 162
8 165
8 170
8 172
8 202
8 203
8 215
8 227
8 247
9 1
9 16
9 23
9 31
9 39
9 48
9 80
9 94
9 103
9 110
9 124
9 166
9 175
9 182
9 223
9 224
9 230
9 234
10 6
10 37
10 40
10 53
10 76
10 80
10 84
10 90
10 111
10 141
10 153
10 180
10 181
10 192
10 217
10 226
10 229
10 242
11 13
11 18
11 34
11 37
11 88
11 108
11 114
11 122
11 152
11 172
11 175
11 190
11 191
11 213
11 222
11 232
12 13
12 14
12 18
12 79
12 84
12 88
12 92
12 115
12 132
12 146
12 162
12 173
12 194
12 241
12 242
12 250
13 39
13 40
13 41
13 63
13 85
13 89
13 94
13 97
13 108
13 116
13 122
13 127
13 130
13 146
13 149
13 151
13 173
13 184
13 202
13 205
13 214
14 10
14 21
14 25
14 29
14 62
14 77
14 78
14 92
14 95
14 102
14 106
14 114
14 116
14 127
14 135
14 154
14 155
14 161
14 174
14 176
14 195
14 219
14 234
15 3
15 8
15 17
15 41
15 55
15 82
15 85
15 93
15 116
15 140
15 145
15 149
15 156
15 166
15 177
15 190
15 203
15 212
15 213
15 224
15 239
16 8
16 28
16 36
16 42
16 43
16 45
16 47
16 96
16 105
16 107
16 117
16 122
16 125
16 128
16 134
16 163
16 174
16 177
16 183
16 198
16 203
16 205
16 218
16 229
16 237
16 245
16 246
17 10
17 18
17 22
17 23
17 41
17 54
17 68
17 74
17 96
17 102
17 140
17 153
17 183
17 185
17 189
17 191
17 207
17 214
17 222
18 8
18 36
18 41
18 47
18 52
18 74
18 83
18 92
18 123
18 153
18 158
18 169
18 182
18 205
18 233
18 243
19 6
19 7
19 13
19 21
19 47
19 90
19 95
19 96
19 97
19 115
19 118
19 133
19 150
19 184
19 190
19 191
19 202
19 221
19 230
19 233
19 238
19 249
19 250
20 6
20 38
20 39
20 53
20 61
20 67
20 88
20 96
20 121
20 126
20 133
20 137
20 138
20 141
20 144
20 146
20 170
20 174
20 187
20 202
20 212
20 216
20 241
20 247
21 3
21 9
21 13
21 22
21 33
21 53
21 56
21 62
21 68
21 72
21 76
21 86
21 106
21 130
21 160
21 176
21 180
21 181
21 185
21 206
21 213
21 217
21 234
21 240
22 10
22 42
22 45
22 59
22 60
22 63
22 68
22 88
22 101
22 115
22 164
22 168
22 183
22 184
22 185
22 208
22 213
22 235
22 236
22 239
22 247
23 29
23 48
23 49
23 52
23 78
23 99
23 102
23 107
23 113
23 116
23 132
23 140
23 144
23 157
23 180
23 183
23 185
23 188
23 224
23 225
23 232
23 236
24 3
24 8
24 23
24 38
24 42
24 68
24 91
24 102
24 114
24 117
24 124
24 128
24 133
24 146
24 165
24 194
24 211
24 224
24 225
24 227
24 235
25 12
25 13
25 27
25 28
25 66
25 69
25 89
25 92
25 93
25 109
25 127
25 139
25 164
25 186
25 191
25 205
25 207
25 211
25 216
25 233
26 34
26 36
26 65
26 73
26 91
26 97
26 100
26 129
26 150
26 159
26 161
26 171
26 182
26 201
26 210
26 224
26 230
26 233
26 234
26 236
26 239
27 20
27 54
27 60
27 93
27 94
27 95
27 103
27 133
27 156
27 190
27 202
27 210
27 217
28 4
28 10
28 18
28 29
28 32
28 40
28 52
28 59
28 64
28 73
28 76
28 86
28 93
28 94
28 100
28 104
28 118
28 121
28 123
28 129
28 133
28 141
28 173
28 185
28 188
28 209
28 221
28 229
28 232
28 240
28 245
28 248
29 20
29 34
29 39
29 47
29 50
29 69
29 74
29 100
29 104
29 119
29 124
29 129
29 136
29 152
29 154
29 182
29 205
29 208
29 235
29 236
30 10
30 28
30 36
30 37
30 45
30 60
30 66
30 71
30 82
30 88
30 108
30 115
30 122
30 132
30 135
30 143
30 147
30 153
30 157
30 177
30 184
30 201
30 207
30 234
31 7
31 12
31 19
31 20
31 22
31 48
31 60
31 63
31 67
31 69
31 93
31 105
31 118
31 124
31 143
31 165
31 180
31 185
31 188
31 190
31 191
31 211
31 236
31 240
31 244
32 1
32 8
32 26
32 46
32 49
32 61
32 65
32 79
32 85
32 95
32 172
32 179
32 196
32 211
32 240
32 245
33 15
33 35
33 36
33 53
33 59
33 89
33 90
33 110
33 113
33 120
33 132
33 184
33 224
33 235
33 246
34 12
34 14
34 46
34 49
34 68
34 77
34 80
34 94
34 104
34 111
34 170
34 184
34 213
34 216
34 224
34 234
34 235
34 241
34 243
35 5
35 23
35 45
35 155
35 184
35 223
35 224
35 236
36 3
36 9
36 24
36 34
36 63
36 65
36 78
36 85
36 90
36 129
36 133
36 137
36 144
36 149
36 164
36 168
36 190
36 210
36 218
37 2
37 3
37 82
37 84
37 101
37 105
37 109
37 153
37 159
37 164
37 165
37 176
37 177
37 179
37 198
37 200
37 202
37 210
37 211
38 14
38 15
38 25
38 31
38 34
38 46
38 50
38 58
38 61
38 66
38 79
38 100
38 178
38 194
38 196
38 229
39 6
39 7
39 17
39 26
39 36
39 60
39 96
39 118
39 121
39 127
39 128
39 143
39 187
39 215
39 217
39 218
39 220
39 223
39 245
39 249
39 250
40 12
40 29
40 58
40 59
40 70
40 92
40 101
40 110
40 130
40 157
40 168
40 171
40 216
40 220
40 236
41 5
41 12
41 29
41 40
41 70
41 75
41 76
41 78
41 83
41 96
41 112
41 126
41 153
41 156
41 173
41 213
41 223
42 3
42 5
42 26
42 27
42 35
42 77
42 134
42 180
42 183
42 212
42 214
42 237
43 18
43 23
43 34
43 59
43 68
43 87
43 110
43 122
43 143
43 194
43 201
43 202
43 207
43 225
43 235
43 237
44 23
44 25
44 26
44 27
44 32
44 47
44 58
44 70
44 71
44 79
44 83
44 90
44 95
44 100
44 109
44 147
44 148
44 160
44 163
44 164
44 185
44 199
44 227
44 232
44 241
45 10
45 12
45 36
45 58
45 76
45 81
45 87
45 104
45 120
45 130
45 134
45 137
45 153
45 158
45 177
45 200
45 203
45 216
45 229
45 246
46 1
46 3
46 6
46 28
46 43
46 44
46 64
46 72
46 75
46 80
46 87
46 90
46 94
46 104
46 107
46 112
46 113
46 118
46 129
46 146
46 147
46 157
46 195
46 200
46 206
46 217
46 224
46 240
47 10
47 31
47 39
47 40
47 42
47 49
47 55
47 57
47 83
47 85
47 114
47 117
47 129
47 137
47 148
47 153
47 172
47 191
47 205
47 207
47 210
47 217
47 221
47 240
48 14
48 15
48 47
48 53
48 70
48 128
48 129
48 142
48 179
48 180
48 197
48 205
48 207
48 210
48 225
48 228
48 234
48 239
49 9
49 50
49 52
49 55
49 65
49 105
49 147
49 159
49 169
49 182
49 217
49 223
49 236
49 249
49 250
50 4
50 13
50 15
50 17
50 19
50 21
50 22
50 25
50 44
50 123
50 126
50 145
50 153
50 158
50 171
50 172
50 192
50 236
50 237
50 245
50 248
50 250
51 12
51 34
51 35
51 37
51 38
51 45
51 99
51 100
51 104
51 130
51 138
51 140
51 152
51 168
51 169
51 191
51 192
51 203
51 207
51 219
51 221
51 224
51 225
51 246
52 2
52 3
52 11
52 56
52 58
52 67
52 100
52 107
52 120
52 136
52 138
52 163
52 167
52 177
52 194
52 197
52 202
52 218
53 23
53 25
53 32
53 38
53 47
53 60
53 62
53 69
53 74
53 89
53 90
53 92
53 95
53 105
53 106
53 108
53 114
53 121
53 129
53 135
53 138
53 150
53 174
53 180
53 181
53 200
53 203
53 218
53 220
53 221
53 222
53 239
54 3
54 18
54 38
54 39
54 49
54 56
54 60
54 95
54 112
54 120
54 123
54 126
54 131
54 135
54 140
54 143
54 211
54 216
54 219
54 242
55 6
55 10
55 17
55 27
55 31
55 37
55 41
55 66
55 74
55 79
55 82
55 92
55 97
55 121
55 153
55 154
55 165
55 221
55 224
55 229
55 238
55 246
55 248
56 1
56 9
56 11
56 51
56 61
56 62
56 79
56 89
56 94
56 110
56 135
56 147
56 149
56 166
56 169
56 201
56 221
56 246
56 249
57 3
57 4
57 6
57 13
57 29
57 42
57 60
57 61
57 71
57 75
57 80
57 81
57 99
57 101
57 113
57 114
57 126
57 134
57 136
57 150
57 151
57 181
57 189
57 190
57 194
57 206
57 207
57 222
57 223
57 227
57 230
57 247
57 248
58 9
58 14
58 34
58 41
58 43
58 68
58 81
58 100
58 119
58 123
58 183
58 199
58 221
58 222
58 225
58 249
59 7
59 21
59 39
59 62
59 68
59 100
59 102
59 112
59 140
59 141
59 145
59 155
59 162
59 194
59 218
59 222
59 241
60 3
60 13
60 18
60 36
60 38
60 63
60 68
60 86
60 88
60 97
60 102
60 103
60 106
60 121
60 152
60 156
60 158
60 160
60 187
60 238
61 11
61 12
61 23
61 39
61 58
61 71
61 91
61 99
61 104
61 126
61 128
61 131
61 161
61 182
61 207
62 3
62 24
62 43
62 45
62 71
62 153
62 178
62 179
62 181
62 207
62 209
62 210
62 223
62 231
62 239
62 243
63 10
63 24
63 26
63 27
63 33
63 48
63 58
63 74
63 77
63 82
63 107
63 109
63 131
63 134
63 190
63 199
63 204
63 235
63 236
64 3
64 8
64 29
64 51
64 56
64 61
64 90
64 91
64 100
64 126
64 134
64 143
64 163
64 183
64 194
64 213
64 214
64 222
64 233
65 2
65 38
65 42
65 52
65 59
65 63
65 67
65 70
65 86
65 95
65 116
65 120
65 128
65 131
65 138
65 157
65 160
65 178
65 184
65 200
65 215
65 221
65 232
65 241
66 16
66 18
66 32
66 35
66 54
66 91
66 98
66 100
66 105
66 126
66 131
66 136
66 144
66 167
66 169
66 172
66 174
66 187
66 196
66 211
66 221
66 223
66 227
66 244
66 247
67 8
67 10
67 15
67 17
67 18
67 33
67 46
67 83
67 137
67 138
67 146
67 159
67 160
67 165
67 171
67 189
67 193
67 200
68 10
68 13
68 45
68 67
68 79
68 90
68 137
68 163
68 193
68 200
68 219
68 229
68 231
68 237
68 241
68 242
68 243
68 246
68 247
68 249
69 4
69 13
69 15
69 66
69 82
69 94
69 112
69 113
69 121
69 153
69 163
69 165
69 173
69 197
69 215
69 219
69 245
70 1
70 24
70 43
70 59
70 76
70 93
70 101
70 116
70 122
70 134
70 136
70 141
70 151
70 188
70 214
70 231
70 236
70 244
70 247
71 28
71 36
71 83
71 99
71 113
71 148
71 155
71 179
71 185
71 191
71 196
71 217
71 224
71 229
71 232
72 6
72 12
72 13
72 18
72 20
72 56
72 67
72 68
72 81
72 82
72 100
72 102
72 105
72 109
72 119
72 123
72 132
72 138
72 150
72 171
72 176
72 191
72 193
72 203
72 207
72 235
73 16
73 44
73 58
73 66
73 80
73 101
73 126
73 135
73 141
73 142
73 173
73 175
73 176
73 188
73 205
73 208
73 237
73 243
74 19
74 36
74 69
74 72
74 90
74 94
74 112
74 117
74 120
74 124
74 127
74 163
74 164
74 178
74 187
74 218
74 233
74 242
74 247
75 6
75 9
75 12
75 28
75 48
75 53
75 55
75 60
75 76
75 82
75 88
75 95
75 108
75 132
75 153
75 173
75 193
75 200
75 201
75 210
75 217
75 219
75 232
75 237
76 23
76 24
76 63
76 77
76 81
76 89
76 92
76 99
76 101
76 110
76 140
76 146
76 150
76 169
76 191
76 198
76 239
77 6
77 27
77 35
77 47
77 48
77 54
77 57
77 78
77 85
77 129
77 135
77 152
77 158
77 159
77 170
77 183
77 200
77 233
77 240
78 17
78 27
78 28
78 50
78 54
78 59
78 63
78 82
78 99
78 110
78 111
78 112
78 114
78 125
78 134
78 145
78 163
78 171
78 186
78 225
78 227
78 247
79 41
79 85
79 89
79 106
79 116
79 121
79 165
79 186
79 189
79 207
79 210
79 213
79 236
79 248
80 2
80 8
80 19
80 38
80 45
80 50
80 63
80 67
80 96
80 108
80 131
80 137
80 150
80 160
80 167
80 197
80 201
80 203
80 205
80 207
80 211
80 227
80 231
80 232
80 233
81 1
81 16
81 17
81 31
81 44
81 53
81 62
81 75
81 86
81 88
81 89
81 92
81 99
81 111
81 115
81 119
81 121
81 131
81 163
81 180
81 185
81 198
81 209
81 220
81 245
82 49
82 67
82 101
82 113
82 116
82 144
82 154
82 160
82 193
82 209
82 211
83 34
83 48
83 65
83 68
83 72
83 109
83 110
83 119
83 121
83 131
83 145
83 152
83 168
83 174
83 177
83 178
83 179
83 180
83 181
83 202
83 211
83 212
83 232
83 243
84 1
84 9
84 22
84 49
84 51
84 79
84 80
84 90
84 94
84 97
84 115
84 135
84 146
84 149
84 162
84 169
84 172
84 206
84 215
84 220
84 232
84 244
85 2
85 16
85 18
85 41
85 48
85 51
85 141
85 177
85 183
85 194
85 204
85 206
85 219
85 250
86 16
86 31
86 43
86 50
86 53
86 69
86 80
86 93
86 99
86 170
86 172
86 185
86 192
86 203
86 209
86 217
86 243
86 250
87 21
87 22
87 38
87 39
87 59
87 77
87 82
87 90
87 94
87 96
87 100
87 106
87 121
87 136
87 194
87 204
87 215
87 248
88 23
88 39
88 63
88 70
88 72
88 89
88 103
88 134
88 150
88 154
88 155
88 181
88 182
88 187
88 209
88 210
88 235
88 237
88 244
89 19
89 23
89 26
89 39
89 48
89 52
89 62
89 98
89 99
89 105
89 120
89 124
89 128
89 160
89 219
89 221
89 226
89 229
89 230
89 247
90 40
90 43
90 50
90 54
90 67
90 72
90 95
90 108
90 112
90 115
90 120
90 121
90 124
90 143
90 148
90 149
90 152
90 156
90 168
90 175
90 177
90 204
90 207
90 208
90 238
90 249
91 3
91 19
91 21
91 36
91 47
91 52
91 82
91 86
91 136
91 159
91 176
91 208
91 212
91 227
91 244
91 249
92 4
92 10
92 13
92 35
92 38
92 43
92 67
92 75
92 78
92 86
92 122
92 128
92 130
92 142
92 150
92 157
92 168
92 169
92 173
92 183
92 205
92 225
92 226
93 12
93 17
93 41
93 64
93 77
93 78
93 89
93 94
93 95
93 97
93 125
93 154
93 176
93 200
93 204
93 210
93 221
93 232
94 8
94 16
94 20
94 21
94 42
94 51
94 52
94 62
94 77
94 86
94 96
94 140
94 166
94 168
94 172
94 181
94 184
94 188
94 211
94 227
94 238
94 241
94 243
94 250
95 36
95 58
95 63
95 72
95 85
95 91
95 114
95 115
95 131
95 132
95 135
95 148
95 156
95 166
95 205
95 206
95 211
95 219
95 223
95 226
95 234
95 238
95 243
96 50
96 64
96 89
96 92
96 102
96 107
96 130
96 136
96 146
96 161
96 168
96 176
96 187
96 191
96 192
96 241
96 244
97 40
97 43
97 48
97 50
97 71
97 80
97 88
97 99
97 110
97 123
97 132
97 149
97 156
97 184
97 223
98 1
98 29
98 37
98 48
98 63
98 74
98 79
98 80
98 83
98 92
98 130
98 136
98 150
98 168
98 186
98 218
98 219
98 237
98 238
99 30
99 42
99 50
99 82
99 113
99 131
99 139
99 147
99 163
99 165
99 166
99 174
99 179
99 182
99 211
99 250
100 14
100 30
100 41
100 56
100 62
100 65
100 70
100 123
100 131
100 134
100 150
100 164
100 175
100 183
100 192
100 204
100 231
100 236
100 250
101 17
101 49
101 67
101 88
101 94
101 116
101 120
101 123
101 125
101 129
101 142
101 152
101 174
101 179
101 180
101 203
101 216
101 224
101 228
102 8
102 18
102 30
102 31
102 33
102 48
102 95
102 99
102 118
102 130
102 148
102 151
102 162
102 166
102 175
102 181
102 196
102 212
102 221
102 239
102 249
103 55
103 62
103 71
103 75
103 89
103 92
103 135
103 176
103 205
103 211
103 218
103 222
103 223
103 226
104 4
104 9
104 24
104 31
104 32
104 38
104 41
104 83
104 94
104 97
104 106
104 123
104 124
104 142
104 149
104 167
104 187
104 201
104 232
104 235
104 239
105 5
105 8
105 12
105 34
105 46
105 58
105 78
105 84
105 100
105 107
105 145
105 149
105 163
105 188
105 192
105 206
105 229
105 239
106 16
106 34
106 44
106 48
106 75
106 83
106 86
106 89
106 111
106 120
106 130
106 145
106 153
106 175
106 190
106 201
106 234
106 235
106 241
107 3
107 5
107 27
107 29
107 39
107 80
107 114
107 118
107 123
107 170
107 173
107 179
107 182
107 184
107 211
107 218
107 243
108 12
108 37
108 43
108 70
108 73
108 76
108 83
108 94
108 126
108 133
108 201
108 203
108 211
108 216
108 218
108 233
108 245
109 8
109 9
109 26
109 42
109 50
109 59
109 70
109 74
109 81
109 99
109 105
109 118
109 133
109 145
109 148
109 155
109 169
109 179
109 188
109 205
109 207
109 217
109 243
109 245
110 4
110 5
110 7
110 15
110 64
110 72
110 73
110 88
110 94
110 95
110 104
110 114
110 136
110 143
110 175
110 178
110 222
110 227
110 229
110 236
110 241
110 242
110 247
111 3
111 4
111 5
111 16
111 36
111 91
111 105
111 108
111 113
111 118
111 120
111 136
111 152
111 169
111 181
111 184
111 195
111 197
111 201
111 209
111 221
111 222
111 226
111 230
112 1
112 31
112 50
112 75
112 86
112 105
112 108
112 113
112 133
112 155
112 179
112 195
112 213
112 215
112 217
112 240
112 245
112 250
113 7
113 16
113 21
113 24
113 37
113 56
113 70
113 96
113 163
113 189
113 190
113 191
113 194
113 199
113 206
113 239
113 244
114 4
114 30
114 31
114 44
114 48
114 51
114 60
114 97
114 117
114 127
114 146
114 163
114 165
114 186
114 196
114 207
114 218
114 232
114 247
114 248
115 26
115 34
115 59
115 65
115 86
115 88
115 92
115 101
115 110
115 112
115 137
115 143
115 160
115 165
115 181
115 184
115 243
115 245
116 18
116 36
116 63
116 83
116 102
116 106
116 117
116 133
116 136
116 161
116 179
116 187
116 199
116 207
116 228
116 233
116 236
117 1
117 20
117 90
117 93
117 97
117 99
117 103
117 119
117 139
117 152
117 174
117 175
117 176
117 183
117 213
117 225
118 52
118 54
118 59
118 69
118 79
118 83
118 92
118 106
118 110
118 133
118 140
118 142
118 145
118 169
118 191
118 196
118 221
118 228
118 243
118 244
119 4
119 13
119 64
119 69
119 77
119 95
119 96
119 100
119 105
119 108
119 110
119 115
119 121
119 122
119 131
119 153
119 156
119 162
119 170
119 177
119 182
119 186
119 189
119 214
119 226
119 242
120 3
120 10
120 49
120 53
120 72
120 92
120 98
120 100
120 105
120 108
120 131
120 161
120 170
120 179
120 192
120 193
120 236
120 238
120 247
120 248
121 8
121 47
121 62
121 117
121 127
121 152
121 163
121 171
121 175
121 187
121 229
121 248
122 46
122 49
122 71
122 74
122 80
122 81
122 88
122 127
122 137
122 163
122 181
122 191
122 193
122 207
122 218
122 226
122 245
122 247
122 248
122 249
123 7
123 20
123 31
123 33
123 37
123 64
123 86
123 88
123 89
123 111
123 126
123 139
123 147
123 162
123 167
123 171
123 174
123 188
123 189
123 207
123 212
123 219
123 228
123 237
123 242
123 245
124 4
124 8
124 18
124 39
124 106
124 111
124 193
124 223
124 231
124 232
124 245
125 29
125 37
125 47
125 48
125 50
125 56
125 73
125 90
125 103
125 105
125 129
125 138
125 142
125 158
125 159
125 163
125 168
125 170
125 174
125 227
125 228
125 246
125 250
126 3
126 9
126 28
126 32
126 42
126 53
126 59
126 95
126 98
126 102
126 125
126 157
126 187
126 197
126 206
126 208
126 226
126 238
126 247
127 12
127 17
127 35
127 45
127 111
127 117
127 124
127 125
127 135
127 148
127 158
127 211
127 232
128 1
128 5
128 21
128 22
128 42
128 44
128 49
128 82
128 100
128 101
128 121
128 154
128 159
128 203
128 204
128 208
128 214
128 218
128 220
128 242
128 247
129 11
129 39
129 51
129 52
129 59
129 61
129 65
129 79
129 87
129 96
129 97
129 103
129 120
129 130
129 143
129 150
129 154
129 164
129 184
129 191
129 194
129 225
130 2
130 3
130 12
130 28
130 38
130 68
130 76
130 77
130 81
130 86
130 100
130 125
130 133
130 150
130 165
130 176
130 246
131 20
131 23
131 25
131 28
131 31
131 36
131 51
131 52
131 53
131 58
131 82
131 85
131 108
131 122
131 139
131 148
131 151
131 179
131 186
131 198
131 203
131 209
131 210
131 217
131 223
131 224
131 240
131 248
132 7
132 22
132 39
132 43
132 46
132 84
132 85
132 128
132 141
132 149
132 154
132 155
132 180
132 191
132 194
132 226
132 233
132 238
133 3
133 15
133 34
133 35
133 41
133 43
133 56
133 84
133 100
133 102
133 103
133 104
133 110
133 137
133 138
133 150
133 167
133 173
133 184
133 192
133 193
133 197
133 210
133 211
133 230
133 236
133 238
134 2
134 3
134 15
134 23
134 29
134 43
134 48
134 73
134 79
134 84
134 85
134 90
134 118
134 122
134 126
134 153
134 166
134 184
134 200
134 210
134 220
134 224
134 225
134 226
134 240
135 48
135 60
135 87
135 107
135 123
135 141
135 153
135 158
135 161
135 182
135 197
136 3
136 4
136 9
136 19
136 32
136 36
136 37
136 41
136 50
136 62
136 77
136 79
136 82
136 90
136 101
136 129
136 146
136 155
136 194
137 9
137 10
137 13
137 27
137 30
137 34
137 58
137 65
137 70
137 82
137 98
137 101
137 116
137 125
137 140
137 184
137 227
137 232
138 1
138 15
138 17
138 19
138 34
138 43
138 56
138 63
138 71
138 77
138 96
138 98
138 103
138 107
138 121
138 128
138 151
138 155
138 161
138 162
138 165
138 173
138 187
138 190
138 194
138 195
138 199
138 203
138 207
138 228
138 236
138 247
138 248
138 249
139 2
139 31
139 34
139 50
139 51
139 63
139 69
139 76
139 93
139 94
139 95
139 116
139 129
139 161
139 167
139 222
139 226
139 230
139 236
139 246
140 21
140 34
140 35
140 46
140 57
140 67
140 86
140 93
140 104
140 127
140 147
140 152
140 179
140 208
140 210
140 212
140 228
140 242
141 13
141 37
141 50
141 51
141 81
141 87
141 91
141 98
141 104
141 122
141 124
141 126
141 143
141 148
141 154
141 161
141 170
141 175
141 198
141 219
141 221
141 228
141 236
141 238
141 241
142 20
142 21
142 53
142 58
142 59
142 66
142 67
142 97
142 127
142 129
142 135
142 139
142 147
142 151
142 157
142 163
142 175
142 185
142 212
142 216
142 237
143 7
143 101
143 135
143 142
143 153
143 164
143 167
143 186
143 224
143 231
143 232
143 246
144 13
144 24
144 48
144 52
144 53
144 55
144 80
144 81
144 89
144 124
144 127
144 131
144 145
144 232
144 241
145 7
145 29
145 60
145 61
145 69
145 77
145 80
145 107
145 111
145 131
145 150
145 204
145 209
145 221
145 231
145 233
146 8
146 11
146 47
146 70
146 90
146 93
146 100
146 101
146 119
146 121
146 122
146 132
146 139
146 152
146 160
146 180
146 207
146 216
146 223
146 224
147 13
147 15
147 31
147 45
147 47
147 58
147 59
147 66
147 67
147 71
147 72
147 95
147 97
147 104
147 118
147 138
147 139
147 153
147 157
147 158
147 164
147 182
147 194
147 206
147 212
147 215
147 226
147 245
148 16
148 32
148 35
148 58
148 63
148 69
148 93
148 99
148 115
148 121
148 137
148 159
148 193
148 204
148 208
148 222
148 241
148 242
149 4
149 25
149 44
149 62
149 63
149 76
149 78
149 83
149 100
149 113
149 162
149 175
149 188
149 203
149 231
150 8
150 12
150 33
150 34
150 64
150 68
150 85
150 95
150 126
150 132
150 167
150 170
150 189
150 207
150 233
150 237
150 243
150 245
151 4
151 9
151 10
151 36
151 39
151 44
151 47
151 56
151 60
151 90
151 91
151 92
151 95
151 107
151 108
151 132
151 137
151 169
151 173
151 186
151 195
151 198
151 204
151 222
151 240
152 8
152 32
152 36
152 40
152 55
152 63
152 68
152 84
152 100
152 108
152 109
152 118
152 128
152 169
152 180
152 198
152 203
152 217
152 220
152 239
153 2
153 9
153 14
153 29
153 39
153 77
153 79
153 92
153 97
153 98
153 111
153 121
153 154
153 161
153 162
153 177
153 205
153 207
153 210
153 213
153 214
153 217
153 229
153 236
154 3
154 4
154 6
154 9
154 21
154 26
154 43
154 44
154 53
154 66
154 72
154 74
154 144
154 161
154 170
154 178
154 181
154 184
154 187
154 203
154 218
154 234
155 3
155 18
155 27
155 100
155 110
155 115
155 123
155 129
155 166
155 198
155 217
155 231
155 240
155 243
155 246
156 9
156 23
156 44
156 48
156 51
156 61
156 66
156 96
156 102
156 106
156 108
156 118
156 122
156 128
156 130
156 145
156 147
156 155
156 184
156 197
156 205
156 215
156 235
156 245
157 9
157 19
157 52
157 58
157 60
157 62
157 102
157 119
157 121
157 129
157 137
157 148
157 187
157 188
157 197
158 2
158 10
158 19
158 24
158 74
158 83
158 89
158 131
158 139
158 153
158 179
158 185
158 189
158 192
158 203
158 217
159 3
159 20
159 24
159 51
159 69
159 83
159 92
159 114
159 117
159 118
159 120
159 138
159 142
159 161
159 204
159 205
159 207
159 221
159 223
159 229
159 232
159 242
160 9
160 13
160 38
160 40
160 45
160 56
160 63
160 66
160 68
160 69
160 74
160 78
160 84
160 103
160 107
160 116
160 122
160 134
160 137
160 142
160 159
160 170
160 177
160 189
160 192
160 212
160 223
160 226
160 227
160 245
161 13
161 44
161 47
161 62
161 63
161 83
161 100
161 107
161 109
161 114
161 128
161 133
161 149
161 179
161 181
161 186
161 189
161 193
161 196
161 203
161 207
161 212
162 6
162 11
162 20
162 30
162 47
162 56
162 75
162 79
162 81
162 90
162 95
162 110
162 118
162 121
162 125
162 131
162 134
162 158
162 177
162 182
162 226
162 228
162 235
162 243
162 247
162 249
162 250
163 26
163 34
163 58
163 90
163 109
163 117
163 130
163 173
163 175
163 176
163 179
163 216
163 219
163 230
163 250
164 6
164 19
164 23
164 24
164 31
164 63
164 66
164 80
164 90
164 113
164 125
164 225
164 243
164 245
165 7
165 14
165 22
165 25
165 53
165 71
165 78
165 88
165 90
165 92
165 106
165 126
165 133
165 139
165 142
165 164
165 189
165 195
165 196
165 198
165 205
165 210
165 219
165 224
165 229
165 243
165 250
166 22
166 30
166 31
166 35
166 38
166 49
166 64
166 68
166 96
166 103
166 105
166 120
166 127
166 148
166 162
166 171
166 175
166 176
166 210
166 217
166 218
166 233
167 3
167 12
167 20
167 35
167 37
167 45
167 55
167 77
167 103
167 106
167 117
167 119
167 131
167 151
167 183
167 185
167 213
167 218
168 8
168 12
168 15
168 26
168 27
168 29
168 63
168 75
168 93
168 99
168 120
168 126
168 138
168 146
168 150
168 156
168 184
168 215
168 241
168 246
168 248
169 1
169 13
169 24
169 34
169 44
169 59
169 65
169 78
169 85
169 99
169 101
169 137
169 139
169 145
169 149
169 185
169 200
169 205
169 211
169 215
169 217
169 227
170 11
170 46
170 50
170 67
170 70
170 80
170 82
170 96
170 97
170 106
170 108
170 123
170 145
170 166
170 172
170 174
170 184
170 198
170 204
170 227
171 13
171 23
171 35
171 37
171 48
171 61
171 63
171 77
171 87
171 109
171 145
171 152
171 174
171 177
171 206
171 228
171 235
171 250
172 3
172 4
172 6
172 18
172 19
172 26
172 29
172 41
172 42
172 64
172 79
172 85
172 91
172 92
172 93
172 98
172 100
172 121
172 124
172 125
172 129
172 134
172 152
172 168
172 200
172 216
172 239
172 241
173 26
173 33
173 39
173 52
173 60
173 70
173 76
173 89
173 100
173 118
173 137
173 155
173 171
173 175
173 177
173 190
173 194
173 209
173 212
173 230
173 236
174 12
174 22
174 24
174 25
174 31
174 47
174 49
174 54
174 85
174 92
174 128
174 147
174 160
174 164
174 173
174 179
174 185
174 186
174 190
174 220
174 225
174 232
174 235
174 241
174 244
175 6
175 15
175 35
175 79
175 94
175 108
175 116
175 118
175 164
175 171
175 178
175 180
175 182
175 205
175 231
175 242
176 32
176 40
176 44
176 46
176 49
176 50
176 80
176 145
176 146
176 152
176 155
176 185
176 187
176 189
176 198
176 206
176 217
176 218
177 17
177 26
177 35
177 41
177 47
177 49
177 86
177 87
177 101
177 125
177 151
177 163
177 194
177 198
178 2
178 8
178 20
178 24
178 33
178 55
178 81
178 85
178 88
178 102
178 115
178 146
178 149
178 156
178 160
178 194
178 197
178 228
178 232
178 246
179 17
179 24
179 25
179 30
179 55
179 64
179 66
179 73
179 88
179 92
179 105
179 124
179 149
179 150
179 169
179 185
179 213
179 220
179 232
179 234
179 242
180 3
180 4
180 12
180 37
180 52
180 55
180 57
180 71
180 76
180 92
180 98
180 113
180 116
180 118
180 129
180 177
180 179
180 182
180 184
180 192
180 220
180 221
180 235
180 237
180 249
181 2
181 3
181 13
181 24
181 45
181 50
181 71
181 86
181 141
181 159
181 182
181 188
181 209
181 234
181 244
181 248
182 23
182 35
182 51
182 64
182 72
182 80
182 108
182 112
182 116
182 134
182 136
182 151
182 168
182 183
182 223
182 225
183 36
183 41
183 52
183 70
183 99
183 103
183 108
183 123
183 127
183 158
183 169
183 170
183 172
183 173
183 174
183 177
183 180
183 181
183 197
183 208
183 222
184 6
184 12
184 24
184 25
184 26
184 42
184 57
184 74
184 132
184 138
184 160
184 163
184 164
184 178
184 189
184 192
184 196
184 206
184 234
184 235
184 242
184 249
185 4
185 11
185 33
185 55
185 83
185 91
185 99
185 103
185 135
185 141
185 165
185 182
185 183
185 193
185 202
185 209
185 215
185 227
185 243
185 247
186 18
186 59
186 74
186 94
186 100
186 103
186 121
186 134
186 141
186 147
186 152
186 153
186 159
186 162
186 172
186 179
186 205
187 15
187 22
187 23
187 32
187 40
187 42
187 53
187 54
187 67
187 68
187 85
187 86
187 89
187 92
187 100
187 103
187 110
187 112
187 114
187 115
187 118
187 151
187 159
187 213
187 230
187 234
187 238
187 244
188 9
188 29
188 32
188 50
188 85
188 106
188 121
188 122
188 125
188 131
188 140
188 161
188 163
188 166
188 184
188 211
188 212
188 229
188 249
189 16
189 36
189 41
189 44
189 59
189 63
189 65
189 97
189 99
189 117
189 132
189 149
189 162
189 166
189 168
189 172
189 205
189 248
190 16
190 17
190 21
190 33
190 43
190 77
190 112
190 124
190 139
190 142
190 150
190 162
190 165
190 167
190 179
190 206
190 217
190 218
190 238
190 249
191 28
191 30
191 38
191 66
191 88
191 95
191 117
191 138
191 160
191 164
191 181
191 192
191 208
191 234
191 235
192 2
192 19
192 25
192 39
192 42
192 45
192 57
192 62
192 65
192 98
192 135
192 156
192 198
192 203
192 204
192 212
192 213
192 250
193 1
193 13
193 25
193 30
193 36
193 44
193 60
193 66
193 78
193 83
193 89
193 96
193 106
193 113
193 114
193 137
193 165
193 173
193 188
193 197
193 234
193 243
194 15
194 17
194 20
194 36
194 39
194 48
194 70
194 94
194 96
194 102
194 155
194 165
194 180
194 215
194 220
194 244
194 246
195 1
195 8
195 15
195 20
195 22
195 27
195 36
195 47
195 55
195 56
195 59
195 82
195 89
195 93
195 114
195 115
195 119
195 125
195 143
195 157
195 177
195 182
195 196
195 232
195 250
196 4
196 12
196 19
196 24
196 25
196 27
196 42
196 47
196 56
196 60
196 69
196 95
196 145
196 152
196 155
196 185
196 198
196 218
196 221
196 235
196 238
196 243
197 11
197 21
197 32
197 35
197 40
197 78
197 81
197 82
197 101
197 107
197 117
197 123
197 124
197 131
197 163
197 176
197 181
197 186
197 192
197 207
197 241
198 1
198 2
198 4
198 10
198 11
198 12
198 18
198 20
198 43
198 51
198 56
198 95
198 98
198 112
198 129
198 147
198 154
198 173
198 178
198 207
198 214
199 3
199 19
199 23
199 31
199 61
199 78
199 85
199 107
199 112
199 158
199 159
199 172
199 182
199 190
199 212
199 227
199 248
200 23
200 24
200 60
200 78
200 96
200 107
200 110
200 148
200 157
200 163
200 181
200 182
200 199
200 203
200 204
200 209
200 246
201 5
201 24
201 28
201 38
201 44
201 47
201 52
201 93
201 100
201 115
201 157
201 174
201 181
201 183
201 195
201 197
201 207
201 219
201 220
201 222
201 227
201 229
201 241
202 29
202 55
202 79
202 101
202 118
202 120
202 121
202 136
202 141
202 178
202 198
202 201
202 208
202 219
202 220
202 225
202 234
202 250
203 4
203 11
203 14
203 27
203 46
203 79
203 85
203 88
203 91
203 104
203 106
203 107
203 160
203 171
203 182
203 183
203 195
203 197
203 208
203 212
203 231
203 237
204 1
204 7
204 9
204 10
204 27
204 36
204 49
204 51
204 59
204 61
204 72
204 78
204 138
204 152
204 185
204 186
204 220
204 226
204 235
205 2
205 26
205 61
205 66
205 74
205 75
205 77
205 101
205 106
205 111
205 112
205 124
205 141
205 145
205 151
205 164
205 173
205 178
205 182
205 230
205 231
205 235
205 236
205 243
205 249
206 15
206 18
206 19
206 20
206 39
206 50
206 55
206 60
206 69
206 72
206 127
206 140
206 144
206 158
206 173
206 178
206 185
206 197
206 205
206 221
206 224
206 227
206 246
207 5
207 8
207 14
207 18
207 29
207 40
207 41
207 67
207 73
207 75
207 82
207 84
207 87
207 107
207 113
207 128
207 147
207 149
207 155
207 163
207 165
207 182
207 203
207 206
207 222
207 225
207 242
207 246
208 28
208 36
208 38
208 57
208 61
208 62
208 102
208 113
208 115
208 122
208 129
208 131
208 146
208 171
208 173
208 174
208 180
208 201
208 207
208 218
208 221
208 233
209 13
209 34
209 36
209 41
209 49
209 74
209 109
209 120
209 128
209 140
209 152
209 157
209 160
209 166
209 186
209 205
209 210
209 229
209 234
209 244
210 7
210 9
210 12
210 23
210 30
210 34
210 42
210 44
210 46
210 60
210 65
210 72
210 113
210 117
210 128
210 154
210 156
210 163
210 173
210 194
210 195
210 201
210 205
210 208
211 6
211 8
211 30
211 41
211 42
211 44
211 53
211 74
211 91
211 147
211 181
211 189
211 220
211 221
211 224
211 248
212 8
212 19
212 35
212 40
212 66
212 74
212 89
212 98
212 108
212 128
212 167
212 196
212 247
213 7
213 10
213 14
213 23
213 26
213 30
213 37
213 51
213 75
213 82
213 96
213 172
213 183
213 199
213 201
213 246
214 55
214 88
214 105
214 120
214 126
214 131
214 169
214 224
214 229
214 234
214 246
215 9
215 14
215 23
215 31
215 41
215 53
215 63
215 64
215 66
215 80
215 85
215 92
215 96
215 110
215 113
215 122
215 137
215 148
215 184
215 198
215 226
215 231
216 16
216 39
216 47
216 71
216 97
216 109
216 111
216 112
216 115
216 124
216 132
216 149
216 155
216 175
216 183
216 210
216 214
216 217
216 219
216 230
217 4
217 6
217 12
217 37
217 84
217 91
217 97
217 105
217 116
217 123
217 138
217 177
217 180
217 200
217 212
217 222
217 238
218 13
218 45
218 81
218 102
218 130
218 157
218 178
218 183
218 186
218 207
218 216
218 231
218 239
218 240
219 13
219 16
219 20
219 29
219 31
219 36
219 42
219 63
219 83
219 90
219 92
219 100
219 103
219 106
219 113
219 121
219 126
219 136
219 139
219 149
219 153
219 159
219 168
219 205
219 210
219 228
219 237
219 239
219 248
219 249
220 9
220 34
220 52
220 56
220 61
220 62
220 93
220 98
220 113
220 116
220 132
220 137
220 159
220 163
220 175
220 189
220 191
220 197
220 205
220 223
220 245
221 10
221 14
221 18
221 31
221 44
221 68
221 80
221 84
221 86
221 139
221 143
221 166
221 167
221 197
221 201
221 205
221 216
221 226
221 227
222 3
222 4
222 5
222 7
222 15
222 23
222 72
222 77
222 84
222 91
222 97
222 122
222 129
222 131
222 133
222 135
222 140
222 143
222 147
222 154
222 155
222 159
222 162
222 189
222 220
222 228
222 245
223 19
223 25
223 28
223 32
223 47
223 54
223 70
223 83
223 92
223 100
223 135
223 141
223 164
223 168
223 180
223 199
223 200
223 208
223 211
223 215
223 239
223 245
223 249
224 43
224 64
224 66
224 77
224 87
224 129
224 135
224 136
224 148
224 153
224 161
224 174
224 180
224 195
224 204
224 222
224 231
224 248
225 26
225 28
225 36
225 42
225 57
225 67
225 74
225 76
225 81
225 85
225 132
225 145
225 160
225 162
225 183
225 193
225 201
225 238
225 245
226 1
226 12
226 20
226 27
226 51
226 78
226 99
226 107
226 117
226 129
226 133
226 136
226 156
226 175
226 187
227 15
227 28
227 71
227 83
227 85
227 93
227 96
227 113
227 130
227 165
227 190
227 202
227 211
227 217
227 229
227 238
227 244
228 3
228 8
228 12
228 21
228 36
228 53
228 62
228 72
228 74
228 76
228 97
228 103
228 150
228 175
228 181
228 186
228 210
228 220
228 229
228 243
228 247
228 249
229 7
229 18
229 41
229 49
229 54
229 62
229 66
229 69
229 84
229 93
229 99
229 116
229 133
229 155
229 164
229 170
229 176
229 185
229 187
229 192
229 200
229 217
229 245
230 20
230 23
230 31
230 36
230 75
230 101
230 103
230 113
230 117
230 148
230 152
230 156
230 157
230 168
230 171
230 184
230 194
230 201
230 203
230 228
230 245
230 246
231 8
231 13
231 20
231 22
231 23
231 39
231 43
231 48
231 66
231 69
231 92
231 96
231 105
231 112
231 115
231 123
231 128
231 138
231 141
231 160
231 163
231 185
231 189
231 195
231 208
231 210
231 216
231 227
231 236
231 247
232 7
232 33
232 61
232 77
232 81
232 90
232 129
232 135
232 177
232 216
232 240
232 242
232 245
233 22
233 24
233 30
233 70
233 75
233 81
233 99
233 101
233 122
233 127
233 139
233 147
233 173
233 185
233 199
233 243
234 16
234 24
234 37
234 44
234 70
234 104
234 109
234 111
234 146
234 159
234 161
234 164
234 167
234 192
234 199
235 2
235 5
235 31
235 35
235 66
235 83
235 91
235 99
235 101
235 121
235 122
235 127
235 143
235 144
235 151
235 155
235 176
235 183
235 227
236 2
236 18
236 21
236 65
236 69
236 99
236 102
236 106
236 117
236 134
236 135
236 176
236 191
236 193
236 201
236 233
236 239
237 12
237 19
237 56
237 57
237 86
237 96
237 101
237 102
237 107
237 148
237 155
237 160
237 175
237 183
237 197
237 209
237 216
237 222
237 242
237 243
238 2
238 8
238 13
238 21
238 22
238 49
238 71
238 88
238 119
238 136
238 162
238 170
238 202
238 205
238 209
238 233
238 235
238 243
239 7
239 21
239 28
239 35
239 85
239 88
239 96
239 107
239 145
239 146
239 178
239 181
239 187
239 189
239 193
239 201
239 207
239 209
239 224
239 232
239 233
239 238
239 247
240 14
240 15
240 19
240 34
240 37
240 60
240 65
240 66
240 79
240 89
240 95
240 98
240 103
240 116
240 117
240 121
240 132
240 137
240 148
240 157
240 166
240 170
240 182
240 195
240 210
240 221
240 223
241 5
241 23
241 24
241 36
241 51
241 71
241 75
241 79
241 81
241 86
241 90
241 126
241 127
241 129
241 130
241 132
241 138
241 140
241 166
241 181
241 187
241 196
241 214
241 219
241 239
241 242
241 243
242 15
242 50
242 75
242 95
242 99
242 106
242 107
242 111
242 124
242 149
242 157
242 188
242 189
242 200
242 208
242 216
242 221
242 231
242 248
242 249
242 250
243 41
243 85
243 90
243 100
243 101
243 111
243 130
243 146
243 158
243 159
243 166
243 181
243 190
243 191
243 209
243 212
243 222
243 224
243 226
243 227
243 239
243 240
244 42
244 45
244 59
244 62
244 71
244 101
244 103
244 109
244 123
244 125
244 126
244 127
244 131
244 143
244 160
244 165
244 182
244 190
244 191
244 197
245 15
245 74
245 77
245 83
245 98
245 101
245 121
245 125
245 126
245 141
245 143
245 151
245 174
245 195
245 201
245 209
245 213
245 215
245 231
245 240
245 242
246 23
246 24
246 54
246 71
246 76
246 89
246 96
246 105
246 120
246 136
246 142
246 146
246 152
246 169
246 181
246 190
246 238
246 245
247 34
247 35
247 44
247 46
247 47
247 56
247 59
247 101
247 102
247 121
247 125
247 136
247 157
247 159
247 160
247 163
247 182
247 206
247 208
247 209
247 219
248 36
248 39
248 59
248 82
248 88
248 109
248 117
248 123
248 129
248 134
248 142
248 146
248 149
248 150
248 161
248 171
248 175
248 182
248 184
248 187
248 193
248 197
248 198
248 201
248 202
248 228
248 243
249 7
249 9
249 15
249 20
249 24
249 55
249 57
249 64
249 65
249 79
249 80
249 85
249 99
249 106
249 108
249 115
249 116
249 127
249 160
249 187
249 201
249 216
249 217
249 224
249 225
250 9
250 17
250 20
250 28
250 30
250 37
250 66
250 80
250 84
250 96
250 98
250 108
250 114
250 115
250 148
250 175
250 196
250 198
250 206
250 221
250 224
250 231
250 237
250 241

