100 750
132 304 51 289 35 109 38 52 166 39 70 77 119 7 190 17 1 149 183 54 315 120 22 168 365 441 210 18 110 168 12 91 145 153 207 107 72 158 296 34 6 249 5 324 169 271 136 54 315 142 5 95 23 70 263 209 5 18 132 30 105 28 332 441 152 103 262 40 44 24 20 223 156 163 8 56 210 201 46 218 154 283 22 153 54 226 46 18 102 251 81 107 96 60 49 103 90 178 49 251 
1 4
1 13
1 18
1 53
1 63
1 67
1 74
2 7
2 9
2 13
2 16
2 30
2 41
2 43
2 46
2 60
2 67
2 78
2 82
2 90
3 7
3 53
3 73
3 85
4 9
4 19
4 26
4 30
4 60
4 67
4 68
4 98
5 22
5 36
5 47
5 50
6 9
6 24
6 39
6 42
6 44
6 65
6 71
7 25
7 37
7 52
7 66
7 67
7 100
8 9
8 21
8 26
8 39
8 40
8 63
8 74
8 77
8 93
8 97
8 100
9 26
9 58
9 63
9 81
9 86
9 88
9 92
9 94
10 17
10 21
10 38
10 76
10 89
10 98
11 12
11 23
11 35
11 60
11 72
11 83
12 4
12 30
12 31
12 56
12 59
12 67
12 80
12 83
13 11
13 12
13 25
13 50
13 54
13 55
13 57
13 70
13 89
14 1
14 18
14 26
14 45
14 70
15 22
15 30
15 46
15 65
15 73
15 88
15 99
16 27
16 46
16 47
16 64
16 65
16 69
17 3
17 13
17 29
17 32
17 49
17 56
17 92
18 32
18 36
18 66
18 68
18 74
18 75
18 91
18 94
19 2
19 7
19 88
20 18
20 58
20 69
20 85
21 4
21 24
21 30
21 33
21 39
21 42
21 51
21 83
21 85
21 92
22 19
22 31
22 36
22 55
22 57
22 72
22 77
22 90
23 20
23 26
23 27
23 30
23 39
23 41
23 66
23 70
23 97
24 4
24 9
24 30
24 38
24 44
24 49
24 80
24 94
25 1
25 39
25 48
25 53
25 54
25 69
25 73
25 86
25 94
26 17
26 20
26 22
26 25
26 27
26 31
26 55
26 62
26 73
26 86
27 10
27 42
27 44
27 58
27 60
27 91
28 13
28 40
28 41
28 58
28 81
29 1
29 4
29 56
29 64
29 72
29 73
29 78
29 82
29 96
30 10
30 29
30 31
30 77
30 86
31 15
31 16
31 25
31 28
31 46
31 49
31 68
31 79
31 100
32 49
32 82
32 88
33 7
33 19
33 22
33 49
33 56
33 65
33 78
33 87
34 19
34 35
34 38
34 40
34 92
34 95
35 6
35 83
35 90
35 94
35 100
36 11
36 13
36 21
36 29
36 34
36 85
37 24
37 38
37 46
37 62
37 64
37 65
37 74
37 75
37 94
37 98
38 3
38 17
38 27
38 35
38 48
38 54
38 94
39 9
39 16
39 26
39 38
39 64
39 66
39 70
39 88
39 100
40 10
40 45
40 46
40 49
40 53
40 94
41 21
41 30
41 32
41 38
41 86
41 98
42 11
42 29
42 41
42 44
42 46
42 62
42 64
42 73
42 81
42 87
43 26
43 30
43 31
43 34
43 35
43 63
43 72
44 12
44 13
44 39
44 56
44 60
44 61
44 72
44 77
44 79
44 97
45 15
45 21
45 25
45 47
45 58
45 59
45 74
45 86
46 23
46 35
46 44
46 51
46 63
46 88
47 11
47 19
47 38
47 48
47 66
47 73
47 96
48 45
48 46
48 50
48 64
49 4
49 9
49 10
49 83
49 99
50 6
50 15
50 46
50 59
50 65
51 14
51 31
51 40
51 57
51 74
51 82
51 88
51 94
51 100
52 27
52 55
52 59
52 69
52 71
52 72
52 75
52 77
52 92
53 5
53 23
53 27
53 28
53 74
53 79
53 82
53 92
53 96
53 97
54 43
54 51
54 66
54 71
54 82
55 2
55 29
55 36
55 42
55 53
55 75
55 89
55 100
56 16
56 22
56 27
56 34
56 38
56 43
56 72
56 77
56 85
56 88
56 99
57 81
58 18
58 21
58 57
58 69
58 70
58 82
59 2
59 9
59 14
59 19
59 39
59 44
59 46
59 66
59 77
59 84
59 90
60 10
60 22
60 25
60 49
60 56
60 59
60 90
61 2
61 16
61 17
61 24
61 36
61 54
61 58
61 62
61 63
61 66
61 68
61 74
61 86
61 89
61 95
62 34
62 51
62 54
62 63
62 89
62 95
62 97
63 5
63 35
63 37
63 48
63 51
63 68
63 78
63 80
63 83
63 100
64 6
64 15
64 18
64 21
64 26
64 32
64 35
64 57
64 79
64 90
65 29
65 36
65 55
65 71
65 79
65 86
65 93
66 13
66 20
66 49
66 55
66 65
67 16
67 17
67 26
67 64
67 68
67 72
67 75
67 83
67 88
67 93
67 98
68 19
68 25
68 27
68 54
68 80
69 72
69 76
70 26
70 31
70 36
70 40
70 42
70 55
70 63
70 75
71 18
71 64
71 76
71 96
71 97
72 5
72 49
72 59
72 75
72 79
72 86
73 1
73 20
73 28
73 32
73 33
73 35
73 46
73 62
74 3
74 19
74 22
74 35
74 40
74 77
75 24
75 31
75 41
75 43
75 59
75 63
75 76
75 87
76 50
76 68
76 78
77 21
77 25
77 32
77 46
77 81
78 5
78 22
78 26
78 28
78 39
78 49
78 55
78 56
78 73
78 77
78 85
78 90
78 94
79 4
79 23
79 25
79 28
79 49
80 3
80 5
80 28
80 30
80 37
80 55
80 65
80 69
80 77
80 78
80 96
81 1
81 24
81 27
81 47
81 50
81 59
81 82
81 84
81 92
81 100
82 7
82 15
82 33
82 35
82 46
82 55
82 59
82 61
82 66
82 71
82 75
82 87
82 92
82 97
82 98
83 4
83 10
83 19
83 79
84 3
84 23
84 43
84 49
84 65
84 76
84 79
84 80
84 93
85 6
85 40
85 51
85 68
85 83
86 3
86 38
86 46
86 47
86 50
86 57
86 75
86 84
86 88
86 93
87 1
87 9
87 34
87 44
87 49
87 64
87 93
88 1
88 3
88 30
88 40
88 52
88 54
88 80
88 89
89 3
89 9
89 14
89 18
89 34
89 39
89 49
89 51
89 86
89 91
90 3
90 8
90 38
90 39
90 41
90 44
90 46
90 55
90 95
90 100
91 1
91 13
91 25
91 34
91 55
91 63
91 92
92 7
92 32
92 48
92 90
93 6
93 21
93 32
93 41
93 45
93 63
93 78
93 82
94 1
94 7
94 14
94 28
94 32
94 64
94 67
94 98
95 7
95 23
95 47
95 51
95 64
95 66
95 71
95 92
96 33
96 35
96 40
96 58
96 64
96 66
96 75
96 77
96 84
96 88
96 90
97 5
97 15
97 16
97 19
97 36
97 37
97 38
97 42
97 67
97 68
97 87
97 88
98 2
98 15
98 38
98 48
98 50
98 65
98 70
98 81
98 88
98 96
99 25
99 33
99 45
99 57
99 58
99 60
99 83
99 88
100 4
100 12
100 19
100 71
100 83
100 91

