150 100
2 1 1 2253140047 2 1 4 1 3 1 1 561318082 1 1 2488581826 1 4075764295 2 1 2 1 3 6 4 1 1 1 4 2405101109 4 2651817107 2 1 7 2446159677 1 1 1 1 1564426003 1 3653316021 1 1 2702110670 15729828 1 1 3016932510 2230309090 3 2 6 1 3 1 2 3375437656 7 4 7 1 4057854047 3 3709856854 1 1 1 1 2101874697 5 1527673637 1 1494159094 1 709603577 1 1 2 3 1 3 110970818 1 1846197187 1 5 1 1 2085668957 2 1 3655064761 21304239 3 1582782581 1 1496201053 1 3 1 4 1 1 3 2 4 29129315 7 1 1 1708648319 1364722164 8 1420148221 2887365860 1567971826 3 1 1 3 2 1 2595720704 1 3923742004 4 1 1352967581 1 2 1 1156988418 2 4 4 2 1 3641430514 1 1 1 6 3 1 1 16 2783418201 1 1 
5 71
5 144
5 147
6 1
8 114
9 11
9 145
10 39
16 119
18 100
19 37
19 88
20 32
20 138
22 66
23 8
23 66
24 21
24 38
24 82
25 2
26 79
27 114
30 82
30 147
32 87
33 7
33 134
34 23
34 53
34 57
37 122
37 123
38 143
41 109
43 51
44 71
48 121
52 33
53 79
53 143
54 80
56 64
57 1
59 28
59 52
59 147
60 118
61 55
62 97
64 13
67 109
68 61
71 51
71 67
71 114
75 14
77 95
78 7
79 69
80 55
81 92
82 20
82 132
84 22
89 144
91 114
91 136
95 28
99 106
100 78
100 95
101 131
102 107
103 118
104 43
105 131
105 135
106 138
107 86
109 18
121 137
122 61
125 87
127 87
127 110
128 150
134 102
135 111
136 73
137 120
140 149
141 147
142 130
143 18
143 47
143 147
145 3
146 36
146 60

