150 750
45 79 60 93 50 95 90 42 25 53 5 8 9 17 66 51 32 68 33 3 11 98 11 33 92 11 15 12 27 153 14 35 4 32 20 69 98 12 62 48 138 4 32 162 17 158 114 98 61 41 86 76 48 11 25 56 44 127 12 19 106 22 13 167 34 45 1 14 71 40 27 83 67 18 21 129 4 12 29 17 29 35 102 18 14 165 1 23 36 61 20 17 54 18 12 5 18 51 49 7 63 159 220 68 44 31 79 174 5 42 29 13 35 74 75 17 7 58 9 81 64 57 173 6 9 31 4 97 36 158 48 85 3 9 198 77 28 96 55 48 86 41 12 94 36 6 130 77 97 9 
1 25
1 44
1 46
1 134
1 138
2 4
2 27
2 39
2 62
2 138
3 19
3 22
3 73
4 86
4 89
4 102
4 128
4 146
5 39
5 58
5 69
5 94
5 115
5 126
6 14
6 34
6 48
6 64
6 73
6 95
7 8
7 37
7 74
7 89
7 97
7 115
7 117
7 130
7 132
8 22
8 24
8 80
8 88
8 92
8 111
9 2
9 13
9 30
9 75
9 80
9 126
10 33
10 40
10 71
10 85
10 133
11 55
11 99
12 28
12 38
12 61
12 135
13 87
13 88
13 104
13 108
13 145
14 64
14 125
14 137
14 146
15 4
15 47
15 87
15 104
16 1
16 25
16 44
16 85
16 103
16 139
17 2
17 54
17 64
17 88
17 105
18 57
18 66
18 81
18 113
18 116
18 138
18 141
18 144
19 25
19 26
19 46
19 66
19 89
19 92
19 93
19 149
20 76
20 92
20 138
21 79
21 82
21 100
22 44
22 46
22 53
22 126
22 131
22 148
23 68
23 90
23 106
24 43
24 48
24 93
24 147
25 22
25 90
25 99
25 149
26 27
26 35
26 37
26 85
26 90
26 100
26 103
26 117
27 20
27 21
27 82
27 96
27 147
28 8
28 78
29 13
29 30
29 58
29 69
29 80
29 82
29 86
29 130
30 17
30 23
30 37
30 50
30 83
30 107
30 150
31 25
31 38
31 72
31 86
31 103
31 112
32 4
32 87
32 107
33 53
33 76
33 86
33 127
34 37
34 57
34 89
34 139
35 37
35 40
35 66
35 69
35 85
35 120
35 148
36 1
36 86
36 87
36 132
36 138
36 144
37 47
37 137
37 138
37 146
37 147
38 17
38 100
38 129
39 31
39 36
39 52
39 56
39 77
39 89
39 100
39 111
40 44
40 83
40 106
40 149
41 7
41 15
41 24
41 38
41 54
41 91
41 129
42 27
42 57
43 8
43 51
43 57
43 107
44 45
44 53
44 121
44 127
44 143
45 28
45 134
46 20
46 31
46 41
46 42
46 76
46 108
47 11
47 13
47 38
47 67
47 88
48 21
48 22
48 45
48 123
49 2
49 3
49 25
49 65
49 87
49 89
49 113
49 122
49 136
49 143
50 5
50 14
50 31
50 35
50 51
50 65
50 83
51 38
51 95
51 99
51 104
51 108
51 119
51 150
52 46
52 69
52 94
52 113
53 37
53 64
53 89
53 103
53 110
53 126
53 148
54 52
54 82
55 28
55 111
55 118
55 135
56 22
56 30
56 54
56 123
56 138
57 56
57 81
57 129
57 130
58 31
58 34
58 44
58 98
58 123
59 135
60 4
60 9
60 13
60 15
60 93
60 111
61 21
61 40
61 58
61 82
61 102
61 105
61 135
61 138
62 8
62 67
62 74
62 91
62 101
62 135
63 55
63 135
64 18
64 39
64 41
64 80
64 82
64 118
64 119
64 125
64 138
65 15
65 89
65 138
66 13
66 30
66 48
66 67
66 102
67 58
67 60
67 73
67 114
68 1
68 3
68 4
68 66
68 79
68 86
68 136
69 25
69 41
69 144
70 5
70 30
70 91
70 102
70 114
70 115
70 130
70 133
70 147
71 48
71 62
71 149
72 12
72 18
72 52
72 98
72 116
72 137
72 150
73 2
73 14
73 54
73 58
73 97
74 111
74 132
74 138
74 147
75 41
75 58
75 91
75 133
76 13
76 17
76 42
76 50
76 62
76 68
76 85
76 108
77 42
77 148
78 3
78 123
78 137
78 143
78 150
79 67
79 71
79 111
79 144
81 11
81 59
81 76
81 115
81 135
81 148
82 48
82 92
82 112
82 115
82 128
82 147
83 10
83 19
83 38
83 82
83 92
83 120
83 123
83 127
84 10
84 54
84 95
84 140
84 141
85 132
85 148
86 19
86 72
86 112
86 146
87 14
87 17
87 47
87 59
87 93
87 98
87 105
87 136
87 139
88 7
89 92
89 124
89 139
90 32
90 41
90 83
90 86
90 93
90 98
90 104
91 4
91 69
92 47
92 52
92 71
92 125
93 6
93 26
93 53
93 69
93 92
93 111
93 112
94 37
94 88
94 117
94 131
95 1
95 21
95 66
95 73
96 23
96 29
96 42
96 77
96 78
97 31
97 33
97 77
97 121
98 80
98 95
98 139
98 150
99 3
99 16
99 45
99 70
99 102
100 30
100 42
100 115
101 1
101 5
101 17
101 32
101 40
101 52
101 91
101 102
101 118
101 141
102 25
102 51
102 105
102 137
102 142
103 17
103 27
103 36
103 44
103 65
103 66
103 79
103 102
103 124
104 46
104 149
105 66
105 85
105 118
105 144
106 64
106 139
107 6
107 27
107 59
107 92
107 118
107 139
108 42
108 75
108 107
108 117
108 118
108 119
108 126
109 75
110 22
110 107
110 130
110 131
110 137
111 32
111 46
111 54
111 63
111 87
111 102
112 6
112 20
112 22
112 27
113 20
113 100
113 123
114 15
114 23
114 46
114 56
114 88
114 89
114 127
114 133
114 140
115 10
115 29
115 65
115 74
115 89
116 41
116 106
117 135
118 20
118 36
118 116
118 141
119 54
119 61
119 87
119 142
120 16
120 17
120 47
120 54
120 59
120 67
120 110
120 126
121 30
121 98
121 108
121 133
121 142
121 147
122 63
122 65
122 72
122 86
122 108
122 119
122 132
123 12
123 92
123 103
123 110
123 124
123 126
124 105
124 108
125 19
125 27
125 76
126 11
126 29
126 41
126 44
126 68
126 109
126 122
126 130
127 1
127 57
127 104
127 106
127 125
127 128
127 129
127 144
128 9
128 22
128 38
128 69
128 70
128 123
128 130
129 8
129 68
129 74
129 78
129 136
130 40
130 44
130 45
130 53
130 65
130 94
130 100
130 112
130 136
130 143
131 32
131 43
131 58
131 70
131 126
132 1
132 40
132 61
132 72
132 108
132 136
133 42
133 84
133 130
134 41
134 85
135 15
135 47
135 50
135 52
135 80
135 87
135 149
136 37
136 45
136 71
136 75
136 101
136 118
136 123
137 46
137 48
137 112
137 116
137 133
138 38
138 107
138 131
138 149
139 36
139 52
139 130
140 3
140 6
140 72
140 87
141 6
141 17
141 40
141 93
141 98
141 126
141 128
142 46
142 52
142 68
142 81
143 48
143 86
143 97
143 122
143 125
143 148
144 23
144 27
144 38
144 98
144 113
144 129
145 18
145 61
145 104
145 118
145 121
145 144
145 150
146 5
146 113
147 1
147 15
147 39
147 83
147 103
147 109
147 116
147 120
147 124
148 6
148 101
149 8
149 46
149 80
149 126
149 140
150 57
150 104
150 113
150 134

