200 100
1 1 4 1 1 1 1 1034688043 3217448032 2 3815644825 2165258478 738003211 1 1 1 1969980523 211348209 1 313990291 828232360 905616720 4197912826 1 775214094 3374712944 2099573405 3129405454 4 2082794636 2514043548 1 1 4 1 1 19 1 1 9 3830401422 1582808339 2753879527 1 4181912422 7 1 1 4 3091043378 1 490439018 627587784 888385719 3590785710 4 1 4 1 3563784139 1027492434 2999420430 1 4 1 2768439812 7 1 8 1 1 1 3537110342 1 1 1 3253064613 442355556 6 4065185130 221750589 5 1 1 3 1 1 1 3 1 339629082 1 2127859915 1846769351 1 1 2 2007712048 4 1972867081 1 1 1 3448869696 1 4096272441 9 1 1 1 3 916205016 4 478917764 4 1 1 2682182295 1 3 3529358534 4012675214 906831826 1 1 1 2590871829 1954879860 2656058549 1 1 1 1 1 1 1 3 1 4069779156 2596645079 3796729491 2569466790 706112172 4171670618 2434654306 6 1 3086740747 1 1 1 1 1299806514 7 1 3073183406 1 3 1 3585122911 2 1 1659600040 1 1 2 782766332 1 4 1 7 2685158740 1252595597 1 4 1 2 1420408488 1 9 2145308514 1 1 3776106572 8 1 1 1 2 2 2 379770917 1 1 1 726575589 1 1 3174200107 1 
1 33
2 51
3 92
3 189
4 46
5 82
7 35
7 175
14 117
16 10
24 185
32 191
34 58
37 67
37 194
38 133
39 49
40 79
44 97
46 29
46 168
48 49
49 101
56 69
57 162
63 190
64 37
64 134
65 99
67 198
68 165
69 180
70 71
74 86
76 88
79 166
79 171
84 90
85 59
87 125
89 34
95 82
96 149
96 174
99 19
103 177
105 37
107 2
107 58
107 89
111 7
113 95
113 175
115 36
115 83
116 69
117 158
117 169
119 149
120 40
120 151
124 15
126 37
130 132
131 154
133 183
135 59
136 56
137 147
146 29
146 85
150 137
152 97
154 188
154 195
158 72
159 146
161 6
161 162
164 166
168 111
169 155
171 75
171 157
174 47
176 10
177 40
179 170
180 35
180 82
182 102
185 109
185 110
186 90
187 108
189 200
190 105
191 65
193 138
197 67

