mpi 100 100 2 1 181 0
mpi 100 100 2 10 136 0
mpi 100 100 2 2 158 0
mpi 100 100 2 3 135 0
mpi 100 100 2 4 119 0
mpi 100 100 2 5 143 0
mpi 100 100 2 6 120 0
mpi 100 100 2 7 173 0
mpi 100 100 2 8 149 0
mpi 100 100 2 9 141 0
mpi 100 250 2 1 952 0
mpi 100 250 2 10 791 0
mpi 100 250 2 2 1023 0
mpi 100 250 2 3 891 0
mpi 100 250 2 4 957 0
mpi 100 250 2 5 960 0
mpi 100 250 2 6 704 0
mpi 100 250 2 7 933 0
mpi 100 250 2 8 813 0
mpi 100 250 2 9 977 0
mpi 100 500 2 1 4280 0
mpi 100 500 2 10 3547 0
mpi 100 500 2 2 3952 0
mpi 100 500 2 3 3834 0
mpi 100 500 2 4 4526 0
mpi 100 500 2 5 3688 0
mpi 100 500 2 6 3885 0
mpi 100 500 2 7 3556 0
mpi 100 500 2 8 3364 0
mpi 100 500 2 9 3908 0
mpi 100 50 2 1 55 0
mpi 100 50 2 10 58 0
mpi 100 50 2 2 50 0
mpi 100 50 2 3 69 0
mpi 100 50 2 4 58 0
mpi 100 50 2 5 51 0
mpi 100 50 2 6 62 0
mpi 100 50 2 7 54 0
mpi 100 50 2 8 51 0
mpi 100 50 2 9 43 0
mpi 100 750 2 1 9599 0
mpi 100 750 2 10 9697 0
mpi 100 750 2 2 8239 0
mpi 100 750 2 3 9206 0
mpi 100 750 2 4 9701 0
mpi 100 750 2 5 9271 0
mpi 100 750 2 6 10034 0
mpi 100 750 2 7 9612 0
mpi 100 750 2 8 8003 0
mpi 100 750 2 9 10195 0
mpi 150 100 2 1 93 0
mpi 150 100 2 10 103 0
mpi 150 100 2 2 120 0
mpi 150 100 2 3 129 0
mpi 150 100 2 4 128 0
mpi 150 100 2 5 127 0
mpi 150 100 2 6 136 0
mpi 150 100 2 7 129 0
mpi 150 100 2 8 119 0
mpi 150 100 2 9 112 0
mpi 150 250 2 1 585 1
mpi 150 250 2 10 666 0
mpi 150 250 2 2 638 0
mpi 150 250 2 3 614 0
mpi 150 250 2 4 567 0
mpi 150 250 2 5 552 0
mpi 150 250 2 6 585 0
mpi 150 250 2 7 525 0
mpi 150 250 2 8 542 0
mpi 150 250 2 9 644 0
mpi 150 500 2 1 2256 0
mpi 150 500 2 10 2207 1
mpi 150 500 2 2 2249 0
mpi 150 500 2 3 2437 0
mpi 150 500 2 4 2449 1
mpi 150 500 2 5 2659 0
mpi 150 500 2 6 2377 0
mpi 150 500 2 7 2447 0
mpi 150 500 2 8 2479 0
mpi 150 500 2 9 2273 1
mpi 150 50 2 1 50 0
mpi 150 50 2 10 47 0
mpi 150 50 2 2 57 0
mpi 150 50 2 3 51 0
mpi 150 50 2 4 59 0
mpi 150 50 2 5 49 0
mpi 150 50 2 6 50 0
mpi 150 50 2 7 49 0
mpi 150 50 2 8 48 0
mpi 150 50 2 9 48 0
mpi 150 750 2 1 5933 0
mpi 150 750 2 10 5801 1
mpi 150 750 2 2 5348 1
mpi 150 750 2 3 5275 0
mpi 150 750 2 4 5588 0
mpi 150 750 2 5 5054 1
mpi 150 750 2 6 5403 0
mpi 150 750 2 7 5459 0
mpi 150 750 2 8 5947 0
mpi 150 750 2 9 5563 0
mpi 200 100 2 1 113 0
mpi 200 100 2 10 123 0
mpi 200 100 2 2 111 0
mpi 200 100 2 3 102 0
mpi 200 100 2 4 117 0
mpi 200 100 2 5 114 0
mpi 200 100 2 6 107 0
mpi 200 100 2 7 92 0
mpi 200 100 2 8 117 0
mpi 200 100 2 9 110 0
mpi 200 250 2 1 431 1
mpi 200 250 2 10 441 1
mpi 200 250 2 2 437 0
mpi 200 250 2 3 407 1
mpi 200 250 2 4 420 1
mpi 200 250 2 5 518 1
mpi 200 250 2 6 418 1
mpi 200 250 2 7 433 1
mpi 200 250 2 8 468 1
mpi 200 250 2 9 463 1
mpi 200 500 2 1 1722 1
mpi 200 500 2 10 1592 1
mpi 200 500 2 2 1840 1
mpi 200 500 2 3 1807 1
mpi 200 500 2 4 1894 1
mpi 200 500 2 5 1696 1
mpi 200 500 2 6 1727 1
mpi 200 500 2 7 1919 1
mpi 200 500 2 8 1723 1
mpi 200 500 2 9 1916 1
mpi 200 50 2 1 49 0
mpi 200 50 2 10 50 0
mpi 200 50 2 2 51 0
mpi 200 50 2 3 42 0
mpi 200 50 2 4 45 0
mpi 200 50 2 5 49 0
mpi 200 50 2 6 50 0
mpi 200 50 2 7 54 0
mpi 200 50 2 8 47 0
mpi 200 50 2 9 50 0
mpi 200 750 2 1 4260 1
mpi 200 750 2 10 4245 1
mpi 200 750 2 2 3908 1
mpi 200 750 2 3 3781 1
mpi 200 750 2 4 4389 1
mpi 200 750 2 5 3840 1
mpi 200 750 2 6 3586 1
mpi 200 750 2 7 4520 1
mpi 200 750 2 8 4134 1
mpi 200 750 2 9 4045 1
mpi 250 1000 2 1 5585 4
mpi 250 1000 2 10 6190 4
mpi 250 1000 2 2 5650 4
mpi 250 1000 2 3 5882 4
mpi 250 1000 2 4 5562 3
mpi 250 1000 2 5 6345 4
mpi 250 1000 2 6 5513 4
mpi 250 1000 2 7 5829 4
mpi 250 1000 2 8 5862 4
mpi 250 1000 2 9 6178 4
mpi 250 2000 2 1 24176 3
mpi 250 2000 2 10 26888 3
mpi 250 2000 2 2 26796 3
mpi 250 2000 2 3 26111 3
mpi 250 2000 2 4 25342 3
mpi 250 2000 2 5 27551 3
mpi 250 2000 2 6 25859 3
mpi 250 2000 2 7 25460 3
mpi 250 2000 2 8 26342 4
mpi 250 2000 2 9 26663 3
mpi 250 250 2 1 357 1
mpi 250 250 2 10 386 2
mpi 250 250 2 2 424 2
mpi 250 250 2 3 400 2
mpi 250 250 2 4 359 2
mpi 250 250 2 5 442 2
mpi 250 250 2 6 396 2
mpi 250 250 2 7 346 2
mpi 250 250 2 8 375 2
mpi 250 250 2 9 388 2
mpi 250 5000 2 1 165588 2
mpi 250 5000 2 10 178728 2
mpi 250 5000 2 2 188589 2
mpi 250 5000 2 3 166982 2
mpi 250 5000 2 4 178219 2
mpi 250 5000 2 5 168870 2
mpi 250 5000 2 6 176822 3
mpi 250 5000 2 7 172325 3
mpi 250 5000 2 8 175015 2
mpi 250 5000 2 9 176120 3
mpi 250 500 2 1 1400 4
mpi 250 500 2 10 1438 4
mpi 250 500 2 2 1336 4
mpi 250 500 2 3 1439 4
mpi 250 500 2 4 1438 4
mpi 250 500 2 5 1406 4
mpi 250 500 2 6 1477 4
mpi 250 500 2 7 1380 4
mpi 250 500 2 8 1376 4
mpi 250 500 2 9 1580 4
mpi 250 750 2 1 3290 5
mpi 250 750 2 10 3399 4
mpi 250 750 2 2 3419 5
mpi 250 750 2 3 2854 4
mpi 250 750 2 4 3155 4
mpi 250 750 2 5 3278 4
mpi 250 750 2 6 3399 4
mpi 250 750 2 7 3506 5
mpi 250 750 2 8 3929 4
mpi 250 750 2 9 3144 4
mpi 300 1000 2 1 5181 6
mpi 300 1000 2 10 4637 6
mpi 300 1000 2 2 4879 6
mpi 300 1000 2 3 4704 6
mpi 300 1000 2 4 4836 4
mpi 300 1000 2 5 4451 6
mpi 300 1000 2 6 4837 6
mpi 300 1000 2 7 4910 7
mpi 300 1000 2 8 4624 7
mpi 300 1000 2 9 5356 6
mpi 300 2000 2 1 21086 5
mpi 300 2000 2 10 20712 5
mpi 300 2000 2 2 20437 6
mpi 300 2000 2 3 21269 5
mpi 300 2000 2 4 20742 5
mpi 300 2000 2 5 21469 6
mpi 300 2000 2 6 22160 4
mpi 300 2000 2 7 18217 5
mpi 300 2000 2 8 21199 5
mpi 300 2000 2 9 21750 5
mpi 300 250 2 1 271 1
mpi 300 250 2 10 340 2
mpi 300 250 2 2 361 3
mpi 300 250 2 3 375 2
mpi 300 250 2 4 334 2
mpi 300 250 2 5 354 2
mpi 300 250 2 6 316 2
mpi 300 250 2 7 341 2
mpi 300 250 2 8 334 2
mpi 300 250 2 9 328 2
mpi 300 5000 2 1 142313 3
mpi 300 5000 2 10 136730 4
mpi 300 5000 2 2 155484 4
mpi 300 5000 2 3 147720 3
mpi 300 5000 2 4 138711 4
mpi 300 5000 2 5 134283 5
mpi 300 5000 2 6 143243 3
mpi 300 5000 2 7 147949 3
mpi 300 5000 2 8 136234 4
mpi 300 5000 2 9 151383 4
mpi 300 500 2 1 1128 5
mpi 300 500 2 10 1427 5
mpi 300 500 2 2 1100 6
mpi 300 500 2 3 1120 5
mpi 300 500 2 4 1154 5
mpi 300 500 2 5 1221 5
mpi 300 500 2 6 1223 6
mpi 300 500 2 7 1244 4
mpi 300 500 2 8 1194 5
mpi 300 500 2 9 1203 5
mpi 300 750 2 1 2671 5
mpi 300 750 2 10 2815 6
mpi 300 750 2 2 3157 7
mpi 300 750 2 3 2824 5
mpi 300 750 2 4 2796 6
mpi 300 750 2 5 2439 5
mpi 300 750 2 6 2462 6
mpi 300 750 2 7 2657 6
mpi 300 750 2 8 2515 6
mpi 300 750 2 9 2852 6
mpi 50 100 2 1 322 0
mpi 50 100 2 10 255 0
mpi 50 100 2 2 225 0
mpi 50 100 2 3 204 0
mpi 50 100 2 4 362 0
mpi 50 100 2 5 279 0
mpi 50 100 2 6 274 0
mpi 50 100 2 7 245 0
mpi 50 100 2 8 289 0
mpi 50 100 2 9 284 0
mpi 50 250 2 1 1953 0
mpi 50 250 2 10 1617 0
mpi 50 250 2 2 1986 0
mpi 50 250 2 3 1990 0
mpi 50 250 2 4 1616 0
mpi 50 250 2 5 1797 0
mpi 50 250 2 6 2084 0
mpi 50 250 2 7 1828 0
mpi 50 250 2 8 2093 0
mpi 50 250 2 9 1998 0
mpi 50 500 2 1 8069 0
mpi 50 500 2 10 8122 0
mpi 50 500 2 2 7303 0
mpi 50 500 2 3 10319 0
mpi 50 500 2 4 9841 0
mpi 50 500 2 5 8085 0
mpi 50 500 2 6 7796 0
mpi 50 500 2 7 8151 0
mpi 50 500 2 8 7450 0
mpi 50 500 2 9 8203 0
mpi 50 50 2 1 64 0
mpi 50 50 2 10 73 0
mpi 50 50 2 2 65 0
mpi 50 50 2 3 81 0
mpi 50 50 2 4 70 0
mpi 50 50 2 5 66 0
mpi 50 50 2 6 77 0
mpi 50 50 2 7 74 0
mpi 50 50 2 8 62 0
mpi 50 50 2 9 83 0
mpi 50 750 2 1 15836 0
mpi 50 750 2 10 20335 0
mpi 50 750 2 2 21537 0
mpi 50 750 2 3 17440 0
mpi 50 750 2 4 22325 0
mpi 50 750 2 5 16253 0
mpi 50 750 2 6 18930 0
mpi 50 750 2 7 19521 0
mpi 50 750 2 8 23279 0
mpi 50 750 2 9 21062 0