mpi 100 1000 1 1 5726 0
mpi 100 1000 1 10 5500 0
mpi 100 1000 1 2 4959 0
mpi 100 1000 1 3 5760 0
mpi 100 1000 1 4 5375 0
mpi 100 1000 1 5 5825 0
mpi 100 1000 1 6 5796 0
mpi 100 1000 1 7 5105 0
mpi 100 1000 1 8 5594 0
mpi 100 1000 1 9 5626 0
mpi 100 100 1 1 2559 0
mpi 100 100 1 10 2619 0
mpi 100 100 1 2 2603 0
mpi 100 100 1 3 2779 0
mpi 100 100 1 4 2228 0
mpi 100 100 1 5 2446 0
mpi 100 100 1 6 2716 0
mpi 100 100 1 7 2514 0
mpi 100 100 1 8 2474 0
mpi 100 100 1 9 2462 0
mpi 100 2000 1 1 6567 0
mpi 100 2000 1 10 6844 0
mpi 100 2000 1 2 5592 0
mpi 100 2000 1 3 6006 0
mpi 100 2000 1 4 5460 0
mpi 100 2000 1 5 6236 0
mpi 100 2000 1 6 6100 0
mpi 100 2000 1 7 6375 0
mpi 100 2000 1 8 6332 0
mpi 100 2000 1 9 6844 0
mpi 100 250 1 1 3955 0
mpi 100 250 1 10 3933 0
mpi 100 250 1 2 3785 0
mpi 100 250 1 3 3560 0
mpi 100 250 1 4 3573 0
mpi 100 250 1 5 3545 0
mpi 100 250 1 6 4212 0
mpi 100 250 1 7 3717 0
mpi 100 250 1 8 3687 0
mpi 100 250 1 9 4054 0
mpi 100 500 1 1 4528 0
mpi 100 500 1 10 4675 0
mpi 100 500 1 2 5151 0
mpi 100 500 1 3 4514 0
mpi 100 500 1 4 4976 0
mpi 100 500 1 5 4636 0
mpi 100 500 1 6 4808 0
mpi 100 500 1 7 4673 0
mpi 100 500 1 8 4492 0
mpi 100 500 1 9 4375 0
mpi 100 750 1 1 5213 0
mpi 100 750 1 10 5289 0
mpi 100 750 1 2 5211 0
mpi 100 750 1 3 5348 0
mpi 100 750 1 4 5343 0
mpi 100 750 1 5 5363 0
mpi 100 750 1 6 5679 0
mpi 100 750 1 7 5180 0
mpi 100 750 1 8 4939 0
mpi 100 750 1 9 5155 0
mpi 150 1000 1 1 7350 0
mpi 150 1000 1 10 7777 0
mpi 150 1000 1 2 6975 0
mpi 150 1000 1 3 7172 0
mpi 150 1000 1 4 7632 0
mpi 150 1000 1 5 8051 0
mpi 150 1000 1 6 7619 0
mpi 150 1000 1 7 7893 0
mpi 150 1000 1 8 9082 0
mpi 150 1000 1 9 7785 0
mpi 150 150 1 1 3827 0
mpi 150 150 1 10 3739 0
mpi 150 150 1 2 3854 0
mpi 150 150 1 3 3945 0
mpi 150 150 1 4 3877 0
mpi 150 150 1 5 3636 0
mpi 150 150 1 6 3572 0
mpi 150 150 1 7 3643 0
mpi 150 150 1 8 3732 0
mpi 150 150 1 9 3485 0
mpi 150 2000 1 1 9120 0
mpi 150 2000 1 10 9000 0
mpi 150 2000 1 2 8363 0
mpi 150 2000 1 3 8011 0
mpi 150 2000 1 4 9213 0
mpi 150 2000 1 5 9085 0
mpi 150 2000 1 6 8696 0
mpi 150 2000 1 7 9195 0
mpi 150 2000 1 8 9113 0
mpi 150 2000 1 9 8436 0
mpi 150 250 1 1 4756 0
mpi 150 250 1 10 4809 0
mpi 150 250 1 2 4878 0
mpi 150 250 1 3 4662 0
mpi 150 250 1 4 4815 0
mpi 150 250 1 5 5261 0
mpi 150 250 1 6 4825 0
mpi 150 250 1 7 4495 0
mpi 150 250 1 8 5233 0
mpi 150 250 1 9 4576 0
mpi 150 3000 1 1 8693 0
mpi 150 3000 1 10 9366 0
mpi 150 3000 1 2 9095 0
mpi 150 3000 1 3 8625 0
mpi 150 3000 1 4 9161 0
mpi 150 3000 1 5 9210 0
mpi 150 3000 1 6 9311 0
mpi 150 3000 1 7 8568 0
mpi 150 3000 1 8 9079 0
mpi 150 3000 1 9 8754 0
mpi 150 500 1 1 6327 0
mpi 150 500 1 10 6482 0
mpi 150 500 1 2 6226 0
mpi 150 500 1 3 6519 0
mpi 150 500 1 4 5767 0
mpi 150 500 1 5 6296 0
mpi 150 500 1 6 6025 0
mpi 150 500 1 7 6349 0
mpi 150 500 1 8 5689 0
mpi 150 500 1 9 6693 0
mpi 150 750 1 1 7065 0
mpi 150 750 1 10 7527 0
mpi 150 750 1 2 7594 0
mpi 150 750 1 3 6596 0
mpi 150 750 1 4 7411 0
mpi 150 750 1 5 6435 0
mpi 150 750 1 6 7412 0
mpi 150 750 1 7 6989 0
mpi 150 750 1 8 7140 0
mpi 150 750 1 9 7661 0
mpi 200 1000 1 1 9239 1
mpi 200 1000 1 10 8998 1
mpi 200 1000 1 2 9988 1
mpi 200 1000 1 3 9170 1
mpi 200 1000 1 4 9591 1
mpi 200 1000 1 5 9497 1
mpi 200 1000 1 6 9692 1
mpi 200 1000 1 7 9294 1
mpi 200 1000 1 8 9443 1
mpi 200 1000 1 9 9827 1
mpi 200 2000 1 1 11504 1
mpi 200 2000 1 10 11029 0
mpi 200 2000 1 2 11174 1
mpi 200 2000 1 3 11252 1
mpi 200 2000 1 4 11628 1
mpi 200 2000 1 5 11537 1
mpi 200 2000 1 6 11238 1
mpi 200 2000 1 7 11094 1
mpi 200 2000 1 8 10262 1
mpi 200 2000 1 9 11266 1
mpi 200 250 1 1 5637 0
mpi 200 250 1 10 5789 0
mpi 200 250 1 2 5273 0
mpi 200 250 1 3 5230 0
mpi 200 250 1 4 5164 0
mpi 200 250 1 5 5211 0
mpi 200 250 1 6 5367 0
mpi 200 250 1 7 5745 0
mpi 200 250 1 8 5766 0
mpi 200 250 1 9 5571 0
mpi 200 3000 1 1 11908 1
mpi 200 3000 1 10 11618 1
mpi 200 3000 1 2 11765 1
mpi 200 3000 1 3 11578 1
mpi 200 3000 1 4 12064 1
mpi 200 3000 1 5 12080 1
mpi 200 3000 1 6 12124 1
mpi 200 3000 1 7 11483 1
mpi 200 3000 1 8 11699 1
mpi 200 3000 1 9 11588 1
mpi 200 500 1 1 7602 0
mpi 200 500 1 10 7507 0
mpi 200 500 1 2 7102 0
mpi 200 500 1 3 7118 1
mpi 200 500 1 4 7841 1
mpi 200 500 1 5 7546 1
mpi 200 500 1 6 7456 0
mpi 200 500 1 7 7670 0
mpi 200 500 1 8 8169 1
mpi 200 500 1 9 8145 0
mpi 200 750 1 1 8778 1
mpi 200 750 1 10 8506 1
mpi 200 750 1 2 8656 1
mpi 200 750 1 3 8473 1
mpi 200 750 1 4 8938 1
mpi 200 750 1 5 8893 1
mpi 200 750 1 6 8712 1
mpi 200 750 1 7 9017 0
mpi 200 750 1 8 8497 0
mpi 200 750 1 9 8999 0
mpi 250 1000 1 1 10997 2
mpi 250 1000 1 10 11719 3
mpi 250 1000 1 2 11588 3
mpi 250 1000 1 3 11091 3
mpi 250 1000 1 4 11203 2
mpi 250 1000 1 5 10634 2
mpi 250 1000 1 6 11363 3
mpi 250 1000 1 7 11058 2
mpi 250 1000 1 8 11355 2
mpi 250 1000 1 9 11324 3
mpi 250 2000 1 1 12922 2
mpi 250 2000 1 10 13887 3
mpi 250 2000 1 2 12590 3
mpi 250 2000 1 3 13405 2
mpi 250 2000 1 4 13635 2
mpi 250 2000 1 5 12650 2
mpi 250 2000 1 6 13459 2
mpi 250 2000 1 7 12899 3
mpi 250 2000 1 8 13701 3
mpi 250 2000 1 9 12502 3
mpi 250 250 1 1 6013 0
mpi 250 250 1 10 6591 1
mpi 250 250 1 2 6450 1
mpi 250 250 1 3 5908 1
mpi 250 250 1 4 6538 1
mpi 250 250 1 5 6160 1
mpi 250 250 1 6 6233 0
mpi 250 250 1 7 6023 1
mpi 250 250 1 8 6115 1
mpi 250 250 1 9 6306 1
mpi 250 3000 1 1 14775 3
mpi 250 3000 1 10 14054 3
mpi 250 3000 1 2 13666 3
mpi 250 3000 1 3 14968 3
mpi 250 3000 1 4 15374 3
mpi 250 3000 1 5 13780 2
mpi 250 3000 1 6 14561 3
mpi 250 3000 1 7 14116 3
mpi 250 3000 1 8 14104 3
mpi 250 3000 1 9 14392 2
mpi 250 5000 1 1 15793 2
mpi 250 5000 1 10 15617 3
mpi 250 5000 1 2 14800 2
mpi 250 5000 1 3 15407 2
mpi 250 5000 1 4 15446 2
mpi 250 5000 1 5 14718 2
mpi 250 5000 1 6 15179 2
mpi 250 5000 1 7 16491 2
mpi 250 5000 1 8 15688 2
mpi 250 5000 1 9 13737 2
mpi 250 500 1 1 8590 2
mpi 250 500 1 10 8733 2
mpi 250 500 1 2 8337 3
mpi 250 500 1 3 8839 2
mpi 250 500 1 4 8593 2
mpi 250 500 1 5 8427 3
mpi 250 500 1 6 8716 2
mpi 250 500 1 7 8860 2
mpi 250 500 1 8 8381 2
mpi 250 500 1 9 9022 2
mpi 250 750 1 1 10386 3
mpi 250 750 1 10 10574 2
mpi 250 750 1 2 9548 3
mpi 250 750 1 3 9976 2
mpi 250 750 1 4 9746 2
mpi 250 750 1 5 9772 3
mpi 250 750 1 6 10175 3
mpi 250 750 1 7 10371 3
mpi 250 750 1 8 10264 3
mpi 250 750 1 9 10282 2
mpi 300 1000 1 1 12128 4
mpi 300 1000 1 10 12190 4
mpi 300 1000 1 2 12465 4
mpi 300 1000 1 3 12826 4
mpi 300 1000 1 4 12248 4
mpi 300 1000 1 5 12795 3
mpi 300 1000 1 6 12543 3
mpi 300 1000 1 7 12384 3
mpi 300 1000 1 8 12576 4
mpi 300 1000 1 9 11879 3
mpi 300 2000 1 1 15509 4
mpi 300 2000 1 10 14788 3
mpi 300 2000 1 2 15629 4
mpi 300 2000 1 3 15536 4
mpi 300 2000 1 4 15011 4
mpi 300 2000 1 5 15487 3
mpi 300 2000 1 6 15936 4
mpi 300 2000 1 7 15318 4
mpi 300 2000 1 8 15737 4
mpi 300 2000 1 9 15586 4
mpi 300 3000 1 1 17194 3
mpi 300 3000 1 10 16458 4
mpi 300 3000 1 2 16471 3
mpi 300 3000 1 3 17076 4
mpi 300 3000 1 4 15999 3
mpi 300 3000 1 5 17181 3
mpi 300 3000 1 6 17289 4
mpi 300 3000 1 7 16337 4
mpi 300 3000 1 8 16486 3
mpi 300 3000 1 9 16695 4
mpi 300 300 1 1 7228 1
mpi 300 300 1 10 7382 1
mpi 300 300 1 2 8007 2
mpi 300 300 1 3 7493 2
mpi 300 300 1 4 7156 1
mpi 300 300 1 5 6976 2
mpi 300 300 1 6 7738 2
mpi 300 300 1 7 8040 1
mpi 300 300 1 8 7490 2
mpi 300 300 1 9 8107 1
mpi 300 5000 1 1 17802 4
mpi 300 5000 1 10 17725 4
mpi 300 5000 1 2 17765 3
mpi 300 5000 1 3 18457 5
mpi 300 5000 1 4 17045 4
mpi 300 5000 1 5 18295 4
mpi 300 5000 1 6 17927 4
mpi 300 5000 1 7 18784 5
mpi 300 5000 1 8 18180 3
mpi 300 5000 1 9 17073 4
mpi 300 500 1 1 9464 2
mpi 300 500 1 10 9682 2
mpi 300 500 1 2 10656 4
mpi 300 500 1 3 9542 3
mpi 300 500 1 4 9603 2
mpi 300 500 1 5 9083 2
mpi 300 500 1 6 9782 3
mpi 300 500 1 7 9090 3
mpi 300 500 1 8 9855 3
mpi 300 500 1 9 10294 4
mpi 300 750 1 1 12032 3
mpi 300 750 1 10 10432 4
mpi 300 750 1 2 11271 3
mpi 300 750 1 3 11453 4
mpi 300 750 1 4 11527 3
mpi 300 750 1 5 10990 3
mpi 300 750 1 6 11568 4
mpi 300 750 1 7 11556 3
mpi 300 750 1 8 12054 4
mpi 300 750 1 9 12117 4
mpi 50 1000 1 1 3484 0
mpi 50 1000 1 10 3353 0
mpi 50 1000 1 2 2847 0
mpi 50 1000 1 3 3036 0
mpi 50 1000 1 4 3399 0
mpi 50 1000 1 5 3024 0
mpi 50 1000 1 6 3170 0
mpi 50 1000 1 7 2941 0
mpi 50 1000 1 8 3051 0
mpi 50 1000 1 9 3048 0
mpi 50 100 1 1 1536 0
mpi 50 100 1 10 1593 0
mpi 50 100 1 2 1625 0
mpi 50 100 1 3 1506 0
mpi 50 100 1 4 1597 0
mpi 50 100 1 5 1754 0
mpi 50 100 1 6 1647 0
mpi 50 100 1 7 1660 0
mpi 50 100 1 8 1823 0
mpi 50 100 1 9 1785 0
mpi 50 250 1 1 2485 0
mpi 50 250 1 10 2523 0
mpi 50 250 1 2 2748 0
mpi 50 250 1 3 2206 0
mpi 50 250 1 4 2650 0
mpi 50 250 1 5 2075 0
mpi 50 250 1 6 2179 0
mpi 50 250 1 7 2568 0
mpi 50 250 1 8 2135 0
mpi 50 250 1 9 2232 0
mpi 50 500 1 1 2566 0
mpi 50 500 1 10 2608 0
mpi 50 500 1 2 2938 0
mpi 50 500 1 3 2807 0
mpi 50 500 1 4 2691 0
mpi 50 500 1 5 2904 0
mpi 50 500 1 6 3022 0
mpi 50 500 1 7 2497 0
mpi 50 500 1 8 2869 0
mpi 50 500 1 9 2986 0
mpi 50 50 1 1 1127 0
mpi 50 50 1 10 1200 0
mpi 50 50 1 2 1335 0
mpi 50 50 1 3 1087 0
mpi 50 50 1 4 1393 0
mpi 50 50 1 5 1120 0
mpi 50 50 1 6 1082 0
mpi 50 50 1 7 959 0
mpi 50 50 1 8 1259 0
mpi 50 50 1 9 1719 0
mpi 50 750 1 1 3123 0
mpi 50 750 1 10 2673 0
mpi 50 750 1 2 2954 0
mpi 50 750 1 3 3009 0
mpi 50 750 1 4 3136 0
mpi 50 750 1 5 2932 0
mpi 50 750 1 6 2907 0
mpi 50 750 1 7 3429 0
mpi 50 750 1 8 2824 0
mpi 50 750 1 9 3082 0