spi 10 10 1 1 330 0
spi 10 10 1 10 172 0
spi 10 10 1 2 171 0
spi 10 10 1 3 280 0
spi 10 10 1 4 169 0
spi 10 10 1 5 411 0
spi 10 10 1 6 275 0
spi 10 10 1 7 468 0
spi 10 10 1 8 185 0
spi 10 10 1 9 243 0
spi 10 20 1 1 308 0
spi 10 20 1 10 538 0
spi 10 20 1 2 441 0
spi 10 20 1 3 479 0
spi 10 20 1 4 394 0
spi 10 20 1 5 493 0
spi 10 20 1 6 341 0
spi 10 20 1 7 401 0
spi 10 20 1 8 438 0
spi 10 20 1 9 486 0
spi 10 30 1 1 319 0
spi 10 30 1 10 354 0
spi 10 30 1 2 566 0
spi 10 30 1 3 533 0
spi 10 30 1 4 563 0
spi 10 30 1 5 397 0
spi 10 30 1 6 413 0
spi 10 30 1 7 519 0
spi 10 30 1 8 458 0
spi 10 30 1 9 480 0
spi 10 40 1 1 564 0
spi 10 40 1 10 600 0
spi 10 40 1 2 433 0
spi 10 40 1 3 604 0
spi 10 40 1 4 367 0
spi 10 40 1 5 524 0
spi 10 40 1 6 384 0
spi 10 40 1 7 485 0
spi 10 40 1 8 561 0
spi 10 40 1 9 443 0
spi 15 100 1 1 895 0
spi 15 100 1 10 862 0
spi 15 100 1 2 888 0
spi 15 100 1 3 754 0
spi 15 100 1 4 1071 0
spi 15 100 1 5 1011 0
spi 15 100 1 6 851 0
spi 15 100 1 7 775 0
spi 15 100 1 8 1006 0
spi 15 100 1 9 972 0
spi 15 20 1 1 460 0
spi 15 20 1 10 380 0
spi 15 20 1 2 546 0
spi 15 20 1 3 444 0
spi 15 20 1 4 462 0
spi 15 20 1 5 455 0
spi 15 20 1 6 481 0
spi 15 20 1 7 612 0
spi 15 20 1 8 435 0
spi 15 20 1 9 516 0
spi 15 40 1 1 466 0
spi 15 40 1 10 808 0
spi 15 40 1 2 637 0
spi 15 40 1 3 497 0
spi 15 40 1 4 661 0
spi 15 40 1 5 566 0
spi 15 40 1 6 548 0
spi 15 40 1 7 613 0
spi 15 40 1 8 751 0
spi 15 40 1 9 586 0
spi 15 60 1 1 693 0
spi 15 60 1 10 685 0
spi 15 60 1 2 588 0
spi 15 60 1 3 778 0
spi 15 60 1 4 599 0
spi 15 60 1 5 678 0
spi 15 60 1 6 698 0
spi 15 60 1 7 821 0
spi 15 60 1 8 637 0
spi 15 60 1 9 767 0
spi 15 80 1 1 840 0
spi 15 80 1 10 921 0
spi 15 80 1 2 995 0
spi 15 80 1 3 720 0
spi 15 80 1 4 879 0
spi 15 80 1 5 687 0
spi 15 80 1 6 862 0
spi 15 80 1 7 914 0
spi 15 80 1 8 666 0
spi 15 80 1 9 856 0
spi 20 100 1 1 1117 0
spi 20 100 1 10 925 0
spi 20 100 1 2 1046 0
spi 20 100 1 3 1035 0
spi 20 100 1 4 1014 0
spi 20 100 1 5 1079 0
spi 20 100 1 6 1020 0
spi 20 100 1 7 920 0
spi 20 100 1 8 1043 0
spi 20 100 1 9 1226 0
spi 20 120 1 1 1121 0
spi 20 120 1 10 1080 0
spi 20 120 1 2 1168 0
spi 20 120 1 3 1016 0
spi 20 120 1 4 1037 0
spi 20 120 1 5 908 0
spi 20 120 1 6 1113 0
spi 20 120 1 7 942 0
spi 20 120 1 8 875 0
spi 20 120 1 9 1077 0
spi 20 20 1 1 520 0
spi 20 20 1 10 397 0
spi 20 20 1 2 403 0
spi 20 20 1 3 494 0
spi 20 20 1 4 541 0
spi 20 20 1 5 466 0
spi 20 20 1 6 669 0
spi 20 20 1 7 560 0
spi 20 20 1 8 400 0
spi 20 20 1 9 544 0
spi 20 40 1 1 794 0
spi 20 40 1 10 630 0
spi 20 40 1 2 582 0
spi 20 40 1 3 940 0
spi 20 40 1 4 937 0
spi 20 40 1 5 862 0
spi 20 40 1 6 661 0
spi 20 40 1 7 787 0
spi 20 40 1 8 785 0
spi 20 40 1 9 833 0
spi 20 60 1 1 849 0
spi 20 60 1 10 923 0
spi 20 60 1 2 903 0
spi 20 60 1 3 808 0
spi 20 60 1 4 978 0
spi 20 60 1 5 885 0
spi 20 60 1 6 977 0
spi 20 60 1 7 1027 0
spi 20 60 1 8 948 0
spi 20 60 1 9 983 0
spi 20 80 1 1 896 0
spi 20 80 1 10 879 0
spi 20 80 1 2 920 0
spi 20 80 1 3 747 0
spi 20 80 1 4 943 0
spi 20 80 1 5 1131 0
spi 20 80 1 6 857 0
spi 20 80 1 7 907 0
spi 20 80 1 8 822 0
spi 20 80 1 9 843 0
spi 25 100 1 1 1035 0
spi 25 100 1 10 1234 0
spi 25 100 1 2 1292 0
spi 25 100 1 3 1086 0
spi 25 100 1 4 1201 0
spi 25 100 1 5 1030 0
spi 25 100 1 6 1090 0
spi 25 100 1 7 1007 0
spi 25 100 1 8 1253 0
spi 25 100 1 9 1521 0
spi 25 150 1 1 1461 0
spi 25 150 1 10 1157 0
spi 25 150 1 2 1459 0
spi 25 150 1 3 1295 0
spi 25 150 1 4 1460 0
spi 25 150 1 5 1516 0
spi 25 150 1 6 1320 0
spi 25 150 1 7 1436 0
spi 25 150 1 8 1228 0
spi 25 150 1 9 1322 0
spi 25 200 1 1 1369 0
spi 25 200 1 10 1358 0
spi 25 200 1 2 1436 0
spi 25 200 1 3 1593 0
spi 25 200 1 4 1411 0
spi 25 200 1 5 1394 0
spi 25 200 1 6 1467 0
spi 25 200 1 7 1514 0
spi 25 200 1 8 1340 0
spi 25 200 1 9 1343 0
spi 25 40 1 1 819 0
spi 25 40 1 10 749 0
spi 25 40 1 2 675 0
spi 25 40 1 3 778 0
spi 25 40 1 4 783 0
spi 25 40 1 5 896 0
spi 25 40 1 6 861 0
spi 25 40 1 7 796 0
spi 25 40 1 8 879 0
spi 25 40 1 9 949 0
spi 25 80 1 1 1170 0
spi 25 80 1 10 932 0
spi 25 80 1 2 1147 0
spi 25 80 1 3 1068 0
spi 25 80 1 4 1190 0
spi 25 80 1 5 1037 0
spi 25 80 1 6 1068 0
spi 25 80 1 7 1215 0
spi 25 80 1 8 868 0
spi 25 80 1 9 1044 0