spi 10 10 2 1 16 0
spi 10 10 2 10 17 0
spi 10 10 2 2 12 0
spi 10 10 2 3 11 0
spi 10 10 2 4 13 0
spi 10 10 2 5 19 0
spi 10 10 2 6 19 0
spi 10 10 2 7 13 0
spi 10 10 2 8 16 0
spi 10 10 2 9 16 0
spi 10 20 2 1 53 0
spi 10 20 2 10 74 0
spi 10 20 2 2 68 0
spi 10 20 2 3 70 0
spi 10 20 2 4 61 0
spi 10 20 2 5 72 0
spi 10 20 2 6 40 0
spi 10 20 2 7 41 0
spi 10 20 2 8 53 0
spi 10 20 2 9 41 0
spi 10 30 2 1 155 0
spi 10 30 2 10 125 0
spi 10 30 2 2 77 0
spi 10 30 2 3 141 0
spi 10 30 2 4 120 0
spi 10 30 2 5 142 0
spi 10 30 2 6 139 0
spi 10 30 2 7 163 0
spi 10 30 2 8 130 0
spi 10 30 2 9 156 0
spi 10 40 2 1 287 0
spi 10 40 2 10 239 0
spi 10 40 2 2 281 0
spi 10 40 2 3 294 0
spi 10 40 2 4 290 0
spi 10 40 2 5 312 0
spi 10 40 2 6 280 0
spi 10 40 2 7 186 0
spi 10 40 2 8 290 0
spi 10 40 2 9 303 0
spi 15 100 2 1 1177 0
spi 15 100 2 10 1018 0
spi 15 100 2 2 974 0
spi 15 100 2 3 901 0
spi 15 100 2 4 1281 0
spi 15 100 2 5 772 0
spi 15 100 2 6 1230 0
spi 15 100 2 7 1067 0
spi 15 100 2 8 1297 0
spi 15 100 2 9 1368 0
spi 15 20 2 1 54 0
spi 15 20 2 10 27 0
spi 15 20 2 2 46 0
spi 15 20 2 3 25 0
spi 15 20 2 4 39 0
spi 15 20 2 5 28 0
spi 15 20 2 6 27 0
spi 15 20 2 7 30 0
spi 15 20 2 8 46 0
spi 15 20 2 9 25 0
spi 15 40 2 1 112 0
spi 15 40 2 10 159 0
spi 15 40 2 2 167 0
spi 15 40 2 3 134 0
spi 15 40 2 4 162 0
spi 15 40 2 5 147 0
spi 15 40 2 6 159 0
spi 15 40 2 7 159 0
spi 15 40 2 8 126 0
spi 15 40 2 9 124 0
spi 15 60 2 1 321 0
spi 15 60 2 10 330 0
spi 15 60 2 2 502 0
spi 15 60 2 3 386 0
spi 15 60 2 4 340 0
spi 15 60 2 5 415 0
spi 15 60 2 6 344 0
spi 15 60 2 7 452 0
spi 15 60 2 8 294 0
spi 15 60 2 9 337 0
spi 15 80 2 1 722 0
spi 15 80 2 10 579 0
spi 15 80 2 2 828 0
spi 15 80 2 3 788 0
spi 15 80 2 4 741 0
spi 15 80 2 5 644 0
spi 15 80 2 6 720 0
spi 15 80 2 7 700 0
spi 15 80 2 8 790 0
spi 15 80 2 9 680 0
spi 20 100 2 1 836 0
spi 20 100 2 10 676 0
spi 20 100 2 2 721 0
spi 20 100 2 3 653 0
spi 20 100 2 4 642 0
spi 20 100 2 5 951 0
spi 20 100 2 6 780 0
spi 20 100 2 7 866 0
spi 20 100 2 8 1018 0
spi 20 100 2 9 725 0
spi 20 120 2 1 1022 0
spi 20 120 2 10 1344 0
spi 20 120 2 2 1174 0
spi 20 120 2 3 1475 0
spi 20 120 2 4 1143 0
spi 20 120 2 5 1115 0
spi 20 120 2 6 1125 0
spi 20 120 2 7 1391 0
spi 20 120 2 8 1293 0
spi 20 120 2 9 1543 0
spi 20 20 2 1 23 0
spi 20 20 2 10 31 0
spi 20 20 2 2 34 0
spi 20 20 2 3 25 0
spi 20 20 2 4 20 0
spi 20 20 2 5 31 0
spi 20 20 2 6 47 0
spi 20 20 2 7 20 0
spi 20 20 2 8 27 0
spi 20 20 2 9 28 0
spi 20 40 2 1 132 0
spi 20 40 2 10 83 0
spi 20 40 2 2 92 0
spi 20 40 2 3 72 0
spi 20 40 2 4 156 0
spi 20 40 2 5 83 0
spi 20 40 2 6 108 0
spi 20 40 2 7 76 0
spi 20 40 2 8 81 0
spi 20 40 2 9 80 0
spi 20 60 2 1 218 0
spi 20 60 2 10 217 0
spi 20 60 2 2 295 0
spi 20 60 2 3 327 0
spi 20 60 2 4 289 0
spi 20 60 2 5 274 0
spi 20 60 2 6 204 0
spi 20 60 2 7 292 0
spi 20 60 2 8 272 0
spi 20 60 2 9 271 0
spi 20 80 2 1 610 0
spi 20 80 2 10 626 0
spi 20 80 2 2 545 0
spi 20 80 2 3 542 0
spi 20 80 2 4 508 0
spi 20 80 2 5 474 0
spi 20 80 2 6 552 0
spi 20 80 2 7 482 0
spi 20 80 2 8 403 0
spi 20 80 2 9 715 0
spi 25 100 2 1 603 0
spi 25 100 2 10 701 0
spi 25 100 2 2 642 0
spi 25 100 2 3 664 0
spi 25 100 2 4 410 0
spi 25 100 2 5 656 0
spi 25 100 2 6 493 0
spi 25 100 2 7 522 0
spi 25 100 2 8 595 0
spi 25 100 2 9 530 0
spi 25 150 2 1 1329 0
spi 25 150 2 10 1352 0
spi 25 150 2 2 1350 0
spi 25 150 2 3 1661 0
spi 25 150 2 4 1531 0
spi 25 150 2 5 1318 0
spi 25 150 2 6 1294 0
spi 25 150 2 7 1182 0
spi 25 150 2 8 1610 0
spi 25 150 2 9 1176 0
spi 25 200 2 1 1967 0
spi 25 200 2 10 3185 0
spi 25 200 2 2 2520 0
spi 25 200 2 3 2560 0
spi 25 200 2 4 2722 0
spi 25 200 2 5 2385 0
spi 25 200 2 6 2846 0
spi 25 200 2 7 2014 0
spi 25 200 2 8 2671 0
spi 25 200 2 9 2497 0
spi 25 40 2 1 85 0
spi 25 40 2 10 59 0
spi 25 40 2 2 77 0
spi 25 40 2 3 60 0
spi 25 40 2 4 84 0
spi 25 40 2 5 85 0
spi 25 40 2 6 124 0
spi 25 40 2 7 106 0
spi 25 40 2 8 64 0
spi 25 40 2 9 67 0
spi 25 80 2 1 397 0
spi 25 80 2 10 453 0
spi 25 80 2 2 373 0
spi 25 80 2 3 339 0
spi 25 80 2 4 319 0
spi 25 80 2 5 401 0
spi 25 80 2 6 416 0
spi 25 80 2 7 202 0
spi 25 80 2 8 368 0
spi 25 80 2 9 421 0