set type n m type run opt optTime random randomTime ratio ratioTime
spi 2 10 10 2 1 16 0 30 0 24 0
spi 2 10 10 2 10 17 0 27 0 24 0
spi 2 10 10 2 2 12 0 15 0 15 0
spi 2 10 10 2 3 11 0 16 0 15 0
spi 2 10 10 2 4 13 0 27 0 17 0
spi 2 10 10 2 5 19 0 37 0 31 0
spi 2 10 10 2 6 19 0 35 0 20 0
spi 2 10 10 2 7 13 0 22 0 23 0
spi 2 10 10 2 8 16 0 30 0 18 0
spi 2 10 10 2 9 16 0 22 0 21 0
spi 2 10 20 2 1 39 0 67 0 58 0
spi 2 10 20 2 10 74 1 116 0 86 0
spi 2 10 20 2 2 68 0 93 0 71 0
spi 2 10 20 2 3 70 0 109 0 81 0
spi 2 10 20 2 4 61 0 92 0 72 0
spi 2 10 20 2 5 72 1 102 0 86 0
spi 2 10 20 2 6 40 0 67 0 46 0
spi 2 10 20 2 7 41 1 63 0 44 0
spi 2 10 20 2 8 53 0 70 0 82 0
spi 2 10 20 2 9 41 0 53 0 53 0
spi 2 10 30 2 1 153 1 213 0 175 0
spi 2 10 30 2 10 115 1 164 0 138 0
spi 2 10 30 2 2 77 1 111 0 105 0
spi 2 10 30 2 3 132 1 149 0 158 0
spi 2 10 30 2 4 120 1 156 0 120 0
spi 2 10 30 2 5 142 1 152 0 176 0
spi 2 10 30 2 6 124 1 165 0 159 0
spi 2 10 30 2 7 153 1 178 0 169 0
spi 2 10 30 2 8 129 2 178 0 149 0
spi 2 10 30 2 9 156 1 194 0 171 0
spi 2 10 40 2 1 278 1 310 0 287 0
spi 2 10 40 2 10 226 1 289 0 239 0
spi 2 10 40 2 2 281 2 349 0 281 0
spi 2 10 40 2 3 294 1 346 0 294 0
spi 2 10 40 2 4 261 2 323 0 290 0
spi 2 10 40 2 5 278 2 381 0 312 0
spi 2 10 40 2 6 280 1 315 0 280 0
spi 2 10 40 2 7 186 1 237 0 186 0
spi 2 10 40 2 8 290 1 334 0 307 0
spi 2 10 40 2 9 285 1 352 0 303 0
spi 2 15 100 2 1 1177 139 1345 0 1283 0
spi 2 15 100 2 10 1018 145 1182 0 1018 0
spi 2 15 100 2 2 970 140 1038 0 974 0
spi 2 15 100 2 3 901 142 1007 0 915 0
spi 2 15 100 2 4 1236 148 1314 0 1281 0
spi 2 15 100 2 5 758 143 921 0 772 0
spi 2 15 100 2 6 1230 158 1376 0 1349 0
spi 2 15 100 2 7 1011 142 1179 0 1067 0
spi 2 15 100 2 8 1297 145 1525 0 1389 0
spi 2 15 100 2 9 1314 156 1385 0 1368 0
spi 2 15 20 2 1 54 21 82 0 68 0
spi 2 15 20 2 10 27 14 49 0 51 0
spi 2 15 20 2 2 44 24 67 0 64 0
spi 2 15 20 2 3 25 20 63 0 49 0
spi 2 15 20 2 4 39 23 76 0 53 0
spi 2 15 20 2 5 28 21 55 0 32 0
spi 2 15 20 2 6 27 21 44 0 40 0
spi 2 15 20 2 7 30 22 52 0 38 0
spi 2 15 20 2 8 46 16 90 0 53 0
spi 2 15 20 2 9 25 18 37 0 29 0
spi 2 15 40 2 1 112 60 191 0 144 0
spi 2 15 40 2 10 159 57 273 0 178 0
spi 2 15 40 2 2 167 60 266 0 176 0
spi 2 15 40 2 3 134 54 218 0 166 0
spi 2 15 40 2 4 156 57 246 0 203 0
spi 2 15 40 2 5 147 52 212 0 184 0
spi 2 15 40 2 6 159 56 232 0 169 0
spi 2 15 40 2 7 156 59 242 0 200 0
spi 2 15 40 2 8 126 52 167 0 127 0
spi 2 15 40 2 9 124 56 201 0 166 0
spi 2 15 60 2 1 321 99 460 0 383 0
spi 2 15 60 2 10 232 87 408 0 385 0
spi 2 15 60 2 2 466 94 573 0 543 0
spi 2 15 60 2 3 386 89 570 0 449 0
spi 2 15 60 2 4 334 95 453 0 423 0
spi 2 15 60 2 5 415 85 487 0 487 0
spi 2 15 60 2 6 344 85 468 0 408 0
spi 2 15 60 2 7 452 92 591 0 514 0
spi 2 15 60 2 8 294 84 413 0 339 0
spi 2 15 60 2 9 337 90 416 0 395 0
spi 2 15 80 2 1 722 134 811 0 787 0
spi 2 15 80 2 10 579 144 695 0 625 0
spi 2 15 80 2 2 828 129 968 0 877 0
spi 2 15 80 2 3 788 117 912 0 788 0
spi 2 15 80 2 4 741 127 1007 0 898 0
spi 2 15 80 2 5 644 116 826 0 644 0
spi 2 15 80 2 6 720 123 843 0 843 0
spi 2 15 80 2 7 700 117 856 0 841 0
spi 2 15 80 2 8 770 124 893 0 790 0
spi 2 15 80 2 9 680 116 871 0 767 0
spi 2 20 100 2 1 819 4659 1056 0 1026 0
spi 2 20 100 2 10 671 4711 836 0 737 0
spi 2 20 100 2 2 721 4762 903 0 890 0
spi 2 20 100 2 3 643 4717 841 0 754 0
spi 2 20 100 2 4 625 4783 727 0 738 0
spi 2 20 100 2 5 935 4619 1161 0 1110 0
spi 2 20 100 2 6 725 4674 1011 0 798 0
spi 2 20 100 2 7 866 5210 1071 0 946 0
spi 2 20 100 2 8 929 4733 1150 0 1130 0
spi 2 20 100 2 9 701 4983 890 0 800 0
spi 2 20 120 2 1 1000 5816 1220 0 1172 0
spi 2 20 120 2 10 1344 5843 1683 0 1436 0
spi 2 20 120 2 2 1174 5760 1449 0 1174 0
spi 2 20 120 2 3 1366 5789 1691 0 1612 0
spi 2 20 120 2 4 1129 5855 1427 0 1351 0
spi 2 20 120 2 5 1000 5900 1247 0 1205 0
spi 2 20 120 2 6 1105 5758 1376 0 1125 0
spi 2 20 120 2 7 1344 5915 1509 0 1502 0
spi 2 20 120 2 8 1293 5901 1573 0 1431 0
spi 2 20 120 2 9 1543 5746 1911 0 1694 0
spi 2 20 20 2 1 23 663 62 0 28 0
spi 2 20 20 2 10 31 635 79 0 50 0
spi 2 20 20 2 2 34 623 58 0 56 0
spi 2 20 20 2 3 25 567 47 0 41 0
spi 2 20 20 2 4 20 381 44 0 36 0
spi 2 20 20 2 5 31 433 43 0 38 0
spi 2 20 20 2 6 46 345 70 0 69 0
spi 2 20 20 2 7 20 496 54 0 31 0
spi 2 20 20 2 8 27 492 52 0 56 0
spi 2 20 20 2 9 28 535 53 0 41 0
spi 2 20 40 2 1 131 1571 195 0 213 0
spi 2 20 40 2 10 83 1525 131 0 112 0
spi 2 20 40 2 2 92 2124 189 0 108 0
spi 2 20 40 2 3 72 1653 166 0 123 0
spi 2 20 40 2 4 150 1706 192 0 207 0
spi 2 20 40 2 5 83 1764 144 0 105 0
spi 2 20 40 2 6 103 1713 134 0 147 0
spi 2 20 40 2 7 72 1410 122 0 105 0
spi 2 20 40 2 8 81 1663 127 0 92 0
spi 2 20 40 2 9 80 1673 149 0 115 0
spi 2 20 60 2 1 218 2991 352 0 255 0
spi 2 20 60 2 10 213 2846 300 0 294 0
spi 2 20 60 2 2 295 2863 391 0 384 0
spi 2 20 60 2 3 291 2715 396 0 382 0
spi 2 20 60 2 4 289 2865 452 0 346 0
spi 2 20 60 2 5 264 2806 367 0 349 0
spi 2 20 60 2 6 204 2731 268 0 279 0
spi 2 20 60 2 7 292 2849 432 0 416 0
spi 2 20 60 2 8 248 2795 337 0 312 0
spi 2 20 60 2 9 271 2767 381 0 283 0
spi 2 20 80 2 1 519 3846 783 0 683 0
spi 2 20 80 2 10 598 4089 756 0 734 0
spi 2 20 80 2 2 500 3726 678 0 652 0
spi 2 20 80 2 3 524 3927 640 0 651 0
spi 2 20 80 2 4 508 3887 699 0 557 0
spi 2 20 80 2 5 440 4201 595 0 540 0
spi 2 20 80 2 6 552 3932 756 0 663 0
spi 2 20 80 2 7 482 3868 655 0 615 0
spi 2 20 80 2 8 403 3845 630 0 563 0
spi 2 20 80 2 9 700 3725 958 0 810 0
spi 2 25 100 2 1 566 266478 814 0 801 0
spi 2 25 100 2 10 685 282890 894 0 843 0
spi 2 25 100 2 2 642 277124 913 0 794 0
spi 2 25 100 2 3 664 276001 923 0 869 0
spi 2 25 100 2 4 410 267276 696 0 528 0
spi 2 25 100 2 5 656 265312 924 0 879 0
spi 2 25 100 2 6 493 274013 853 0 617 0
spi 2 25 100 2 7 522 263832 699 0 660 0
spi 2 25 100 2 8 579 262926 797 0 675 0
spi 2 25 100 2 9 530 276991 754 0 675 0
spi 2 25 150 2 1 1329 388036 1644 0 1408 0
spi 2 25 150 2 10 1352 379033 1912 0 1451 0
spi 2 25 150 2 2 1252 377186 1516 0 1532 0
spi 2 25 150 2 3 1565 373527 1917 0 1835 0
spi 2 25 150 2 4 1531 374104 1965 0 1842 0
spi 2 25 150 2 5 1276 368519 1738 0 1487 0
spi 2 25 150 2 6 1294 376720 1678 0 1310 0
spi 2 25 150 2 7 1156 381349 1568 0 1481 0
spi 2 25 150 2 8 1442 365767 1813 0 1776 0
spi 2 25 150 2 9 1176 362690 1639 0 1310 0
spi 2 25 200 2 1 1967 489716 2329 0 2213 0
spi 2 25 200 2 10 3084 498421 3497 0 3417 0
spi 2 25 200 2 2 2443 495261 3021 0 2764 0
spi 2 25 200 2 3 2560 496521 3351 0 3042 0
spi 2 25 200 2 4 2722 497518 3292 0 2941 0
spi 2 25 200 2 5 2355 499191 2706 0 2684 0
spi 2 25 200 2 6 2846 491724 3361 0 3321 0
spi 2 25 200 2 7 1980 496221 2518 0 2172 0
spi 2 25 200 2 8 2651 497481 3162 0 2961 0
spi 2 25 200 2 9 2497 498777 2775 0 2744 0
spi 2 25 40 2 1 83 56329 145 0 129 0
spi 2 25 40 2 10 59 76450 105 0 96 0
spi 2 25 40 2 2 77 56460 161 0 108 0
spi 2 25 40 2 3 60 76017 114 0 80 0
spi 2 25 40 2 4 84 79454 141 0 121 0
spi 2 25 40 2 5 85 80021 170 0 153 0
spi 2 25 40 2 6 119 78803 205 0 158 0
spi 2 25 40 2 7 104 74452 183 0 170 0
spi 2 25 40 2 8 64 74219 113 0 108 0
spi 2 25 40 2 9 67 75736 141 0 99 0
spi 2 25 80 2 1 397 199288 670 0 581 0
spi 2 25 80 2 10 421 195879 602 0 496 0
spi 2 25 80 2 2 347 197817 460 0 466 0
spi 2 25 80 2 3 339 187838 527 0 398 0
spi 2 25 80 2 4 319 190574 564 0 483 0
spi 2 25 80 2 5 383 187628 560 0 485 0
spi 2 25 80 2 6 411 196075 533 0 529 0
spi 2 25 80 2 7 202 191327 431 0 255 0
spi 2 25 80 2 8 365 192639 534 0 506 0
spi 2 25 80 2 9 421 191701 561 0 536 0