200
1 23 36 
2 61 5 67 
4 81 39 106 129 144 
2 9 28 51 
3 90 155 176 194 
2 25 1 193 
2 96 40 101 
1 67 75 
2 77 36 87 
2 34 59 181 
2 90 111 136 
5 26 42 139 143 148 168 
2 24 87 139 
4 57 68 104 126 138 
2 14 121 167 
1 68 127 
1 5 108 
0 58 
4 12 28 45 104 179 
5 86 24 44 103 136 199 
0 0 
4 46 49 119 167 184 
5 26 28 58 69 99 140 
0 94 
3 16 19 62 120 
1 52 185 
4 78 32 44 140 186 
3 29 28 162 165 
7 46 3 18 22 27 37 105 164 
7 90 37 85 104 132 167 173 190 
1 47 84 
1 70 117 
2 51 26 151 
1 80 103 
2 31 164 178 
1 93 193 
3 57 0 8 60 
3 27 28 29 124 
1 12 171 
1 86 2 
3 14 6 42 129 
2 55 86 150 
4 12 11 40 61 68 
3 90 99 150 163 
3 12 19 26 190 
2 79 18 156 
3 10 51 100 129 
1 69 138 
2 89 133 153 
3 74 21 164 190 
3 55 55 72 148 
2 41 3 46 
2 20 99 156 
1 33 92 
0 87 
2 88 50 121 
3 38 167 187 193 
1 66 113 
4 70 22 82 184 195 
4 84 9 90 126 136 
5 56 36 104 132 142 163 
2 17 42 130 
3 6 24 123 170 
0 60 
1 49 142 
2 37 89 122 
1 5 126 
3 59 1 135 140 
3 17 13 42 71 
3 18 22 82 167 
2 45 168 183 
2 83 68 128 
2 73 50 108 
2 58 156 176 
1 73 121 
2 37 7 81 
2 89 168 178 
0 83 
1 7 105 
0 78 
1 57 101 
4 14 75 100 130 196 
3 71 58 69 140 
1 29 106 
5 0 30 90 127 140 179 
1 59 29 
3 18 41 125 183 
2 38 8 12 
2 25 128 179 
2 88 65 149 
4 74 59 84 99 154 
2 33 143 180 
6 57 53 117 139 172 186 195 
0 81 
2 93 133 139 
2 58 124 190 
0 70 
5 99 102 153 163 171 194 
3 17 113 158 190 
6 39 22 43 52 90 143 196 
4 69 46 81 177 193 
2 63 6 80 
2 22 97 156 
3 94 19 33 133 
5 73 13 18 29 60 121 
5 47 28 78 125 136 139 
2 31 2 83 
2 62 136 197 
3 82 16 72 115 
1 90 127 
0 92 
1 91 10 
0 57 
3 15 57 98 172 
1 21 124 
3 57 108 170 177 
0 74 
5 91 31 92 160 169 196 
0 47 
1 51 21 
2 31 24 136 
5 21 14 55 74 104 155 
1 37 65 
2 40 62 196 
6 54 37 95 114 143 190 198 
3 30 86 105 172 
4 98 13 59 66 163 
4 25 15 84 109 150 
4 81 71 88 129 189 
6 16 2 40 46 128 157 168 
3 16 61 81 182 
1 2 173 
3 31 29 60 155 
3 39 48 94 103 
1 96 135 
4 4 67 134 143 193 
7 38 10 19 59 105 107 120 172 
1 80 184 
2 18 13 47 
5 21 11 12 92 94 105 
6 70 22 26 67 82 84 149 
1 62 169 
4 12 60 64 176 187 
6 79 11 91 99 124 135 144 
2 77 2 143 
1 85 182 
2 36 167 168 
0 4 
3 76 11 50 172 
2 83 89 140 
4 7 41 43 127 179 
2 59 32 159 
1 57 196 
2 44 48 97 
4 99 90 161 186 199 
3 11 4 121 132 
4 27 45 52 73 102 
1 50 129 
1 36 98 
2 60 151 173 
1 18 117 
1 5 154 
1 63 27 
4 49 43 60 97 126 
3 44 28 34 49 
2 11 27 186 
0 5 
7 34 14 21 29 56 69 146 188 
5 91 11 70 76 129 146 
3 75 117 141 179 
3 55 62 115 195 
2 14 38 97 
5 89 92 113 125 136 148 
3 68 29 131 159 
0 93 
1 18 188 
3 5 4 73 142 
2 82 100 115 
2 22 34 76 
5 82 18 84 88 150 169 
1 17 91 
2 30 9 199 
2 93 130 145 
2 74 70 86 
4 26 21 58 137 188 
1 93 25 
4 86 26 92 154 165 
2 53 56 142 
4 43 167 175 184 197 
1 74 128 
6 14 29 44 49 95 98 124 
0 13 
0 79 
5 77 5 35 56 100 135 
2 62 4 97 
3 75 58 92 170 
5 88 81 99 117 123 152 
2 19 107 188 
1 10 124 
3 32 19 154 181 
