mpi 100 100 2 1 181 0
mpi 100 100 2 10 136 0
mpi 100 100 2 2 156 0
mpi 100 100 2 3 133 0
mpi 100 100 2 4 115 0
mpi 100 100 2 5 143 0
mpi 100 100 2 6 119 0
mpi 100 100 2 7 171 0
mpi 100 100 2 8 149 0
mpi 100 100 2 9 140 0
mpi 100 250 2 1 883 0
mpi 100 250 2 10 786 0
mpi 100 250 2 2 986 0
mpi 100 250 2 3 873 0
mpi 100 250 2 4 906 0
mpi 100 250 2 5 959 0
mpi 100 250 2 6 677 0
mpi 100 250 2 7 925 0
mpi 100 250 2 8 813 0
mpi 100 250 2 9 933 0
mpi 100 500 2 1 4035 0
mpi 100 500 2 10 3507 0
mpi 100 500 2 2 3786 0
mpi 100 500 2 3 3681 0
mpi 100 500 2 4 4114 0
mpi 100 500 2 5 3522 0
mpi 100 500 2 6 3798 0
mpi 100 500 2 7 3385 0
mpi 100 500 2 8 3242 0
mpi 100 500 2 9 3697 0
mpi 100 50 2 1 54 0
mpi 100 50 2 10 58 0
mpi 100 50 2 2 50 0
mpi 100 50 2 3 64 0
mpi 100 50 2 4 58 0
mpi 100 50 2 5 50 0
mpi 100 50 2 6 62 0
mpi 100 50 2 7 54 0
mpi 100 50 2 8 50 0
mpi 100 50 2 9 43 0
mpi 100 750 2 1 9562 0
mpi 100 750 2 10 9151 0
mpi 100 750 2 2 7910 0
mpi 100 750 2 3 9022 0
mpi 100 750 2 4 9494 0
mpi 100 750 2 5 9019 0
mpi 100 750 2 6 9598 0
mpi 100 750 2 7 9277 0
mpi 100 750 2 8 7624 0
mpi 100 750 2 9 9939 0
mpi 150 100 2 1 93 0
mpi 150 100 2 10 102 0
mpi 150 100 2 2 119 0
mpi 150 100 2 3 127 0
mpi 150 100 2 4 123 0
mpi 150 100 2 5 124 0
mpi 150 100 2 6 135 0
mpi 150 100 2 7 128 0
mpi 150 100 2 8 117 0
mpi 150 100 2 9 110 0
mpi 150 250 2 1 559 0
mpi 150 250 2 10 650 0
mpi 150 250 2 2 620 0
mpi 150 250 2 3 598 0
mpi 150 250 2 4 540 0
mpi 150 250 2 5 527 0
mpi 150 250 2 6 531 0
mpi 150 250 2 7 525 0
mpi 150 250 2 8 532 0
mpi 150 250 2 9 619 0
mpi 150 500 2 1 2186 0
mpi 150 500 2 10 2201 0
mpi 150 500 2 2 2212 0
mpi 150 500 2 3 2426 0
mpi 150 500 2 4 2359 0
mpi 150 500 2 5 2596 0
mpi 150 500 2 6 2226 0
mpi 150 500 2 7 2366 0
mpi 150 500 2 8 2435 0
mpi 150 500 2 9 2209 0
mpi 150 50 2 1 50 0
mpi 150 50 2 10 47 0
mpi 150 50 2 2 55 0
mpi 150 50 2 3 50 0
mpi 150 50 2 4 57 0
mpi 150 50 2 5 49 0
mpi 150 50 2 6 50 0
mpi 150 50 2 7 49 0
mpi 150 50 2 8 48 0
mpi 150 50 2 9 48 0
mpi 150 750 2 1 5742 0
mpi 150 750 2 10 5656 0
mpi 150 750 2 2 5221 0
mpi 150 750 2 3 5118 0
mpi 150 750 2 4 5389 0
mpi 150 750 2 5 5048 0
mpi 150 750 2 6 5351 0
mpi 150 750 2 7 5234 0
mpi 150 750 2 8 5653 0
mpi 150 750 2 9 5309 0
mpi 200 100 2 1 111 0
mpi 200 100 2 10 120 0
mpi 200 100 2 2 110 0
mpi 200 100 2 3 102 0
mpi 200 100 2 4 115 0
mpi 200 100 2 5 113 0
mpi 200 100 2 6 107 0
mpi 200 100 2 7 92 0
mpi 200 100 2 8 116 0
mpi 200 100 2 9 109 0
mpi 200 250 2 1 425 0
mpi 200 250 2 10 465 0
mpi 200 250 2 2 414 0
mpi 200 250 2 3 400 0
mpi 200 250 2 4 407 0
mpi 200 250 2 5 518 0
mpi 200 250 2 6 413 0
mpi 200 250 2 7 433 0
mpi 200 250 2 8 439 0
mpi 200 250 2 9 459 0
mpi 200 500 2 1 1689 0
mpi 200 500 2 10 1533 0
mpi 200 500 2 2 1743 0
mpi 200 500 2 3 1779 0
mpi 200 500 2 4 1884 0
mpi 200 500 2 5 1662 0
mpi 200 500 2 6 1710 0
mpi 200 500 2 7 1812 0
mpi 200 500 2 8 1636 0
mpi 200 500 2 9 1837 0
mpi 200 50 2 1 49 0
mpi 200 50 2 10 50 0
mpi 200 50 2 2 51 0
mpi 200 50 2 3 42 0
mpi 200 50 2 4 45 0
mpi 200 50 2 5 49 0
mpi 200 50 2 6 50 0
mpi 200 50 2 7 53 0
mpi 200 50 2 8 46 0
mpi 200 50 2 9 49 0
mpi 200 750 2 1 4163 0
mpi 200 750 2 10 4190 0
mpi 200 750 2 2 3699 0
mpi 200 750 2 3 3558 0
mpi 200 750 2 4 4271 0
mpi 200 750 2 5 3775 0
mpi 200 750 2 6 3454 0
mpi 200 750 2 7 4209 0
mpi 200 750 2 8 3959 0
mpi 200 750 2 9 3971 0
mpi 250 1000 2 1 5388 0
mpi 250 1000 2 10 6037 0
mpi 250 1000 2 2 5357 0
mpi 250 1000 2 3 5785 0
mpi 250 1000 2 4 5380 0
mpi 250 1000 2 5 5947 0
mpi 250 1000 2 6 5205 0
mpi 250 1000 2 7 5668 0
mpi 250 1000 2 8 5583 0
mpi 250 1000 2 9 6074 0
mpi 250 2000 2 1 23592 0
mpi 250 2000 2 10 26429 0
mpi 250 2000 2 2 25828 0
mpi 250 2000 2 3 25400 0
mpi 250 2000 2 4 24413 0
mpi 250 2000 2 5 27377 0
mpi 250 2000 2 6 24764 0
mpi 250 2000 2 7 24730 0
mpi 250 2000 2 8 25870 0
mpi 250 2000 2 9 25484 0
mpi 250 250 2 1 352 0
mpi 250 250 2 10 380 0
mpi 250 250 2 2 406 0
mpi 250 250 2 3 388 0
mpi 250 250 2 4 348 0
mpi 250 250 2 5 433 0
mpi 250 250 2 6 387 0
mpi 250 250 2 7 346 0
mpi 250 250 2 8 373 0
mpi 250 250 2 9 374 0
mpi 250 5000 2 1 161147 0
mpi 250 5000 2 10 175383 0
mpi 250 5000 2 2 182936 0
mpi 250 5000 2 3 162816 0
mpi 250 5000 2 4 174500 0
mpi 250 5000 2 5 164733 0
mpi 250 5000 2 6 174359 0
mpi 250 5000 2 7 169568 1
mpi 250 5000 2 8 170886 0
mpi 250 5000 2 9 171486 0
mpi 250 500 2 1 1346 0
mpi 250 500 2 10 1298 0
mpi 250 500 2 2 1317 0
mpi 250 500 2 3 1390 0
mpi 250 500 2 4 1375 0
mpi 250 500 2 5 1394 0
mpi 250 500 2 6 1452 0
mpi 250 500 2 7 1366 0
mpi 250 500 2 8 1351 0
mpi 250 500 2 9 1551 0
mpi 250 750 2 1 3191 0
mpi 250 750 2 10 3267 0
mpi 250 750 2 2 3308 0
mpi 250 750 2 3 2842 0
mpi 250 750 2 4 3118 0
mpi 250 750 2 5 3190 0
mpi 250 750 2 6 3360 0
mpi 250 750 2 7 3269 0
mpi 250 750 2 8 3749 0
mpi 250 750 2 9 2993 0
mpi 300 1000 2 1 4979 0
mpi 300 1000 2 10 4419 0
mpi 300 1000 2 2 4755 0
mpi 300 1000 2 3 4589 0
mpi 300 1000 2 4 4725 0
mpi 300 1000 2 5 4279 0
mpi 300 1000 2 6 4781 0
mpi 300 1000 2 7 4780 0
mpi 300 1000 2 8 4544 0
mpi 300 1000 2 9 5263 0
mpi 300 2000 2 1 20394 0
mpi 300 2000 2 10 20110 0
mpi 300 2000 2 2 19705 0
mpi 300 2000 2 3 20821 0
mpi 300 2000 2 4 19811 0
mpi 300 2000 2 5 20487 0
mpi 300 2000 2 6 21789 0
mpi 300 2000 2 7 17806 0
mpi 300 2000 2 8 20411 0
mpi 300 2000 2 9 20462 0
mpi 300 250 2 1 267 0
mpi 300 250 2 10 331 0
mpi 300 250 2 2 352 0
mpi 300 250 2 3 362 0
mpi 300 250 2 4 333 0
mpi 300 250 2 5 343 0
mpi 300 250 2 6 315 0
mpi 300 250 2 7 340 0
mpi 300 250 2 8 336 0
mpi 300 250 2 9 325 0
mpi 300 5000 2 1 138049 0
mpi 300 5000 2 10 135546 0
mpi 300 5000 2 2 150068 0
mpi 300 5000 2 3 144509 0
mpi 300 5000 2 4 135793 0
mpi 300 5000 2 5 131359 0
mpi 300 5000 2 6 138085 0
mpi 300 5000 2 7 144049 0
mpi 300 5000 2 8 134422 0
mpi 300 5000 2 9 148199 1
mpi 300 500 2 1 1118 0
mpi 300 500 2 10 1340 0
mpi 300 500 2 2 1080 0
mpi 300 500 2 3 1120 0
mpi 300 500 2 4 1141 0
mpi 300 500 2 5 1189 0
mpi 300 500 2 6 1208 0
mpi 300 500 2 7 1167 0
mpi 300 500 2 8 1138 0
mpi 300 500 2 9 1170 0
mpi 300 750 2 1 2605 0
mpi 300 750 2 10 2680 0
mpi 300 750 2 2 3078 0
mpi 300 750 2 3 2793 0
mpi 300 750 2 4 2694 0
mpi 300 750 2 5 2335 0
mpi 300 750 2 6 2348 0
mpi 300 750 2 7 2623 0
mpi 300 750 2 8 2472 0
mpi 300 750 2 9 2777 0
mpi 50 100 2 1 322 0
mpi 50 100 2 10 255 0
mpi 50 100 2 2 225 0
mpi 50 100 2 3 204 0
mpi 50 100 2 4 323 0
mpi 50 100 2 5 272 0
mpi 50 100 2 6 274 0
mpi 50 100 2 7 241 0
mpi 50 100 2 8 289 0
mpi 50 100 2 9 282 0
mpi 50 250 2 1 1880 0
mpi 50 250 2 10 1595 0
mpi 50 250 2 2 1982 0
mpi 50 250 2 3 1874 0
mpi 50 250 2 4 1616 0
mpi 50 250 2 5 1791 0
mpi 50 250 2 6 1872 0
mpi 50 250 2 7 1785 0
mpi 50 250 2 8 2050 0
mpi 50 250 2 9 1998 0
mpi 50 500 2 1 7997 0
mpi 50 500 2 10 8122 0
mpi 50 500 2 2 6904 0
mpi 50 500 2 3 9825 0
mpi 50 500 2 4 9655 0
mpi 50 500 2 5 7962 0
mpi 50 500 2 6 7380 0
mpi 50 500 2 7 7606 0
mpi 50 500 2 8 7304 0
mpi 50 500 2 9 8203 0
mpi 50 50 2 1 62 0
mpi 50 50 2 10 73 0
mpi 50 50 2 2 64 0
mpi 50 50 2 3 71 0
mpi 50 50 2 4 70 0
mpi 50 50 2 5 64 0
mpi 50 50 2 6 77 0
mpi 50 50 2 7 72 0
mpi 50 50 2 8 62 0
mpi 50 50 2 9 82 0
mpi 50 750 2 1 15698 0
mpi 50 750 2 10 19727 0
mpi 50 750 2 2 21082 0
mpi 50 750 2 3 17054 0
mpi 50 750 2 4 21258 0
mpi 50 750 2 5 16253 0
mpi 50 750 2 6 18554 0
mpi 50 750 2 7 19521 0
mpi 50 750 2 8 23067 0
mpi 50 750 2 9 20409 0