mpi 100 1000 1 1 5521 0
mpi 100 1000 1 10 5389 0
mpi 100 1000 1 2 4924 0
mpi 100 1000 1 3 5489 0
mpi 100 1000 1 4 5140 0
mpi 100 1000 1 5 5649 0
mpi 100 1000 1 6 5610 0
mpi 100 1000 1 7 4867 0
mpi 100 1000 1 8 5209 0
mpi 100 1000 1 9 5475 0
mpi 100 100 1 1 2501 0
mpi 100 100 1 10 2521 0
mpi 100 100 1 2 2503 0
mpi 100 100 1 3 2634 0
mpi 100 100 1 4 2132 0
mpi 100 100 1 5 2380 0
mpi 100 100 1 6 2700 0
mpi 100 100 1 7 2514 0
mpi 100 100 1 8 2463 0
mpi 100 100 1 9 2450 0
mpi 100 2000 1 1 6474 0
mpi 100 2000 1 10 6614 0
mpi 100 2000 1 2 5559 0
mpi 100 2000 1 3 5764 0
mpi 100 2000 1 4 5460 0
mpi 100 2000 1 5 6162 0
mpi 100 2000 1 6 6010 0
mpi 100 2000 1 7 6218 0
mpi 100 2000 1 8 6277 0
mpi 100 2000 1 9 6609 0
mpi 100 250 1 1 3860 0
mpi 100 250 1 10 3819 0
mpi 100 250 1 2 3540 0
mpi 100 250 1 3 3479 0
mpi 100 250 1 4 3471 0
mpi 100 250 1 5 3517 0
mpi 100 250 1 6 4059 0
mpi 100 250 1 7 3587 0
mpi 100 250 1 8 3543 0
mpi 100 250 1 9 3889 0
mpi 100 500 1 1 4470 0
mpi 100 500 1 10 4383 0
mpi 100 500 1 2 4948 0
mpi 100 500 1 3 4349 0
mpi 100 500 1 4 4699 0
mpi 100 500 1 5 4447 0
mpi 100 500 1 6 4673 0
mpi 100 500 1 7 4540 0
mpi 100 500 1 8 4399 0
mpi 100 500 1 9 4327 0
mpi 100 750 1 1 5137 0
mpi 100 750 1 10 5219 0
mpi 100 750 1 2 5040 0
mpi 100 750 1 3 5104 0
mpi 100 750 1 4 5263 0
mpi 100 750 1 5 5283 0
mpi 100 750 1 6 5598 0
mpi 100 750 1 7 4761 0
mpi 100 750 1 8 4823 0
mpi 100 750 1 9 5029 0
mpi 150 1000 1 1 7221 0
mpi 150 1000 1 10 7564 0
mpi 150 1000 1 2 6886 0
mpi 150 1000 1 3 7080 0
mpi 150 1000 1 4 7346 0
mpi 150 1000 1 5 7646 1
mpi 150 1000 1 6 7518 0
mpi 150 1000 1 7 7674 0
mpi 150 1000 1 8 8750 0
mpi 150 1000 1 9 7486 0
mpi 150 150 1 1 3765 0
mpi 150 150 1 10 3716 0
mpi 150 150 1 2 3843 0
mpi 150 150 1 3 3904 0
mpi 150 150 1 4 3877 0
mpi 150 150 1 5 3635 0
mpi 150 150 1 6 3553 0
mpi 150 150 1 7 3611 0
mpi 150 150 1 8 3723 0
mpi 150 150 1 9 3376 0
mpi 150 2000 1 1 8651 0
mpi 150 2000 1 10 8574 0
mpi 150 2000 1 2 8230 0
mpi 150 2000 1 3 7873 0
mpi 150 2000 1 4 8964 0
mpi 150 2000 1 5 8840 0
mpi 150 2000 1 6 8437 0
mpi 150 2000 1 7 8928 0
mpi 150 2000 1 8 8682 0
mpi 150 2000 1 9 8080 0
mpi 150 250 1 1 4707 0
mpi 150 250 1 10 4588 0
mpi 150 250 1 2 4774 0
mpi 150 250 1 3 4452 0
mpi 150 250 1 4 4767 0
mpi 150 250 1 5 5187 0
mpi 150 250 1 6 4760 0
mpi 150 250 1 7 4329 0
mpi 150 250 1 8 5125 0
mpi 150 250 1 9 4541 0
mpi 150 3000 1 1 8586 0
mpi 150 3000 1 10 9012 0
mpi 150 3000 1 2 8923 0
mpi 150 3000 1 3 8379 0
mpi 150 3000 1 4 8910 0
mpi 150 3000 1 5 8895 0
mpi 150 3000 1 6 9093 0
mpi 150 3000 1 7 8568 0
mpi 150 3000 1 8 8915 0
mpi 150 3000 1 9 8642 0
mpi 150 500 1 1 6194 0
mpi 150 500 1 10 6354 0
mpi 150 500 1 2 5998 0
mpi 150 500 1 3 6197 0
mpi 150 500 1 4 5771 0
mpi 150 500 1 5 6086 0
mpi 150 500 1 6 5899 0
mpi 150 500 1 7 6142 0
mpi 150 500 1 8 5551 0
mpi 150 500 1 9 6511 0
mpi 150 750 1 1 6961 0
mpi 150 750 1 10 7152 0
mpi 150 750 1 2 7245 0
mpi 150 750 1 3 6416 0
mpi 150 750 1 4 7205 0
mpi 150 750 1 5 6295 0
mpi 150 750 1 6 7139 0
mpi 150 750 1 7 6771 0
mpi 150 750 1 8 6852 0
mpi 150 750 1 9 7283 0
mpi 200 1000 1 1 8979 0
mpi 200 1000 1 10 8774 0
mpi 200 1000 1 2 9673 0
mpi 200 1000 1 3 8981 0
mpi 200 1000 1 4 9094 0
mpi 200 1000 1 5 9102 0
mpi 200 1000 1 6 9378 0
mpi 200 1000 1 7 8902 0
mpi 200 1000 1 8 9205 0
mpi 200 1000 1 9 9416 0
mpi 200 2000 1 1 11131 0
mpi 200 2000 1 10 10788 0
mpi 200 2000 1 2 10959 0
mpi 200 2000 1 3 10874 0
mpi 200 2000 1 4 11227 0
mpi 200 2000 1 5 11304 0
mpi 200 2000 1 6 10789 0
mpi 200 2000 1 7 10681 0
mpi 200 2000 1 8 9912 0
mpi 200 2000 1 9 10988 0
mpi 200 250 1 1 5432 0
mpi 200 250 1 10 5642 0
mpi 200 250 1 2 5221 0
mpi 200 250 1 3 5194 0
mpi 200 250 1 4 5112 0
mpi 200 250 1 5 5167 0
mpi 200 250 1 6 5197 0
mpi 200 250 1 7 5633 0
mpi 200 250 1 8 5719 0
mpi 200 250 1 9 5422 0
mpi 200 3000 1 1 11543 0
mpi 200 3000 1 10 11325 0
mpi 200 3000 1 2 11483 0
mpi 200 3000 1 3 11294 0
mpi 200 3000 1 4 11776 0
mpi 200 3000 1 5 11791 0
mpi 200 3000 1 6 11858 0
mpi 200 3000 1 7 11044 0
mpi 200 3000 1 8 11489 0
mpi 200 3000 1 9 11468 0
mpi 200 500 1 1 7308 0
mpi 200 500 1 10 7363 0
mpi 200 500 1 2 6961 0
mpi 200 500 1 3 7104 0
mpi 200 500 1 4 7700 0
mpi 200 500 1 5 7314 0
mpi 200 500 1 6 7148 0
mpi 200 500 1 7 7399 0
mpi 200 500 1 8 7944 0
mpi 200 500 1 9 7761 0
mpi 200 750 1 1 8367 0
mpi 200 750 1 10 8396 0
mpi 200 750 1 2 8573 0
mpi 200 750 1 3 8057 0
mpi 200 750 1 4 8757 0
mpi 200 750 1 5 8346 0
mpi 200 750 1 6 8368 0
mpi 200 750 1 7 8615 0
mpi 200 750 1 8 8224 0
mpi 200 750 1 9 8817 0
mpi 250 1000 1 1 10648 0
mpi 250 1000 1 10 11668 0
mpi 250 1000 1 2 11148 0
mpi 250 1000 1 3 10726 0
mpi 250 1000 1 4 11092 0
mpi 250 1000 1 5 10321 0
mpi 250 1000 1 6 11143 0
mpi 250 1000 1 7 10834 0
mpi 250 1000 1 8 10815 0
mpi 250 1000 1 9 10935 0
mpi 250 2000 1 1 12417 0
mpi 250 2000 1 10 13309 0
mpi 250 2000 1 2 12227 0
mpi 250 2000 1 3 12856 0
mpi 250 2000 1 4 13260 0
mpi 250 2000 1 5 12413 0
mpi 250 2000 1 6 12858 0
mpi 250 2000 1 7 12441 0
mpi 250 2000 1 8 13363 0
mpi 250 2000 1 9 12323 0
mpi 250 250 1 1 5918 0
mpi 250 250 1 10 6438 0
mpi 250 250 1 2 6304 0
mpi 250 250 1 3 5849 0
mpi 250 250 1 4 6391 0
mpi 250 250 1 5 6027 0
mpi 250 250 1 6 6127 0
mpi 250 250 1 7 5948 0
mpi 250 250 1 8 6063 0
mpi 250 250 1 9 6177 0
mpi 250 3000 1 1 14523 0
mpi 250 3000 1 10 13703 1
mpi 250 3000 1 2 13335 0
mpi 250 3000 1 3 14447 0
mpi 250 3000 1 4 14995 0
mpi 250 3000 1 5 13351 0
mpi 250 3000 1 6 14235 0
mpi 250 3000 1 7 13858 0
mpi 250 3000 1 8 13677 0
mpi 250 3000 1 9 13682 0
mpi 250 5000 1 1 15374 0
mpi 250 5000 1 10 15128 0
mpi 250 5000 1 2 14258 0
mpi 250 5000 1 3 14977 0
mpi 250 5000 1 4 15057 0
mpi 250 5000 1 5 14157 0
mpi 250 5000 1 6 14758 0
mpi 250 5000 1 7 15816 0
mpi 250 5000 1 8 15397 0
mpi 250 5000 1 9 13560 0
mpi 250 500 1 1 8452 0
mpi 250 500 1 10 8440 0
mpi 250 500 1 2 8310 0
mpi 250 500 1 3 8670 0
mpi 250 500 1 4 8447 0
mpi 250 500 1 5 8368 0
mpi 250 500 1 6 8548 0
mpi 250 500 1 7 8823 0
mpi 250 500 1 8 8246 0
mpi 250 500 1 9 8845 0
mpi 250 750 1 1 10102 0
mpi 250 750 1 10 10291 0
mpi 250 750 1 2 9456 0
mpi 250 750 1 3 9614 0
mpi 250 750 1 4 9427 0
mpi 250 750 1 5 9554 0
mpi 250 750 1 6 9888 0
mpi 250 750 1 7 9985 0
mpi 250 750 1 8 9856 0
mpi 250 750 1 9 9753 0
mpi 300 1000 1 1 11771 0
mpi 300 1000 1 10 11809 0
mpi 300 1000 1 2 12200 0
mpi 300 1000 1 3 12356 0
mpi 300 1000 1 4 12021 0
mpi 300 1000 1 5 12298 0
mpi 300 1000 1 6 12400 0
mpi 300 1000 1 7 12301 0
mpi 300 1000 1 8 12234 0
mpi 300 1000 1 9 11560 0
mpi 300 2000 1 1 15242 0
mpi 300 2000 1 10 14002 0
mpi 300 2000 1 2 15108 0
mpi 300 2000 1 3 15012 0
mpi 300 2000 1 4 14604 0
mpi 300 2000 1 5 14979 0
mpi 300 2000 1 6 15344 0
mpi 300 2000 1 7 14901 0
mpi 300 2000 1 8 15088 0
mpi 300 2000 1 9 15061 0
mpi 300 3000 1 1 16215 0
mpi 300 3000 1 10 15993 0
mpi 300 3000 1 2 15937 0
mpi 300 3000 1 3 16455 0
mpi 300 3000 1 4 15521 0
mpi 300 3000 1 5 16419 0
mpi 300 3000 1 6 16535 0
mpi 300 3000 1 7 15904 0
mpi 300 3000 1 8 15765 0
mpi 300 3000 1 9 16194 0
mpi 300 300 1 1 7170 0
mpi 300 300 1 10 7341 0
mpi 300 300 1 2 7699 0
mpi 300 300 1 3 7381 0
mpi 300 300 1 4 7113 0
mpi 300 300 1 5 6961 0
mpi 300 300 1 6 7500 0
mpi 300 300 1 7 7871 0
mpi 300 300 1 8 7348 0
mpi 300 300 1 9 7917 0
mpi 300 5000 1 1 17474 0
mpi 300 5000 1 10 17237 0
mpi 300 5000 1 2 17279 0
mpi 300 5000 1 3 18048 0
mpi 300 5000 1 4 16702 0
mpi 300 5000 1 5 17740 0
mpi 300 5000 1 6 17410 0
mpi 300 5000 1 7 18535 0
mpi 300 5000 1 8 17255 0
mpi 300 5000 1 9 16963 1
mpi 300 500 1 1 9167 0
mpi 300 500 1 10 9518 0
mpi 300 500 1 2 10524 0
mpi 300 500 1 3 9301 0
mpi 300 500 1 4 9427 0
mpi 300 500 1 5 8983 0
mpi 300 500 1 6 9591 0
mpi 300 500 1 7 8802 0
mpi 300 500 1 8 9687 0
mpi 300 500 1 9 10195 0
mpi 300 750 1 1 11656 0
mpi 300 750 1 10 10138 0
mpi 300 750 1 2 10951 0
mpi 300 750 1 3 11341 0
mpi 300 750 1 4 11279 0
mpi 300 750 1 5 10767 0
mpi 300 750 1 6 11289 0
mpi 300 750 1 7 11156 0
mpi 300 750 1 8 11534 0
mpi 300 750 1 9 11815 0
mpi 50 1000 1 1 3401 0
mpi 50 1000 1 10 3299 0
mpi 50 1000 1 2 2801 0
mpi 50 1000 1 3 2917 0
mpi 50 1000 1 4 3349 0
mpi 50 1000 1 5 3007 0
mpi 50 1000 1 6 3074 0
mpi 50 1000 1 7 2879 0
mpi 50 1000 1 8 3007 0
mpi 50 1000 1 9 3026 0
mpi 50 100 1 1 1446 0
mpi 50 100 1 10 1576 0
mpi 50 100 1 2 1574 0
mpi 50 100 1 3 1506 0
mpi 50 100 1 4 1533 0
mpi 50 100 1 5 1729 0
mpi 50 100 1 6 1590 0
mpi 50 100 1 7 1644 0
mpi 50 100 1 8 1790 0
mpi 50 100 1 9 1785 0
mpi 50 250 1 1 2430 0
mpi 50 250 1 10 2489 0
mpi 50 250 1 2 2573 0
mpi 50 250 1 3 2184 0
mpi 50 250 1 4 2494 0
mpi 50 250 1 5 1997 0
mpi 50 250 1 6 2179 0
mpi 50 250 1 7 2419 0
mpi 50 250 1 8 2065 0
mpi 50 250 1 9 2096 0
mpi 50 500 1 1 2566 0
mpi 50 500 1 10 2562 0
mpi 50 500 1 2 2848 0
mpi 50 500 1 3 2687 0
mpi 50 500 1 4 2572 0
mpi 50 500 1 5 2763 0
mpi 50 500 1 6 2940 0
mpi 50 500 1 7 2482 0
mpi 50 500 1 8 2785 0
mpi 50 500 1 9 2762 0
mpi 50 50 1 1 1045 0
mpi 50 50 1 10 1200 0
mpi 50 50 1 2 1335 0
mpi 50 50 1 3 1087 0
mpi 50 50 1 4 1379 0
mpi 50 50 1 5 1120 0
mpi 50 50 1 6 1082 0
mpi 50 50 1 7 959 0
mpi 50 50 1 8 1259 0
mpi 50 50 1 9 1670 0
mpi 50 750 1 1 3123 0
mpi 50 750 1 10 2673 0
mpi 50 750 1 2 2954 0
mpi 50 750 1 3 2960 0
mpi 50 750 1 4 3041 0
mpi 50 750 1 5 2851 0
mpi 50 750 1 6 2847 0
mpi 50 750 1 7 3429 0
mpi 50 750 1 8 2726 0
mpi 50 750 1 9 2983 0