mpi 100 1000 1 1 6216 0
mpi 100 1000 1 10 6077 0
mpi 100 1000 1 2 5699 0
mpi 100 1000 1 3 6566 0
mpi 100 1000 1 4 5909 0
mpi 100 1000 1 5 6438 0
mpi 100 1000 1 6 6320 0
mpi 100 1000 1 7 5526 0
mpi 100 1000 1 8 6074 0
mpi 100 1000 1 9 6237 0
mpi 100 100 1 1 3101 0
mpi 100 100 1 10 3075 0
mpi 100 100 1 2 3028 0
mpi 100 100 1 3 3494 0
mpi 100 100 1 4 2469 0
mpi 100 100 1 5 2675 0
mpi 100 100 1 6 3180 0
mpi 100 100 1 7 2979 0
mpi 100 100 1 8 2840 0
mpi 100 100 1 9 2745 0
mpi 100 2000 1 1 7056 0
mpi 100 2000 1 10 7442 0
mpi 100 2000 1 2 6257 0
mpi 100 2000 1 3 6404 0
mpi 100 2000 1 4 6083 0
mpi 100 2000 1 5 6835 0
mpi 100 2000 1 6 6177 0
mpi 100 2000 1 7 6695 0
mpi 100 2000 1 8 7025 0
mpi 100 2000 1 9 7195 0
mpi 100 250 1 1 4620 0
mpi 100 250 1 10 4518 0
mpi 100 250 1 2 4253 0
mpi 100 250 1 3 4242 0
mpi 100 250 1 4 4345 0
mpi 100 250 1 5 3905 0
mpi 100 250 1 6 4937 0
mpi 100 250 1 7 4409 0
mpi 100 250 1 8 4425 0
mpi 100 250 1 9 4598 0
mpi 100 500 1 1 5561 0
mpi 100 500 1 10 5307 0
mpi 100 500 1 2 6059 0
mpi 100 500 1 3 5287 0
mpi 100 500 1 4 5568 0
mpi 100 500 1 5 5442 0
mpi 100 500 1 6 5519 0
mpi 100 500 1 7 5571 0
mpi 100 500 1 8 5289 0
mpi 100 500 1 9 5464 0
mpi 100 750 1 1 5876 0
mpi 100 750 1 10 5914 0
mpi 100 750 1 2 5805 0
mpi 100 750 1 3 5985 0
mpi 100 750 1 4 6113 0
mpi 100 750 1 5 6029 0
mpi 100 750 1 6 6821 0
mpi 100 750 1 7 5694 0
mpi 100 750 1 8 5808 0
mpi 100 750 1 9 5784 0
mpi 150 1000 1 1 8291 0
mpi 150 1000 1 10 9034 0
mpi 150 1000 1 2 8105 0
mpi 150 1000 1 3 7948 0
mpi 150 1000 1 4 8707 0
mpi 150 1000 1 5 9228 0
mpi 150 1000 1 6 8382 0
mpi 150 1000 1 7 8723 0
mpi 150 1000 1 8 10256 0
mpi 150 1000 1 9 8879 0
mpi 150 150 1 1 4403 0
mpi 150 150 1 10 4294 0
mpi 150 150 1 2 4565 0
mpi 150 150 1 3 5008 0
mpi 150 150 1 4 4516 0
mpi 150 150 1 5 4041 0
mpi 150 150 1 6 4174 0
mpi 150 150 1 7 4161 0
mpi 150 150 1 8 4423 0
mpi 150 150 1 9 4101 0
mpi 150 2000 1 1 9926 0
mpi 150 2000 1 10 9879 0
mpi 150 2000 1 2 9154 0
mpi 150 2000 1 3 8959 0
mpi 150 2000 1 4 10128 0
mpi 150 2000 1 5 9982 0
mpi 150 2000 1 6 9627 0
mpi 150 2000 1 7 10426 0
mpi 150 2000 1 8 9991 0
mpi 150 2000 1 9 9178 0
mpi 150 250 1 1 5513 0
mpi 150 250 1 10 5584 0
mpi 150 250 1 2 5512 0
mpi 150 250 1 3 5460 0
mpi 150 250 1 4 5676 0
mpi 150 250 1 5 6163 0
mpi 150 250 1 6 5795 0
mpi 150 250 1 7 5194 0
mpi 150 250 1 8 6456 0
mpi 150 250 1 9 5314 0
mpi 150 3000 1 1 9476 0
mpi 150 3000 1 10 9938 0
mpi 150 3000 1 2 9689 0
mpi 150 3000 1 3 9528 0
mpi 150 3000 1 4 9906 0
mpi 150 3000 1 5 9791 0
mpi 150 3000 1 6 9917 0
mpi 150 3000 1 7 9463 0
mpi 150 3000 1 8 9598 0
mpi 150 3000 1 9 9567 0
mpi 150 500 1 1 7446 0
mpi 150 500 1 10 7697 0
mpi 150 500 1 2 7412 0
mpi 150 500 1 3 7399 0
mpi 150 500 1 4 7026 0
mpi 150 500 1 5 7535 0
mpi 150 500 1 6 6939 0
mpi 150 500 1 7 7500 0
mpi 150 500 1 8 6651 0
mpi 150 500 1 9 7677 0
mpi 150 750 1 1 8009 0
mpi 150 750 1 10 8626 0
mpi 150 750 1 2 8524 0
mpi 150 750 1 3 7596 0
mpi 150 750 1 4 8635 0
mpi 150 750 1 5 7725 0
mpi 150 750 1 6 8697 0
mpi 150 750 1 7 8241 0
mpi 150 750 1 8 8270 0
mpi 150 750 1 9 8546 0
mpi 200 1000 1 1 10862 0
mpi 200 1000 1 10 10170 0
mpi 200 1000 1 2 11213 0
mpi 200 1000 1 3 10618 0
mpi 200 1000 1 4 11435 0
mpi 200 1000 1 5 10832 0
mpi 200 1000 1 6 11190 0
mpi 200 1000 1 7 10923 0
mpi 200 1000 1 8 11199 0
mpi 200 1000 1 9 11228 0
mpi 200 2000 1 1 12881 0
mpi 200 2000 1 10 12001 0
mpi 200 2000 1 2 12834 0
mpi 200 2000 1 3 12460 0
mpi 200 2000 1 4 13012 0
mpi 200 2000 1 5 12932 0
mpi 200 2000 1 6 12304 0
mpi 200 2000 1 7 12422 0
mpi 200 2000 1 8 11681 0
mpi 200 2000 1 9 13087 0
mpi 200 250 1 1 6727 0
mpi 200 250 1 10 7087 0
mpi 200 250 1 2 6031 0
mpi 200 250 1 3 6466 0
mpi 200 250 1 4 6100 0
mpi 200 250 1 5 5773 0
mpi 200 250 1 6 6201 0
mpi 200 250 1 7 6628 0
mpi 200 250 1 8 6815 0
mpi 200 250 1 9 6513 0
mpi 200 3000 1 1 13006 0
mpi 200 3000 1 10 12804 0
mpi 200 3000 1 2 13237 0
mpi 200 3000 1 3 12865 0
mpi 200 3000 1 4 13150 0
mpi 200 3000 1 5 13451 0
mpi 200 3000 1 6 13336 0
mpi 200 3000 1 7 12407 0
mpi 200 3000 1 8 12857 0
mpi 200 3000 1 9 12680 0
mpi 200 500 1 1 8868 0
mpi 200 500 1 10 8790 0
mpi 200 500 1 2 8357 0
mpi 200 500 1 3 8537 0
mpi 200 500 1 4 9650 0
mpi 200 500 1 5 8962 0
mpi 200 500 1 6 8676 0
mpi 200 500 1 7 8575 0
mpi 200 500 1 8 9839 0
mpi 200 500 1 9 9277 0
mpi 200 750 1 1 10364 0
mpi 200 750 1 10 10032 0
mpi 200 750 1 2 10301 0
mpi 200 750 1 3 10071 0
mpi 200 750 1 4 10549 0
mpi 200 750 1 5 10444 0
mpi 200 750 1 6 10136 0
mpi 200 750 1 7 10315 0
mpi 200 750 1 8 9799 0
mpi 200 750 1 9 10428 0
mpi 250 1000 1 1 12519 0
mpi 250 1000 1 10 14150 0
mpi 250 1000 1 2 13872 0
mpi 250 1000 1 3 13157 0
mpi 250 1000 1 4 13198 0
mpi 250 1000 1 5 12496 0
mpi 250 1000 1 6 13609 0
mpi 250 1000 1 7 12957 0
mpi 250 1000 1 8 13247 0
mpi 250 1000 1 9 13392 0
mpi 250 2000 1 1 14222 0
mpi 250 2000 1 10 15855 0
mpi 250 2000 1 2 14331 0
mpi 250 2000 1 3 15241 0
mpi 250 2000 1 4 15045 0
mpi 250 2000 1 5 14613 0
mpi 250 2000 1 6 14969 0
mpi 250 2000 1 7 14713 0
mpi 250 2000 1 8 15516 0
mpi 250 2000 1 9 14572 0
mpi 250 250 1 1 6851 0
mpi 250 250 1 10 7695 0
mpi 250 250 1 2 7668 0
mpi 250 250 1 3 6787 0
mpi 250 250 1 4 7600 0
mpi 250 250 1 5 6772 0
mpi 250 250 1 6 6895 0
mpi 250 250 1 7 6743 0
mpi 250 250 1 8 7189 0
mpi 250 250 1 9 7066 0
mpi 250 3000 1 1 16741 0
mpi 250 3000 1 10 15833 0
mpi 250 3000 1 2 15394 0
mpi 250 3000 1 3 16598 0
mpi 250 3000 1 4 17155 0
mpi 250 3000 1 5 15053 0
mpi 250 3000 1 6 16084 0
mpi 250 3000 1 7 15794 0
mpi 250 3000 1 8 15696 0
mpi 250 3000 1 9 15716 0
mpi 250 5000 1 1 17226 0
mpi 250 5000 1 10 16966 0
mpi 250 5000 1 2 15876 0
mpi 250 5000 1 3 16604 0
mpi 250 5000 1 4 16719 0
mpi 250 5000 1 5 15894 0
mpi 250 5000 1 6 16019 0
mpi 250 5000 1 7 17544 0
mpi 250 5000 1 8 16869 0
mpi 250 5000 1 9 14890 0
mpi 250 500 1 1 10111 0
mpi 250 500 1 10 10119 0
mpi 250 500 1 2 10480 0
mpi 250 500 1 3 10440 0
mpi 250 500 1 4 10219 0
mpi 250 500 1 5 10086 0
mpi 250 500 1 6 10153 0
mpi 250 500 1 7 10940 0
mpi 250 500 1 8 10078 0
mpi 250 500 1 9 10194 0
mpi 250 750 1 1 12583 0
mpi 250 750 1 10 12286 0
mpi 250 750 1 2 11821 0
mpi 250 750 1 3 11722 0
mpi 250 750 1 4 11426 0
mpi 250 750 1 5 11754 0
mpi 250 750 1 6 12348 0
mpi 250 750 1 7 12389 0
mpi 250 750 1 8 12670 0
mpi 250 750 1 9 12036 0
mpi 300 1000 1 1 14488 0
mpi 300 1000 1 10 14749 0
mpi 300 1000 1 2 14624 0
mpi 300 1000 1 3 15230 0
mpi 300 1000 1 4 14701 0
mpi 300 1000 1 5 14618 0
mpi 300 1000 1 6 14535 0
mpi 300 1000 1 7 14492 0
mpi 300 1000 1 8 14841 0
mpi 300 1000 1 9 13674 0
mpi 300 2000 1 1 18027 0
mpi 300 2000 1 10 16433 0
mpi 300 2000 1 2 17716 0
mpi 300 2000 1 3 18033 0
mpi 300 2000 1 4 17234 0
mpi 300 2000 1 5 17868 0
mpi 300 2000 1 6 18279 0
mpi 300 2000 1 7 17483 0
mpi 300 2000 1 8 18041 0
mpi 300 2000 1 9 17966 0
mpi 300 3000 1 1 19099 0
mpi 300 3000 1 10 18666 0
mpi 300 3000 1 2 18356 0
mpi 300 3000 1 3 19608 0
mpi 300 3000 1 4 17913 0
mpi 300 3000 1 5 18999 0
mpi 300 3000 1 6 19811 0
mpi 300 3000 1 7 18780 0
mpi 300 3000 1 8 18570 0
mpi 300 3000 1 9 18981 0
mpi 300 300 1 1 8224 0
mpi 300 300 1 10 8599 0
mpi 300 300 1 2 9452 0
mpi 300 300 1 3 8674 0
mpi 300 300 1 4 8648 0
mpi 300 300 1 5 8307 0
mpi 300 300 1 6 9027 0
mpi 300 300 1 7 9121 0
mpi 300 300 1 8 8891 0
mpi 300 300 1 9 9328 0
mpi 300 5000 1 1 19768 0
mpi 300 5000 1 10 19556 0
mpi 300 5000 1 2 19435 0
mpi 300 5000 1 3 20695 0
mpi 300 5000 1 4 18710 0
mpi 300 5000 1 5 20172 0
mpi 300 5000 1 6 19465 0
mpi 300 5000 1 7 20522 0
mpi 300 5000 1 8 19417 0
mpi 300 5000 1 9 18946 0
mpi 300 500 1 1 11004 0
mpi 300 500 1 10 11505 0
mpi 300 500 1 2 13500 0
mpi 300 500 1 3 11437 0
mpi 300 500 1 4 11132 0
mpi 300 500 1 5 10584 0
mpi 300 500 1 6 11405 0
mpi 300 500 1 7 10857 0
mpi 300 500 1 8 11588 0
mpi 300 500 1 9 12570 0
mpi 300 750 1 1 14109 0
mpi 300 750 1 10 12583 0
mpi 300 750 1 2 13284 0
mpi 300 750 1 3 13944 0
mpi 300 750 1 4 13974 0
mpi 300 750 1 5 13287 0
mpi 300 750 1 6 13841 0
mpi 300 750 1 7 14001 0
mpi 300 750 1 8 14457 0
mpi 300 750 1 9 14437 0
mpi 50 1000 1 1 3600 0
mpi 50 1000 1 10 3423 0
mpi 50 1000 1 2 2876 0
mpi 50 1000 1 3 3036 0
mpi 50 1000 1 4 3605 0
mpi 50 1000 1 5 3110 0
mpi 50 1000 1 6 3377 0
mpi 50 1000 1 7 2963 0
mpi 50 1000 1 8 3137 0
mpi 50 1000 1 9 3232 0
mpi 50 100 1 1 1717 0
mpi 50 100 1 10 1979 0
mpi 50 100 1 2 1985 0
mpi 50 100 1 3 1709 0
mpi 50 100 1 4 1790 0
mpi 50 100 1 5 1900 0
mpi 50 100 1 6 2026 0
mpi 50 100 1 7 2055 0
mpi 50 100 1 8 2212 0
mpi 50 100 1 9 2212 0
mpi 50 250 1 1 2833 0
mpi 50 250 1 10 2718 0
mpi 50 250 1 2 3018 0
mpi 50 250 1 3 2713 0
mpi 50 250 1 4 3060 0
mpi 50 250 1 5 2482 0
mpi 50 250 1 6 2606 0
mpi 50 250 1 7 2784 0
mpi 50 250 1 8 2572 0
mpi 50 250 1 9 2699 0
mpi 50 500 1 1 2713 0
mpi 50 500 1 10 2779 0
mpi 50 500 1 2 3153 0
mpi 50 500 1 3 3146 0
mpi 50 500 1 4 2953 0
mpi 50 500 1 5 3056 0
mpi 50 500 1 6 3257 0
mpi 50 500 1 7 2677 0
mpi 50 500 1 8 3177 0
mpi 50 500 1 9 3206 0
mpi 50 50 1 1 1184 0
mpi 50 50 1 10 1287 0
mpi 50 50 1 2 1556 0
mpi 50 50 1 3 1288 0
mpi 50 50 1 4 1707 0
mpi 50 50 1 5 1270 0
mpi 50 50 1 6 1422 0
mpi 50 50 1 7 997 0
mpi 50 50 1 8 1548 0
mpi 50 50 1 9 1872 0
mpi 50 750 1 1 3311 0
mpi 50 750 1 10 2789 0
mpi 50 750 1 2 3238 0
mpi 50 750 1 3 3317 0
mpi 50 750 1 4 3328 0
mpi 50 750 1 5 3259 0
mpi 50 750 1 6 3062 0
mpi 50 750 1 7 3615 0
mpi 50 750 1 8 2998 0
mpi 50 750 1 9 3251 0