spi 10 10 1 1 375 0
spi 10 10 1 10 172 0
spi 10 10 1 2 210 0
spi 10 10 1 3 413 0
spi 10 10 1 4 169 0
spi 10 10 1 5 512 0
spi 10 10 1 6 317 0
spi 10 10 1 7 468 0
spi 10 10 1 8 208 0
spi 10 10 1 9 268 0
spi 10 20 1 1 308 0
spi 10 20 1 10 582 0
spi 10 20 1 2 557 0
spi 10 20 1 3 520 0
spi 10 20 1 4 454 0
spi 10 20 1 5 524 0
spi 10 20 1 6 341 0
spi 10 20 1 7 489 0
spi 10 20 1 8 438 0
spi 10 20 1 9 525 0
spi 10 30 1 1 389 0
spi 10 30 1 10 361 0
spi 10 30 1 2 665 0
spi 10 30 1 3 632 0
spi 10 30 1 4 701 0
spi 10 30 1 5 397 0
spi 10 30 1 6 589 0
spi 10 30 1 7 615 0
spi 10 30 1 8 596 0
spi 10 30 1 9 585 0
spi 10 40 1 1 648 0
spi 10 40 1 10 600 0
spi 10 40 1 2 504 0
spi 10 40 1 3 632 0
spi 10 40 1 4 367 0
spi 10 40 1 5 524 0
spi 10 40 1 6 458 0
spi 10 40 1 7 581 0
spi 10 40 1 8 561 0
spi 10 40 1 9 443 0
spi 15 100 1 1 895 0
spi 15 100 1 10 894 0
spi 15 100 1 2 888 0
spi 15 100 1 3 892 0
spi 15 100 1 4 1124 0
spi 15 100 1 5 1112 0
spi 15 100 1 6 898 0
spi 15 100 1 7 775 0
spi 15 100 1 8 1006 0
spi 15 100 1 9 972 0
spi 15 20 1 1 521 0
spi 15 20 1 10 455 0
spi 15 20 1 2 546 0
spi 15 20 1 3 526 0
spi 15 20 1 4 462 0
spi 15 20 1 5 520 0
spi 15 20 1 6 606 0
spi 15 20 1 7 787 0
spi 15 20 1 8 435 0
spi 15 20 1 9 585 0
spi 15 40 1 1 466 0
spi 15 40 1 10 912 0
spi 15 40 1 2 720 0
spi 15 40 1 3 539 0
spi 15 40 1 4 785 0
spi 15 40 1 5 612 0
spi 15 40 1 6 645 0
spi 15 40 1 7 613 0
spi 15 40 1 8 867 0
spi 15 40 1 9 675 0
spi 15 60 1 1 850 0
spi 15 60 1 10 868 0
spi 15 60 1 2 674 0
spi 15 60 1 3 890 0
spi 15 60 1 4 732 0
spi 15 60 1 5 803 0
spi 15 60 1 6 749 0
spi 15 60 1 7 963 0
spi 15 60 1 8 713 0
spi 15 60 1 9 955 0
spi 15 80 1 1 840 0
spi 15 80 1 10 1022 0
spi 15 80 1 2 1107 0
spi 15 80 1 3 895 0
spi 15 80 1 4 1039 0
spi 15 80 1 5 691 0
spi 15 80 1 6 952 0
spi 15 80 1 7 914 0
spi 15 80 1 8 709 0
spi 15 80 1 9 940 0
spi 20 100 1 1 1325 0
spi 20 100 1 10 1002 0
spi 20 100 1 2 1046 0
spi 20 100 1 3 1199 0
spi 20 100 1 4 1193 0
spi 20 100 1 5 1225 0
spi 20 100 1 6 1150 0
spi 20 100 1 7 1060 0
spi 20 100 1 8 1141 0
spi 20 100 1 9 1409 0
spi 20 120 1 1 1217 0
spi 20 120 1 10 1264 0
spi 20 120 1 2 1261 0
spi 20 120 1 3 1124 0
spi 20 120 1 4 1131 0
spi 20 120 1 5 1156 0
spi 20 120 1 6 1182 0
spi 20 120 1 7 1009 0
spi 20 120 1 8 1032 0
spi 20 120 1 9 1279 0
spi 20 20 1 1 624 0
spi 20 20 1 10 408 0
spi 20 20 1 2 503 0
spi 20 20 1 3 536 0
spi 20 20 1 4 577 0
spi 20 20 1 5 554 0
spi 20 20 1 6 782 0
spi 20 20 1 7 738 0
spi 20 20 1 8 494 0
spi 20 20 1 9 623 0
spi 20 40 1 1 937 0
spi 20 40 1 10 777 0
spi 20 40 1 2 826 0
spi 20 40 1 3 1134 0
spi 20 40 1 4 952 0
spi 20 40 1 5 1016 0
spi 20 40 1 6 749 0
spi 20 40 1 7 1002 0
spi 20 40 1 8 950 0
spi 20 40 1 9 947 0
spi 20 60 1 1 973 0
spi 20 60 1 10 1037 0
spi 20 60 1 2 1026 0
spi 20 60 1 3 987 0
spi 20 60 1 4 1222 0
spi 20 60 1 5 1061 0
spi 20 60 1 6 1078 0
spi 20 60 1 7 1163 0
spi 20 60 1 8 1131 0
spi 20 60 1 9 1088 0
spi 20 80 1 1 993 0
spi 20 80 1 10 1033 0
spi 20 80 1 2 975 0
spi 20 80 1 3 1012 0
spi 20 80 1 4 1164 0
spi 20 80 1 5 1332 0
spi 20 80 1 6 857 0
spi 20 80 1 7 1037 0
spi 20 80 1 8 934 0
spi 20 80 1 9 994 0
spi 25 100 1 1 1298 0
spi 25 100 1 10 1583 0
spi 25 100 1 2 1657 0
spi 25 100 1 3 1295 0
spi 25 100 1 4 1301 0
spi 25 100 1 5 1291 0
spi 25 100 1 6 1223 0
spi 25 100 1 7 1195 0
spi 25 100 1 8 1474 0
spi 25 100 1 9 1722 0
spi 25 150 1 1 1599 0
spi 25 150 1 10 1247 0
spi 25 150 1 2 1642 0
spi 25 150 1 3 1409 0
spi 25 150 1 4 1757 0
spi 25 150 1 5 1623 0
spi 25 150 1 6 1530 0
spi 25 150 1 7 1723 0
spi 25 150 1 8 1263 0
spi 25 150 1 9 1400 0
spi 25 200 1 1 1484 0
spi 25 200 1 10 1545 0
spi 25 200 1 2 1471 0
spi 25 200 1 3 1710 0
spi 25 200 1 4 1561 0
spi 25 200 1 5 1504 0
spi 25 200 1 6 1676 0
spi 25 200 1 7 1609 0
spi 25 200 1 8 1575 0
spi 25 200 1 9 1462 0
spi 25 40 1 1 920 0
spi 25 40 1 10 1002 0
spi 25 40 1 2 783 0
spi 25 40 1 3 976 0
spi 25 40 1 4 875 0
spi 25 40 1 5 956 0
spi 25 40 1 6 979 0
spi 25 40 1 7 931 0
spi 25 40 1 8 940 0
spi 25 40 1 9 1043 0
spi 25 80 1 1 1255 0
spi 25 80 1 10 1246 0
spi 25 80 1 2 1476 0
spi 25 80 1 3 1416 0
spi 25 80 1 4 1320 0
spi 25 80 1 5 1247 0
spi 25 80 1 6 1227 0
spi 25 80 1 7 1483 0
spi 25 80 1 8 1037 0
spi 25 80 1 9 1207 0