150 500
98 65 64 47 70 96 81 64 40 119 113 89 45 51 37 103 100 56 35 53 47 92 20 87 31 93 73 20 61 114 62 72 68 119 25 35 38 84 67 65 91 35 119 114 43 46 23 119 103 114 115 68 42 120 60 99 61 54 103 39 77 101 29 104 25 44 42 34 104 30 49 117 98 97 55 37 86 115 67 83 41 52 52 45 81 64 91 35 34 41 74 61 39 85 92 22 80 20 64 30 84 70 92 95 23 40 30 93 39 71 93 66 21 120 107 69 26 37 110 100 29 54 35 82 119 95 41 120 72 26 86 58 38 38 35 88 75 23 47 22 85 67 106 56 28 71 94 55 51 77 
1 16
1 40
2 10
2 98
2 131
3 28
3 41
3 43
3 92
3 135
3 139
4 7
4 26
4 78
4 81
4 116
5 79
5 82
5 86
5 121
6 117
6 136
6 143
6 147
7 10
7 59
8 1
8 83
8 88
9 26
9 42
10 58
10 131
10 148
11 2
11 29
11 71
11 75
11 80
11 87
12 25
12 79
12 133
13 20
13 29
13 125
13 133
14 61
14 148
15 8
15 12
15 18
15 81
16 41
16 50
16 53
16 93
16 104
17 14
17 108
17 147
18 52
18 119
19 143
20 5
21 64
21 65
21 130
22 19
22 25
22 88
22 94
23 3
23 136
24 54
25 72
25 138
26 36
26 107
26 138
26 144
27 5
27 6
27 29
27 47
28 50
28 137
29 6
29 108
30 59
30 71
30 90
30 119
30 120
31 33
31 73
31 86
31 107
31 148
32 49
32 82
32 105
32 129
33 84
33 131
34 33
34 53
34 135
35 81
35 119
35 134
36 98
37 73
37 74
37 146
38 26
38 65
38 73
38 74
38 81
38 138
39 133
39 135
39 145
41 29
41 135
42 12
43 31
43 75
43 135
44 16
44 26
44 27
44 40
45 57
45 78
45 112
46 23
46 26
46 61
46 69
46 89
46 94
46 107
47 2
47 5
47 17
47 33
47 61
47 68
47 78
48 11
48 82
48 85
48 87
48 148
49 31
49 58
50 39
51 65
51 90
51 110
52 3
52 35
52 133
53 29
53 48
53 74
53 98
53 131
53 140
54 73
54 128
55 44
55 119
56 20
56 66
56 136
57 98
58 60
58 95
58 101
59 76
59 107
59 118
59 122
60 35
60 68
60 115
60 123
61 128
62 56
62 98
62 147
63 31
63 35
63 106
63 107
64 49
64 60
64 113
65 62
65 117
66 24
66 26
66 63
66 86
66 94
67 141
68 56
68 94
69 5
69 29
69 48
69 70
69 107
70 59
70 128
71 42
72 144
73 40
73 83
73 98
73 114
73 142
74 11
74 47
74 93
75 130
76 21
77 95
77 104
77 129
77 131
78 5
78 17
78 90
79 4
79 52
79 66
79 123
80 51
80 74
80 107
81 12
81 24
81 26
81 79
81 83
81 85
81 132
82 4
82 37
82 127
82 131
83 26
83 45
83 67
83 98
83 109
83 115
83 149
84 10
84 21
84 22
84 25
84 118
85 8
85 47
85 62
85 67
85 78
86 6
86 19
86 56
86 70
86 103
86 148
87 34
87 112
88 63
88 80
88 103
88 150
89 1
89 148
90 84
90 132
90 142
90 146
91 37
91 44
91 109
91 114
91 127
91 128
91 130
93 23
93 27
93 53
93 56
94 37
94 145
95 12
95 48
95 68
96 103
97 42
97 93
97 131
97 150
98 44
98 66
98 71
98 123
98 135
99 101
99 120
100 27
101 14
101 67
101 120
102 14
102 15
102 29
102 40
102 49
102 142
103 45
103 101
103 128
104 67
104 135
105 71
105 86
105 92
105 98
105 150
106 132
106 136
106 137
107 23
107 33
107 40
107 84
108 26
108 80
108 119
109 64
109 66
109 80
109 95
110 35
110 39
110 59
110 79
110 107
110 144
110 146
110 149
111 35
111 45
111 73
111 94
111 136
112 5
112 14
112 57
112 120
112 137
113 21
113 31
114 17
114 35
114 62
114 79
114 141
115 68
115 76
115 78
115 125
115 137
116 31
116 38
116 54
116 58
117 37
117 110
118 2
118 72
118 102
119 10
119 22
119 91
119 135
120 71
120 97
120 123
121 1
121 77
121 92
121 137
122 23
122 94
124 9
124 35
124 39
124 43
124 47
124 51
124 140
125 96
125 116
126 11
126 29
126 62
126 67
127 2
127 5
127 12
127 62
127 86
127 134
128 43
129 46
129 137
130 5
130 26
130 43
130 64
131 9
131 39
131 79
132 107
132 143
133 17
133 115
133 121
134 40
134 112
135 8
135 61
136 11
136 29
136 36
136 80
136 118
137 65
137 82
137 124
138 31
138 44
138 86
138 100
138 111
138 146
139 113
140 1
140 47
140 57
140 101
140 121
141 76
141 86
141 94
141 147
142 14
142 66
142 86
142 107
143 10
143 33
143 90
143 110
144 12
144 32
144 89
144 120
144 147
146 30
146 57
146 86
146 96
146 106
147 7
147 31
147 73
147 97
147 142
148 38
148 52
148 125
149 19
149 96
149 107
149 114
150 3
150 46
150 127
150 138

