250 3000
21 99 85 53 42 47 41 98 55 79 77 48 21 88 54 88 43 82 29 46 21 60 81 77 89 81 76 36 77 53 47 20 73 107 43 63 22 103 37 98 80 29 92 116 20 87 119 51 92 65 95 30 61 99 102 100 41 36 43 44 33 57 66 82 47 41 42 34 110 59 102 112 22 29 99 114 109 95 29 115 75 119 90 102 48 81 56 33 74 74 51 113 114 82 95 21 75 56 32 52 69 115 119 120 23 62 49 109 113 62 44 107 102 21 23 45 58 76 26 28 115 98 35 113 115 45 48 69 100 44 68 34 85 78 65 59 112 27 89 37 61 53 91 61 53 90 38 56 47 46 68 114 102 83 106 79 33 89 108 80 97 27 101 49 37 81 104 111 105 34 55 73 37 77 100 32 116 29 41 68 62 65 79 50 60 110 46 78 68 69 40 28 42 109 49 101 120 103 93 106 102 79 79 109 84 48 30 36 20 42 20 107 41 66 88 88 106 62 118 61 38 94 116 47 88 39 78 114 47 57 84 96 108 93 105 91 63 78 31 118 52 72 25 98 64 89 105 43 36 39 
1 73
1 83
1 96
1 118
1 179
1 186
1 210
2 8
2 27
2 32
2 39
2 47
2 148
2 152
2 183
2 189
2 237
3 22
3 30
3 35
3 38
3 87
3 138
3 145
3 155
3 161
3 164
4 38
4 50
4 73
4 95
4 104
4 114
4 120
4 191
4 214
4 221
4 240
5 7
5 16
5 21
5 25
5 27
5 47
5 62
5 67
5 74
5 81
5 165
5 186
5 232
5 246
6 40
6 96
6 102
6 123
6 132
6 144
6 159
6 187
6 199
6 203
6 207
6 234
6 238
7 2
7 6
7 25
7 40
7 59
7 66
7 95
7 130
7 142
7 155
7 165
7 195
7 208
7 226
8 1
8 22
8 27
8 60
8 73
8 82
8 98
8 117
8 138
8 159
8 172
8 176
8 206
8 209
8 221
8 234
8 240
8 242
8 248
9 5
9 20
9 46
9 77
9 116
9 123
9 242
10 8
10 55
10 60
10 79
10 80
10 82
10 83
10 84
10 97
10 99
10 147
10 163
10 179
10 180
10 185
10 192
10 195
11 3
11 22
11 24
11 81
11 110
11 130
11 162
11 193
11 205
11 207
11 243
11 250
12 9
12 22
12 26
12 84
12 94
12 96
12 100
12 130
12 191
12 192
12 196
12 237
12 249
13 15
13 44
13 58
13 96
13 103
13 141
13 153
13 164
13 190
13 197
13 236
13 246
14 54
14 82
14 114
14 185
15 5
15 16
15 56
15 58
15 132
15 165
15 193
15 208
16 45
16 55
16 70
16 83
16 108
16 117
16 135
16 138
16 140
16 171
16 191
16 200
16 202
16 218
17 19
17 37
17 39
17 58
17 66
17 92
17 100
17 129
17 135
17 223
17 227
17 230
17 236
18 7
18 33
18 51
18 54
18 85
18 88
18 106
18 108
18 111
18 112
18 125
18 153
18 158
18 182
18 194
18 202
18 205
18 206
18 218
18 233
19 32
19 37
19 44
19 59
19 72
19 77
19 85
19 89
19 96
19 100
19 123
19 124
19 129
19 177
19 201
19 223
19 226
19 238
20 13
20 49
20 67
20 72
20 103
20 132
20 150
20 157
20 170
20 177
20 214
21 14
21 36
21 53
21 81
21 86
21 104
21 105
21 131
21 168
21 190
21 203
21 232
22 23
22 37
22 38
22 87
22 98
22 102
22 109
22 112
22 130
22 176
22 186
22 191
22 215
22 221
22 234
22 236
23 33
23 42
23 66
23 85
23 132
23 186
23 191
23 199
23 204
23 216
24 1
24 16
24 57
24 61
24 74
24 88
24 102
24 130
24 206
24 227
24 228
24 233
25 4
25 27
25 50
25 63
25 66
25 67
25 70
25 94
25 95
25 129
25 139
25 179
25 204
25 208
26 33
26 44
26 50
26 60
26 64
26 72
26 77
26 78
26 89
26 104
26 144
26 169
26 184
27 1
27 37
27 97
27 109
27 123
27 163
27 202
27 222
27 224
27 228
27 230
27 243
27 246
28 13
28 51
28 66
28 69
28 140
28 195
28 237
29 5
29 7
29 8
29 99
29 105
29 156
29 167
29 196
29 200
29 217
29 224
29 244
29 250
30 5
30 22
30 43
30 48
30 58
30 196
30 201
30 245
31 13
31 14
31 21
31 22
31 38
31 41
31 101
31 107
31 112
31 136
31 165
31 199
31 212
31 230
31 236
32 28
32 33
32 37
32 60
32 105
32 145
32 183
32 229
33 3
33 14
33 31
33 58
33 59
33 82
33 84
33 96
33 117
33 135
33 146
33 189
33 195
33 250
34 17
34 25
34 41
34 53
34 60
34 103
34 144
34 165
34 168
34 191
34 204
34 205
34 207
34 234
35 2
35 15
35 36
35 46
35 63
35 69
35 85
35 147
35 193
36 10
36 18
36 23
36 37
36 62
36 63
36 76
36 106
36 122
36 147
36 194
36 211
37 21
37 29
37 30
37 50
37 55
37 83
37 90
37 98
37 162
37 163
37 177
37 179
37 190
37 212
37 223
37 224
37 248
38 12
38 14
38 18
38 71
38 113
38 120
38 188
38 208
38 228
39 23
39 28
39 57
39 79
39 89
39 102
39 104
39 140
39 147
39 150
39 168
39 172
39 174
39 175
39 182
40 10
40 35
40 63
40 72
40 112
40 131
40 147
40 167
40 191
41 7
41 8
41 22
41 35
41 56
41 87
41 97
41 108
41 162
41 171
41 195
41 205
41 217
42 77
42 78
42 83
42 94
42 128
42 146
42 185
42 195
42 198
42 216
42 248
43 8
43 16
43 20
43 37
43 103
43 112
43 138
43 140
43 142
43 149
43 154
43 163
43 164
43 165
43 219
43 224
43 233
44 23
44 32
44 76
44 115
44 157
44 183
44 189
44 221
44 250
45 1
45 4
45 12
45 28
45 29
45 78
45 99
45 148
45 179
45 184
45 200
45 211
45 233
46 25
46 78
46 79
46 89
46 95
46 110
46 116
46 133
46 145
46 208
46 230
46 240
47 10
47 21
47 49
47 114
47 118
47 129
47 186
47 235
48 5
48 15
48 24
48 38
48 42
48 59
48 98
48 102
48 122
48 126
48 195
48 214
48 228
48 245
49 53
49 69
49 100
49 120
49 142
49 174
49 192
49 205
49 208
49 217
49 222
50 20
50 21
50 24
50 64
50 107
50 112
50 126
50 134
50 139
50 169
50 170
50 178
50 191
50 195
50 201
50 211
50 215
50 230
50 250
51 4
51 9
51 16
51 22
51 48
51 84
51 104
51 168
51 210
51 238
51 250
52 2
52 24
52 30
52 66
52 80
52 93
52 96
52 104
52 129
52 173
52 175
52 230
53 24
53 47
53 55
53 92
53 97
53 117
53 131
53 133
53 138
53 140
53 148
53 220
54 23
54 27
54 46
54 80
54 100
54 117
54 120
54 132
54 133
54 145
54 194
54 207
54 223
54 241
55 2
55 35
55 49
55 78
55 110
55 154
55 157
55 170
55 184
55 209
55 230
55 239
55 241
56 28
56 96
56 109
56 126
56 160
56 178
56 225
57 29
57 31
57 41
57 44
57 68
57 70
57 74
57 76
57 146
57 175
57 218
57 248
58 37
58 51
58 72
58 78
58 80
58 122
58 126
58 141
58 166
58 217
59 8
59 13
59 22
59 27
59 29
59 41
59 49
59 58
59 62
59 77
59 83
59 103
59 120
59 121
59 126
59 167
59 172
59 228
59 234
60 51
60 68
60 81
60 89
60 161
60 164
60 165
60 190
60 205
60 238
60 242
60 247
61 11
61 14
61 25
61 49
61 68
61 108
61 128
61 135
61 153
61 169
61 171
61 195
61 240
62 7
62 21
62 24
62 27
62 37
62 45
62 54
62 57
62 116
62 141
62 155
62 174
62 191
62 194
62 209
62 231
62 240
62 241
63 45
63 64
63 103
63 115
63 132
63 139
63 192
63 209
64 14
64 45
64 55
64 101
64 153
64 168
64 177
64 196
64 213
64 220
65 22
65 43
65 48
65 54
65 62
65 68
65 87
65 98
65 176
65 178
65 180
65 190
66 65
66 69
66 118
66 126
66 132
66 154
66 172
66 227
66 248
67 29
67 37
67 58
67 78
67 86
67 97
67 102
67 106
67 112
67 131
67 175
67 187
67 190
67 193
67 196
67 201
67 222
67 230
68 3
68 10
68 48
68 49
68 75
68 96
68 228
68 234
69 2
69 20
69 37
69 60
69 70
69 87
69 119
69 126
69 146
69 191
69 212
70 4
70 6
70 14
70 38
70 99
70 146
70 169
70 184
70 189
70 217
70 221
70 225
70 229
71 26
71 92
71 141
71 155
71 160
71 172
71 177
71 181
71 195
71 211
71 244
72 4
72 12
72 22
72 85
72 138
72 162
72 213
72 215
72 219
72 228
72 241
72 244
72 250
73 35
73 49
73 55
73 85
73 98
73 121
73 185
73 213
73 250
74 11
74 84
74 115
74 132
74 138
74 151
74 162
74 184
74 193
74 200
74 209
74 250
75 11
75 12
75 22
75 47
75 50
75 61
75 80
75 89
75 97
75 100
75 110
75 135
75 150
75 161
75 197
75 199
76 38
76 94
76 125
76 141
76 157
76 179
76 188
76 226
76 230
76 232
77 5
77 32
77 61
77 87
77 112
77 115
77 127
77 132
77 157
77 183
77 201
78 20
78 81
78 84
78 98
78 117
78 151
78 179
78 185
78 196
78 235
78 237
78 239
78 241
79 73
79 81
79 87
79 94
79 119
79 141
79 159
79 164
79 175
79 184
79 205
79 221
79 249
80 13
80 15
80 36
80 53
80 56
80 57
80 107
80 119
80 147
80 207
80 218
80 222
80 239
80 242
80 246
81 70
81 94
81 121
81 124
81 154
81 157
81 173
81 184
81 192
81 198
82 40
82 50
82 78
82 95
83 6
83 12
83 15
83 49
83 58
83 81
83 98
83 119
83 134
83 144
83 151
83 176
83 178
83 182
83 186
83 217
83 221
83 224
83 227
83 242
84 4
84 79
84 80
84 110
84 116
84 125
84 154
84 176
85 10
85 14
85 15
85 29
85 47
85 91
85 95
85 115
85 191
85 212
86 8
86 15
86 24
86 30
86 44
86 63
86 68
86 93
86 98
86 140
86 152
86 171
86 174
86 193
86 201
86 209
86 241
86 244
87 29
87 73
87 163
87 178
87 183
87 193
88 6
88 14
88 41
88 42
88 81
88 96
88 110
88 149
88 215
88 223
88 233
88 241
89 1
89 41
89 43
89 79
89 108
89 124
89 146
89 201
89 207
89 221
89 234
89 236
89 240
89 241
90 29
90 81
90 126
90 138
90 153
90 188
90 198
90 206
90 208
90 219
90 221
90 229
90 233
90 240
91 16
91 52
91 54
91 61
91 83
91 86
91 112
91 120
91 138
91 153
91 165
91 169
91 175
91 190
91 193
91 202
92 7
92 52
92 69
92 87
92 132
92 133
92 149
92 167
92 172
92 209
92 234
92 247
93 21
93 53
93 56
93 63
93 67
93 76
93 82
93 160
93 169
93 176
93 180
93 183
93 241
94 15
94 54
94 74
94 84
94 85
94 98
94 119
94 122
94 180
94 200
94 201
94 202
95 52
95 73
95 97
95 118
95 165
95 166
95 183
95 188
95 198
95 214
95 215
96 8
96 32
96 44
96 109
96 160
96 171
96 190
96 192
96 196
96 214
96 224
96 230
97 18
97 50
97 76
97 82
97 83
97 98
97 102
97 108
97 132
97 193
97 214
97 219
98 64
98 66
98 87
98 89
98 91
98 101
98 124
98 173
98 229
98 243
98 244
98 245
99 62
99 73
99 95
99 102
99 106
99 112
99 164
99 203
99 232
99 245
100 24
100 30
100 64
100 92
100 105
100 116
100 151
100 167
100 189
100 201
100 207
100 218
100 230
100 240
100 244
101 20
101 30
101 78
101 105
101 110
101 120
101 122
101 130
101 132
101 135
101 168
101 169
101 199
101 221
101 232
102 14
102 53
102 132
102 159
102 162
102 163
102 169
102 171
102 190
102 236
103 6
103 25
103 32
103 37
103 49
103 90
103 93
103 140
103 154
103 189
103 203
103 232
103 244
104 18
104 78
104 101
104 103
104 118
104 119
104 142
104 193
104 227
104 243
104 244
104 246
105 17
105 49
105 51
105 62
105 107
105 109
105 133
105 153
105 182
105 229
105 241
106 51
106 123
106 133
106 148
107 32
107 77
107 84
107 148
107 172
107 179
107 204
107 239
107 246
108 10
108 12
108 15
108 28
108 55
108 84
108 112
108 126
108 136
108 170
108 172
108 173
108 185
108 191
108 204
108 221
109 1
109 24
109 37
109 48
109 72
109 78
109 124
109 154
109 187
109 234
109 237
110 13
110 14
110 37
110 77
110 81
110 146
110 164
110 181
110 192
110 209
110 230
111 4
111 7
111 20
111 60
111 95
111 100
111 101
111 107
111 122
111 135
111 161
111 169
111 173
111 232
111 248
112 6
112 30
112 42
112 75
112 106
112 133
112 147
112 150
112 158
112 194
112 216
112 223
112 245
112 247
113 45
113 59
113 144
113 178
113 206
113 216
113 217
113 218
113 219
114 41
114 52
114 53
114 68
114 90
114 97
114 105
114 129
114 151
114 167
114 176
114 220
114 242
115 11
115 90
115 108
115 124
115 134
115 149
115 152
115 172
115 179
115 191
116 8
116 15
116 40
116 42
116 108
116 110
116 181
116 183
116 186
116 199
116 204
116 235
116 239
116 246
116 250
117 4
117 9
117 36
117 82
117 96
117 102
117 124
117 129
117 160
117 196
117 211
117 224
117 232
118 7
118 41
118 52
118 72
118 90
118 96
118 121
118 128
118 136
118 146
118 205
118 206
119 3
119 90
119 105
119 130
119 136
119 155
119 165
119 166
119 181
119 186
119 230
120 25
120 34
120 55
120 87
120 249
121 29
121 76
121 98
121 115
121 134
121 137
121 143
121 173
121 179
121 182
121 202
121 219
121 225
121 231
121 245
122 29
122 32
122 54
122 88
122 119
122 125
122 170
122 183
122 235
122 248
123 65
123 74
123 81
123 175
123 179
123 183
123 193
123 196
123 207
123 237
124 24
124 35
124 43
124 103
124 137
124 162
125 1
125 44
125 46
125 79
125 94
125 102
125 112
125 130
125 211
125 233
126 3
126 9
126 10
126 95
126 115
126 132
126 157
126 158
126 165
126 173
126 226
127 2
127 12
127 13
127 14
127 21
127 48
127 82
127 89
127 122
127 123
127 138
127 185
127 190
127 238
128 20
128 30
128 41
128 66
128 68
128 73
128 194
128 209
128 225
128 236
129 10
129 22
129 77
129 122
129 132
129 163
129 165
129 177
129 178
129 182
129 215
129 234
129 235
130 1
130 30
130 31
130 32
130 56
130 57
130 68
130 73
130 91
130 110
130 111
130 153
131 20
131 22
131 26
131 57
131 107
131 142
131 151
131 158
131 176
131 194
131 198
131 244
132 13
132 43
132 47
132 94
132 105
132 182
132 184
132 203
132 204
132 208
132 209
132 227
132 240
132 246
133 15
133 27
133 33
133 38
133 42
133 55
133 57
133 125
133 135
133 138
133 140
133 153
133 155
134 10
134 20
134 22
134 57
134 79
134 80
134 117
134 124
134 129
134 147
134 166
134 185
134 189
134 215
134 244
134 249
135 6
135 29
135 55
135 60
135 96
135 109
135 145
135 152
135 170
135 193
135 194
136 26
136 37
136 40
136 53
136 63
136 68
136 91
136 106
136 116
136 126
136 139
136 149
136 153
136 159
136 178
136 182
136 237
137 13
137 14
137 30
137 41
137 65
137 73
137 98
137 147
137 163
137 223
138 35
138 97
138 108
138 136
138 184
138 221
138 225
138 228
138 230
139 38
139 53
139 54
139 89
139 105
139 116
139 118
139 126
139 151
139 170
139 194
139 205
139 224
139 226
140 5
140 13
140 23
140 42
140 49
140 84
140 87
140 114
140 123
140 148
140 152
140 176
140 178
140 225
141 19
141 27
141 85
141 99
141 106
141 125
141 136
141 169
141 170
141 175
141 182
141 221
141 242
141 245
142 5
142 37
142 75
142 76
142 86
142 91
142 99
142 109
142 121
142 139
142 145
142 160
142 203
142 227
143 20
143 38
143 79
143 81
143 86
143 183
143 200
144 20
144 54
144 157
144 172
144 187
144 192
144 216
144 244
145 14
145 16
145 27
145 42
145 56
145 59
145 70
145 89
145 101
145 113
145 117
145 121
145 160
145 163
145 169
145 180
145 198
145 208
146 4
146 9
146 47
146 59
146 85
146 94
146 97
146 103
146 120
146 148
146 166
146 183
146 197
146 202
146 219
146 243
147 50
147 73
147 88
147 113
147 118
147 123
147 129
147 141
147 151
147 206
147 225
148 13
148 17
148 51
148 66
148 69
148 87
148 116
148 130
148 212
148 250
149 1
149 16
149 33
149 76
149 85
149 86
149 100
149 114
149 124
149 129
149 151
149 177
149 183
149 233
150 5
150 34
150 41
150 66
150 72
150 100
150 132
150 140
150 155
150 193
150 196
150 200
150 201
150 247
151 45
151 85
151 140
151 142
151 148
151 153
151 167
151 173
151 185
151 240
152 38
152 74
152 130
152 138
152 147
152 150
152 155
152 194
152 209
152 247
153 67
153 110
153 116
153 131
153 179
153 206
154 17
154 26
154 46
154 50
154 94
154 99
154 106
154 135
154 137
154 146
154 163
154 175
154 204
154 212
154 214
154 245
155 19
155 38
155 54
155 57
155 143
155 149
155 173
155 187
155 233
155 236
155 249
156 2
156 65
156 73
156 91
156 105
156 131
156 140
156 143
156 170
156 184
156 189
156 209
156 238
157 16
157 21
157 29
157 94
157 107
157 164
157 165
157 175
157 179
157 184
157 187
157 200
157 213
158 39
158 64
158 92
158 111
158 123
158 148
158 167
158 175
158 188
158 246
159 41
159 58
159 74
159 92
159 96
159 114
159 126
159 133
159 147
159 181
159 198
159 221
159 222
159 226
160 54
160 81
160 84
160 87
160 88
160 102
160 157
160 188
160 197
160 208
160 238
161 23
161 31
161 89
161 116
161 131
161 162
161 170
162 20
162 42
162 52
162 144
162 148
162 175
162 179
162 193
162 207
162 214
162 240
163 2
163 13
163 17
163 25
163 101
163 103
163 142
163 159
163 178
163 182
163 204
163 209
163 245
164 17
164 24
164 40
164 62
164 95
164 97
164 130
164 159
164 174
165 20
165 23
165 49
165 74
165 75
165 81
165 84
165 108
165 116
165 123
165 151
165 171
165 179
165 182
165 223
165 229
166 3
166 57
166 69
166 79
166 83
166 113
166 145
166 169
166 201
166 241
167 68
167 89
167 108
167 112
167 156
167 168
167 174
167 179
167 189
167 231
168 33
168 35
168 48
168 58
168 92
168 98
168 125
168 128
168 157
168 163
168 181
168 200
168 219
169 48
169 67
169 83
169 90
169 103
169 137
169 142
169 155
169 206
169 222
169 224
169 250
170 38
170 59
170 72
170 74
170 82
170 104
170 106
170 112
170 127
170 153
170 162
170 190
170 202
170 231
171 64
171 72
171 77
171 80
171 87
171 120
171 143
171 174
171 182
171 189
171 216
171 227
172 27
172 35
172 38
172 146
172 156
172 171
172 175
172 176
172 218
172 227
172 241
173 3
173 9
173 14
173 17
173 19
173 30
173 40
173 45
173 48
173 60
173 79
173 96
173 120
173 136
173 137
173 140
173 141
173 147
173 157
173 184
173 203
173 230
173 232
173 238
173 247
174 31
174 66
174 91
174 126
174 132
174 140
174 175
174 207
174 234
175 24
175 35
175 41
175 42
175 69
175 70
175 93
175 95
175 124
175 136
175 160
175 161
175 169
175 176
175 183
175 184
175 187
175 193
175 203
175 221
175 246
176 15
176 48
176 85
176 87
176 96
176 107
176 137
176 178
176 181
176 191
176 200
176 207
176 245
176 248
177 25
177 28
177 51
177 128
177 166
177 168
177 170
177 225
177 230
177 246
178 20
178 107
178 141
178 159
178 160
178 218
178 223
178 248
178 249
179 11
179 26
179 28
179 46
179 48
179 118
179 154
180 6
180 11
180 36
180 42
180 56
180 64
180 66
180 103
180 109
180 141
180 142
180 148
180 160
180 166
180 173
180 200
180 221
181 4
181 14
181 20
181 40
181 44
181 56
181 74
181 87
181 95
181 122
181 165
181 182
181 185
181 188
182 50
182 55
182 86
182 95
182 98
182 102
182 118
182 135
182 142
182 147
182 159
182 170
182 195
182 221
182 225
182 232
183 12
183 14
183 38
183 42
183 63
183 73
183 79
183 83
183 96
183 101
183 129
183 130
183 187
183 208
183 209
183 230
183 235
184 5
184 19
184 31
184 34
184 83
184 96
184 117
184 139
184 216
184 217
184 246
185 23
185 67
185 68
185 82
185 106
185 141
185 165
185 168
185 204
185 221
185 224
186 49
186 114
186 165
186 182
186 192
186 212
186 216
186 234
187 39
187 54
187 72
187 185
187 212
187 230
188 9
188 24
188 25
188 34
188 37
188 43
188 88
188 124
188 161
188 209
188 217
188 239
189 10
189 13
189 26
189 45
189 48
189 67
189 72
189 90
189 127
189 150
189 162
189 169
189 198
189 212
189 221
190 16
190 33
190 74
190 116
190 165
190 180
190 231
191 31
191 35
191 39
191 41
191 67
191 82
191 100
191 129
191 151
191 161
191 167
191 175
191 206
191 208
191 213
191 236
191 240
192 8
192 26
192 41
192 69
192 76
192 98
192 169
192 182
192 200
193 8
193 10
193 26
193 50
193 114
193 117
193 130
193 142
193 169
193 176
193 201
193 230
194 78
194 85
194 87
194 140
194 156
194 173
194 196
194 244
195 13
195 22
195 40
195 60
195 84
195 88
195 104
195 107
195 133
195 141
195 143
195 150
195 207
195 247
195 250
196 8
196 39
196 44
196 108
196 113
196 114
196 175
196 191
196 202
197 9
197 19
197 26
197 38
197 82
197 90
197 111
197 127
197 173
197 231
197 239
197 240
198 8
198 64
198 93
198 99
198 116
198 143
199 20
199 21
199 53
199 66
199 74
199 141
199 180
199 182
200 8
200 11
200 13
200 17
200 22
200 64
200 96
200 120
200 158
200 195
200 231
200 250
201 16
201 39
201 57
201 74
201 91
201 107
201 121
201 136
201 144
201 173
201 183
201 249
202 30
202 52
202 83
202 95
202 119
202 143
202 148
202 174
202 176
202 178
202 184
202 203
202 215
202 223
202 226
202 241
202 247
203 4
203 11
203 48
203 63
203 88
203 92
203 108
203 121
203 124
203 137
203 146
203 152
203 163
203 214
204 13
204 21
204 47
204 61
204 143
204 160
204 164
204 190
204 216
204 230
205 9
205 24
205 45
205 148
205 167
205 206
205 221
205 249
205 250
206 21
206 38
206 39
206 40
206 67
206 71
206 125
206 129
206 133
206 157
206 170
206 171
206 194
206 202
206 212
206 248
207 18
207 61
207 66
207 109
207 113
207 138
207 140
207 172
207 173
207 230
207 231
207 248
208 9
208 29
208 104
208 120
208 137
208 176
208 179
208 190
208 192
208 206
208 215
208 217
208 220
209 26
209 31
209 35
209 37
209 91
209 97
209 104
209 108
209 114
209 129
209 136
209 140
209 142
209 161
209 212
209 224
209 230
209 240
209 243
210 15
210 18
210 26
210 34
210 72
210 104
210 128
210 162
210 178
210 183
211 5
211 51
211 70
211 107
211 114
211 159
211 162
211 176
211 179
211 208
211 212
211 219
212 1
212 4
212 14
212 36
212 59
212 61
212 80
212 93
212 122
212 180
212 184
212 194
212 207
212 232
212 236
213 59
213 81
213 102
213 103
213 120
213 188
214 2
214 103
214 108
214 111
214 114
214 118
214 137
214 151
214 185
214 189
215 39
215 84
215 118
215 136
215 168
215 197
215 213
215 239
216 24
216 30
216 37
216 54
216 72
216 85
216 126
216 145
216 158
216 159
216 178
216 196
216 199
216 208
217 13
217 51
217 92
217 123
217 128
217 143
217 151
217 178
217 192
217 209
217 216
217 232
217 246
217 247
217 248
218 6
218 27
218 31
218 52
218 69
218 90
218 92
218 141
218 202
218 227
218 233
218 240
219 28
219 36
219 42
219 76
219 83
219 103
219 111
219 119
219 141
219 144
219 164
219 165
219 188
220 34
220 36
220 66
220 75
220 76
220 132
220 156
220 169
220 176
220 179
220 219
220 235
220 239
221 37
221 51
221 84
221 122
221 146
221 187
221 201
222 30
222 36
222 42
222 62
222 76
222 117
222 138
222 142
222 148
222 152
222 177
222 183
222 187
222 196
222 208
222 229
222 240
223 1
223 8
223 31
223 91
223 94
223 167
223 187
223 191
223 209
223 211
223 213
223 214
223 232
223 249
224 44
224 79
224 102
224 104
224 119
224 152
224 162
224 173
224 190
224 244
225 9
225 41
225 63
225 71
225 79
225 92
225 102
225 112
225 125
225 134
225 174
225 212
225 233
225 240
226 17
226 23
226 55
226 64
226 93
226 110
226 124
226 145
226 164
226 175
226 178
226 208
226 220
226 240
226 244
226 249
227 3
227 7
227 20
227 65
227 74
227 85
227 91
227 151
227 167
227 198
227 199
227 207
227 244
228 35
228 78
228 81
228 94
228 177
228 178
229 7
229 12
229 15
229 19
229 21
229 41
229 45
229 52
229 91
229 124
229 133
229 176
229 182
229 195
229 196
229 197
229 205
229 216
230 11
230 37
230 86
230 91
230 92
230 112
230 121
230 132
230 142
230 162
230 190
230 214
231 12
231 45
231 55
231 57
231 83
231 97
231 129
231 141
231 220
231 249
232 44
232 45
232 78
232 129
232 136
232 187
233 60
233 63
233 126
233 150
233 153
233 161
233 183
233 187
233 188
233 223
233 240
234 7
234 42
234 47
234 54
234 56
234 64
234 102
234 103
234 104
234 114
234 123
234 137
234 166
234 181
234 190
235 7
235 15
235 49
235 53
235 56
235 64
235 111
235 114
235 115
235 139
235 157
236 4
236 14
236 49
236 63
236 127
236 169
236 246
237 3
237 15
237 36
237 86
237 105
237 106
237 118
237 125
237 149
237 178
237 187
237 215
237 220
238 27
238 36
238 58
238 101
238 120
238 135
238 143
238 163
238 190
238 192
238 228
239 20
239 42
239 46
239 52
239 61
239 83
239 88
239 94
239 97
239 114
239 131
239 135
239 138
239 147
239 165
239 169
239 208
240 41
240 56
240 72
240 92
240 109
240 113
240 202
240 205
241 6
241 13
241 21
241 24
241 40
241 52
241 73
241 125
241 129
241 138
241 184
241 211
241 248
242 42
242 190
242 198
242 245
243 5
243 17
243 67
243 106
243 116
243 150
243 180
243 182
243 197
243 206
243 228
243 237
243 247
244 12
244 41
244 49
244 85
244 122
244 138
244 156
244 180
244 189
244 221
244 225
244 232
245 4
245 79
245 86
245 200
245 202
245 203
245 206
245 220
245 249
246 1
246 6
246 32
246 49
246 69
246 84
246 147
246 170
246 197
246 218
247 47
247 56
247 90
247 103
247 107
247 120
247 146
247 196
247 204
247 219
247 220
247 249
248 7
248 13
248 23
248 33
248 72
248 139
248 147
248 171
248 208
249 5
249 28
249 39
249 53
249 63
249 90
249 105
249 106
249 126
249 138
249 158
249 165
249 176
249 194
249 206
249 220
249 221
249 230
249 237
250 46
250 65
250 76
250 103
250 133
250 155
250 159
250 249

