250 750
98 109 89 100 56 70 91 48 118 32 20 65 40 80 70 118 114 110 38 103 114 87 77 79 114 114 65 59 79 20 73 71 107 103 92 44 21 68 61 31 117 99 85 44 61 54 76 111 69 33 75 36 103 62 102 42 58 119 94 45 32 27 70 70 53 120 99 105 29 73 97 30 89 82 72 99 77 45 38 97 49 68 94 53 100 81 109 44 86 30 49 40 92 110 71 88 111 84 103 32 39 76 92 65 23 92 83 77 106 118 85 102 42 68 47 42 86 117 23 64 53 70 100 107 84 78 119 82 33 65 85 103 30 51 71 59 113 83 68 90 112 40 105 31 61 103 62 55 78 74 56 41 29 105 54 91 76 41 54 99 111 37 22 41 72 115 44 35 26 109 62 51 93 48 49 111 29 112 37 86 66 26 95 98 57 109 30 22 72 113 25 65 53 41 92 97 110 79 86 83 108 38 45 62 104 54 48 86 24 101 87 51 20 113 53 28 35 93 28 58 47 83 108 105 34 47 75 76 49 68 52 114 78 27 60 50 63 36 42 98 23 119 100 95 43 101 108 108 73 114 
1 18
1 54
1 63
1 73
1 131
2 164
3 35
3 63
3 124
3 138
4 13
4 164
4 217
5 30
5 135
6 52
6 188
7 35
7 99
8 22
8 135
8 149
9 87
9 189
9 191
10 34
10 158
11 33
11 37
11 173
12 8
12 10
12 23
12 196
12 201
12 216
13 26
13 71
13 84
13 169
13 202
13 233
13 241
14 15
14 23
14 166
15 210
15 220
15 239
16 11
16 23
16 26
16 40
16 165
16 246
17 39
17 141
17 155
18 95
18 145
18 247
19 230
20 47
20 192
21 34
21 131
21 227
22 49
22 73
22 179
23 29
23 33
23 206
24 215
24 232
25 40
25 80
25 82
25 172
25 244
26 105
26 127
26 194
26 198
26 245
27 234
28 130
28 191
28 193
28 211
29 164
29 191
29 242
29 249
30 42
30 200
31 85
31 101
31 113
31 114
31 219
32 100
32 192
33 13
33 34
33 71
33 182
34 3
34 39
34 49
34 109
34 119
34 231
35 132
36 35
36 49
36 149
36 189
37 119
37 201
37 240
38 75
38 104
38 157
39 14
39 16
39 79
39 81
39 100
39 188
39 227
40 100
41 59
41 79
41 156
41 231
42 6
42 56
42 234
43 216
44 201
44 234
45 20
45 81
46 173
47 1
47 151
47 199
47 206
47 222
48 37
48 52
48 67
48 107
48 186
48 209
48 219
49 235
49 243
50 39
50 207
51 86
51 103
51 133
51 149
52 9
52 27
52 87
52 151
53 34
53 38
53 63
53 76
53 80
53 120
53 173
53 174
53 194
53 238
54 34
54 69
54 116
54 148
54 150
54 158
54 183
55 1
55 146
55 161
55 194
56 68
56 105
57 129
57 236
58 42
58 65
58 109
58 132
58 177
58 223
58 239
59 152
60 38
60 197
61 30
61 88
61 92
62 219
62 220
63 56
64 80
64 225
64 241
65 13
65 84
65 185
66 128
66 165
67 30
67 37
68 76
68 82
68 111
68 149
68 166
68 208
68 216
69 21
69 46
69 163
70 14
70 65
70 128
70 129
70 171
71 102
71 118
71 197
72 69
72 156
72 176
72 243
73 34
73 116
73 188
73 213
74 101
74 213
74 225
75 125
75 218
76 16
76 89
76 105
76 206
76 214
76 221
76 232
77 91
77 114
77 192
77 244
78 232
79 22
79 66
79 186
80 15
80 124
81 200
82 1
82 39
82 141
82 178
83 75
83 137
85 62
85 84
85 137
85 206
85 223
86 26
86 100
86 122
86 203
86 206
87 8
87 33
87 248
89 6
89 100
89 116
89 199
89 204
90 32
90 48
90 91
90 204
91 241
92 29
92 50
93 80
94 13
94 45
94 91
94 104
94 149
96 59
96 167
96 187
97 27
97 79
97 115
97 122
97 123
97 139
97 150
97 158
97 159
97 189
98 51
98 66
98 91
99 42
100 198
101 132
101 165
102 19
102 236
102 238
103 109
103 204
103 217
103 247
104 122
104 171
104 219
105 35
105 61
105 92
105 140
106 14
106 198
107 209
108 98
109 25
109 129
109 192
110 15
110 154
110 175
111 95
111 160
111 176
111 208
111 225
112 85
112 91
112 93
112 132
112 150
112 191
113 193
114 38
114 153
114 158
114 188
114 232
115 142
115 193
115 204
116 52
117 122
118 77
118 183
118 211
118 236
119 6
119 96
120 14
120 133
120 211
121 109
121 209
121 219
121 229
122 56
122 113
122 197
122 216
122 234
123 27
123 68
123 207
123 234
124 11
124 53
125 248
126 179
127 17
128 96
128 213
129 144
129 178
129 196
129 198
130 107
131 112
132 28
132 223
133 30
133 163
135 78
135 90
135 125
135 132
135 133
136 14
136 46
136 169
136 231
137 24
137 70
137 167
138 34
138 54
138 152
138 160
138 214
140 94
140 96
140 171
140 181
140 210
141 89
141 150
141 195
142 120
142 188
142 218
142 227
143 11
143 34
143 81
143 108
143 123
143 142
144 174
144 236
145 86
145 88
145 115
145 125
145 188
145 219
146 188
146 218
147 52
148 51
148 119
148 130
148 136
149 31
150 86
150 143
150 188
150 216
150 235
151 40
151 100
151 190
152 1
152 131
152 165
152 213
152 218
153 16
153 95
154 17
154 129
154 167
154 193
156 1
156 34
156 58
156 232
156 248
157 16
159 3
159 28
160 121
161 64
161 120
161 130
161 155
161 211
161 236
162 2
162 55
162 147
163 83
163 112
163 136
163 209
164 92
164 134
164 232
165 200
166 113
166 173
166 202
166 208
167 59
167 90
167 129
167 192
168 21
168 206
169 12
169 158
169 197
169 205
170 204
170 205
171 98
171 162
171 223
172 15
172 26
173 121
174 76
174 216
175 122
175 206
176 4
176 14
176 78
176 133
176 169
176 189
177 153
177 156
177 165
178 39
178 108
178 112
178 140
178 141
178 208
179 58
179 162
179 245
180 60
180 130
180 235
181 21
181 44
181 51
181 57
181 72
181 237
182 135
182 207
183 186
185 99
185 217
186 168
186 195
187 22
187 57
187 76
187 125
188 4
188 119
188 224
189 22
189 229
190 113
190 236
191 160
191 203
192 21
193 17
193 49
193 82
194 92
194 207
194 208
195 65
195 169
196 161
196 180
196 209
196 233
198 209
198 221
198 246
199 20
199 29
199 38
199 137
199 235
201 76
201 95
202 83
202 93
202 114
203 97
203 108
203 135
203 225
203 238
204 74
204 119
204 211
205 25
205 125
205 208
206 74
206 191
207 81
208 73
208 206
209 132
209 153
210 112
211 95
211 114
211 138
211 166
211 200
211 205
211 248
212 7
212 165
213 131
213 154
214 106
214 114
214 116
214 157
214 158
215 28
216 114
216 133
216 171
217 46
217 198
218 41
218 76
218 95
218 129
219 35
219 114
219 126
220 96
220 158
220 165
220 167
220 243
221 111
221 176
222 9
222 223
223 84
223 193
224 14
224 23
224 118
224 124
224 157
224 164
224 178
224 243
225 10
226 20
226 26
226 115
226 186
226 192
226 208
227 186
228 141
228 198
229 46
229 84
229 177
229 224
230 42
230 81
230 92
230 173
230 184
231 111
231 163
231 210
231 219
232 81
232 172
232 222
233 62
234 2
234 51
234 226
235 37
235 46
235 210
236 84
236 134
237 60
237 101
237 161
237 171
237 239
239 55
239 95
239 193
240 32
240 110
240 213
241 28
241 123
241 158
242 4
242 52
242 135
242 176
242 177
242 194
243 149
243 153
244 59
245 137
245 188
245 209
245 233
246 181
246 232
247 11
247 15
247 232
248 63
248 120
248 181
248 239
249 107
249 175
250 39
250 82
250 124
250 198

