200 3000
42 22 101 27 51 57 97 67 101 120 41 75 35 81 64 28 66 47 79 84 46 94 75 114 27 31 39 99 71 76 117 73 81 71 29 88 50 103 106 63 106 66 117 54 68 35 62 115 91 112 106 31 57 30 111 61 89 54 39 28 47 30 49 96 89 60 110 32 52 118 28 116 99 113 102 31 84 96 114 37 31 24 112 76 86 56 88 88 66 50 33 58 63 45 109 42 70 81 42 85 23 69 45 35 82 96 54 87 56 111 101 117 99 37 34 116 30 110 84 94 104 108 20 120 107 63 66 106 25 49 95 113 89 112 117 62 25 95 81 93 98 120 56 117 70 105 91 86 37 91 33 58 88 94 71 89 63 107 106 118 79 99 118 57 44 51 93 97 58 84 51 24 35 110 52 103 117 119 42 116 30 40 68 85 38 23 110 97 85 28 50 27 117 112 47 93 77 33 53 37 
1 24
1 59
1 62
1 69
1 99
1 104
1 125
1 139
1 142
1 151
1 152
1 190
1 192
1 197
2 32
2 49
2 75
2 87
2 98
2 99
2 111
2 115
2 123
2 132
2 142
2 149
2 162
2 167
2 168
2 185
2 198
3 12
3 32
3 52
3 56
3 59
3 60
3 66
3 67
3 100
3 135
3 138
3 142
3 165
3 179
3 193
3 197
4 28
4 51
4 53
4 86
4 109
4 142
4 180
5 8
5 17
5 30
5 36
5 52
5 87
5 88
5 93
5 96
5 97
5 104
5 111
5 121
5 131
5 143
5 149
5 161
5 166
5 182
5 191
5 196
5 199
6 8
6 15
6 23
6 24
6 26
6 46
6 47
6 48
6 51
6 52
6 61
6 66
6 90
6 129
6 145
6 152
6 167
6 178
6 185
6 189
7 2
7 43
7 66
7 69
7 97
7 121
7 123
7 128
7 129
7 137
7 138
7 149
7 162
7 178
7 183
7 197
8 12
8 31
8 54
8 79
8 82
8 97
8 98
8 101
8 109
8 136
8 145
8 148
8 150
8 176
8 188
9 7
9 23
9 50
9 59
9 62
9 74
9 87
9 94
9 111
9 123
9 175
9 192
10 3
10 4
10 6
10 34
10 37
10 39
10 61
10 72
10 76
10 107
10 121
10 130
10 137
10 153
10 168
10 183
11 7
11 31
11 49
11 63
11 64
11 78
11 79
11 84
11 89
11 91
11 98
11 100
11 106
11 111
11 125
11 129
11 167
11 182
11 188
12 6
12 9
12 37
12 40
12 44
12 45
12 64
12 68
12 93
12 110
12 125
12 132
12 155
12 160
12 164
12 176
12 178
12 179
13 1
13 8
13 49
13 95
13 101
13 121
13 138
13 153
13 154
13 179
13 181
14 11
14 65
14 79
14 104
14 136
14 141
14 142
14 156
14 160
14 161
14 175
14 177
14 182
14 186
15 1
15 13
15 16
15 23
15 25
15 35
15 37
15 44
15 63
15 65
15 70
15 95
15 100
15 102
15 117
15 141
15 151
15 172
15 186
16 2
16 4
16 66
16 74
16 83
16 101
16 114
16 134
16 145
16 146
16 173
16 183
17 2
17 16
17 23
17 36
17 45
17 64
17 66
17 69
17 82
17 84
17 85
17 86
17 120
17 140
17 149
17 166
17 182
17 187
17 195
18 7
18 17
18 26
18 33
18 54
18 56
18 73
18 91
18 100
18 105
18 110
18 134
18 137
18 163
18 174
18 178
19 15
19 33
19 66
19 81
19 86
19 89
19 95
19 107
19 108
19 114
19 125
19 147
19 157
19 166
19 175
19 192
20 7
20 16
20 41
20 50
20 65
20 79
20 92
20 126
20 133
20 134
20 138
20 186
20 194
21 5
21 19
21 45
21 46
21 56
21 66
21 107
21 117
21 133
21 146
21 155
22 13
22 28
22 46
22 55
22 86
22 87
22 120
22 125
22 127
22 154
22 174
22 187
22 189
22 194
22 199
23 7
23 50
23 52
23 65
23 67
23 73
23 77
23 81
23 99
23 124
23 142
23 160
23 162
23 189
23 197
24 11
24 21
24 31
24 37
24 38
24 53
24 71
24 74
24 79
24 87
24 94
24 96
24 129
24 135
24 166
24 167
24 176
24 194
24 200
25 3
25 48
25 68
25 70
25 82
25 87
25 89
25 104
25 114
25 117
25 133
25 148
25 175
25 182
26 3
26 5
26 61
26 65
26 75
26 81
26 97
26 103
26 113
26 131
26 136
26 151
26 154
26 166
26 173
26 191
26 199
27 2
27 15
27 25
27 43
27 48
27 58
27 60
27 66
27 70
27 110
27 137
27 173
27 176
27 183
27 185
27 192
27 197
28 1
28 51
28 61
28 62
28 68
28 70
28 84
28 105
28 119
28 125
28 143
28 154
28 165
28 179
28 181
28 198
28 200
29 6
29 13
29 43
29 49
29 58
29 68
29 80
29 81
29 99
29 119
29 142
29 143
29 152
29 156
29 163
29 176
29 187
29 192
30 26
30 27
30 44
30 48
30 79
30 88
30 129
30 140
30 150
30 195
31 15
31 38
31 51
31 81
31 82
31 105
31 109
31 159
31 165
31 175
31 181
32 1
32 8
32 23
32 43
32 96
32 136
32 138
32 167
32 170
32 178
32 179
32 192
32 197
33 80
33 89
33 117
33 118
33 121
33 122
33 142
33 163
33 174
33 186
34 26
34 39
34 42
34 62
34 70
34 78
34 80
34 116
34 120
34 121
34 139
34 150
34 171
34 186
35 2
35 13
35 19
35 20
35 21
35 67
35 81
35 95
35 100
35 119
35 136
35 140
35 148
35 171
35 196
36 10
36 21
36 32
36 33
36 49
36 50
36 54
36 57
36 58
36 79
36 90
36 98
36 140
36 144
36 154
36 174
37 66
37 70
37 80
37 111
37 112
37 121
37 146
37 151
37 164
38 57
38 72
38 87
38 112
38 124
38 128
38 165
38 200
39 27
39 35
39 47
39 50
39 69
39 71
39 107
39 129
39 156
39 173
39 176
39 182
40 24
40 33
40 111
40 127
40 145
40 146
40 147
40 150
40 160
40 191
41 18
41 26
41 27
41 34
41 44
41 48
41 49
41 83
41 86
41 134
41 174
41 182
41 184
42 5
42 8
42 16
42 58
42 79
42 96
42 98
42 106
42 123
42 124
42 135
42 172
42 186
42 188
43 4
43 12
43 22
43 53
43 76
43 117
43 133
43 135
43 142
43 144
43 150
43 153
43 169
44 10
44 63
44 73
44 77
44 114
44 132
44 151
44 152
44 183
44 190
45 13
45 29
45 32
45 38
45 41
45 74
45 77
45 84
45 115
45 118
45 143
45 153
45 162
45 165
45 171
45 172
45 183
45 186
46 4
46 29
46 36
46 47
46 49
46 64
46 66
46 69
46 72
46 95
46 104
46 125
46 168
46 172
46 174
46 183
46 188
46 198
47 21
47 27
47 41
47 43
47 48
47 55
47 59
47 63
47 74
47 77
47 78
47 126
47 148
47 152
47 171
47 192
48 3
48 8
48 19
48 26
48 58
48 62
48 66
48 84
48 101
48 102
48 104
48 108
48 120
48 145
48 155
48 165
48 172
48 175
48 192
48 193
49 5
49 14
49 43
49 69
49 79
49 130
49 154
49 162
49 176
49 177
49 180
49 184
49 195
50 8
50 28
50 32
50 35
50 38
50 51
50 53
50 56
50 60
50 103
50 109
50 114
50 125
50 129
50 145
50 163
50 168
50 174
50 175
50 176
50 180
50 191
50 196
51 34
51 37
51 61
51 71
51 75
51 77
51 83
51 84
51 85
51 102
51 112
51 116
51 122
51 127
51 140
51 152
51 163
52 25
52 46
52 49
52 68
52 75
52 80
52 94
52 96
52 101
52 102
52 158
52 161
52 188
52 189
52 191
53 7
53 29
53 40
53 67
53 74
53 75
53 124
53 132
53 134
53 142
53 184
53 195
54 3
54 9
54 21
54 27
54 45
54 53
54 56
54 73
54 84
54 85
54 103
54 106
54 123
54 140
54 153
54 154
54 191
54 200
55 16
55 36
55 40
55 51
55 76
55 77
55 104
55 109
55 114
55 115
55 116
55 117
55 124
55 129
55 143
55 171
55 173
55 189
55 190
55 197
55 199
56 6
56 102
56 105
56 109
56 112
56 143
56 161
56 183
57 4
57 11
57 27
57 30
57 83
57 90
57 91
57 103
57 133
57 161
58 2
58 8
58 57
58 69
58 76
58 88
58 108
58 132
58 136
58 142
58 152
58 160
58 194
58 195
59 5
59 10
59 19
59 44
59 84
59 122
59 134
59 135
59 137
59 141
59 152
59 154
59 156
59 157
59 162
59 165
59 185
59 194
60 47
60 53
60 58
60 71
60 89
60 137
60 143
60 163
60 173
60 178
61 37
61 41
61 55
61 59
61 63
61 68
61 89
61 108
61 122
61 125
61 126
61 143
61 151
61 166
61 169
62 7
62 42
62 51
62 59
62 60
62 88
62 92
62 110
62 137
62 146
62 159
62 164
62 167
62 170
62 174
62 200
63 5
63 30
63 32
63 33
63 40
63 46
63 74
63 122
63 129
63 131
63 137
63 139
63 154
64 24
64 49
64 61
64 66
64 79
64 83
64 97
64 98
64 101
64 108
64 109
64 114
64 115
64 141
64 153
64 157
64 160
64 175
64 185
64 190
64 196
64 199
65 17
65 34
65 40
65 45
65 50
65 71
65 74
65 81
65 116
65 134
65 148
65 155
65 158
65 168
65 179
65 198
66 2
66 31
66 57
66 61
66 70
66 88
66 92
66 98
66 111
66 117
66 121
66 124
66 129
66 137
66 138
66 156
66 178
66 179
66 188
66 191
66 192
67 1
67 10
67 21
67 47
67 50
67 56
67 61
67 79
67 82
67 100
67 110
67 116
67 118
67 136
67 165
67 168
67 174
67 188
68 14
68 16
68 21
68 35
68 78
68 112
68 126
68 156
68 166
68 179
68 180
68 182
68 184
68 200
69 4
69 10
69 15
69 32
69 37
69 41
69 50
69 84
69 87
69 89
69 98
69 136
69 138
69 139
69 157
69 161
69 163
70 11
70 13
70 14
70 17
70 39
70 53
70 76
70 86
70 91
70 94
70 106
70 111
70 113
70 125
70 166
70 186
70 188
70 189
71 2
71 7
71 18
71 32
71 42
71 50
71 70
71 85
71 123
72 5
72 8
72 20
72 30
72 44
72 49
72 60
72 62
72 63
72 68
72 109
72 117
72 133
72 136
72 160
72 180
73 56
73 61
73 94
73 123
73 124
73 131
73 166
73 173
73 174
73 183
73 197
74 5
74 17
74 28
74 29
74 39
74 43
74 51
74 83
74 85
74 111
74 114
74 137
74 148
74 155
74 164
74 166
75 16
75 24
75 45
75 58
75 72
75 77
75 80
75 83
75 101
75 107
75 140
75 156
75 160
75 198
76 37
76 49
76 50
76 109
76 155
76 180
76 181
76 189
76 193
76 195
77 7
77 18
77 26
77 31
77 38
77 56
77 67
77 73
77 79
77 85
77 90
77 109
77 126
77 139
77 140
77 146
77 164
78 5
78 9
78 32
78 60
78 61
78 70
78 96
78 118
78 130
78 141
78 150
78 153
78 166
78 199
79 4
79 5
79 6
79 26
79 34
79 35
79 43
79 54
79 55
79 80
79 81
79 84
79 101
79 136
79 160
79 178
79 181
79 184
79 185
79 196
80 3
80 35
80 76
80 82
80 85
80 136
80 154
80 156
80 168
80 198
81 5
81 49
81 53
81 54
81 61
81 68
81 72
81 75
81 76
81 77
81 94
81 102
81 137
81 148
81 163
81 168
81 176
81 177
81 183
81 184
82 13
82 22
82 32
82 36
82 37
82 51
82 70
82 71
82 91
82 92
82 110
82 128
82 129
82 130
82 164
82 165
82 167
82 179
82 199
83 7
83 8
83 13
83 44
83 66
83 68
83 69
83 72
83 73
83 76
83 114
83 125
83 127
83 162
83 169
83 175
84 13
84 24
84 44
84 52
84 55
84 68
84 90
84 98
84 103
84 104
84 107
84 118
84 121
84 135
84 154
84 163
84 179
85 34
85 55
85 75
85 82
85 113
85 115
85 124
85 126
85 138
85 143
85 145
85 156
85 182
85 183
85 196
86 1
86 6
86 10
86 26
86 48
86 59
86 83
86 94
86 109
86 138
86 148
86 174
86 183
86 194
87 3
87 13
87 18
87 36
87 39
87 53
87 55
87 59
87 82
87 92
87 99
87 108
87 113
87 130
87 135
87 159
87 164
87 173
87 175
87 176
87 177
87 186
87 200
88 3
88 11
88 52
88 81
88 83
88 94
88 105
88 118
88 124
88 136
88 140
88 141
88 157
88 184
88 189
88 191
89 9
89 17
89 32
89 42
89 43
89 62
89 71
89 83
89 123
89 146
89 173
89 178
90 9
90 16
90 33
90 40
90 56
90 80
90 89
90 94
90 101
90 122
90 126
90 136
90 142
90 147
90 190
90 192
91 4
91 9
91 49
91 62
91 78
91 84
91 107
91 108
91 111
91 116
91 135
91 152
91 155
91 191
92 12
92 21
92 27
92 28
92 29
92 33
92 59
92 89
92 108
92 114
92 138
92 139
92 142
92 147
92 148
92 176
92 183
92 196
92 199
93 4
93 7
93 51
93 58
93 65
93 68
93 76
93 97
93 112
93 113
93 115
93 121
93 130
93 141
93 154
93 180
93 189
94 14
94 31
94 61
94 66
94 91
94 98
94 104
94 105
94 115
94 121
94 146
94 164
94 167
94 184
94 188
94 193
95 41
95 50
95 51
95 56
95 62
95 101
95 113
95 129
95 140
95 155
95 194
96 11
96 29
96 38
96 48
96 75
96 88
96 103
96 137
96 143
96 144
96 184
96 196
97 119
97 121
97 125
97 130
97 149
97 174
97 181
97 182
97 187
98 14
98 23
98 32
98 49
98 50
98 62
98 67
98 75
98 81
98 113
98 135
98 160
98 179
98 184
98 185
98 188
98 189
98 192
98 198
99 4
99 17
99 18
99 27
99 38
99 39
99 48
99 50
99 70
99 72
99 73
99 76
99 93
99 107
99 117
99 135
99 170
99 197
99 198
100 1
100 25
100 36
100 38
100 44
100 56
100 64
100 106
100 107
100 124
100 125
100 148
100 161
100 187
100 199
101 5
101 31
101 33
101 36
101 43
101 63
101 82
101 97
101 122
101 132
101 153
101 161
101 186
101 191
101 194
102 26
102 61
102 69
102 87
102 105
102 108
102 117
102 118
102 126
102 131
102 136
102 163
102 177
103 10
103 32
103 33
103 75
103 78
103 79
103 112
103 121
103 150
103 175
103 181
104 4
104 7
104 69
104 82
104 83
104 102
104 109
104 110
104 116
104 119
104 122
104 128
104 151
104 152
104 170
104 183
104 195
104 197
105 9
105 16
105 19
105 25
105 43
105 46
105 47
105 57
105 65
105 74
105 87
105 103
105 130
105 135
105 149
105 151
105 159
105 176
105 183
106 21
106 53
106 56
106 69
106 72
106 86
106 92
106 113
106 131
106 144
106 188
106 194
107 13
107 18
107 25
107 47
107 60
107 68
107 71
107 88
107 110
107 115
107 121
107 176
107 179
107 196
107 198
107 200
108 9
108 20
108 60
108 74
108 86
108 100
108 115
108 142
108 152
108 158
108 166
108 188
108 189
109 2
109 14
109 69
109 75
109 101
109 105
109 133
109 135
109 146
109 151
109 164
109 168
110 5
110 13
110 17
110 37
110 52
110 55
110 88
110 100
110 119
110 134
110 136
110 139
110 142
110 143
110 145
110 156
110 164
110 172
110 194
111 13
111 14
111 30
111 33
111 61
111 73
111 79
111 80
111 108
111 134
111 144
111 188
111 194
111 198
112 3
112 10
112 16
112 57
112 60
112 77
112 105
112 146
112 163
112 171
112 181
112 193
113 5
113 17
113 24
113 34
113 37
113 48
113 69
113 81
113 104
113 126
113 129
113 136
113 148
113 163
113 164
114 32
114 48
114 75
114 90
114 104
114 106
114 170
114 171
114 189
114 195
115 3
115 11
115 34
115 36
115 52
115 53
115 57
115 68
115 83
115 84
115 86
115 90
115 101
115 122
115 165
115 168
115 184
116 1
116 27
116 30
116 40
116 56
116 86
116 109
116 127
116 144
116 163
116 171
116 190
116 193
116 197
116 198
117 12
117 39
117 61
117 106
117 141
117 149
117 165
117 173
117 185
118 5
118 6
118 42
118 73
118 80
118 87
118 110
118 112
118 144
118 149
118 164
118 167
118 199
119 2
119 6
119 15
119 24
119 34
119 49
119 56
119 57
119 63
119 85
119 96
119 98
119 111
119 114
119 131
119 132
119 168
119 184
119 196
120 18
120 20
120 32
120 33
120 66
120 71
120 86
120 87
120 101
120 102
120 116
120 118
120 122
120 132
120 143
120 159
120 161
120 192
120 193
121 12
121 85
121 95
121 99
121 115
121 146
121 160
121 165
121 169
121 170
121 171
121 186
121 193
122 5
122 9
122 18
122 27
122 36
122 45
122 53
122 70
122 74
122 76
122 80
122 91
122 102
122 127
122 130
122 143
122 154
122 190
123 70
123 74
123 92
123 93
123 95
123 101
123 115
123 128
123 130
123 136
123 152
123 169
123 183
124 17
124 19
124 22
124 41
124 50
124 121
124 134
124 145
124 157
124 175
124 192
124 194
125 3
125 6
125 29
125 32
125 35
125 54
125 65
125 87
125 112
125 140
125 156
125 164
125 168
125 174
125 181
125 189
125 192
125 197
126 32
126 42
126 60
126 92
126 98
126 104
126 118
126 122
126 129
126 131
126 148
126 151
127 31
127 44
127 55
127 56
127 71
127 88
127 109
127 111
127 118
127 119
127 126
127 165
127 173
127 184
127 185
127 192
127 194
128 6
128 26
128 34
128 36
128 52
128 58
128 61
128 62
128 87
128 98
128 137
128 141
128 145
129 2
129 58
129 74
129 85
129 119
129 125
129 162
129 176
129 187
129 198
130 25
130 41
130 48
130 50
130 54
130 62
130 73
130 75
130 116
130 129
130 132
130 157
130 159
130 177
130 194
131 10
131 16
131 41
131 44
131 68
131 74
131 84
131 91
131 101
131 177
131 178
132 7
132 20
132 32
132 50
132 61
132 99
132 103
132 114
132 125
132 138
132 141
132 157
132 166
132 173
132 184
133 4
133 9
133 10
133 30
133 31
133 40
133 47
133 64
133 110
133 120
133 131
133 154
133 177
133 185
133 191
134 8
134 23
134 25
134 30
134 47
134 69
134 75
134 114
134 118
134 132
134 145
134 153
134 163
134 183
134 187
134 188
135 13
135 35
135 41
135 46
135 48
135 51
135 90
135 114
135 125
135 172
135 180
135 187
136 12
136 15
136 16
136 21
136 22
136 23
136 33
136 49
136 86
136 106
136 109
136 120
136 138
136 143
136 146
136 161
136 173
136 174
136 190
136 192
136 197
137 2
137 3
137 14
137 34
137 39
137 58
137 82
137 83
137 93
137 121
137 124
137 131
137 134
137 154
137 173
138 22
138 75
138 93
138 107
138 111
138 117
138 120
138 124
138 129
138 147
138 155
138 171
138 197
139 28
139 30
139 44
139 46
139 57
139 62
139 68
139 79
139 85
139 101
139 103
139 159
139 179
139 195
140 1
140 24
140 26
140 29
140 52
140 64
140 69
140 74
140 80
140 81
140 82
140 119
140 126
140 127
140 134
140 153
140 169
140 174
140 188
140 200
141 23
141 29
141 44
141 47
141 60
141 61
141 65
141 73
141 91
141 99
141 102
141 106
141 124
141 144
141 167
141 192
142 10
142 44
142 51
142 62
142 77
142 83
142 100
142 115
142 116
142 127
142 128
142 141
142 168
142 170
142 186
142 190
143 6
143 11
143 16
143 18
143 20
143 32
143 57
143 59
143 64
143 94
143 99
143 141
143 155
143 157
143 168
143 195
143 197
144 22
144 23
144 49
144 52
144 53
144 75
144 82
144 107
144 109
144 119
144 125
144 148
144 153
144 158
144 160
144 163
144 174
144 183
144 185
145 9
145 39
145 46
145 57
145 84
145 88
145 127
145 139
145 152
145 186
145 200
146 38
146 46
146 68
146 73
146 76
146 84
146 110
146 115
146 118
146 134
146 153
146 161
146 164
146 171
146 176
147 12
147 17
147 25
147 29
147 127
147 132
147 152
147 160
147 162
147 168
147 171
147 174
147 175
147 181
147 194
148 7
148 10
148 16
148 17
148 23
148 45
148 63
148 75
148 85
148 112
148 124
148 138
148 162
148 165
148 168
148 199
149 4
149 9
149 19
149 41
149 59
149 60
149 106
149 110
149 125
149 157
149 160
149 181
149 184
149 187
150 13
150 19
150 22
150 36
150 51
150 57
150 64
150 77
150 84
150 85
150 101
150 125
150 126
150 131
150 144
150 153
150 162
150 165
150 170
150 181
151 10
151 51
151 52
151 53
151 57
151 76
151 93
151 120
151 133
151 145
151 157
151 159
151 163
151 176
151 177
151 183
152 26
152 31
152 38
152 41
152 49
152 81
152 99
152 119
152 136
152 162
152 179
152 196
152 198
153 27
153 32
153 33
153 46
153 48
153 55
153 56
153 57
153 65
153 74
153 76
153 79
153 119
153 128
153 136
153 137
153 155
153 162
153 187
153 189
154 1
154 10
154 12
154 16
154 43
154 50
154 52
154 62
154 72
154 82
154 92
154 98
154 111
154 116
154 129
154 131
154 163
154 179
154 180
155 3
155 8
155 31
155 53
155 57
155 71
155 80
155 92
155 97
155 107
155 134
155 141
155 146
155 159
155 162
156 5
156 8
156 20
156 24
156 28
156 42
156 58
156 65
156 82
156 91
156 106
156 108
156 120
156 131
156 144
156 190
157 29
157 35
157 50
157 80
157 82
157 96
157 110
157 113
157 125
157 129
157 142
157 173
158 39
158 67
158 68
158 82
158 141
158 151
158 192
159 11
159 56
159 65
159 66
159 67
159 77
159 86
159 88
159 104
159 106
159 129
159 138
159 188
160 7
160 15
160 17
160 18
160 36
160 42
160 66
160 67
160 68
160 77
160 119
160 129
160 157
160 168
160 177
160 190
161 31
161 53
161 60
161 75
161 112
161 116
161 137
161 173
162 11
162 33
162 42
162 47
162 51
162 61
162 65
162 78
162 105
162 118
162 122
162 131
162 151
162 169
162 171
162 174
162 187
162 191
162 193
162 200
163 13
163 14
163 24
163 26
163 27
163 34
163 48
163 65
163 79
163 107
163 108
163 123
163 130
163 156
163 173
164 19
164 31
164 43
164 44
164 46
164 71
164 96
164 99
164 116
164 130
164 140
164 177
164 179
164 185
165 40
165 53
165 55
165 61
165 75
165 93
165 103
165 107
165 132
165 141
165 144
165 154
165 166
165 168
165 172
165 176
165 188
165 189
165 197
166 2
166 7
166 22
166 35
166 37
166 40
166 43
166 59
166 75
166 76
166 88
166 124
166 131
166 138
166 148
166 151
166 152
166 159
166 161
166 171
166 179
167 21
167 54
167 57
167 73
167 75
167 80
167 88
167 138
167 139
167 155
167 192
168 12
168 26
168 89
168 155
168 199
169 12
169 64
169 67
169 77
169 102
169 103
169 125
169 161
169 164
169 170
169 174
170 1
170 10
170 76
170 78
170 79
170 90
170 106
170 113
170 129
170 143
170 146
170 155
170 157
170 164
170 167
170 171
171 5
171 11
171 62
171 73
171 79
171 80
171 88
171 100
171 123
171 135
171 136
171 139
171 149
171 175
172 4
172 7
172 14
172 35
172 54
172 55
172 56
172 62
172 66
172 68
172 73
172 76
172 84
172 87
172 113
172 133
172 145
172 147
172 154
172 167
172 171
173 13
173 18
173 53
173 56
173 79
173 123
173 124
173 134
173 148
173 192
174 3
174 24
174 25
174 32
174 37
174 51
174 63
174 76
174 79
174 92
174 114
174 123
174 143
174 156
174 178
174 187
175 1
175 16
175 18
175 24
175 26
175 35
175 40
175 41
175 60
175 69
175 74
175 76
175 109
175 114
175 125
175 172
175 177
175 189
176 9
176 36
176 59
176 111
176 120
176 131
176 138
176 161
176 186
176 191
176 196
177 4
177 7
177 8
177 23
177 58
177 74
177 91
177 97
177 107
177 113
177 114
177 116
177 119
177 193
178 36
178 49
178 58
178 75
178 85
178 94
178 100
178 117
178 122
178 129
178 140
178 185
178 187
178 194
179 4
179 31
179 36
179 52
179 78
179 95
179 147
179 182
179 186
180 30
180 35
180 53
180 69
180 84
180 145
180 147
180 151
180 164
180 174
181 3
181 44
181 51
181 74
181 83
181 104
181 131
181 156
181 163
181 164
181 178
181 180
181 191
182 9
182 38
182 44
182 51
182 66
182 78
182 88
182 104
182 105
182 119
182 124
182 143
182 148
182 154
182 157
182 158
182 161
182 168
182 174
182 188
183 1
183 15
183 20
183 24
183 38
183 43
183 50
183 51
183 58
183 75
183 87
183 94
183 117
183 128
183 131
183 132
183 141
183 155
183 156
183 164
183 165
183 181
184 15
184 16
184 19
184 31
184 39
184 44
184 47
184 74
184 84
184 105
184 112
184 120
184 146
184 167
184 170
184 196
185 13
185 25
185 62
185 91
185 103
185 109
185 116
185 125
185 129
185 131
185 135
185 149
185 179
185 194
186 5
186 13
186 41
186 50
186 75
186 76
186 82
186 90
186 100
186 106
186 110
186 120
186 125
186 130
186 133
186 139
186 146
186 155
186 178
186 180
187 2
187 6
187 10
187 13
187 18
187 21
187 23
187 27
187 34
187 57
187 62
187 66
187 69
187 72
187 89
187 91
187 102
187 118
187 138
187 151
187 158
187 159
187 182
187 196
187 199
188 5
188 24
188 47
188 62
188 65
188 76
188 81
188 92
188 109
188 123
188 127
188 150
188 154
188 157
188 161
188 162
188 175
188 177
188 180
188 196
189 11
189 13
189 25
189 44
189 45
189 59
189 121
189 127
189 136
189 158
189 168
189 186
189 199
190 5
190 16
190 29
190 42
190 96
190 103
190 104
190 139
190 153
190 163
190 173
190 187
190 188
190 196
191 2
191 12
191 15
191 97
191 127
191 151
191 160
191 161
191 187
192 2
192 15
192 26
192 36
192 37
192 46
192 62
192 74
192 100
192 114
192 129
192 132
192 161
192 179
192 200
193 18
193 53
193 65
193 66
193 75
193 81
193 82
193 84
193 124
193 136
193 141
193 153
193 165
193 175
193 192
194 2
194 6
194 9
194 13
194 17
194 19
194 28
194 45
194 46
194 52
194 55
194 57
194 68
194 84
194 89
194 109
194 116
194 117
194 125
194 129
194 142
194 158
194 161
194 174
195 22
195 24
195 31
195 44
195 71
195 80
195 98
195 166
195 167
195 173
196 6
196 10
196 15
196 18
196 49
196 65
196 69
196 84
196 86
196 99
196 139
196 148
196 163
196 181
196 189
197 8
197 25
197 37
197 57
197 68
197 93
197 107
197 120
197 157
197 170
198 8
198 13
198 23
198 39
198 43
198 61
198 87
198 88
198 95
198 100
198 109
198 110
198 113
198 150
198 171
198 176
198 182
198 197
199 10
199 15
199 29
199 30
199 31
199 46
199 84
199 87
199 101
199 109
199 117
199 138
199 160
199 170
199 185
199 186
200 14
200 19
200 23
200 33
200 77
200 94
200 102
200 106
200 147
200 152
200 159
200 169
200 176
200 182

