250 500
63 45 63 47 57 103 53 69 84 74 32 106 26 98 114 104 68 53 101 83 60 112 115 32 37 111 50 115 82 90 101 63 80 110 49 118 30 59 21 58 118 102 62 37 71 55 120 72 51 119 22 108 69 26 22 42 30 95 90 21 116 120 65 108 44 89 57 86 89 62 29 26 43 28 104 86 92 97 94 109 87 63 39 42 33 115 86 34 23 39 100 111 102 48 109 119 38 106 102 87 70 47 59 47 55 64 113 32 55 65 94 100 63 79 95 101 54 74 26 92 79 29 66 104 108 117 83 81 112 115 28 25 36 91 35 93 82 117 51 27 116 26 91 119 117 116 54 37 46 60 106 71 24 111 105 116 87 89 43 74 31 99 60 26 63 29 36 81 69 84 104 87 73 114 119 36 38 48 59 80 115 49 84 26 90 41 79 28 57 57 65 28 106 20 117 119 51 57 80 113 73 35 27 78 27 52 98 58 108 91 30 102 48 95 42 76 37 48 73 25 45 101 62 36 71 58 115 90 64 33 43 21 71 113 60 54 52 98 44 20 44 46 111 119 67 51 51 115 79 24 
1 7
1 52
1 73
1 106
2 46
2 54
3 143
5 9
5 91
5 125
6 48
6 205
7 58
7 59
7 170
7 242
8 11
10 38
11 64
11 151
11 174
12 41
12 59
12 88
12 163
12 203
13 50
13 185
14 26
14 113
14 186
15 110
15 147
15 206
16 7
16 235
17 205
19 134
19 184
20 145
21 23
21 68
21 102
22 195
23 38
23 110
24 5
24 19
24 68
24 242
25 13
25 98
25 102
26 69
26 138
26 231
27 36
27 91
27 95
27 152
27 180
28 244
29 3
29 49
29 101
29 172
29 241
30 93
30 127
30 174
31 164
31 210
32 45
32 168
32 174
33 194
33 198
33 204
34 203
34 208
35 15
35 163
36 40
36 130
36 185
37 212
38 234
39 85
39 126
39 168
40 11
40 175
40 229
40 239
41 4
41 114
42 20
42 34
42 131
42 157
42 239
43 30
43 235
44 224
45 3
45 221
47 18
47 35
47 125
47 166
49 209
49 240
51 89
51 214
51 247
52 67
53 74
53 164
53 178
55 34
55 76
55 96
55 99
55 125
55 248
56 180
56 241
57 146
57 159
58 99
58 173
58 174
59 39
59 91
59 153
59 207
60 245
62 58
63 114
63 138
64 91
64 128
64 242
64 244
65 134
65 196
66 103
67 19
68 27
68 146
69 65
69 240
70 89
71 27
71 35
71 65
72 47
72 156
74 67
74 183
74 246
75 232
76 53
76 97
76 215
77 9
77 58
77 235
77 236
78 110
78 190
79 74
79 234
80 204
81 242
82 74
83 160
84 38
84 177
85 248
86 11
86 233
87 239
88 152
89 112
89 211
90 53
91 199
91 227
91 245
92 4
92 65
92 99
92 148
92 149
92 191
93 92
93 113
96 48
96 111
96 187
97 144
99 2
99 44
99 50
99 79
99 87
99 159
99 221
100 35
101 31
101 114
102 13
102 22
102 223
104 1
104 32
104 57
104 81
104 133
104 223
106 43
106 50
106 92
106 101
107 115
107 120
107 172
108 113
109 166
110 142
111 47
111 57
111 134
111 184
111 238
113 83
113 170
114 25
114 54
114 136
115 11
115 76
115 82
115 111
115 143
115 198
116 173
116 214
116 218
117 214
118 238
119 26
119 104
120 189
120 250
121 151
122 116
123 88
124 201
124 244
125 41
125 113
125 155
126 73
127 37
127 168
127 247
128 74
128 101
128 115
128 187
129 155
129 173
130 115
130 122
131 56
131 138
132 60
132 124
132 161
133 16
133 186
134 119
134 228
135 48
135 190
136 219
136 247
138 8
138 32
138 72
138 225
139 151
140 23
140 123
140 151
140 152
140 167
140 195
141 202
142 82
142 180
143 111
143 214
144 71
144 88
144 169
145 139
145 164
145 182
145 248
146 34
146 210
147 36
147 155
147 220
149 28
150 141
151 180
154 152
156 143
157 152
158 62
159 108
159 193
160 178
160 225
160 246
161 74
161 239
162 33
162 189
163 94
163 130
165 75
165 212
166 153
166 195
167 240
169 20
169 34
169 244
170 216
172 250
173 65
173 238
174 226
175 60
176 51
176 65
176 146
176 238
177 30
177 98
177 121
177 223
178 3
178 31
178 101
178 121
178 134
179 97
179 155
179 210
180 243
181 67
181 95
182 191
183 97
184 18
184 78
184 121
184 176
185 213
185 243
186 107
186 248
187 64
187 162
188 212
189 38
189 39
189 115
189 246
191 16
191 134
191 143
193 147
193 178
194 60
194 161
196 43
196 98
196 219
197 105
197 127
198 107
198 138
198 180
198 207
198 220
199 60
199 165
200 10
200 199
201 77
201 78
201 85
201 105
201 219
202 83
204 7
204 162
204 176
205 30
205 93
205 113
205 239
205 250
206 1
206 73
206 166
206 191
206 222
207 2
207 4
207 100
208 1
208 163
209 148
210 219
212 29
212 232
213 180
214 127
214 188
216 7
216 109
216 215
218 249
219 146
219 168
221 53
221 73
221 209
222 46
222 97
223 119
223 158
223 233
224 37
224 178
224 189
225 147
225 190
226 201
226 227
227 157
227 250
229 45
229 198
229 201
229 232
230 1
230 92
230 118
230 203
232 28
232 39
232 236
233 89
233 122
233 167
236 79
236 132
236 137
236 250
237 153
237 168
237 226
238 56
239 3
239 177
241 44
241 166
241 234
242 206
242 214
242 238
243 128
243 215
244 37
244 90
246 202
247 103
248 58
248 193
248 240
249 5

