250 500
110 51 115 116 70 98 53 87 38 78 66 75 92 36 38 82 118 117 87 71 25 117 98 80 70 53 85 24 86 63 108 59 33 21 41 96 67 119 22 97 78 75 34 49 82 34 102 119 79 102 31 92 35 116 119 40 120 98 118 109 42 89 39 57 53 32 75 44 99 76 40 42 116 29 75 58 71 22 119 111 89 87 48 52 40 111 116 37 43 39 39 60 39 65 29 98 60 70 97 93 37 48 46 111 21 70 89 63 108 53 96 70 63 78 22 54 39 113 85 48 27 32 95 30 59 103 96 44 89 52 49 117 79 90 109 28 85 80 66 32 55 56 106 90 56 48 69 116 70 102 57 25 113 59 82 49 47 98 63 34 108 47 116 20 87 103 106 85 30 56 68 48 45 75 76 42 42 68 36 44 24 22 113 108 110 51 29 120 80 67 31 114 21 64 42 80 28 34 27 31 30 86 36 26 69 51 55 31 104 26 110 101 53 42 117 42 22 95 58 42 66 92 43 30 43 76 78 67 73 40 20 43 51 60 119 86 43 118 30 88 52 75 37 46 60 112 57 96 115 30 
1 49
1 62
1 210
2 40
2 168
2 241
3 5
4 103
5 148
6 32
6 175
6 239
7 2
8 63
8 118
9 35
10 157
13 156
13 207
13 239
14 135
14 147
15 8
15 40
15 93
16 48
16 75
16 92
16 181
17 32
17 152
18 3
18 152
18 179
18 180
20 10
20 19
21 137
22 8
22 199
23 59
23 80
24 38
24 68
24 131
27 120
27 124
27 177
28 226
28 230
29 81
30 65
30 194
30 223
31 56
31 246
32 174
33 68
33 136
33 153
35 11
35 125
36 113
36 189
37 138
37 144
37 199
38 82
38 156
38 212
39 108
40 195
40 196
41 62
41 76
42 189
43 105
43 137
44 33
44 81
45 72
45 248
46 41
46 212
47 169
47 201
48 92
48 172
48 190
49 219
50 43
50 78
50 119
50 127
51 22
52 11
52 39
53 147
54 131
55 12
55 63
55 244
56 2
56 8
56 143
57 33
57 50
57 66
58 250
59 14
59 61
60 168
61 165
61 229
62 76
62 97
62 238
63 11
63 60
63 62
63 112
63 194
66 213
68 114
68 239
69 130
69 136
70 99
71 18
71 54
71 82
71 137
72 29
72 167
72 168
73 166
73 212
74 59
74 207
75 150
75 180
77 115
77 177
77 197
78 4
78 17
78 68
78 81
80 98
81 60
81 138
81 213
81 223
82 163
82 170
82 217
83 60
83 119
83 139
83 155
83 168
84 69
84 147
84 184
84 213
85 16
86 6
86 29
86 53
86 84
87 65
87 131
87 147
87 167
88 41
89 34
90 144
90 170
90 227
91 40
91 127
92 105
93 197
93 211
94 25
94 213
96 153
96 166
96 175
96 201
97 31
97 100
98 26
98 131
98 229
100 117
101 73
101 92
101 106
101 158
102 17
102 62
102 153
102 215
103 238
105 22
106 99
106 121
107 26
107 110
108 234
109 62
109 111
109 117
109 225
110 150
111 88
112 57
112 205
113 1
113 55
113 144
113 167
113 203
114 52
115 162
116 203
117 60
117 116
118 121
118 181
118 186
120 18
120 29
121 198
122 88
123 42
124 24
125 170
126 232
127 184
129 59
129 85
129 233
129 242
130 3
130 9
130 249
131 145
132 87
132 149
133 31
134 5
135 30
135 183
135 249
137 68
137 103
137 117
137 131
138 8
138 48
139 23
139 176
140 95
140 211
140 219
141 175
142 61
142 133
143 30
143 37
143 40
144 28
144 143
144 243
145 117
146 10
146 100
147 101
149 40
151 182
153 4
153 67
153 112
153 227
153 239
154 120
154 218
155 212
156 140
156 201
157 4
157 17
157 87
157 229
157 242
158 126
158 246
159 4
159 9
159 36
159 88
159 172
159 200
160 46
160 98
160 111
161 41
161 165
162 30
162 192
163 13
163 75
163 87
163 111
163 116
163 237
164 174
164 219
164 242
165 37
165 40
165 91
165 116
166 20
166 167
167 110
167 131
167 226
168 32
169 171
169 194
170 153
170 245
172 88
172 95
172 118
172 221
174 228
175 76
175 124
175 185
175 188
176 94
176 133
176 179
176 181
177 54
177 56
178 49
178 211
179 159
180 57
180 72
180 173
180 186
181 103
181 138
182 96
182 117
183 1
183 21
183 64
183 102
183 220
185 2
185 44
185 125
188 64
188 170
189 10
189 31
189 99
189 237
189 250
190 132
190 175
191 75
191 123
191 162
191 245
192 155
193 19
193 124
193 164
193 221
194 117
194 226
195 166
195 207
196 218
196 223
197 66
197 141
198 30
198 118
199 127
199 137
199 162
200 34
200 129
200 139
202 48
202 104
203 87
203 249
204 61
207 36
207 43
207 54
208 82
208 114
209 92
209 240
210 5
210 184
211 196
211 219
212 7
212 168
213 15
213 176
213 204
215 46
215 91
215 109
215 129
216 46
217 9
218 108
218 153
218 170
218 192
219 25
219 62
219 173
219 208
220 60
220 109
220 168
221 166
221 229
222 21
222 152
223 46
223 138
224 110
225 166
226 239
227 15
227 77
227 191
229 41
229 131
229 162
229 237
230 99
230 108
230 166
231 11
231 24
231 39
231 170
232 113
232 207
233 103
234 131
235 158
235 163
236 59
236 77
236 126
236 208
237 195
238 82
239 100
239 149
239 227
240 69
240 129
240 211
240 249
241 46
242 88
242 94
243 97
243 151
244 25
245 43
246 3
247 53
247 147
248 106
248 170
248 185
249 7
249 183
250 173
250 246

