100 100
83 95 69 91 81 68 61 113 80 77 62 47 26 60 51 25 39 112 50 93 97 63 82 65 103 120 21 48 82 63 86 81 40 114 23 56 30 100 119 23 41 73 25 40 105 109 104 59 38 78 54 107 50 35 109 113 58 49 105 47 24 55 114 70 100 26 36 78 91 27 44 62 101 67 103 120 89 89 113 93 39 78 53 59 62 91 51 66 119 53 116 105 52 84 95 21 52 92 76 38 
1 2
1 93
3 24
3 45
4 63
5 4
6 80
7 78
8 25
8 99
9 31
9 62
10 88
10 95
12 35
14 1
14 70
14 74
14 81
17 44
18 42
18 54
21 57
21 58
22 72
22 76
23 64
23 87
24 8
27 76
27 96
29 30
30 43
32 87
32 95
33 5
34 13
34 73
35 9
42 1
43 50
44 14
44 69
46 24
46 66
46 79
46 88
46 97
47 87
48 2
48 39
48 51
50 55
50 68
51 56
52 88
53 22
53 26
53 31
57 73
58 76
60 6
60 65
61 52
62 72
63 42
64 35
64 53
65 4
65 80
67 74
69 5
70 60
71 28
71 76
72 55
73 10
73 65
74 55
75 28
76 82
79 65
81 43
81 69
82 43
83 69
85 30
85 32
91 85
94 18
95 7
95 77
96 57
97 26
97 98
98 22
99 22
99 29
99 96
100 5

