200 2000
111 47 98 37 66 77 51 64 23 82 36 52 21 32 36 55 82 31 73 22 84 54 39 107 109 53 92 38 30 52 62 31 56 57 88 44 25 80 97 77 49 38 26 61 38 43 51 105 68 42 92 97 41 91 104 31 64 81 24 32 105 107 97 86 60 98 58 45 102 91 43 29 31 31 37 38 87 62 45 65 61 79 33 110 82 67 69 51 62 75 83 52 76 24 117 77 61 93 71 119 100 77 38 68 116 105 58 28 117 69 85 118 45 35 51 52 100 71 59 99 43 58 110 56 114 25 116 103 87 89 101 108 47 97 92 44 107 29 70 113 78 76 49 36 45 26 101 117 68 84 117 98 85 29 83 119 23 93 82 37 102 88 118 74 90 88 57 95 86 113 53 65 73 37 82 93 61 93 103 106 42 23 50 28 24 28 46 74 82 31 66 57 107 51 100 20 92 86 39 120 
1 7
1 36
1 53
1 84
1 99
1 114
1 117
1 151
1 154
1 181
2 113
2 124
2 127
2 164
2 173
2 176
2 184
2 191
2 197
3 49
3 52
3 63
3 79
3 82
3 94
3 157
3 172
3 180
3 185
4 29
4 83
4 96
4 138
4 189
4 199
5 9
5 74
5 105
5 117
5 135
5 137
5 164
5 167
5 185
6 10
6 24
6 42
6 96
6 106
6 112
6 124
6 191
6 197
7 6
7 96
7 117
7 127
7 155
7 184
7 198
8 14
8 59
8 60
8 62
8 76
8 90
8 114
8 116
8 190
9 3
9 7
9 14
9 76
9 106
9 154
9 160
9 187
9 195
10 9
10 23
10 39
10 40
10 56
10 85
10 90
11 92
11 147
11 154
11 159
11 163
11 167
11 171
11 196
12 1
12 3
12 11
12 54
12 61
12 75
12 116
12 121
12 131
12 144
12 169
12 172
12 191
13 26
13 37
13 66
13 76
13 78
13 95
13 104
13 110
13 122
13 152
13 162
13 164
13 178
13 189
13 191
14 25
14 37
14 66
14 75
14 102
14 105
14 109
14 131
14 185
14 198
15 5
15 38
15 109
15 129
15 149
15 193
15 200
16 24
16 101
16 125
16 132
16 138
16 151
16 188
17 12
17 21
17 88
17 90
17 125
17 153
17 163
17 172
17 176
17 184
17 193
17 198
18 29
18 60
18 61
18 75
18 92
18 117
18 126
18 134
18 137
18 139
18 163
18 181
19 3
19 7
19 10
19 34
19 42
19 51
19 87
19 120
19 194
19 196
20 17
20 19
20 22
20 52
20 74
20 157
21 13
21 39
21 86
21 92
21 100
21 104
21 108
21 125
21 131
21 138
21 143
22 9
22 15
22 18
22 43
22 102
22 109
22 136
22 144
22 158
22 159
22 163
23 26
23 34
23 35
23 66
23 85
23 132
23 161
23 169
23 173
23 181
24 23
24 72
24 78
24 91
24 96
24 138
24 161
24 164
24 168
24 182
25 20
25 22
25 35
25 40
25 51
25 64
25 87
25 91
25 106
25 120
25 126
25 140
25 160
25 163
26 5
26 48
26 53
26 63
26 149
26 151
26 175
27 3
27 10
27 18
27 28
27 64
27 91
27 124
27 132
27 135
27 137
27 145
27 159
27 173
28 15
28 58
28 69
28 135
28 150
28 156
28 191
29 2
29 36
29 38
29 50
29 89
29 91
29 177
29 197
30 31
30 42
30 47
30 93
30 102
30 104
30 108
30 117
30 122
30 135
30 136
30 147
30 159
31 12
31 19
31 37
31 68
31 97
31 100
31 133
31 142
31 146
31 152
31 172
32 65
32 66
32 76
32 90
32 91
32 96
32 108
32 143
32 159
32 168
32 175
32 176
32 197
33 37
33 42
33 61
33 62
33 87
33 97
33 104
33 107
33 124
33 135
33 151
33 163
33 168
34 38
34 89
34 104
34 107
34 158
34 181
35 9
35 24
35 47
35 64
35 68
35 93
35 110
35 111
35 126
35 144
35 150
35 165
35 182
36 15
36 23
36 142
36 147
36 154
36 168
36 199
37 4
37 9
37 41
37 60
37 77
37 94
37 110
37 135
37 137
37 143
37 164
37 173
37 191
38 20
38 21
38 30
38 126
38 127
38 150
38 188
39 183
39 185
39 188
40 18
40 23
40 44
40 49
40 57
40 73
40 97
40 106
40 116
40 122
40 134
40 141
40 160
40 174
40 177
40 179
40 181
40 193
41 4
41 46
41 53
41 83
41 86
41 89
41 90
41 94
41 121
41 122
41 124
41 139
41 154
41 161
41 174
41 192
42 8
42 24
42 27
42 88
42 101
42 129
42 167
42 188
43 17
43 26
43 41
43 64
43 80
43 124
43 152
43 187
43 189
43 191
43 197
44 33
44 35
44 66
44 85
44 90
44 101
44 127
44 141
44 159
44 178
45 74
45 88
45 134
45 144
45 151
45 172
46 42
46 49
46 51
46 76
46 100
46 111
46 114
46 131
46 133
46 148
46 150
46 165
46 179
47 23
47 40
47 58
47 71
47 144
47 164
47 169
47 193
48 17
48 46
48 49
48 50
48 77
48 115
48 145
48 158
48 166
48 199
49 10
49 15
49 74
49 95
49 152
49 169
49 176
49 179
50 41
50 42
50 44
50 69
50 85
50 88
50 134
50 137
50 154
50 160
50 164
50 176
51 36
51 68
51 88
51 109
51 122
51 123
51 128
51 151
51 175
52 1
52 38
52 49
52 88
52 95
52 96
52 108
52 121
52 132
52 155
52 192
53 11
53 19
53 87
53 90
53 107
53 135
53 156
53 165
54 48
54 90
54 107
54 122
54 147
54 155
54 159
54 166
55 4
55 10
55 16
55 58
55 59
55 68
55 71
55 115
55 130
55 176
55 194
56 12
56 19
56 25
56 27
56 77
56 88
56 116
56 134
56 179
56 185
57 1
57 12
57 19
57 26
57 48
57 49
57 81
57 97
57 120
57 154
58 16
58 33
58 34
58 135
58 138
58 145
59 10
59 18
59 28
59 34
59 46
59 52
59 58
59 72
59 96
59 101
59 128
59 143
59 158
59 164
59 170
60 54
60 55
60 56
60 69
60 85
60 87
60 89
60 111
60 142
60 161
60 188
61 27
61 51
61 54
61 82
61 107
61 109
61 164
61 166
61 191
62 16
62 31
62 60
62 65
62 82
62 96
62 121
62 122
62 130
62 155
62 160
62 161
62 175
63 5
63 36
63 45
63 74
63 128
63 131
63 148
63 152
63 186
63 190
64 70
64 77
64 102
64 115
64 160
64 182
64 187
65 23
65 39
65 76
65 88
65 119
65 136
65 143
65 165
65 186
66 9
66 12
66 18
66 22
66 49
66 78
66 115
66 119
66 128
66 178
67 17
67 72
67 78
67 99
67 117
67 122
67 126
67 134
67 156
67 168
67 189
67 196
68 15
68 23
68 39
68 40
68 61
68 111
68 113
68 117
68 119
68 142
68 156
68 162
68 163
68 166
69 17
69 73
69 122
69 151
69 155
69 167
69 170
69 199
70 7
70 52
70 66
70 76
70 83
70 91
70 119
70 134
70 155
70 165
70 174
70 189
71 35
71 37
71 48
71 49
71 75
71 77
71 104
71 108
71 116
71 141
71 148
71 151
71 160
71 167
71 196
72 1
72 4
72 37
72 53
72 62
72 84
72 86
72 143
72 170
73 27
73 35
73 45
73 70
73 71
73 75
73 93
73 126
73 147
73 152
73 172
74 19
74 46
74 124
74 163
74 171
75 3
75 27
75 54
75 77
75 91
75 98
75 101
75 125
75 127
75 146
75 148
75 177
75 185
76 7
76 27
76 82
76 124
76 129
76 184
77 43
77 58
77 62
77 78
77 82
77 100
77 156
77 187
78 12
78 30
78 34
78 59
78 68
78 73
78 118
78 140
78 179
78 190
79 7
79 45
79 59
79 102
79 135
79 154
79 167
80 51
80 60
80 115
80 132
80 135
80 150
80 190
80 191
80 198
81 20
81 111
81 127
81 130
81 169
82 9
82 11
82 19
82 26
82 29
82 36
82 37
82 41
82 49
82 55
82 78
82 140
82 146
82 171
82 176
82 193
83 24
83 27
83 62
83 67
83 71
83 82
83 88
83 173
83 189
84 5
84 11
84 60
84 64
84 71
84 146
84 151
84 168
84 193
85 21
85 25
85 39
85 77
85 86
85 91
85 104
85 115
85 129
85 134
85 142
85 147
85 150
85 162
85 164
85 170
85 173
86 22
86 27
86 32
86 91
86 92
86 120
86 132
86 137
86 151
86 163
86 185
87 39
87 76
87 80
87 81
87 109
87 125
87 128
87 148
87 165
87 178
87 179
88 6
88 21
88 57
88 67
88 69
88 93
88 114
88 143
88 170
89 31
89 71
89 87
89 98
89 101
89 104
89 115
89 131
89 136
89 145
89 151
89 178
89 187
89 188
89 199
90 30
90 31
90 58
90 120
90 139
90 148
90 181
91 88
91 105
91 149
91 188
92 20
92 87
92 88
92 90
92 96
92 98
92 108
92 121
92 165
92 173
92 178
92 187
93 17
93 34
93 43
93 58
93 61
93 64
93 70
93 114
93 157
93 175
94 19
94 20
94 43
94 55
94 74
94 84
94 147
94 155
95 50
95 75
95 98
95 99
95 117
95 146
95 147
95 154
95 159
95 172
96 53
96 56
96 63
96 72
96 94
96 98
96 105
96 106
96 154
96 156
96 163
97 6
97 9
97 35
97 43
97 61
97 72
97 135
97 162
97 168
97 172
97 175
97 187
97 191
97 197
98 21
98 23
98 30
98 65
98 74
98 76
98 77
98 78
98 81
98 83
98 129
98 138
98 153
98 197
99 11
99 17
99 24
99 33
99 44
99 70
99 88
99 90
99 102
99 130
99 145
99 172
100 2
100 3
100 106
100 123
100 165
100 172
100 186
100 193
101 6
101 25
101 33
101 37
101 43
101 87
101 91
101 111
101 130
101 142
101 149
101 156
101 170
101 175
102 40
102 61
102 72
102 85
102 113
102 121
102 131
102 150
102 187
102 196
103 16
103 27
103 49
103 85
103 91
103 97
103 111
103 147
103 173
104 6
104 66
104 81
104 90
104 98
104 112
104 120
104 147
104 155
104 191
104 194
104 197
105 4
105 29
105 54
105 62
105 84
105 128
105 130
105 158
105 161
105 184
105 190
105 197
106 38
106 52
106 67
106 69
106 91
106 136
106 179
106 185
106 188
107 44
107 45
107 49
107 56
107 58
107 76
107 87
107 94
107 95
107 96
107 118
107 157
107 169
107 192
108 3
108 23
108 43
108 44
108 132
108 143
108 169
109 1
109 59
109 69
109 94
109 126
109 138
109 151
109 159
109 165
109 184
109 189
110 3
110 4
110 14
110 19
110 48
110 55
110 102
110 107
110 112
110 118
110 120
110 122
110 155
110 156
110 159
110 173
110 192
111 21
111 22
111 64
111 138
111 158
111 163
112 7
112 11
112 28
112 32
112 37
112 39
112 41
112 58
112 129
113 51
113 131
113 145
113 163
113 191
114 58
114 59
114 63
114 64
114 67
114 68
114 108
114 118
114 171
114 178
114 200
115 6
115 27
115 28
115 46
115 69
115 107
115 150
115 168
115 175
115 187
115 194
116 67
116 105
116 108
116 117
116 127
116 133
116 144
116 151
116 163
116 175
116 192
117 97
117 168
117 192
117 195
118 24
118 105
118 153
118 156
118 172
118 182
118 185
118 186
119 23
119 35
119 67
119 79
119 99
119 103
119 125
119 151
119 162
119 179
119 194
119 197
120 16
120 34
120 41
120 53
120 73
120 78
120 91
120 93
120 97
120 98
120 121
120 127
120 133
120 138
120 182
120 183
120 191
121 19
121 46
121 54
121 71
121 83
121 105
121 108
121 141
121 157
122 16
122 42
122 52
122 60
122 64
122 84
122 87
122 91
122 96
122 97
122 144
122 153
122 160
122 177
122 194
123 7
123 24
123 28
123 36
123 41
123 42
123 56
123 62
123 94
123 119
123 133
123 151
123 158
124 34
124 39
124 46
124 152
124 172
124 183
125 13
125 19
125 23
125 106
125 131
125 151
126 4
126 40
126 42
126 97
126 112
126 146
126 159
126 167
126 175
126 188
126 189
126 195
126 200
127 27
127 50
127 105
127 108
127 122
127 129
127 141
127 171
127 174
127 185
127 188
127 197
128 19
128 53
128 77
128 106
128 116
128 122
128 123
128 135
128 150
128 164
128 176
128 183
128 188
129 13
129 17
129 28
129 30
129 36
129 55
129 74
129 81
129 100
129 134
129 144
129 150
129 163
129 174
129 193
129 200
130 9
130 18
130 42
130 56
130 93
130 159
130 182
130 187
131 45
131 106
131 126
131 142
131 158
131 175
132 32
132 38
132 59
132 68
132 70
132 134
132 169
132 172
132 179
133 7
133 25
133 32
133 41
133 102
133 109
133 121
133 141
133 180
133 189
134 16
134 26
134 31
134 32
134 34
134 51
134 92
134 93
134 98
134 114
134 128
134 171
134 187
135 50
135 59
135 69
135 82
135 94
135 111
135 153
135 157
135 161
135 165
135 200
136 4
136 16
136 68
136 84
136 146
136 172
137 23
137 32
137 68
137 82
137 99
137 106
137 116
137 140
137 147
137 152
137 184
138 19
138 34
138 63
138 83
138 84
138 139
138 170
138 172
138 184
139 16
139 19
139 42
139 44
139 99
139 130
139 145
139 196
140 38
140 39
140 42
140 46
140 49
140 76
140 110
140 130
140 136
140 145
140 191
141 62
141 86
141 116
141 168
141 177
141 179
141 181
142 21
142 78
142 82
142 186
143 6
143 8
143 11
143 17
143 28
143 34
143 43
143 101
143 119
143 120
143 144
143 150
143 153
143 188
144 21
144 32
144 83
144 108
144 112
144 118
144 163
144 187
144 194
145 11
145 20
145 51
145 53
145 67
145 110
145 116
145 138
145 149
145 165
146 2
146 14
146 20
146 28
146 39
146 47
146 48
146 66
146 90
146 96
146 97
146 110
146 116
146 150
146 170
146 195
147 14
147 38
147 39
147 52
147 56
147 99
147 112
147 139
147 156
147 194
147 200
148 24
148 79
148 91
148 132
148 192
149 46
149 47
149 61
149 102
149 128
149 132
149 141
149 170
149 174
149 175
149 191
150 16
150 60
150 95
150 97
150 154
150 165
150 174
150 178
151 10
151 19
151 63
151 67
151 100
151 107
151 121
151 147
151 191
152 69
152 114
152 130
152 134
152 136
152 142
152 148
152 191
152 200
153 50
153 63
153 108
153 119
153 127
153 132
153 151
153 180
153 182
153 185
153 197
154 2
154 24
154 43
154 58
154 70
154 89
154 103
154 155
154 179
154 189
155 2
155 3
155 14
155 29
155 63
155 99
155 141
155 162
155 174
155 194
156 18
156 30
156 31
156 42
156 55
156 64
156 78
156 102
156 155
156 197
157 44
157 78
157 80
157 90
157 122
157 124
157 132
157 141
157 147
157 192
158 16
158 82
158 115
158 116
158 162
158 169
158 195
159 20
159 69
159 78
159 114
159 122
159 144
159 146
159 152
159 174
159 192
160 7
160 23
160 35
160 42
160 58
160 87
160 100
160 193
161 5
161 8
161 36
161 44
161 53
161 54
161 73
161 96
161 179
161 187
162 27
162 39
162 148
162 154
162 190
162 194
162 198
163 49
163 176
164 8
164 9
164 10
164 19
164 62
164 71
164 77
164 100
164 114
164 120
164 157
164 158
164 177
164 199
165 4
165 33
165 71
165 81
165 82
165 158
165 176
166 120
166 159
166 161
166 183
166 197
167 7
167 12
167 61
167 97
167 111
167 118
167 139
167 171
167 175
167 189
168 9
168 17
168 96
168 105
168 130
169 35
169 74
169 95
169 97
169 104
169 125
169 162
169 164
169 166
169 167
169 187
170 23
170 26
170 44
170 61
170 115
170 173
170 182
170 193
171 16
171 18
171 26
171 59
171 76
171 81
171 103
171 110
171 140
171 154
171 192
171 193
172 21
172 63
172 77
172 133
172 151
172 167
173 72
173 102
173 139
173 155
173 200
174 34
174 53
174 85
174 91
174 117
174 137
174 144
174 166
174 167
175 13
175 70
175 78
175 80
175 92
175 127
175 139
175 197
175 200
176 1
176 48
176 52
176 66
176 75
176 78
176 107
176 144
176 155
176 194
177 3
177 31
177 42
177 64
177 97
177 113
177 128
177 150
177 154
177 172
177 183
177 200
178 22
178 34
178 41
178 60
178 72
178 76
178 94
178 103
178 119
178 128
178 144
178 151
178 153
178 176
178 190
179 5
179 7
179 11
179 21
179 30
179 41
179 62
179 122
179 131
179 136
179 163
179 166
180 21
180 30
180 36
180 51
180 54
180 64
180 98
180 100
180 131
180 160
180 163
180 175
181 64
181 69
181 103
181 122
181 124
181 133
181 134
181 142
181 150
181 157
181 182
182 27
182 42
182 53
182 58
182 96
182 116
182 132
182 159
182 175
182 176
183 6
183 20
183 43
183 73
183 127
183 143
183 150
183 167
183 168
183 178
183 191
184 1
184 83
184 86
184 111
184 121
184 155
184 178
185 36
185 54
185 79
185 88
185 89
185 105
185 116
185 130
185 136
185 137
185 142
185 171
185 179
185 180
186 27
186 43
186 44
186 49
186 71
186 82
186 92
186 95
186 115
186 123
186 130
186 132
186 149
186 153
186 160
186 183
187 7
187 17
187 28
187 60
187 81
187 91
187 99
187 125
187 128
187 135
187 184
188 14
188 40
188 50
188 58
188 63
188 84
188 153
188 178
188 183
189 93
189 99
189 121
189 123
189 131
189 141
189 190
189 195
190 4
190 6
190 11
190 30
190 34
190 65
190 75
190 81
190 111
190 148
191 5
191 22
191 24
191 30
191 85
191 88
191 95
191 99
191 131
191 185
192 23
192 24
192 27
192 44
192 76
192 83
192 89
192 118
193 1
193 10
193 37
193 41
193 98
193 103
193 114
193 118
193 133
193 134
193 159
193 169
194 15
194 18
194 41
194 46
194 51
194 52
194 71
194 152
194 196
195 14
195 56
195 59
195 114
195 121
195 176
195 193
196 16
196 17
196 20
196 30
196 36
196 44
196 55
196 99
196 112
196 114
196 137
196 138
196 152
196 162
196 172
196 173
196 185
197 34
197 66
197 82
197 91
197 121
197 140
197 155
197 167
197 174
197 183
197 189
198 12
198 15
198 24
198 58
198 68
198 93
198 127
198 139
198 196
199 3
199 5
199 38
199 40
199 78
199 79
199 106
199 118
199 122
199 144
199 150
199 176
199 191
200 16
200 46
200 62
200 65
200 79
200 82
200 141
200 163
200 178
200 188

