300 1000
76 38 102 39 57 114 93 38 68 21 22 40 29 27 33 39 92 70 103 84 43 75 61 104 49 89 109 40 36 89 30 21 54 46 53 98 85 118 47 24 114 103 43 52 105 20 83 36 76 54 45 54 96 115 49 115 62 58 116 96 54 120 44 53 65 81 38 38 35 57 61 103 88 79 104 23 76 71 93 67 59 113 81 48 58 26 77 52 58 36 101 39 40 81 46 55 90 77 62 83 30 113 65 27 22 53 71 51 105 38 30 76 50 89 27 43 92 94 56 98 91 40 64 108 73 20 105 113 74 110 96 102 103 106 110 30 113 86 49 97 20 26 50 95 80 81 83 99 35 94 50 105 106 89 56 116 116 92 61 46 76 21 99 70 101 109 36 47 67 25 38 31 73 52 61 44 57 62 71 45 39 116 28 70 74 26 75 24 21 92 105 42 106 86 68 106 61 102 112 55 117 37 55 84 49 60 49 104 63 30 54 106 48 102 69 26 82 80 66 113 76 97 90 120 34 82 33 116 114 105 68 88 104 60 99 91 65 118 76 119 101 77 59 85 43 39 72 109 44 92 35 102 79 108 70 57 39 103 55 93 26 26 74 35 41 104 82 42 45 110 95 54 105 23 25 34 46 80 51 100 49 105 86 28 87 38 49 77 29 103 101 109 74 104 32 45 95 92 59 85 
1 21
1 226
2 56
2 83
2 104
2 281
3 8
3 294
4 69
4 296
5 72
5 222
5 233
5 266
6 19
6 55
6 121
6 160
6 164
7 200
7 273
7 295
8 115
8 184
8 213
9 29
9 153
9 262
9 278
9 281
10 84
11 87
11 114
11 122
11 189
11 238
11 266
12 28
12 110
13 30
13 77
13 284
15 118
15 171
17 57
17 211
17 284
18 7
18 56
19 99
19 124
19 231
19 248
19 250
19 291
20 35
20 101
21 2
21 197
21 289
22 28
22 205
22 219
22 222
22 237
23 22
23 147
24 16
24 83
24 170
24 219
24 227
24 286
25 31
25 44
25 98
25 143
25 262
25 263
25 285
26 58
26 69
26 161
26 183
26 251
27 164
27 245
28 39
28 47
29 72
30 38
30 129
30 136
30 263
31 21
31 182
31 198
31 223
31 257
31 275
32 20
32 96
32 149
33 29
33 66
34 5
34 31
34 40
34 154
34 284
35 49
35 116
35 163
35 227
36 7
36 33
36 160
36 233
36 243
38 16
38 88
38 182
38 191
38 209
39 21
39 96
39 272
40 2
40 128
40 135
40 161
40 181
40 232
40 258
40 263
40 289
41 69
41 146
41 228
41 239
42 62
42 191
43 4
43 62
43 139
43 217
44 219
45 83
45 96
46 17
46 43
46 143
46 235
46 242
47 64
47 101
47 123
48 11
48 18
48 107
48 189
48 204
48 229
48 246
49 105
50 199
51 40
51 75
51 122
51 182
52 106
53 160
54 132
54 288
55 171
55 194
56 120
56 238
57 25
57 61
57 212
57 234
57 258
57 295
58 182
58 243
59 31
59 69
59 178
59 210
59 294
60 83
60 87
60 169
60 273
61 10
61 94
61 261
61 281
62 59
62 287
63 83
63 159
63 287
63 289
63 293
64 55
64 91
64 117
64 120
64 143
64 259
65 154
65 169
65 187
65 266
66 44
66 86
66 188
66 201
67 131
67 156
67 185
67 249
67 297
68 37
68 145
68 189
69 13
69 42
69 43
69 132
69 166
69 198
69 205
70 133
70 141
71 195
71 272
72 22
72 131
72 243
72 246
73 35
73 44
73 51
73 127
73 140
74 12
74 71
74 224
74 229
75 10
75 31
75 87
75 254
76 291
77 39
77 99
78 1
78 27
78 30
78 126
78 167
78 170
79 7
79 108
79 242
79 252
80 15
80 17
80 23
80 107
80 187
80 222
80 254
81 264
82 67
82 174
82 176
83 40
83 70
83 84
83 166
83 212
83 267
83 298
84 19
84 82
85 2
85 267
85 271
86 77
86 121
86 287
86 299
87 79
87 237
88 44
88 52
88 57
88 77
88 99
88 195
89 103
89 123
89 260
90 152
91 10
91 33
91 74
91 250
92 178
93 116
94 14
94 39
95 37
95 166
95 250
96 212
96 229
96 273
97 40
97 173
97 197
98 141
99 36
99 131
99 185
100 46
100 97
100 176
100 253
100 261
100 282
101 168
101 193
101 276
102 86
102 90
102 134
102 171
102 221
103 122
103 172
103 212
104 71
104 215
104 262
105 115
105 184
105 249
106 224
106 232
106 274
107 35
107 106
107 207
108 84
108 110
108 154
109 36
109 205
109 212
110 69
110 141
110 188
111 20
111 24
111 135
111 175
111 179
111 300
112 12
112 206
112 211
113 63
113 68
113 161
113 164
114 117
114 155
114 157
114 192
114 261
114 297
115 47
115 63
115 88
115 202
115 234
116 28
116 48
116 149
117 15
117 182
117 193
117 281
117 283
118 35
118 68
118 196
118 208
119 96
120 9
120 52
120 82
120 131
120 155
120 271
121 128
122 31
122 94
122 141
122 164
122 187
122 291
122 296
123 155
123 274
124 13
124 53
125 193
125 231
125 245
125 250
126 16
126 100
126 184
127 99
127 109
127 185
127 214
128 4
128 255
129 251
129 284
130 24
130 150
130 289
131 160
131 217
131 289
132 9
132 47
133 25
133 202
134 37
134 77
134 155
134 181
134 278
135 24
136 98
136 131
136 204
136 300
137 139
137 165
138 9
138 148
138 287
139 37
139 82
139 258
140 10
140 199
140 229
140 263
141 158
141 175
142 14
142 111
143 54
143 278
144 17
144 220
145 122
145 136
145 139
146 22
146 186
147 57
147 76
147 284
148 88
148 127
148 145
150 3
150 27
150 30
150 53
150 78
151 121
151 122
151 160
151 215
151 218
151 251
152 2
152 138
152 186
153 146
154 28
154 239
155 212
156 153
156 199
156 272
157 100
157 175
157 284
158 19
158 69
158 136
158 142
158 207
159 54
159 85
159 138
159 234
159 250
159 264
160 18
160 47
160 95
160 147
161 156
161 163
162 172
162 237
162 276
163 129
163 217
164 82
164 83
164 105
164 118
164 182
164 288
165 25
165 115
165 127
166 79
166 114
166 169
166 226
166 241
166 265
166 277
166 278
167 50
167 168
167 259
167 265
168 27
168 34
168 77
169 13
169 52
169 106
169 270
170 30
170 215
171 71
171 89
171 97
171 226
172 136
172 190
173 82
173 176
173 213
174 54
174 62
174 84
174 135
174 142
174 253
174 272
174 299
175 48
175 77
176 65
177 79
177 84
177 130
177 148
177 276
178 8
178 13
178 96
179 15
179 194
180 21
180 92
180 219
180 285
181 155
181 201
181 217
182 124
182 158
182 228
182 244
182 246
182 266
182 286
183 110
183 165
183 254
184 165
184 275
185 82
185 117
185 158
185 194
186 31
186 103
186 273
187 56
187 259
187 271
187 297
188 39
188 212
188 234
189 36
189 55
189 156
189 218
189 274
189 290
190 19
190 92
190 212
190 249
190 300
191 131
191 208
191 228
191 286
193 38
193 61
193 295
194 71
194 105
194 176
194 182
195 21
195 98
195 181
195 287
196 75
196 154
196 156
196 195
196 284
197 48
197 85
197 150
197 222
198 75
199 178
200 32
200 147
201 158
201 161
202 17
202 27
202 58
202 93
202 246
203 175
203 180
203 207
203 250
203 264
204 39
204 44
204 101
204 144
204 152
205 25
205 130
205 171
205 283
206 88
207 8
207 51
207 225
207 252
208 68
208 298
209 26
209 271
209 273
210 45
210 138
210 247
211 85
211 260
212 8
212 10
212 39
212 45
212 111
212 195
213 79
213 83
213 85
213 122
213 210
213 255
214 151
215 55
215 229
217 154
217 251
218 8
218 37
218 205
218 257
218 267
219 20
219 72
219 175
220 66
220 117
220 199
221 9
221 87
221 129
221 166
221 209
221 225
222 29
222 74
222 138
222 213
222 271
222 272
223 179
224 44
224 122
224 142
224 248
225 6
225 130
225 216
225 220
225 247
226 114
226 250
226 289
227 18
227 77
227 167
227 205
227 216
227 298
228 100
228 108
228 169
228 199
228 232
228 276
228 290
229 70
229 80
229 150
229 160
229 296
230 94
230 96
230 161
230 236
230 271
231 58
232 32
232 97
232 102
232 112
232 236
233 11
233 21
233 191
233 203
233 229
234 43
234 120
234 124
234 209
234 248
234 274
235 71
235 242
235 248
236 5
236 209
237 178
238 18
238 118
238 267
239 6
239 96
239 184
239 286
240 78
240 139
240 226
240 268
241 6
241 22
241 109
241 253
241 262
242 14
242 55
242 81
242 148
242 231
243 31
244 36
244 62
244 106
244 110
244 113
244 141
244 201
245 19
245 47
245 83
245 216
245 227
245 287
246 23
246 149
246 260
247 4
247 5
247 97
247 220
247 240
248 83
248 131
249 1
249 30
249 76
249 176
249 222
250 74
250 196
250 222
251 152
251 181
252 14
252 34
252 159
252 166
252 279
253 6
253 77
253 170
253 270
254 163
254 264
255 109
255 171
256 232
257 101
257 118
257 120
257 165
257 256
258 92
258 162
258 200
259 65
259 138
259 157
259 183
259 188
259 276
260 140
260 148
260 210
261 31
261 171
261 223
261 234
262 35
262 36
262 72
262 115
262 172
262 236
262 296
263 20
263 37
263 108
263 214
264 19
264 117
264 285
265 22
265 118
265 178
265 230
265 257
266 94
266 116
266 200
266 271
266 276
267 52
267 281
268 27
268 86
268 163
268 224
269 41
269 95
269 170
269 196
270 50
270 65
270 181
270 280
271 78
271 122
272 243
272 300
273 113
274 59
274 262
275 117
276 22
276 33
276 62
276 236
276 274
277 46
277 122
277 126
277 248
278 30
278 160
278 208
278 246
279 133
279 154
279 203
280 45
280 93
280 154
280 155
280 283
281 121
281 238
282 94
282 146
283 4
284 71
285 210
286 145
286 216
287 96
287 108
287 134
288 81
288 255
289 20
289 47
289 90
289 153
290 41
290 249
290 286
291 208
291 218
292 157
293 202
294 98
294 160
294 185
294 223
294 264
295 56
296 147
296 231
296 297
297 43
297 80
297 85
297 265
298 160
298 173
298 211
299 2

