200 1000
93 50 22 74 41 60 27 70 64 106 55 36 95 85 45 64 83 46 109 105 93 112 64 53 86 111 110 99 48 50 68 99 85 62 38 47 110 102 101 69 77 29 80 107 72 89 108 120 52 52 40 97 33 106 38 59 30 57 66 39 97 63 57 74 64 95 91 80 48 81 52 38 104 56 77 116 118 63 61 103 66 60 59 97 85 75 40 25 66 113 65 57 43 80 29 25 23 64 30 41 110 99 33 113 100 27 75 24 69 113 38 109 32 77 28 107 54 76 22 24 72 57 98 43 120 70 110 76 33 100 29 45 44 62 118 65 114 120 50 61 29 42 52 35 57 110 26 98 112 38 34 64 92 114 32 66 73 33 83 43 59 88 90 27 96 36 27 117 96 105 37 65 85 42 114 32 83 38 32 34 117 37 47 49 84 104 115 97 61 52 61 77 114 113 40 111 71 45 29 51 
1 51
1 97
1 122
1 133
1 159
1 177
1 191
2 9
2 42
2 63
2 193
2 194
3 45
3 101
3 108
3 175
3 187
3 200
4 112
4 135
4 187
5 26
5 32
5 56
5 71
5 83
5 122
5 156
5 195
6 64
6 157
6 180
7 31
7 40
7 68
7 131
7 167
7 177
8 5
8 117
8 119
8 122
9 83
9 125
9 156
9 174
10 42
10 44
10 102
10 119
10 130
10 138
11 15
11 43
11 97
11 154
12 70
12 77
12 81
12 89
13 118
13 124
13 136
13 176
13 189
14 3
14 15
14 81
14 105
14 121
14 138
14 150
14 160
15 94
15 186
16 23
16 64
16 108
16 177
16 193
17 16
17 36
17 50
17 97
17 197
17 199
18 28
18 106
18 125
18 156
18 159
18 182
18 183
19 3
19 46
19 67
19 72
20 17
20 51
20 65
20 84
20 101
20 102
21 53
21 149
21 157
21 184
21 200
22 50
22 117
22 143
22 149
23 1
23 28
23 63
23 73
23 121
24 91
24 137
25 59
25 92
25 119
25 141
25 184
26 15
26 38
26 52
26 75
26 91
26 99
26 160
26 162
26 187
27 4
27 17
27 31
27 91
27 101
27 142
27 157
27 183
27 186
27 193
28 19
28 22
28 51
28 103
28 121
28 130
28 148
28 152
29 11
29 96
29 137
29 162
30 11
30 22
30 28
30 170
31 68
31 109
31 129
31 147
31 197
32 21
32 167
32 188
33 38
33 52
33 84
33 140
33 192
34 6
34 14
34 43
34 46
34 137
35 64
35 140
36 27
36 86
36 173
37 40
37 139
38 24
38 73
38 130
38 145
38 170
38 192
39 101
39 103
39 129
39 167
40 3
40 18
40 111
40 151
40 173
40 190
41 5
41 65
41 198
42 8
42 32
42 147
42 160
42 169
42 195
43 14
43 28
43 37
43 157
43 163
43 200
44 88
44 170
45 41
45 68
45 76
45 85
45 94
45 159
45 182
46 7
46 39
46 96
46 107
46 186
46 192
47 10
47 66
47 120
47 191
48 2
48 166
48 188
48 198
49 64
49 154
49 184
50 109
50 145
50 161
51 17
51 37
51 49
51 81
51 181
52 51
52 98
52 135
52 181
53 46
53 182
53 188
54 7
54 52
54 162
54 177
55 159
55 162
56 8
56 26
56 30
56 57
56 146
56 166
57 54
57 59
57 83
57 107
57 148
57 188
57 192
58 27
58 78
58 81
58 113
58 156
58 179
59 115
59 148
59 179
59 184
59 190
60 25
60 47
60 148
60 149
60 151
60 176
61 55
61 81
61 94
61 183
61 196
62 26
62 31
62 63
62 89
62 123
62 133
63 54
63 55
63 91
63 161
64 33
64 183
65 8
65 34
65 114
65 122
65 138
66 16
67 18
67 63
67 100
67 134
67 141
67 152
68 1
68 16
68 44
68 66
68 136
68 149
68 151
68 164
69 19
69 24
69 33
69 53
69 72
69 77
69 88
69 175
69 192
70 20
70 132
70 142
70 169
70 173
71 12
71 30
71 38
71 40
71 47
71 70
71 89
71 154
72 54
72 57
72 82
72 128
72 189
72 194
73 141
73 151
73 161
74 61
74 70
74 144
75 6
75 10
75 19
75 21
75 106
75 131
75 139
75 141
75 153
76 20
76 31
76 168
77 25
77 107
77 138
77 149
77 158
77 163
78 41
78 99
78 178
78 185
78 186
78 197
79 45
79 50
79 78
79 123
79 131
79 168
79 172
79 177
80 3
80 13
80 137
80 154
80 163
81 34
81 41
81 131
82 50
82 97
82 111
82 147
82 158
83 72
83 76
83 168
84 26
84 42
84 109
84 178
85 51
85 145
85 191
86 135
86 163
86 167
87 21
87 83
87 132
87 134
88 10
88 74
88 96
88 168
88 185
89 43
89 83
89 106
89 160
89 184
89 192
89 200
90 4
90 37
90 55
90 75
90 122
91 5
91 22
91 41
91 111
91 142
91 146
92 14
92 41
92 116
92 127
92 168
93 47
93 72
93 86
93 116
94 31
94 54
94 119
94 124
94 160
95 28
95 48
95 50
95 64
95 72
95 104
95 117
95 129
95 130
95 151
95 174
96 16
96 22
96 68
96 132
97 31
97 36
97 45
97 93
97 116
97 129
97 157
97 170
98 109
98 121
98 187
99 30
99 159
99 174
100 11
100 82
100 84
100 88
100 111
100 141
100 199
101 31
101 115
101 155
101 158
101 195
102 88
102 110
102 122
102 179
103 21
103 35
103 52
103 139
104 81
104 93
104 106
104 107
104 114
104 170
104 190
105 23
105 51
105 147
105 156
106 66
106 109
106 125
107 13
107 19
107 25
107 56
107 73
107 152
107 183
107 189
108 8
108 14
108 23
108 32
108 60
108 125
108 133
108 160
109 23
109 117
109 138
109 154
109 157
109 158
109 159
110 50
110 116
110 184
111 24
111 95
111 134
112 35
112 43
112 57
112 100
112 101
112 131
112 182
113 26
113 109
114 11
114 34
114 35
114 44
114 109
114 136
114 148
115 77
115 118
115 193
116 1
116 94
116 132
117 52
117 72
117 93
117 113
117 166
117 195
118 128
118 163
118 186
119 63
119 172
119 181
120 9
120 22
120 37
120 97
120 112
120 144
120 154
120 161
120 164
121 80
121 143
122 19
122 25
122 28
122 129
122 155
122 178
122 183
123 109
123 145
123 149
123 165
123 178
124 91
124 93
125 29
125 37
125 42
125 46
125 72
125 154
125 162
126 68
126 71
126 131
126 173
126 174
127 47
127 77
127 102
127 166
128 5
128 21
128 27
129 13
129 17
129 58
129 67
129 149
129 185
130 16
130 52
130 58
130 102
130 106
130 187
131 13
131 31
131 52
131 76
131 116
131 123
131 199
132 28
132 31
132 36
132 95
132 144
132 168
132 185
132 200
133 8
133 51
133 106
133 185
134 29
134 68
134 81
134 92
135 37
135 70
135 98
135 111
135 182
136 7
136 31
136 45
136 75
136 141
136 158
137 45
137 64
137 79
137 109
137 143
138 22
138 23
138 106
138 123
138 152
138 199
139 48
139 123
139 128
139 157
139 163
140 7
140 46
140 65
140 99
140 107
140 117
140 139
140 155
141 11
141 81
141 155
141 161
141 192
142 22
142 47
142 62
142 110
142 126
142 165
142 167
142 186
142 192
143 46
143 134
143 160
143 163
143 172
144 37
144 43
144 71
144 108
144 168
144 174
144 183
145 16
145 22
145 28
145 134
145 140
145 180
146 43
146 76
146 103
146 112
146 132
146 178
147 15
147 98
147 106
147 119
147 138
147 190
148 46
148 51
148 104
148 156
148 197
149 14
149 27
149 70
149 90
149 97
149 107
149 108
150 25
150 46
150 98
151 100
151 105
151 119
151 148
152 6
152 69
152 135
153 4
153 16
153 79
153 94
153 198
154 32
154 81
154 134
154 138
154 168
154 191
155 20
155 45
155 91
155 158
155 173
156 8
156 21
156 29
156 34
156 52
156 53
156 96
156 111
157 32
157 39
157 80
157 136
157 145
157 188
158 57
158 123
158 125
158 165
158 172
158 176
158 185
158 195
159 74
159 89
159 103
159 128
159 131
159 144
159 146
160 20
160 61
160 134
160 181
161 9
161 67
161 68
161 87
161 112
162 66
162 76
162 79
162 129
162 155
163 4
163 5
163 119
163 126
163 138
163 154
163 171
164 25
164 98
164 103
164 129
164 142
165 54
165 69
165 92
166 75
166 86
166 126
166 145
166 192
166 197
167 43
167 161
168 34
168 145
169 2
169 40
169 60
169 64
169 165
169 177
169 187
170 16
170 107
170 186
171 71
171 144
172 11
172 74
172 88
172 163
173 115
173 148
174 21
174 158
174 166
175 15
175 54
176 23
176 37
176 41
176 77
176 139
176 141
176 148
176 174
176 179
177 20
177 117
177 139
178 49
178 87
178 98
178 121
178 141
178 157
178 192
179 7
179 52
179 66
179 74
179 151
180 62
180 89
180 93
180 109
180 120
180 156
181 70
181 166
181 172
182 74
182 92
182 114
182 128
182 133
182 198
183 36
183 70
183 140
183 152
183 172
183 175
184 36
184 92
184 94
184 196
185 7
185 25
185 33
185 126
186 37
186 44
186 48
186 113
186 114
186 197
187 8
187 32
187 85
187 154
188 5
188 160
189 23
189 92
189 111
189 140
189 171
189 187
190 138
190 166
190 187
190 188
191 70
191 77
191 83
191 89
191 126
191 128
191 165
192 13
192 82
192 94
192 153
192 157
193 14
193 32
193 36
193 55
193 116
193 143
194 134
194 143
194 168
195 83
195 97
195 114
195 138
195 165
196 42
196 146
196 147
196 161
197 16
197 23
198 23
198 27
198 60
198 126
198 144
198 193
199 35
199 41
199 52
199 61
199 123
200 24
200 65
200 129
200 130
200 160
200 172
200 199

