300 500
117 49 56 68 25 59 25 34 84 103 101 85 49 79 38 70 86 103 94 119 108 116 56 77 117 119 72 48 74 42 51 102 47 30 68 71 26 102 76 89 108 112 85 23 79 104 39 96 56 65 56 21 116 111 73 64 41 95 28 24 64 106 29 113 38 72 82 89 37 35 49 60 31 115 51 97 81 120 100 53 48 94 34 46 63 111 48 90 110 33 91 39 68 51 71 104 97 62 62 107 100 93 50 40 113 51 101 89 113 108 57 68 46 80 29 60 74 115 97 106 41 101 41 70 79 64 29 82 40 99 55 22 115 62 37 120 106 103 114 67 51 75 25 90 82 80 77 105 115 100 119 103 84 31 56 52 92 53 61 82 27 113 65 21 92 91 51 92 71 55 54 76 77 114 83 110 24 71 86 28 45 47 42 69 49 69 59 83 37 20 53 27 30 117 65 68 112 52 75 101 58 37 29 94 25 83 49 36 73 88 101 41 64 48 61 66 107 116 112 78 68 48 47 120 60 58 120 32 53 33 54 33 53 108 75 52 98 90 47 33 55 102 35 51 75 35 32 50 61 50 25 94 92 71 118 76 33 54 39 27 107 26 110 38 25 45 47 67 72 112 76 99 86 35 45 36 44 56 111 63 97 115 34 27 96 85 25 61 54 113 66 43 94 82 106 108 100 35 103 50 
1 78
2 273
3 294
5 214
6 115
6 224
6 236
6 278
7 26
7 39
7 61
7 88
7 232
8 199
8 201
8 237
9 71
9 135
9 164
9 175
9 204
11 97
11 165
14 59
14 144
14 156
14 247
15 17
15 21
15 276
17 2
17 62
17 80
17 216
18 294
19 11
19 58
19 81
20 206
20 239
21 228
21 270
22 61
22 109
22 138
22 235
22 265
25 148
25 211
25 288
26 40
26 219
26 297
27 61
27 216
28 79
28 247
28 280
29 36
29 62
29 117
29 273
31 282
32 44
33 220
34 78
35 286
36 99
36 110
36 205
36 253
38 18
38 107
40 158
40 271
40 273
41 263
42 79
42 283
42 298
43 286
45 282
45 295
46 267
46 281
47 69
49 76
49 82
49 95
51 96
52 155
52 189
52 246
52 290
53 21
53 93
53 106
54 93
54 102
54 163
54 278
55 43
56 37
56 210
57 205
58 299
60 221
61 2
61 51
61 148
63 64
63 150
64 70
65 71
65 93
65 154
67 180
69 142
69 216
69 264
69 269
70 141
70 200
70 228
70 299
71 128
71 192
72 9
72 220
73 138
73 233
73 248
73 258
75 5
75 120
75 127
75 217
75 289
76 118
76 179
77 2
77 268
79 18
79 179
80 20
82 9
82 97
82 247
83 100
83 124
83 129
84 125
84 134
84 196
85 16
86 209
86 290
88 90
88 228
89 7
89 88
89 255
90 62
90 163
90 207
91 5
91 96
91 144
92 18
92 266
93 90
93 227
93 258
95 203
97 26
97 230
98 146
98 151
98 285
98 295
99 70
99 102
99 231
100 56
100 81
100 191
101 286
102 123
102 146
104 29
104 63
106 111
106 216
106 282
107 34
108 147
108 223
110 124
111 124
111 242
115 56
115 234
115 263
117 20
117 61
119 11
119 55
119 146
119 150
119 278
120 240
121 86
121 165
123 126
123 138
123 226
124 94
124 119
126 18
126 35
127 31
127 32
127 199
129 13
129 35
130 12
130 70
130 229
130 243
131 64
131 168
132 186
133 88
133 102
134 212
135 71
136 37
137 53
137 92
138 24
138 114
141 55
141 211
141 237
142 189
142 209
142 295
143 129
143 254
145 108
146 95
147 50
147 68
148 48
149 116
150 245
151 49
151 195
151 273
152 68
152 92
153 177
153 218
154 83
154 144
154 226
155 211
157 20
157 226
158 298
159 16
159 100
159 281
160 6
160 113
161 89
161 114
161 284
163 13
163 214
164 8
164 92
164 178
165 36
165 221
166 55
166 122
167 60
167 79
168 72
170 55
170 265
171 151
171 172
171 205
172 220
173 51
173 111
174 81
174 167
174 255
174 281
175 53
175 109
175 168
176 65
176 243
176 260
176 287
177 163
177 281
178 72
178 271
179 287
180 221
181 265
182 242
183 81
184 25
185 142
185 237
188 121
188 126
189 17
189 180
189 279
190 223
191 157
192 115
194 254
194 258
195 70
195 248
196 51
196 206
197 26
197 231
198 164
199 20
200 168
200 194
203 154
203 222
205 257
205 259
206 139
206 251
207 159
207 266
207 287
209 25
210 229
211 91
211 198
212 11
213 59
213 151
213 169
214 114
214 291
215 157
216 46
216 97
216 137
217 30
217 77
217 78
218 55
218 269
219 34
219 82
221 20
221 254
223 260
223 279
224 56
228 84
230 100
231 209
231 229
232 21
232 147
232 206
233 86
233 113
233 159
233 203
234 32
234 56
234 149
234 226
235 60
236 87
237 119
237 183
237 269
238 160
240 135
240 205
241 144
243 14
243 90
243 206
245 145
247 118
247 254
248 282
249 59
249 168
250 70
251 179
252 73
252 157
252 237
252 280
253 102
253 187
253 232
254 211
254 225
256 219
258 102
258 121
259 11
260 253
261 47
261 124
261 212
261 236
264 204
264 252
265 10
265 157
265 191
266 173
267 154
267 213
268 238
269 45
269 143
270 249
271 47
271 79
271 122
271 154
271 238
272 295
273 22
273 182
274 76
274 143
275 24
275 62
276 289
277 294
278 60
279 21
279 136
279 274
280 67
280 113
282 34
282 151
282 183
282 201
282 202
283 259
284 195
285 215
285 229
286 133
287 225
289 74
289 104
289 149
289 189
290 146
290 264
291 85
291 261
292 15
292 33
292 251
292 276
294 92
294 117
296 40
296 126
296 219
296 227
297 8
297 12
297 16
297 97
297 147
297 151
297 178
299 87
299 240
300 30

