200 2000
94 70 36 69 96 65 115 21 118 72 66 106 67 46 117 50 22 30 62 37 72 44 73 77 82 105 61 72 39 48 78 55 69 93 80 51 20 98 27 114 49 91 71 96 54 21 93 99 98 60 74 41 95 43 21 29 47 84 71 90 96 72 112 115 31 96 81 61 112 33 76 59 97 46 68 59 25 29 28 54 80 43 111 50 23 83 50 102 87 30 75 22 30 114 54 82 84 71 49 44 51 80 119 54 48 42 50 22 55 24 27 106 111 96 44 111 76 62 35 27 84 59 21 51 84 119 72 93 54 36 22 56 50 100 67 82 75 98 109 99 50 33 89 108 71 84 77 99 65 80 76 82 103 108 72 54 99 102 60 56 74 90 61 61 25 39 97 37 41 99 37 20 85 93 26 117 37 51 62 92 43 50 109 72 69 45 72 108 83 46 99 48 54 93 26 109 71 106 70 63 
1 23
1 35
1 42
1 57
1 61
1 75
1 146
1 158
2 19
2 29
2 66
2 77
2 167
2 168
2 193
3 16
3 30
3 55
3 57
3 63
3 78
3 133
3 154
3 163
4 20
4 38
4 63
4 97
4 102
4 110
4 114
4 145
4 155
4 187
4 195
5 12
5 89
5 152
5 166
5 180
5 181
6 44
6 62
6 80
6 95
6 96
6 113
6 120
6 156
6 158
6 163
6 167
6 175
6 181
7 1
7 26
7 31
7 43
7 45
7 66
7 70
7 75
7 107
7 169
7 174
7 195
8 16
8 22
8 46
8 69
8 75
8 100
8 102
8 118
8 136
8 141
8 153
8 161
9 20
9 119
9 122
9 129
9 148
9 179
9 197
9 200
10 8
10 26
10 56
10 89
10 110
10 111
10 121
10 159
10 166
10 183
10 188
11 1
11 2
11 73
11 90
11 149
11 168
11 192
12 83
12 113
12 135
12 166
13 3
13 20
13 32
13 48
13 81
13 101
13 123
13 148
13 170
13 172
14 38
14 42
14 56
14 66
14 108
14 132
14 144
14 153
14 163
14 176
14 198
15 32
15 35
15 81
15 104
15 108
15 125
15 163
15 191
15 195
16 14
16 17
16 21
16 34
16 38
16 81
16 102
16 118
16 133
16 155
16 170
16 179
16 187
17 4
17 23
17 50
17 77
17 79
17 125
17 169
17 181
18 8
18 20
18 38
18 47
18 55
18 79
18 109
18 123
18 126
18 127
18 141
18 144
18 152
18 166
18 171
18 187
19 49
19 55
19 57
19 79
19 108
19 127
19 149
19 155
19 177
19 192
20 48
20 77
20 85
20 95
20 113
20 131
20 154
20 175
20 192
21 6
21 7
21 8
21 20
21 53
21 83
21 93
21 109
21 110
21 114
21 120
21 148
21 160
21 164
21 165
21 196
22 5
22 11
22 24
22 58
22 60
22 69
22 91
22 102
22 129
22 137
22 154
22 159
22 184
22 200
23 11
23 37
23 48
23 90
23 93
23 124
23 128
23 137
23 189
24 19
24 67
24 100
24 123
24 132
24 143
24 157
24 177
24 178
24 200
25 23
25 49
25 101
25 121
25 128
25 151
25 168
25 187
25 188
26 17
26 62
26 87
26 92
26 94
26 97
26 99
26 100
26 127
26 142
26 146
26 171
26 199
27 57
27 68
27 71
27 89
27 179
27 190
28 42
28 50
28 82
28 93
28 142
28 153
28 157
28 161
28 175
29 8
29 23
29 32
29 70
29 82
29 95
29 111
29 113
29 116
29 124
29 128
29 154
29 179
29 192
29 194
30 2
30 10
30 26
30 28
30 86
30 88
30 108
30 132
30 140
30 155
31 18
31 51
31 69
31 129
32 14
32 40
32 92
32 160
32 166
32 171
32 197
33 22
33 24
33 34
33 51
33 52
33 131
33 138
33 174
34 1
34 4
34 22
34 81
34 92
34 141
34 142
34 191
34 199
35 24
35 34
35 89
35 92
35 120
35 123
35 148
35 151
35 160
35 167
35 170
35 178
35 194
36 4
36 7
36 16
36 39
36 43
36 65
36 120
36 184
37 8
37 34
37 42
37 103
37 135
37 147
37 189
38 7
38 22
38 72
38 74
38 99
38 112
38 129
38 150
38 193
39 3
39 7
39 9
39 52
39 72
39 103
39 111
39 162
39 163
39 178
39 200
40 64
40 94
40 95
40 105
40 109
40 112
40 148
40 151
40 155
40 156
40 161
40 165
40 166
40 188
41 5
41 11
41 19
41 66
41 75
41 108
41 117
41 138
42 20
42 26
42 91
42 132
42 138
42 178
42 195
43 14
43 42
43 53
43 76
43 79
43 83
43 86
43 100
43 129
43 158
44 22
44 23
44 29
44 53
44 60
44 86
44 88
44 93
44 100
44 101
44 141
44 169
44 175
45 4
45 17
45 31
45 66
45 76
45 83
45 135
45 140
45 171
45 178
46 32
46 43
46 52
46 65
46 87
46 105
46 138
46 146
46 149
46 175
47 29
47 32
47 35
47 59
47 135
47 141
47 189
48 1
48 38
48 67
48 148
48 152
48 163
48 176
48 190
49 3
49 10
49 44
49 55
49 75
49 92
49 99
49 138
49 145
49 151
49 162
50 21
50 40
50 126
50 134
50 153
50 167
50 175
50 199
51 46
51 48
51 53
51 93
51 94
51 104
51 134
51 136
51 140
51 169
51 191
52 2
52 7
52 15
52 31
52 48
52 56
52 60
52 65
52 85
52 90
52 93
52 115
52 121
52 125
52 162
53 46
53 55
53 65
53 75
53 90
53 150
53 189
53 199
54 2
54 22
54 32
54 80
54 99
54 103
54 123
54 125
54 150
54 168
55 13
55 73
55 78
55 84
55 99
55 102
55 115
55 123
55 126
55 127
55 133
55 138
55 167
55 188
55 195
56 8
56 26
56 30
56 43
56 60
56 64
56 70
56 84
56 115
56 166
57 18
57 45
57 83
57 87
57 110
57 115
57 118
57 145
57 154
57 161
57 169
57 177
57 185
57 187
58 1
58 33
58 38
58 43
58 45
58 97
58 104
58 107
58 123
58 139
58 151
58 162
58 169
58 171
59 8
59 32
59 65
59 70
59 88
59 93
59 116
59 153
59 166
60 1
60 8
60 32
60 67
60 82
60 88
60 150
60 157
60 160
60 165
60 180
61 58
61 59
61 78
61 121
61 124
61 142
61 161
61 189
61 190
61 193
61 194
62 20
62 38
62 60
62 101
62 102
62 106
62 171
62 182
62 194
63 52
63 58
63 108
63 126
63 131
63 150
64 31
64 62
64 66
64 96
64 97
64 99
64 133
64 187
65 2
65 28
65 30
65 91
65 96
65 146
65 188
65 189
66 46
66 108
66 113
66 117
66 119
66 128
66 137
66 141
66 167
66 173
66 177
66 184
67 19
67 29
67 45
67 54
67 74
67 80
67 111
67 120
67 155
67 193
68 14
68 104
68 149
68 153
68 168
68 179
69 51
69 63
69 152
69 161
69 172
69 174
70 1
70 25
70 39
70 55
70 61
70 68
70 73
70 80
70 102
70 144
70 148
70 163
70 168
70 176
70 179
70 188
71 15
71 18
71 20
71 40
71 41
71 43
71 45
71 63
71 73
71 104
71 128
71 148
71 188
72 11
72 22
72 31
72 89
72 123
72 143
72 165
72 166
72 173
72 175
72 182
72 191
72 193
73 61
73 63
73 96
73 112
73 122
73 144
73 150
73 164
73 169
73 178
74 2
74 16
74 47
74 51
74 82
74 97
74 138
74 151
74 191
74 195
75 13
75 26
75 62
75 76
75 85
75 95
75 155
75 187
76 27
76 42
76 54
76 70
76 87
76 105
76 112
76 152
76 174
76 180
76 189
77 14
77 16
77 43
77 44
77 57
77 60
77 69
77 70
77 127
77 157
77 165
77 168
77 182
78 11
78 37
78 38
78 50
78 53
78 85
78 98
78 108
78 129
78 148
78 153
78 169
78 179
79 9
79 33
79 41
79 88
79 113
79 119
79 128
79 131
79 160
79 171
79 179
79 181
80 17
80 52
80 68
80 126
80 142
80 148
80 151
80 153
80 158
80 162
80 166
80 168
80 190
81 59
81 84
81 94
81 109
81 119
81 182
82 39
82 57
82 93
82 128
82 129
83 20
83 56
83 80
83 128
83 151
83 160
83 180
83 189
83 197
84 51
84 62
84 95
84 103
84 108
84 186
84 194
85 4
85 13
85 32
85 41
85 105
85 109
85 184
85 198
86 11
86 14
86 31
86 46
86 54
86 56
86 74
86 155
86 173
86 175
86 184
86 198
87 47
87 48
87 96
87 97
87 109
87 111
87 133
87 141
87 143
87 147
87 149
87 174
87 197
88 13
88 25
88 35
88 51
88 64
88 70
88 72
88 83
88 127
88 190
88 196
89 32
89 119
89 129
89 170
89 197
90 4
90 56
90 57
90 88
90 105
90 126
90 168
91 6
91 7
91 14
91 33
91 67
91 78
91 85
91 116
91 173
91 178
91 186
92 38
92 56
92 76
92 96
92 116
92 132
92 145
92 147
92 164
93 1
93 2
93 10
93 48
93 62
93 75
93 86
93 135
93 146
93 162
93 179
93 182
93 198
94 2
94 59
94 64
94 70
94 98
94 115
94 122
94 153
94 174
94 194
95 34
95 35
95 39
95 51
95 57
95 67
95 70
95 73
95 79
95 81
95 98
95 110
95 133
95 164
95 165
95 170
96 4
96 33
96 59
96 91
96 95
96 106
96 180
96 192
97 34
97 56
97 72
97 77
97 134
97 144
97 159
97 165
98 2
98 11
98 33
98 40
98 45
98 54
98 92
98 93
98 110
98 113
98 138
98 145
98 158
98 185
98 189
98 200
99 17
99 33
99 62
99 70
99 71
99 100
99 150
99 178
100 41
100 110
100 185
101 17
101 37
101 55
101 63
101 106
101 117
101 130
101 131
101 138
101 147
101 153
102 40
102 84
102 89
102 94
102 95
102 104
102 105
102 159
103 18
103 27
103 36
103 118
103 119
103 146
103 198
104 12
104 50
104 63
104 87
104 111
104 128
104 137
104 153
104 171
105 7
105 8
105 15
105 55
105 79
105 94
105 197
106 12
106 13
106 20
106 22
106 69
106 80
106 90
106 95
106 131
106 143
106 145
106 164
107 9
107 10
107 13
107 20
107 23
107 30
107 40
107 47
107 64
107 73
107 140
107 145
107 185
107 198
108 12
108 62
108 69
108 121
108 150
108 183
109 25
109 36
109 93
109 104
109 147
109 156
109 163
109 167
110 18
110 33
110 40
110 80
110 94
110 108
110 109
110 136
110 159
111 37
111 85
111 100
111 103
111 112
111 117
111 129
111 132
111 172
111 177
112 4
112 6
112 23
112 35
112 42
112 58
112 92
112 93
112 100
112 103
112 104
112 149
112 169
112 174
112 188
112 189
112 190
113 55
113 71
113 73
113 78
113 93
113 109
113 186
114 16
114 24
114 32
114 41
114 48
114 53
114 92
114 122
114 134
114 187
114 189
115 16
115 34
115 38
115 43
115 71
115 143
115 148
115 163
115 170
115 186
116 35
116 40
116 45
116 85
116 123
116 130
116 146
116 167
116 177
116 178
116 181
116 182
116 185
116 186
116 194
116 200
117 15
117 20
117 23
117 62
117 124
117 128
117 161
118 19
118 22
118 42
118 46
118 63
118 72
118 93
118 98
118 99
118 137
118 176
119 21
119 24
119 31
119 44
119 68
119 84
119 121
119 146
119 148
120 1
120 24
120 26
120 49
120 50
120 87
120 104
120 109
120 142
120 162
120 164
120 192
121 16
121 48
121 107
121 128
121 191
122 6
122 11
122 30
122 42
122 87
122 108
122 113
122 116
122 142
122 150
123 15
123 30
123 84
123 99
123 101
123 111
123 117
123 133
123 179
123 200
124 19
124 54
124 103
124 130
124 135
124 141
124 148
124 160
125 2
125 27
125 49
125 50
125 57
125 65
125 81
125 117
125 146
125 159
125 176
125 179
125 185
125 188
126 7
126 19
126 32
126 67
126 76
126 111
126 129
126 151
126 169
126 173
126 178
127 10
127 12
127 66
127 78
127 86
127 139
127 140
127 198
128 55
128 81
128 87
128 118
128 139
128 144
129 11
129 47
129 59
129 65
129 77
129 83
129 84
129 150
129 158
129 165
129 167
129 189
130 24
130 27
130 29
130 37
130 39
130 71
130 72
130 90
130 117
130 138
130 143
130 149
130 157
131 4
131 18
131 58
131 80
131 82
131 95
131 96
131 141
131 161
132 5
132 12
132 34
132 43
132 49
132 53
132 55
132 57
132 66
132 88
132 93
132 108
132 121
132 125
132 155
132 160
132 174
132 182
132 190
133 25
133 29
133 39
133 42
133 46
133 58
133 66
133 94
133 112
133 113
133 114
133 115
133 137
133 152
133 198
134 52
134 57
134 58
134 75
134 86
134 107
134 118
134 140
134 153
134 167
134 193
134 194
135 8
135 14
135 32
135 48
135 68
135 84
135 87
135 94
135 182
135 197
136 4
136 7
136 45
136 58
136 89
136 104
136 127
136 133
136 153
136 158
136 165
136 196
137 35
137 67
137 73
137 107
137 143
137 177
137 195
138 9
138 36
138 68
138 73
138 100
138 121
138 163
138 173
138 198
139 12
139 32
139 43
139 44
139 61
139 80
139 82
139 122
139 124
139 153
139 166
139 168
139 192
139 193
140 26
140 60
140 126
140 132
140 143
140 146
140 152
140 178
140 195
141 28
141 38
141 64
141 100
141 102
141 109
141 112
141 123
141 130
141 142
141 152
141 165
142 5
142 7
142 13
142 37
142 50
142 53
142 55
142 78
142 166
142 193
143 31
143 55
143 58
143 63
143 85
143 94
143 129
143 139
143 180
144 76
144 79
144 89
144 110
144 131
144 162
145 1
145 45
145 46
145 47
145 66
145 93
145 103
145 140
145 179
145 185
146 2
146 7
146 29
146 109
146 127
146 130
146 132
146 137
146 141
146 145
146 150
146 159
146 190
147 29
147 90
147 99
147 103
147 126
147 144
147 151
147 170
147 200
148 16
148 38
148 42
148 44
148 63
148 90
148 129
148 140
148 199
148 200
149 12
149 27
149 39
149 51
149 88
149 102
149 116
149 139
149 170
149 186
150 10
150 19
150 116
150 131
150 153
150 170
150 181
150 197
150 198
151 9
151 16
151 33
151 48
151 68
151 76
151 89
151 108
151 111
151 161
151 172
151 186
152 1
152 20
152 44
152 84
152 103
152 109
152 150
152 154
152 155
152 168
152 172
152 200
153 3
153 43
153 77
153 165
154 9
154 18
154 23
154 42
154 67
154 69
154 96
154 155
154 188
155 3
155 39
155 48
155 50
155 177
156 1
156 4
156 7
156 34
156 43
156 79
156 104
156 111
156 118
156 131
156 133
156 134
157 49
157 78
157 91
157 142
157 144
157 161
157 162
157 180
158 5
158 29
158 42
158 63
158 92
158 111
158 127
158 133
159 7
159 20
159 41
159 65
159 69
159 80
159 124
159 140
159 148
159 150
159 184
159 191
159 194
160 1
160 11
160 25
160 33
160 43
160 57
160 68
160 147
160 188
160 196
161 18
161 84
161 136
161 155
161 164
161 166
161 174
162 2
162 3
162 48
162 67
162 82
162 151
162 156
163 8
163 45
163 50
163 62
163 79
163 84
163 91
163 127
163 135
163 139
163 147
163 153
163 198
163 199
164 50
164 64
164 88
164 102
164 119
164 149
164 160
165 15
165 49
165 66
165 159
165 174
165 183
165 193
165 196
166 81
166 85
166 114
166 116
166 122
166 132
166 172
166 183
166 199
167 62
167 65
167 82
167 104
167 122
167 127
167 135
167 178
167 184
168 20
168 24
168 37
168 53
168 62
168 71
168 75
168 85
168 86
168 91
168 92
168 99
168 101
168 110
168 116
168 135
169 8
169 43
169 47
169 74
169 80
169 98
169 124
169 132
169 140
169 166
169 181
170 62
170 92
170 114
170 130
170 132
170 164
170 173
170 186
171 16
171 42
171 76
171 107
171 108
171 120
171 123
171 127
171 128
171 186
172 6
172 20
172 50
172 55
172 65
172 90
172 121
172 124
172 141
172 144
172 153
172 168
172 173
172 196
173 8
173 38
173 53
173 60
173 103
173 114
173 121
173 129
173 134
173 178
174 11
174 23
174 96
174 144
174 149
174 180
175 11
175 16
175 27
175 89
175 96
175 102
175 108
175 124
175 144
175 146
175 154
175 164
175 180
176 33
176 60
176 67
176 89
176 153
176 164
176 183
177 2
177 5
177 14
177 54
177 56
177 74
177 83
177 113
177 115
177 125
177 128
177 131
177 133
177 168
177 183
178 27
178 40
178 109
178 117
178 124
178 152
178 161
178 175
178 180
179 14
179 34
179 38
179 46
179 52
179 60
179 82
179 83
179 102
179 113
179 122
179 128
179 154
179 177
180 11
180 78
180 141
180 145
180 189
181 10
181 21
181 40
181 41
181 66
181 115
181 136
181 143
181 157
181 165
182 13
182 22
182 31
182 44
182 106
182 120
182 127
182 148
182 186
182 200
183 46
183 62
183 88
183 98
183 141
183 160
183 170
183 192
184 1
184 4
184 21
184 37
184 80
184 92
184 103
184 127
184 142
184 153
184 178
184 198
185 6
185 7
185 37
185 66
185 96
185 97
185 131
185 132
185 143
185 151
186 1
186 34
186 36
186 38
186 58
186 75
186 81
186 89
186 93
186 140
186 176
186 183
186 193
186 199
187 12
187 27
187 32
187 44
187 71
187 103
187 119
187 145
187 175
187 188
187 197
188 5
188 38
188 75
188 85
188 104
188 152
189 9
189 10
189 18
189 22
189 32
189 52
189 69
189 71
189 86
189 97
189 101
189 108
189 134
189 166
189 188
190 9
190 47
190 62
190 67
190 74
190 99
190 133
190 138
190 155
191 8
191 16
191 33
191 45
191 67
191 97
191 104
191 132
191 173
191 190
191 195
191 198
192 3
192 30
192 67
192 68
192 78
192 91
193 14
193 31
193 32
193 54
193 98
193 143
193 148
193 157
193 161
193 167
193 195
194 32
194 92
194 104
194 108
194 117
194 125
194 163
194 166
194 177
194 185
195 38
195 58
195 103
196 25
196 43
196 49
196 66
196 87
196 95
196 145
196 148
196 186
196 194
197 5
197 15
197 23
197 47
197 65
197 92
197 104
197 136
197 151
197 155
197 200
198 28
198 39
198 45
198 90
198 97
198 130
198 134
198 139
198 153
198 176
199 29
199 49
199 58
199 72
199 78
199 85
199 86
199 88
199 90
199 111
199 121
199 124
199 141
199 182
200 23
200 59
200 102
200 140
200 159
200 176
200 191

