250 500
48 98 50 67 67 55 51 30 50 57 28 113 66 55 82 117 30 89 22 91 100 29 27 27 80 96 73 53 37 97 101 27 35 114 115 86 44 59 89 116 54 54 32 37 101 76 65 46 51 101 105 36 101 70 92 36 39 34 92 103 101 98 112 97 27 43 117 73 82 44 63 96 84 112 105 24 42 80 78 84 92 51 86 38 106 106 108 66 65 105 110 29 67 74 109 82 93 108 33 93 101 65 62 75 64 47 28 100 92 64 83 39 62 99 119 84 59 48 75 65 35 20 86 108 99 39 36 28 117 91 65 120 34 96 26 113 82 110 23 113 91 54 83 28 57 65 92 48 36 57 58 65 23 67 25 67 101 60 41 95 52 58 28 79 120 30 23 40 55 70 115 40 58 40 96 99 41 112 69 88 62 120 77 86 54 28 117 54 65 52 109 39 58 66 65 24 104 70 20 106 87 37 85 57 115 48 97 40 62 72 117 51 114 114 31 94 52 104 46 58 52 46 94 87 52 110 87 109 50 86 31 23 97 62 57 43 95 93 73 54 59 46 83 43 78 75 58 117 27 92 
1 193
2 68
2 106
3 2
4 17
4 129
4 144
4 189
4 211
5 113
5 195
6 115
6 234
8 48
8 95
9 8
9 51
10 211
10 222
11 17
11 71
12 1
12 82
12 223
13 151
14 29
14 74
14 82
15 74
16 59
16 117
17 41
17 88
17 156
18 157
18 168
18 247
19 233
20 7
20 29
20 51
20 168
21 99
21 123
21 222
22 188
23 92
24 245
25 108
27 9
27 201
27 237
28 4
28 166
28 242
29 32
31 226
31 228
32 5
32 132
33 27
34 61
34 213
35 104
35 143
35 149
35 211
36 145
37 75
37 109
37 143
38 177
40 88
41 182
42 39
42 133
43 31
43 105
44 210
46 168
47 58
47 86
47 152
47 162
47 241
48 125
48 250
49 7
49 83
49 89
49 206
49 230
50 87
50 169
51 139
52 85
52 166
52 234
53 233
54 17
54 46
55 90
55 118
55 140
56 98
56 188
57 101
57 103
57 192
58 153
59 218
60 65
60 189
61 120
61 238
61 241
62 64
62 205
63 91
63 206
65 91
65 165
65 193
66 152
67 130
68 29
68 101
68 141
69 200
70 57
71 108
71 217
72 153
72 178
73 116
73 148
74 21
74 76
74 147
74 153
74 193
75 25
75 218
76 152
78 84
78 98
79 191
79 239
80 63
80 121
81 16
82 33
82 42
82 74
83 242
83 244
84 22
84 106
84 133
85 20
85 34
85 60
85 137
85 202
86 88
86 93
86 110
86 246
87 178
88 33
88 58
88 203
89 7
89 158
89 188
90 31
90 190
90 227
91 89
91 117
91 190
91 240
91 248
92 30
93 111
94 215
96 66
96 79
96 102
96 198
97 245
99 13
99 64
99 114
100 116
100 224
101 111
101 169
102 153
102 175
102 183
103 2
103 58
103 84
104 156
104 204
104 224
104 233
105 99
105 199
105 210
105 219
106 91
107 41
107 189
107 235
108 64
109 89
109 197
111 205
113 4
113 79
113 223
114 42
114 103
114 154
114 232
115 104
115 112
116 99
116 243
117 25
117 71
117 192
118 16
118 134
119 73
119 95
119 198
120 171
121 158
121 208
122 47
122 53
122 102
122 191
122 209
123 7
123 204
123 226
124 54
124 158
125 133
125 152
126 23
126 34
126 79
127 87
127 160
129 37
129 132
129 197
130 18
130 136
130 197
132 34
132 182
133 10
133 11
133 121
134 216
135 53
135 229
135 242
136 33
136 129
136 242
137 22
138 221
138 245
139 77
139 98
139 104
139 138
139 146
140 29
140 81
140 104
140 193
140 240
141 19
141 37
142 235
143 124
144 41
144 105
146 128
146 154
146 241
147 241
148 58
148 146
149 5
149 48
149 90
149 105
150 82
150 129
150 183
151 188
152 17
153 11
153 20
153 223
155 86
155 203
155 228
158 17
158 50
158 71
159 67
160 3
160 77
161 176
161 178
161 201
163 58
163 79
163 173
163 213
163 239
164 128
164 195
166 234
167 7
167 84
167 147
167 176
168 170
169 76
169 185
170 35
170 136
170 225
171 97
171 193
171 203
172 42
172 51
172 143
173 2
173 155
173 217
173 237
174 88
175 107
175 141
175 173
176 32
177 17
177 44
177 61
177 165
178 4
178 75
178 81
178 174
179 30
179 111
179 240
180 52
180 236
181 68
181 126
181 132
181 191
181 243
182 213
184 89
184 97
184 120
184 204
184 241
186 208
188 59
188 82
189 37
189 75
189 154
190 79
190 151
190 219
191 206
192 36
193 135
193 138
194 9
194 95
196 92
197 39
197 142
198 30
198 56
198 123
199 87
199 239
199 244
200 13
200 40
200 68
200 174
201 148
201 191
201 221
202 141
203 145
203 148
203 175
204 81
204 147
206 7
206 78
206 178
206 217
206 237
207 1
208 115
209 43
209 208
210 50
210 103
210 137
210 159
211 73
211 209
212 26
212 152
213 117
213 126
214 189
215 24
215 121
216 225
217 128
218 61
218 84
219 10
219 149
221 162
223 35
223 191
223 213
224 90
224 113
225 201
227 67
227 235
228 104
229 9
229 45
229 175
229 232
229 244
230 37
230 245
231 75
231 160
231 173
232 10
232 19
232 24
232 68
232 241
233 23
233 96
234 146
235 27
235 108
235 219
236 93
236 176
237 141
238 142
238 162
238 175
239 192
241 139
242 30
244 44
244 93
244 114
245 114
245 227
246 203
246 204
247 82
248 159
248 172
249 150
249 158

