250 250
117 57 82 102 89 67 118 38 47 51 56 63 86 104 22 48 117 62 94 73 54 94 98 81 40 86 83 56 50 87 20 118 60 113 64 51 31 98 42 30 116 114 68 69 24 53 20 97 111 38 102 31 87 53 30 68 40 48 48 24 76 92 79 41 55 104 42 108 31 98 42 68 94 85 88 105 30 62 50 70 61 57 54 42 66 107 113 49 21 43 107 76 98 32 52 108 46 29 55 118 33 112 48 53 60 29 42 87 44 37 82 118 119 21 103 39 65 117 81 50 85 28 92 41 87 89 116 86 87 41 54 100 47 113 104 102 37 101 108 47 43 112 90 102 21 114 110 77 70 51 42 108 53 83 45 32 63 91 35 20 110 50 109 69 103 93 42 55 86 61 87 114 28 55 21 82 27 20 22 78 116 94 106 20 90 49 103 33 22 66 80 90 51 66 40 24 116 110 47 63 39 91 117 23 59 32 83 73 86 86 64 21 87 50 106 113 37 120 38 83 46 77 55 104 101 102 58 61 25 65 59 100 46 79 64 63 114 58 119 114 42 58 24 109 111 93 46 105 55 74 
1 181
2 179
3 239
4 119
4 248
5 192
5 231
7 92
7 124
7 191
8 29
11 98
11 191
12 24
14 38
14 107
15 31
15 243
16 118
16 234
18 14
18 118
18 144
19 211
22 5
22 90
22 149
23 98
24 60
24 135
25 33
25 49
29 96
29 156
30 228
31 124
31 212
32 34
32 121
32 160
34 193
36 7
36 92
36 147
38 240
40 83
40 183
44 15
44 90
49 200
49 220
50 44
50 107
50 123
50 225
51 76
51 90
51 185
52 4
52 182
57 160
58 128
58 195
59 216
61 122
62 56
63 28
63 151
64 173
65 87
67 109
68 18
68 128
73 172
74 134
75 52
76 120
77 16
77 248
78 32
80 172
80 174
83 73
83 154
84 149
85 53
86 8
86 74
87 73
87 77
89 45
89 107
89 164
89 236
92 85
93 3
93 70
93 141
93 233
96 218
98 197
100 43
100 219
100 227
101 211
101 220
102 61
105 2
106 225
107 142
109 249
110 201
110 203
111 163
113 35
113 184
114 51
114 191
116 30
117 106
118 71
119 83
119 182
120 160
122 43
126 178
128 168
128 220
128 244
129 64
129 83
129 91
129 122
129 155
129 234
132 187
132 198
133 156
134 223
135 186
136 155
137 15
138 84
139 227
140 13
140 189
142 29
143 33
143 184
144 120
146 86
148 37
151 154
151 192
152 67
153 5
154 26
154 86
154 133
155 37
155 217
156 160
162 247
163 67
163 242
164 101
166 60
169 97
170 70
170 234
173 194
174 93
175 133
176 88
176 94
178 149
179 48
179 84
182 29
183 71
184 144
185 238
186 51
187 55
187 107
188 94
188 128
190 188
191 40
191 154
192 9
196 192
197 146
199 45
200 234
201 219
202 144
203 11
203 240
205 70
205 86
206 152
206 176
206 202
206 205
208 11
208 189
209 91
209 210
211 153
212 249
214 6
215 250
216 22
216 111
217 68
217 220
219 202
222 17
222 24
222 130
223 193
224 199
226 111
227 45
228 53
229 38
230 18
230 106
231 76
232 51
232 97
236 51
236 103
236 233
237 79
239 159
239 211
240 148
240 164
242 93
243 171
245 250
246 139
246 196
247 153
248 218
249 93
249 240
250 92

