250 5000
114 114 29 26 109 35 106 59 58 34 92 83 108 30 101 92 90 51 94 64 25 22 66 66 99 100 64 115 44 96 120 54 75 119 45 35 120 33 27 34 80 114 51 43 80 66 69 66 91 32 103 37 29 104 42 34 21 47 53 111 64 40 43 75 39 98 30 22 103 41 95 22 46 82 65 117 92 89 42 86 25 79 108 104 97 114 28 56 109 51 39 56 55 75 58 62 91 39 106 98 45 92 45 59 60 33 52 37 26 41 42 78 97 72 106 99 66 37 95 36 74 71 44 69 45 50 78 23 96 28 22 53 39 102 88 71 102 73 62 91 62 33 83 118 110 23 54 59 38 65 86 55 71 24 67 44 34 24 40 62 94 106 119 56 58 91 101 70 37 77 23 53 33 31 67 111 62 36 101 78 105 83 97 23 108 21 34 98 100 24 81 43 108 90 47 97 107 101 76 34 105 23 44 40 65 107 85 107 68 30 46 86 79 97 118 56 118 31 49 53 70 96 76 50 22 58 77 115 107 111 25 47 46 25 62 20 51 106 62 34 25 21 57 46 80 52 37 58 120 90 
1 13
1 39
1 68
1 71
1 77
1 126
1 134
1 136
1 139
1 169
1 207
1 212
1 217
1 241
2 1
2 6
2 7
2 15
2 37
2 79
2 86
2 94
2 99
2 106
2 110
2 116
2 155
2 165
2 179
2 202
2 220
2 228
2 237
2 240
2 247
2 248
3 14
3 32
3 36
3 49
3 64
3 66
3 91
3 99
3 105
3 108
3 110
3 127
3 138
3 140
3 156
3 169
3 180
3 199
3 203
3 210
3 249
4 83
4 140
4 157
4 173
4 186
4 203
4 214
4 216
4 220
4 237
5 1
5 2
5 9
5 13
5 15
5 29
5 31
5 51
5 53
5 67
5 70
5 83
5 92
5 113
5 152
5 204
5 214
5 215
5 220
5 226
5 231
5 242
6 1
6 20
6 22
6 32
6 33
6 39
6 45
6 46
6 53
6 67
6 68
6 73
6 140
6 141
6 221
6 226
6 242
6 244
6 247
7 21
7 25
7 34
7 65
7 70
7 76
7 81
7 84
7 85
7 108
7 141
7 142
7 143
7 175
7 193
7 202
7 226
7 241
7 244
7 245
8 16
8 25
8 52
8 58
8 78
8 98
8 122
8 127
8 150
8 151
8 162
8 201
8 209
8 229
8 233
8 239
8 241
8 248
9 1
9 15
9 28
9 36
9 66
9 68
9 88
9 90
9 102
9 111
9 124
9 132
9 135
9 137
9 157
9 173
9 175
9 177
9 188
9 237
10 4
10 6
10 18
10 31
10 44
10 52
10 62
10 65
10 70
10 82
10 88
10 138
10 152
10 174
10 175
10 176
10 192
10 224
10 225
11 3
11 10
11 14
11 19
11 22
11 29
11 61
11 67
11 124
11 132
11 136
11 170
11 180
11 191
11 194
11 209
11 220
11 241
11 242
12 4
12 28
12 32
12 38
12 46
12 55
12 71
12 73
12 98
12 110
12 113
12 121
12 137
12 140
12 155
12 165
12 172
12 190
12 211
12 212
12 233
12 234
12 235
12 238
12 242
12 245
12 247
13 3
13 12
13 30
13 60
13 63
13 64
13 70
13 95
13 111
13 112
13 116
13 126
13 150
13 169
13 176
13 179
13 220
13 228
13 234
13 244
14 4
14 31
14 47
14 60
14 64
14 66
14 68
14 101
14 106
14 117
14 119
14 137
14 162
14 174
14 186
14 209
14 213
14 220
14 243
14 245
15 54
15 67
15 76
15 111
15 120
15 122
15 131
15 173
15 190
15 192
15 202
15 204
15 206
15 222
16 4
16 6
16 7
16 24
16 35
16 39
16 49
16 59
16 76
16 84
16 90
16 106
16 143
16 147
16 153
16 171
16 180
16 190
16 191
16 212
16 213
16 218
16 245
16 250
17 30
17 47
17 55
17 59
17 61
17 71
17 75
17 82
17 89
17 102
17 117
17 120
17 125
17 131
17 141
17 147
17 161
17 197
17 201
17 209
17 214
17 217
17 221
17 224
17 231
17 242
17 249
18 15
18 37
18 39
18 48
18 63
18 65
18 89
18 93
18 94
18 95
18 96
18 104
18 113
18 144
18 189
18 205
18 207
18 212
18 232
18 240
18 243
18 245
18 250
19 17
19 31
19 32
19 43
19 44
19 103
19 104
19 105
19 154
19 161
19 184
19 186
19 189
19 194
19 208
19 209
19 215
19 226
20 3
20 4
20 24
20 49
20 53
20 71
20 72
20 77
20 92
20 105
20 133
20 152
20 161
20 164
20 207
20 232
21 13
21 14
21 27
21 31
21 41
21 45
21 60
21 67
21 88
21 101
21 114
21 148
21 169
21 170
21 175
21 192
21 194
21 213
21 219
21 222
21 228
21 234
22 4
22 5
22 10
22 26
22 50
22 62
22 66
22 72
22 79
22 93
22 104
22 105
22 108
22 116
22 125
22 131
22 144
22 149
22 164
22 169
22 217
22 230
22 250
23 2
23 12
23 22
23 37
23 40
23 41
23 47
23 65
23 70
23 71
23 74
23 80
23 117
23 124
23 133
23 142
23 148
23 149
23 204
23 205
23 206
23 234
23 242
23 248
24 4
24 10
24 17
24 35
24 51
24 82
24 92
24 94
24 95
24 106
24 118
24 121
24 127
24 129
24 145
24 165
24 188
24 191
24 222
24 247
24 248
25 2
25 27
25 36
25 37
25 43
25 54
25 58
25 59
25 61
25 66
25 77
25 80
25 85
25 96
25 103
25 112
25 140
25 147
25 149
25 175
25 178
25 186
25 195
25 204
25 205
25 219
25 237
25 249
26 2
26 3
26 7
26 23
26 25
26 29
26 32
26 35
26 51
26 66
26 94
26 112
26 113
26 135
26 149
26 180
26 199
26 203
27 17
27 18
27 19
27 56
27 71
27 80
27 97
27 101
27 124
27 126
27 136
27 145
27 171
27 179
27 207
27 212
27 222
27 239
28 20
28 63
28 91
28 111
28 116
28 119
28 123
28 126
28 135
28 153
28 162
28 165
28 179
28 207
28 217
28 230
28 246
29 12
29 24
29 37
29 49
29 66
29 82
29 114
29 123
29 125
29 139
29 168
29 170
29 173
29 178
29 182
29 189
29 198
29 201
29 231
29 236
29 246
29 247
30 16
30 25
30 50
30 80
30 81
30 86
30 103
30 114
30 119
30 123
30 125
30 136
30 139
30 147
30 151
30 153
30 177
30 181
30 183
30 189
30 229
30 235
31 13
31 17
31 23
31 30
31 35
31 42
31 47
31 76
31 81
31 91
31 97
31 107
31 130
31 145
31 146
31 162
31 165
31 208
31 220
31 230
32 4
32 15
32 40
32 77
32 82
32 97
32 127
32 128
32 131
32 135
32 143
32 177
32 179
32 193
32 202
32 204
32 207
32 228
32 236
32 237
33 3
33 32
33 50
33 61
33 69
33 71
33 76
33 86
33 91
33 93
33 94
33 104
33 113
33 119
33 120
33 122
33 141
33 222
33 236
33 243
34 8
34 16
34 41
34 72
34 90
34 99
34 103
34 109
34 115
34 123
34 133
34 135
34 148
34 180
34 213
34 228
34 230
35 15
35 23
35 61
35 70
35 82
35 91
35 102
35 108
35 117
35 127
35 134
35 137
35 139
35 152
35 169
35 194
35 210
35 218
35 219
35 232
35 233
35 242
36 1
36 4
36 5
36 19
36 22
36 85
36 90
36 115
36 121
36 134
36 155
36 159
36 232
36 235
36 236
36 237
36 241
36 249
37 10
37 28
37 31
37 32
37 40
37 43
37 45
37 71
37 95
37 102
37 114
37 128
37 171
37 175
37 183
37 202
37 214
37 216
37 234
37 236
38 8
38 10
38 20
38 49
38 52
38 64
38 73
38 75
38 85
38 102
38 108
38 115
38 128
38 135
38 138
38 150
38 168
38 195
38 206
38 215
38 218
38 225
38 237
39 3
39 24
39 29
39 30
39 40
39 66
39 84
39 116
39 120
39 130
39 137
39 143
39 200
39 205
39 211
39 214
39 222
39 239
40 6
40 7
40 9
40 13
40 26
40 33
40 43
40 48
40 55
40 96
40 103
40 104
40 109
40 111
40 132
40 133
40 168
40 199
40 228
40 236
40 241
41 1
41 4
41 11
41 42
41 63
41 64
41 80
41 94
41 103
41 117
41 124
41 131
41 140
41 166
41 173
41 174
41 184
41 202
41 226
41 227
42 23
42 28
42 29
42 56
42 58
42 80
42 89
42 93
42 119
42 120
42 135
42 176
42 177
42 205
42 227
42 228
42 250
43 12
43 46
43 50
43 92
43 95
43 110
43 121
43 126
43 164
43 169
43 177
43 179
43 181
43 206
43 208
43 218
43 219
43 239
44 11
44 14
44 29
44 45
44 53
44 55
44 57
44 78
44 93
44 100
44 128
44 129
44 144
44 149
44 165
44 168
44 202
44 204
44 216
44 244
44 246
45 3
45 15
45 27
45 55
45 69
45 76
45 77
45 103
45 106
45 107
45 142
45 169
45 190
45 197
45 199
45 220
45 250
46 16
46 20
46 37
46 48
46 63
46 65
46 72
46 76
46 89
46 96
46 130
46 156
46 158
46 197
46 211
46 219
46 233
47 2
47 27
47 39
47 63
47 64
47 82
47 86
47 93
47 100
47 102
47 105
47 143
47 147
47 149
47 154
47 156
47 168
47 170
47 182
47 205
47 208
48 24
48 34
48 42
48 47
48 49
48 59
48 69
48 83
48 94
48 142
48 143
48 149
48 187
48 194
48 206
48 214
48 223
48 226
48 248
49 44
49 67
49 75
49 85
49 96
49 106
49 110
49 111
49 135
49 142
49 147
49 162
49 163
49 166
49 174
49 175
49 176
49 198
49 206
49 231
49 234
49 243
50 10
50 26
50 34
50 36
50 38
50 45
50 56
50 68
50 96
50 99
50 112
50 133
50 136
50 148
50 151
50 159
50 160
50 190
50 192
50 217
50 247
51 14
51 18
51 39
51 73
51 91
51 92
51 113
51 115
51 120
51 126
51 167
51 181
51 185
51 189
51 190
51 191
51 197
51 207
51 222
51 227
51 231
51 235
51 242
52 1
52 9
52 11
52 25
52 56
52 59
52 65
52 73
52 82
52 96
52 98
52 115
52 128
52 129
52 137
52 139
52 157
52 159
52 164
52 169
52 170
52 172
52 178
52 224
52 228
52 230
52 237
52 239
53 9
53 17
53 24
53 32
53 63
53 70
53 76
53 79
53 83
53 122
53 123
53 133
53 155
53 182
53 190
53 198
53 227
53 228
53 231
53 240
53 242
53 244
54 2
54 11
54 31
54 50
54 61
54 131
54 143
54 156
54 162
54 167
54 198
54 202
54 233
54 247
55 4
55 5
55 11
55 39
55 51
55 69
55 80
55 84
55 91
55 93
55 95
55 102
55 113
55 138
55 151
55 156
55 157
55 158
55 178
55 215
55 226
56 10
56 18
56 21
56 49
56 106
56 112
56 119
56 139
56 140
56 142
56 150
56 164
56 168
56 182
56 183
56 232
56 249
57 4
57 5
57 13
57 18
57 19
57 22
57 35
57 53
57 55
57 63
57 74
57 77
57 84
57 94
57 109
57 114
57 129
57 131
57 140
57 151
57 155
57 166
57 174
57 184
57 185
57 190
57 194
57 206
57 224
57 231
57 241
58 65
58 69
58 72
58 81
58 85
58 91
58 97
58 101
58 107
58 110
58 115
58 120
58 124
58 136
58 137
58 140
58 163
58 176
58 185
58 186
58 187
58 196
58 200
58 206
58 208
58 212
58 213
58 219
58 241
59 12
59 13
59 22
59 29
59 46
59 58
59 69
59 71
59 88
59 108
59 114
59 126
59 140
59 167
59 168
59 173
59 185
59 206
59 220
59 223
59 228
60 16
60 35
60 38
60 44
60 63
60 72
60 94
60 113
60 128
60 129
60 130
60 138
60 140
60 146
60 151
60 181
60 187
60 192
60 218
60 226
60 232
60 233
61 14
61 28
61 51
61 69
61 71
61 72
61 88
61 108
61 115
61 132
61 163
61 179
61 204
61 216
61 227
62 11
62 26
62 40
62 41
62 59
62 65
62 67
62 79
62 96
62 105
62 111
62 112
62 119
62 123
62 127
62 137
62 142
62 145
62 157
62 188
62 231
62 247
62 250
63 7
63 12
63 19
63 25
63 66
63 90
63 92
63 105
63 116
63 127
63 140
63 147
63 163
63 164
63 200
63 212
63 213
63 219
63 221
63 232
63 244
63 247
64 5
64 22
64 30
64 36
64 44
64 52
64 76
64 78
64 90
64 93
64 113
64 119
64 130
64 160
64 162
64 172
64 184
64 196
64 205
64 211
64 222
64 223
64 234
65 22
65 38
65 41
65 54
65 88
65 96
65 127
65 130
65 132
65 137
65 138
65 139
65 148
65 183
65 186
65 189
65 191
65 195
65 205
65 211
65 220
65 222
65 232
65 241
66 2
66 4
66 10
66 24
66 47
66 62
66 79
66 86
66 111
66 149
66 150
66 153
66 183
66 189
66 207
66 209
66 218
66 242
66 249
67 7
67 13
67 44
67 58
67 66
67 77
67 133
67 159
67 161
67 167
67 171
67 178
67 182
67 197
67 201
67 234
67 238
67 246
67 248
68 16
68 34
68 40
68 45
68 53
68 59
68 72
68 74
68 86
68 89
68 94
68 95
68 103
68 121
68 127
68 136
68 156
68 158
68 163
68 180
68 191
68 216
68 226
68 230
69 2
69 6
69 21
69 41
69 57
69 95
69 101
69 111
69 112
69 121
69 125
69 138
69 144
69 171
69 176
69 187
69 209
69 212
69 234
69 240
69 241
70 3
70 15
70 18
70 73
70 79
70 80
70 90
70 124
70 150
70 154
70 156
70 158
70 160
70 161
70 164
70 203
70 204
70 206
70 210
70 224
70 227
70 231
70 233
70 240
70 246
71 30
71 34
71 76
71 86
71 93
71 116
71 117
71 127
71 128
71 144
71 165
71 205
71 211
71 212
71 243
72 12
72 27
72 37
72 44
72 63
72 76
72 109
72 120
72 136
72 138
72 143
72 161
72 163
72 178
72 198
72 250
73 26
73 31
73 33
73 34
73 36
73 42
73 55
73 58
73 61
73 63
73 84
73 101
73 109
73 146
73 165
73 195
73 207
73 244
74 1
74 7
74 10
74 19
74 21
74 39
74 51
74 55
74 58
74 62
74 66
74 69
74 109
74 113
74 115
74 126
74 132
74 155
74 157
74 165
74 166
74 168
74 174
74 180
74 192
74 198
74 205
74 235
75 4
75 7
75 19
75 25
75 30
75 39
75 51
75 53
75 55
75 63
75 87
75 93
75 94
75 96
75 154
75 160
75 166
75 176
75 187
75 200
75 237
75 243
76 1
76 4
76 55
76 63
76 77
76 79
76 87
76 94
76 95
76 98
76 105
76 171
76 178
76 206
76 217
76 221
76 222
76 224
76 227
77 16
77 56
77 63
77 66
77 79
77 90
77 91
77 99
77 143
77 166
77 180
77 181
77 208
77 220
77 235
77 238
78 6
78 12
78 36
78 42
78 67
78 73
78 109
78 127
78 131
78 142
78 149
78 154
78 167
78 172
78 192
78 194
78 197
78 223
78 234
78 238
78 248
79 11
79 28
79 65
79 90
79 96
79 108
79 109
79 118
79 124
79 136
79 138
79 173
79 183
79 208
79 210
79 217
79 225
79 229
79 234
79 236
80 18
80 20
80 31
80 35
80 58
80 61
80 98
80 114
80 156
80 162
80 191
80 201
80 204
80 208
80 215
80 217
80 224
80 226
80 243
80 250
81 15
81 18
81 32
81 38
81 45
81 145
81 152
81 165
81 171
81 177
81 197
81 212
81 220
81 231
81 237
81 239
81 241
82 3
82 4
82 20
82 21
82 39
82 57
82 58
82 69
82 81
82 92
82 94
82 95
82 108
82 111
82 145
82 157
82 163
82 166
82 173
82 193
82 198
82 217
82 224
83 7
83 21
83 31
83 38
83 57
83 67
83 69
83 85
83 90
83 96
83 101
83 103
83 105
83 111
83 123
83 139
83 145
83 176
83 235
83 242
84 22
84 27
84 47
84 54
84 56
84 58
84 68
84 88
84 91
84 93
84 103
84 109
84 117
84 139
84 181
84 190
84 194
84 195
84 207
84 216
84 232
84 239
84 249
85 48
85 78
85 84
85 103
85 106
85 116
85 117
85 141
85 143
85 148
85 149
85 160
85 176
85 209
85 210
85 215
85 242
86 14
86 27
86 43
86 44
86 59
86 72
86 111
86 116
86 145
86 157
86 159
86 166
86 171
86 173
86 180
86 186
86 200
86 215
86 249
87 11
87 13
87 20
87 35
87 39
87 40
87 64
87 82
87 92
87 105
87 128
87 137
87 150
87 164
87 187
87 213
87 237
87 242
88 1
88 29
88 45
88 47
88 48
88 55
88 99
88 121
88 150
88 155
88 170
88 187
88 205
88 221
88 239
89 7
89 23
89 38
89 39
89 82
89 87
89 117
89 139
89 140
89 142
89 152
89 167
89 246
89 248
90 15
90 40
90 103
90 104
90 113
90 127
90 142
90 183
90 206
90 212
90 226
90 234
90 235
91 26
91 44
91 47
91 49
91 52
91 60
91 100
91 107
91 113
91 121
91 125
91 128
91 129
91 132
91 133
91 134
91 145
91 166
91 188
91 210
91 212
91 236
91 238
91 249
92 32
92 47
92 52
92 59
92 64
92 89
92 90
92 113
92 117
92 138
92 148
92 155
92 158
92 165
92 167
92 188
92 217
92 233
92 235
92 250
93 7
93 28
93 59
93 69
93 104
93 110
93 115
93 123
93 149
93 162
93 165
93 171
93 190
93 193
93 200
93 205
93 209
93 211
93 235
93 238
93 243
94 5
94 22
94 31
94 34
94 66
94 80
94 131
94 134
94 140
94 167
94 170
94 171
94 203
94 225
94 228
94 235
94 241
95 3
95 26
95 30
95 48
95 63
95 97
95 108
95 125
95 133
95 147
95 148
95 150
95 153
95 206
95 208
95 219
95 242
95 243
96 20
96 24
96 43
96 48
96 68
96 101
96 113
96 119
96 121
96 123
96 126
96 159
96 192
96 222
96 225
96 239
97 2
97 12
97 14
97 63
97 104
97 132
97 138
97 150
97 161
97 167
97 171
97 203
97 207
97 210
97 220
97 221
97 224
97 230
97 247
98 21
98 40
98 41
98 47
98 50
98 55
98 70
98 77
98 83
98 87
98 138
98 141
98 147
98 168
98 169
98 185
98 187
98 192
98 214
98 231
98 235
98 237
98 245
99 25
99 43
99 52
99 82
99 108
99 109
99 119
99 126
99 146
99 147
99 161
99 167
99 170
99 215
99 225
99 236
99 237
99 241
99 249
100 5
100 6
100 25
100 56
100 57
100 59
100 62
100 77
100 85
100 107
100 130
100 141
100 148
100 156
100 166
100 179
100 182
100 183
100 194
100 199
100 202
100 208
100 211
100 230
101 19
101 25
101 39
101 50
101 51
101 53
101 54
101 65
101 76
101 82
101 131
101 151
101 181
101 188
101 194
101 199
101 214
101 237
101 244
102 14
102 22
102 29
102 42
102 65
102 87
102 91
102 93
102 130
102 171
102 213
102 218
102 222
102 229
103 6
103 20
103 22
103 23
103 24
103 36
103 47
103 64
103 67
103 80
103 87
103 101
103 106
103 116
103 142
103 145
103 150
103 176
103 184
103 208
103 218
103 219
103 222
103 227
103 231
104 1
104 7
104 48
104 79
104 95
104 98
104 99
104 112
104 117
104 121
104 137
104 141
104 172
104 202
104 224
104 232
104 248
105 6
105 8
105 14
105 34
105 36
105 65
105 81
105 115
105 126
105 127
105 138
105 149
105 172
105 177
105 188
105 198
105 207
105 215
105 220
105 234
105 236
105 248
106 4
106 11
106 26
106 68
106 81
106 97
106 112
106 114
106 117
106 136
106 141
106 146
106 153
106 155
106 232
107 17
107 21
107 32
107 82
107 88
107 104
107 122
107 124
107 152
107 153
107 155
107 164
107 171
107 175
107 214
107 219
107 235
107 250
108 20
108 42
108 67
108 68
108 84
108 113
108 135
108 138
108 169
108 183
108 215
108 221
108 224
108 241
109 6
109 12
109 28
109 55
109 67
109 75
109 80
109 139
109 175
109 186
110 18
110 57
110 60
110 69
110 95
110 96
110 102
110 114
110 140
110 174
110 175
110 199
110 202
110 207
110 208
110 209
110 212
110 235
110 236
110 244
111 1
111 5
111 6
111 51
111 71
111 106
111 108
111 122
111 124
111 125
111 154
111 157
111 162
111 171
111 180
111 192
111 193
111 246
111 247
112 6
112 11
112 19
112 21
112 38
112 44
112 82
112 89
112 107
112 109
112 122
112 126
112 131
112 147
112 151
112 152
112 155
112 181
112 185
112 190
112 218
112 230
113 1
113 4
113 9
113 19
113 44
113 58
113 89
113 106
113 148
113 177
113 210
113 212
113 224
113 226
113 227
113 234
113 237
113 247
114 9
114 20
114 27
114 35
114 45
114 83
114 89
114 98
114 99
114 111
114 122
114 160
114 164
114 172
114 173
114 189
114 195
114 200
114 202
114 214
114 216
114 232
114 250
115 3
115 8
115 16
115 21
115 40
115 46
115 70
115 84
115 92
115 94
115 101
115 107
115 125
115 130
115 134
115 198
115 224
115 245
116 1
116 12
116 16
116 23
116 60
116 69
116 94
116 97
116 128
116 138
116 140
116 148
116 191
116 198
116 207
116 209
116 217
116 221
116 234
116 235
116 245
117 9
117 13
117 27
117 33
117 37
117 56
117 57
117 62
117 131
117 135
117 136
117 152
117 178
117 185
117 186
117 227
117 228
117 232
117 241
118 3
118 9
118 23
118 32
118 50
118 54
118 83
118 123
118 147
118 168
118 170
118 172
118 179
118 196
118 211
118 215
118 223
119 2
119 20
119 24
119 29
119 35
119 40
119 41
119 47
119 48
119 60
119 72
119 73
119 86
119 89
119 117
119 141
119 154
119 160
119 171
119 177
119 193
119 211
119 223
119 227
120 10
120 11
120 13
120 16
120 23
120 26
120 38
120 45
120 61
120 64
120 66
120 77
120 79
120 84
120 90
120 91
120 104
120 116
120 156
120 170
120 191
120 198
120 219
120 225
120 247
121 9
121 30
121 33
121 35
121 42
121 52
121 55
121 56
121 83
121 85
121 94
121 101
121 108
121 132
121 133
121 165
121 171
121 178
121 190
121 194
121 199
121 215
121 232
121 250
122 11
122 27
122 29
122 36
122 46
122 50
122 61
122 71
122 93
122 131
122 136
122 139
122 141
122 158
122 159
122 167
122 188
122 195
122 202
122 212
122 225
122 226
123 3
123 33
123 59
123 60
123 73
123 84
123 87
123 139
123 156
123 163
123 164
123 167
123 173
123 221
123 236
123 245
124 2
124 4
124 14
124 18
124 34
124 48
124 60
124 82
124 88
124 113
124 134
124 142
124 143
124 148
124 149
124 155
124 166
124 176
124 181
124 182
124 197
124 198
124 235
124 244
125 9
125 21
125 44
125 48
125 55
125 63
125 76
125 80
125 105
125 131
125 134
125 138
125 144
125 182
125 186
125 187
125 198
125 200
125 213
125 231
125 232
125 233
125 239
125 241
125 242
126 16
126 38
126 44
126 48
126 53
126 57
126 58
126 62
126 90
126 94
126 118
126 123
126 125
126 129
126 149
126 159
126 175
126 182
126 188
126 192
126 204
126 229
126 245
127 5
127 7
127 11
127 20
127 25
127 38
127 39
127 42
127 46
127 49
127 55
127 110
127 116
127 124
127 137
127 148
127 157
127 187
127 231
127 235
128 4
128 8
128 9
128 27
128 67
128 70
128 73
128 77
128 82
128 83
128 97
128 109
128 115
128 135
128 142
128 171
128 189
128 200
128 243
129 2
129 15
129 17
129 18
129 27
129 29
129 36
129 40
129 73
129 95
129 108
129 143
129 154
129 158
129 159
129 178
129 181
129 187
129 191
129 195
129 202
129 205
129 208
129 241
130 7
130 10
130 15
130 21
130 23
130 59
130 66
130 72
130 106
130 111
130 134
130 172
130 182
130 195
130 202
130 216
130 220
130 225
130 229
130 232
131 12
131 18
131 27
131 29
131 53
131 61
131 63
131 99
131 106
131 129
131 134
131 145
131 166
131 179
131 209
131 229
131 236
131 246
132 14
132 33
132 43
132 48
132 55
132 83
132 92
132 102
132 105
132 109
132 119
132 126
132 144
132 151
132 195
132 235
132 236
133 1
133 9
133 32
133 54
133 55
133 61
133 64
133 89
133 157
133 191
133 228
133 237
133 239
133 245
134 21
134 49
134 52
134 74
134 87
134 99
134 108
134 127
134 129
134 151
134 179
134 210
134 214
134 240
134 246
135 18
135 36
135 70
135 71
135 92
135 95
135 116
135 125
135 138
135 142
135 144
135 160
135 175
135 176
135 179
135 182
135 189
135 209
135 214
135 233
135 250
136 4
136 6
136 12
136 37
136 56
136 59
136 83
136 109
136 116
136 135
136 163
136 172
136 186
136 209
136 216
136 241
136 244
137 4
137 7
137 16
137 17
137 21
137 28
137 43
137 64
137 66
137 80
137 108
137 118
137 123
137 133
137 161
137 176
137 199
137 235
137 237
138 7
138 32
138 37
138 80
138 144
138 154
138 159
138 165
138 168
138 197
138 222
138 231
138 243
139 3
139 15
139 45
139 79
139 85
139 86
139 99
139 100
139 103
139 107
139 127
139 150
139 171
139 187
139 195
139 199
139 200
139 210
139 211
139 216
139 228
139 236
139 239
139 240
139 247
140 5
140 14
140 17
140 20
140 38
140 45
140 49
140 64
140 72
140 81
140 125
140 127
140 139
140 148
140 182
140 199
140 211
140 228
140 249
141 30
141 43
141 44
141 46
141 59
141 84
141 101
141 151
141 154
141 168
141 196
141 203
141 208
141 230
141 235
141 244
142 8
142 12
142 13
142 18
142 35
142 38
142 81
142 85
142 92
142 146
142 158
142 178
142 179
142 202
142 208
142 219
142 223
142 230
142 235
142 238
142 245
143 29
143 31
143 36
143 50
143 83
143 84
143 87
143 91
143 92
143 93
143 95
143 108
143 112
143 125
143 133
143 135
143 168
143 172
143 179
143 187
143 210
143 220
143 227
143 232
143 234
143 238
143 249
143 250
144 4
144 37
144 55
144 60
144 67
144 72
144 75
144 77
144 106
144 113
144 129
144 145
144 148
144 155
144 158
144 180
144 193
144 213
144 230
144 231
144 240
145 2
145 3
145 18
145 19
145 20
145 21
145 32
145 60
145 77
145 129
145 135
145 158
145 161
145 183
145 196
145 211
145 232
145 235
146 1
146 7
146 14
146 19
146 26
146 33
146 36
146 63
146 90
146 104
146 110
146 115
146 124
146 129
146 130
146 137
146 147
146 163
146 169
146 174
146 178
146 216
146 221
146 239
146 240
146 249
147 15
147 24
147 31
147 35
147 40
147 58
147 59
147 93
147 105
147 117
147 122
147 127
147 130
147 134
147 170
147 191
147 206
147 215
147 237
148 1
148 2
148 4
148 12
148 17
148 24
148 36
148 42
148 57
148 76
148 81
148 82
148 86
148 87
148 96
148 99
148 101
148 107
148 108
148 109
148 138
148 146
148 159
148 190
148 194
148 198
148 202
148 208
148 214
148 228
148 231
148 237
149 7
149 17
149 19
149 57
149 61
149 62
149 70
149 71
149 75
149 77
149 90
149 103
149 106
149 121
149 147
149 156
149 164
149 197
149 202
149 224
149 237
150 1
150 6
150 14
150 27
150 43
150 47
150 52
150 63
150 81
150 114
150 123
150 133
150 149
150 153
150 159
150 176
150 187
150 197
150 204
150 223
150 246
150 247
151 1
151 7
151 11
151 15
151 18
151 42
151 87
151 88
151 93
151 98
151 105
151 113
151 125
151 130
151 131
151 143
151 145
151 150
151 161
151 178
151 182
151 197
151 210
151 224
152 4
152 23
152 24
152 25
152 57
152 59
152 61
152 78
152 83
152 84
152 94
152 132
152 161
152 177
152 244
152 247
153 8
153 47
153 60
153 98
153 102
153 128
153 149
153 158
153 160
153 168
153 175
153 183
153 222
153 231
153 238
153 249
154 7
154 27
154 57
154 60
154 86
154 122
154 124
154 125
154 145
154 175
154 200
154 218
154 230
154 238
155 9
155 13
155 14
155 30
155 37
155 45
155 50
155 59
155 73
155 110
155 123
155 150
155 153
155 171
155 190
155 216
155 230
155 249
156 7
156 9
156 12
156 19
156 20
156 21
156 36
156 69
156 113
156 133
156 137
156 143
156 145
156 163
156 183
156 186
156 189
156 190
156 198
156 234
156 242
157 1
157 12
157 14
157 34
157 39
157 60
157 61
157 79
157 89
157 92
157 120
157 122
157 134
157 166
157 188
157 189
157 190
157 199
157 202
157 208
157 212
157 215
157 220
157 232
157 243
157 250
158 1
158 17
158 21
158 30
158 54
158 57
158 64
158 69
158 102
158 105
158 135
158 175
158 187
158 193
158 213
158 233
158 237
159 11
159 18
159 42
159 46
159 55
159 61
159 71
159 84
159 102
159 108
159 146
159 175
159 201
159 213
159 244
160 6
160 11
160 12
160 13
160 24
160 27
160 54
160 69
160 89
160 93
160 103
160 110
160 111
160 126
160 129
160 148
160 156
160 169
160 177
160 182
160 186
160 222
161 3
161 5
161 24
161 35
161 59
161 60
161 68
161 84
161 94
161 107
161 127
161 130
161 175
161 178
161 191
161 194
161 201
161 202
161 231
161 234
162 9
162 23
162 44
162 47
162 89
162 95
162 108
162 119
162 122
162 129
162 130
162 150
162 168
162 169
162 175
162 201
162 219
162 223
162 225
162 228
163 6
163 15
163 16
163 27
163 34
163 36
163 51
163 88
163 89
163 90
163 95
163 104
163 110
163 120
163 127
163 137
163 138
163 171
163 186
163 204
163 218
163 242
163 245
163 248
164 7
164 28
164 32
164 35
164 39
164 44
164 47
164 48
164 68
164 79
164 81
164 84
164 93
164 100
164 101
164 126
164 151
164 167
164 190
164 193
164 218
164 220
164 250
165 1
165 13
165 40
165 42
165 54
165 84
165 85
165 86
165 122
165 142
165 146
165 167
165 183
165 185
165 200
165 214
165 239
165 241
166 1
166 7
166 14
166 32
166 43
166 50
166 54
166 64
166 68
166 73
166 78
166 83
166 85
166 87
166 89
166 109
166 111
166 121
166 141
166 147
166 199
166 201
167 2
167 37
167 40
167 61
167 63
167 74
167 75
167 85
167 118
167 131
167 135
167 138
167 147
167 155
167 181
167 199
167 206
167 212
167 241
167 246
167 248
168 2
168 12
168 37
168 39
168 45
168 67
168 85
168 107
168 124
168 133
168 144
168 187
168 188
168 193
168 200
168 216
168 223
168 228
168 239
168 249
169 17
169 24
169 36
169 38
169 50
169 56
169 82
169 86
169 103
169 105
169 107
169 109
169 123
169 125
169 127
169 133
169 157
169 168
169 176
169 180
169 186
169 188
169 201
169 203
169 234
170 2
170 6
170 30
170 33
170 38
170 56
170 82
170 87
170 100
170 113
170 114
170 126
170 129
170 151
170 158
170 163
170 175
170 177
170 210
170 221
171 12
171 22
171 39
171 41
171 43
171 57
171 63
171 70
171 73
171 140
171 173
171 176
171 185
171 199
171 202
171 209
171 216
171 221
171 228
171 237
171 243
171 245
172 5
172 16
172 21
172 22
172 42
172 62
172 80
172 85
172 97
172 107
172 117
172 129
172 138
172 141
172 146
172 151
172 163
172 174
172 190
172 204
172 209
172 237
172 242
172 248
173 2
173 5
173 20
173 35
173 39
173 44
173 47
173 57
173 87
173 102
173 119
173 120
173 126
173 128
173 145
173 150
173 157
173 162
173 163
173 172
173 177
173 178
173 181
173 182
173 206
173 230
173 243
174 7
174 15
174 22
174 29
174 39
174 66
174 72
174 76
174 77
174 80
174 81
174 82
174 104
174 114
174 125
174 131
174 144
174 147
174 162
174 180
174 192
174 199
174 229
175 8
175 19
175 43
175 48
175 54
175 64
175 67
175 81
175 100
175 122
175 123
175 137
175 146
175 157
175 193
175 202
175 204
176 4
176 9
176 19
176 27
176 37
176 51
176 71
176 74
176 79
176 93
176 107
176 108
176 120
176 134
176 140
176 144
176 149
176 183
176 184
176 224
176 227
176 232
176 245
176 248
177 2
177 15
177 21
177 98
177 120
177 123
177 149
177 155
177 156
177 158
177 162
177 169
177 212
177 213
177 230
177 232
177 236
177 238
177 244
178 20
178 26
178 34
178 40
178 60
178 62
178 88
178 96
178 106
178 120
178 122
178 139
178 175
178 179
178 193
178 212
178 215
178 221
178 237
178 249
179 14
179 16
179 44
179 63
179 67
179 88
179 89
179 102
179 114
179 132
179 150
179 166
179 173
179 188
179 206
179 211
179 212
179 222
179 240
179 247
180 5
180 23
180 62
180 100
180 124
180 137
180 151
180 154
180 157
180 163
180 178
180 197
180 201
180 217
180 220
180 222
180 234
180 235
180 238
180 242
181 5
181 20
181 42
181 46
181 58
181 66
181 78
181 117
181 122
181 137
181 139
181 144
181 149
181 156
181 161
181 166
181 168
181 172
181 183
181 184
181 186
181 189
181 195
181 199
181 200
181 219
182 2
182 14
182 41
182 42
182 43
182 66
182 96
182 120
182 127
182 137
182 154
182 174
182 208
182 229
182 238
182 240
182 244
182 246
183 12
183 17
183 25
183 31
183 43
183 61
183 69
183 76
183 87
183 98
183 107
183 114
183 154
183 159
183 160
183 173
183 219
183 238
183 242
183 248
184 4
184 8
184 22
184 52
184 71
184 74
184 102
184 109
184 110
184 111
184 122
184 124
184 138
184 140
184 142
184 148
184 189
184 197
184 239
185 5
185 28
185 43
185 66
185 67
185 75
185 102
185 104
185 131
185 133
185 134
185 148
185 167
185 214
185 241
186 2
186 18
186 29
186 33
186 36
186 62
186 71
186 103
186 119
186 121
186 133
186 138
186 154
186 161
186 168
186 205
186 220
186 246
187 11
187 13
187 32
187 36
187 62
187 63
187 67
187 111
187 118
187 120
187 122
187 133
187 145
187 159
187 171
187 172
187 175
187 196
187 209
187 210
187 228
187 242
188 1
188 18
188 26
188 38
188 51
188 52
188 61
188 64
188 99
188 110
188 116
188 124
188 127
188 134
188 138
188 144
188 147
188 214
188 217
188 227
189 2
189 6
189 8
189 39
189 45
189 61
189 68
189 90
189 100
189 106
189 108
189 132
189 142
189 145
189 160
189 164
189 168
189 182
189 196
189 211
189 219
189 221
189 231
189 237
190 17
190 23
190 24
190 43
190 52
190 69
190 75
190 79
190 88
190 89
190 91
190 110
190 137
190 153
190 159
190 173
190 186
190 208
190 219
190 230
191 3
191 18
191 40
191 61
191 93
191 99
191 102
191 103
191 143
191 158
191 175
191 177
191 194
191 195
191 201
191 235
192 6
192 14
192 38
192 44
192 46
192 47
192 59
192 68
192 71
192 79
192 83
192 97
192 100
192 129
192 130
192 133
192 135
192 156
192 179
192 200
192 220
192 239
192 241
192 243
192 245
192 246
193 10
193 47
193 60
193 64
193 86
193 105
193 126
193 128
193 132
193 165
193 169
193 182
193 183
193 188
193 200
193 203
193 204
193 208
193 209
193 217
194 15
194 36
194 38
194 41
194 47
194 51
194 69
194 74
194 96
194 105
194 112
194 114
194 116
194 117
194 133
194 144
194 163
194 170
194 195
194 216
194 219
194 221
194 223
194 246
194 250
195 31
195 39
195 43
195 57
195 63
195 64
195 89
195 90
195 95
195 96
195 99
195 105
195 109
195 118
195 124
195 125
195 134
195 171
195 176
195 206
195 229
195 237
196 6
196 26
196 41
196 53
196 54
196 57
196 65
196 72
196 76
196 91
196 102
196 124
196 125
196 140
196 155
196 174
196 179
196 180
196 186
196 213
196 243
197 7
197 9
197 20
197 32
197 47
197 68
197 73
197 79
197 83
197 88
197 92
197 120
197 131
197 142
197 168
197 169
197 181
197 185
197 194
197 214
198 7
198 27
198 32
198 35
198 38
198 55
198 77
198 98
198 107
198 127
198 128
198 143
198 169
198 196
198 199
198 209
198 214
198 230
199 35
199 55
199 64
199 80
199 82
199 87
199 104
199 109
199 143
199 147
199 149
199 180
199 183
199 184
199 190
199 196
199 203
199 209
199 215
199 240
199 241
199 242
199 250
200 8
200 16
200 22
200 25
200 41
200 78
200 80
200 104
200 131
200 145
200 177
200 180
200 184
200 191
200 197
200 207
200 229
200 244
200 250
201 12
201 13
201 25
201 28
201 31
201 33
201 48
201 70
201 96
201 104
201 111
201 115
201 139
201 233
201 237
202 6
202 22
202 42
202 51
202 65
202 69
202 71
202 72
202 82
202 91
202 108
202 127
202 128
202 133
202 151
202 152
202 163
202 173
202 181
202 182
202 187
202 190
202 200
202 249
203 23
203 28
203 42
203 46
203 54
203 60
203 66
203 75
203 82
203 91
203 95
203 99
203 101
203 106
203 121
203 129
203 166
203 173
203 174
203 187
203 188
203 192
203 217
203 242
203 248
204 3
204 14
204 26
204 29
204 30
204 54
204 90
204 140
204 146
204 165
204 183
204 185
204 191
204 200
204 213
204 219
204 231
204 239
204 247
205 7
205 20
205 22
205 44
205 59
205 62
205 67
205 69
205 89
205 91
205 97
205 115
205 123
205 125
205 136
205 138
205 180
205 198
205 206
205 223
205 235
205 248
206 5
206 30
206 39
206 60
206 67
206 75
206 99
206 131
206 132
206 139
206 152
206 157
206 193
206 194
206 212
206 224
206 233
207 7
207 11
207 41
207 52
207 80
207 81
207 90
207 102
207 112
207 128
207 154
207 175
207 179
207 193
207 211
207 219
207 236
208 4
208 8
208 10
208 22
208 32
208 54
208 94
208 106
208 123
208 125
208 130
208 131
208 156
208 176
208 187
208 219
208 223
208 240
208 250
209 2
209 16
209 38
209 48
209 65
209 70
209 84
209 108
209 112
209 120
209 127
209 139
209 149
209 161
209 167
209 175
209 204
209 223
209 236
210 23
210 32
210 44
210 53
210 61
210 66
210 78
210 89
210 137
210 146
210 147
210 150
210 153
210 172
210 208
210 216
210 233
210 249
211 13
211 17
211 23
211 32
211 43
211 51
211 91
211 98
211 106
211 110
211 158
211 164
211 175
211 176
211 183
211 205
211 210
211 247
212 9
212 26
212 35
212 47
212 66
212 77
212 78
212 79
212 96
212 98
212 126
212 163
212 166
212 185
212 201
212 202
212 215
212 221
212 233
213 17
213 32
213 59
213 60
213 71
213 82
213 84
213 93
213 107
213 111
213 124
213 127
213 137
213 138
213 155
213 183
213 184
213 187
213 192
213 201
213 233
214 34
214 40
214 46
214 54
214 68
214 72
214 92
214 111
214 116
214 126
214 136
214 141
214 144
214 146
214 157
214 160
214 171
214 175
214 178
214 219
214 226
214 247
215 6
215 25
215 37
215 40
215 67
215 82
215 94
215 172
215 187
215 214
215 219
215 222
215 230
215 233
215 238
215 246
216 38
216 39
216 43
216 51
216 60
216 67
216 70
216 97
216 108
216 111
216 120
216 185
216 190
216 205
216 220
216 224
216 225
217 19
217 21
217 42
217 49
217 73
217 78
217 87
217 91
217 100
217 107
217 109
217 138
217 139
217 157
217 167
217 173
217 175
217 200
217 210
217 213
217 230
217 245
218 3
218 4
218 27
218 41
218 54
218 55
218 70
218 88
218 89
218 110
218 116
218 136
218 142
218 152
218 155
218 160
218 168
218 178
218 196
218 210
218 219
218 222
218 223
218 228
218 238
219 19
219 24
219 60
219 73
219 78
219 110
219 118
219 121
219 156
219 159
219 186
219 187
219 191
219 203
219 206
219 212
219 224
219 240
219 243
220 7
220 43
220 47
220 50
220 84
220 89
220 94
220 96
220 133
220 145
220 146
220 159
220 204
220 207
220 221
220 235
220 242
220 250
221 32
221 34
221 36
221 87
221 99
221 102
221 110
221 111
221 125
221 136
221 157
221 179
221 206
221 211
221 213
221 214
221 237
221 239
222 19
222 37
222 46
222 47
222 67
222 68
222 70
222 79
222 92
222 99
222 117
222 127
222 132
222 139
222 149
222 154
222 162
222 182
222 186
222 187
222 188
222 190
222 192
222 201
222 225
222 232
222 234
222 238
223 11
223 20
223 28
223 45
223 46
223 88
223 94
223 97
223 99
223 126
223 129
223 166
223 179
223 181
223 203
223 225
223 231
223 244
224 14
224 25
224 63
224 87
224 118
224 123
224 134
224 140
224 146
224 147
224 152
224 178
224 195
224 197
224 200
224 229
224 245
224 248
225 29
225 33
225 46
225 58
225 68
225 82
225 86
225 98
225 140
225 153
225 171
225 194
225 202
225 227
225 236
225 239
225 241
226 11
226 27
226 38
226 43
226 53
226 56
226 57
226 77
226 86
226 93
226 142
226 150
226 177
226 187
226 232
227 30
227 40
227 82
227 93
227 96
227 189
227 191
227 192
227 195
227 213
227 216
227 218
228 6
228 14
228 41
228 48
228 56
228 68
228 70
228 80
228 83
228 89
228 98
228 103
228 106
228 115
228 120
228 130
228 137
228 165
228 166
228 173
228 176
228 180
228 184
228 206
228 227
228 242
229 16
229 20
229 24
229 45
229 48
229 51
229 69
229 81
229 86
229 96
229 104
229 112
229 148
229 160
229 180
229 185
229 186
229 212
229 214
229 236
229 239
229 249
230 5
230 7
230 13
230 29
230 44
230 56
230 70
230 71
230 78
230 89
230 117
230 122
230 175
230 203
230 231
230 238
230 243
231 3
231 36
231 38
231 58
231 59
231 72
231 74
231 109
231 157
231 187
231 193
231 202
231 205
231 208
231 210
231 213
231 217
231 226
232 6
232 22
232 23
232 61
232 62
232 70
232 71
232 72
232 91
232 112
232 128
232 131
232 133
232 134
232 142
232 166
232 171
232 172
233 9
233 32
233 49
233 50
233 53
233 67
233 82
233 113
233 119
233 138
233 179
233 220
233 225
233 242
234 1
234 17
234 24
234 32
234 34
234 43
234 51
234 57
234 71
234 76
234 86
234 103
234 109
234 114
234 125
234 128
234 131
234 137
234 157
234 173
234 174
234 191
234 194
234 195
234 203
234 206
234 213
234 223
234 237
234 243
235 26
235 29
235 42
235 82
235 88
235 103
235 129
235 134
235 147
235 152
235 158
235 171
235 174
235 177
235 207
235 210
236 2
236 4
236 23
236 27
236 48
236 65
236 67
236 73
236 84
236 86
236 98
236 121
236 122
236 135
236 136
236 141
236 155
236 162
236 171
236 204
236 219
236 235
236 248
237 1
237 5
237 18
237 21
237 28
237 54
237 61
237 103
237 124
237 140
237 155
237 200
237 214
237 231
238 25
238 63
238 75
238 90
238 102
238 122
238 130
238 155
238 165
238 167
238 173
238 181
238 198
238 210
238 212
238 226
238 233
239 31
239 61
239 63
239 67
239 79
239 86
239 89
239 90
239 91
239 132
239 144
239 166
239 187
239 200
239 209
239 220
239 227
239 241
240 31
240 37
240 39
240 41
240 57
240 68
240 80
240 83
240 90
240 111
240 115
240 120
240 133
240 147
240 153
240 156
240 159
240 165
240 175
240 187
240 188
240 239
241 13
241 17
241 32
241 33
241 38
241 39
241 55
241 78
241 84
241 113
241 138
241 149
241 156
241 179
241 180
241 189
241 206
241 230
241 231
242 14
242 41
242 57
242 69
242 74
242 91
242 121
242 128
242 141
242 150
242 164
242 182
242 219
242 246
243 24
243 27
243 34
243 37
243 39
243 50
243 58
243 59
243 60
243 69
243 73
243 86
243 87
243 89
243 104
243 132
243 136
243 198
243 205
243 208
243 209
243 224
243 233
243 249
244 10
244 16
244 56
244 65
244 70
244 97
244 100
244 153
244 170
244 173
244 176
244 178
244 210
244 233
245 1
245 23
245 33
245 36
245 47
245 87
245 95
245 102
245 107
245 110
245 119
245 121
245 134
245 147
245 169
245 170
245 195
245 201
245 202
245 204
245 207
245 220
245 227
246 10
246 14
246 57
246 82
246 88
246 141
246 155
246 162
246 171
246 173
246 177
246 199
246 216
246 247
246 248
247 28
247 30
247 46
247 51
247 70
247 114
247 137
247 148
247 163
247 167
247 173
247 188
247 212
247 225
248 10
248 13
248 42
248 43
248 44
248 49
248 50
248 52
248 68
248 82
248 116
248 131
248 146
248 190
248 222
248 231
248 237
248 250
249 15
249 40
249 58
249 77
249 94
249 103
249 120
249 161
249 165
249 208
249 222
249 230
249 231
249 250
250 1
250 9
250 13
250 19
250 27
250 49
250 70
250 89
250 97
250 100
250 104
250 123
250 127
250 137
250 158
250 161
250 170
250 174
250 181
250 203
250 205
250 215
250 216
250 217
250 222

