250 500
91 20 52 94 73 77 26 86 101 114 38 64 27 95 97 55 114 20 71 104 36 47 65 38 52 65 27 22 75 76 58 46 55 53 81 98 67 30 45 68 103 89 115 43 107 98 83 98 76 75 46 43 38 104 63 77 79 110 37 79 45 99 48 84 106 106 104 53 39 112 68 45 75 94 66 105 38 101 59 65 67 93 58 53 53 73 34 82 53 113 104 46 71 36 63 102 97 113 72 99 60 87 43 56 79 90 26 72 37 69 94 104 94 38 110 78 23 52 108 97 74 40 46 74 113 47 23 60 93 71 90 82 30 65 94 65 66 96 22 31 39 40 70 67 28 84 65 112 91 47 20 24 46 93 75 72 34 35 20 84 64 64 99 26 65 26 113 62 102 42 95 69 40 34 88 63 87 95 63 33 107 36 31 78 54 48 28 111 73 27 48 112 94 113 49 25 51 92 42 119 53 88 42 98 93 111 82 80 91 23 53 45 76 112 51 26 64 24 66 51 89 75 69 90 71 41 46 27 115 65 89 31 82 93 41 99 71 110 81 47 64 96 22 53 100 25 30 36 75 75 
1 195
2 97
2 167
3 8
3 46
3 84
4 17
4 61
4 186
5 120
5 211
5 238
6 207
7 118
7 219
8 21
8 31
8 40
8 113
8 149
8 241
10 35
10 120
10 133
11 8
12 123
13 36
13 104
14 85
14 156
15 93
15 139
15 161
16 203
16 205
18 175
18 179
19 216
20 17
20 83
20 121
20 169
20 243
21 133
21 178
21 210
22 41
22 52
22 246
23 73
24 190
24 247
25 40
26 104
26 115
26 118
28 12
28 15
28 46
28 66
29 135
29 206
29 238
30 78
30 144
30 201
31 2
31 20
31 175
32 152
32 218
32 245
34 29
34 230
35 178
35 211
36 209
36 246
37 167
38 33
38 161
39 111
40 101
41 215
41 236
42 61
42 120
43 5
43 52
43 244
44 22
44 52
44 121
44 178
45 110
45 115
45 145
46 82
48 64
49 108
49 133
49 148
50 39
50 127
50 146
51 135
51 241
52 33
52 134
52 233
52 241
53 97
53 164
54 152
54 165
55 157
55 218
56 13
56 119
57 31
57 40
57 154
57 233
58 49
58 191
59 6
59 100
59 226
60 71
61 34
61 50
61 187
61 243
63 155
63 181
63 186
63 196
63 218
63 244
64 63
64 161
64 239
65 20
65 122
67 108
67 214
68 12
68 50
69 18
69 206
70 6
70 8
70 73
70 165
70 230
72 126
72 182
75 32
75 225
76 32
76 151
77 22
77 41
77 188
78 64
78 147
79 38
80 9
80 60
80 90
80 204
80 207
80 240
82 171
83 57
84 245
84 248
85 74
86 17
86 52
86 76
86 93
86 123
87 129
87 170
88 44
88 152
88 155
89 111
89 231
90 87
90 195
90 218
90 242
92 30
92 151
93 133
93 166
93 176
93 218
94 87
94 163
96 13
96 40
96 56
96 249
97 4
97 59
97 89
97 108
97 220
100 72
100 138
100 201
101 90
101 208
101 230
102 49
102 115
103 126
104 114
104 120
104 203
105 243
106 42
106 206
107 65
107 157
108 218
108 242
109 57
109 194
110 46
110 148
110 212
110 230
111 62
111 213
112 49
112 65
112 97
113 33
114 120
114 184
114 227
115 56
115 58
115 170
116 166
118 168
119 167
120 55
120 57
120 146
120 229
121 170
123 16
123 117
123 181
124 28
124 111
126 21
126 55
126 245
127 175
128 2
128 56
128 220
128 228
129 31
129 169
130 71
131 29
131 175
132 32
132 172
133 15
133 122
133 169
133 216
133 223
135 25
135 109
135 221
136 43
136 197
136 202
136 231
137 52
140 242
141 171
144 235
145 6
145 63
145 95
146 1
146 178
148 139
148 168
148 211
149 9
150 104
150 227
150 235
151 50
151 61
151 108
152 248
153 41
153 152
154 150
155 50
155 197
157 10
157 26
157 240
158 67
159 124
159 147
159 173
159 204
160 162
161 71
161 72
162 6
162 244
163 18
163 240
164 112
164 220
164 231
165 44
165 155
165 209
166 154
166 209
166 228
167 44
167 51
167 202
167 229
167 250
168 207
169 14
169 122
170 136
171 32
171 41
171 218
172 129
172 234
174 219
175 56
175 85
175 125
176 31
176 81
177 43
177 157
177 196
177 227
178 27
178 155
178 232
179 49
179 114
179 160
180 7
182 231
183 80
184 39
184 203
184 240
185 154
185 183
186 59
187 156
188 26
188 148
188 190
190 165
190 166
190 223
191 78
193 148
193 165
194 70
195 75
195 194
196 31
196 39
196 53
196 113
197 73
197 80
197 199
198 106
198 214
198 238
199 36
199 201
199 248
200 6
200 96
200 217
201 167
201 188
202 159
202 238
204 38
204 210
205 141
206 146
206 182
206 223
208 91
209 34
209 81
210 24
210 207
211 94
212 12
212 86
213 65
214 1
214 30
214 111
215 119
215 185
216 67
217 137
217 165
217 221
218 145
218 226
218 229
218 243
219 67
219 104
219 204
219 230
220 46
220 187
221 58
221 82
221 121
221 141
222 155
223 26
223 189
223 237
224 87
224 118
224 215
225 42
225 69
225 190
225 205
226 121
227 60
227 152
227 173
228 142
228 210
230 141
230 161
232 5
232 43
232 111
232 218
233 92
233 132
233 242
234 34
234 84
235 58
236 116
236 119
237 12
237 43
238 155
239 110
240 76
240 86
241 44
242 151
242 207
243 196
244 40
244 230
245 204
246 123
246 143
246 241
247 144
247 249
248 220
248 231
249 17
249 221

