150 2000
96 40 118 25 40 49 51 26 36 120 112 120 21 90 60 53 104 86 45 71 58 52 80 59 57 52 47 80 76 102 32 91 117 64 39 47 118 41 98 24 45 82 115 31 93 118 120 96 77 22 60 81 85 114 119 67 101 55 112 99 79 101 53 21 98 50 64 52 24 22 109 101 52 45 87 97 87 81 40 74 24 36 41 72 49 41 87 34 80 76 94 29 30 47 20 75 118 89 39 84 51 55 79 28 75 20 117 114 95 38 117 105 40 108 109 67 45 75 62 69 64 70 73 23 54 110 65 51 104 21 30 67 81 34 99 113 26 89 60 99 56 74 87 43 29 109 28 25 103 79 
1 2
1 4
1 14
1 15
1 28
1 33
1 34
1 42
1 53
1 58
1 64
1 73
1 88
1 90
1 94
1 135
2 9
2 14
2 65
2 75
2 83
2 85
2 86
2 117
2 125
2 127
2 135
3 14
3 36
3 51
3 57
3 66
3 82
3 86
3 114
3 131
3 140
4 20
4 21
4 29
4 39
4 43
4 48
4 64
4 67
4 78
4 120
4 123
4 127
4 140
4 149
5 1
5 3
5 13
5 16
5 20
5 30
5 47
5 54
5 57
5 62
5 75
5 96
5 111
5 138
5 147
6 23
6 32
6 38
6 58
6 65
6 70
6 78
6 94
6 103
6 112
6 116
6 120
6 122
6 123
6 125
6 129
7 2
7 13
7 16
7 18
7 29
7 34
7 58
7 73
7 89
7 101
7 103
7 127
7 132
7 143
7 146
8 11
8 20
8 40
8 44
8 68
8 77
8 80
8 84
8 91
8 95
8 102
8 129
8 142
9 12
9 14
9 32
9 40
9 43
9 46
9 52
9 68
9 76
9 89
9 94
9 103
9 104
9 113
9 134
10 6
10 7
10 8
10 9
10 17
10 38
10 39
10 50
10 53
10 82
10 85
10 87
10 92
10 110
10 124
10 139
11 16
11 20
11 21
11 22
11 32
11 60
11 86
11 90
11 99
11 121
11 130
11 131
11 135
12 8
12 21
12 37
12 43
12 46
12 60
12 88
12 93
12 99
12 110
12 121
12 140
13 26
13 38
13 65
13 67
13 69
13 72
13 75
13 98
13 120
13 131
13 134
13 143
13 148
14 6
14 46
14 50
14 61
14 77
14 86
14 87
14 90
14 94
14 97
14 99
14 102
14 124
14 126
14 130
14 138
14 146
14 148
15 9
15 19
15 23
15 27
15 35
15 42
15 46
15 49
15 54
15 64
15 73
15 75
15 89
15 100
15 133
15 134
15 149
16 14
16 15
16 20
16 30
16 33
16 46
16 56
16 64
16 66
16 67
16 74
16 103
16 104
16 123
16 129
16 138
17 8
17 46
17 57
17 63
17 65
17 77
17 88
17 113
17 117
17 118
17 127
17 129
17 136
17 137
18 10
18 89
18 106
18 123
18 129
19 5
19 21
19 36
19 51
19 60
19 63
19 68
19 90
19 93
19 94
19 98
19 106
19 115
19 137
19 139
19 144
20 1
20 9
20 19
20 24
20 26
20 28
20 31
20 33
20 40
20 43
20 44
20 45
20 54
20 71
20 78
20 112
20 119
20 139
21 2
21 5
21 20
21 22
21 38
21 51
21 54
21 61
21 72
21 115
21 142
22 5
22 42
22 64
22 65
22 66
22 69
22 75
22 98
22 103
22 106
22 114
22 128
22 142
23 14
23 22
23 52
23 53
23 90
23 96
23 108
23 112
23 116
23 117
23 129
23 141
24 11
24 22
24 23
24 30
24 37
24 44
24 52
24 65
24 67
24 73
24 78
24 88
24 105
24 107
24 116
24 135
24 143
25 1
25 16
25 20
25 47
25 53
25 60
25 70
25 74
25 82
25 100
25 101
25 102
25 105
25 119
25 124
25 137
25 139
25 140
26 8
26 18
26 19
26 25
26 39
26 74
26 126
26 131
26 134
26 135
26 139
26 143
27 19
27 32
27 33
27 79
27 84
27 88
27 89
27 102
27 115
27 133
27 137
27 144
27 145
27 147
28 30
28 32
28 45
28 48
28 55
28 56
28 58
28 81
28 91
28 114
28 129
28 139
28 140
28 141
28 145
29 9
29 12
29 24
29 26
29 37
29 46
29 48
29 65
29 66
29 71
29 75
29 84
29 92
29 97
29 117
29 120
29 121
29 123
29 145
30 8
30 17
30 21
30 26
30 41
30 47
30 48
30 54
30 55
30 56
30 57
30 75
30 109
30 117
30 118
30 124
30 127
30 133
30 135
30 141
30 143
31 8
31 10
31 13
31 18
31 19
31 21
31 30
31 42
31 47
31 55
31 64
31 79
31 89
31 91
31 96
31 137
32 10
32 24
32 33
32 43
32 47
32 66
32 81
32 92
32 96
32 111
32 119
32 120
32 128
32 147
33 54
33 113
33 116
33 133
33 138
33 150
34 10
34 20
34 22
34 26
34 33
34 52
34 53
34 60
34 70
34 73
34 75
34 81
34 91
34 118
34 126
34 133
34 134
34 138
34 142
35 6
35 25
35 45
35 52
35 54
35 55
35 57
35 62
35 78
35 82
35 108
35 113
35 123
35 126
35 137
35 149
36 1
36 7
36 13
36 15
36 18
36 21
36 50
36 51
36 54
36 66
36 93
36 110
36 132
36 139
36 142
37 2
37 6
37 9
37 49
37 60
37 74
37 89
37 115
37 121
37 122
37 132
37 138
37 146
38 2
38 22
38 24
38 30
38 31
38 49
38 77
38 80
38 92
38 110
38 121
38 128
38 143
39 5
39 7
39 17
39 18
39 49
39 51
39 55
39 74
39 93
39 94
39 109
39 110
39 125
39 135
39 141
39 145
40 12
40 49
40 52
40 56
40 59
40 77
40 86
40 92
40 103
40 115
40 148
41 36
41 43
41 59
41 82
41 86
41 88
41 104
41 105
41 107
41 120
41 126
42 10
42 27
42 30
42 46
42 48
42 65
42 81
42 98
42 107
42 109
42 110
42 112
42 127
42 140
42 148
43 22
43 27
43 35
43 49
43 63
43 92
43 95
43 98
43 119
43 132
43 133
43 137
43 145
43 147
43 149
44 7
44 9
44 10
44 32
44 53
44 55
44 63
44 68
44 69
44 75
44 76
44 83
44 84
44 91
44 92
44 94
44 98
44 111
44 119
44 129
44 136
45 3
45 14
45 22
45 29
45 30
45 31
45 72
45 81
45 82
45 93
45 99
45 101
45 123
45 132
45 133
45 144
45 148
46 7
46 8
46 19
46 21
46 41
46 66
46 73
46 75
46 90
46 135
46 140
47 7
47 43
47 55
47 60
47 61
47 66
47 69
47 85
47 92
47 93
47 136
47 144
47 145
48 2
48 14
48 52
48 76
48 81
48 86
48 96
48 104
48 114
48 126
48 129
48 147
49 13
49 17
49 27
49 33
49 34
49 57
49 65
49 83
49 103
49 146
50 16
50 45
50 47
50 55
50 72
50 99
50 139
50 146
51 6
51 18
51 31
51 33
51 38
51 46
51 53
51 56
51 59
51 72
51 73
51 74
51 89
51 97
51 111
51 117
51 126
51 134
51 148
51 149
52 8
52 13
52 43
52 46
52 56
52 64
52 66
52 73
52 82
52 83
52 93
52 97
52 98
52 102
52 109
52 133
52 137
52 144
53 19
53 38
53 39
53 47
53 48
53 55
53 60
53 68
53 88
53 89
53 119
53 130
54 16
54 18
54 28
54 50
54 59
54 78
54 111
54 112
54 126
54 136
54 141
55 10
55 32
55 65
55 89
55 92
55 113
55 135
55 138
56 12
56 46
56 66
56 84
56 87
56 89
56 101
56 135
57 8
57 12
57 39
57 42
57 44
57 45
57 54
57 60
57 71
57 75
57 88
57 92
57 95
57 114
58 11
58 24
58 30
58 42
58 45
58 52
58 55
58 83
58 102
58 106
58 127
58 140
58 148
59 6
59 9
59 14
59 16
59 18
59 39
59 61
59 65
59 69
59 71
59 88
59 93
59 94
59 96
59 98
59 107
60 7
60 13
60 26
60 43
60 51
60 61
60 85
60 92
60 101
60 106
60 110
60 119
60 122
60 126
60 132
60 133
60 137
60 138
61 26
61 28
61 35
61 38
61 40
61 46
61 49
61 74
61 106
61 118
61 135
61 137
61 139
61 140
61 142
62 6
62 9
62 10
62 17
62 24
62 37
62 44
62 51
62 56
62 71
62 74
62 80
62 82
62 107
62 121
62 130
62 139
62 150
63 4
63 5
63 7
63 13
63 24
63 46
63 82
63 88
63 102
63 103
63 123
63 131
64 11
64 29
64 30
64 71
64 75
64 87
64 105
65 39
65 41
65 51
65 60
65 92
65 107
65 123
65 129
65 138
66 19
66 24
66 28
66 61
66 65
66 69
66 70
66 71
66 101
66 103
66 104
66 120
66 128
66 136
66 139
67 15
67 29
67 39
67 53
67 61
67 62
67 66
67 68
67 75
67 94
67 101
67 123
67 129
67 135
68 3
68 12
68 26
68 47
68 54
68 70
68 74
68 108
68 110
68 121
68 140
68 145
69 5
69 21
69 40
69 62
69 89
69 117
69 120
70 17
70 18
70 32
70 37
70 45
70 90
70 94
70 98
70 122
70 134
70 146
71 4
71 39
71 48
71 67
71 75
71 77
71 98
71 99
71 106
71 115
71 118
71 123
71 134
72 17
72 27
72 34
72 35
72 59
72 63
72 67
72 88
72 123
72 125
72 131
72 149
73 10
73 18
73 19
73 33
73 39
73 40
73 41
73 66
73 68
73 85
73 96
73 101
73 102
73 106
73 109
73 120
73 121
73 146
74 1
74 4
74 7
74 12
74 14
74 20
74 28
74 34
74 40
74 64
74 98
74 131
74 135
74 137
74 141
74 145
74 148
75 32
75 35
75 38
75 58
75 59
75 68
75 80
75 92
75 121
76 3
76 14
76 17
76 26
76 34
76 52
76 54
76 74
76 93
76 95
76 100
76 104
76 108
76 116
76 120
76 127
76 131
76 133
76 146
77 11
77 35
77 42
77 44
77 46
77 51
77 54
77 67
77 72
77 82
77 119
77 123
77 131
77 134
78 9
78 30
78 31
78 62
78 67
78 83
78 85
78 94
78 96
78 122
78 142
79 5
79 9
79 15
79 22
79 23
79 25
79 26
79 58
79 71
79 72
79 75
79 93
79 98
79 124
79 141
79 144
79 147
80 32
80 36
80 49
80 51
80 60
80 69
80 87
80 90
80 118
80 145
81 12
81 13
81 14
81 41
81 54
81 74
81 78
81 89
81 94
81 103
81 105
81 109
81 113
81 119
81 125
82 1
82 6
82 20
82 51
82 57
82 68
82 74
82 91
82 98
82 102
82 109
82 111
82 126
82 140
83 8
83 17
83 21
83 27
83 32
83 36
83 39
83 47
83 73
83 88
83 121
83 122
83 128
83 132
83 141
83 143
84 18
84 37
84 40
84 42
84 57
84 64
84 67
84 85
84 94
84 102
84 109
84 112
84 133
85 14
85 18
85 19
85 34
85 42
85 46
85 53
85 91
85 106
85 107
85 125
85 130
85 148
86 32
86 42
86 54
86 82
86 85
86 110
86 112
86 122
86 125
86 136
86 138
87 2
87 8
87 26
87 27
87 33
87 34
87 35
87 41
87 50
87 52
87 67
87 75
87 83
87 89
87 109
87 119
87 123
87 127
87 144
88 6
88 25
88 36
88 48
88 61
88 62
88 84
88 100
88 119
88 126
88 127
88 128
88 150
89 12
89 39
89 43
89 47
89 102
89 120
89 144
90 6
90 13
90 25
90 28
90 38
90 50
90 104
90 110
90 114
90 150
91 3
91 5
91 16
91 18
91 56
91 131
91 143
91 146
92 36
92 51
92 52
92 63
92 74
92 76
92 105
92 106
92 115
92 126
92 132
92 134
92 137
92 139
93 22
93 37
93 62
93 75
93 89
93 95
93 99
93 103
93 108
93 135
93 142
93 149
94 18
94 28
94 34
94 41
94 83
94 91
94 96
94 107
94 114
94 136
95 10
95 12
95 26
95 35
95 38
95 55
95 58
95 61
95 63
95 67
95 71
95 79
95 115
95 128
95 138
95 140
95 148
96 14
96 16
96 18
96 25
96 45
96 51
96 60
96 63
96 68
96 72
96 82
96 102
96 113
96 118
96 130
96 133
96 146
97 12
97 28
97 68
97 75
97 80
97 81
97 87
97 137
97 138
97 143
98 2
98 38
98 48
98 50
98 54
98 72
98 76
98 78
98 87
98 94
98 99
98 108
98 109
98 113
98 133
98 139
98 149
99 1
99 20
99 52
99 63
99 119
99 127
99 135
99 141
100 8
100 11
100 20
100 30
100 57
100 70
100 78
100 118
100 126
100 149
100 150
101 1
101 4
101 33
101 40
101 50
101 59
101 74
101 87
101 104
101 111
101 117
101 124
102 10
102 16
102 29
102 38
102 43
102 80
102 81
102 107
102 113
102 121
102 126
102 137
102 138
102 147
103 33
103 42
103 45
103 57
103 96
103 98
103 109
103 142
103 145
103 149
104 17
104 20
104 29
104 32
104 45
104 52
104 65
104 80
104 96
104 108
104 140
104 142
104 143
104 144
105 4
105 9
105 10
105 22
105 29
105 45
105 48
105 50
105 79
105 85
105 97
105 99
105 116
105 127
105 128
105 133
105 146
106 11
106 34
106 36
106 38
106 46
106 66
106 72
106 74
106 82
106 95
106 103
106 127
106 130
106 134
106 147
106 150
107 3
107 14
107 15
107 20
107 36
107 44
107 51
107 67
107 76
107 82
107 93
107 95
107 122
107 129
107 134
107 139
108 10
108 11
108 14
108 18
108 20
108 30
108 51
108 84
108 86
108 89
108 111
108 115
108 121
108 122
108 130
108 142
109 2
109 13
109 16
109 27
109 31
109 50
109 100
109 125
109 130
110 22
110 23
110 24
110 51
110 59
110 87
110 98
110 108
110 127
110 150
111 10
111 16
111 22
111 28
111 29
111 38
111 46
111 60
111 61
111 65
111 68
111 75
111 80
111 83
111 86
111 93
111 96
112 19
112 25
112 28
112 30
112 36
112 53
112 59
112 90
112 121
112 139
113 12
113 13
113 18
113 22
113 47
113 62
113 69
113 82
113 88
113 89
113 110
113 116
113 119
113 133
113 146
114 8
114 9
114 14
114 17
114 52
114 68
114 118
114 130
114 146
114 149
115 2
115 6
115 52
115 53
115 76
115 80
115 82
115 94
115 104
115 106
115 116
115 136
115 139
116 3
116 14
116 39
116 79
116 82
116 114
117 6
117 21
117 44
117 52
117 55
117 76
117 100
117 115
117 127
117 130
117 136
117 140
118 16
118 22
118 24
118 43
118 45
118 84
118 92
118 98
118 111
118 129
118 150
119 12
119 19
119 28
119 39
119 49
119 78
119 79
119 89
119 97
119 107
119 147
119 149
120 8
120 26
120 28
120 88
120 91
120 95
120 101
120 105
120 109
120 114
120 115
120 138
120 141
121 1
121 9
121 23
121 44
121 84
121 86
121 147
122 17
122 20
122 27
122 30
122 32
122 33
122 34
122 43
122 45
122 51
122 66
122 96
122 116
122 121
122 133
122 134
123 8
123 21
123 24
123 41
123 43
123 48
123 59
123 66
123 78
123 85
123 96
123 97
123 121
123 147
124 4
124 9
124 15
124 35
124 36
124 43
124 57
124 59
124 63
124 67
124 72
124 77
124 85
124 88
124 104
125 9
125 13
125 16
125 18
125 59
125 69
125 75
125 76
125 83
125 99
125 110
125 122
125 131
125 137
125 140
125 146
125 149
126 17
126 28
126 55
126 94
126 97
126 106
126 111
126 124
126 141
126 142
127 6
127 29
127 33
127 51
127 71
127 79
127 89
127 91
127 95
127 123
127 125
127 133
127 144
128 10
128 37
128 51
128 75
128 82
128 93
128 107
128 117
128 120
128 124
128 130
128 133
128 144
128 145
128 150
129 22
129 83
129 119
129 123
129 132
129 134
130 2
130 3
130 10
130 23
130 26
130 39
130 58
130 63
130 66
130 83
130 97
130 103
130 129
130 131
130 134
130 140
130 141
130 144
130 146
130 147
130 148
131 4
131 9
131 16
131 18
131 22
131 25
131 67
131 80
131 86
131 98
131 103
131 117
131 120
131 134
131 143
131 147
132 27
132 47
132 58
132 61
132 78
132 89
132 90
132 93
132 100
132 113
132 131
133 6
133 11
133 28
133 44
133 56
133 59
133 61
133 64
133 67
133 74
133 82
133 88
133 95
133 107
134 11
134 21
134 25
134 31
134 59
134 79
134 94
134 109
134 111
134 123
134 126
135 12
135 13
135 18
135 28
135 31
135 71
135 112
135 118
135 122
135 141
136 2
136 9
136 31
136 41
136 57
136 63
136 64
136 65
136 78
136 95
136 102
136 103
136 112
136 118
136 137
136 144
137 1
137 21
137 28
137 40
137 51
137 62
137 113
137 121
137 123
137 138
137 148
138 12
138 17
138 47
138 63
138 82
138 84
138 85
138 94
138 112
138 118
138 133
138 134
139 30
139 51
139 60
139 70
139 80
139 88
139 97
139 103
139 117
139 140
140 9
140 11
140 40
140 50
140 88
140 106
140 118
140 122
140 129
140 133
140 144
140 147
140 148
141 36
141 42
141 55
141 63
141 67
141 72
141 80
141 98
141 114
141 119
141 139
141 147
142 2
142 17
142 39
142 74
142 94
142 102
142 114
142 119
142 131
142 132
142 135
143 46
143 49
143 59
143 63
143 64
143 68
143 72
143 78
143 79
143 82
143 85
143 87
143 90
143 111
143 130
143 148
144 3
144 6
144 21
144 59
144 63
144 80
144 84
144 94
144 95
144 105
144 110
144 112
144 148
145 7
145 19
145 40
145 44
145 49
145 67
145 85
145 115
145 118
145 127
145 134
145 136
145 138
145 147
146 5
146 8
146 15
146 18
146 20
146 46
146 62
146 68
146 83
146 92
146 135
146 142
146 148
147 6
147 11
147 25
147 31
147 38
147 51
147 59
147 62
147 89
147 94
147 125
147 128
147 136
148 20
148 21
148 37
148 49
148 65
148 70
148 89
148 91
148 98
148 107
148 110
148 114
148 128
148 139
148 141
149 36
149 60
149 71
149 105
149 108
149 142
149 146
150 10
150 11
150 13
150 16
150 19
150 21
150 24
150 26
150 48
150 59
150 96
150 99
150 132
150 134
150 143

