150 250
41 27 90 87 89 35 113 99 57 47 103 120 82 51 76 41 106 56 81 92 67 35 23 50 52 112 84 84 94 24 21 22 75 92 60 112 68 60 59 50 87 101 22 55 60 74 79 74 51 34 109 86 32 114 40 51 39 96 25 93 89 27 56 101 47 29 98 91 74 75 44 87 32 104 28 44 103 24 35 78 76 39 92 81 63 105 97 87 83 31 20 97 50 59 105 53 109 106 61 101 70 102 91 114 117 119 64 78 52 94 96 109 54 61 79 107 88 48 62 39 77 98 41 64 31 91 81 26 24 43 103 94 69 116 113 48 106 114 48 100 51 30 95 95 90 100 99 52 55 68 
1 25
1 88
3 67
4 44
4 59
4 74
4 121
5 3
6 86
6 97
6 103
7 5
7 16
8 52
9 133
10 8
10 72
11 29
11 67
13 45
13 61
14 10
14 41
14 124
15 127
16 54
16 90
17 8
17 133
19 40
19 89
22 84
22 149
23 26
23 40
23 122
24 46
24 78
24 125
24 127
25 144
26 92
26 102
27 11
29 108
30 9
30 50
30 58
30 69
30 102
30 141
30 145
30 148
33 46
33 48
34 59
34 81
35 92
36 8
36 75
36 124
37 15
37 61
38 16
39 15
39 29
39 34
39 38
40 50
40 55
40 105
41 48
42 3
42 43
43 50
43 68
43 85
44 26
44 139
45 86
46 51
47 55
48 64
49 7
50 19
52 12
53 27
53 107
54 103
54 115
56 37
56 84
56 106
57 45
58 34
58 136
59 69
60 106
61 91
61 113
63 147
65 28
65 101
66 67
67 58
68 110
69 28
69 64
70 3
70 71
70 114
70 130
71 73
71 87
71 130
72 106
72 132
73 121
74 120
75 121
75 149
76 69
78 63
79 38
79 73
80 52
80 101
80 114
80 139
81 136
82 33
83 70
83 95
84 99
84 119
85 16
86 102
86 143
87 9
87 115
87 125
88 90
88 116
88 130
89 16
90 12
90 137
91 14
91 20
91 52
92 69
93 99
94 75
94 131
94 139
95 9
97 76
97 105
99 146
100 71
100 110
102 46
102 82
102 146
103 106
104 44
105 72
106 16
106 108
106 118
106 147
109 21
109 34
109 124
111 5
112 5
113 21
113 129
114 10
114 121
114 126
115 90
115 150
116 10
116 19
116 71
116 148
117 2
118 107
119 10
119 86
120 21
120 29
120 45
120 80
120 83
120 112
122 127
124 30
124 44
124 123
124 125
126 22
126 146
127 10
127 139
128 88
128 97
129 56
129 64
131 15
131 86
132 1
132 19
132 63
134 23
135 117
135 140
136 42
136 50
136 97
136 130
137 118
138 32
138 49
138 99
139 105
140 133
141 46
141 150
142 3
142 102
142 117
143 104
144 107
144 139
145 31
146 4
146 116
146 144
147 23
148 32
148 144
149 70
150 25
150 52
150 62
150 66
150 85
150 110

