150 750
87 72 21 113 94 119 78 79 107 112 60 84 44 59 84 101 98 71 98 67 69 23 82 107 111 83 53 89 94 90 25 83 59 79 53 47 71 84 83 45 36 92 108 118 47 72 27 113 78 28 31 118 48 35 31 113 114 51 42 56 58 53 96 80 98 60 51 105 35 53 66 70 61 98 116 117 90 51 30 46 102 100 117 100 66 95 43 24 93 43 91 38 100 58 115 101 27 98 87 60 65 115 65 20 117 48 51 119 22 44 77 60 108 27 29 36 60 24 62 81 60 109 81 110 68 31 101 62 58 111 109 109 54 95 89 35 40 47 49 84 80 52 110 40 89 32 78 51 85 49 
1 64
1 70
1 80
1 89
1 98
1 127
1 131
2 80
2 88
2 97
2 114
2 121
3 46
3 74
3 99
3 101
3 111
3 123
3 143
3 144
3 147
4 13
4 56
4 106
4 108
4 127
4 128
4 145
4 148
5 57
5 62
5 71
6 49
6 59
6 77
6 108
7 43
7 124
7 136
7 147
8 38
8 39
8 41
8 60
8 104
8 113
8 115
8 142
8 144
9 11
9 65
9 108
10 23
10 30
10 72
10 139
11 24
11 42
11 51
11 111
11 144
12 6
12 33
12 102
12 133
13 45
13 96
13 98
13 123
13 126
13 127
13 142
14 100
14 133
15 80
15 131
15 148
16 32
16 57
16 74
16 102
16 144
17 10
17 58
17 68
17 73
17 106
17 107
17 113
18 19
18 22
18 35
18 42
18 48
18 56
18 65
18 109
19 12
19 39
19 43
19 46
19 60
19 81
19 87
19 96
19 105
19 129
19 138
19 148
20 10
20 35
20 38
20 96
20 99
20 113
21 18
21 33
21 83
21 91
21 116
22 20
22 66
22 81
22 84
22 110
22 120
23 48
23 52
23 97
23 133
24 29
24 97
24 98
24 108
25 27
25 39
25 46
25 83
25 112
26 79
26 134
26 139
27 3
27 54
27 105
27 110
27 112
27 142
28 2
28 8
28 12
28 24
28 47
28 110
28 118
28 122
28 135
29 1
29 53
29 93
29 139
30 57
30 61
30 80
30 106
30 120
30 131
30 143
31 11
31 22
31 42
31 61
31 64
31 68
31 120
31 142
32 89
32 126
33 27
33 45
33 55
33 77
33 138
34 9
34 47
34 59
34 130
34 145
35 12
35 17
35 90
35 132
36 30
36 43
36 111
36 114
36 115
37 4
37 19
37 73
37 129
38 7
38 10
38 16
38 123
38 147
38 150
39 13
39 125
39 139
40 83
40 87
41 47
41 96
41 114
41 119
41 137
42 26
42 63
42 89
42 114
42 145
43 1
43 77
43 82
43 92
44 4
44 32
44 55
45 30
45 36
45 59
45 72
45 81
45 83
45 85
45 87
45 114
45 142
46 23
46 86
46 130
46 135
47 27
47 48
47 58
47 73
47 109
48 1
48 53
48 104
48 126
48 138
49 11
49 27
49 32
49 43
49 79
49 127
49 145
50 6
50 23
50 36
50 62
50 92
50 114
50 134
51 36
51 69
51 99
51 141
52 1
52 35
52 37
52 47
52 53
53 17
53 55
53 75
53 83
53 147
54 3
54 43
54 49
54 55
54 76
54 84
54 108
54 116
55 61
55 96
55 112
56 1
56 5
56 35
56 81
56 83
56 90
56 120
56 123
57 3
57 50
57 124
58 13
58 31
58 32
58 55
58 56
58 71
58 126
59 56
59 99
60 25
60 38
61 11
61 35
61 98
61 106
62 55
62 68
62 94
62 127
62 137
62 145
63 14
63 65
63 84
63 87
63 123
63 131
64 12
64 38
64 79
64 97
64 119
65 17
65 24
65 58
66 9
66 58
66 95
66 130
67 16
67 32
67 80
67 119
68 16
68 76
68 82
68 88
68 98
69 43
69 95
70 17
70 36
70 85
70 92
70 97
70 109
70 138
70 139
71 72
71 76
71 127
71 137
72 19
72 38
72 113
73 15
73 71
73 148
74 7
74 26
74 30
74 41
74 48
74 65
74 93
74 126
74 127
75 21
75 23
75 147
76 18
76 19
76 35
76 83
76 84
76 102
76 139
76 146
77 9
77 15
77 26
77 44
77 65
78 43
78 49
78 108
78 123
79 92
79 117
79 118
79 136
80 24
80 74
80 85
80 93
80 97
81 60
81 115
82 102
82 121
82 137
83 60
83 127
83 143
83 150
84 5
84 9
84 16
84 71
84 107
84 127
84 131
85 18
85 25
85 27
85 102
85 104
85 113
86 12
86 14
86 120
86 136
87 31
87 96
87 103
87 113
87 126
88 25
88 113
88 140
89 3
89 108
89 130
90 5
90 77
90 130
90 134
91 68
92 9
92 11
92 69
92 143
93 35
93 47
94 41
94 49
94 50
94 87
94 98
94 109
94 129
95 26
95 40
95 46
95 51
96 4
96 59
96 89
96 91
96 142
97 27
97 125
97 127
97 129
97 144
98 21
98 28
98 71
98 104
98 110
99 39
99 70
99 73
99 100
99 108
99 129
99 137
99 138
100 5
100 63
100 109
100 122
100 132
101 19
101 25
101 63
102 17
102 48
102 55
102 62
102 74
103 33
103 36
103 48
103 79
103 83
103 86
103 100
104 21
104 57
104 82
104 97
104 114
104 124
105 39
105 58
106 6
106 56
106 93
106 123
107 7
107 12
107 19
107 37
107 39
107 44
107 54
107 62
107 87
107 104
107 126
107 146
107 150
108 21
108 40
108 56
108 119
108 123
109 40
109 63
109 71
109 96
110 21
111 126
112 16
112 54
112 103
112 139
113 34
113 60
113 81
113 82
113 93
113 98
113 109
113 146
114 22
114 39
114 55
115 63
115 66
115 97
115 101
115 129
116 25
116 69
116 107
116 120
116 123
117 43
117 56
117 68
117 94
117 135
118 58
118 71
118 89
118 96
118 141
119 5
119 79
119 82
119 89
119 116
120 4
120 38
120 49
120 62
120 63
120 76
121 4
121 10
121 38
121 52
121 88
122 3
122 19
122 120
122 129
122 145
123 43
123 58
123 92
123 100
123 139
124 27
124 37
124 52
124 53
125 8
125 12
125 13
125 41
125 50
125 55
125 62
125 81
125 106
125 118
126 21
126 57
127 7
127 17
127 36
127 60
127 100
127 129
128 15
128 44
128 86
128 125
128 140
129 54
129 61
129 66
129 67
129 76
129 102
129 106
129 140
130 37
130 64
130 72
130 81
130 86
130 112
130 146
131 36
131 77
131 88
131 100
131 110
131 111
132 106
132 126
132 128
132 138
132 144
133 62
133 70
133 78
133 82
133 138
134 24
134 51
134 81
134 82
134 121
135 4
135 73
135 80
136 32
136 92
136 107
137 2
137 30
137 64
137 113
137 139
137 145
137 148
138 3
138 44
138 71
138 79
138 98
139 4
139 7
139 84
139 128
139 134
140 14
140 16
140 36
140 71
140 72
140 94
140 109
140 132
140 149
141 35
141 150
142 3
142 7
142 10
142 16
142 60
143 12
143 42
143 124
143 125
144 2
144 17
144 68
144 130
145 28
145 52
145 72
145 120
145 144
146 49
146 98
146 118
146 140
146 150
147 90
147 100
147 130
147 132
148 17
148 30
148 52
148 54
148 79
148 92
149 22
149 47
149 52
149 87
149 138
150 32
150 54
150 91
150 111
150 120
150 140
150 144

