300 5000
46 92 98 98 100 26 76 33 102 113 54 86 54 46 28 51 24 93 55 65 33 39 104 84 25 119 64 42 68 78 65 100 84 63 90 80 108 100 50 67 73 41 49 70 37 43 26 80 62 119 43 32 69 72 98 53 117 28 27 33 89 33 92 116 104 83 72 96 22 113 57 79 64 78 65 68 80 118 94 29 69 43 48 97 38 33 43 39 34 81 80 109 62 111 21 61 84 30 52 106 43 75 82 73 100 60 110 52 22 119 82 29 56 89 32 114 102 110 61 55 69 56 96 117 43 43 114 49 42 65 30 107 101 78 46 81 83 45 29 28 77 48 83 100 82 55 120 35 90 65 90 64 99 111 97 42 52 45 115 116 49 75 87 91 54 100 66 54 104 112 20 95 117 23 90 72 65 70 102 34 53 24 44 41 98 25 25 44 51 23 65 80 40 101 109 77 76 83 76 74 21 115 105 93 92 67 34 78 33 100 103 53 48 120 104 90 40 57 75 105 94 66 59 43 34 51 118 22 98 35 36 46 110 116 66 46 39 78 97 78 84 60 114 104 88 73 106 67 102 105 66 75 36 21 38 101 64 116 116 54 46 68 20 80 49 61 103 56 37 64 76 26 95 25 68 118 23 41 32 72 64 69 72 54 90 65 116 93 20 119 40 21 112 97 24 79 105 86 43 71 
1 11
1 28
1 76
1 90
1 93
1 107
1 127
1 157
1 191
1 193
1 199
1 240
1 252
1 274
1 277
1 280
1 293
1 299
2 7
2 61
2 109
2 114
2 127
2 141
2 143
2 172
2 191
2 208
2 213
2 220
2 223
2 264
2 266
2 267
2 273
3 12
3 45
3 57
3 83
3 100
3 113
3 123
3 157
3 219
3 220
3 232
3 235
3 262
3 279
3 286
4 3
4 25
4 76
4 91
4 105
4 131
4 135
4 142
4 164
4 204
4 214
4 219
4 231
4 278
4 287
4 294
5 3
5 23
5 51
5 68
5 145
5 173
5 219
5 234
5 236
5 245
5 247
6 24
6 65
6 79
6 100
6 131
6 149
6 188
6 190
6 214
6 235
6 295
7 8
7 12
7 40
7 57
7 58
7 62
7 65
7 79
7 142
7 144
7 149
7 158
7 209
7 212
7 238
7 259
7 292
8 3
8 6
8 29
8 38
8 66
8 101
8 138
8 164
8 174
8 183
8 184
8 218
8 231
8 244
8 247
8 257
8 271
8 275
8 280
8 285
8 286
9 5
9 18
9 36
9 64
9 67
9 70
9 110
9 115
9 144
9 207
9 217
9 233
9 249
9 258
9 268
9 280
9 284
10 4
10 8
10 23
10 30
10 38
10 46
10 49
10 52
10 80
10 132
10 181
10 189
10 204
10 214
10 240
10 252
10 271
10 274
11 7
11 10
11 31
11 60
11 61
11 77
11 101
11 137
11 149
11 155
11 162
11 173
11 174
11 199
11 229
11 249
11 257
11 262
11 276
11 278
11 292
11 298
12 23
12 35
12 46
12 55
12 67
12 101
12 129
12 141
12 218
12 242
12 268
12 270
12 271
13 8
13 10
13 38
13 41
13 43
13 47
13 54
13 69
13 76
13 82
13 105
13 120
13 144
13 166
13 178
13 185
13 202
13 226
13 253
13 255
13 262
13 269
13 277
13 300
14 1
14 3
14 7
14 15
14 18
14 23
14 24
14 64
14 74
14 81
14 85
14 90
14 115
14 118
14 136
14 160
14 176
14 211
14 230
14 231
14 263
14 264
14 269
14 276
14 277
15 2
15 42
15 52
15 99
15 119
15 127
15 139
15 147
15 160
15 185
15 198
15 199
15 214
15 225
15 263
15 266
15 280
15 281
16 44
16 64
16 151
16 158
16 191
16 195
16 232
16 247
16 268
16 295
17 2
17 13
17 14
17 33
17 36
17 107
17 108
17 115
17 122
17 134
17 170
17 197
17 212
17 217
17 223
17 237
17 255
17 271
17 272
18 22
18 55
18 65
18 77
18 88
18 102
18 104
18 110
18 115
18 127
18 139
18 202
18 219
18 227
18 236
18 249
18 256
18 257
18 259
18 272
18 282
18 299
19 21
19 50
19 56
19 60
19 67
19 73
19 109
19 133
19 146
19 147
19 150
19 184
19 198
19 202
19 243
19 249
19 269
19 280
20 29
20 39
20 78
20 79
20 82
20 87
20 97
20 166
20 203
20 228
20 250
20 282
21 27
21 57
21 90
21 97
21 100
21 104
21 125
21 135
21 160
21 166
21 168
21 175
21 178
21 182
21 184
21 202
21 237
21 257
22 1
22 11
22 16
22 17
22 19
22 57
22 80
22 83
22 98
22 116
22 130
22 148
22 157
22 183
22 191
22 213
22 219
22 228
22 244
22 249
22 288
22 298
23 37
23 45
23 55
23 68
23 71
23 77
23 78
23 99
23 102
23 139
23 140
23 141
23 180
23 218
23 259
23 278
23 292
24 7
24 17
24 70
24 88
24 95
24 105
24 126
24 139
24 142
24 144
24 205
24 214
24 217
24 221
24 293
25 5
25 34
25 46
25 65
25 138
25 140
25 158
25 229
25 245
25 247
25 251
25 253
25 262
25 282
26 82
26 153
26 206
26 220
26 239
26 277
27 2
27 91
27 92
27 104
27 110
27 113
27 129
27 156
27 191
27 213
27 224
27 226
27 235
27 248
27 251
27 267
27 300
28 9
28 54
28 71
28 72
28 80
28 99
28 108
28 115
28 122
28 127
28 128
28 148
28 187
28 206
28 240
28 260
28 262
28 271
28 275
28 297
28 300
29 9
29 56
29 57
29 95
29 96
29 102
29 103
29 115
29 120
29 156
29 158
29 199
29 205
29 226
29 239
29 244
29 250
29 273
29 285
30 3
30 8
30 41
30 48
30 49
30 60
30 91
30 144
30 155
30 157
30 164
30 204
30 222
30 236
30 250
30 259
30 273
30 281
30 288
31 8
31 12
31 44
31 47
31 92
31 112
31 129
31 130
31 146
31 162
31 163
31 165
31 169
31 172
31 174
31 181
31 207
31 236
31 259
31 274
31 287
32 23
32 25
32 27
32 28
32 31
32 44
32 46
32 51
32 105
32 117
32 124
32 127
32 134
32 139
32 190
32 193
32 194
32 216
32 265
33 29
33 38
33 44
33 59
33 64
33 83
33 105
33 109
33 160
33 164
33 166
33 184
33 193
33 204
33 212
33 239
33 246
33 255
33 261
33 262
34 16
34 28
34 54
34 63
34 75
34 112
34 119
34 122
34 139
34 146
34 172
34 182
34 200
34 201
34 208
34 224
34 252
34 276
34 289
34 298
35 22
35 51
35 75
35 149
35 213
35 227
35 240
35 251
35 264
35 271
35 273
35 274
35 275
36 4
36 11
36 20
36 24
36 44
36 54
36 69
36 109
36 118
36 132
36 206
36 239
36 292
36 299
37 2
37 8
37 17
37 51
37 70
37 72
37 127
37 142
37 157
37 205
37 206
37 283
38 9
38 19
38 21
38 48
38 67
38 100
38 126
38 135
38 148
38 160
38 161
38 165
38 167
38 169
38 199
38 227
38 232
38 242
38 252
38 254
38 287
38 296
39 95
39 102
39 110
39 133
39 143
39 151
39 168
39 189
39 191
39 200
39 212
39 215
39 222
39 266
39 271
40 43
40 67
40 68
40 73
40 77
40 89
40 107
40 139
40 152
40 154
40 167
40 189
40 207
40 213
40 216
40 246
40 249
40 255
40 277
41 1
41 27
41 49
41 76
41 85
41 97
41 116
41 141
41 163
41 196
41 216
41 232
41 241
41 259
41 268
41 285
41 286
42 8
42 11
42 16
42 19
42 41
42 55
42 67
42 94
42 133
42 172
42 177
42 199
42 200
42 208
42 230
42 236
42 245
42 246
43 15
43 34
43 36
43 58
43 63
43 76
43 105
43 125
43 142
43 172
43 173
43 190
43 195
43 210
43 243
43 291
44 12
44 14
44 15
44 38
44 84
44 95
44 102
44 140
44 149
44 158
44 178
44 191
44 208
44 220
44 224
44 264
44 265
44 297
45 4
45 21
45 33
45 47
45 53
45 102
45 114
45 135
45 163
45 172
45 173
45 178
45 203
45 212
45 230
45 237
45 239
45 279
46 18
46 69
46 74
46 134
46 140
46 183
46 192
46 226
46 232
46 234
46 257
46 291
47 18
47 27
47 65
47 82
47 134
47 135
47 148
47 149
47 202
47 205
47 212
47 219
47 224
47 242
47 252
47 290
48 8
48 14
48 24
48 72
48 90
48 100
48 114
48 129
48 133
48 147
48 155
48 159
48 164
48 181
48 185
48 208
48 212
48 225
49 1
49 4
49 13
49 43
49 51
49 70
49 82
49 102
49 132
49 149
49 176
49 186
49 210
49 239
49 268
49 296
50 33
50 40
50 86
50 136
50 142
50 148
50 150
50 187
50 281
50 290
50 295
51 17
51 34
51 43
51 52
51 64
51 75
51 82
51 102
51 103
51 122
51 153
51 179
51 180
51 195
51 262
51 273
51 288
52 34
52 87
52 88
52 91
52 129
52 162
52 207
52 209
52 222
52 300
53 19
53 32
53 35
53 58
53 154
53 164
53 171
53 178
53 188
53 195
53 214
53 225
53 244
53 247
53 261
53 278
53 291
53 293
53 300
54 40
54 56
54 77
54 138
54 161
54 191
54 192
54 199
54 222
54 283
55 10
55 16
55 45
55 57
55 68
55 70
55 113
55 127
55 148
55 165
55 184
55 192
55 237
56 24
56 58
56 75
56 99
56 116
56 142
56 149
56 152
56 171
56 222
56 233
56 241
56 255
56 291
57 11
57 40
57 56
57 110
57 118
57 147
57 208
57 210
57 239
57 246
57 254
57 256
57 258
57 274
57 279
57 281
57 295
58 12
58 28
58 57
58 59
58 73
58 74
58 119
58 149
58 159
58 163
58 167
58 172
58 232
58 292
58 300
59 8
59 29
59 112
59 126
59 132
59 161
59 172
59 182
59 184
59 187
59 267
59 273
59 290
60 17
60 18
60 66
60 102
60 105
60 124
60 137
60 141
60 167
60 171
60 186
60 202
60 208
60 220
60 228
60 266
60 270
60 277
60 297
61 4
61 28
61 37
61 45
61 58
61 78
61 115
61 116
61 125
61 141
61 194
61 210
61 217
61 229
61 230
61 241
61 244
61 275
61 300
62 3
62 4
62 21
62 38
62 42
62 43
62 66
62 70
62 113
62 129
62 157
62 162
62 172
62 173
62 182
62 193
62 194
62 201
62 233
62 237
62 257
62 258
62 273
62 282
62 297
63 1
63 11
63 15
63 31
63 36
63 61
63 71
63 115
63 167
63 176
63 183
63 245
63 253
63 260
63 272
63 282
63 300
64 3
64 22
64 28
64 54
64 72
64 107
64 119
64 127
64 134
64 146
64 150
64 177
64 212
64 234
64 235
64 239
64 258
64 264
65 1
65 27
65 29
65 32
65 50
65 60
65 139
65 194
65 201
65 203
65 214
65 221
65 226
65 233
65 253
65 263
65 267
65 283
66 4
66 7
66 12
66 40
66 49
66 50
66 57
66 64
66 78
66 98
66 134
66 155
66 172
66 186
66 188
66 231
66 234
66 236
66 285
66 294
67 8
67 87
67 91
67 96
67 97
67 110
67 125
67 142
67 183
67 195
67 244
67 255
67 266
67 273
67 277
67 288
67 294
68 3
68 33
68 36
68 82
68 90
68 105
68 126
68 131
68 184
68 185
68 189
68 196
68 273
69 42
69 43
69 66
69 87
69 90
69 117
69 126
69 129
69 144
69 158
69 170
69 180
69 198
69 216
69 218
69 225
69 235
69 243
69 277
69 291
69 293
69 300
70 17
70 31
70 34
70 48
70 52
70 95
70 112
70 124
70 183
70 187
70 231
70 241
70 249
70 252
70 260
71 18
71 19
71 37
71 49
71 56
71 96
71 100
71 149
71 172
71 190
71 196
71 200
71 216
72 5
72 33
72 50
72 73
72 107
72 125
72 158
72 160
72 186
72 242
72 258
72 263
72 279
72 293
72 295
73 50
73 70
73 71
73 92
73 102
73 110
73 126
73 142
73 181
73 207
73 270
73 282
73 291
74 11
74 44
74 50
74 56
74 78
74 85
74 100
74 145
74 163
74 173
74 194
74 195
74 203
74 216
74 217
74 222
74 238
74 263
75 45
75 47
75 50
75 69
75 81
75 101
75 118
75 122
75 123
75 129
75 151
75 177
75 206
75 209
75 215
75 217
75 235
75 237
75 263
75 269
75 280
75 284
75 289
76 7
76 32
76 40
76 60
76 64
76 65
76 78
76 108
76 123
76 131
76 163
76 166
76 169
76 189
76 193
76 201
76 238
76 246
76 264
76 292
76 295
77 29
77 78
77 97
77 136
77 151
77 171
77 174
77 186
77 192
77 206
77 214
77 232
77 250
77 260
77 287
77 288
78 5
78 22
78 32
78 51
78 54
78 104
78 107
78 132
78 148
78 159
78 182
78 194
78 227
78 237
78 242
78 276
78 285
78 289
78 290
79 9
79 11
79 16
79 43
79 49
79 102
79 113
79 139
79 165
79 182
79 214
79 262
79 279
79 288
80 1
80 18
80 35
80 58
80 86
80 121
80 155
80 168
80 174
80 191
80 223
80 232
80 235
80 264
80 288
80 291
81 4
81 15
81 20
81 48
81 61
81 63
81 74
81 80
81 84
81 102
81 114
81 129
81 148
81 169
81 175
81 178
81 200
81 256
81 283
81 292
82 16
82 41
82 44
82 61
82 63
82 79
82 85
82 118
82 126
82 135
82 137
82 145
82 185
82 195
82 214
82 277
83 2
83 6
83 12
83 27
83 32
83 56
83 60
83 66
83 78
83 94
83 97
83 134
83 139
83 150
83 157
83 158
83 169
83 178
83 202
83 212
83 230
83 248
83 290
84 6
84 22
84 38
84 52
84 79
84 92
84 97
84 98
84 102
84 109
84 110
84 113
84 119
84 152
84 158
84 172
84 185
84 188
84 201
84 233
84 237
84 264
84 274
85 8
85 21
85 53
85 72
85 73
85 127
85 128
85 146
85 167
85 169
85 176
85 177
85 191
85 212
85 236
85 244
85 250
85 261
85 285
85 299
86 1
86 18
86 34
86 72
86 130
86 133
86 160
86 169
86 208
86 213
86 217
86 242
86 245
86 253
86 267
86 281
86 288
87 1
87 3
87 4
87 23
87 57
87 78
87 151
87 195
87 198
87 214
87 217
87 223
87 253
87 256
87 257
87 263
87 272
87 273
87 275
88 37
88 65
88 72
88 127
88 128
88 152
88 164
88 192
88 197
88 199
88 204
88 228
88 232
88 245
88 274
88 278
89 22
89 48
89 49
89 60
89 64
89 74
89 88
89 90
89 92
89 132
89 134
89 136
89 148
89 173
89 190
89 191
89 203
89 264
89 267
90 46
90 76
90 83
90 93
90 94
90 102
90 128
90 137
90 149
90 183
90 190
90 234
90 251
90 271
90 274
90 289
90 294
90 295
91 11
91 41
91 85
91 87
91 99
91 133
91 151
91 189
91 248
91 270
91 271
91 272
91 280
91 285
91 299
92 7
92 28
92 29
92 51
92 58
92 65
92 85
92 93
92 134
92 135
92 141
92 149
92 163
92 203
92 208
92 211
92 228
92 246
92 254
92 286
92 292
93 7
93 28
93 31
93 40
93 47
93 51
93 64
93 70
93 120
93 191
93 198
93 208
93 217
93 298
94 23
94 53
94 61
94 68
94 72
94 76
94 101
94 153
94 154
94 167
94 205
94 215
94 230
94 235
94 239
94 249
94 256
94 282
94 284
94 294
95 11
95 12
95 73
95 80
95 107
95 143
95 148
95 156
95 157
95 159
95 186
95 198
95 232
95 235
95 244
95 273
95 296
96 24
96 41
96 45
96 57
96 58
96 65
96 76
96 90
96 102
96 117
96 126
96 142
96 153
96 160
96 171
96 192
96 200
96 237
96 240
96 241
96 257
96 290
96 296
97 49
97 56
97 142
97 146
97 175
97 184
97 223
97 224
97 227
97 242
97 247
97 248
97 257
97 279
97 298
98 3
98 28
98 44
98 45
98 54
98 57
98 124
98 174
98 190
98 192
98 214
98 223
98 224
98 225
98 230
98 245
98 247
98 293
98 294
98 298
98 300
99 60
99 132
99 183
99 197
99 255
99 289
99 299
100 4
100 9
100 10
100 22
100 28
100 31
100 46
100 73
100 91
100 103
100 136
100 141
100 148
100 155
100 171
100 179
100 182
100 209
100 245
100 273
101 3
101 25
101 51
101 60
101 67
101 78
101 85
101 88
101 128
101 133
101 136
101 149
101 184
101 202
101 220
101 222
101 224
101 227
101 232
101 237
101 244
101 278
101 297
102 36
102 46
102 132
102 141
102 146
102 167
102 173
102 174
102 195
102 242
102 258
102 263
102 271
102 275
102 279
102 299
102 300
103 14
103 15
103 48
103 59
103 65
103 69
103 71
103 127
103 149
103 156
103 157
103 205
103 223
103 224
103 231
103 247
103 264
103 295
104 1
104 19
104 28
104 29
104 31
104 51
104 55
104 70
104 74
104 97
104 113
104 149
104 166
104 170
104 182
104 183
104 194
104 209
104 219
104 220
104 268
104 284
105 88
105 94
105 112
105 128
105 172
105 194
105 239
105 243
105 244
105 278
105 300
106 6
106 36
106 77
106 82
106 92
106 104
106 115
106 128
106 133
106 198
106 216
106 219
106 221
106 241
106 245
106 267
107 47
107 55
107 62
107 67
107 81
107 101
107 139
107 160
107 161
107 172
107 193
107 210
107 214
107 218
107 226
107 236
107 253
107 259
107 263
108 44
108 77
108 82
108 100
108 103
108 104
108 125
108 142
108 153
108 172
108 201
108 203
108 218
108 272
108 290
108 297
109 3
109 22
109 23
109 38
109 73
109 83
109 103
109 157
109 239
110 15
110 30
110 40
110 81
110 91
110 125
110 166
110 177
110 185
110 186
110 226
110 228
110 252
110 276
111 2
111 13
111 25
111 27
111 37
111 51
111 64
111 83
111 94
111 98
111 121
111 135
111 139
111 140
111 157
111 169
111 172
111 188
111 198
111 280
111 299
111 300
112 39
112 62
112 80
112 102
112 113
112 152
112 181
112 202
112 210
112 223
112 227
112 229
112 235
112 237
112 245
112 251
112 252
112 257
112 267
112 277
113 12
113 14
113 28
113 37
113 50
113 60
113 63
113 92
113 94
113 131
113 137
113 145
113 170
113 209
113 250
113 256
113 273
114 9
114 10
114 29
114 42
114 51
114 55
114 68
114 87
114 110
114 115
114 117
114 125
114 142
114 144
114 172
114 174
114 181
114 184
114 203
114 205
114 206
114 216
114 226
114 285
115 40
115 53
115 73
115 102
115 158
115 168
115 192
115 196
115 198
115 218
115 224
115 227
115 295
115 299
116 2
116 4
116 10
116 14
116 17
116 33
116 37
116 58
116 66
116 71
116 81
116 132
116 138
116 164
116 170
116 228
116 235
116 254
116 275
117 4
117 10
117 43
117 54
117 79
117 93
117 105
117 155
117 168
117 181
117 187
117 202
117 225
117 255
117 261
117 289
118 4
118 8
118 11
118 16
118 23
118 38
118 49
118 54
118 91
118 123
118 152
118 164
118 167
118 173
118 186
118 190
118 204
118 228
118 242
118 256
119 20
119 48
119 90
119 126
119 137
119 218
119 245
119 265
120 25
120 37
120 59
120 72
120 81
120 104
120 107
120 108
120 166
120 169
120 175
120 252
120 256
120 286
121 9
121 65
121 75
121 78
121 107
121 108
121 120
121 146
121 149
121 164
121 175
121 184
121 195
121 207
121 208
121 214
121 231
121 234
121 253
121 256
121 286
121 290
121 291
122 39
122 53
122 69
122 77
122 82
122 84
122 96
122 99
122 120
122 123
122 126
122 133
122 216
122 265
122 279
122 288
123 1
123 12
123 23
123 39
123 67
123 88
123 184
123 198
123 200
123 204
123 235
123 236
123 246
123 261
123 272
124 27
124 48
124 57
124 71
124 74
124 135
124 141
124 167
124 172
124 175
124 189
124 210
124 265
124 276
125 20
125 39
125 41
125 54
125 81
125 87
125 97
125 159
125 216
125 217
125 233
125 270
126 12
126 44
126 64
126 77
126 97
126 108
126 112
126 143
126 144
126 145
126 150
126 165
126 184
126 186
126 221
126 296
127 25
127 90
127 97
127 101
127 112
127 117
127 119
127 141
127 158
127 210
127 247
127 270
127 284
128 44
128 75
128 97
128 99
128 108
128 123
128 170
128 181
128 216
128 218
128 234
128 239
128 244
128 279
129 47
129 67
129 94
129 111
129 120
129 152
129 169
129 172
129 206
129 218
129 238
129 239
129 241
129 242
129 248
129 268
130 16
130 18
130 44
130 58
130 69
130 73
130 87
130 91
130 94
130 104
130 145
130 163
130 165
130 190
130 207
130 233
130 298
131 5
131 13
131 33
131 66
131 70
131 80
131 94
131 95
131 128
131 136
131 145
131 173
131 189
131 194
131 207
131 213
131 222
131 227
131 235
131 249
131 266
131 286
131 298
132 24
132 52
132 64
132 67
132 71
132 115
132 121
132 124
132 195
132 220
132 229
132 239
132 252
132 265
132 284
133 12
133 24
133 31
133 103
133 104
133 119
133 132
133 143
133 150
133 179
133 206
133 227
133 234
133 252
133 262
133 273
133 290
133 294
134 11
134 14
134 15
134 24
134 55
134 62
134 63
134 65
134 67
134 75
134 82
134 110
134 117
134 124
134 127
134 137
134 144
134 197
134 198
134 203
134 230
134 237
134 244
134 261
134 268
135 25
135 49
135 58
135 63
135 70
135 93
135 98
135 104
135 120
135 125
135 166
135 175
135 186
135 201
135 216
135 262
135 267
136 28
136 55
136 70
136 72
136 84
136 90
136 129
136 152
136 155
136 243
136 281
137 26
137 35
137 56
137 64
137 72
137 106
137 112
137 114
137 125
137 136
137 245
138 16
138 57
138 69
138 93
138 109
138 112
138 134
138 161
138 166
138 201
138 233
138 248
138 290
138 293
138 297
139 13
139 14
139 17
139 22
139 29
139 38
139 55
139 109
139 128
139 149
139 183
139 184
139 228
139 251
139 287
140 6
140 8
140 15
140 39
140 98
140 104
140 116
140 128
140 143
140 152
140 169
140 244
140 260
141 5
141 11
141 48
141 59
141 85
141 99
141 159
141 184
141 186
141 202
141 289
142 12
142 16
142 17
142 18
142 20
142 30
142 32
142 69
142 83
142 84
142 183
142 195
142 203
142 220
142 281
142 289
143 7
143 8
143 10
143 15
143 24
143 96
143 104
143 146
143 151
143 211
143 213
143 225
143 226
143 238
143 278
144 1
144 2
144 22
144 35
144 50
144 55
144 80
144 106
144 107
144 111
144 117
144 186
144 201
144 291
145 75
145 85
145 87
145 110
145 137
145 151
145 159
145 185
145 203
145 219
145 230
145 235
145 257
145 297
146 38
146 59
146 65
146 98
146 117
146 123
146 202
146 209
146 223
146 236
146 262
146 270
146 296
147 8
147 11
147 12
147 13
147 20
147 42
147 46
147 55
147 58
147 63
147 85
147 116
147 177
147 187
147 261
147 262
147 273
147 274
147 276
147 294
148 3
148 40
148 68
148 91
148 92
148 104
148 113
148 115
148 129
148 134
148 141
148 143
148 157
148 175
148 195
148 234
148 240
148 242
148 263
148 273
149 20
149 21
149 38
149 60
149 80
149 117
149 125
149 170
149 181
149 183
149 197
149 202
149 205
149 213
149 231
149 272
149 277
150 39
150 98
150 127
150 135
150 145
150 147
150 156
150 231
150 233
150 247
150 248
150 258
150 269
151 21
151 59
151 137
151 174
151 178
151 187
151 207
151 224
151 237
151 279
151 290
151 295
151 298
152 22
152 26
152 61
152 69
152 93
152 96
152 109
152 165
152 167
152 185
152 190
152 220
152 241
152 247
152 271
152 282
153 13
153 19
153 23
153 24
153 31
153 61
153 93
153 116
153 120
153 121
153 163
153 174
153 243
153 257
153 260
153 274
153 295
153 298
154 14
154 46
154 47
154 80
154 112
154 124
154 148
154 151
154 159
154 169
154 218
154 224
154 238
154 257
154 283
154 288
154 298
154 300
155 60
155 118
155 152
155 169
155 206
155 212
155 215
155 277
155 282
156 36
156 55
156 59
156 82
156 86
156 117
156 143
156 153
156 164
156 173
156 176
156 181
156 202
156 204
156 215
156 254
156 267
157 14
157 24
157 41
157 71
157 92
157 131
157 171
157 178
157 181
157 214
157 216
157 220
157 230
157 233
157 251
157 254
157 261
157 281
157 298
158 26
158 28
158 78
158 89
158 113
158 146
158 157
158 165
158 202
158 218
158 227
158 254
158 259
158 269
158 274
158 275
159 12
159 17
159 25
159 26
159 54
159 60
159 68
159 69
159 71
159 87
159 101
159 109
159 116
159 123
159 124
159 131
159 139
159 165
159 166
159 179
159 183
159 186
159 208
159 211
159 217
159 231
159 233
159 243
159 275
159 289
160 5
160 10
160 18
160 58
160 101
160 103
160 140
160 142
160 146
160 171
160 222
160 237
161 16
161 32
161 49
161 56
161 69
161 114
161 118
161 120
161 124
161 140
161 154
161 155
161 158
161 164
161 234
161 262
161 266
161 294
162 15
162 30
162 49
162 58
162 69
162 76
162 85
162 92
162 116
162 133
162 135
162 152
162 159
162 210
162 217
162 244
162 265
162 275
162 285
162 291
163 20
163 23
163 55
163 62
163 81
163 85
163 90
163 95
163 118
163 127
163 137
163 143
163 148
163 149
163 150
163 164
163 175
163 199
163 216
163 219
164 3
164 17
164 23
164 29
164 39
164 47
164 51
164 66
164 111
164 122
164 136
164 144
164 152
164 168
164 201
164 203
164 204
164 210
164 248
164 253
164 275
164 277
164 283
165 11
165 16
165 34
165 117
165 154
165 171
165 174
165 190
165 201
165 203
165 204
165 206
165 256
165 270
165 279
165 284
165 290
165 299
166 1
166 17
166 24
166 42
166 66
166 83
166 125
166 143
166 152
166 171
166 197
166 231
166 270
166 282
166 287
166 288
167 18
167 21
167 29
167 81
167 203
167 240
167 264
167 275
167 283
167 300
168 5
168 9
168 26
168 43
168 56
168 67
168 69
168 78
168 111
168 129
168 139
168 143
168 162
168 203
168 211
168 214
168 236
168 270
169 2
169 7
169 35
169 41
169 51
169 57
169 79
169 93
169 115
169 142
169 145
169 148
169 151
169 220
169 234
169 242
169 300
170 11
170 21
170 22
170 32
170 43
170 45
170 49
170 67
170 85
170 108
170 129
170 136
170 169
170 181
170 216
170 233
170 260
170 280
170 284
171 12
171 29
171 35
171 62
171 80
171 88
171 102
171 110
171 124
171 126
171 129
171 141
171 156
171 175
171 178
171 187
171 189
171 202
171 273
172 11
172 15
172 24
172 72
172 79
172 81
172 106
172 113
172 145
172 192
172 204
172 244
172 268
172 300
173 4
173 22
173 26
173 37
173 64
173 95
173 109
173 122
173 133
173 136
173 162
173 170
173 180
173 210
173 222
173 228
173 231
173 246
173 262
173 263
173 266
173 268
174 69
174 83
174 94
174 142
174 183
174 253
174 277
174 296
175 2
175 12
175 28
175 56
175 57
175 82
175 89
175 90
175 92
175 112
175 119
175 143
175 151
175 153
175 186
175 190
175 282
175 295
176 6
176 44
176 53
176 70
176 71
176 79
176 113
176 117
176 124
176 177
176 197
176 236
176 290
176 299
177 18
177 47
177 51
177 60
177 74
177 92
177 94
177 123
177 136
177 152
177 165
177 191
177 193
177 238
177 246
177 251
177 256
177 258
178 6
178 15
178 38
178 103
178 139
178 164
178 173
178 184
178 212
178 241
178 243
178 245
178 282
178 288
179 1
179 69
179 78
179 92
179 112
179 152
179 158
179 167
179 191
179 197
179 211
179 226
179 231
179 233
179 282
180 25
180 40
180 91
180 96
180 103
180 116
180 121
180 133
180 140
180 149
180 178
180 179
180 192
180 242
180 261
180 274
180 280
180 283
181 14
181 20
181 25
181 35
181 41
181 46
181 51
181 56
181 61
181 100
181 107
181 109
181 111
181 120
181 129
181 130
181 169
181 172
181 179
181 197
181 220
181 235
181 245
181 270
181 272
181 283
182 31
182 37
182 66
182 97
182 145
182 150
182 167
182 172
182 196
182 230
182 232
182 237
182 238
182 289
183 2
183 5
183 79
183 89
183 109
183 133
183 151
183 167
183 189
183 203
183 223
183 225
183 230
183 250
183 251
184 16
184 35
184 99
184 103
184 134
184 147
184 169
184 177
184 193
184 204
184 215
184 218
184 238
184 239
184 248
184 291
185 26
185 52
185 66
185 76
185 78
185 83
185 155
185 200
185 251
185 261
185 277
186 1
186 5
186 10
186 15
186 18
186 32
186 56
186 71
186 73
186 88
186 102
186 119
186 130
186 173
186 198
186 231
186 235
186 269
186 271
186 277
187 31
187 56
187 58
187 66
187 67
187 79
187 113
187 170
187 185
187 247
187 249
187 261
187 300
188 8
188 22
188 27
188 65
188 76
188 128
188 168
188 202
188 234
188 246
188 249
188 267
189 23
189 93
189 115
189 153
189 165
189 212
189 217
189 229
189 247
189 255
189 271
189 293
190 20
190 25
190 51
190 62
190 66
190 74
190 160
190 202
190 228
190 230
190 244
190 252
190 265
190 270
190 284
191 11
191 36
191 38
191 43
191 60
191 71
191 78
191 95
191 96
191 113
191 122
191 132
191 156
191 170
191 172
191 200
191 234
191 238
191 255
191 260
191 270
191 282
191 291
191 292
191 298
191 300
192 1
192 3
192 16
192 36
192 38
192 59
192 60
192 90
192 126
192 147
192 177
192 198
192 213
192 222
192 227
192 237
192 263
192 272
192 280
192 287
192 288
192 297
193 2
193 26
193 27
193 30
193 54
193 66
193 68
193 97
193 99
193 114
193 116
193 135
193 139
193 179
193 189
193 201
193 224
193 231
193 254
193 259
194 28
194 67
194 117
194 120
194 144
194 151
194 154
194 160
194 161
194 163
194 176
194 218
194 234
194 246
194 258
195 15
195 21
195 24
195 50
195 93
195 122
195 145
195 166
195 167
195 178
195 196
195 223
195 236
195 243
195 276
195 284
196 13
196 19
196 20
196 49
196 50
196 54
196 101
196 127
196 130
196 142
196 186
196 200
196 225
196 229
196 257
196 261
196 264
197 13
197 19
197 20
197 63
197 71
197 77
197 120
197 137
197 153
197 156
197 158
197 168
197 199
197 200
197 211
197 219
197 222
197 223
197 229
197 245
197 261
197 278
197 298
198 5
198 12
198 100
198 155
198 169
198 208
198 219
198 240
198 243
198 250
199 2
199 98
199 118
199 131
199 177
199 184
199 186
199 208
199 209
199 223
199 231
199 282
199 299
200 9
200 46
200 57
200 70
200 78
200 110
200 115
200 143
200 206
200 234
200 250
200 265
200 271
200 292
201 9
201 29
201 35
201 44
201 69
201 75
201 151
201 161
201 188
201 195
201 199
201 207
201 223
201 243
201 253
201 259
202 50
202 89
202 95
202 121
202 129
202 180
202 194
202 201
202 230
202 243
202 258
202 268
202 274
202 286
202 289
203 10
203 12
203 40
203 47
203 49
203 55
203 109
203 120
203 132
203 151
203 161
203 163
203 171
203 179
203 184
203 201
203 226
203 248
203 289
204 18
204 38
204 39
204 62
204 93
204 109
204 117
204 121
204 148
204 175
204 181
204 183
204 196
204 222
204 232
204 253
204 254
204 264
204 291
205 3
205 27
205 43
205 45
205 74
205 93
205 96
205 137
205 153
205 164
205 209
205 218
205 220
205 242
205 286
206 62
206 81
206 93
206 102
206 137
206 148
206 161
206 182
206 189
206 219
206 241
206 257
206 278
207 2
207 18
207 36
207 38
207 43
207 65
207 69
207 85
207 86
207 90
207 101
207 109
207 137
207 148
207 150
207 154
207 173
207 181
207 186
207 191
207 203
207 208
207 216
207 221
207 224
207 230
207 278
207 290
207 298
208 13
208 17
208 36
208 67
208 138
208 146
208 160
208 179
208 191
208 192
208 210
208 277
208 279
209 16
209 25
209 32
209 33
209 44
209 68
209 69
209 86
209 109
209 130
209 147
209 157
209 164
209 191
209 200
209 222
209 237
209 256
209 258
209 267
209 274
210 7
210 25
210 26
210 80
210 131
210 134
210 149
210 177
210 198
210 215
211 1
211 66
211 69
211 98
211 99
211 105
211 138
211 165
211 187
211 205
211 224
211 246
211 247
211 249
211 253
211 263
212 1
212 49
212 56
212 63
212 80
212 114
212 127
212 143
212 145
212 160
212 181
212 186
212 194
213 37
213 43
213 59
213 79
213 100
213 120
213 133
213 136
213 160
213 164
213 169
213 174
213 189
213 195
213 226
213 230
213 269
213 290
214 1
214 28
214 38
214 44
214 63
214 75
214 89
214 101
214 106
214 132
214 140
214 192
214 195
214 203
214 249
214 287
215 2
215 3
215 8
215 9
215 58
215 116
215 140
215 142
215 168
215 179
215 187
215 200
215 214
215 230
215 240
215 268
215 277
215 282
215 294
215 300
216 22
216 23
216 26
216 36
216 84
216 97
216 137
216 155
216 253
216 279
216 290
216 296
217 4
217 6
217 12
217 19
217 30
217 47
217 52
217 53
217 95
217 112
217 151
217 163
217 206
217 219
217 223
217 244
217 278
217 293
217 298
218 15
218 21
218 41
218 44
218 50
218 77
218 85
218 127
218 172
218 201
218 228
218 235
218 255
218 260
218 263
219 1
219 26
219 37
219 72
219 88
219 97
219 118
219 127
219 135
219 175
219 201
219 207
219 213
219 242
219 252
219 255
219 265
219 267
219 282
219 295
219 296
220 4
220 8
220 15
220 17
220 99
220 106
220 114
220 117
220 125
220 128
220 133
220 162
220 168
220 174
220 191
220 267
220 287
220 298
220 300
221 1
221 13
221 20
221 38
221 42
221 70
221 83
221 89
221 99
221 113
221 116
221 122
221 180
221 203
221 216
221 265
221 297
222 62
222 69
222 80
222 92
222 105
222 110
222 115
222 126
222 166
222 175
222 212
222 229
222 245
222 284
223 8
223 49
223 64
223 100
223 110
223 121
223 124
223 126
223 131
223 134
223 154
223 200
223 225
223 248
223 264
223 266
224 9
224 11
224 19
224 56
224 67
224 77
224 87
224 111
224 119
224 163
224 184
224 210
224 212
224 218
224 233
224 237
224 256
224 261
224 262
224 267
224 279
224 280
225 5
225 25
225 33
225 67
225 71
225 118
225 119
225 121
225 141
225 165
225 205
225 220
225 241
225 257
225 271
226 5
226 8
226 24
226 33
226 63
226 69
226 71
226 80
226 94
226 98
226 101
226 121
226 122
226 127
226 172
226 219
226 222
226 277
227 4
227 68
227 79
227 93
227 124
227 136
227 180
227 184
227 186
227 188
227 208
227 221
227 226
227 228
227 239
227 250
227 252
227 273
227 275
228 11
228 13
228 23
228 45
228 57
228 93
228 115
228 119
228 137
228 192
228 214
228 220
228 246
228 251
228 291
228 300
229 1
229 15
229 73
229 85
229 89
229 109
229 117
229 138
229 201
229 203
229 212
229 215
229 225
229 232
229 263
229 277
229 290
230 8
230 15
230 27
230 48
230 56
230 67
230 70
230 92
230 101
230 123
230 125
230 128
230 141
230 154
230 188
230 204
230 219
230 220
230 226
230 232
230 238
230 265
230 268
230 293
230 296
231 1
231 9
231 23
231 67
231 75
231 78
231 85
231 87
231 88
231 114
231 134
231 143
231 148
231 174
231 213
231 223
231 250
231 251
231 269
231 284
231 286
232 5
232 15
232 37
232 44
232 73
232 83
232 86
232 90
232 92
232 132
232 150
232 151
232 163
232 201
232 203
232 220
232 226
232 260
232 264
233 5
233 15
233 19
233 38
233 78
233 104
233 147
233 154
233 171
233 174
233 175
233 187
233 199
233 201
233 205
233 238
233 245
234 6
234 7
234 10
234 20
234 67
234 104
234 199
234 209
234 258
234 283
234 299
235 4
235 17
235 35
235 57
235 115
235 130
235 166
235 184
235 209
235 236
235 247
235 284
235 294
236 10
236 23
236 26
236 34
236 45
236 74
236 87
236 98
236 102
236 103
236 119
236 128
236 162
236 167
236 177
236 190
236 196
236 240
236 250
236 252
236 253
236 258
236 269
236 275
236 284
236 294
236 299
237 20
237 58
237 63
237 64
237 77
237 79
237 99
237 106
237 108
237 133
237 145
237 163
237 169
237 200
237 210
237 231
237 263
237 271
237 283
237 300
238 5
238 47
238 49
238 56
238 72
238 93
238 130
238 138
238 148
238 196
238 197
238 218
238 229
238 252
239 23
239 30
239 61
239 82
239 88
239 107
239 147
239 175
239 191
239 234
239 241
239 251
239 261
239 287
239 288
239 295
240 57
240 95
240 110
240 127
240 133
240 199
240 204
240 212
240 214
240 233
240 262
240 263
240 281
240 282
241 19
241 27
241 39
241 45
241 48
241 82
241 84
241 85
241 97
241 188
241 192
241 196
241 223
241 245
241 256
242 18
242 49
242 53
242 54
242 82
242 100
242 125
242 152
242 194
242 197
242 200
242 237
242 288
243 14
243 27
243 29
243 40
243 46
243 62
243 77
243 87
243 99
243 126
243 144
243 166
243 184
243 196
243 257
243 276
243 291
244 20
244 38
244 103
244 116
244 135
244 163
244 185
244 294
244 299
245 12
245 92
245 104
245 111
245 124
245 149
245 165
245 167
245 204
245 230
245 234
245 286
245 289
246 55
246 63
246 108
246 150
246 199
246 201
246 212
246 232
246 234
247 14
247 47
247 52
247 55
247 67
247 102
247 110
247 126
247 130
247 174
247 199
247 201
247 210
247 221
247 242
247 243
247 255
247 257
247 261
247 288
247 298
248 7
248 13
248 33
248 40
248 45
248 53
248 118
248 134
248 148
248 194
248 213
248 286
249 34
249 59
249 61
249 74
249 115
249 132
249 150
249 185
249 197
249 209
249 234
249 243
249 267
249 290
250 10
250 24
250 37
250 56
250 62
250 71
250 84
250 115
250 142
250 189
250 205
250 210
250 213
250 221
250 273
250 294
250 299
251 6
251 33
251 34
251 54
251 55
251 61
251 74
251 98
251 102
251 104
251 124
251 129
251 184
251 192
251 227
251 233
251 240
251 242
251 272
251 283
252 28
252 29
252 48
252 59
252 66
252 118
252 144
252 146
252 152
252 168
252 180
252 183
252 216
252 225
252 234
253 7
253 41
253 54
253 76
253 111
253 125
253 128
253 133
253 149
253 218
253 232
253 240
253 257
253 279
253 295
254 8
254 12
254 39
254 65
254 75
254 123
254 142
254 181
254 187
254 196
254 203
254 223
254 228
254 236
254 272
254 278
254 291
255 11
255 30
255 42
255 53
255 87
255 106
255 112
255 140
255 162
255 167
255 180
255 190
255 199
255 229
255 260
256 10
256 30
256 31
256 52
256 107
256 148
256 204
256 219
256 231
256 249
256 271
256 291
257 6
257 9
257 12
257 13
257 31
257 45
257 65
257 85
257 86
257 94
257 105
257 106
257 114
257 138
257 168
257 172
257 182
257 208
257 214
257 299
258 18
258 19
258 30
258 77
258 143
258 144
258 152
258 155
258 162
258 168
258 208
258 255
259 3
259 20
259 34
259 46
259 48
259 50
259 53
259 54
259 67
259 84
259 102
259 106
259 109
259 117
259 124
259 141
259 181
259 213
259 236
259 245
259 246
259 247
259 260
259 282
259 284
259 288
259 292
260 12
260 57
260 76
260 103
260 113
260 119
260 151
260 163
260 167
260 182
260 253
260 297
261 32
261 59
261 83
261 99
261 118
261 146
261 176
261 202
261 216
261 273
261 289
262 1
262 30
262 99
262 117
262 140
262 174
262 175
262 184
262 193
262 258
262 287
262 291
263 33
263 57
263 90
263 92
263 111
263 152
263 162
263 194
263 225
263 235
263 254
263 255
263 258
263 271
264 4
264 15
264 31
264 56
264 60
264 97
264 101
264 102
264 113
264 119
264 130
264 133
264 137
264 146
264 176
264 190
264 200
264 201
264 222
264 226
264 229
264 233
264 234
264 267
264 290
265 7
265 21
265 102
265 103
265 106
265 134
265 160
265 161
265 169
265 196
265 197
265 205
265 228
265 246
265 284
266 4
266 8
266 41
266 52
266 76
266 93
266 121
266 130
266 140
266 141
266 152
266 181
266 222
266 233
266 275
266 277
266 279
266 281
267 24
267 37
267 49
267 55
267 62
267 130
267 134
267 151
267 182
267 185
267 191
267 196
267 266
267 293
268 29
268 32
268 46
268 89
268 94
268 100
268 106
268 144
268 163
268 177
268 205
268 213
268 300
269 4
269 42
269 79
269 95
269 96
269 165
269 172
269 176
269 179
269 180
269 190
269 221
269 228
269 280
270 18
270 56
270 83
270 86
270 167
270 206
270 214
270 240
270 259
270 260
270 267
270 281
270 292
270 300
271 18
271 29
271 62
271 66
271 88
271 95
271 97
271 113
271 114
271 131
271 154
271 155
271 199
271 223
271 247
271 252
271 265
271 266
271 272
271 275
271 277
271 288
271 290
272 30
272 31
272 33
272 61
272 95
272 110
272 112
272 135
272 142
272 161
272 168
272 171
272 178
272 186
272 196
272 256
272 278
272 281
272 283
273 3
273 24
273 81
273 94
273 110
273 125
273 126
273 156
273 162
273 170
273 173
273 176
273 182
273 186
273 271
273 274
273 281
273 294
274 21
274 38
274 51
274 56
274 72
274 96
274 101
274 121
274 132
274 143
274 148
274 150
274 161
274 171
274 173
274 174
274 208
274 215
274 230
274 235
274 252
274 265
274 268
275 33
275 51
275 80
275 90
275 123
275 178
275 181
275 183
275 201
275 229
275 252
275 260
275 264
275 282
275 286
276 26
276 28
276 73
276 90
276 115
276 122
276 135
276 150
276 180
276 193
276 201
276 207
276 249
276 289
277 3
277 21
277 47
277 88
277 111
277 154
277 177
277 193
277 203
277 250
277 259
277 261
277 280
278 2
278 26
278 28
278 39
278 60
278 84
278 114
278 176
278 189
278 198
278 276
278 277
279 21
279 23
279 53
279 66
279 69
279 90
279 101
279 112
279 117
279 135
279 145
279 161
279 166
279 176
279 201
279 227
279 234
279 238
279 256
279 272
279 277
279 284
279 300
280 28
280 36
280 54
280 72
280 107
280 127
280 149
280 152
280 163
280 188
280 191
280 195
280 205
280 219
280 237
280 281
280 292
280 300
281 6
281 17
281 18
281 31
281 35
281 55
281 56
281 92
281 106
281 116
281 146
281 166
281 170
281 211
281 214
281 243
281 264
281 271
281 296
282 44
282 64
282 72
282 100
282 130
282 141
282 149
282 185
282 198
282 217
282 224
282 247
282 252
282 276
282 291
283 6
283 30
283 55
283 59
283 63
283 72
283 84
283 103
283 126
283 190
283 194
283 201
283 233
283 241
283 258
284 4
284 59
284 116
284 118
284 161
284 168
284 193
284 196
284 215
284 221
284 227
284 251
284 253
284 290
284 296
285 35
285 39
285 50
285 57
285 58
285 60
285 76
285 77
285 130
285 174
285 211
285 231
285 253
285 270
286 75
286 81
286 86
286 88
286 118
286 125
286 157
286 165
286 169
286 188
286 193
286 227
286 254
286 259
286 271
286 282
287 1
287 17
287 20
287 32
287 37
287 58
287 64
287 80
287 100
287 109
287 150
287 205
287 282
287 288
288 1
288 4
288 21
288 39
288 64
288 65
288 66
288 83
288 106
288 107
288 111
288 113
288 116
288 125
288 128
288 142
288 153
288 233
288 274
288 275
288 292
289 20
289 26
289 115
289 120
289 157
289 197
289 205
289 215
289 237
289 266
290 3
290 23
290 28
290 36
290 52
290 65
290 87
290 94
290 105
290 136
290 159
290 180
290 182
290 183
290 212
290 215
290 231
290 254
290 274
290 277
290 283
291 14
291 21
291 54
291 55
291 67
291 81
291 83
291 85
291 93
291 122
291 126
291 150
291 192
291 211
291 237
291 247
291 272
291 289
291 296
291 299
291 300
292 3
292 25
292 57
292 90
292 119
292 130
292 164
292 198
292 203
292 243
292 244
292 258
292 284
293 47
293 48
293 52
293 54
293 66
293 80
293 96
293 99
293 131
293 136
293 203
293 218
293 220
293 246
293 271
293 279
293 296
293 298
294 2
294 3
294 14
294 33
294 42
294 44
294 56
294 72
294 85
294 110
294 122
294 131
294 136
294 169
294 190
294 214
294 219
294 221
294 237
294 267
295 31
295 49
295 66
295 73
295 91
295 114
295 118
295 143
295 152
295 154
295 157
295 188
295 194
295 212
295 222
295 226
295 235
295 287
296 39
296 41
296 54
296 61
296 63
296 97
296 135
296 161
296 164
296 176
296 184
296 199
296 210
296 255
296 268
296 285
296 286
296 292
296 298
297 13
297 25
297 71
297 154
297 170
297 187
297 210
297 225
297 244
297 251
297 292
298 67
298 119
298 132
298 139
298 181
298 190
298 194
298 221
298 251
298 280
299 52
299 62
299 66
299 112
299 124
299 141
299 153
299 155
299 171
299 180
299 233
299 265
299 286
299 296
300 47
300 68
300 78
300 130
300 182
300 184
300 189
300 193
300 195
300 211
300 213
300 216
300 253
300 255
300 299

