300 300
32 24 25 56 22 66 26 44 44 86 53 92 119 116 50 81 36 93 92 70 114 32 91 85 37 32 116 34 86 88 106 88 89 106 64 23 51 105 60 114 27 29 119 53 84 93 71 37 77 28 93 78 67 76 103 107 27 90 29 68 76 100 48 120 66 96 51 68 77 95 45 103 99 105 119 45 89 114 54 94 22 66 86 73 33 110 89 103 118 111 43 52 68 71 73 49 82 34 114 86 35 78 59 97 48 116 114 35 83 41 93 107 52 59 79 41 48 93 70 62 114 27 41 90 57 57 55 59 103 89 118 117 89 43 76 34 52 65 67 115 59 50 53 118 64 88 44 111 103 44 96 23 27 62 41 119 82 62 65 84 66 69 41 43 90 32 78 74 93 56 107 45 106 116 120 23 24 22 31 22 44 83 65 119 57 72 60 25 25 62 79 71 20 48 37 89 119 52 25 38 46 50 22 71 71 93 81 66 63 109 77 72 71 76 62 64 38 106 21 113 52 34 76 111 113 64 115 86 72 41 40 120 26 83 45 117 99 95 83 46 111 107 108 78 84 60 102 112 98 99 33 55 66 40 113 71 103 22 107 43 112 107 61 101 21 69 80 62 73 25 101 76 32 83 80 119 28 83 38 35 57 22 49 97 97 31 88 32 91 112 85 110 63 52 29 87 119 119 87 42 
1 49
1 173
1 248
2 211
3 235
4 173
5 194
8 298
9 257
11 228
12 186
12 215
12 280
13 60
15 4
15 174
16 6
16 161
18 55
18 203
21 27
22 20
22 292
24 56
25 257
27 242
30 167
31 251
32 13
33 7
37 147
37 227
43 221
44 292
45 136
45 268
47 108
47 135
47 242
48 150
49 300
50 34
52 238
54 135
54 257
55 2
55 48
55 65
55 103
59 279
62 83
63 16
63 25
63 127
64 49
69 45
69 180
70 66
72 148
72 205
72 242
73 68
73 222
74 147
75 21
75 65
75 140
75 207
75 282
76 239
76 254
77 198
78 100
79 20
79 64
79 290
80 44
80 227
82 209
82 247
82 298
84 296
85 124
85 132
86 98
86 283
87 212
87 290
90 51
90 159
91 40
92 185
92 272
93 296
95 79
95 270
96 106
98 112
100 51
104 299
105 221
105 244
106 211
107 43
107 54
109 90
111 199
112 12
112 141
113 3
114 91
114 168
114 171
119 163
122 37
122 168
123 12
124 51
126 65
126 140
127 262
130 217
130 251
130 252
130 253
130 298
131 66
132 121
133 5
133 16
133 196
135 257
137 140
138 236
139 96
140 289
141 219
143 86
143 218
143 255
147 170
147 291
149 190
149 236
153 215
154 43
154 178
156 120
156 155
156 164
158 137
160 253
160 273
162 6
162 71
163 232
165 50
165 192
166 117
167 19
168 95
169 7
170 288
172 254
173 300
174 16
174 114
174 128
174 166
174 271
176 3
176 46
176 201
181 182
183 150
183 216
184 28
184 203
184 233
186 174
187 32
187 266
188 207
191 148
193 161
194 82
194 277
195 156
196 40
196 293
198 131
200 84
200 111
200 186
200 231
201 220
201 222
201 228
201 257
202 191
203 146
203 199
206 170
207 102
207 227
211 41
212 213
213 13
213 152
213 154
213 232
215 253
216 285
217 121
218 4
220 91
220 229
222 196
222 219
223 79
223 129
223 153
223 232
224 128
224 132
226 101
228 182
232 110
233 51
233 94
234 286
235 19
235 297
236 41
236 153
236 246
239 53
239 157
240 74
240 146
240 269
240 300
242 153
243 264
244 135
247 28
247 261
249 231
250 175
252 46
252 249
253 16
253 275
254 155
255 187
256 60
257 33
258 57
258 167
258 188
261 35
263 161
263 164
263 249
265 111
266 115
267 157
269 294
270 218
270 238
272 252
272 290
272 291
273 53
273 107
274 182
275 28
278 99
278 222
278 224
278 250
280 42
280 238
281 92
281 243
281 293
283 9
283 277
286 82
289 89
290 85
292 72
292 124
292 200
293 117
294 210
295 131
296 255
297 74
300 190

