250 2000
87 86 75 48 82 118 53 95 31 37 105 115 42 113 85 25 115 91 31 55 21 32 113 88 63 60 35 111 77 108 39 56 30 106 99 27 106 98 106 28 25 58 76 95 75 31 85 118 21 46 59 54 42 53 20 118 72 26 64 87 119 73 114 32 83 70 26 75 71 90 90 94 65 82 36 83 40 40 45 100 35 48 65 94 62 62 103 20 68 85 86 61 69 79 63 120 42 106 84 103 23 119 85 23 52 21 35 24 47 34 50 96 102 118 32 33 37 58 77 29 76 25 37 116 21 70 24 49 66 82 57 111 26 69 113 116 24 87 44 55 57 73 29 69 24 37 76 103 35 58 114 26 60 99 96 99 54 29 52 36 48 33 82 78 103 113 101 54 60 117 77 28 85 60 47 64 95 106 28 53 112 56 103 36 24 30 36 51 62 44 25 115 102 38 42 87 73 21 39 85 95 36 70 29 46 77 68 30 64 32 114 40 120 29 104 22 115 36 35 35 79 21 116 78 114 25 44 32 92 119 56 111 57 48 29 36 65 57 35 112 73 116 78 104 106 64 55 94 32 109 
1 6
1 9
1 10
1 32
1 50
1 141
1 148
1 151
1 168
1 237
2 63
2 82
2 93
2 100
2 110
2 159
2 201
2 207
2 235
3 56
3 93
3 106
3 140
3 149
3 154
3 160
3 188
4 12
4 61
4 81
4 83
4 97
4 127
4 220
5 37
5 61
5 81
5 110
5 134
5 184
5 200
5 211
5 214
5 242
6 10
6 12
6 43
6 55
6 107
6 136
6 178
6 213
6 222
7 38
7 72
7 183
7 217
8 94
8 109
8 165
8 214
8 225
8 244
9 3
9 27
9 68
9 98
9 126
9 128
9 150
9 192
9 233
10 89
10 102
10 176
11 30
11 33
11 118
11 147
11 182
11 212
11 235
11 238
12 107
12 119
12 143
13 52
13 131
13 187
13 223
14 22
14 73
14 124
14 171
14 206
15 6
15 17
15 31
15 74
15 85
15 125
15 184
15 219
16 76
16 82
16 158
16 175
16 246
16 250
17 1
17 49
17 52
17 59
17 66
17 72
17 128
17 129
17 139
17 155
17 165
17 174
17 188
17 194
17 210
18 3
18 49
18 66
18 74
18 75
18 103
18 115
18 179
18 181
18 249
19 36
19 77
19 80
19 123
19 185
19 236
20 7
20 25
20 28
20 31
20 32
20 33
20 59
20 65
20 110
20 154
20 161
20 170
20 200
20 203
21 37
21 49
21 108
21 117
21 126
21 140
21 172
21 193
21 212
22 54
22 76
22 119
22 120
23 17
23 36
23 112
23 113
23 197
23 215
23 234
24 14
24 49
24 50
24 55
24 77
24 185
24 215
25 53
25 120
25 123
25 194
25 201
26 5
26 22
26 33
26 54
26 91
26 112
26 141
26 144
26 160
26 162
26 177
26 178
26 200
26 211
27 3
27 117
27 159
27 166
27 237
28 17
28 18
28 44
28 70
28 76
28 100
28 107
28 210
28 217
29 57
29 68
29 81
29 100
29 122
29 180
29 187
29 207
29 227
29 231
30 10
30 37
30 144
30 162
30 190
30 231
31 10
31 66
31 68
31 77
31 98
31 121
31 138
31 146
31 151
32 28
32 39
32 79
32 87
32 89
32 110
32 113
32 182
32 194
32 210
32 238
33 55
33 56
33 57
33 81
33 89
33 106
33 118
33 131
33 167
33 197
33 204
34 9
34 31
34 41
34 43
34 139
34 149
34 180
35 39
35 56
35 89
35 143
35 152
35 177
35 194
35 226
36 5
36 56
36 117
36 172
36 183
36 211
36 212
36 227
36 244
37 38
37 49
37 160
37 172
38 43
38 54
38 56
38 79
38 81
38 188
38 234
39 50
39 113
39 127
39 174
39 241
40 62
40 82
40 98
40 113
40 215
40 219
40 240
41 7
41 19
41 26
41 30
41 73
41 126
41 243
42 10
42 18
42 93
42 104
42 119
42 121
42 127
43 12
43 35
43 42
43 52
43 62
43 165
44 16
44 24
44 104
44 135
44 144
44 146
44 224
44 249
45 12
45 18
45 96
45 97
45 113
45 189
45 220
46 78
46 158
46 160
46 163
46 169
46 170
46 216
46 237
46 248
47 13
47 48
47 109
47 147
47 174
47 191
48 5
48 6
48 72
48 77
48 172
48 173
48 176
48 217
48 234
48 240
49 8
49 15
49 23
49 69
49 82
49 125
50 32
50 49
50 53
50 58
50 64
50 123
50 129
50 133
50 214
50 238
50 242
51 69
51 107
51 125
51 155
51 158
51 194
51 212
51 233
52 22
52 34
52 58
52 78
52 142
52 167
52 178
52 198
52 210
52 214
53 3
53 8
53 10
53 19
53 33
53 48
53 127
53 176
53 182
53 183
53 186
53 204
53 219
53 241
54 100
54 153
54 214
54 216
54 249
55 11
55 15
55 40
55 65
55 79
55 81
55 84
55 116
55 124
55 222
56 1
56 71
56 112
56 159
56 187
56 190
57 40
57 90
57 109
57 115
57 119
57 137
57 166
57 185
57 200
57 220
58 42
58 153
58 198
58 224
59 10
59 31
59 159
59 163
59 196
60 16
60 37
60 73
60 103
60 109
60 144
60 200
60 236
60 237
61 12
61 75
61 123
61 146
61 208
61 234
61 239
62 22
62 37
62 71
62 92
62 161
62 163
63 11
63 22
63 57
63 71
63 98
63 132
63 146
63 176
63 203
63 222
64 11
64 39
64 75
64 109
64 119
64 190
64 211
64 248
65 17
65 22
65 31
65 64
65 151
65 158
65 170
65 172
65 187
65 198
65 213
66 23
66 57
66 59
66 93
66 152
66 174
66 176
66 186
66 201
66 214
66 230
66 235
67 34
67 118
67 131
67 179
67 184
67 195
68 46
68 130
68 146
68 168
68 229
69 6
69 21
69 59
69 122
69 140
69 147
69 149
69 167
69 179
69 208
70 98
70 141
70 157
70 189
71 66
71 87
71 132
71 154
71 157
71 168
71 212
71 230
72 38
72 59
72 110
72 112
72 207
72 208
72 227
72 240
73 35
73 39
73 51
73 55
73 57
73 71
73 99
73 106
73 142
73 199
73 228
73 238
74 13
74 34
74 38
74 73
74 105
74 106
74 117
74 135
74 163
74 186
74 238
75 20
75 25
75 106
75 131
75 133
75 164
75 189
76 67
76 109
76 203
76 231
77 18
77 21
77 64
77 125
77 148
77 149
77 177
77 190
77 208
77 227
77 250
78 7
78 31
78 118
78 133
78 159
78 172
78 190
78 222
78 223
78 231
78 248
79 14
79 28
79 109
79 112
79 130
79 168
79 210
79 243
80 10
80 79
80 106
80 145
81 19
81 73
81 142
81 223
81 237
82 26
82 41
82 65
82 109
82 170
83 2
83 68
83 74
83 106
83 116
83 140
83 142
83 147
83 192
83 216
84 19
84 28
84 48
84 52
84 88
84 215
85 95
85 99
85 101
85 143
85 156
85 207
86 6
86 39
86 191
86 196
86 225
86 242
87 33
87 37
87 74
87 168
87 214
87 222
87 243
88 12
88 13
88 21
88 165
88 171
88 192
88 200
88 204
89 85
89 155
89 195
89 203
89 222
89 226
89 241
90 32
90 46
90 55
90 72
90 77
90 96
90 130
90 176
90 185
90 204
90 205
90 222
90 237
91 107
91 108
91 154
91 182
91 190
91 191
91 205
91 206
91 209
91 215
91 245
92 50
92 51
92 56
92 59
92 75
92 80
92 93
92 159
92 227
92 242
93 35
93 64
93 78
93 156
93 174
93 182
93 201
94 70
94 95
94 144
94 160
94 164
94 199
94 201
94 203
94 229
94 234
94 248
95 26
95 44
95 77
95 78
95 102
95 120
95 137
95 160
95 201
96 17
96 70
96 119
96 128
96 138
96 173
96 201
96 213
96 223
96 234
97 6
97 38
97 42
97 44
97 101
97 108
97 133
97 150
97 212
98 51
98 66
98 76
98 145
98 150
98 160
98 203
98 206
99 18
99 47
99 141
99 157
99 163
99 176
99 191
99 193
100 20
100 66
100 83
100 105
100 199
100 231
101 61
101 88
101 92
101 96
101 102
101 139
101 150
101 168
101 172
101 182
101 211
101 234
102 2
102 5
102 58
102 79
102 99
102 162
102 233
102 236
103 21
103 43
103 160
103 161
103 226
104 45
104 54
104 78
104 158
104 179
104 209
104 227
105 22
105 79
105 94
105 123
105 141
105 171
105 184
105 192
105 214
106 4
106 19
106 84
106 165
106 183
106 184
106 190
106 207
106 235
107 10
107 110
107 126
107 132
107 146
107 179
107 200
107 225
108 2
108 51
108 114
108 129
108 178
108 235
109 49
109 52
109 80
109 103
109 106
110 105
110 183
110 196
111 1
111 10
111 47
111 89
111 119
111 137
111 145
111 164
111 169
111 170
111 178
112 116
112 179
112 249
113 4
113 12
113 41
113 76
113 83
113 84
113 107
113 176
113 179
113 191
113 204
114 6
114 42
114 140
114 222
115 8
115 50
115 73
115 92
115 96
115 182
115 203
115 243
116 7
116 10
116 60
116 88
116 110
116 119
116 153
116 173
116 243
117 7
117 19
117 61
117 65
117 94
117 97
117 128
117 165
118 3
118 24
118 31
118 45
118 54
118 95
118 232
118 233
118 244
119 29
119 34
119 118
119 139
119 141
119 146
119 151
119 168
120 2
120 3
120 8
120 20
120 52
120 99
120 102
120 128
120 145
120 160
120 194
120 234
120 241
121 78
121 125
121 130
121 181
121 185
121 189
121 215
122 9
122 25
122 62
122 74
122 99
122 118
122 120
122 133
122 196
122 230
122 231
122 232
122 234
123 21
123 48
123 143
123 159
123 183
124 27
124 46
124 48
124 54
124 69
124 121
124 128
124 199
124 202
124 214
124 234
124 246
125 19
125 39
125 62
125 98
125 101
125 177
125 201
125 243
126 7
126 17
126 30
126 83
126 134
126 198
126 210
127 30
127 36
127 76
127 112
127 130
127 150
127 230
128 6
128 10
128 16
128 33
128 34
128 35
128 70
128 144
128 167
128 191
128 209
128 223
129 6
129 49
129 143
129 232
129 238
130 42
130 81
130 143
130 152
130 200
130 201
131 32
131 55
131 62
131 82
131 125
131 139
131 215
132 57
132 86
132 122
132 123
132 125
132 146
132 184
132 200
132 220
132 230
133 21
133 74
133 191
133 213
133 227
133 247
134 28
134 44
134 128
134 149
134 170
134 190
134 196
134 237
135 9
135 153
135 166
135 204
135 217
135 225
135 227
135 240
135 247
136 24
136 56
136 206
136 211
137 128
137 156
137 157
137 176
137 185
137 246
138 6
138 56
138 68
138 101
138 146
138 199
138 200
138 211
138 224
138 231
138 236
139 21
139 79
139 112
139 126
139 171
139 193
139 242
140 70
140 81
140 107
140 109
140 120
140 203
140 208
140 223
140 231
141 8
141 31
141 60
141 67
141 72
141 80
141 84
141 91
141 128
141 134
141 175
141 206
142 93
142 106
142 112
142 149
142 203
142 218
143 64
143 91
143 94
143 115
143 137
143 165
143 175
143 195
144 32
144 50
144 84
144 157
144 186
144 192
144 203
144 209
144 228
144 231
145 6
145 9
145 29
145 42
145 58
145 165
145 182
145 223
145 250
146 30
146 66
146 83
146 109
146 147
146 199
146 239
147 16
147 107
147 202
148 2
148 14
148 31
148 32
148 45
148 51
148 64
148 68
148 80
148 154
148 231
148 237
148 244
149 16
149 19
149 46
149 53
149 62
149 70
149 150
149 178
149 179
149 198
149 220
149 227
149 241
150 24
150 93
150 136
150 182
150 237
150 244
150 247
151 8
151 13
151 14
151 37
151 59
151 86
151 109
151 126
151 129
151 173
151 200
151 204
152 15
152 38
152 44
152 81
152 125
152 135
152 137
152 145
152 154
152 169
152 179
152 209
152 211
152 224
152 233
153 7
153 37
153 46
153 47
153 48
153 63
153 99
153 127
153 172
153 177
153 216
154 68
154 80
154 125
154 150
154 186
154 222
155 6
155 53
155 96
155 98
155 152
155 233
156 16
156 21
156 31
156 44
156 67
156 91
156 92
156 98
156 123
156 177
156 180
156 214
156 225
157 17
157 59
157 77
157 135
157 139
157 159
157 182
157 250
158 13
158 52
158 80
158 98
158 130
158 169
158 228
158 242
159 33
159 45
159 109
159 119
159 130
159 135
159 165
159 185
159 193
159 194
159 208
159 250
160 4
160 5
160 54
160 80
160 81
160 117
160 118
160 126
160 138
160 168
161 9
161 109
161 127
161 135
161 155
161 164
161 189
161 226
161 247
162 6
162 7
162 73
162 87
162 208
162 219
162 227
163 79
163 100
163 106
163 122
163 143
163 205
164 45
164 169
165 12
165 26
165 55
165 76
165 111
165 156
165 172
165 246
166 56
166 161
166 236
167 37
167 48
167 118
167 121
167 200
167 250
168 72
168 112
168 169
168 170
168 230
168 245
169 2
169 82
169 103
169 148
169 240
170 12
170 114
170 118
170 123
170 150
170 157
170 172
170 214
170 224
170 244
171 31
171 53
171 158
171 200
172 11
172 99
172 236
173 4
173 11
173 44
173 65
173 74
173 83
173 134
173 144
173 166
174 54
174 68
174 100
174 180
175 39
175 65
175 70
175 101
175 126
175 127
175 144
175 221
175 244
176 51
176 72
176 76
176 81
176 104
176 115
177 21
177 109
177 116
177 180
177 189
177 210
178 4
178 121
178 159
178 163
178 197
178 206
178 207
178 229
178 245
179 5
179 11
179 24
179 80
179 123
179 169
179 177
179 198
179 199
179 201
180 101
180 111
180 117
180 137
180 155
180 198
180 215
180 250
181 39
181 47
181 107
181 113
181 130
181 178
181 184
181 243
182 21
182 106
182 118
182 131
182 134
182 195
182 211
182 217
182 238
182 248
183 19
183 30
183 58
183 73
183 93
183 103
183 114
183 160
183 202
183 203
183 239
184 2
184 48
184 57
184 58
184 61
184 64
184 96
184 120
184 155
184 160
184 245
185 14
185 23
185 26
185 53
185 122
185 142
185 157
186 42
186 65
186 121
186 137
186 155
187 48
187 60
187 115
187 146
187 159
187 217
187 239
188 79
188 91
188 143
188 194
188 208
188 215
188 221
188 243
189 13
189 19
189 47
189 54
189 117
189 120
189 135
189 151
189 203
190 13
190 76
190 83
190 105
190 117
190 126
190 191
190 217
190 222
190 234
191 2
191 3
191 24
191 60
191 66
191 132
191 161
191 187
192 39
192 51
192 68
192 107
192 125
192 146
192 155
192 199
192 214
193 153
193 160
193 163
193 175
193 184
193 200
194 16
194 30
194 53
194 76
194 128
194 139
194 147
194 184
194 198
194 249
195 73
195 101
195 145
195 149
195 159
195 160
195 165
195 176
195 222
195 233
195 250
196 15
196 21
196 36
196 55
196 142
196 178
196 220
197 17
197 104
197 173
197 177
197 200
197 212
198 56
198 73
198 95
198 102
198 115
198 124
198 159
198 225
199 9
199 21
199 53
199 65
199 84
199 134
199 161
199 166
199 178
199 183
199 215
200 33
200 98
200 165
200 198
201 23
201 118
201 126
201 127
201 153
201 164
201 249
202 19
202 51
202 70
202 103
202 109
202 182
202 223
202 226
202 237
202 246
203 12
203 61
203 92
203 133
203 173
203 177
204 39
204 81
204 117
204 136
204 219
205 2
205 30
205 74
205 86
205 119
205 131
205 195
206 11
206 100
206 128
206 176
206 217
207 63
207 92
207 120
207 147
207 161
208 16
208 35
208 45
208 110
208 133
208 137
208 148
208 220
208 226
208 230
208 236
209 7
209 24
209 35
209 48
209 63
209 76
209 89
209 116
209 135
209 164
209 179
209 237
210 14
210 34
210 89
210 158
210 174
210 179
210 200
211 4
211 40
211 47
211 53
211 142
211 151
211 157
211 184
211 223
212 29
212 60
212 76
212 77
212 92
212 145
212 148
213 91
213 94
213 114
213 159
214 110
214 146
214 168
214 176
214 201
215 1
215 4
215 36
215 60
215 61
215 118
215 125
215 128
215 136
215 139
215 158
215 174
215 192
215 211
215 245
215 249
216 26
216 59
216 66
216 98
216 129
216 158
216 218
216 227
216 229
217 71
217 110
217 117
217 134
217 142
217 180
217 194
217 221
217 243
218 4
218 24
218 52
218 78
218 91
218 106
218 114
218 120
218 122
218 141
218 159
218 201
218 202
218 204
219 6
219 8
219 20
219 76
219 83
219 107
219 127
219 145
219 147
219 148
219 175
219 183
219 191
219 198
219 218
219 241
219 247
220 8
220 92
220 120
220 122
220 135
220 186
220 187
221 6
221 36
221 62
221 77
221 159
221 167
221 180
221 185
221 200
221 204
221 209
221 220
221 227
221 237
222 58
222 65
222 127
222 174
222 189
222 197
222 208
222 238
223 17
223 21
223 44
223 112
223 126
224 9
224 20
224 53
224 62
224 92
224 132
224 136
224 167
224 172
224 216
224 222
225 57
225 68
225 99
225 110
225 131
225 144
225 157
226 79
226 154
226 205
226 213
226 229
226 235
226 238
227 7
227 8
227 23
227 34
227 42
227 68
227 143
227 145
227 172
227 181
227 245
227 247
228 27
228 41
228 50
228 55
228 86
228 131
228 134
228 135
228 161
228 197
228 247
229 31
229 39
229 60
229 62
229 93
229 118
229 131
229 158
229 231
229 238
230 10
230 60
230 63
230 85
230 143
230 155
230 204
231 2
231 11
231 131
231 176
231 200
232 35
232 141
232 228
233 52
233 79
233 136
233 169
233 210
233 236
234 32
234 35
234 77
234 78
234 153
234 180
234 207
234 232
234 237
234 241
235 8
235 21
235 39
235 43
235 60
235 95
235 98
236 34
236 39
236 78
236 87
236 128
236 161
236 199
236 214
236 228
236 240
236 241
237 17
237 20
237 61
237 169
237 172
237 175
237 193
237 227
237 242
238 115
238 176
238 178
238 207
238 209
239 105
239 162
239 190
239 192
239 203
239 215
240 60
240 86
240 115
240 121
240 133
240 199
240 217
240 229
240 234
241 3
241 24
241 34
241 56
241 58
241 61
241 62
241 115
241 141
241 178
242 44
242 53
242 112
242 145
242 153
242 175
242 238
243 2
243 11
243 13
243 35
243 61
243 70
243 201
243 211
243 226
244 7
244 66
244 161
244 165
244 180
244 229
245 3
245 7
245 40
245 46
245 97
245 118
245 195
245 240
246 21
246 26
246 27
246 107
246 111
246 120
246 199
246 210
247 33
247 43
247 114
247 124
247 137
247 192
247 223
247 246
248 54
248 83
248 152
248 153
248 214
248 223
249 5
249 9
249 48
249 74
249 111
249 223
249 239
250 69
250 95
250 110
250 248
250 249

