200 3000
74 70 48 37 67 116 79 92 48 23 101 111 77 59 120 28 73 88 114 93 25 90 119 48 43 91 97 103 110 46 118 61 105 101 31 96 58 59 79 46 59 63 82 57 120 84 112 30 105 42 93 92 85 45 57 97 54 87 116 115 63 86 66 70 24 45 34 57 85 106 45 72 42 59 50 59 105 34 35 36 35 24 35 26 22 64 117 68 105 102 94 63 115 105 91 35 86 111 112 115 55 114 102 104 20 73 115 86 79 70 106 60 32 119 101 100 52 29 60 118 40 63 43 77 44 56 39 54 56 53 115 31 74 36 115 25 52 37 90 74 63 65 64 90 24 79 43 83 69 55 88 31 83 20 45 50 106 69 83 92 81 90 78 89 54 85 100 76 51 108 30 104 87 71 79 24 104 66 52 113 24 107 33 34 58 81 56 120 42 74 55 98 46 61 86 98 51 101 72 37 
1 15
1 31
1 32
1 40
1 50
1 56
1 65
1 101
1 108
1 125
1 150
1 152
1 157
1 188
1 199
2 15
2 29
2 61
2 67
2 71
2 74
2 78
2 119
2 127
2 132
2 139
2 144
2 145
2 163
2 165
2 185
2 188
2 200
3 23
3 31
3 34
3 36
3 80
3 96
3 99
3 122
3 126
3 134
3 169
3 176
3 199
4 8
4 19
4 41
4 73
4 103
4 105
4 128
4 151
4 153
4 183
4 195
4 196
5 34
5 57
5 58
5 70
5 73
5 94
5 98
5 101
5 107
5 131
5 140
5 158
5 167
5 183
5 186
5 189
6 2
6 20
6 26
6 28
6 38
6 44
6 60
6 62
6 71
6 76
6 98
6 122
6 133
6 168
6 188
6 189
7 6
7 26
7 30
7 38
7 54
7 102
7 105
7 106
7 115
7 136
7 150
7 184
7 199
8 29
8 42
8 48
8 51
8 56
8 109
8 118
8 132
8 135
8 141
8 146
8 150
8 154
8 169
8 174
8 177
8 181
8 184
9 24
9 59
9 95
9 128
9 133
9 135
9 141
9 144
9 172
9 192
10 12
10 23
10 30
10 38
10 40
10 64
10 65
10 69
10 88
10 105
10 118
10 126
10 127
10 133
10 149
10 156
10 165
11 4
11 21
11 44
11 49
11 70
11 74
11 83
11 85
11 103
11 107
11 135
11 180
11 192
12 7
12 23
12 24
12 36
12 50
12 58
12 71
12 106
12 108
12 130
12 156
12 159
12 164
12 169
13 8
13 14
13 25
13 27
13 28
13 46
13 73
13 88
13 90
13 100
13 103
13 112
13 131
13 181
13 186
14 2
14 12
14 20
14 37
14 45
14 57
14 58
14 73
14 79
14 89
14 103
14 105
14 129
14 140
14 144
14 154
14 164
14 169
15 23
15 41
15 56
15 59
15 60
15 68
15 72
15 89
15 91
15 98
15 111
15 113
15 115
15 116
15 159
15 160
15 175
15 178
15 189
15 193
15 194
15 199
16 3
16 14
16 28
16 41
16 94
16 97
16 113
16 129
16 142
16 148
16 176
16 181
16 186
16 200
17 13
17 14
17 27
17 36
17 45
17 52
17 59
17 73
17 86
17 99
17 103
17 122
17 138
17 146
17 150
17 171
18 2
18 36
18 41
18 50
18 51
18 64
18 65
18 85
18 94
18 95
18 107
18 118
18 134
18 141
18 177
18 180
18 188
18 190
18 192
18 196
18 200
19 1
19 30
19 32
19 46
19 51
19 61
19 85
19 86
19 95
19 97
19 120
19 148
19 155
19 161
19 164
19 184
20 3
20 15
20 16
20 37
20 39
20 53
20 56
20 65
20 67
20 92
20 100
20 112
20 115
20 128
20 129
20 142
20 146
20 187
20 197
21 16
21 20
21 47
21 53
21 61
21 64
21 75
21 106
21 119
21 122
21 126
21 131
21 159
21 160
21 180
21 181
21 187
22 6
22 8
22 16
22 29
22 34
22 38
22 88
22 93
22 101
22 112
22 123
22 154
22 155
22 164
22 169
22 173
22 181
22 184
23 4
23 32
23 37
23 50
23 58
23 60
23 86
23 97
23 103
23 106
23 124
23 126
23 145
23 179
23 185
23 193
24 6
24 13
24 22
24 27
24 32
24 67
24 81
24 131
24 141
24 145
24 189
25 24
25 29
25 46
25 67
25 81
25 97
25 108
25 135
25 137
25 143
25 144
25 164
26 2
26 4
26 20
26 24
26 44
26 51
26 55
26 56
26 82
26 121
26 138
26 165
26 173
26 178
26 179
26 180
26 187
27 1
27 8
27 63
27 77
27 84
27 105
27 110
27 130
27 144
27 164
27 166
27 173
27 174
28 27
28 29
28 30
28 60
28 67
28 70
28 75
28 105
28 106
28 112
28 113
28 124
29 15
29 18
29 39
29 41
29 53
29 54
29 81
29 83
29 109
29 121
29 136
29 153
29 161
29 162
29 180
29 187
29 199
30 3
30 15
30 38
30 68
30 87
30 99
30 120
30 122
30 134
30 143
30 147
30 148
30 173
30 194
31 19
31 24
31 30
31 54
31 58
31 66
31 71
31 78
31 81
31 94
31 102
31 115
31 120
31 126
31 134
31 138
31 161
31 163
31 199
32 2
32 3
32 4
32 57
32 66
32 83
32 87
32 95
32 99
32 117
32 126
32 131
32 141
32 145
32 151
32 164
32 177
32 181
33 9
33 10
33 12
33 27
33 34
33 59
33 70
33 104
33 112
33 119
33 121
33 129
33 165
33 180
33 183
33 196
33 198
34 2
34 11
34 23
34 39
34 56
34 62
34 73
34 81
34 87
34 97
34 104
34 107
34 131
34 188
34 191
34 198
34 200
35 1
35 4
35 7
35 10
35 25
35 106
35 109
35 116
35 128
35 132
35 144
35 146
35 147
35 148
35 167
36 1
36 6
36 21
36 24
36 30
36 42
36 75
36 91
36 93
36 96
36 121
36 134
36 138
36 149
36 161
36 179
36 181
36 192
36 200
37 6
37 10
37 13
37 16
37 31
37 34
37 44
37 52
37 56
37 61
37 78
37 87
37 89
37 111
37 134
37 153
37 157
37 167
37 192
38 4
38 23
38 27
38 34
38 42
38 49
38 50
38 57
38 58
38 61
38 77
38 83
38 90
38 92
38 112
38 167
38 172
38 180
39 14
39 19
39 28
39 33
39 42
39 46
39 69
39 73
39 98
39 105
39 118
39 141
39 154
39 155
39 178
40 3
40 22
40 39
40 51
40 55
40 63
40 64
40 70
40 79
40 95
40 110
40 113
40 121
40 149
40 186
41 2
41 7
41 27
41 44
41 63
41 64
41 94
41 95
41 102
41 109
41 132
41 144
41 151
41 155
41 174
42 50
42 54
42 57
42 61
42 107
42 121
42 183
42 184
42 194
42 199
43 6
43 25
43 52
43 53
43 61
43 106
43 108
43 114
43 127
43 130
43 132
43 159
43 194
44 2
44 15
44 22
44 28
44 54
44 60
44 68
44 78
44 85
44 110
44 112
44 113
44 116
44 141
44 142
44 162
44 170
44 172
44 188
45 22
45 24
45 34
45 41
45 43
45 54
45 59
45 60
45 63
45 68
45 94
45 101
45 104
45 110
45 137
45 145
45 148
45 159
45 195
46 1
46 2
46 4
46 5
46 20
46 45
46 47
46 64
46 66
46 73
46 94
46 116
46 117
46 127
46 143
46 149
46 164
46 173
46 182
46 191
47 14
47 35
47 38
47 48
47 55
47 64
47 69
47 82
47 84
47 92
47 93
47 101
47 108
47 117
47 133
47 143
47 152
47 163
47 166
47 175
47 180
47 189
48 19
48 24
48 25
48 68
48 78
48 80
48 82
48 101
48 121
48 125
48 138
48 143
48 150
48 172
48 183
49 12
49 25
49 34
49 94
49 114
49 118
49 119
49 133
49 139
49 155
49 157
49 170
49 175
49 200
50 5
50 8
50 15
50 29
50 35
50 82
50 94
50 135
50 152
50 182
50 184
51 21
51 22
51 42
51 47
51 65
51 70
51 81
51 82
51 92
51 112
51 123
51 144
51 182
51 188
52 10
52 35
52 48
52 67
52 82
52 90
52 98
52 104
52 113
52 120
52 160
52 178
52 191
53 1
53 10
53 22
53 44
53 51
53 88
53 105
53 112
53 151
53 185
54 18
54 21
54 28
54 35
54 50
54 53
54 69
54 71
54 83
54 120
54 121
54 122
54 126
54 127
54 166
54 196
55 45
55 48
55 74
55 83
55 151
55 200
56 2
56 10
56 22
56 29
56 51
56 53
56 62
56 80
56 86
56 102
56 107
56 109
56 117
56 126
56 165
56 166
56 187
57 3
57 18
57 24
57 36
57 43
57 45
57 51
57 71
57 73
57 76
57 87
57 115
57 116
57 117
57 121
57 131
57 132
57 144
57 148
57 149
57 154
57 163
57 172
57 176
57 182
57 187
58 3
58 13
58 16
58 21
58 29
58 50
58 73
58 82
58 98
58 122
58 125
58 150
58 160
58 163
58 172
58 176
59 24
59 28
59 34
59 58
59 76
59 106
59 123
59 155
59 159
59 167
59 183
59 191
60 29
60 49
60 51
60 63
60 65
60 73
60 119
60 134
60 141
60 158
60 160
60 171
60 197
61 16
61 82
61 84
61 87
61 146
61 184
61 189
62 11
62 36
62 42
62 64
62 68
62 118
62 148
62 171
62 192
62 198
62 200
63 10
63 18
63 28
63 32
63 36
63 54
63 58
63 70
63 72
63 90
63 109
63 112
63 119
63 124
63 146
63 187
63 195
63 199
64 5
64 38
64 51
64 58
64 87
64 97
64 121
64 130
64 154
64 162
64 175
64 181
64 183
65 7
65 43
65 57
65 69
65 88
65 104
65 109
65 136
65 140
65 150
65 162
65 169
65 183
65 190
66 19
66 48
66 49
66 67
66 80
66 82
66 89
66 98
66 119
66 141
66 142
66 147
66 148
66 157
66 161
66 167
66 175
66 193
66 196
67 17
67 22
67 42
67 84
67 87
67 131
67 133
67 153
67 155
67 159
67 163
67 197
68 3
68 13
68 14
68 16
68 25
68 38
68 46
68 56
68 71
68 73
68 92
68 98
68 119
68 122
68 129
68 138
68 140
68 143
68 148
68 156
68 157
68 172
68 184
68 197
69 4
69 51
69 55
69 64
69 86
69 87
69 94
69 124
69 127
69 149
69 178
69 185
69 193
70 20
70 65
70 104
70 123
70 141
70 160
70 169
70 198
71 30
71 52
71 55
71 83
71 91
71 106
71 110
71 137
71 156
71 167
71 168
72 5
72 10
72 31
72 64
72 75
72 80
72 83
72 92
72 100
72 106
72 126
72 152
72 157
72 170
72 171
72 174
72 179
72 180
72 200
73 11
73 18
73 23
73 37
73 38
73 64
73 103
73 109
73 118
73 129
73 140
73 145
73 153
73 160
74 9
74 14
74 24
74 54
74 68
74 82
74 92
74 95
74 105
74 111
74 112
74 144
74 156
74 158
74 163
74 183
74 194
75 29
75 51
75 63
75 120
75 122
75 193
76 50
76 72
76 91
76 163
76 179
76 194
76 198
77 48
77 51
77 63
77 64
77 67
77 69
77 70
77 80
77 92
77 103
77 125
77 137
77 150
77 176
77 181
77 196
78 9
78 19
78 26
78 30
78 41
78 56
78 89
78 94
78 97
78 101
78 106
78 129
78 145
78 148
78 152
78 166
78 193
78 200
79 7
79 20
79 42
79 63
79 67
79 86
79 102
79 103
79 108
79 113
79 118
79 124
79 134
79 135
79 137
80 6
80 9
80 23
80 36
80 40
80 42
80 49
80 84
80 89
80 106
80 112
80 160
80 192
80 193
80 194
81 59
81 64
81 70
81 73
81 83
81 98
81 106
81 137
81 162
81 196
82 3
82 4
82 25
82 34
82 88
82 99
82 125
82 134
82 148
82 157
82 162
82 166
82 175
82 179
82 194
83 16
83 36
83 49
83 73
83 135
83 140
83 150
83 151
83 156
83 164
83 166
83 188
84 12
84 22
84 50
84 57
84 60
84 94
84 98
84 137
84 138
84 149
84 156
84 178
84 189
84 193
85 21
85 29
85 35
85 69
85 76
85 101
85 105
85 107
85 118
85 146
85 166
85 187
85 199
85 200
86 3
86 22
86 27
86 29
86 46
86 50
86 94
86 103
86 118
86 119
86 121
86 179
86 197
87 12
87 13
87 17
87 22
87 50
87 51
87 73
87 80
87 89
87 111
87 132
87 157
87 171
87 181
87 187
88 8
88 14
88 23
88 31
88 40
88 47
88 52
88 70
88 76
88 81
88 108
88 111
88 138
88 193
88 197
89 82
89 104
89 128
89 151
89 158
89 169
90 10
90 20
90 25
90 28
90 41
90 50
90 56
90 58
90 73
90 77
90 80
90 81
90 82
90 86
90 111
90 124
90 134
90 139
90 166
90 176
90 187
91 32
91 41
91 45
91 61
91 87
91 88
91 89
91 93
91 143
91 149
91 155
91 158
91 166
91 168
91 176
92 1
92 3
92 10
92 31
92 33
92 66
92 83
92 86
92 110
92 117
92 123
92 125
92 143
92 146
92 157
92 165
92 171
92 180
93 7
93 9
93 11
93 56
93 65
93 81
93 90
93 92
93 149
93 161
93 176
93 183
93 185
93 200
94 13
94 19
94 26
94 62
94 76
94 85
94 96
94 119
94 134
94 148
94 157
94 162
94 168
94 176
95 3
95 4
95 5
95 35
95 72
95 76
95 80
95 85
95 100
95 108
95 109
95 114
95 115
95 131
95 135
95 153
95 183
95 187
95 192
95 196
96 28
96 32
96 38
96 45
96 60
96 100
96 106
96 117
96 121
96 138
96 154
96 196
96 200
97 2
97 17
97 33
97 40
97 56
97 58
97 59
97 68
97 70
97 74
97 75
97 98
97 109
97 163
97 164
97 187
98 1
98 11
98 14
98 24
98 45
98 53
98 57
98 60
98 67
98 88
98 100
98 104
98 105
98 124
98 129
98 146
98 161
98 164
98 189
98 194
99 5
99 6
99 11
99 58
99 65
99 68
99 84
99 86
99 105
99 118
99 154
99 171
99 174
99 185
100 8
100 41
100 49
100 63
100 87
100 89
100 117
100 124
100 136
100 147
100 169
100 175
100 176
100 181
100 199
100 200
101 14
101 21
101 28
101 30
101 36
101 39
101 46
101 64
101 81
101 83
101 88
101 135
101 139
101 147
101 160
101 163
101 175
101 188
101 196
102 44
102 61
102 64
102 73
102 80
102 95
102 110
102 135
102 143
102 161
102 162
102 167
103 25
103 30
103 34
103 35
103 49
103 75
103 81
103 85
103 96
103 129
103 145
103 149
103 150
103 165
103 175
104 14
104 49
104 56
104 61
104 64
104 66
104 72
104 77
104 84
104 91
104 92
104 97
104 116
104 124
104 173
104 176
104 183
104 184
104 185
104 194
104 197
105 1
105 15
105 36
105 42
105 51
105 55
105 80
105 90
105 91
105 101
105 109
105 118
105 136
105 138
105 145
105 156
105 158
105 159
105 160
105 165
105 171
105 185
106 20
106 60
106 118
106 121
106 124
106 149
106 152
106 161
106 162
106 182
107 17
107 20
107 31
107 39
107 46
107 58
107 71
107 89
107 113
107 115
107 116
107 124
107 130
107 139
107 166
107 195
107 198
108 15
108 41
108 55
108 57
108 62
108 63
108 69
108 93
108 112
108 116
108 121
108 134
108 152
108 174
108 177
109 13
109 14
109 28
109 31
109 53
109 75
109 99
109 116
109 132
109 150
109 162
110 5
110 9
110 31
110 32
110 67
110 68
110 69
110 91
110 106
110 111
110 118
110 119
110 130
110 172
110 181
111 14
111 26
111 33
111 43
111 49
111 56
111 58
111 124
111 125
111 127
111 128
111 160
111 164
111 196
112 5
112 9
112 18
112 40
112 68
112 78
112 92
112 104
112 119
112 132
112 160
112 175
112 185
113 29
113 33
113 60
113 61
113 72
113 91
113 110
113 112
113 150
113 170
114 26
114 27
114 31
114 33
114 35
114 48
114 54
114 85
114 86
114 92
114 180
114 188
115 41
115 47
115 50
115 56
115 94
115 133
115 137
115 167
115 186
115 197
116 16
116 26
116 30
116 66
116 86
116 95
116 106
116 125
116 134
116 139
116 162
116 184
116 190
117 10
117 13
117 34
117 52
117 62
117 66
117 110
117 121
117 122
117 136
117 149
117 162
117 180
117 197
118 16
118 89
118 91
118 102
118 108
118 145
118 195
119 10
119 25
119 35
119 45
119 47
119 62
119 90
119 113
119 137
119 174
119 178
119 193
119 198
120 1
120 3
120 6
120 33
120 45
120 68
120 72
120 107
120 134
120 145
120 150
120 152
120 179
120 194
121 53
121 62
121 63
121 76
121 79
121 85
121 97
121 103
121 111
121 113
121 131
121 137
121 151
121 155
121 161
121 178
121 181
122 10
122 13
122 33
122 39
122 51
122 77
122 85
122 97
122 98
122 128
122 136
122 137
122 138
122 148
122 149
122 162
122 190
123 12
123 34
123 41
123 48
123 53
123 69
123 71
123 78
123 90
123 111
123 150
123 157
123 179
123 192
123 199
124 3
124 17
124 29
124 30
124 48
124 50
124 56
124 58
124 85
124 123
124 128
124 135
124 138
124 142
124 150
124 187
125 4
125 5
125 15
125 24
125 29
125 54
125 68
125 80
125 86
125 117
125 118
125 122
125 140
125 143
125 146
125 147
125 149
125 151
125 184
125 187
125 191
126 28
126 43
126 51
126 57
126 58
126 70
126 106
126 112
126 121
127 24
127 36
127 40
127 52
127 86
127 94
127 118
127 125
127 132
127 144
127 146
127 159
127 161
127 163
127 180
127 182
128 8
128 11
128 21
128 56
128 63
128 69
128 72
128 77
128 87
128 108
128 117
128 132
128 149
128 150
128 151
128 160
128 162
128 195
129 52
129 72
129 80
129 85
129 105
129 113
129 125
129 127
129 133
129 138
129 168
129 170
129 174
129 178
129 188
129 190
130 18
130 33
130 53
130 59
130 77
130 80
130 91
130 102
130 173
130 190
130 194
130 196
131 2
131 26
131 31
131 35
131 41
131 55
131 65
131 80
131 86
131 92
131 96
131 98
131 120
131 123
131 126
131 133
131 141
131 145
131 149
131 155
131 169
131 173
131 178
131 187
131 197
132 31
132 53
132 55
132 67
132 70
132 80
132 81
132 124
132 141
132 158
132 173
132 179
132 182
132 192
133 19
133 20
133 55
133 72
133 82
133 85
133 100
133 120
133 148
133 164
133 168
133 177
134 12
134 16
134 17
134 46
134 51
134 53
134 114
134 127
134 137
134 150
134 151
134 176
134 177
134 179
134 194
135 7
135 15
135 22
135 33
135 40
135 41
135 63
135 72
135 76
135 91
135 117
135 118
135 120
135 134
135 142
135 153
135 158
135 169
135 181
135 183
135 187
136 6
136 17
136 50
136 52
136 54
136 78
136 83
136 107
136 127
136 134
136 148
136 151
136 156
136 162
136 177
136 191
137 32
137 67
137 68
137 75
137 80
137 91
137 103
137 117
137 130
137 135
137 153
137 155
137 174
137 189
137 199
138 12
138 40
138 52
138 53
138 56
138 104
138 126
138 136
138 139
138 143
138 154
138 158
138 174
139 1
139 8
139 15
139 21
139 25
139 26
139 40
139 41
139 54
139 83
139 99
139 103
139 106
139 124
139 127
139 137
139 144
139 162
139 179
139 190
139 194
140 42
140 54
140 72
140 113
140 119
140 121
140 127
140 148
140 152
140 178
140 188
140 194
140 196
141 31
141 42
141 59
141 75
141 109
141 144
141 148
141 159
141 164
141 182
141 196
142 14
142 50
142 62
142 70
142 73
142 92
142 101
142 107
142 112
142 115
142 170
143 24
143 32
143 79
143 81
143 85
143 100
143 104
143 107
143 114
143 119
143 122
143 141
143 162
143 176
143 184
143 188
143 191
144 18
144 28
144 29
144 33
144 37
144 43
144 58
144 85
144 93
144 109
144 133
144 134
144 142
144 157
144 185
144 189
145 12
145 16
145 22
145 31
145 35
145 50
145 66
145 93
145 114
145 121
145 122
145 127
145 134
145 141
145 143
146 1
146 6
146 16
146 77
146 86
146 89
146 113
146 114
146 119
146 135
146 149
146 150
146 151
146 153
146 157
146 172
146 196
146 199
147 3
147 4
147 12
147 13
147 28
147 47
147 63
147 69
147 79
147 81
147 116
147 118
147 119
147 123
147 124
147 146
147 149
147 150
147 165
147 186
148 15
148 18
148 27
148 43
148 59
148 60
148 64
148 67
148 75
148 77
148 89
148 97
148 109
148 113
148 116
148 124
148 184
148 197
149 5
149 8
149 18
149 25
149 47
149 95
149 97
149 120
149 127
149 132
149 137
149 166
149 169
149 178
149 196
150 22
150 41
150 54
150 60
150 68
150 70
150 94
150 121
150 139
150 162
150 187
150 196
151 2
151 26
151 35
151 37
151 40
151 80
151 90
151 106
151 112
151 114
151 126
151 133
151 147
151 171
152 2
152 13
152 18
152 28
152 29
152 32
152 51
152 79
152 82
152 83
152 94
152 102
152 103
152 118
152 133
152 136
152 143
152 190
153 6
153 14
153 15
153 26
153 34
153 40
153 42
153 68
153 87
153 102
153 110
153 113
153 122
153 134
153 149
153 179
153 184
153 186
153 199
154 10
154 34
154 61
154 63
154 70
154 73
154 76
154 92
154 119
154 120
154 131
154 134
154 158
154 164
154 173
154 181
154 189
155 27
155 31
155 35
155 45
155 46
155 61
155 70
155 92
155 94
155 130
155 132
155 173
156 9
156 15
156 16
156 26
156 28
156 31
156 38
156 51
156 61
156 93
156 112
156 129
156 164
156 196
157 8
157 9
157 13
157 16
157 21
157 75
157 79
157 99
157 100
157 103
157 108
157 110
157 114
157 117
157 135
157 164
157 183
158 15
158 30
158 52
158 71
158 92
158 119
158 141
158 144
158 168
158 182
158 184
158 195
159 37
159 38
159 66
159 71
159 77
159 92
159 93
159 110
159 116
160 5
160 14
160 25
160 41
160 88
160 89
160 96
160 115
160 119
160 133
160 136
160 141
160 144
160 150
160 158
160 169
160 171
160 178
161 37
161 51
161 72
161 78
161 85
161 91
161 99
161 131
161 134
161 138
161 146
161 154
161 157
161 164
161 199
162 11
162 13
162 41
162 50
162 68
162 76
162 85
162 135
162 149
162 151
162 175
162 198
163 60
163 96
163 99
163 102
163 109
163 115
163 119
163 128
163 155
163 171
164 31
164 36
164 42
164 76
164 95
164 145
164 159
164 167
164 173
164 177
164 190
165 49
165 73
165 78
165 104
165 107
165 119
165 138
165 151
165 179
165 183
165 186
166 5
166 8
166 17
166 19
166 77
166 105
166 119
166 153
166 155
166 164
166 176
166 190
166 200
167 2
167 10
167 54
167 60
167 62
167 68
167 121
167 145
167 176
167 190
168 4
168 8
168 17
168 38
168 46
168 74
168 86
168 90
168 99
168 109
168 135
168 146
168 161
168 164
168 198
169 23
169 27
169 28
169 42
169 54
169 71
169 94
169 114
169 115
169 125
169 127
169 139
169 157
169 159
169 193
169 195
170 2
170 3
170 11
170 17
170 48
170 51
170 56
170 68
170 70
170 83
170 88
170 95
170 96
170 123
170 148
170 174
170 178
170 181
171 14
171 18
171 50
171 78
171 81
171 101
171 112
171 117
171 119
171 145
171 197
172 3
172 25
172 49
172 60
172 64
172 74
172 81
172 93
172 95
172 112
172 117
172 121
172 131
172 137
172 140
172 143
172 154
172 155
172 160
172 167
172 174
172 194
173 6
173 9
173 24
173 44
173 51
173 64
173 89
173 96
173 168
173 179
173 182
173 185
173 189
173 192
174 19
174 26
174 32
174 40
174 51
174 79
174 88
174 105
174 113
174 116
174 118
174 124
174 142
174 144
174 153
174 158
174 159
174 160
174 189
174 198
175 5
175 10
175 21
175 28
175 30
175 46
175 61
175 70
175 134
175 144
175 170
175 183
175 188
175 193
176 14
176 24
176 26
176 28
176 38
176 49
176 52
176 69
176 73
176 89
176 146
176 157
176 161
176 164
176 171
176 191
177 1
177 41
177 69
177 73
177 74
177 78
177 83
177 85
177 96
177 98
177 99
177 106
177 114
177 122
177 144
177 148
177 189
177 192
178 4
178 12
178 22
178 28
178 34
178 59
178 64
178 92
178 93
178 116
178 124
178 127
178 164
178 173
178 174
178 180
178 182
179 1
179 5
179 7
179 41
179 58
179 59
179 77
179 83
179 84
179 85
179 87
179 110
179 115
179 126
179 158
179 169
179 190
180 31
180 32
180 86
180 118
180 130
180 146
180 161
180 168
180 175
180 177
180 183
181 2
181 17
181 20
181 24
181 29
181 33
181 45
181 118
181 119
181 120
181 133
181 138
181 145
181 148
181 158
181 169
181 173
181 176
182 16
182 18
182 24
182 62
182 95
182 98
182 100
182 118
182 135
182 137
182 145
182 154
182 155
182 164
182 187
183 2
183 11
183 23
183 34
183 51
183 53
183 54
183 89
183 94
183 114
183 121
183 132
183 139
183 142
183 150
183 154
183 167
183 168
183 177
183 198
183 200
184 1
184 11
184 17
184 35
184 48
184 118
184 120
184 146
184 182
185 3
185 16
185 26
185 38
185 39
185 56
185 64
185 68
185 72
185 92
185 117
185 123
185 129
185 133
185 176
185 197
185 198
186 23
186 25
186 39
186 61
186 74
186 78
186 101
186 114
186 122
186 154
186 162
186 166
186 183
186 184
186 193
186 196
187 8
187 10
187 28
187 42
187 60
187 66
187 69
187 92
187 108
187 118
187 138
187 145
187 164
187 169
187 173
187 195
188 33
188 38
188 52
188 75
188 99
188 105
188 134
188 158
188 187
188 200
189 16
189 51
189 71
189 101
189 105
189 129
189 131
189 139
189 181
189 187
190 5
190 23
190 42
190 48
190 63
190 71
190 84
190 117
190 119
190 136
190 141
190 143
190 157
190 182
191 21
191 42
191 48
191 55
191 61
191 67
191 70
191 71
191 87
191 91
191 120
191 138
191 139
191 174
191 183
192 19
192 20
192 48
192 52
192 59
192 65
192 71
192 83
192 85
192 93
192 99
192 100
192 111
192 125
192 171
192 188
193 28
193 29
193 41
193 42
193 46
193 57
193 70
193 82
193 118
193 138
193 152
193 156
193 166
193 188
193 197
194 9
194 19
194 24
194 45
194 46
194 58
194 70
194 73
194 91
194 96
194 103
194 135
194 138
194 155
194 157
194 167
194 170
194 189
194 197
194 199
195 15
195 18
195 49
195 53
195 64
195 71
195 76
195 115
195 120
195 144
195 189
195 191
196 3
196 30
196 49
196 52
196 85
196 104
196 106
196 113
196 127
196 133
196 143
196 166
196 168
196 169
196 170
196 171
196 181
196 185
196 195
197 3
197 16
197 32
197 46
197 50
197 61
197 74
197 93
197 98
197 156
197 176
197 186
197 188
198 3
198 25
198 49
198 60
198 65
198 75
198 79
198 85
198 94
198 115
198 120
198 125
198 151
198 170
198 181
198 188
198 196
199 25
199 32
199 40
199 41
199 44
199 65
199 87
199 93
199 114
199 157
199 174
199 175
199 179
199 197
200 7
200 32
200 52
200 59
200 63
200 75
200 82
200 87
200 121
200 153
200 174
200 185

