250 750
101 45 62 45 44 22 90 109 33 56 55 64 111 99 57 63 56 76 70 105 120 63 71 97 59 62 75 53 83 112 72 109 29 67 117 41 81 61 67 26 74 99 61 117 48 65 45 118 63 90 113 72 104 77 114 61 24 106 107 63 97 79 61 82 22 100 41 94 98 53 44 60 29 73 58 86 57 76 113 100 41 105 39 48 40 59 74 31 110 54 53 64 66 53 107 108 91 96 35 59 105 69 41 81 48 89 48 104 111 109 35 56 62 100 36 115 22 47 29 88 113 113 94 76 44 66 112 91 42 56 33 44 107 55 23 48 33 45 25 34 91 72 99 22 111 81 113 54 52 46 43 57 25 62 69 37 98 56 75 102 67 83 105 119 47 91 101 90 59 65 119 120 52 51 26 115 91 86 25 85 111 64 105 32 52 80 107 73 106 64 79 55 75 75 39 98 109 72 76 49 60 57 66 102 73 20 46 26 38 99 51 114 97 38 56 38 120 35 119 111 74 52 107 117 71 49 44 56 54 22 88 60 103 117 120 67 89 79 78 68 98 68 92 60 64 87 74 94 109 25 
1 189
2 12
2 48
2 131
2 167
2 172
3 36
3 82
3 108
3 113
4 64
4 124
5 32
5 40
5 94
5 203
5 232
6 64
6 94
6 190
7 126
7 128
7 163
7 173
7 182
7 206
8 87
8 144
8 194
9 7
9 71
9 124
9 188
10 244
11 45
11 179
12 70
13 67
13 79
13 82
13 102
13 133
13 149
13 201
13 214
13 238
14 36
14 168
14 231
15 33
15 40
15 103
15 142
15 152
15 246
16 245
17 47
18 227
19 23
19 51
19 54
19 116
19 150
19 201
20 91
20 102
20 139
21 143
21 180
22 31
22 134
22 183
23 151
23 186
23 244
24 86
24 181
24 200
25 84
25 130
26 8
26 40
27 57
28 242
29 23
29 91
29 126
30 157
30 247
31 9
32 14
32 62
32 100
32 129
32 177
33 55
33 159
33 187
33 210
33 235
33 250
34 12
35 63
35 68
35 87
35 191
35 195
35 239
36 70
36 80
36 113
36 211
37 110
38 9
38 222
38 250
39 128
39 134
40 110
40 221
42 207
43 75
43 77
43 104
43 110
43 119
43 134
43 147
43 226
43 228
44 79
44 128
44 142
44 190
44 230
45 33
45 56
46 28
46 38
46 51
46 115
46 139
47 215
48 90
48 140
48 163
48 183
48 224
49 125
50 73
50 110
51 164
52 134
52 146
53 179
54 12
54 105
54 138
56 51
56 200
57 107
57 175
57 205
57 239
58 30
58 100
58 245
59 96
60 41
60 122
60 244
61 26
61 71
61 156
61 210
61 228
62 79
62 184
62 192
62 235
63 154
64 58
65 76
65 104
66 73
66 170
66 224
67 28
67 239
68 94
68 141
68 239
69 94
70 133
71 79
71 169
71 194
72 2
72 207
72 224
72 234
73 20
73 36
73 134
73 168
73 235
74 94
74 234
76 9
76 13
76 36
76 180
76 182
77 96
77 196
77 212
77 217
77 228
77 245
78 127
78 150
78 192
79 91
79 173
80 111
80 179
81 16
81 156
81 180
81 197
81 247
82 11
82 21
82 115
83 104
83 177
84 46
85 136
85 157
85 249
86 46
86 175
86 184
86 233
87 116
87 139
87 184
88 39
88 40
88 157
89 35
89 50
90 6
90 51
90 63
90 68
90 136
91 120
91 135
91 145
91 215
93 63
93 183
94 53
94 181
95 14
95 112
95 206
96 32
96 128
96 154
96 181
97 9
97 10
97 58
97 112
97 139
97 161
97 174
97 222
97 227
98 58
98 88
98 194
98 237
99 4
99 36
99 43
99 160
99 172
99 188
99 189
99 218
100 109
102 9
102 70
102 111
102 222
103 63
103 175
104 53
104 56
104 97
104 99
104 186
104 213
104 226
105 18
105 26
105 172
105 177
105 187
105 202
105 234
106 27
106 78
106 193
106 201
107 105
107 165
108 17
108 185
109 95
109 212
110 63
110 68
110 160
110 166
111 87
111 132
111 236
112 46
112 239
114 18
114 88
114 124
114 185
114 246
115 100
115 241
116 86
116 176
116 187
116 209
117 86
117 186
117 206
118 13
118 26
118 99
118 108
119 45
119 51
119 88
119 203
120 30
120 89
120 210
121 55
121 102
122 137
122 240
123 46
123 127
123 173
124 83
124 155
125 17
125 134
125 176
126 133
126 199
127 81
127 177
127 242
128 15
128 95
128 204
128 238
129 71
129 85
130 35
130 63
130 64
130 116
130 118
130 197
131 80
131 201
132 38
132 45
132 78
132 79
133 17
133 188
134 9
134 132
134 245
135 60
135 128
135 184
136 46
136 62
137 47
137 67
138 89
138 158
139 62
139 67
139 105
139 110
139 221
139 227
139 250
140 42
140 114
141 71
142 131
142 140
142 213
143 110
143 118
143 218
144 132
144 134
144 148
144 217
145 81
145 146
145 236
146 35
146 119
147 13
147 65
147 167
147 197
148 128
148 214
148 225
148 230
149 80
149 118
149 137
150 96
150 112
150 184
150 239
151 9
151 149
151 162
151 248
152 63
152 68
152 230
153 99
153 123
153 241
154 25
154 46
154 136
154 147
154 221
155 93
156 73
156 119
156 197
157 214
157 235
158 21
158 185
159 16
159 207
160 2
160 84
160 114
160 137
160 191
160 246
161 45
161 247
162 229
163 12
163 102
163 190
163 247
164 93
164 126
164 142
164 249
165 103
165 134
166 23
166 167
167 35
167 128
167 141
167 151
167 155
167 214
168 19
168 71
168 144
168 218
169 40
169 60
169 143
169 247
171 62
171 242
172 138
172 156
172 173
172 220
173 69
173 74
173 250
174 154
175 19
175 25
175 49
175 116
176 19
176 234
177 15
177 31
177 84
177 233
178 8
178 12
178 43
178 92
178 176
179 27
179 50
180 32
180 110
180 219
180 240
181 16
182 51
182 100
182 163
183 66
183 107
183 117
183 232
184 131
185 7
185 150
186 61
186 122
186 198
187 68
188 90
188 217
190 7
190 69
190 110
190 155
190 181
190 243
191 87
191 128
191 228
192 31
192 56
192 181
193 171
193 211
193 227
194 188
194 204
194 217
195 58
195 88
196 66
197 106
198 26
198 148
199 11
199 19
199 33
199 57
199 183
200 95
200 106
200 178
200 238
202 80
203 60
203 76
203 118
203 130
203 142
203 202
204 68
205 107
205 123
205 131
205 221
205 229
206 16
206 37
206 138
207 48
207 216
208 21
208 66
208 188
208 229
208 241
208 248
209 52
209 227
210 159
211 45
211 60
211 69
211 159
212 118
212 207
213 118
213 121
213 191
213 220
214 8
214 173
215 6
215 66
215 101
215 193
215 231
216 82
216 102
216 136
216 200
216 210
217 2
217 17
217 224
218 162
219 20
219 52
219 99
219 100
219 121
219 122
219 126
219 135
220 108
220 111
220 113
220 131
220 151
220 231
221 32
221 212
222 15
222 37
222 148
222 235
223 64
223 79
223 204
223 229
223 237
223 241
224 47
224 51
224 194
226 17
227 8
227 64
227 122
228 52
228 110
228 161
228 233
228 246
229 25
229 103
230 51
230 117
230 135
230 167
231 130
231 203
231 223
232 143
232 196
233 128
233 147
233 194
234 142
234 203
235 82
235 132
235 145
235 159
235 161
236 43
236 51
236 56
236 83
236 169
236 203
237 63
237 113
237 166
237 171
237 206
237 247
238 177
238 189
239 6
239 165
239 214
240 101
240 148
241 94
241 158
241 236
242 54
242 205
242 230
243 5
243 27
243 87
243 177
244 64
244 69
244 248
245 6
245 70
245 214
246 13
246 81
246 166
246 200
247 25
247 55
247 90
247 124
248 132
248 183
248 226
249 21
249 23
249 139
250 55

