100 1000
49 36 106 26 78 94 54 109 43 80 60 98 67 112 41 40 27 115 88 65 23 59 73 95 50 51 116 83 92 91 109 77 44 83 109 50 46 87 75 80 100 20 84 37 89 87 26 119 70 115 92 91 37 55 78 85 41 22 107 98 42 93 83 35 92 74 54 75 60 120 86 54 44 88 31 65 99 94 21 35 29 93 25 66 20 60 113 53 26 46 59 20 73 33 60 48 21 89 112 113 
1 5
1 33
1 38
1 39
1 44
1 49
1 53
1 59
1 66
1 68
1 76
1 78
1 83
1 87
1 98
2 7
2 27
2 34
2 38
2 47
2 49
2 61
2 68
2 74
2 90
2 96
2 97
3 7
3 9
3 20
3 48
3 57
3 72
3 78
3 84
3 100
4 14
4 16
4 35
4 43
5 19
5 35
5 62
5 66
5 67
5 71
5 85
5 89
6 13
6 22
6 23
6 40
6 47
6 58
6 69
6 80
6 83
6 87
7 4
7 10
7 15
7 51
7 61
7 78
7 86
7 93
7 100
8 2
8 18
8 33
8 48
8 51
8 54
8 58
8 72
8 73
9 25
9 32
9 40
9 48
9 57
9 62
9 72
9 75
9 86
9 87
9 88
9 91
9 94
10 18
10 30
10 31
10 32
10 49
10 51
10 77
10 79
10 82
10 92
10 97
11 9
11 24
11 26
11 43
11 47
11 52
11 59
11 61
11 72
11 84
11 98
11 100
12 1
12 6
12 18
12 21
12 22
12 28
12 35
12 44
12 59
12 67
12 68
12 86
12 100
13 23
13 30
13 41
13 43
13 44
13 53
13 61
13 63
13 81
13 99
14 7
14 11
14 21
14 34
14 69
14 73
14 89
14 91
14 100
15 9
15 47
15 51
15 62
15 90
16 2
16 5
16 10
16 14
16 29
16 31
16 37
16 39
16 47
16 48
16 57
16 71
16 85
16 91
16 99
17 6
17 36
17 43
17 53
17 67
17 75
17 78
17 85
17 86
17 97
17 99
18 26
18 35
18 37
18 46
18 63
18 84
19 11
19 13
19 14
19 22
19 23
19 26
19 48
19 49
19 56
19 70
19 71
20 12
20 48
20 51
20 55
20 61
20 69
20 73
20 84
20 90
20 96
21 5
21 22
21 29
21 30
21 48
21 71
21 72
21 79
22 14
22 17
22 28
22 30
22 33
22 34
22 45
22 65
22 79
22 84
22 92
23 7
23 12
23 16
23 18
23 20
23 39
23 49
23 65
23 72
23 85
23 95
24 19
24 28
24 53
24 73
24 76
24 78
24 79
24 91
24 95
25 1
25 11
25 13
25 21
25 69
25 74
25 97
26 8
26 9
26 16
26 22
26 34
26 50
26 52
26 93
27 7
27 13
27 19
27 34
27 36
27 45
27 56
27 58
27 64
27 65
27 67
27 69
27 73
27 80
27 82
27 98
27 99
28 5
28 8
28 13
28 20
28 25
28 31
28 35
28 37
28 59
28 62
28 64
28 69
28 70
28 72
28 75
28 90
28 99
29 3
29 5
29 11
29 15
29 22
29 23
29 24
29 25
29 31
29 33
29 46
29 57
29 67
29 81
29 82
29 100
30 11
30 17
30 36
30 40
30 44
30 64
30 97
31 9
31 26
31 38
31 44
31 56
31 58
31 59
31 66
31 70
31 78
31 79
31 83
32 1
32 12
32 30
32 38
32 45
32 63
32 65
32 83
32 85
33 11
33 34
33 36
33 42
33 46
33 61
33 68
33 76
33 97
34 32
34 35
34 48
34 53
34 67
34 79
34 91
34 94
34 100
35 10
35 20
35 47
35 48
35 53
35 75
35 82
35 88
35 91
36 19
36 22
36 61
36 63
36 64
36 71
36 74
36 80
36 90
37 4
37 33
37 51
37 56
37 78
37 79
37 81
37 90
37 94
38 8
38 10
38 82
38 87
38 94
39 7
39 9
39 14
39 30
39 32
39 44
39 51
39 55
39 61
39 75
39 78
39 89
40 17
40 28
40 31
40 38
40 47
40 49
40 53
40 84
41 2
41 3
41 4
41 5
41 11
41 20
41 28
41 43
41 44
41 47
41 52
41 60
41 66
41 70
41 87
41 90
42 3
42 8
42 13
42 19
42 21
42 41
42 47
42 50
42 51
42 78
42 80
42 97
43 15
43 16
43 27
43 31
43 32
43 40
43 44
43 48
43 56
43 58
43 87
43 89
43 99
44 9
44 15
44 34
44 35
44 74
44 75
44 91
44 92
45 4
45 9
45 36
45 51
45 78
45 79
45 83
45 90
45 99
46 19
46 21
46 31
46 32
46 37
46 44
46 54
46 62
46 66
46 67
46 77
46 81
46 85
46 91
46 92
46 99
47 21
47 22
47 48
47 51
47 56
47 60
47 76
47 77
47 92
47 95
48 1
48 11
48 26
48 29
48 37
48 55
48 72
48 83
48 92
49 18
49 20
49 21
49 30
49 41
49 65
49 70
49 76
49 92
49 93
49 94
49 97
50 8
50 25
50 47
50 55
50 61
50 70
50 85
50 90
50 93
50 97
50 98
51 11
51 19
51 24
51 25
51 38
51 43
51 60
51 61
51 63
51 68
51 71
51 72
51 76
52 22
52 35
52 42
52 44
52 76
52 90
53 6
53 57
53 62
53 65
53 87
53 93
53 95
54 35
54 36
54 53
54 65
54 75
54 82
54 85
54 89
54 95
54 99
55 6
55 23
55 32
55 35
55 36
55 52
55 54
55 56
55 62
55 68
55 87
56 7
56 13
56 42
56 58
56 62
56 84
56 85
56 97
56 99
57 13
57 17
57 24
57 26
57 27
57 36
57 42
57 51
57 61
57 68
57 76
57 79
57 90
58 24
58 26
58 29
58 38
58 47
58 63
58 78
58 81
58 86
58 96
58 100
59 16
59 24
59 33
59 41
59 47
59 48
59 54
59 94
59 98
60 22
60 37
60 39
60 40
60 43
60 62
60 75
60 76
60 86
60 95
60 99
61 25
61 29
61 32
61 45
61 48
61 67
61 97
62 1
62 16
62 26
62 27
62 47
62 49
62 59
62 61
62 76
62 86
62 88
62 95
63 12
63 26
63 37
63 40
63 45
63 67
63 71
63 82
64 4
64 19
64 24
64 29
64 46
64 49
64 50
64 68
64 86
64 92
65 6
65 7
65 19
65 35
65 66
65 74
65 79
65 85
65 93
66 7
66 14
66 40
66 43
66 55
66 63
66 67
66 69
67 4
67 6
67 38
67 56
67 78
68 8
68 9
68 45
68 49
68 73
68 86
68 88
68 99
69 1
69 33
69 53
69 57
69 71
69 73
69 79
69 86
69 99
70 16
70 18
70 45
70 52
70 53
70 69
70 84
70 95
70 97
71 34
71 46
71 55
71 92
72 7
72 12
72 27
72 41
72 50
72 69
72 70
72 75
72 88
72 90
73 22
73 32
73 36
73 42
73 50
73 60
73 62
73 63
73 87
73 88
73 91
73 93
73 95
74 9
74 12
74 23
74 33
74 46
74 48
74 54
74 84
75 13
75 15
75 22
75 27
75 29
75 33
75 47
75 59
75 61
75 79
75 88
75 89
75 95
75 100
76 8
76 14
76 29
76 35
76 40
76 41
76 42
76 43
76 54
76 75
76 77
76 90
77 2
77 15
77 34
77 38
77 73
77 90
77 91
78 6
78 8
78 21
78 38
78 82
78 96
79 2
79 13
79 15
79 25
79 30
79 36
79 44
79 48
79 63
79 72
79 97
80 8
80 21
80 31
80 47
80 81
80 90
80 95
80 98
81 16
81 28
81 32
81 47
81 51
81 62
82 1
82 9
82 44
82 57
82 64
82 73
82 84
82 94
82 96
83 12
83 34
83 57
83 71
83 77
83 89
84 1
84 30
84 41
84 57
84 69
84 78
84 86
85 7
85 12
85 15
85 49
85 51
85 70
85 74
85 75
85 81
85 84
85 87
85 99
86 15
86 16
86 22
86 29
86 33
86 34
86 37
86 40
86 61
86 67
86 73
86 74
86 79
86 96
87 13
87 17
87 19
87 20
87 22
87 27
87 33
87 57
87 81
87 100
88 8
88 11
88 18
88 21
88 27
88 29
88 33
88 37
88 38
88 39
88 46
88 51
88 71
88 87
88 89
89 7
89 16
89 29
89 52
89 57
89 70
89 96
89 100
90 3
90 23
90 27
90 29
90 56
90 58
90 64
90 74
91 7
91 11
91 21
91 22
91 23
91 28
91 37
91 39
91 40
91 84
91 97
92 3
92 5
92 7
92 8
92 11
92 17
92 24
92 31
92 32
92 35
92 37
92 38
92 55
92 65
92 73
92 78
92 84
93 3
93 32
93 39
93 54
93 67
93 86
93 92
94 16
94 19
94 31
94 70
94 74
94 79
94 88
94 91
95 1
95 16
95 20
95 27
95 29
95 35
95 37
95 50
95 59
95 76
95 82
95 88
95 94
96 5
96 17
96 29
96 32
96 33
96 35
96 56
96 57
96 61
96 97
96 99
97 3
97 15
97 19
97 22
97 41
97 68
97 83
97 89
97 93
97 95
98 9
98 10
98 13
98 21
98 28
98 41
98 51
98 53
98 70
98 81
98 88
98 94
99 2
99 18
99 35
99 37
99 40
99 44
99 47
99 65
99 90
99 91
100 6
100 8
100 25
100 39
100 48
100 67
100 82
100 85

