100 1000
36 56 109 114 31 20 43 72 24 82 69 111 106 110 110 31 89 48 91 70 65 26 37 62 38 113 23 75 40 79 56 42 81 116 24 100 67 86 44 29 23 96 84 54 100 84 78 75 63 83 85 86 101 20 72 114 50 26 97 98 28 64 100 53 70 72 90 118 51 39 86 73 72 81 78 77 54 112 106 85 80 53 85 91 71 104 110 105 57 67 96 49 74 75 26 30 120 22 73 92 
1 2
1 8
1 21
1 40
1 48
1 53
1 57
1 95
1 98
2 10
2 13
2 19
2 45
2 50
2 84
3 12
3 17
3 21
3 26
3 32
3 56
3 64
3 67
3 81
3 88
3 92
3 97
3 98
4 9
4 33
4 37
4 55
4 72
4 85
4 89
5 1
5 4
5 19
5 23
5 27
5 29
5 49
5 72
5 82
5 92
5 100
6 1
6 21
6 31
6 48
6 55
6 78
6 88
7 1
7 3
7 11
7 13
7 18
7 22
7 26
7 43
7 44
7 60
7 65
7 71
7 73
7 89
7 91
7 95
8 10
8 34
8 54
8 55
8 63
8 69
8 70
8 74
8 85
8 91
9 17
9 22
9 32
9 39
9 45
9 58
9 70
10 17
10 22
10 25
10 30
10 42
10 49
10 53
10 59
10 63
10 70
10 72
10 81
10 87
11 12
11 14
11 25
11 40
11 41
11 48
11 78
11 89
11 90
11 99
12 4
12 6
12 7
12 19
12 50
12 54
12 59
12 64
12 78
12 79
12 81
12 83
12 91
13 12
13 15
13 33
13 49
13 76
13 92
14 3
14 7
14 30
14 50
14 59
14 73
14 78
14 82
14 83
14 90
14 91
14 95
15 1
15 27
15 38
15 40
15 42
15 68
15 85
15 91
16 5
16 13
16 19
16 29
16 35
16 46
16 55
16 73
16 81
16 84
17 6
17 13
17 15
17 16
17 20
17 26
17 29
17 59
17 63
17 71
17 79
17 90
17 93
17 98
18 27
18 30
18 34
18 46
18 68
18 70
18 82
18 88
18 94
19 34
19 64
19 66
19 86
19 91
19 97
20 7
20 11
20 12
20 14
20 19
20 30
20 32
20 33
20 37
20 63
20 80
21 5
21 11
21 26
21 27
21 34
21 36
21 37
21 50
21 54
21 90
22 8
22 18
22 19
22 28
22 32
22 61
22 68
22 78
22 86
22 95
23 4
23 22
23 52
23 59
23 77
23 82
23 91
23 100
24 26
24 41
24 44
24 62
24 65
24 82
24 87
25 7
25 8
25 28
25 30
25 34
25 52
25 56
25 72
25 74
25 84
25 85
25 92
25 100
26 6
26 22
26 25
26 28
26 31
26 36
26 81
26 95
27 4
27 17
27 23
27 29
27 42
27 45
27 47
27 52
27 81
27 88
27 92
27 94
27 96
28 4
28 7
28 16
28 29
28 40
28 61
28 63
28 72
28 84
28 90
28 95
29 2
29 4
29 14
29 18
29 32
29 36
29 51
29 59
29 73
30 2
30 6
30 34
30 37
30 49
30 61
30 69
30 78
30 81
30 87
31 3
31 12
31 15
31 24
31 40
31 53
31 66
31 73
31 74
31 81
31 83
32 4
32 10
32 12
32 14
32 18
32 36
32 51
32 52
32 55
32 57
32 62
32 66
32 98
33 9
33 10
33 16
33 24
33 28
33 38
33 40
33 47
33 66
33 67
33 68
33 72
33 80
33 94
34 15
34 17
34 38
34 39
34 41
34 48
34 58
34 65
34 67
34 71
34 88
35 5
35 7
35 10
35 24
35 37
35 43
35 58
35 65
35 81
35 95
36 2
36 14
36 18
36 19
36 41
36 51
36 71
36 75
36 96
36 98
37 1
37 7
37 46
37 50
37 58
37 69
37 80
37 82
37 97
37 99
38 7
38 24
38 32
38 35
38 39
38 40
38 60
38 64
38 69
38 72
38 81
38 84
38 95
39 5
39 10
39 26
39 29
39 32
39 43
39 65
39 85
39 86
39 89
39 90
40 27
40 39
40 44
40 46
40 52
40 55
40 60
40 67
40 78
40 79
41 5
41 8
41 14
41 33
41 38
41 40
41 43
41 52
41 61
41 73
41 75
41 98
41 99
42 1
42 26
42 34
42 37
42 48
42 53
42 56
42 82
42 87
43 1
43 2
43 30
43 31
43 36
43 37
43 48
43 57
43 68
43 70
43 75
43 87
43 88
43 90
44 3
44 9
44 10
44 17
44 34
44 45
44 51
44 73
44 86
45 7
45 11
45 33
45 46
45 65
45 96
46 2
46 3
46 4
46 7
46 9
46 15
46 23
46 27
46 29
46 47
46 52
46 65
46 80
47 12
47 18
47 42
47 48
47 49
47 50
47 68
47 91
48 9
48 14
48 30
48 51
48 60
48 67
48 71
48 78
48 99
49 2
49 6
49 9
49 31
49 42
49 57
49 59
49 60
49 65
49 97
50 5
50 9
50 17
50 19
50 39
50 48
50 53
50 57
50 77
50 79
50 80
51 2
51 5
51 6
51 9
51 24
51 26
51 33
51 37
51 45
51 47
51 70
51 78
52 6
52 10
52 11
52 12
52 14
52 22
52 36
52 43
52 74
52 83
52 86
52 100
53 12
53 26
53 34
53 38
53 72
53 84
53 85
54 3
54 28
54 47
54 58
54 80
54 81
54 85
54 95
54 98
55 3
55 18
55 42
55 54
55 73
55 82
56 2
56 6
56 9
56 16
56 43
56 48
56 50
56 62
56 78
56 96
56 97
57 7
57 11
57 14
57 16
57 31
57 42
57 46
57 51
57 61
57 74
57 78
57 98
58 10
58 16
58 19
58 50
58 59
58 71
58 99
59 33
59 38
59 41
59 44
59 45
59 52
59 92
60 21
60 23
60 33
60 43
60 46
60 58
60 59
60 62
60 100
61 2
61 8
61 13
61 17
61 32
61 34
61 43
61 47
61 66
61 70
61 78
61 88
62 22
62 28
62 30
62 38
62 47
62 49
62 89
63 38
63 49
63 51
63 73
63 79
63 90
64 5
64 13
64 22
64 29
64 31
64 37
64 42
64 43
64 44
64 57
64 63
64 70
64 89
64 99
65 43
65 62
65 80
65 81
65 85
66 1
66 22
66 23
66 39
66 47
66 76
66 77
66 89
66 90
67 4
67 6
67 7
67 9
67 22
67 24
67 38
67 47
67 63
67 64
67 77
67 80
67 85
67 87
67 93
68 9
68 27
68 41
68 42
68 52
68 62
68 63
68 78
68 79
69 1
69 6
69 10
69 12
69 23
69 26
69 32
69 36
69 46
69 57
69 59
69 65
69 74
69 78
69 87
70 24
70 28
70 32
70 36
70 60
70 62
70 65
70 89
70 90
70 93
70 99
71 4
71 9
71 13
71 43
71 46
71 62
71 82
71 97
72 12
72 16
72 17
72 19
72 23
72 29
72 39
72 40
72 52
72 62
72 69
73 1
73 10
73 80
73 81
73 82
73 89
73 94
74 1
74 6
74 12
74 16
74 24
74 27
74 32
74 40
74 41
74 65
74 72
74 76
74 90
75 7
75 26
75 29
75 32
75 38
75 44
75 51
75 57
75 58
75 63
75 73
75 74
75 79
75 98
76 3
76 15
76 29
76 32
76 38
76 55
76 62
76 67
76 72
76 78
76 86
76 87
76 97
77 2
77 16
77 21
77 46
77 56
77 86
77 95
77 100
78 35
78 88
79 1
79 2
79 11
79 14
79 36
79 44
79 46
79 81
79 83
79 89
79 98
80 8
80 26
80 41
80 44
80 49
80 51
80 52
80 60
80 63
80 68
80 71
80 77
80 79
81 8
81 15
81 24
81 29
81 52
81 69
81 76
81 83
82 1
82 4
82 10
82 31
82 45
82 54
82 67
82 68
82 69
83 10
83 19
83 22
83 27
83 32
83 58
83 61
83 68
83 72
84 8
84 17
84 18
84 24
84 36
84 45
84 46
84 51
85 1
85 16
85 30
85 33
85 43
85 51
85 59
85 62
85 63
85 74
85 75
85 76
85 79
85 88
85 97
85 99
86 21
86 60
86 62
86 67
86 70
86 78
87 15
87 17
87 19
87 25
87 36
87 40
87 41
87 55
87 72
87 94
88 2
88 9
88 10
88 20
88 26
88 32
88 35
88 40
88 46
88 47
88 49
88 60
88 64
88 66
88 82
89 6
89 15
89 23
89 32
89 33
89 44
89 76
89 83
89 86
89 90
90 4
90 30
90 38
90 42
90 51
90 59
90 65
90 71
90 81
91 31
91 37
91 38
91 54
91 69
91 72
91 84
91 87
92 26
92 32
92 45
92 87
93 4
93 9
93 31
93 35
93 43
93 64
93 72
93 94
94 21
94 31
94 43
94 48
94 60
94 77
94 86
94 98
95 9
95 12
95 17
95 21
95 44
95 45
95 84
95 85
96 14
96 29
96 34
96 46
96 55
96 85
96 89
96 90
96 94
96 98
96 100
97 2
97 28
97 45
97 47
97 48
97 55
97 59
97 60
97 75
97 94
98 10
98 21
98 35
98 39
98 44
98 50
98 51
98 61
98 66
98 69
98 83
98 89
99 5
99 8
99 22
99 24
99 34
99 63
99 68
99 77
99 87
99 88
99 100
100 1
100 6
100 10
100 14
100 15
100 26
100 40
100 41
100 42
100 54
100 61
100 62
100 68

