100 1000
31 58 114 95 97 116 54 27 42 53 37 107 61 61 60 58 105 60 20 113 82 86 61 103 28 88 40 112 101 23 44 108 117 78 40 64 62 22 69 88 70 93 59 109 95 92 84 63 101 76 116 108 117 30 63 29 38 41 30 41 52 104 90 83 108 24 29 77 96 117 49 26 21 82 26 86 61 49 101 83 120 23 115 84 81 106 62 31 21 76 94 105 98 90 67 21 79 31 109 68 
1 7
1 25
1 27
1 37
1 43
1 68
1 74
1 84
2 47
2 65
2 71
3 29
3 48
3 50
3 54
3 55
3 60
3 78
3 79
3 82
3 85
4 17
4 20
4 24
4 35
4 47
4 49
4 67
4 86
5 6
5 16
5 20
5 26
5 30
5 32
5 34
5 53
5 54
5 56
5 66
5 78
5 84
5 87
6 8
6 10
6 12
6 23
6 29
6 44
6 57
6 60
6 85
6 96
6 97
7 10
7 25
7 30
7 59
7 62
7 63
7 76
8 27
8 46
8 47
8 51
8 58
8 68
8 71
9 4
9 8
9 10
9 41
9 48
9 53
9 64
9 98
10 4
10 22
10 28
10 30
10 36
10 54
10 67
10 73
10 74
10 78
10 80
10 87
10 92
11 13
11 20
11 29
11 31
11 39
11 44
11 49
11 80
11 85
11 87
11 93
11 96
11 99
12 8
12 15
12 23
12 24
12 27
12 53
12 54
12 55
12 59
12 63
12 65
12 69
12 82
12 91
12 93
13 39
13 48
13 58
13 59
13 78
13 94
13 96
14 17
14 24
14 45
14 82
14 85
14 89
15 2
15 9
15 14
15 41
15 45
15 60
15 62
15 65
15 74
15 77
15 84
15 87
16 13
16 60
16 61
16 70
16 79
16 81
16 85
16 89
16 91
16 97
17 2
17 7
17 10
17 13
17 25
17 33
17 34
17 41
17 46
17 48
17 53
17 54
17 70
17 72
17 90
17 93
17 97
18 1
18 17
18 24
18 34
18 36
18 44
18 67
18 81
18 90
19 14
19 15
19 27
19 30
19 71
19 88
19 96
19 99
20 30
20 38
20 44
20 46
20 53
20 56
20 71
20 77
20 91
20 97
21 2
21 6
21 9
21 15
21 25
21 33
21 44
21 49
21 52
21 56
21 62
21 71
21 84
21 91
21 98
22 1
22 4
22 18
22 20
22 36
22 52
22 62
22 74
22 83
23 2
23 8
23 11
23 15
23 16
23 24
23 25
23 27
23 41
23 47
23 56
24 6
24 9
24 32
24 41
24 65
24 69
24 70
24 71
24 73
24 89
24 100
25 18
25 27
25 34
25 41
25 71
25 84
25 87
25 91
25 95
25 98
26 6
26 9
26 15
26 17
26 22
26 24
26 40
26 45
26 51
26 72
26 78
26 84
26 89
26 90
26 99
27 7
27 21
27 31
27 41
27 44
27 51
27 52
27 65
27 88
27 95
27 96
28 1
28 4
28 7
28 15
28 27
28 31
28 32
28 34
28 36
28 45
28 49
28 57
28 61
28 71
28 78
28 84
28 85
29 1
29 8
29 22
29 35
29 37
29 43
29 45
29 53
29 56
29 65
29 70
29 92
29 94
30 14
30 15
30 31
30 36
30 40
30 47
30 53
30 65
30 67
30 95
31 5
31 8
31 18
31 19
31 21
31 22
31 24
31 25
31 56
31 67
31 78
31 83
31 99
32 17
32 41
32 68
32 75
32 76
32 77
32 78
32 80
32 87
32 98
33 14
33 16
33 18
33 27
33 34
33 35
33 47
33 59
33 61
33 69
33 78
33 94
33 98
33 100
34 3
34 8
34 21
34 32
34 35
34 36
34 37
34 41
34 45
34 48
34 64
34 71
34 72
34 79
34 98
35 14
35 19
35 41
35 63
35 79
35 96
36 11
36 14
36 19
36 27
36 35
36 69
36 77
36 80
36 81
37 10
37 17
37 19
37 35
37 62
37 65
37 74
38 15
38 27
38 36
38 43
38 77
38 84
38 93
38 95
39 21
39 22
39 30
39 36
39 41
39 47
39 58
39 71
39 75
39 79
39 80
39 93
39 95
40 8
40 12
40 17
40 18
40 20
40 22
40 24
40 31
40 35
40 37
40 62
40 78
40 81
40 92
40 96
41 20
41 30
41 58
41 59
41 79
41 83
41 87
41 91
41 97
41 99
42 6
42 11
42 17
42 23
42 27
42 31
42 33
42 41
42 46
42 50
42 56
42 65
42 74
42 75
42 84
42 92
43 18
43 31
43 39
43 42
43 48
43 53
43 55
43 63
43 86
43 93
44 25
44 30
44 47
44 51
44 63
44 70
44 89
44 90
44 93
44 98
44 100
45 1
45 19
45 24
45 66
45 69
45 80
45 86
45 87
46 4
46 18
46 19
46 27
46 37
46 58
46 60
46 61
46 80
46 84
46 88
47 10
47 14
47 16
47 25
47 74
47 96
47 97
48 6
48 18
48 30
48 33
48 55
48 58
48 60
48 61
48 73
48 76
48 82
48 93
49 14
49 16
49 18
49 66
49 71
49 76
49 77
49 78
50 20
50 25
50 43
50 53
50 61
50 67
50 83
50 89
51 9
51 16
51 33
51 36
51 59
51 91
51 92
51 97
52 1
52 8
52 14
52 18
52 25
52 42
52 44
52 49
52 53
52 55
52 56
52 58
52 70
52 76
52 77
52 84
52 92
52 94
53 6
53 18
53 35
53 36
53 49
53 56
53 67
53 76
54 2
54 8
54 21
54 22
54 23
54 27
54 31
54 34
54 41
54 42
54 57
54 83
54 92
54 96
54 100
55 13
55 20
55 27
55 33
55 45
55 63
55 75
55 78
55 81
55 99
56 3
56 11
56 38
56 51
56 61
56 81
56 90
56 91
56 92
57 1
57 8
57 18
57 22
57 35
57 39
57 43
57 44
57 45
57 47
57 49
57 62
57 64
57 75
58 29
58 33
58 36
58 38
58 82
58 93
58 94
59 2
59 9
59 17
59 39
59 93
60 9
60 10
60 21
60 33
60 35
60 37
60 45
60 52
60 69
60 71
60 72
60 76
61 21
61 42
61 47
61 62
61 69
61 96
62 4
62 14
62 32
62 34
62 45
62 55
62 63
62 65
62 67
62 76
62 78
62 93
63 2
63 21
63 34
63 40
63 46
63 49
63 71
63 80
63 100
64 4
64 13
64 23
64 86
64 87
64 88
65 19
65 47
65 59
65 61
65 89
65 90
65 100
66 9
66 18
66 21
66 22
66 30
66 38
66 40
66 76
66 79
66 81
66 85
66 94
66 97
67 6
67 21
67 23
67 34
67 37
67 49
67 52
67 76
67 86
68 9
68 15
68 18
68 22
68 47
68 58
68 73
68 74
68 77
68 93
68 95
69 19
69 25
69 31
69 34
69 38
69 46
69 48
69 51
69 56
69 64
69 81
70 9
70 18
70 20
70 21
70 26
70 39
70 53
70 78
70 83
70 84
71 4
71 7
71 15
71 67
71 70
71 73
71 87
71 98
71 99
71 100
72 5
72 10
72 20
72 23
72 28
72 30
72 31
72 42
72 43
72 63
72 70
72 74
72 99
73 1
73 12
73 22
73 31
73 36
73 38
73 53
73 61
73 74
73 77
73 95
74 20
74 26
74 35
74 46
74 80
74 89
74 92
74 95
75 18
75 22
75 25
75 29
75 30
75 38
75 40
75 41
75 64
75 68
75 89
76 19
76 22
76 45
76 65
76 75
76 78
76 80
76 88
76 91
76 92
76 100
77 17
77 19
77 22
77 63
78 8
78 23
78 42
78 46
78 48
78 63
78 67
78 75
78 84
78 90
79 22
79 60
79 65
79 76
79 81
79 82
79 94
80 8
80 26
80 34
80 47
80 53
80 67
80 68
80 87
80 91
80 93
80 97
80 100
81 1
81 2
81 6
81 8
81 25
81 34
81 42
81 58
81 94
81 99
82 16
82 17
82 25
82 33
82 39
82 44
82 66
82 70
82 72
82 97
83 8
83 10
83 11
83 14
83 19
83 40
83 46
83 51
83 59
83 68
83 72
84 34
84 53
84 54
84 89
84 91
84 97
85 2
85 72
85 79
85 83
86 6
86 55
86 56
86 75
86 88
87 1
87 6
87 9
87 19
87 31
87 35
87 38
87 43
87 57
87 67
87 90
88 11
88 20
88 23
88 25
88 33
88 40
88 48
88 51
88 65
88 68
88 84
89 7
89 27
89 37
89 66
89 67
89 87
89 90
89 100
90 45
90 50
90 69
90 75
90 76
90 79
90 81
90 83
90 92
91 10
91 15
91 32
91 52
91 54
91 72
91 75
91 82
91 90
92 57
92 59
92 60
92 77
92 82
92 91
93 9
93 34
93 47
93 55
93 65
93 67
93 84
94 5
94 16
94 19
94 24
94 31
94 32
94 37
94 38
94 39
94 50
94 59
94 65
94 69
94 89
94 97
95 1
95 2
95 13
95 19
95 43
95 52
95 55
95 56
95 84
95 86
96 16
96 24
96 34
96 62
96 76
96 86
96 87
97 10
97 48
97 55
97 71
97 76
97 79
97 87
97 90
97 93
98 8
98 12
98 17
98 27
98 35
98 36
98 45
98 49
98 56
98 64
98 76
98 82
98 92
98 96
99 9
99 13
99 33
99 80
99 84
99 88
99 94
100 16
100 47
100 75
100 88
100 92

