250 250
32 71 92 107 40 120 91 66 77 50 88 28 95 104 87 87 80 99 28 75 61 41 60 46 103 100 91 87 99 31 67 50 103 67 84 59 89 73 115 46 62 57 84 76 63 91 38 30 99 91 118 74 71 94 91 21 54 90 49 55 69 95 103 110 26 77 85 84 115 59 34 41 98 115 83 54 103 50 67 32 30 115 83 79 120 50 109 41 74 62 120 93 98 54 37 86 65 59 84 83 62 41 103 58 100 33 80 117 67 25 116 99 22 94 92 50 102 95 50 80 87 55 109 87 63 105 20 67 39 50 114 72 22 21 96 116 56 47 107 64 60 103 37 24 36 79 90 50 26 97 63 67 36 85 34 79 23 36 75 53 23 52 24 78 75 98 36 91 43 47 91 41 40 97 43 66 28 79 101 89 52 84 67 110 42 119 40 76 49 44 24 54 102 85 47 117 117 34 35 35 40 62 104 82 49 115 115 69 85 74 23 92 93 77 96 115 81 43 105 31 81 68 62 90 55 93 104 74 116 60 28 82 44 70 36 90 27 50 28 80 32 64 94 58 104 81 42 76 44 113 
1 116
1 128
2 187
3 205
4 112
7 249
8 166
9 44
9 98
10 7
10 141
10 209
11 226
12 65
12 246
14 95
16 24
16 171
17 12
17 76
17 126
20 171
21 174
23 123
26 59
27 16
27 194
29 16
32 191
36 153
37 18
37 67
39 138
41 22
41 105
41 151
42 142
42 187
42 198
43 147
46 30
47 50
52 20
52 94
52 172
52 200
52 231
53 8
53 56
53 220
54 204
55 126
55 196
59 9
61 15
62 204
63 56
63 78
63 84
64 113
65 41
65 60
65 172
66 48
66 174
67 139
67 241
68 246
69 141
70 219
72 97
72 236
73 246
74 49
75 89
75 112
76 21
76 134
77 139
79 136
80 160
80 168
82 15
83 154
84 239
90 170
90 246
95 129
95 205
96 109
96 139
97 120
97 220
98 183
98 217
99 241
100 59
101 40
102 232
104 158
105 198
107 63
107 93
108 73
109 66
111 8
111 159
111 195
112 174
112 250
113 84
114 87
114 141
115 66
115 137
117 250
119 176
120 145
120 205
120 226
123 33
123 192
123 206
123 216
124 46
124 231
126 192
129 98
131 197
133 157
133 159
134 5
134 20
134 56
134 193
136 173
137 198
137 203
139 177
140 15
142 24
142 49
142 211
143 183
144 215
145 196
145 225
146 109
147 111
148 2
150 4
151 46
151 129
152 205
153 132
153 197
154 86
155 152
156 15
157 206
159 44
160 15
160 61
161 17
161 171
164 103
165 66
165 143
167 126
168 5
169 61
171 39
171 246
173 75
173 220
173 231
174 242
177 78
177 84
177 165
178 181
179 10
181 36
181 167
182 58
184 217
184 227
186 38
191 115
191 182
193 16
194 224
194 235
198 3
201 206
202 102
203 6
203 10
203 102
203 246
205 36
205 166
205 185
206 33
206 197
206 214
208 38
208 64
208 158
208 246
210 44
210 99
210 174
210 223
212 79
213 163
214 70
215 220
216 178
217 15
218 120
219 2
219 153
222 151
222 225
224 63
224 146
225 34
227 120
229 211
230 81
233 6
233 61
233 122
234 81
235 130
235 136
237 32
239 26
240 43
240 175
241 35
241 37
242 190
244 159
244 218
246 206
247 74
248 102
248 149

