300 5000
63 56 99 20 108 65 21 59 25 86 94 66 35 55 107 43 77 33 107 103 52 38 89 28 40 119 76 74 66 52 53 21 59 112 61 93 120 92 72 42 40 85 36 39 69 85 66 46 57 81 28 113 33 110 117 88 50 118 24 50 73 93 37 29 47 111 80 93 39 60 100 84 113 56 39 20 72 84 25 57 43 109 45 119 25 68 118 88 39 36 65 87 31 98 78 81 29 104 40 20 23 68 98 97 58 37 91 37 115 114 117 103 93 63 21 64 90 35 56 53 46 116 103 21 26 30 61 98 56 60 100 83 101 57 87 35 113 36 120 25 73 27 27 80 119 82 84 28 85 46 48 34 94 72 49 104 81 44 48 117 100 36 98 52 118 28 24 104 58 42 107 77 49 43 75 38 88 64 76 68 118 66 83 83 49 23 32 30 88 103 49 76 36 42 92 85 52 30 97 36 67 67 90 108 21 73 113 79 91 79 100 25 25 47 22 23 30 106 25 105 79 91 88 22 31 110 99 68 78 62 25 20 111 81 91 98 118 89 20 112 26 40 85 59 37 118 47 26 114 21 25 78 85 100 21 88 29 110 89 48 110 56 97 21 53 26 23 110 39 94 55 26 75 95 67 99 26 80 98 69 64 22 65 120 20 86 92 20 90 83 67 85 54 85 102 38 87 74 22 52 
1 5
1 17
1 19
1 22
1 25
1 27
1 45
1 67
1 81
1 92
1 96
1 107
1 125
1 128
1 137
1 182
1 183
1 220
1 222
1 232
1 276
1 282
2 14
2 24
2 40
2 52
2 80
2 93
2 96
2 110
2 148
2 170
2 184
2 196
2 209
2 220
2 242
2 269
3 5
3 12
3 15
3 23
3 36
3 49
3 51
3 101
3 122
3 174
3 177
3 210
3 213
3 248
3 288
3 293
4 9
4 14
4 17
4 42
4 44
4 45
4 49
4 73
4 105
4 117
4 149
4 182
4 225
4 249
4 254
4 287
4 288
4 299
5 63
5 85
5 88
5 90
5 92
5 98
5 128
5 136
5 148
5 149
5 170
5 181
5 239
5 250
5 257
5 259
5 264
6 5
6 13
6 40
6 45
6 75
6 125
6 128
6 183
6 208
6 212
6 230
6 266
6 288
7 3
7 4
7 31
7 66
7 104
7 116
7 138
7 139
7 142
7 146
7 168
7 176
7 179
7 215
7 216
7 232
7 241
7 257
7 260
7 289
8 16
8 33
8 77
8 96
8 107
8 119
8 120
8 121
8 153
8 160
8 164
8 168
8 177
8 201
8 279
8 298
9 8
9 31
9 58
9 59
9 69
9 82
9 126
9 150
9 156
9 199
9 200
9 220
9 261
9 272
9 285
9 287
10 11
10 19
10 29
10 56
10 65
10 74
10 80
10 86
10 111
10 121
10 134
10 175
10 191
10 234
10 247
10 257
10 276
10 290
11 26
11 27
11 30
11 34
11 45
11 46
11 71
11 74
11 105
11 116
11 189
11 205
11 236
11 267
11 269
11 280
11 286
11 291
12 22
12 40
12 60
12 61
12 68
12 81
12 85
12 96
12 110
12 175
12 289
12 290
12 293
13 5
13 9
13 28
13 41
13 48
13 51
13 54
13 74
13 78
13 83
13 86
13 87
13 104
13 172
13 184
13 208
13 221
13 241
13 265
14 27
14 29
14 93
14 114
14 121
14 141
14 146
14 171
14 205
14 221
14 229
14 244
14 286
14 294
15 5
15 53
15 90
15 106
15 121
15 123
15 129
15 151
15 162
15 213
15 228
15 255
16 37
16 79
16 93
16 103
16 105
16 112
16 139
16 151
16 165
16 175
16 186
16 202
16 205
16 206
16 250
16 254
16 257
16 281
16 286
16 294
17 20
17 42
17 57
17 58
17 90
17 97
17 104
17 130
17 140
17 158
17 159
17 162
17 180
17 191
17 204
17 215
17 222
17 261
17 274
18 1
18 13
18 17
18 59
18 65
18 91
18 100
18 111
18 133
18 150
18 177
18 185
18 203
18 204
18 205
18 217
18 224
18 231
18 255
18 262
18 266
19 9
19 38
19 42
19 44
19 48
19 56
19 67
19 71
19 75
19 111
19 124
19 156
19 161
19 171
19 202
19 262
19 264
20 10
20 25
20 30
20 110
20 199
20 209
20 218
20 226
20 238
20 282
21 1
21 16
21 18
21 29
21 32
21 59
21 63
21 64
21 73
21 102
21 146
21 159
21 171
21 172
21 195
21 203
21 244
21 245
21 293
22 11
22 20
22 55
22 58
22 59
22 99
22 144
22 164
22 167
22 192
22 209
22 219
22 231
22 234
23 19
23 33
23 89
23 109
23 113
23 163
23 170
23 182
23 191
23 258
23 272
24 33
24 34
24 54
24 57
24 58
24 59
24 87
24 107
24 115
24 121
24 147
24 159
24 162
24 201
24 244
24 252
24 260
24 272
24 284
24 289
24 298
25 44
25 52
25 56
25 66
25 69
25 104
25 111
25 119
25 156
25 173
25 206
25 216
25 228
25 232
25 263
26 17
26 32
26 45
26 58
26 100
26 119
26 128
26 137
26 145
26 152
26 159
26 182
26 188
26 199
26 200
26 209
26 241
26 254
26 284
26 287
26 295
27 18
27 68
27 78
27 100
27 118
27 129
27 143
27 153
27 261
27 268
27 280
28 53
28 95
28 106
28 120
28 163
28 168
28 195
28 208
28 214
28 222
28 234
28 238
28 272
29 39
29 57
29 70
29 106
29 118
29 120
29 140
29 163
29 169
29 193
29 208
29 210
29 222
29 258
29 264
29 273
30 34
30 38
30 47
30 53
30 73
30 85
30 92
30 104
30 158
30 191
30 194
30 239
30 240
30 271
30 273
31 27
31 35
31 52
31 57
31 68
31 95
31 96
31 123
31 128
31 153
31 163
31 171
31 236
31 299
32 55
32 67
32 70
32 88
32 89
32 105
32 114
32 124
32 144
32 165
32 208
32 218
32 222
32 247
32 255
32 281
32 294
32 299
33 59
33 64
33 132
33 154
33 199
33 200
33 207
33 220
33 255
33 259
33 280
34 19
34 37
34 56
34 57
34 111
34 113
34 116
34 195
34 201
34 229
34 256
34 277
35 15
35 39
35 49
35 76
35 86
35 111
35 154
35 159
35 164
35 168
35 171
35 184
35 208
36 4
36 7
36 12
36 37
36 42
36 52
36 59
36 62
36 85
36 90
36 91
36 125
36 126
36 140
36 158
36 167
36 172
36 193
36 224
36 227
36 245
36 273
36 275
36 299
37 52
37 63
37 75
37 86
37 131
37 144
37 155
37 226
37 261
37 293
37 299
38 2
38 9
38 25
38 42
38 129
38 166
38 179
38 190
38 221
38 225
38 230
38 252
38 271
38 284
38 296
39 2
39 34
39 44
39 147
39 159
39 168
39 169
39 181
39 205
39 209
39 221
39 228
39 294
40 39
40 76
40 81
40 90
40 96
40 106
40 130
40 136
40 144
40 155
40 184
40 247
40 275
40 277
40 279
40 291
40 292
41 3
41 58
41 95
41 100
41 102
41 107
41 111
41 131
41 138
41 149
41 153
41 193
41 199
41 200
41 201
41 211
41 213
41 231
41 237
41 259
41 260
41 292
42 27
42 35
42 43
42 60
42 69
42 77
42 83
42 88
42 91
42 99
42 138
42 157
42 158
42 166
42 180
42 205
42 210
42 238
42 262
42 281
42 288
43 11
43 18
43 26
43 80
43 94
43 114
43 141
43 151
43 253
43 263
43 279
43 289
43 300
44 48
44 70
44 83
44 98
44 134
44 166
44 169
44 177
44 218
44 232
44 259
44 288
45 17
45 19
45 21
45 41
45 51
45 54
45 63
45 92
45 134
45 141
45 152
45 157
45 170
45 177
45 178
45 194
45 212
45 213
45 220
45 250
45 252
45 299
46 23
46 25
46 33
46 41
46 47
46 57
46 74
46 90
46 175
46 183
46 193
46 250
46 274
47 2
47 26
47 33
47 40
47 45
47 62
47 65
47 77
47 82
47 94
47 109
47 112
47 113
47 119
47 163
47 219
47 246
47 266
47 287
48 92
48 112
48 132
48 168
48 176
48 181
48 196
48 258
49 20
49 33
49 40
49 52
49 72
49 101
49 124
49 152
49 183
49 189
49 195
49 200
49 210
49 211
49 236
49 281
49 287
50 4
50 51
50 63
50 84
50 86
50 109
50 128
50 137
50 173
50 179
50 190
50 251
50 258
50 289
50 300
51 1
51 47
51 57
51 103
51 118
51 143
51 162
51 174
51 183
51 199
51 251
51 254
51 276
52 3
52 7
52 9
52 11
52 17
52 21
52 26
52 33
52 89
52 97
52 104
52 119
52 122
52 127
52 129
52 160
52 170
52 186
52 194
52 201
52 213
52 225
52 237
52 240
52 259
52 285
52 289
52 290
53 25
53 29
53 83
53 100
53 122
53 125
53 127
53 131
53 133
53 142
53 156
53 190
53 198
53 217
53 254
53 267
53 272
54 2
54 14
54 49
54 51
54 102
54 161
54 164
54 172
54 175
54 224
54 230
54 236
54 243
54 263
54 271
54 283
55 6
55 18
55 20
55 52
55 106
55 116
55 123
55 136
55 173
55 180
55 197
55 201
55 212
55 285
56 1
56 5
56 7
56 16
56 17
56 24
56 50
56 62
56 103
56 160
56 179
56 181
56 190
56 212
56 216
56 223
56 269
56 273
57 45
57 58
57 64
57 82
57 85
57 88
57 100
57 108
57 113
57 118
57 212
57 233
57 262
57 263
57 290
57 294
58 13
58 35
58 54
58 67
58 92
58 116
58 118
58 126
58 150
58 191
58 196
58 243
58 249
58 292
59 80
59 82
59 127
59 128
59 144
59 176
59 200
59 209
59 221
59 225
59 241
59 282
60 17
60 24
60 31
60 35
60 46
60 53
60 85
60 128
60 151
60 154
60 175
60 190
60 214
60 229
60 246
60 264
60 275
61 16
61 21
61 22
61 39
61 45
61 54
61 69
61 95
61 101
61 102
61 110
61 136
61 167
61 170
61 174
61 186
61 201
61 209
61 238
61 249
61 263
61 293
62 27
62 51
62 126
62 158
62 160
62 166
62 171
62 177
62 214
62 219
62 249
62 253
62 256
62 267
62 297
63 2
63 52
63 53
63 72
63 90
63 142
63 161
63 178
63 189
63 199
63 208
63 241
63 243
63 249
63 282
63 285
64 5
64 47
64 56
64 82
64 124
64 126
64 129
64 171
64 182
64 183
64 205
64 208
64 209
64 239
64 258
64 280
64 281
65 8
65 12
65 19
65 30
65 44
65 53
65 56
65 138
65 221
65 224
65 243
65 245
65 254
65 260
66 3
66 4
66 97
66 103
66 105
66 125
66 131
66 133
66 202
66 226
66 242
66 244
66 248
66 253
66 286
67 4
67 43
67 48
67 61
67 69
67 74
67 76
67 79
67 137
67 138
67 187
67 189
67 203
67 217
67 257
68 55
68 76
68 95
68 137
68 144
68 149
68 160
68 174
68 178
68 192
68 196
68 214
68 245
68 251
68 281
68 287
68 291
69 16
69 20
69 43
69 87
69 105
69 107
69 120
69 145
69 155
69 190
69 191
69 206
69 233
69 253
69 266
69 296
69 298
70 14
70 34
70 42
70 47
70 52
70 137
70 143
70 160
70 202
70 231
70 239
70 277
71 9
71 22
71 24
71 32
71 53
71 58
71 59
71 66
71 125
71 129
71 134
71 146
71 153
71 190
71 217
71 296
71 300
72 29
72 33
72 39
72 41
72 55
72 60
72 67
72 84
72 91
72 106
72 144
72 152
72 160
72 180
72 192
72 200
72 237
72 248
72 250
72 273
72 281
72 282
72 287
73 9
73 14
73 32
73 39
73 46
73 89
73 102
73 106
73 112
73 122
73 129
73 154
73 160
73 194
73 210
73 235
73 264
73 273
74 28
74 73
74 82
74 99
74 104
74 156
74 177
74 178
74 189
74 190
74 198
74 227
74 230
74 253
74 260
74 265
74 280
75 1
75 24
75 29
75 34
75 57
75 65
75 89
75 100
75 133
75 139
75 147
75 149
75 170
75 200
75 220
75 250
75 263
75 266
75 273
75 282
76 9
76 10
76 11
76 27
76 70
76 72
76 94
76 104
76 107
76 141
76 152
76 164
76 169
76 177
76 185
76 222
76 253
76 263
77 21
77 33
77 45
77 51
77 61
77 91
77 132
77 167
77 171
77 172
77 178
77 200
77 201
77 228
77 239
77 288
77 289
77 292
77 294
78 23
78 34
78 47
78 52
78 70
78 91
78 111
78 153
78 155
78 161
78 165
78 168
78 195
78 202
78 205
78 221
78 223
78 238
78 286
78 287
79 22
79 35
79 37
79 71
79 98
79 102
79 173
79 182
79 203
79 222
79 257
79 261
79 292
79 300
80 11
80 14
80 24
80 26
80 35
80 38
80 63
80 87
80 93
80 172
80 173
80 183
80 193
80 204
80 212
80 216
80 231
80 250
80 288
81 6
81 15
81 19
81 36
81 53
81 54
81 73
81 88
81 122
81 140
81 152
81 202
81 205
81 206
81 223
81 235
81 282
81 287
82 50
82 51
82 67
82 89
82 99
82 124
82 129
82 166
82 203
82 206
82 263
82 299
83 4
83 79
83 96
83 98
83 107
83 109
83 112
83 139
83 181
83 190
83 195
83 204
83 230
83 248
83 262
84 48
84 54
84 62
84 69
84 85
84 174
84 179
84 188
84 200
84 236
84 237
84 244
84 270
84 281
84 285
84 287
84 290
84 291
84 295
85 10
85 11
85 27
85 34
85 52
85 61
85 66
85 74
85 95
85 160
85 161
85 163
85 183
85 192
85 206
85 235
85 252
85 258
85 290
86 27
86 28
86 64
86 116
86 128
86 137
86 155
86 164
86 187
86 201
86 256
86 285
86 296
87 7
87 33
87 74
87 89
87 98
87 118
87 128
87 144
87 153
87 172
87 183
87 204
87 206
87 209
87 217
87 259
87 277
88 4
88 15
88 21
88 24
88 45
88 46
88 63
88 78
88 126
88 167
88 182
88 188
88 210
88 239
88 250
88 260
88 285
88 291
88 298
89 7
89 41
89 43
89 54
89 86
89 125
89 130
89 134
89 145
89 154
89 172
89 207
89 233
89 263
89 279
90 4
90 19
90 27
90 81
90 107
90 183
90 213
90 217
90 247
90 264
90 273
91 1
91 11
91 19
91 22
91 44
91 83
91 106
91 134
91 139
91 158
91 162
91 248
91 249
91 252
91 255
91 266
91 269
91 278
92 33
92 37
92 43
92 90
92 127
92 153
92 179
92 218
92 238
92 244
92 252
92 255
92 261
92 262
92 277
93 13
93 41
93 49
93 98
93 101
93 113
93 122
93 128
93 140
93 146
93 188
93 190
93 193
93 196
93 197
93 202
93 208
93 212
93 230
93 237
93 252
93 253
93 267
93 298
94 7
94 28
94 31
94 44
94 55
94 89
94 101
94 123
94 127
94 167
94 174
94 201
94 218
94 269
94 284
95 60
95 104
95 110
95 118
95 136
95 142
95 156
95 164
95 170
95 179
95 220
95 249
95 279
95 293
96 22
96 34
96 43
96 52
96 67
96 92
96 111
96 188
96 217
96 231
96 298
97 8
97 9
97 34
97 36
97 74
97 78
97 92
97 127
97 136
97 147
97 176
97 181
97 206
97 219
97 248
97 257
98 3
98 11
98 20
98 56
98 72
98 74
98 159
98 169
98 242
98 247
98 294
98 299
99 13
99 18
99 45
99 110
99 112
99 173
99 177
99 194
99 206
99 211
99 221
99 224
99 236
99 239
99 242
99 288
100 6
100 12
100 33
100 48
100 69
100 82
100 86
100 119
100 191
100 206
100 209
100 282
100 285
100 286
100 291
100 294
100 296
101 18
101 76
101 78
101 89
101 136
101 162
101 163
101 175
101 194
101 206
101 213
101 218
101 222
101 225
101 242
101 249
101 255
101 259
101 271
101 273
101 287
101 292
102 16
102 24
102 44
102 64
102 82
102 84
102 87
102 121
102 139
102 200
102 224
102 238
102 239
102 245
102 258
102 261
102 296
103 11
103 12
103 13
103 24
103 29
103 44
103 53
103 109
103 127
103 130
103 142
103 162
103 177
103 189
103 202
103 214
103 274
103 297
103 298
104 2
104 21
104 56
104 60
104 79
104 80
104 108
104 112
104 121
104 140
104 142
104 145
104 200
104 204
104 205
104 213
104 237
104 242
104 251
104 269
104 273
105 56
105 68
105 72
105 76
105 84
105 108
105 118
105 145
105 148
105 151
105 161
105 187
105 228
105 236
105 237
105 247
105 251
105 267
105 290
106 23
106 30
106 79
106 93
106 127
106 138
106 153
106 160
106 165
106 187
106 199
106 201
106 258
106 259
106 270
106 287
107 38
107 39
107 49
107 64
107 75
107 86
107 113
107 114
107 117
107 134
107 179
107 187
107 191
107 228
108 25
108 39
108 59
108 72
108 77
108 115
108 134
108 156
108 157
108 210
108 212
108 224
108 225
108 235
108 237
108 239
108 296
109 21
109 31
109 56
109 88
109 102
109 105
109 132
109 143
109 159
109 164
109 166
109 236
109 248
109 256
109 259
109 277
109 297
109 298
110 29
110 43
110 55
110 81
110 103
110 109
110 115
110 144
110 145
110 146
110 170
110 195
110 220
110 234
110 248
110 273
110 285
110 295
111 16
111 26
111 45
111 54
111 56
111 65
111 83
111 136
111 148
111 159
111 183
111 192
111 202
111 203
111 214
111 227
111 228
111 240
111 264
111 290
112 10
112 40
112 41
112 86
112 123
112 172
112 181
112 230
112 250
112 258
112 266
112 293
113 62
113 97
113 146
113 175
113 183
113 195
113 224
113 267
113 268
113 277
113 291
114 5
114 25
114 35
114 47
114 73
114 76
114 89
114 99
114 116
114 147
114 183
114 194
114 208
114 210
114 217
114 237
114 238
114 285
114 292
114 298
115 26
115 46
115 64
115 65
115 104
115 138
115 144
115 145
115 154
115 161
115 183
115 186
115 225
115 260
115 268
116 22
116 30
116 40
116 62
116 75
116 150
116 226
116 228
116 253
116 280
116 290
117 32
117 48
117 58
117 60
117 105
117 136
117 165
117 167
117 225
117 235
117 288
117 289
117 294
118 106
118 127
118 135
118 172
118 186
118 223
118 225
118 239
118 257
118 295
119 3
119 10
119 32
119 51
119 55
119 102
119 125
119 130
119 151
119 196
119 223
119 237
119 261
119 277
120 5
120 17
120 21
120 32
120 33
120 51
120 74
120 79
120 93
120 111
120 125
120 162
120 173
120 176
120 194
120 197
120 209
120 228
120 232
120 279
120 288
121 12
121 26
121 55
121 96
121 111
121 188
121 247
121 260
121 264
121 273
121 289
122 6
122 32
122 61
122 71
122 102
122 110
122 119
122 125
122 129
122 145
122 162
122 170
122 181
122 183
122 228
122 239
122 259
122 286
122 296
123 22
123 40
123 49
123 68
123 172
123 191
123 204
123 208
123 214
123 216
123 237
123 253
123 277
123 281
123 284
123 286
124 23
124 30
124 73
124 78
124 90
124 126
124 168
124 196
124 219
124 222
124 255
124 268
124 294
124 298
125 5
125 42
125 107
125 143
125 165
125 173
125 189
125 210
125 254
125 271
125 280
125 285
125 289
126 34
126 44
126 51
126 56
126 61
126 69
126 114
126 142
126 160
126 181
126 234
126 274
126 292
127 11
127 28
127 63
127 93
127 101
127 102
127 117
127 120
127 141
127 143
127 152
127 175
127 177
127 183
127 186
127 204
127 213
127 222
127 261
127 279
127 295
128 43
128 52
128 58
128 65
128 104
128 183
128 216
128 230
128 234
128 269
128 273
128 274
128 286
128 292
128 296
128 297
129 9
129 12
129 23
129 39
129 69
129 96
129 113
129 135
129 140
129 186
129 191
129 239
129 252
129 267
129 269
130 16
130 46
130 47
130 67
130 69
130 93
130 96
130 100
130 106
130 190
130 220
130 224
130 246
130 263
130 279
131 5
131 8
131 19
131 69
131 75
131 128
131 130
131 146
131 162
131 189
131 211
131 228
131 263
131 266
131 277
131 281
131 285
132 19
132 36
132 46
132 104
132 115
132 117
132 121
132 127
132 135
132 184
132 186
132 191
132 214
132 225
132 269
132 271
132 274
132 276
133 4
133 5
133 11
133 28
133 34
133 42
133 62
133 102
133 113
133 123
133 137
133 142
133 146
133 147
133 175
133 220
133 227
133 243
133 248
133 250
133 267
133 273
133 281
133 286
133 290
133 298
134 3
134 29
134 62
134 69
134 78
134 97
134 138
134 153
134 159
134 204
134 208
134 248
134 292
134 298
135 3
135 39
135 56
135 70
135 76
135 88
135 91
135 131
135 138
135 157
135 178
135 179
135 207
135 216
135 232
135 254
135 272
135 278
135 298
136 15
136 22
136 25
136 51
136 59
136 82
136 90
136 96
136 151
136 153
136 240
136 247
136 254
136 286
136 287
136 289
136 300
137 17
137 28
137 36
137 84
137 90
137 140
137 142
137 146
137 155
137 161
137 163
137 225
137 231
137 252
137 271
137 287
138 9
138 10
138 28
138 53
138 64
138 90
138 109
138 117
138 121
138 131
138 194
138 227
138 260
138 264
138 271
138 282
138 284
139 17
139 21
139 25
139 59
139 66
139 68
139 69
139 81
139 85
139 94
139 96
139 120
139 131
139 137
139 157
139 196
139 242
139 243
139 257
139 263
139 281
139 297
140 39
140 60
140 88
140 91
140 130
140 217
140 218
140 224
140 225
140 241
140 248
140 255
140 273
140 280
140 284
140 294
141 13
141 15
141 21
141 74
141 96
141 101
141 115
141 130
141 136
141 158
141 160
141 168
141 229
141 234
141 255
141 264
141 280
141 284
141 291
142 2
142 4
142 23
142 39
142 41
142 46
142 48
142 88
142 91
142 100
142 102
142 154
142 190
142 196
142 201
142 227
142 237
142 242
142 252
142 258
142 290
143 12
143 38
143 43
143 89
143 139
143 203
143 214
143 215
143 226
143 235
143 238
143 249
143 293
144 3
144 35
144 38
144 42
144 52
144 73
144 77
144 94
144 100
144 135
144 143
144 149
144 154
144 158
144 185
144 235
144 237
144 259
145 11
145 29
145 33
145 52
145 57
145 76
145 85
145 128
145 143
145 144
145 176
145 200
145 242
145 258
145 260
145 285
146 1
146 22
146 29
146 48
146 67
146 82
146 100
146 103
146 117
146 141
146 165
146 201
146 216
146 221
146 252
146 254
146 256
146 267
146 296
146 297
147 6
147 18
147 25
147 30
147 36
147 41
147 49
147 59
147 60
147 72
147 80
147 86
147 95
147 104
147 123
147 128
147 148
147 239
147 265
147 270
147 295
148 7
148 12
148 38
148 39
148 59
148 68
148 77
148 136
148 145
148 150
148 192
148 193
148 209
148 250
148 251
148 252
148 295
149 10
149 37
149 60
149 95
149 98
149 105
149 125
149 167
149 194
149 195
149 260
149 278
149 281
149 282
150 22
150 29
150 44
150 45
150 47
150 76
150 83
150 89
150 101
150 154
150 186
150 188
150 209
150 215
150 220
150 237
150 272
150 275
150 276
150 283
151 1
151 6
151 19
151 84
151 86
151 88
151 90
151 186
151 198
151 201
151 218
151 248
151 269
151 286
152 50
152 108
152 110
152 138
152 166
152 189
152 213
152 214
152 233
152 235
152 258
152 290
153 19
153 21
153 38
153 48
153 67
153 73
153 77
153 83
153 130
153 135
153 189
153 202
153 212
154 17
154 40
154 78
154 79
154 102
154 117
154 120
154 132
154 163
154 186
154 190
154 192
154 203
154 216
154 241
154 246
154 251
154 288
155 11
155 28
155 39
155 61
155 114
155 127
155 143
155 156
155 197
155 216
155 274
155 282
156 5
156 17
156 22
156 92
156 102
156 109
156 126
156 160
156 188
156 193
156 221
156 233
156 249
156 252
156 254
156 277
156 278
156 294
156 296
157 2
157 8
157 11
157 39
157 64
157 73
157 94
157 97
157 130
157 140
157 154
157 166
157 178
157 187
157 211
157 251
157 294
158 69
158 103
158 138
158 149
158 160
158 171
158 180
158 203
158 207
158 218
158 222
158 230
158 235
158 244
158 262
158 275
159 16
159 42
159 43
159 110
159 118
159 147
159 148
159 163
159 199
159 210
159 216
159 226
159 265
159 276
159 283
160 7
160 10
160 16
160 19
160 75
160 89
160 98
160 138
160 146
160 167
160 249
160 257
160 300
161 4
161 52
161 83
161 124
161 129
161 136
161 139
161 149
161 183
161 196
161 212
161 222
161 236
161 253
161 266
161 277
161 281
161 293
161 295
162 10
162 28
162 47
162 55
162 60
162 69
162 86
162 116
162 134
162 155
162 178
162 189
162 206
162 207
162 216
162 238
162 243
162 270
162 295
162 296
163 12
163 33
163 71
163 83
163 104
163 125
163 156
163 169
163 186
163 206
163 213
163 219
163 244
163 252
163 272
164 14
164 25
164 46
164 47
164 48
164 70
164 132
164 142
164 180
164 189
164 203
164 223
164 230
164 243
164 269
164 270
164 284
165 18
165 30
165 35
165 44
165 49
165 71
165 116
165 158
165 160
165 167
165 187
165 229
165 239
165 296
166 46
166 51
166 100
166 119
166 180
166 181
166 218
166 237
166 268
167 6
167 30
167 74
167 90
167 119
167 126
167 130
167 136
167 168
167 253
167 271
167 287
167 300
168 9
168 13
168 29
168 66
168 69
168 74
168 121
168 123
168 162
168 164
168 203
168 228
168 229
168 232
168 259
168 275
168 281
169 36
169 42
169 66
169 68
169 122
169 178
169 189
169 203
169 219
169 226
169 252
169 273
169 274
169 283
170 8
170 34
170 63
170 84
170 94
170 125
170 173
170 182
170 215
170 260
170 265
170 272
170 276
171 13
171 16
171 23
171 42
171 44
171 73
171 79
171 85
171 120
171 133
171 140
171 176
171 187
171 203
171 258
171 275
171 282
171 298
172 8
172 9
172 44
172 45
172 71
172 79
172 92
172 120
172 132
172 166
172 192
172 210
172 213
172 229
172 243
172 259
172 300
173 21
173 66
173 83
173 137
173 145
173 191
173 217
173 225
173 230
173 240
173 271
173 285
174 5
174 62
174 71
174 76
174 87
174 97
174 133
174 182
174 208
174 215
174 233
174 236
174 242
174 250
174 267
174 269
174 278
174 282
174 288
175 9
175 38
175 43
175 61
175 75
175 110
175 124
175 154
175 185
175 191
175 204
175 219
175 237
175 244
175 273
175 279
175 284
175 292
175 293
175 294
176 28
176 30
176 46
176 60
176 63
176 67
176 89
176 138
176 153
176 186
176 201
176 220
176 243
176 250
176 297
177 2
177 46
177 72
177 79
177 80
177 89
177 91
177 108
177 119
177 124
177 128
177 151
177 155
177 165
177 204
177 207
177 216
177 238
177 264
177 269
177 273
177 280
177 299
178 17
178 24
178 70
178 99
178 102
178 104
178 110
178 151
178 158
178 183
178 191
178 204
178 208
178 240
178 255
178 265
178 288
178 298
179 2
179 6
179 13
179 18
179 20
179 116
179 117
179 140
179 156
179 175
179 210
179 226
179 227
179 231
179 233
179 237
179 239
179 240
179 258
179 263
179 267
179 277
179 297
180 1
180 2
180 25
180 36
180 73
180 83
180 116
180 120
180 148
180 152
180 172
180 203
180 217
180 220
180 243
180 270
180 284
181 7
181 25
181 42
181 52
181 58
181 76
181 86
181 94
181 95
181 96
181 98
181 102
181 111
181 119
181 162
181 186
181 192
181 194
181 208
181 212
181 247
181 263
181 284
181 293
181 294
181 300
182 7
182 10
182 36
182 48
182 109
182 123
182 140
182 149
182 159
182 199
182 201
182 224
182 229
182 278
182 295
182 296
183 52
183 54
183 78
183 81
183 120
183 141
183 150
183 159
183 197
183 200
183 207
183 231
184 1
184 10
184 17
184 22
184 93
184 110
184 181
184 207
184 227
184 238
184 262
184 264
184 299
184 300
185 1
185 11
185 16
185 19
185 21
185 32
185 36
185 39
185 66
185 139
185 163
185 182
185 195
185 203
185 208
185 237
185 245
185 249
185 251
185 281
185 293
186 8
186 23
186 33
186 48
186 79
186 81
186 121
186 126
186 131
186 156
186 161
186 179
186 188
186 195
186 211
186 217
186 233
186 263
186 291
186 295
187 1
187 4
187 19
187 54
187 58
187 60
187 82
187 94
187 112
187 113
187 118
187 137
187 148
187 160
187 166
187 213
187 239
187 254
187 256
187 286
187 288
188 8
188 18
188 59
188 82
188 110
188 136
188 149
188 205
188 213
188 231
188 259
188 260
188 298
189 14
189 15
189 26
189 30
189 45
189 51
189 62
189 69
189 97
189 110
189 119
189 130
189 168
189 173
189 177
189 186
189 217
189 226
189 240
189 291
190 1
190 15
190 51
190 64
190 84
190 85
190 106
190 120
190 124
190 147
190 155
190 181
190 193
190 202
190 238
190 239
190 256
190 291
190 300
191 3
191 5
191 51
191 55
191 105
191 120
191 128
191 137
191 140
191 152
191 160
191 162
191 167
191 184
191 187
191 196
191 198
191 211
191 270
191 271
191 290
192 44
192 62
192 80
192 100
192 112
192 115
192 129
192 131
192 164
192 176
192 178
192 183
192 188
192 198
192 226
192 266
192 273
192 289
193 5
193 15
193 18
193 59
193 87
193 109
193 122
193 153
193 163
193 167
193 172
193 178
193 208
193 210
193 290
194 16
194 29
194 40
194 76
194 85
194 104
194 139
194 157
194 198
194 217
194 218
194 224
194 231
194 233
194 249
194 255
194 259
194 265
194 282
195 19
195 29
195 36
195 48
195 57
195 86
195 92
195 96
195 104
195 164
195 174
195 221
195 234
195 253
195 257
195 267
195 294
196 1
196 83
196 97
196 127
196 128
196 133
196 172
196 195
196 200
196 204
196 206
196 221
196 232
196 233
196 249
196 260
196 291
196 300
197 15
197 41
197 48
197 73
197 90
197 103
197 113
197 114
197 127
197 146
197 165
197 171
197 181
197 240
197 276
198 4
198 28
198 42
198 48
198 78
198 97
198 113
198 161
198 178
198 188
198 201
198 211
198 228
198 233
198 239
198 244
198 245
198 279
199 8
199 23
199 50
199 80
199 88
199 103
199 115
199 128
199 146
199 188
199 192
199 253
199 259
199 263
199 264
199 299
199 300
200 16
200 29
200 36
200 38
200 78
200 108
200 130
200 136
200 137
200 159
200 164
200 199
200 236
200 261
201 23
201 32
201 59
201 101
201 104
201 105
201 122
201 170
201 177
201 200
201 215
201 232
201 233
201 240
201 242
201 296
202 10
202 12
202 21
202 32
202 41
202 49
202 64
202 77
202 92
202 99
202 105
202 108
202 114
202 126
202 131
202 208
202 215
202 240
202 247
202 257
202 261
202 274
202 281
202 296
203 3
203 11
203 24
203 61
203 70
203 73
203 110
203 116
203 119
203 147
203 153
203 174
203 194
203 196
203 230
203 238
203 242
203 248
203 285
203 289
203 299
204 2
204 24
204 25
204 37
204 66
204 69
204 84
204 110
204 146
204 166
204 167
204 190
204 224
204 226
204 239
204 296
205 2
205 8
205 9
205 23
205 54
205 62
205 117
205 126
205 154
205 185
205 193
205 202
205 225
205 237
205 289
205 296
206 7
206 8
206 19
206 23
206 26
206 65
206 83
206 113
206 124
206 157
206 173
206 178
206 272
206 277
206 282
206 285
206 296
207 21
207 40
207 46
207 51
207 78
207 98
207 107
207 140
207 143
207 148
207 156
207 160
207 168
207 173
207 174
207 178
207 179
207 201
207 224
207 233
207 257
207 286
208 18
208 34
208 50
208 70
208 100
208 164
208 205
208 227
208 234
208 250
208 300
209 5
209 17
209 28
209 42
209 51
209 102
209 108
209 125
209 138
209 149
209 159
209 168
209 174
209 214
209 215
209 249
209 281
210 4
210 13
210 16
210 34
210 54
210 72
210 92
210 182
210 208
210 229
210 235
210 264
210 268
210 300
211 8
211 14
211 33
211 44
211 86
211 96
211 104
211 123
211 147
211 164
211 173
211 181
211 205
211 296
212 1
212 3
212 7
212 25
212 66
212 82
212 96
212 111
212 118
212 165
212 183
212 184
212 186
212 193
212 227
212 235
212 267
213 8
213 62
213 63
213 92
213 142
213 148
213 155
213 176
213 222
213 224
213 231
213 243
213 270
213 283
213 284
214 7
214 35
214 36
214 44
214 70
214 118
214 126
214 151
214 153
214 164
214 179
214 189
214 191
214 237
214 247
214 293
215 24
215 33
215 36
215 43
215 89
215 103
215 132
215 175
215 189
215 191
215 203
215 228
215 259
215 275
215 289
215 298
216 10
216 15
216 43
216 49
216 66
216 83
216 91
216 107
216 132
216 134
216 196
216 200
216 202
216 289
216 290
216 291
216 294
217 7
217 37
217 40
217 45
217 54
217 61
217 65
217 66
217 73
217 81
217 82
217 152
217 162
217 199
217 210
217 234
217 250
217 253
217 281
217 289
218 2
218 3
218 74
218 106
218 107
218 213
218 224
218 234
218 238
218 266
218 267
218 275
218 298
219 9
219 27
219 37
219 41
219 58
219 96
219 110
219 132
219 145
219 148
219 151
219 186
219 187
219 212
219 216
219 220
219 232
219 241
219 243
219 287
220 20
220 24
220 30
220 57
220 62
220 144
220 169
220 181
220 223
220 237
220 239
220 242
220 264
220 270
220 286
220 289
221 10
221 41
221 57
221 63
221 69
221 84
221 86
221 170
221 179
221 206
221 210
221 252
221 253
221 256
221 271
222 9
222 18
222 21
222 26
222 84
222 92
222 120
222 131
222 152
222 154
222 171
222 182
222 260
222 272
222 279
222 282
223 5
223 25
223 30
223 32
223 34
223 41
223 59
223 99
223 168
223 179
223 184
223 194
223 202
223 214
223 228
223 266
223 281
224 8
224 20
224 45
224 49
224 58
224 68
224 93
224 94
224 116
224 117
224 157
224 159
224 172
224 186
224 199
224 202
224 208
224 261
224 262
224 263
224 288
224 289
225 21
225 34
225 39
225 67
225 105
225 120
225 131
225 135
225 156
225 158
225 160
225 180
225 186
225 189
225 198
225 241
225 283
225 294
226 29
226 42
226 70
226 82
226 112
226 157
226 172
226 190
226 201
226 207
226 209
226 214
226 216
226 238
226 239
226 242
226 255
226 281
226 292
227 4
227 27
227 33
227 37
227 66
227 71
227 76
227 85
227 103
227 116
227 129
227 145
227 153
227 169
227 183
227 214
227 232
227 240
227 271
227 273
227 300
228 53
228 61
228 69
228 82
228 112
228 126
228 134
228 149
228 172
228 180
228 188
228 199
228 247
228 256
228 266
228 282
228 296
229 3
229 53
229 76
229 107
229 129
229 147
229 159
229 173
229 220
229 222
229 252
229 254
229 264
229 266
229 268
229 278
229 279
230 57
230 77
230 87
230 95
230 114
230 154
230 168
230 179
230 198
230 226
230 294
231 16
231 26
231 27
231 42
231 49
231 92
231 107
231 197
231 202
231 271
231 294
232 34
232 52
232 54
232 83
232 116
232 162
232 172
232 176
232 234
233 8
233 40
233 60
233 82
233 108
233 120
233 166
233 181
233 267
233 279
234 65
234 67
234 71
234 97
234 161
234 162
234 178
234 180
234 210
234 211
234 214
234 230
234 288
234 299
235 1
235 5
235 54
235 61
235 65
235 96
235 102
235 128
235 130
235 136
235 178
235 187
235 201
235 215
235 222
235 241
235 281
235 300
236 5
236 17
236 18
236 25
236 34
236 42
236 52
236 67
236 80
236 115
236 116
236 159
236 165
236 170
236 193
236 203
236 205
236 242
236 258
236 274
236 289
236 293
236 294
237 69
237 75
237 97
237 133
237 137
237 147
237 153
237 187
237 211
237 230
237 252
237 273
237 283
238 3
238 26
238 29
238 47
238 48
238 115
238 131
238 174
238 181
238 205
238 212
238 219
238 222
238 236
238 247
238 252
238 255
238 264
238 278
238 280
238 290
238 296
238 298
239 57
239 65
239 66
239 69
239 79
239 115
239 123
239 158
239 176
239 178
239 192
239 242
239 264
239 268
239 271
239 272
240 19
240 34
240 77
240 98
240 118
240 138
240 166
240 183
240 196
240 225
241 6
241 31
241 53
241 66
241 67
241 79
241 84
241 92
241 96
241 107
241 110
241 117
241 120
241 127
241 156
241 165
241 212
241 239
241 284
242 3
242 9
242 32
242 41
242 55
242 89
242 113
242 116
242 117
242 170
242 183
242 211
242 216
242 249
242 266
242 284
243 29
243 38
243 44
243 57
243 93
243 111
243 112
243 168
243 178
243 186
243 220
243 235
243 244
243 253
243 273
243 276
244 6
244 89
244 97
244 108
244 110
244 115
244 121
244 127
244 137
244 141
244 207
244 208
244 212
244 229
244 233
244 255
244 291
245 24
245 31
245 38
245 44
245 72
245 74
245 107
245 109
245 133
245 150
245 160
245 163
245 167
245 176
245 184
245 196
245 213
245 229
245 240
245 275
246 21
246 41
246 44
246 50
246 68
246 89
246 100
246 107
246 110
246 117
246 118
246 122
246 123
246 152
246 183
246 210
246 263
246 267
246 283
247 3
247 23
247 87
247 147
247 156
247 166
247 171
247 185
247 189
247 217
247 231
248 28
248 30
248 31
248 48
248 51
248 121
248 185
248 186
248 199
248 209
248 226
248 270
248 275
248 276
248 292
248 299
249 3
249 11
249 13
249 25
249 31
249 34
249 35
249 38
249 40
249 48
249 54
249 77
249 83
249 100
249 105
249 114
249 148
249 165
249 175
249 176
249 201
249 236
249 250
249 252
249 258
249 281
249 294
250 14
250 25
250 52
250 56
250 87
250 105
250 116
250 149
250 179
250 190
250 241
250 296
251 21
251 23
251 24
251 26
251 39
251 44
251 63
251 72
251 89
251 97
251 111
251 114
251 143
251 144
251 175
251 189
251 233
251 249
251 274
251 287
252 1
252 35
252 69
252 98
252 99
252 116
252 153
252 159
252 200
252 242
252 257
252 261
253 63
253 68
253 96
253 126
253 140
253 178
253 200
253 259
253 268
253 282
253 288
253 292
253 297
253 298
253 300
254 2
254 20
254 41
254 44
254 63
254 64
254 73
254 84
254 86
254 132
254 151
254 154
254 181
254 193
254 197
254 213
254 216
254 217
254 286
254 295
255 28
255 42
255 99
255 116
255 136
255 165
255 193
255 211
255 218
255 227
255 228
255 257
255 274
256 17
256 65
256 70
256 74
256 95
256 100
256 111
256 113
256 131
256 159
256 170
256 171
256 176
256 178
256 218
256 254
256 258
256 272
256 273
256 284
256 294
257 33
257 39
257 60
257 84
257 85
257 87
257 88
257 92
257 106
257 141
257 183
257 194
257 198
257 203
257 232
257 234
257 241
257 251
257 277
257 282
258 3
258 5
258 7
258 9
258 19
258 56
258 79
258 93
258 141
258 156
258 177
258 210
258 235
258 240
258 247
258 292
259 2
259 7
259 79
259 104
259 123
259 146
259 154
259 189
259 230
259 272
259 284
260 33
260 35
260 43
260 44
260 51
260 73
260 106
260 147
260 171
260 174
260 180
260 187
260 189
260 244
260 247
260 258
261 1
261 7
261 10
261 24
261 29
261 76
261 106
261 123
261 140
261 143
261 154
261 169
261 186
261 209
261 217
261 233
261 268
261 273
261 279
261 290
262 3
262 12
262 16
262 72
262 76
262 108
262 136
262 190
262 234
262 241
262 252
262 283
263 17
263 26
263 32
263 33
263 63
263 98
263 99
263 105
263 151
263 152
263 178
263 182
263 236
263 239
263 240
263 252
263 296
264 77
264 129
264 170
264 174
264 231
264 247
264 252
264 255
264 289
265 12
265 14
265 37
265 64
265 82
265 106
265 114
265 138
265 156
265 160
265 171
265 172
265 202
265 220
265 230
265 247
265 279
265 291
266 22
266 32
266 34
266 79
266 80
266 108
266 145
266 179
266 227
266 238
267 22
267 23
267 24
267 47
267 56
267 60
267 76
267 83
267 110
267 124
267 127
267 144
267 188
267 243
267 249
267 259
267 289
268 30
268 33
268 45
268 50
268 66
268 71
268 80
268 86
268 93
268 114
268 137
268 158
268 209
268 259
268 287
268 291
268 296
269 1
269 7
269 9
269 12
269 87
269 88
269 162
269 165
269 171
269 172
269 181
269 194
269 209
269 275
269 295
270 1
270 45
270 47
270 57
270 65
270 86
270 97
270 102
270 116
270 140
270 152
270 167
270 195
270 234
270 239
270 246
270 251
270 277
270 300
271 4
271 62
271 68
271 94
271 96
271 110
271 112
271 118
271 123
271 124
271 126
271 174
271 177
271 198
271 204
271 213
271 229
271 268
271 272
271 293
272 41
272 42
272 83
272 94
272 119
272 130
272 139
272 145
272 151
272 172
272 177
272 178
272 189
272 190
272 226
272 241
272 242
272 252
272 255
272 270
272 276
272 282
273 9
273 21
273 79
273 80
273 109
273 111
273 118
273 132
273 136
273 145
273 146
273 150
273 157
273 160
273 180
273 224
273 233
273 249
273 265
273 271
273 276
273 293
273 294
274 5
274 22
274 32
274 80
274 97
274 139
274 145
274 149
274 152
274 167
274 206
274 228
274 230
274 246
274 256
274 261
274 277
274 280
274 288
274 296
275 4
275 6
275 51
275 85
275 98
275 104
275 110
275 117
275 130
275 135
275 142
275 147
275 156
275 162
275 181
275 195
275 203
275 221
275 234
275 263
275 267
275 271
275 282
275 293
276 22
276 37
276 67
276 72
276 74
276 78
276 79
276 94
276 97
276 103
276 114
276 144
276 193
276 195
276 203
276 204
276 209
276 218
276 220
276 241
276 251
276 255
276 265
276 277
276 296
277 2
277 4
277 28
277 30
277 50
277 51
277 64
277 81
277 98
277 105
277 140
277 230
277 262
277 268
277 279
277 286
278 36
278 58
278 83
278 85
278 99
278 119
278 168
278 185
278 188
278 203
278 204
278 246
278 255
278 256
278 276
279 55
279 82
279 122
279 126
279 138
279 160
279 163
279 167
279 199
279 223
279 226
279 228
279 247
279 255
279 274
279 276
279 288
280 36
280 43
280 44
280 58
280 62
280 80
280 83
280 98
280 109
280 128
280 139
280 145
280 167
280 211
280 219
280 226
280 255
280 259
280 279
280 289
281 1
281 6
281 12
281 36
281 45
281 59
281 69
281 79
281 96
281 169
281 173
281 174
281 193
281 208
281 215
281 239
281 279
281 280
281 285
282 10
282 25
282 46
282 52
282 64
282 68
282 99
282 131
282 164
282 168
282 181
282 225
282 256
282 265
282 277
282 293
283 1
283 9
283 11
283 23
283 57
283 58
283 60
283 67
283 69
283 75
283 130
283 131
283 132
283 144
283 152
283 211
283 224
283 228
283 234
283 240
283 250
283 273
283 295
284 11
284 19
284 90
284 96
284 116
284 132
284 137
284 151
284 153
284 163
284 189
284 191
284 196
284 202
284 212
284 273
284 288
284 290
285 30
285 46
285 53
285 57
285 75
285 92
285 99
285 123
285 136
285 193
285 220
285 269
285 276
285 282
285 289
285 292
286 17
286 21
286 42
286 85
286 117
286 118
286 152
286 177
286 218
286 241
286 247
286 271
286 276
287 6
287 10
287 25
287 45
287 65
287 103
287 147
287 194
287 212
287 226
287 228
287 236
287 252
287 253
287 255
287 280
288 10
288 28
288 29
288 38
288 61
288 75
288 107
288 125
288 134
288 169
288 189
288 193
288 237
288 249
288 272
288 276
288 281
289 31
289 75
289 76
289 104
289 113
289 126
289 193
289 196
289 197
289 210
289 247
289 269
289 287
290 1
290 2
290 71
290 88
290 123
290 124
290 138
290 141
290 153
290 185
290 195
290 203
290 204
290 221
290 264
290 271
290 280
290 294
291 10
291 27
291 28
291 38
291 69
291 85
291 114
291 184
291 185
291 202
291 228
291 254
291 255
291 276
291 280
291 288
292 11
292 19
292 30
292 63
292 69
292 72
292 87
292 89
292 109
292 137
292 140
292 149
292 150
292 213
292 220
292 227
292 238
292 257
292 280
293 32
293 41
293 77
293 80
293 81
293 90
293 130
293 134
293 136
293 137
293 152
293 172
293 184
293 194
293 207
293 225
293 232
293 248
293 258
293 281
293 289
294 5
294 23
294 28
294 29
294 55
294 61
294 97
294 107
294 111
294 112
294 143
294 148
294 155
294 166
294 189
294 201
294 222
294 229
294 258
294 267
294 269
294 282
295 1
295 2
295 17
295 42
295 44
295 51
295 63
295 76
295 94
295 123
295 132
295 133
295 135
295 258
296 25
296 131
296 135
296 179
296 216
296 223
296 241
296 258
296 284
296 297
297 30
297 43
297 47
297 49
297 50
297 123
297 150
297 160
297 163
297 221
297 235
297 251
297 259
297 293
298 5
298 14
298 29
298 41
298 45
298 59
298 84
298 90
298 115
298 116
298 156
298 189
298 190
299 24
299 27
299 34
299 38
299 39
299 40
299 61
299 64
299 65
299 70
299 79
299 84
299 104
299 109
299 116
299 150
299 155
299 161
299 169
299 197
299 206
299 220
299 231
299 236
299 246
299 300
300 2
300 13
300 53
300 83
300 114
300 116
300 118
300 120
300 121
300 135
300 138
300 150
300 158
300 165
300 185
300 206
300 228
300 264
300 268
300 296

