300 1000
107 88 79 46 116 23 95 44 29 45 76 38 32 94 45 104 28 102 71 20 89 28 49 111 33 91 83 106 81 90 38 33 118 35 50 50 97 114 45 35 59 24 77 87 54 70 85 106 46 62 67 78 36 66 115 99 117 56 46 36 110 69 53 80 41 57 82 24 96 53 57 116 29 80 36 78 114 94 48 75 113 91 43 116 102 97 36 26 88 69 88 43 29 97 113 71 110 48 76 114 55 110 106 84 100 89 109 32 84 93 87 116 82 101 20 63 48 87 44 83 96 27 82 35 28 43 81 106 76 57 92 114 88 115 37 60 39 93 68 70 26 83 89 57 92 40 23 90 82 54 77 75 39 32 58 42 30 33 73 113 113 59 106 115 29 59 49 38 105 29 87 70 93 101 49 72 47 38 65 62 33 66 36 105 49 51 65 108 96 115 51 37 96 58 112 75 120 57 29 111 77 37 92 56 62 49 24 28 47 98 87 81 33 98 63 41 55 118 113 98 54 57 111 43 56 33 25 103 57 43 76 120 58 117 41 42 60 78 93 110 37 82 70 63 108 38 93 49 119 82 82 27 96 71 42 109 51 50 118 104 92 92 20 32 62 32 92 116 60 65 20 27 44 25 85 44 69 60 60 55 48 92 84 107 117 97 103 54 112 31 40 56 103 73 93 23 74 39 115 24 
2 35
2 68
2 161
3 22
3 28
3 116
3 154
3 185
4 67
4 80
4 141
4 148
4 275
5 14
5 62
5 69
5 198
5 237
5 258
6 255
6 258
7 216
7 288
8 2
8 33
8 56
8 237
9 62
9 142
9 203
9 250
9 300
10 136
10 190
10 253
10 295
11 24
11 26
11 55
12 170
12 267
13 54
13 70
13 283
14 55
14 138
14 184
14 209
14 235
15 46
15 48
15 68
15 278
15 291
16 85
16 87
16 150
16 242
17 134
17 206
18 67
19 102
19 167
19 231
19 280
20 46
20 48
20 231
20 295
21 19
21 32
21 144
22 169
22 298
23 114
23 272
23 287
24 204
24 222
25 15
26 106
26 131
26 134
26 165
26 174
27 54
27 173
28 38
28 81
28 295
29 59
29 148
29 205
29 229
29 236
29 255
30 2
30 92
30 206
30 281
31 119
31 270
31 280
32 209
33 55
33 69
33 127
34 3
34 12
34 60
34 251
34 261
35 21
35 179
35 256
36 83
36 259
37 40
37 274
37 293
38 64
38 67
38 113
38 243
39 80
39 189
40 131
40 169
40 192
40 203
41 36
41 258
41 268
42 87
42 133
42 149
43 4
43 260
44 98
44 121
44 177
44 188
44 267
44 272
45 147
45 194
45 244
46 18
46 60
46 169
46 241
47 158
47 256
47 265
47 274
48 154
48 251
49 81
49 174
49 294
50 3
50 46
50 103
50 142
50 197
50 227
50 286
51 55
51 71
51 114
51 143
51 199
51 257
52 179
53 45
53 48
53 107
53 112
54 161
54 265
55 32
55 84
55 119
56 45
56 83
56 143
56 170
56 284
57 108
57 118
57 128
57 142
58 57
58 287
59 8
59 32
59 249
60 253
61 42
61 84
61 172
61 273
62 49
62 174
62 226
62 235
62 292
63 88
63 121
63 187
64 51
64 253
65 76
65 90
65 101
65 169
66 47
66 161
66 181
67 13
67 30
67 36
67 178
67 218
67 237
67 274
68 37
68 197
68 267
69 132
69 267
69 274
69 287
70 195
71 108
71 250
71 260
72 92
72 143
72 286
73 8
73 146
74 117
74 130
74 155
75 14
75 110
75 198
76 52
76 164
76 198
77 64
78 193
78 280
79 81
79 128
79 270
80 21
80 35
80 167
80 207
80 217
81 66
81 136
81 174
81 226
81 253
82 136
83 93
83 135
83 214
84 31
84 64
84 118
84 145
84 232
84 264
85 54
85 146
85 148
85 158
85 227
85 263
85 286
86 55
86 170
86 250
87 74
87 188
87 253
88 56
88 142
88 165
88 244
89 74
89 239
90 142
91 60
91 114
91 123
91 177
91 205
91 210
91 252
91 275
91 296
92 12
93 11
93 180
93 204
93 229
93 265
94 74
94 130
94 171
94 197
94 290
95 179
95 283
96 73
96 107
96 169
96 209
96 213
96 272
96 274
97 183
97 285
99 37
99 57
99 151
99 153
99 228
100 95
100 114
100 216
100 288
101 46
101 162
101 185
102 110
102 215
103 55
103 72
103 85
103 141
103 169
103 289
104 136
104 280
105 38
105 180
107 73
107 124
107 297
108 29
109 111
109 142
109 186
110 37
110 183
111 9
112 64
112 167
112 176
112 200
112 201
112 282
113 8
113 59
113 86
113 228
113 244
113 254
114 205
115 1
116 32
116 121
116 151
116 176
117 189
118 56
118 269
119 14
119 159
119 196
119 254
120 11
120 42
120 60
120 142
120 172
120 185
120 190
120 207
120 268
121 60
121 195
121 237
121 262
122 88
122 90
122 269
123 137
123 141
123 145
124 283
125 22
125 99
125 180
126 147
126 196
126 242
127 162
127 264
128 9
128 47
128 60
128 149
128 249
128 293
129 81
129 143
129 153
129 282
130 2
131 1
131 109
131 161
131 280
132 83
132 125
132 183
132 190
133 23
133 88
133 119
133 159
134 126
134 212
135 46
135 93
135 235
135 263
137 72
137 119
137 204
138 190
138 235
138 251
139 11
139 50
139 169
140 224
140 276
141 207
141 263
141 282
143 45
143 93
143 140
143 150
143 227
144 3
144 145
144 168
144 204
145 68
145 81
145 159
145 170
146 175
146 199
147 2
147 83
147 257
147 265
148 7
148 75
148 86
148 112
148 140
149 141
149 151
149 225
150 41
150 75
150 119
150 170
150 265
150 289
150 291
151 20
151 106
151 163
151 263
151 296
152 17
152 192
152 205
152 246
154 185
154 211
154 218
154 232
154 273
154 289
155 165
155 183
156 58
156 77
156 158
156 290
157 24
157 276
158 118
158 157
158 201
159 121
159 243
160 19
160 32
160 61
160 145
160 218
161 25
161 149
162 134
162 148
162 152
162 222
163 105
163 196
163 218
164 10
164 17
164 131
164 132
164 186
164 290
165 78
165 148
166 31
166 81
166 202
166 204
166 218
166 253
166 279
166 293
167 72
167 130
167 171
168 39
168 48
168 88
169 121
169 163
169 259
169 265
170 44
170 217
170 242
171 209
172 28
172 44
172 96
172 133
172 188
173 71
173 115
173 135
173 208
174 50
174 114
174 228
174 255
175 38
175 119
175 212
175 292
175 294
176 154
177 31
178 3
178 151
178 225
178 300
179 253
180 30
180 97
180 132
180 232
180 240
180 297
181 40
181 43
181 92
181 179
182 41
182 151
182 171
182 212
183 91
183 107
183 295
184 6
184 107
184 169
184 231
184 258
185 96
185 256
186 49
186 68
186 80
186 125
186 143
186 166
186 266
187 14
187 29
187 69
188 32
189 33
189 69
189 109
190 25
190 37
191 33
191 90
191 93
191 127
191 205
191 281
192 115
192 143
193 19
193 25
193 216
194 8
195 20
195 118
195 209
195 240
196 65
196 68
196 121
196 141
196 253
197 189
197 227
197 242
198 15
198 183
198 257
199 123
199 160
199 242
200 81
200 246
201 5
201 43
201 66
201 174
201 178
201 257
201 269
201 284
202 46
202 124
202 153
202 282
202 299
203 14
203 54
203 219
203 264
203 274
203 279
205 160
206 40
206 112
206 233
207 2
207 199
207 290
208 66
208 93
208 189
209 46
209 49
209 136
209 145
209 228
209 251
209 289
211 47
212 76
212 126
212 204
213 27
213 80
213 182
213 241
213 252
213 272
214 9
214 34
214 161
214 211
214 254
214 263
215 26
215 130
215 154
215 184
215 206
215 240
216 30
217 163
218 15
218 83
218 298
219 6
219 21
219 74
219 154
219 269
219 273
220 64
220 79
220 83
220 139
220 252
220 256
221 230
222 70
223 159
223 166
223 195
223 218
223 282
223 298
224 12
224 124
225 24
225 49
225 114
226 298
227 71
227 222
227 263
227 299
228 39
228 59
228 187
228 204
228 233
228 235
229 73
229 94
229 100
229 122
229 232
229 268
230 25
230 142
230 144
230 147
230 157
230 174
230 294
231 36
231 50
231 221
231 253
232 25
232 110
232 248
232 282
232 293
233 5
233 32
233 112
234 88
234 211
234 259
234 269
235 27
235 130
235 229
236 13
236 39
236 96
237 60
237 131
238 17
238 102
238 142
239 41
239 99
239 104
240 190
240 270
240 288
241 227
241 231
241 297
242 49
242 70
242 104
242 168
242 174
242 229
242 278
243 78
243 90
243 111
243 239
244 30
244 160
245 15
245 162
245 183
247 109
247 152
248 48
248 76
248 77
249 234
250 273
251 32
251 45
251 49
251 52
251 54
251 137
251 167
251 264
251 268
252 36
252 84
252 190
253 129
253 222
254 64
254 72
254 193
254 213
255 31
255 83
255 188
255 228
255 272
256 119
256 267
257 94
257 239
257 288
258 59
258 62
258 80
258 197
258 246
258 278
259 115
259 160
259 256
260 2
260 141
261 19
261 256
261 279
262 6
262 15
262 35
262 44
262 47
262 103
262 107
262 167
262 192
262 255
262 256
264 53
265 1
266 99
266 181
266 231
267 2
267 150
267 235
267 255
268 102
268 248
269 81
269 218
270 181
271 54
271 112
271 177
271 212
271 267
272 66
272 72
272 79
272 209
273 137
273 180
273 270
273 287
274 101
274 130
274 152
275 115
275 207
275 290
276 41
276 55
276 70
277 193
278 5
278 29
278 33
278 51
278 53
278 269
279 92
279 101
279 156
279 245
280 173
281 38
281 61
281 89
281 96
281 253
282 9
282 31
282 144
282 162
283 152
283 248
283 252
284 113
284 156
284 157
284 165
285 82
286 42
286 110
287 48
287 199
287 242
287 252
288 166
289 68
289 190
290 62
290 83
290 106
290 117
291 112
291 226
291 241
292 220
292 296
293 41
293 115
293 224
294 131
294 160
294 290
294 292
294 293
295 89
295 96
295 126
295 192
295 228
296 273
297 12
297 25
297 69
297 109
297 260
297 266
298 17
298 51
298 65
298 297
299 52
299 66
299 248
300 12
300 21
300 77
300 80
300 219

