300 5000
65 45 108 22 114 54 45 97 107 35 109 120 111 46 81 110 84 93 52 21 83 91 63 85 115 62 55 98 120 60 116 97 35 70 93 73 75 109 104 119 56 119 49 39 60 37 56 36 64 56 66 45 49 56 85 86 100 38 89 90 110 94 63 52 25 32 20 97 90 85 90 43 63 41 64 91 51 90 66 92 64 84 40 76 70 114 77 98 85 21 84 107 115 107 52 80 33 87 41 21 52 35 46 98 103 91 80 101 49 88 54 94 99 28 35 47 50 116 36 117 90 120 38 26 32 51 80 38 93 63 62 57 103 35 69 81 66 30 43 109 114 25 96 87 115 60 91 114 23 35 76 64 120 22 69 47 79 57 32 24 43 80 52 74 66 96 76 89 73 94 25 117 52 40 34 96 27 39 91 116 39 32 50 75 117 108 59 92 73 53 98 63 57 57 75 24 108 61 106 76 116 61 84 108 32 48 103 62 118 111 96 53 32 25 108 50 25 82 60 77 112 56 64 47 97 51 110 45 112 97 61 116 51 111 50 82 119 98 29 109 45 63 118 101 92 93 77 80 52 79 120 107 37 58 112 72 74 112 59 66 60 74 110 23 118 50 57 90 25 64 118 86 99 94 118 99 100 20 77 101 82 118 76 83 103 49 117 37 46 59 99 100 75 88 68 29 45 76 54 55 
1 14
1 39
1 43
1 58
1 67
1 83
1 101
1 113
1 121
1 124
1 172
1 192
1 198
1 201
1 217
1 219
1 246
1 250
1 255
1 267
1 277
1 289
2 20
2 21
2 30
2 52
2 93
2 117
2 137
2 152
2 168
2 180
2 187
2 189
2 195
2 209
2 210
2 218
2 242
2 259
3 2
3 57
3 66
3 69
3 83
3 87
3 96
3 99
3 110
3 117
3 126
3 129
3 132
3 145
3 153
3 187
3 209
3 212
3 224
3 246
3 274
3 276
4 2
4 19
4 20
4 39
4 43
4 76
4 148
4 157
4 174
4 193
4 197
4 222
4 228
4 259
4 268
4 270
4 277
4 290
4 295
5 6
5 13
5 21
5 49
5 97
5 100
5 104
5 123
5 128
5 130
5 135
5 143
5 155
5 156
5 169
5 171
5 208
5 209
5 245
5 260
5 264
5 280
5 291
6 3
6 84
6 94
6 104
6 113
6 117
6 162
6 169
6 176
6 177
6 194
6 215
6 216
6 217
6 220
6 253
6 271
7 10
7 88
7 101
7 127
7 134
7 137
7 142
7 204
7 240
7 265
7 288
8 23
8 36
8 98
8 100
8 109
8 127
8 149
8 151
8 240
8 272
8 285
9 33
9 37
9 123
9 150
9 153
9 179
9 205
9 210
9 236
9 245
9 257
10 12
10 32
10 62
10 63
10 70
10 83
10 119
10 122
10 129
10 164
10 178
10 181
10 205
10 263
10 273
10 278
11 8
11 15
11 22
11 29
11 54
11 73
11 100
11 116
11 126
11 129
11 140
11 145
11 151
11 154
11 161
11 165
11 174
11 179
11 183
11 193
11 210
11 226
11 230
11 231
11 268
11 270
11 287
12 47
12 48
12 51
12 84
12 90
12 98
12 145
12 164
12 178
12 200
12 201
12 219
12 223
12 237
12 244
12 272
12 273
12 286
13 14
13 35
13 86
13 112
13 126
13 129
13 144
13 164
13 168
13 170
13 193
13 199
13 217
13 222
13 243
13 260
14 7
14 9
14 15
14 107
14 122
14 124
14 130
14 139
14 160
14 172
14 187
14 196
14 200
14 234
14 263
15 4
15 30
15 37
15 46
15 61
15 89
15 92
15 99
15 116
15 129
15 145
15 156
15 176
15 182
15 187
15 189
15 253
15 266
15 285
15 299
16 37
16 54
16 65
16 77
16 85
16 124
16 139
16 164
16 190
16 224
16 228
16 231
16 243
16 270
16 277
16 280
16 292
16 300
17 7
17 16
17 20
17 65
17 119
17 163
17 175
17 196
17 209
17 214
17 221
17 235
17 260
17 264
17 266
18 11
18 28
18 30
18 34
18 69
18 120
18 145
18 156
18 172
18 194
18 200
18 201
18 204
18 210
18 218
18 244
18 261
18 269
18 281
18 285
19 9
19 69
19 79
19 91
19 109
19 117
19 213
19 215
19 216
19 226
19 235
19 287
20 16
20 40
20 73
20 77
20 92
20 115
20 130
20 218
20 224
20 248
20 265
20 286
21 63
21 67
21 80
21 88
21 103
21 122
21 138
21 162
21 194
21 201
21 207
21 209
21 217
21 220
21 224
21 236
22 14
22 21
22 28
22 54
22 55
22 78
22 108
22 114
22 130
22 132
22 144
22 166
22 170
22 205
22 273
22 285
22 295
23 35
23 36
23 44
23 82
23 93
23 117
23 147
23 211
23 243
23 249
23 252
23 253
23 273
23 297
23 300
24 73
24 127
24 177
24 191
24 222
24 227
24 285
25 2
25 3
25 11
25 44
25 85
25 95
25 100
25 132
25 134
25 138
25 142
25 151
25 155
25 198
25 202
25 212
25 252
26 22
26 25
26 63
26 88
26 105
26 107
26 119
26 140
26 170
26 195
26 214
26 221
26 226
26 254
26 269
26 271
26 273
26 280
27 44
27 56
27 80
27 89
27 131
27 135
27 137
27 138
27 143
27 152
27 162
27 165
27 187
27 194
27 201
27 213
27 255
27 261
27 279
27 295
28 1
28 23
28 31
28 32
28 78
28 131
28 171
28 247
28 252
28 257
28 267
28 278
28 284
28 293
28 299
29 23
29 24
29 26
29 37
29 51
29 64
29 93
29 108
29 118
29 145
29 158
29 180
29 186
29 190
29 225
29 231
29 252
29 284
29 294
30 26
30 74
30 116
30 119
30 128
30 133
30 150
30 154
30 160
30 163
30 187
30 196
30 211
30 216
30 232
30 299
31 86
31 90
31 102
31 122
31 130
31 146
31 177
31 194
31 221
31 231
31 278
32 30
32 46
32 54
32 91
32 108
32 129
32 138
32 152
32 169
32 181
32 183
32 189
32 239
32 245
32 268
33 23
33 68
33 82
33 87
33 99
33 105
33 108
33 110
33 132
33 139
33 152
33 166
33 170
33 204
33 209
33 221
33 233
33 251
33 264
33 272
33 275
33 295
33 300
34 1
34 13
34 21
34 58
34 85
34 107
34 156
34 170
34 191
34 207
34 209
34 225
34 248
34 249
34 252
34 267
34 268
34 276
34 288
35 6
35 8
35 40
35 43
35 59
35 79
35 86
35 93
35 103
35 121
35 159
35 193
35 211
35 216
35 236
35 237
35 251
35 260
35 265
35 276
35 280
35 295
36 43
36 83
36 110
36 111
36 124
36 157
36 201
36 218
36 220
36 246
36 274
36 279
37 23
37 25
37 67
37 70
37 76
37 90
37 92
37 99
37 145
37 168
37 175
37 177
37 181
37 213
37 221
37 280
37 299
38 12
38 20
38 34
38 42
38 98
38 116
38 176
38 181
38 187
38 193
38 212
38 268
39 2
39 9
39 16
39 31
39 35
39 66
39 68
39 80
39 85
39 91
39 131
39 142
39 150
39 186
39 199
39 207
39 239
39 245
40 11
40 34
40 38
40 53
40 57
40 59
40 87
40 106
40 114
40 137
40 162
40 163
40 186
40 195
40 205
40 207
40 208
40 209
40 226
40 254
41 27
41 50
41 59
41 85
41 87
41 90
41 97
41 126
41 131
41 134
41 146
41 148
41 151
41 200
41 212
41 213
41 268
42 15
42 24
42 30
42 57
42 67
42 77
42 89
42 108
42 121
42 131
42 137
42 153
42 173
42 178
42 218
42 259
42 266
42 272
42 283
43 8
43 32
43 54
43 56
43 80
43 86
43 116
43 134
43 138
43 151
43 156
43 159
43 177
43 183
43 212
43 219
43 229
43 287
44 15
44 26
44 108
44 125
44 141
44 164
44 167
44 175
44 191
44 248
44 256
44 291
45 25
45 27
45 41
45 58
45 73
45 89
45 151
45 172
45 185
45 186
45 216
45 221
45 222
45 230
45 235
45 244
45 263
45 269
45 278
45 280
45 290
45 295
45 300
46 11
46 37
46 52
46 86
46 110
46 125
46 130
46 136
46 141
46 144
46 152
46 160
46 167
46 209
46 220
46 239
46 295
47 1
47 32
47 40
47 65
47 70
47 79
47 97
47 129
47 133
47 182
47 223
47 250
47 271
47 272
47 286
48 2
48 8
48 15
48 16
48 45
48 73
48 77
48 92
48 95
48 105
48 149
48 155
48 159
48 162
48 179
48 205
48 233
48 256
48 264
48 265
48 269
48 277
49 3
49 22
49 29
49 107
49 126
49 133
49 144
49 150
49 179
49 185
49 198
49 209
49 213
49 234
49 249
49 293
50 52
50 60
50 84
50 98
50 112
50 124
50 135
50 139
50 142
50 151
50 152
50 194
50 230
50 243
50 257
50 284
51 15
51 27
51 30
51 44
51 50
51 53
51 71
51 92
51 93
51 121
51 147
51 175
51 179
51 194
51 202
51 245
51 270
51 293
52 8
52 30
52 64
52 80
52 83
52 85
52 126
52 141
52 149
52 180
52 181
52 205
52 211
52 212
52 229
52 234
52 242
52 260
52 265
52 269
52 283
53 2
53 13
53 27
53 39
53 45
53 76
53 90
53 98
53 99
53 140
53 157
53 200
53 201
53 206
53 252
53 274
53 277
53 294
54 14
54 51
54 107
54 114
54 123
54 188
54 208
54 214
54 222
54 249
54 255
54 257
54 258
54 262
54 263
55 9
55 17
55 25
55 28
55 32
55 56
55 64
55 100
55 101
55 108
55 131
55 134
55 154
55 157
55 163
55 195
55 196
55 223
55 273
55 287
56 20
56 35
56 54
56 69
56 77
56 92
56 113
56 150
56 153
56 159
56 163
56 169
56 193
56 209
56 237
56 287
57 27
57 34
57 38
57 46
57 49
57 52
57 80
57 87
57 94
57 158
57 167
57 194
57 196
57 204
57 205
57 210
57 242
57 254
57 268
57 275
57 294
57 299
58 9
58 10
58 11
58 28
58 31
58 38
58 79
58 103
58 106
58 150
58 214
58 221
58 233
58 241
58 245
58 269
58 275
59 48
59 49
59 57
59 64
59 69
59 77
59 83
59 128
59 136
59 150
59 158
59 183
59 188
59 250
60 9
60 30
60 31
60 88
60 107
60 121
60 134
60 148
60 153
60 185
60 207
60 209
60 221
60 226
60 242
60 253
60 259
61 3
61 8
61 25
61 26
61 27
61 28
61 66
61 95
61 98
61 132
61 135
61 211
61 217
61 262
61 269
61 298
62 98
62 107
62 126
62 128
62 136
62 165
62 200
62 212
62 249
62 250
62 251
62 257
62 286
63 9
63 62
63 64
63 94
63 115
63 118
63 137
63 223
63 231
63 247
63 272
63 290
64 2
64 9
64 18
64 31
64 41
64 80
64 97
64 100
64 108
64 134
64 141
64 142
64 143
64 166
64 179
64 215
64 240
64 259
64 288
65 9
65 111
65 112
65 155
65 202
65 204
65 223
65 233
65 235
65 237
65 245
65 271
65 275
65 290
65 293
66 11
66 13
66 16
66 25
66 27
66 40
66 54
66 55
66 83
66 117
66 130
66 142
66 218
66 229
66 251
66 257
66 260
67 4
67 52
67 99
67 104
67 132
67 199
67 216
67 218
67 279
67 282
67 286
68 5
68 13
68 38
68 41
68 73
68 87
68 109
68 115
68 121
68 131
68 143
68 150
68 152
68 164
68 180
68 192
68 200
68 213
68 237
68 259
68 263
68 280
68 286
68 299
69 7
69 39
69 43
69 50
69 79
69 82
69 95
69 106
69 120
69 121
69 142
69 162
69 167
69 168
69 224
69 240
69 247
69 254
69 257
70 1
70 22
70 30
70 42
70 54
70 76
70 82
70 128
70 154
70 156
70 189
70 198
70 200
70 212
70 258
70 266
70 268
70 275
70 290
70 294
71 14
71 39
71 53
71 102
71 111
71 117
71 132
71 147
71 157
71 175
71 195
71 231
71 241
71 246
71 256
71 270
71 274
71 283
72 14
72 22
72 54
72 66
72 91
72 95
72 113
72 143
72 147
72 155
72 185
72 188
72 191
72 236
72 239
72 251
72 262
72 264
72 277
72 284
72 296
73 18
73 19
73 25
73 38
73 81
73 93
73 117
73 123
73 133
73 149
73 165
73 211
73 238
73 264
73 268
73 283
73 284
73 290
74 45
74 60
74 62
74 89
74 103
74 109
74 118
74 145
74 166
74 175
74 220
74 221
74 222
74 265
74 289
74 300
75 17
75 25
75 26
75 40
75 47
75 56
75 62
75 63
75 69
75 84
75 86
75 98
75 109
75 140
75 158
75 181
75 198
75 202
75 243
75 244
75 250
75 259
75 260
75 278
75 285
75 287
76 50
76 63
76 96
76 117
76 126
76 136
76 143
76 155
76 168
76 191
76 197
76 205
76 276
76 279
77 11
77 22
77 34
77 50
77 54
77 62
77 68
77 79
77 101
77 104
77 109
77 135
77 147
77 154
77 198
77 205
77 213
77 214
77 217
77 223
77 231
77 251
77 282
77 299
78 16
78 41
78 59
78 62
78 65
78 89
78 91
78 95
78 131
78 135
78 173
78 187
78 189
78 217
78 238
78 254
78 261
78 277
78 287
79 4
79 14
79 86
79 124
79 142
79 146
79 171
79 216
79 261
79 280
79 294
79 300
80 10
80 93
80 157
80 162
80 194
80 268
80 285
80 289
81 4
81 6
81 9
81 47
81 61
81 78
81 92
81 113
81 121
81 156
81 166
81 190
81 198
81 201
81 205
81 223
81 240
81 254
81 269
81 286
81 293
82 2
82 8
82 26
82 28
82 57
82 73
82 86
82 92
82 93
82 96
82 140
82 144
82 148
82 160
82 161
82 182
82 183
82 191
82 207
82 219
82 227
82 262
82 270
83 27
83 34
83 37
83 47
83 50
83 64
83 101
83 102
83 145
83 180
83 214
83 250
83 274
84 5
84 7
84 43
84 44
84 51
84 82
84 107
84 122
84 145
84 155
84 170
84 171
84 176
84 189
84 191
84 244
84 266
84 275
84 291
85 1
85 28
85 30
85 51
85 78
85 83
85 102
85 111
85 139
85 160
85 164
85 194
85 205
85 223
85 228
85 229
85 278
85 283
85 292
86 12
86 28
86 32
86 63
86 81
86 155
86 172
86 204
86 241
86 257
86 263
86 289
86 293
86 299
87 1
87 42
87 64
87 94
87 103
87 117
87 130
87 143
87 156
87 165
87 166
87 179
87 232
87 241
87 258
87 275
87 281
87 290
88 14
88 40
88 41
88 46
88 57
88 64
88 71
88 77
88 112
88 115
88 144
88 158
88 176
88 186
88 192
88 227
88 270
88 289
88 293
89 2
89 31
89 33
89 39
89 49
89 56
89 122
89 125
89 174
89 179
89 205
89 212
89 221
89 267
89 268
89 279
89 283
90 6
90 36
90 55
90 58
90 87
90 100
90 107
90 133
90 179
90 183
90 187
90 223
90 231
90 281
90 294
91 33
91 62
91 68
91 76
91 109
91 112
91 139
91 153
91 178
91 181
91 182
91 188
91 193
91 207
91 231
91 257
91 259
91 261
91 271
91 283
91 284
91 299
92 9
92 24
92 50
92 113
92 139
92 149
92 154
92 169
92 184
92 197
92 223
92 236
92 259
93 16
93 18
93 28
93 41
93 103
93 110
93 115
93 132
93 147
93 175
93 179
93 187
93 197
93 200
93 214
93 237
93 238
93 292
94 53
94 66
94 98
94 126
94 144
94 146
94 165
94 187
94 213
94 228
94 253
95 1
95 12
95 13
95 31
95 40
95 59
95 70
95 82
95 91
95 107
95 116
95 134
95 152
95 196
95 203
95 236
95 237
95 248
95 251
95 278
95 289
95 290
96 63
96 148
96 156
96 162
96 169
96 177
96 195
96 196
96 205
96 226
96 232
96 237
96 250
96 271
96 286
96 288
97 16
97 36
97 43
97 54
97 69
97 77
97 99
97 105
97 115
97 142
97 153
97 168
97 197
97 218
97 227
97 257
97 275
97 284
97 287
97 292
98 19
98 23
98 25
98 48
98 92
98 101
98 136
98 176
98 186
98 219
98 220
98 242
98 244
98 262
99 36
99 64
99 84
99 89
99 114
99 116
99 118
99 120
99 128
99 155
99 156
99 164
99 234
99 274
99 292
99 297
100 12
100 43
100 49
100 59
100 81
100 97
100 109
100 114
100 115
100 119
100 122
100 134
100 138
100 144
100 150
100 154
100 174
100 179
100 189
100 271
100 295
101 26
101 32
101 63
101 69
101 80
101 90
101 134
101 138
101 159
101 206
101 208
101 240
101 242
101 271
101 273
102 5
102 28
102 90
102 109
102 112
102 115
102 151
102 159
102 163
102 170
102 191
102 193
102 206
102 246
102 248
102 269
102 281
102 286
102 300
103 29
103 31
103 48
103 51
103 63
103 77
103 102
103 109
103 141
103 142
103 163
103 189
103 195
103 199
103 238
103 244
103 251
103 264
103 290
103 298
103 299
104 1
104 50
104 63
104 97
104 111
104 115
104 123
104 157
104 271
104 272
104 300
105 18
105 59
105 66
105 112
105 130
105 178
105 184
105 187
105 203
105 209
105 214
105 233
105 259
105 264
105 270
105 286
105 294
106 5
106 20
106 33
106 71
106 80
106 81
106 84
106 118
106 123
106 169
106 181
106 207
106 222
106 226
106 228
106 233
106 282
107 3
107 28
107 59
107 72
107 96
107 99
107 103
107 106
107 118
107 167
107 180
107 234
107 237
107 245
107 253
107 255
107 268
107 274
107 279
107 281
108 3
108 7
108 8
108 59
108 62
108 92
108 99
108 113
108 124
108 128
108 155
108 166
108 211
108 213
108 226
108 229
108 234
108 236
108 261
108 296
109 7
109 62
109 111
109 123
109 141
109 151
109 163
109 167
109 185
109 196
109 208
109 229
109 240
109 241
109 242
109 258
109 277
110 6
110 71
110 100
110 134
110 168
110 171
110 208
110 214
110 225
110 261
110 283
110 290
111 11
111 21
111 32
111 51
111 73
111 76
111 83
111 91
111 95
111 107
111 199
111 203
111 213
111 248
111 276
111 289
112 1
112 20
112 39
112 67
112 82
112 99
112 106
112 108
112 122
112 141
112 142
112 166
112 171
112 180
112 197
112 221
112 229
112 259
112 300
113 19
113 25
113 29
113 30
113 48
113 69
113 116
113 118
113 129
113 145
113 146
113 152
113 156
113 182
113 238
113 262
113 272
113 288
114 16
114 31
114 35
114 84
114 87
114 90
114 125
114 126
114 135
114 149
114 170
114 204
114 205
114 294
115 1
115 6
115 48
115 50
115 66
115 78
115 90
115 96
115 101
115 105
115 106
115 114
115 130
115 144
115 161
115 170
115 205
115 291
116 9
116 24
116 33
116 40
116 44
116 57
116 70
116 76
116 82
116 115
116 119
116 125
116 144
116 166
116 172
116 173
116 177
116 224
116 230
116 239
116 246
116 253
116 255
116 282
116 293
117 4
117 9
117 11
117 12
117 53
117 86
117 102
117 116
117 121
117 134
117 169
117 174
117 175
117 194
117 243
117 267
117 270
117 275
117 277
118 7
118 23
118 37
118 80
118 86
118 109
118 115
118 132
118 141
118 175
118 189
118 204
118 210
118 237
118 255
119 2
119 4
119 25
119 38
119 40
119 58
119 90
119 97
119 117
119 136
119 151
119 164
119 195
119 214
119 235
119 237
119 256
119 286
119 298
120 3
120 14
120 23
120 28
120 31
120 43
120 54
120 59
120 116
120 154
120 157
120 174
120 220
120 256
120 263
120 281
120 294
121 6
121 49
121 72
121 116
121 129
121 134
121 145
121 184
121 197
121 216
122 36
122 66
122 81
122 86
122 95
122 103
122 127
122 162
122 189
122 205
122 218
122 225
122 229
122 237
123 15
123 31
123 85
123 110
123 190
123 198
123 207
123 208
123 242
123 276
123 293
124 5
124 17
124 18
124 22
124 23
124 37
124 41
124 53
124 57
124 81
124 89
124 93
124 97
124 98
124 119
124 146
124 149
124 185
124 194
124 210
124 230
124 275
124 290
125 28
125 78
125 85
125 93
125 97
125 99
125 115
125 131
125 186
125 218
125 219
125 242
125 247
125 254
125 266
126 42
126 68
126 69
126 72
126 81
126 163
126 199
126 202
126 212
126 217
126 225
126 238
126 239
126 267
126 291
127 19
127 46
127 71
127 73
127 79
127 84
127 104
127 139
127 208
127 236
127 248
127 294
128 1
128 9
128 64
128 98
128 119
128 137
128 183
128 191
128 249
128 259
128 286
128 300
129 58
129 67
129 75
129 87
129 90
129 94
129 130
129 131
129 148
129 154
129 193
129 215
129 216
129 225
129 260
129 288
129 300
130 18
130 63
130 92
130 96
130 109
130 113
130 119
130 131
130 142
130 144
130 146
130 170
130 208
130 210
130 235
130 243
130 248
130 272
131 2
131 12
131 30
131 31
131 32
131 44
131 73
131 88
131 123
131 143
131 172
131 179
131 197
131 200
131 234
131 248
131 259
131 263
131 266
132 14
132 41
132 140
132 141
132 151
132 158
132 161
132 163
132 215
132 217
132 252
132 284
132 292
132 297
133 3
133 5
133 56
133 77
133 96
133 176
133 182
133 195
133 200
133 201
133 213
133 250
133 270
133 283
133 286
134 10
134 23
134 35
134 49
134 50
134 67
134 85
134 87
134 91
134 106
134 115
134 131
134 132
134 149
134 161
134 192
134 205
134 227
134 240
134 241
134 254
135 49
135 63
135 64
135 81
135 94
135 119
135 143
135 184
135 225
135 261
135 262
136 4
136 5
136 8
136 34
136 39
136 53
136 60
136 73
136 94
136 126
136 138
136 156
136 173
136 179
136 180
136 209
136 228
136 251
136 256
136 267
136 270
136 272
136 277
136 285
137 32
137 47
137 53
137 54
137 90
137 96
137 112
137 133
137 145
137 155
137 165
137 166
137 190
137 238
137 241
137 281
137 299
138 40
138 52
138 55
138 70
138 96
138 97
138 108
138 109
138 131
138 142
138 152
138 153
138 165
138 194
138 201
138 208
138 214
138 215
138 234
138 242
138 248
138 272
138 300
139 1
139 34
139 44
139 49
139 71
139 87
139 102
139 129
139 131
139 143
139 169
139 182
139 231
139 246
139 273
139 286
139 297
140 4
140 6
140 13
140 21
140 36
140 57
140 63
140 64
140 68
140 89
140 149
140 155
140 170
140 191
140 206
140 232
140 237
140 271
140 296
141 20
141 37
141 42
141 80
141 90
141 106
141 122
141 150
141 177
141 195
141 202
141 215
141 261
141 294
141 295
142 11
142 35
142 44
142 94
142 96
142 109
142 114
142 129
142 133
142 146
142 161
142 169
142 179
142 188
142 208
142 218
142 236
142 266
142 272
142 288
143 1
143 3
143 8
143 42
143 51
143 74
143 79
143 88
143 104
143 115
143 117
143 127
143 128
143 140
143 151
143 172
143 178
143 197
143 199
143 297
144 1
144 16
144 44
144 73
144 76
144 134
144 147
144 165
144 194
144 221
144 226
144 241
144 249
144 254
144 255
144 261
144 281
145 9
145 22
145 54
145 103
145 119
145 166
145 167
145 198
145 229
145 246
145 261
145 288
146 8
146 20
146 33
146 49
146 95
146 98
146 128
146 139
146 170
146 180
146 184
146 190
146 214
146 287
147 16
147 44
147 76
147 101
147 125
147 134
147 155
147 198
147 211
147 231
147 252
147 276
147 278
147 289
148 49
148 79
148 88
148 90
148 93
148 108
148 142
148 147
148 173
148 199
148 237
148 250
148 253
149 16
149 24
149 33
149 35
149 38
149 46
149 101
149 117
149 166
149 173
149 179
149 181
149 182
149 185
149 193
149 210
149 211
149 212
149 213
149 220
149 290
149 294
150 24
150 62
150 88
150 118
150 166
150 178
150 198
150 289
151 21
151 27
151 39
151 52
151 83
151 89
151 101
151 128
151 155
151 164
151 170
151 172
151 183
151 210
151 240
151 255
151 267
151 274
152 19
152 22
152 63
152 74
152 82
152 109
152 117
152 153
152 157
152 183
152 190
152 192
152 212
152 214
152 234
152 251
152 265
152 274
152 289
153 1
153 5
153 51
153 73
153 86
153 87
153 90
153 128
153 145
153 147
153 187
153 204
153 224
153 229
153 237
153 253
153 274
154 4
154 9
154 31
154 41
154 73
154 93
154 96
154 158
154 159
154 163
154 202
154 220
154 222
154 259
155 13
155 16
155 21
155 47
155 75
155 113
155 136
155 141
155 160
155 202
155 211
155 276
155 284
155 294
155 300
156 23
156 40
156 94
156 95
156 107
156 115
156 122
156 123
156 189
156 205
156 208
156 225
156 226
156 236
156 246
156 257
156 263
156 270
156 291
156 297
157 8
157 51
157 62
157 65
157 101
157 103
157 118
157 124
157 147
157 164
157 169
157 181
157 221
157 222
157 227
157 247
157 265
157 267
158 4
158 40
158 85
158 105
158 116
158 145
158 157
158 168
158 181
158 191
158 231
158 253
158 255
159 7
159 8
159 14
159 17
159 24
159 33
159 76
159 87
159 120
159 125
159 131
159 145
159 176
159 178
159 181
159 193
159 200
159 207
159 209
159 218
159 249
159 254
159 274
159 286
159 297
160 8
160 10
160 16
160 19
160 41
160 70
160 84
160 96
160 128
160 130
160 153
160 161
160 194
160 195
160 197
160 233
160 243
160 246
160 267
160 281
160 298
161 9
161 27
161 30
161 31
161 32
161 45
161 48
161 69
161 72
161 88
161 108
161 114
161 125
161 145
161 153
161 190
161 203
161 208
161 253
161 286
161 294
161 298
162 15
162 30
162 32
162 33
162 34
162 46
162 107
162 123
162 127
162 140
162 150
162 152
162 153
162 216
162 219
162 230
162 234
162 256
162 265
162 269
162 279
162 290
162 299
163 7
163 34
163 86
163 99
163 111
163 114
163 128
163 166
163 204
163 208
163 214
163 236
163 240
163 248
163 279
163 290
164 22
164 79
164 89
164 122
164 126
164 128
164 138
164 141
164 158
164 179
164 192
164 201
164 205
164 208
164 239
164 278
164 282
164 292
164 293
165 65
165 96
165 167
165 170
165 224
165 267
165 280
165 292
165 295
166 75
166 79
166 89
166 100
166 138
166 151
167 2
167 6
167 8
167 16
167 54
167 62
167 73
167 80
167 86
167 105
167 138
167 147
167 173
167 182
167 201
167 255
167 289
168 14
168 49
168 52
168 85
168 88
168 107
168 118
168 126
168 154
168 177
168 191
168 199
168 215
168 219
168 266
168 269
168 300
169 23
169 30
169 36
169 50
169 77
169 101
169 104
169 121
169 127
169 138
169 144
169 160
169 164
169 168
169 190
169 218
169 232
169 249
169 257
170 20
170 46
170 48
170 55
170 75
170 80
170 105
170 136
170 148
170 155
170 179
170 204
170 207
170 208
170 231
170 238
170 247
170 250
170 275
170 277
170 284
171 3
171 34
171 45
171 53
171 56
171 77
171 115
171 151
171 183
171 231
171 273
171 283
171 291
172 6
172 34
172 80
172 115
172 139
172 155
172 187
172 209
172 212
172 227
172 261
173 29
173 86
173 94
173 143
173 151
173 186
173 192
173 197
173 208
173 216
173 255
173 265
173 285
173 289
174 13
174 34
174 52
174 84
174 108
174 133
174 165
174 194
174 200
174 201
174 203
174 231
174 238
174 271
174 273
174 285
174 290
175 3
175 15
175 20
175 28
175 34
175 39
175 55
175 90
175 135
175 138
175 154
175 157
175 177
175 192
175 196
175 202
175 219
175 220
175 243
175 245
175 259
175 289
175 290
176 5
176 21
176 24
176 35
176 55
176 65
176 136
176 227
176 230
176 236
176 259
176 272
176 277
177 11
177 14
177 34
177 40
177 48
177 53
177 73
177 81
177 104
177 106
177 113
177 135
177 136
177 138
177 176
177 195
177 244
177 254
177 300
178 51
178 62
178 89
178 104
178 109
178 116
178 165
178 217
178 220
178 228
178 289
178 292
179 19
179 45
179 58
179 86
179 95
179 107
179 118
179 130
179 146
179 153
179 163
179 167
179 172
179 197
179 235
179 252
180 11
180 44
180 54
180 57
180 59
180 124
180 142
180 152
180 200
180 210
180 281
180 286
181 23
181 43
181 53
181 86
181 92
181 124
181 141
181 167
181 175
181 202
181 214
181 224
181 238
181 242
181 274
181 281
182 21
182 26
182 56
182 81
182 92
182 125
182 183
182 251
182 258
182 261
182 271
183 21
183 38
183 40
183 41
183 56
183 67
183 70
183 84
183 126
183 209
183 216
183 217
183 240
183 248
183 259
183 260
183 284
183 300
184 3
184 34
184 58
184 79
184 95
184 133
184 151
184 155
184 170
184 176
184 178
184 180
184 222
184 227
184 235
184 270
184 285
184 298
185 22
185 24
185 26
185 81
185 91
185 94
185 132
185 142
185 182
185 183
185 197
185 232
185 254
186 15
186 18
186 82
186 109
186 111
186 119
186 120
186 139
186 141
186 223
186 226
186 227
186 232
186 247
186 256
186 263
186 288
186 289
187 13
187 22
187 31
187 103
187 107
187 149
187 156
187 158
187 159
187 160
187 163
187 165
187 170
187 201
187 210
187 212
187 220
187 238
187 243
187 258
187 264
187 270
187 279
187 284
187 292
188 9
188 13
188 14
188 20
188 34
188 100
188 110
188 112
188 125
188 135
188 146
188 151
188 195
188 211
188 257
188 282
188 294
189 46
189 71
189 74
189 93
189 159
189 184
189 227
189 240
189 244
190 85
190 119
190 141
190 143
190 199
190 220
190 250
191 15
191 26
191 36
191 59
191 95
191 112
191 120
191 132
191 136
191 215
191 230
191 235
191 237
191 240
191 265
191 277
192 7
192 17
192 25
192 29
192 50
192 55
192 65
192 79
192 112
192 118
192 121
192 133
192 162
192 284
192 297
193 16
193 21
193 23
193 32
193 50
193 53
193 55
193 73
193 81
193 115
193 136
193 144
193 164
193 168
193 179
193 241
193 289
194 73
194 77
194 81
194 88
194 150
194 177
194 198
194 212
194 216
194 233
195 27
195 75
195 111
195 193
195 201
195 205
195 208
195 213
195 232
195 235
195 275
195 299
196 27
196 54
196 69
196 75
196 104
196 110
196 131
196 150
196 157
196 160
196 182
196 183
196 185
196 225
196 261
196 267
196 269
196 277
196 300
197 1
197 9
197 22
197 26
197 41
197 46
197 78
197 79
197 94
197 109
197 158
197 159
197 165
197 181
197 237
197 250
197 254
197 262
197 288
197 293
197 297
198 3
198 16
198 39
198 52
198 60
198 72
198 85
198 91
198 107
198 118
198 122
198 144
198 173
198 178
198 200
198 211
198 238
198 243
198 273
198 289
199 23
199 49
199 64
199 74
199 75
199 133
199 136
199 154
199 169
199 172
199 196
199 212
199 218
199 221
199 227
199 245
200 1
200 26
200 59
200 74
200 78
200 83
200 99
200 116
200 119
200 126
200 148
200 170
200 206
200 285
200 287
201 5
201 20
201 46
201 58
201 69
201 124
201 126
201 147
201 192
201 238
201 270
202 12
202 27
202 41
202 44
202 115
202 165
202 172
202 183
202 213
202 251
202 257
202 263
202 269
202 280
203 1
203 27
203 44
203 57
203 64
203 93
203 97
203 100
203 172
203 176
203 227
203 290
204 9
204 53
204 85
204 90
204 92
204 104
204 127
204 133
204 212
204 218
204 220
204 227
204 229
204 235
204 242
204 298
205 34
205 43
205 46
205 60
205 63
205 171
205 189
205 225
205 250
205 272
205 273
205 275
205 286
206 3
206 28
206 33
206 104
206 108
206 123
206 127
206 150
206 187
206 215
206 248
206 287
207 6
207 44
207 56
207 74
207 99
207 124
207 127
207 161
207 171
207 198
207 208
207 210
207 232
207 233
207 234
207 268
207 286
208 13
208 30
208 32
208 44
208 69
208 75
208 98
208 107
208 129
208 151
208 153
208 157
208 159
208 162
208 177
208 178
208 196
208 236
208 244
208 256
208 274
208 287
208 289
209 4
209 15
209 42
209 87
209 88
209 111
209 188
209 217
209 228
209 230
210 12
210 17
210 31
210 34
210 46
210 72
210 107
210 115
210 139
210 141
210 174
210 186
210 188
210 220
210 274
210 298
211 34
211 39
211 57
211 70
211 105
211 123
211 125
211 131
211 142
211 144
211 159
211 178
211 181
211 189
211 208
211 222
211 241
211 244
211 254
211 273
211 290
212 2
212 16
212 80
212 104
212 107
212 109
212 141
212 162
212 167
212 180
212 216
212 232
212 235
212 241
212 283
212 288
213 2
213 9
213 25
213 33
213 61
213 72
213 113
213 115
213 116
213 131
213 148
213 162
213 166
213 206
213 210
213 241
213 268
213 273
213 287
213 288
214 5
214 84
214 96
214 123
214 137
214 140
214 188
214 189
214 200
214 238
214 277
214 282
214 287
214 297
215 1
215 10
215 21
215 23
215 39
215 48
215 53
215 79
215 149
215 160
215 200
215 204
215 216
215 225
215 242
215 244
215 248
215 256
215 286
216 36
216 43
216 123
216 148
216 170
216 171
216 186
216 192
216 204
216 218
216 220
216 225
216 227
216 231
216 233
216 272
216 283
217 9
217 24
217 25
217 32
217 39
217 43
217 45
217 46
217 62
217 63
217 70
217 96
217 117
217 118
217 134
217 138
217 141
217 186
217 190
217 223
217 247
217 263
217 264
217 266
217 268
217 281
217 285
218 3
218 27
218 32
218 51
218 80
218 95
218 127
218 131
218 185
218 192
218 236
218 241
218 261
218 298
219 8
219 9
219 49
219 55
219 66
219 78
219 83
219 97
219 111
219 129
219 155
219 179
219 184
219 193
219 216
219 224
219 234
219 239
219 241
219 263
219 266
219 277
219 290
220 2
220 3
220 10
220 35
220 54
220 59
220 132
220 139
220 145
220 146
220 199
220 200
220 201
220 203
220 225
220 261
220 296
220 299
221 3
221 22
221 27
221 53
221 61
221 127
221 134
221 142
221 152
221 226
221 255
221 267
221 277
221 291
222 56
222 58
222 71
222 78
222 108
222 113
222 128
222 135
222 147
222 168
222 201
222 203
222 206
222 236
222 238
223 19
223 39
223 98
223 101
223 190
223 191
223 215
223 247
223 262
223 268
223 278
224 84
224 102
224 104
224 133
224 146
224 151
224 156
224 161
224 164
224 290
224 294
225 4
225 6
225 42
225 61
225 109
225 115
225 139
225 140
225 142
225 147
225 149
225 167
225 193
225 199
225 219
225 228
225 238
225 257
225 272
225 285
225 292
225 298
226 5
226 18
226 24
226 41
226 47
226 79
226 80
226 82
226 125
226 138
226 143
226 153
226 158
226 210
226 211
226 219
226 246
226 289
226 294
227 16
227 50
227 77
227 116
227 152
227 181
227 185
227 191
227 215
227 247
227 250
227 273
227 286
228 5
228 10
228 40
228 82
228 104
228 113
228 139
228 149
228 177
228 182
228 214
228 230
228 248
228 277
229 10
229 12
229 25
229 31
229 63
229 68
229 75
229 94
229 99
229 119
229 134
229 173
229 233
229 247
229 250
229 292
230 3
230 18
230 29
230 65
230 106
230 110
230 117
230 121
230 208
230 246
230 288
231 8
231 23
231 25
231 38
231 67
231 117
231 137
231 143
231 154
231 155
231 165
231 201
231 203
231 219
231 234
231 236
231 242
231 243
231 275
232 3
232 28
232 42
232 50
232 64
232 69
232 118
232 138
232 139
232 162
232 189
232 214
232 219
232 259
232 275
232 286
232 293
232 295
233 74
233 83
233 87
233 131
233 164
233 177
233 199
233 205
233 221
233 231
233 234
233 250
233 262
234 8
234 22
234 34
234 68
234 80
234 158
234 175
234 176
234 185
234 200
234 218
234 226
234 270
234 278
234 295
235 34
235 56
235 58
235 67
235 72
235 98
235 115
235 120
235 121
235 135
235 155
235 159
235 170
235 180
235 185
235 234
235 236
235 240
235 246
235 267
235 269
236 1
236 2
236 16
236 38
236 48
236 49
236 51
236 109
236 151
236 171
236 189
236 190
236 220
236 226
236 233
236 238
236 293
237 33
237 39
237 77
237 86
237 92
237 151
237 152
237 156
237 159
237 187
237 200
237 273
237 284
238 8
238 16
238 56
238 60
238 81
238 83
238 100
238 105
238 134
238 192
238 205
238 299
239 27
239 66
239 96
239 137
239 139
239 143
239 161
239 163
239 167
239 178
239 218
239 236
239 240
239 282
240 24
240 28
240 42
240 65
240 71
240 88
240 96
240 97
240 102
240 114
240 126
240 142
240 157
240 159
240 179
240 187
240 200
240 224
240 258
240 260
240 280
240 284
240 299
241 1
241 22
241 29
241 30
241 31
241 32
241 41
241 92
241 94
241 102
241 123
241 129
241 139
241 175
241 188
241 194
241 203
241 208
242 24
242 69
242 71
242 116
242 140
242 145
242 154
242 176
242 197
242 214
242 232
242 259
242 274
243 7
243 49
243 55
243 95
243 154
243 179
243 216
243 272
243 288
243 292
244 1
244 10
244 55
244 111
244 139
244 175
244 176
244 180
244 216
244 219
244 225
244 228
244 233
244 242
244 245
244 277
245 7
245 24
245 38
245 46
245 57
245 89
245 120
245 128
245 188
245 211
245 215
245 220
245 249
245 266
245 279
245 300
246 2
246 47
246 53
246 59
246 117
246 118
246 130
246 132
246 133
246 136
246 174
246 180
246 222
246 236
246 263
247 59
247 75
247 80
247 82
247 102
247 103
247 104
247 106
247 158
247 189
247 221
247 245
247 253
247 259
247 265
247 273
248 3
248 5
248 28
248 42
248 79
248 101
248 103
248 113
248 123
248 159
248 169
248 262
248 271
248 274
248 297
249 67
249 70
249 89
249 93
249 117
249 133
249 152
249 166
249 177
249 178
249 234
249 235
249 241
249 271
249 290
250 3
250 21
250 33
250 50
250 55
250 61
250 63
250 78
250 88
250 110
250 111
250 144
250 164
250 173
250 198
250 211
250 223
250 238
250 254
250 260
250 278
251 71
251 78
251 85
251 98
251 145
251 165
251 178
251 180
251 204
251 234
251 253
251 264
251 277
251 281
252 67
252 78
252 86
252 98
252 135
252 157
252 188
252 253
252 260
252 269
252 282
252 293
252 300
253 2
253 25
253 41
253 59
253 61
253 67
253 74
253 77
253 121
253 136
253 149
253 222
253 238
253 239
253 245
253 259
253 267
253 296
254 9
254 15
254 36
254 45
254 51
254 55
254 58
254 66
254 67
254 88
254 133
254 234
254 241
254 249
254 265
254 267
255 15
255 21
255 28
255 30
255 82
255 98
255 108
255 110
255 124
255 128
255 136
255 147
255 171
255 195
255 207
255 210
255 211
255 259
255 274
255 288
255 298
256 9
256 21
256 28
256 89
256 115
256 144
256 172
256 180
256 202
256 206
256 239
256 300
257 3
257 11
257 27
257 64
257 78
257 102
257 129
257 134
257 136
257 203
257 248
257 277
258 4
258 24
258 28
258 32
258 65
258 114
258 117
258 118
258 156
258 168
258 176
258 192
258 196
258 212
258 216
258 222
258 231
258 264
258 278
258 281
258 286
258 289
258 296
259 6
259 22
259 45
259 49
259 78
259 79
259 99
259 126
259 156
259 157
259 161
259 165
259 212
259 245
259 263
259 284
260 6
260 61
260 93
260 94
260 142
260 168
260 187
260 191
260 236
260 275
260 288
260 293
261 45
261 64
261 65
261 73
261 76
261 80
261 85
261 125
261 127
261 146
261 160
261 206
261 268
262 50
262 68
262 76
262 88
262 120
262 153
262 159
262 174
262 192
262 203
262 210
262 215
262 255
262 268
262 275
262 291
263 48
263 66
263 72
263 96
263 98
263 140
263 158
263 182
263 183
263 195
263 206
263 214
263 236
263 239
263 267
263 270
263 291
263 292
264 19
264 25
264 85
264 104
264 128
264 154
264 168
264 183
264 186
264 194
264 218
264 244
264 294
265 4
265 25
265 49
265 64
265 87
265 88
265 103
265 158
265 181
265 221
265 237
265 272
266 66
266 75
266 110
266 119
266 136
266 140
266 154
266 162
266 165
266 186
266 200
266 203
266 212
266 216
266 264
267 12
267 21
267 29
267 41
267 63
267 78
267 127
267 142
267 183
267 257
267 281
267 298
268 10
268 13
268 39
268 52
268 86
268 109
268 115
268 116
268 163
268 186
268 188
268 190
268 198
268 232
268 238
268 239
268 240
268 248
268 249
268 269
268 272
268 300
269 73
269 83
269 107
269 108
269 132
269 136
269 139
269 144
269 153
269 165
269 190
269 193
269 204
269 209
269 212
269 237
269 246
269 249
269 286
270 9
270 15
270 23
270 39
270 70
270 97
270 111
270 164
270 177
270 217
270 218
270 230
270 231
270 238
270 252
270 274
270 283
270 291
271 13
271 34
271 111
271 114
271 121
271 162
271 186
271 190
271 205
271 208
271 222
271 229
271 239
271 262
271 289
272 2
272 31
272 64
272 80
272 97
272 118
272 161
272 163
272 224
272 233
272 238
272 258
272 271
272 288
272 291
273 24
273 39
273 70
273 91
273 98
273 103
273 189
273 192
273 215
273 221
273 229
274 15
274 24
274 59
274 85
274 90
274 167
274 173
274 192
274 202
274 222
274 238
274 250
274 262
274 292
275 19
275 23
275 68
275 71
275 104
275 142
275 174
275 204
275 213
275 233
275 239
275 271
275 293
275 298
276 6
276 12
276 45
276 113
276 125
276 134
276 145
276 167
276 185
276 187
276 191
276 201
276 208
276 254
276 268
277 34
277 51
277 89
277 99
277 105
277 145
277 147
277 148
277 154
277 159
277 174
277 187
277 262
277 268
277 280
278 3
278 12
278 41
278 50
278 54
278 93
278 97
278 101
278 103
278 105
278 118
278 155
278 176
278 203
278 209
278 210
278 215
278 238
278 248
279 1
279 45
279 90
279 94
279 102
279 109
279 152
279 183
279 191
279 195
279 201
279 211
279 217
279 267
279 270
279 294
279 296
280 23
280 43
280 48
280 54
280 110
280 116
280 122
280 143
280 153
280 162
280 176
280 203
280 222
280 228
280 231
280 233
280 244
280 247
280 252
280 259
280 272
280 273
280 292
280 294
281 12
281 24
281 32
281 35
281 52
281 60
281 65
281 67
281 83
281 105
281 117
281 146
281 159
281 168
281 176
281 208
281 210
281 237
281 241
281 244
281 273
282 2
282 4
282 22
282 36
282 46
282 65
282 74
282 79
282 81
282 107
282 122
282 128
282 135
282 146
282 147
282 148
282 153
282 161
282 165
282 169
282 174
282 192
282 196
282 202
282 212
282 227
282 231
282 246
282 253
282 254
282 263
282 288
283 27
283 36
283 50
283 72
283 102
283 113
283 126
283 130
283 134
283 148
283 196
283 224
283 232
283 243
283 253
283 275
283 281
284 33
284 65
284 74
284 95
284 114
284 120
284 156
284 207
284 213
284 294
285 20
285 33
285 34
285 36
285 38
285 49
285 56
285 67
285 82
285 83
285 90
285 175
285 237
285 298
285 299
286 22
286 45
286 63
286 73
286 82
286 107
286 111
286 121
286 126
286 135
286 143
286 158
286 183
286 188
286 193
286 197
286 202
286 224
286 231
286 241
286 243
286 250
286 254
286 262
286 268
286 271
287 70
287 74
287 84
287 86
287 124
287 131
287 147
287 163
287 167
287 175
287 212
287 226
287 264
287 270
287 275
287 286
287 290
288 6
288 15
288 17
288 22
288 40
288 90
288 108
288 110
288 141
288 144
288 148
288 178
288 209
288 265
288 273
288 275
288 293
288 297
289 5
289 13
289 16
289 29
289 38
289 47
289 53
289 64
289 85
289 121
289 162
289 179
289 180
289 220
289 234
289 254
289 261
289 298
290 49
290 52
290 54
290 69
290 107
290 120
290 126
290 133
290 166
290 194
290 212
290 234
290 240
290 243
290 248
290 265
290 267
291 9
291 14
291 23
291 25
291 38
291 40
291 54
291 66
291 68
291 71
291 139
291 153
291 167
291 169
291 184
291 236
291 242
291 254
291 278
292 10
292 37
292 40
292 52
292 57
292 62
292 69
292 73
292 84
292 87
292 94
292 102
292 108
292 180
292 181
292 220
292 233
292 236
292 245
292 265
292 267
293 5
293 7
293 16
293 24
293 37
293 48
293 61
293 118
293 159
293 175
293 179
293 223
293 225
293 290
294 7
294 23
294 47
294 52
294 67
294 68
294 85
294 109
294 145
294 147
294 168
294 175
294 189
294 217
294 285
295 38
295 103
295 110
295 117
295 127
295 132
295 150
295 167
295 180
295 191
295 219
295 221
295 237
295 242
295 281
295 296
296 18
296 31
296 44
296 67
296 71
296 79
296 83
296 89
296 101
296 107
296 124
296 148
296 153
296 172
296 199
296 218
296 240
296 255
296 261
296 263
296 264
296 269
296 280
296 288
297 1
297 9
297 18
297 32
297 39
297 58
297 123
297 141
297 158
297 163
297 171
297 180
297 201
297 217
297 223
297 234
297 262
297 263
297 281
298 23
298 53
298 60
298 87
298 95
298 123
298 143
298 159
298 195
298 209
298 214
298 235
298 262
298 281
298 284
298 294
299 45
299 51
299 69
299 79
299 124
299 126
299 147
299 151
299 210
299 213
299 247
299 256
299 275
299 276
299 294
300 41
300 76
300 85
300 100
300 105
300 121
300 122
300 124
300 145
300 181
300 212
300 216
300 229
300 237
300 259
300 262

