200 2000
59 60 65 100 35 38 21 81 98 63 82 49 68 112 100 109 80 96 50 35 53 36 32 62 88 113 91 91 104 113 119 83 68 89 104 52 58 72 32 46 37 47 54 109 69 72 113 118 80 59 112 97 25 100 58 48 38 117 59 52 69 60 88 78 104 109 101 27 29 89 29 26 77 33 74 106 20 37 45 54 91 33 74 106 97 25 36 22 108 21 41 88 25 50 90 50 63 79 46 92 84 86 59 47 75 30 68 36 92 43 113 21 86 88 108 80 45 57 117 23 23 48 28 111 67 50 72 22 106 57 83 54 37 32 114 81 20 49 115 33 30 61 115 97 65 44 43 71 42 67 43 37 76 35 44 104 74 112 22 76 109 71 87 78 120 120 106 97 58 61 76 89 42 39 63 119 65 34 115 72 66 46 116 110 30 100 46 96 120 73 59 99 49 95 48 48 98 64 65 46 
1 24
1 31
1 65
1 95
1 106
1 135
1 158
1 166
1 169
2 5
2 19
2 23
2 67
2 145
2 146
2 156
3 43
3 46
3 54
3 59
3 71
3 93
3 100
3 122
3 125
3 139
3 140
4 9
4 35
4 39
4 55
4 68
4 75
4 107
4 116
4 167
4 176
5 11
5 14
5 48
5 50
5 86
5 88
5 117
5 154
5 174
5 183
5 198
6 2
6 29
6 65
6 69
6 75
6 138
6 139
6 161
7 52
7 68
7 86
7 87
7 97
7 107
7 110
7 120
7 137
7 138
7 162
7 168
7 178
8 1
8 5
8 19
8 25
8 46
8 59
8 60
8 103
8 118
8 124
8 157
8 163
8 173
8 185
9 12
9 30
9 58
9 71
9 75
9 112
9 116
9 128
9 142
9 144
9 174
9 180
9 188
10 17
10 40
10 55
10 82
10 137
10 197
11 20
11 27
11 83
11 93
11 94
11 109
11 138
11 195
12 29
12 45
12 50
12 61
12 80
12 82
12 94
12 105
12 112
12 119
12 121
12 140
12 141
12 170
12 173
12 192
12 197
13 47
13 52
13 103
13 187
13 197
14 1
14 57
14 63
14 83
14 92
14 104
14 161
14 170
14 197
15 6
15 21
15 53
15 76
15 81
15 109
15 110
15 132
15 133
15 153
15 188
15 193
15 199
16 11
16 54
16 71
16 83
16 123
16 157
16 164
16 186
16 199
17 16
17 42
17 84
17 96
17 102
17 109
17 123
17 190
17 199
18 39
18 55
18 65
18 77
18 92
18 127
18 131
18 173
18 199
19 4
19 6
19 20
19 23
19 42
19 45
19 102
19 112
19 124
19 151
19 155
19 162
20 10
20 51
20 67
20 70
20 115
20 130
20 146
20 175
20 178
21 6
21 7
21 17
21 43
21 54
21 58
21 60
21 70
21 95
21 104
21 126
21 189
21 199
22 11
22 18
22 36
22 59
22 107
22 123
22 134
22 193
22 195
23 42
23 95
23 104
23 123
23 138
23 140
23 143
23 178
23 198
24 9
24 61
24 62
24 71
24 111
24 130
24 134
24 152
24 167
24 170
24 172
25 126
25 134
25 138
25 148
25 150
25 185
25 192
26 49
26 52
26 62
26 85
26 99
26 101
26 134
26 146
26 149
26 151
26 176
26 185
26 198
27 5
27 10
27 34
27 47
27 60
27 79
27 114
27 116
27 118
27 160
27 181
27 187
28 31
28 45
28 65
28 138
28 155
28 167
28 186
29 9
29 21
29 31
29 33
29 105
29 126
29 132
29 137
29 164
29 176
29 188
29 199
30 4
30 67
30 122
30 148
30 194
31 17
31 23
31 38
31 44
31 49
31 52
31 81
31 89
31 95
31 120
31 146
31 156
31 157
31 181
31 182
32 18
32 60
32 72
32 96
32 104
32 136
32 138
32 178
32 186
33 28
33 68
33 80
33 86
33 116
33 123
33 125
33 162
33 174
33 190
34 9
34 23
34 45
34 62
34 64
34 68
34 75
34 98
34 100
34 128
34 132
34 165
34 187
35 10
35 13
35 28
35 40
35 55
35 65
35 87
35 121
35 130
35 134
35 143
35 154
35 177
35 181
35 182
36 14
36 21
36 58
36 77
36 128
36 140
36 149
36 158
36 165
36 175
36 188
36 197
37 10
37 11
37 14
37 31
37 42
37 44
37 52
37 61
37 83
37 88
37 97
37 161
37 171
37 179
37 200
38 7
38 68
38 95
38 105
38 114
38 127
38 158
38 167
38 187
38 192
39 8
39 12
39 14
39 37
39 86
39 94
39 102
39 115
39 125
39 141
39 162
39 191
39 192
39 196
40 3
40 50
40 53
40 60
40 65
40 78
40 85
40 120
40 134
40 143
40 147
40 153
40 189
41 1
41 6
41 58
41 78
41 80
41 85
41 87
41 92
41 96
41 101
41 121
41 125
41 130
41 137
41 166
41 168
41 194
42 21
42 52
42 56
42 73
42 133
42 165
42 174
42 178
42 194
43 8
43 17
43 71
43 88
43 96
43 111
43 122
43 124
43 165
43 172
43 196
44 15
44 32
44 53
44 61
44 74
44 79
44 83
44 84
44 87
44 115
44 144
44 193
45 14
45 55
45 76
45 152
45 155
45 161
45 163
45 177
46 2
46 12
46 32
46 63
46 67
46 72
46 73
46 77
46 78
46 88
46 110
46 137
46 157
46 164
46 183
46 194
46 196
46 200
47 29
47 45
47 54
47 65
47 78
47 87
47 101
47 102
47 115
47 151
47 156
47 167
47 179
47 181
47 189
47 197
48 10
48 16
48 19
48 27
48 30
48 45
48 47
48 83
48 90
48 114
48 116
48 143
48 146
48 174
48 175
49 32
49 58
49 60
49 81
49 104
49 132
49 136
49 141
49 144
49 158
49 166
49 177
50 4
50 18
50 27
50 37
50 52
50 62
50 64
50 67
50 113
50 115
50 124
50 132
50 133
50 157
50 173
50 191
50 199
51 6
51 8
51 21
51 31
51 36
51 47
51 95
51 96
51 125
51 142
51 157
51 168
51 200
52 23
52 36
52 86
52 152
52 199
53 21
53 22
53 30
53 39
53 57
53 67
53 68
53 69
53 127
53 130
53 150
53 167
53 186
53 199
54 4
54 10
54 15
54 38
54 63
54 77
54 110
54 140
54 183
55 2
55 61
55 63
55 65
55 85
55 88
55 90
55 96
55 98
55 110
55 112
55 194
56 13
56 23
56 32
56 65
56 77
56 96
56 107
56 120
56 135
56 163
56 178
56 193
57 38
57 48
57 52
57 66
57 112
57 114
57 134
57 191
58 27
58 47
58 86
58 91
58 132
58 157
58 168
58 194
59 6
59 43
59 50
59 54
59 88
59 91
59 133
59 155
60 76
60 92
60 99
60 104
60 113
60 119
60 157
60 170
60 172
60 180
60 187
61 1
61 7
61 22
61 82
61 107
61 124
61 125
61 128
61 129
61 138
61 141
61 154
61 185
62 16
62 53
62 68
62 78
62 93
62 121
62 143
62 164
62 186
62 190
62 191
63 5
63 70
63 76
63 85
63 100
63 137
63 148
63 150
63 154
63 188
64 12
64 19
64 45
64 69
64 99
64 103
64 115
64 138
64 195
65 20
65 41
65 43
65 45
65 61
65 80
65 86
65 87
65 128
65 139
65 149
65 165
66 31
66 37
66 41
66 55
66 61
66 90
66 99
66 113
66 132
66 135
66 147
66 148
66 199
67 65
67 75
67 118
67 134
67 155
67 163
67 175
68 5
68 10
68 66
68 72
68 109
68 110
68 112
68 116
68 123
68 126
68 170
69 82
69 95
69 119
69 133
69 137
69 139
69 155
69 159
69 175
69 181
69 190
70 23
70 43
70 109
70 118
70 134
70 147
70 164
70 173
70 176
71 97
71 98
71 109
71 114
71 139
71 169
72 11
72 13
72 25
72 64
72 73
72 101
72 157
72 174
72 191
72 195
73 9
73 12
73 24
73 35
73 41
73 103
73 115
73 130
73 145
73 188
74 8
74 64
74 130
74 195
75 54
75 59
75 60
75 76
75 78
75 79
75 84
75 105
75 108
75 119
75 126
75 132
75 139
75 169
76 46
76 84
76 127
76 138
76 148
76 168
76 176
77 28
77 37
77 59
77 81
77 118
77 150
77 168
77 185
77 198
78 35
78 58
78 67
78 80
78 95
78 122
78 147
79 13
79 41
79 52
79 119
79 147
79 171
79 196
80 40
80 73
80 87
80 104
80 115
80 129
80 138
80 139
80 147
80 161
80 187
80 193
80 199
81 26
81 141
81 160
81 174
81 177
82 31
82 85
82 104
82 136
82 153
82 179
82 190
82 200
83 57
83 77
83 86
83 95
83 105
83 107
83 173
83 191
83 198
84 24
84 68
84 149
84 161
84 189
85 37
85 70
85 81
85 86
85 89
85 96
85 100
85 106
85 184
85 198
86 9
86 13
86 17
86 35
86 55
86 59
86 66
86 77
86 142
87 20
87 22
87 139
88 21
88 30
88 34
88 40
88 92
88 104
88 107
88 110
88 124
88 167
89 2
89 20
89 47
89 126
89 127
89 154
89 158
89 166
90 43
90 57
90 83
90 89
90 97
90 138
90 145
90 152
91 20
91 36
91 42
91 44
91 53
91 101
91 117
92 28
92 29
92 42
92 67
92 91
92 99
92 100
92 135
92 144
92 154
92 160
92 164
93 6
93 9
93 19
93 22
93 73
93 138
93 146
93 150
93 159
94 24
94 33
94 43
94 108
94 174
94 196
95 10
95 60
95 73
95 74
95 92
95 113
95 132
95 153
95 159
95 170
95 191
96 7
96 76
96 89
96 92
96 98
96 113
96 133
96 135
96 187
96 199
97 16
97 24
97 31
97 40
97 65
97 73
97 75
97 81
97 102
97 131
98 7
98 21
98 39
98 130
98 160
98 177
99 8
99 51
99 55
99 56
99 63
99 98
99 152
99 195
100 25
100 36
100 38
100 41
100 57
100 65
100 68
100 71
100 79
100 91
100 107
100 146
100 165
100 185
100 191
100 199
101 37
101 64
101 77
101 103
101 126
101 166
101 171
101 180
101 181
101 190
102 3
102 58
102 80
102 120
102 135
102 147
102 158
102 165
102 175
102 188
103 17
103 49
103 60
103 85
103 89
103 91
103 134
103 149
103 157
103 176
103 184
104 29
104 57
104 101
104 128
104 171
104 198
105 2
105 5
105 53
105 54
105 95
105 107
105 109
105 128
105 135
105 136
105 139
105 143
105 177
105 197
106 18
106 26
106 33
106 48
106 80
106 88
106 95
106 110
106 174
106 194
107 15
107 79
107 112
107 118
107 143
107 149
107 174
108 6
108 7
108 39
108 50
108 60
108 87
108 92
108 112
108 131
108 159
108 165
109 2
109 3
109 48
109 52
109 54
109 57
109 72
109 81
109 86
109 89
109 97
109 135
109 164
109 172
109 180
109 190
109 197
110 1
110 10
110 23
110 90
110 135
110 137
110 160
110 181
110 200
111 17
111 25
111 30
111 34
111 57
111 108
111 120
111 153
111 173
111 189
112 22
112 56
112 72
112 84
112 142
112 177
113 12
113 17
113 43
113 90
113 128
113 143
113 149
113 155
114 25
114 42
114 45
114 46
114 116
114 153
114 170
115 27
115 36
115 97
115 126
115 141
115 159
115 161
115 175
115 184
116 35
116 58
116 74
116 83
116 129
116 157
116 160
116 180
116 195
117 3
117 7
117 28
117 30
117 40
117 69
117 80
117 93
117 95
117 127
117 139
117 148
117 151
117 173
117 182
117 196
118 2
118 11
118 65
118 83
118 92
118 97
118 104
118 119
118 157
118 161
118 187
119 11
119 83
119 92
119 117
119 153
119 162
119 172
120 17
120 25
120 101
120 141
120 194
121 21
121 38
121 57
121 105
121 126
121 132
121 137
121 159
121 186
122 36
122 37
122 49
122 66
122 70
122 89
122 126
122 134
122 198
123 11
123 48
123 58
123 69
123 87
123 91
123 95
123 100
123 106
123 116
123 119
123 141
123 153
123 154
124 70
124 86
124 110
124 113
124 114
124 129
124 160
124 163
124 187
124 194
125 2
125 69
125 73
125 85
125 121
125 160
125 196
126 5
126 19
126 24
126 52
126 58
126 65
126 118
126 131
126 147
126 151
126 164
126 170
126 179
126 187
127 4
127 5
127 14
127 20
127 41
127 47
127 83
127 90
127 134
127 146
127 172
127 177
127 183
128 45
128 72
128 79
128 106
128 107
128 127
128 158
128 177
129 1
129 39
129 52
129 67
129 74
129 109
129 156
129 157
129 160
129 166
129 181
130 37
130 38
130 88
130 94
130 99
130 127
130 128
130 172
130 196
131 26
131 75
131 100
131 140
131 155
131 180
131 187
132 42
132 60
132 69
132 129
132 157
133 56
133 58
133 77
133 118
133 152
133 171
133 184
133 193
134 19
134 74
134 79
134 156
134 175
134 177
134 199
135 20
135 23
135 31
135 64
135 116
135 130
135 175
135 177
136 17
136 18
136 64
136 166
137 16
137 21
137 23
137 92
137 135
137 168
138 15
138 21
138 27
138 34
138 69
138 71
138 157
138 169
138 175
139 7
139 53
139 57
139 91
139 102
139 110
139 161
139 169
139 189
140 34
140 45
140 62
140 78
140 91
140 94
140 119
140 147
140 154
141 5
141 6
141 69
141 78
141 83
141 91
141 95
141 105
141 128
141 160
142 7
142 8
142 54
142 60
142 103
142 106
142 122
142 188
143 6
143 13
143 43
143 55
143 59
143 63
143 67
143 106
143 115
143 122
143 125
143 137
143 193
144 10
144 41
144 53
144 57
144 69
144 77
144 85
144 93
144 148
144 157
144 162
144 171
145 16
145 20
145 22
145 39
145 47
145 74
145 179
145 196
146 17
146 19
146 36
146 38
146 53
146 57
146 63
146 80
146 83
146 87
146 91
146 106
146 113
146 134
146 145
146 158
146 167
146 176
146 183
146 194
147 3
147 17
147 28
147 59
147 94
147 110
147 116
147 119
147 157
147 166
148 16
148 20
148 54
148 131
148 150
148 172
148 184
149 17
149 45
149 64
149 104
149 106
149 123
149 125
149 138
150 2
150 6
150 24
150 28
150 33
150 35
150 66
150 72
150 76
150 169
150 171
151 25
151 29
151 57
151 99
151 108
151 146
151 155
151 180
151 190
152 65
152 71
152 79
152 125
152 127
152 135
152 164
152 194
153 4
153 14
153 16
153 47
153 73
153 146
154 3
154 37
154 137
154 168
154 175
154 185
154 193
154 197
155 3
155 37
155 70
155 109
155 119
155 139
155 143
155 188
156 9
156 25
156 41
156 57
156 73
156 86
156 91
156 94
156 112
156 133
156 139
156 160
156 198
157 4
157 9
157 11
157 78
157 88
157 95
157 101
157 102
157 105
157 152
157 181
157 188
158 7
158 43
158 52
158 106
158 114
158 136
158 155
158 164
158 187
158 190
159 15
159 23
159 50
159 54
159 57
159 71
159 80
159 100
159 119
159 131
159 137
159 140
159 175
159 195
160 2
160 21
160 40
160 44
160 47
160 75
160 117
160 165
160 173
160 190
161 13
161 21
161 24
161 30
161 35
161 42
161 63
161 94
161 96
161 147
161 185
161 188
161 194
162 15
162 43
162 96
162 107
162 109
162 114
162 128
162 172
162 177
162 192
163 24
163 31
163 57
163 75
163 100
163 137
163 140
163 155
163 156
163 162
163 175
163 193
164 4
164 63
164 81
164 97
164 120
164 128
164 131
164 170
164 179
164 181
165 15
165 16
165 58
165 67
165 88
165 124
165 127
165 140
165 148
165 151
165 162
165 179
165 188
165 189
165 197
166 3
166 26
166 38
166 78
166 109
166 117
166 150
166 196
166 197
167 11
167 12
167 21
167 31
167 67
167 77
167 85
167 118
167 125
167 135
167 147
167 158
167 165
167 199
168 21
168 25
168 80
168 92
168 132
168 152
168 165
168 171
169 4
169 22
169 42
169 78
169 104
169 107
169 185
170 73
170 96
170 192
171 20
171 68
171 78
171 138
171 166
171 196
172 2
172 5
172 19
172 56
172 59
172 87
172 115
172 158
172 163
173 36
173 114
173 115
173 132
173 143
173 169
173 191
173 192
174 7
174 55
174 57
174 127
174 155
174 161
174 163
174 179
174 193
174 196
174 199
175 6
175 33
175 37
175 49
175 65
175 73
175 75
175 94
175 105
175 127
175 149
175 164
175 168
176 54
176 153
176 166
176 171
176 181
177 25
177 34
177 40
177 48
177 61
177 78
177 184
177 192
178 1
178 4
178 15
178 18
178 31
178 34
178 49
178 68
178 73
178 98
178 124
178 128
178 132
178 138
178 139
178 140
179 22
179 55
179 59
179 67
179 100
179 108
179 110
179 111
179 117
179 132
179 156
179 194
180 3
180 12
180 15
180 31
180 50
180 107
180 124
180 141
180 166
180 186
181 53
181 66
181 125
181 139
181 194
182 25
182 74
182 75
182 83
182 176
183 23
183 39
183 86
183 102
183 107
183 115
183 118
183 123
183 159
183 162
183 177
183 180
184 34
184 50
184 52
184 61
184 62
184 63
184 144
184 145
184 189
185 11
185 13
185 32
185 51
185 103
185 121
185 128
185 133
185 160
185 168
185 170
185 191
185 192
186 2
186 14
186 29
186 33
186 58
186 72
186 80
186 157
186 173
186 177
186 182
186 198
187 47
187 67
187 84
187 86
187 92
187 108
187 114
187 121
187 136
187 170
188 6
188 14
188 38
188 49
188 89
188 159
188 163
188 176
188 195
189 5
189 15
189 16
189 23
189 28
189 52
189 73
189 77
189 156
189 182
189 192
190 2
190 23
190 28
190 36
190 85
190 97
190 141
190 197
191 3
191 32
191 44
191 85
191 86
191 93
191 115
191 133
191 163
191 166
191 190
192 4
192 77
192 79
192 86
192 111
192 115
192 118
192 129
192 157
192 167
192 180
192 194
192 196
193 55
193 78
193 100
193 118
193 121
193 122
193 125
193 144
194 18
194 63
194 78
194 88
194 117
194 135
194 157
194 162
195 9
195 27
195 37
195 46
195 58
195 75
195 88
195 93
195 95
195 134
195 145
195 156
195 191
196 1
196 6
196 33
196 54
196 67
196 89
196 92
196 99
196 109
196 164
196 170
196 189
196 191
197 46
197 66
197 71
197 116
197 135
197 147
197 159
197 175
197 188
197 194
198 32
198 43
198 52
198 67
198 101
198 108
198 137
198 145
198 168
198 199
199 11
199 14
199 39
199 76
199 91
199 123
199 139
199 151
199 163
199 179
200 30
200 56
200 59
200 64
200 84
200 92
200 128
200 132
200 142
200 150
200 179
200 189
200 198

