250 2000
87 119 41 92 60 120 36 71 20 50 95 60 46 42 81 23 113 116 45 50 42 92 62 35 60 113 93 110 54 87 40 44 80 109 82 103 50 28 85 45 118 115 118 26 75 94 81 119 36 55 82 58 78 20 101 101 106 28 100 63 105 78 82 26 77 101 40 78 82 78 55 100 47 105 92 32 66 40 26 101 33 92 20 79 89 113 44 105 96 42 55 48 56 83 54 53 91 109 60 21 101 109 84 118 29 102 43 46 96 29 75 100 69 21 81 87 112 95 66 99 92 115 31 99 82 58 96 103 20 115 101 22 93 23 47 70 30 50 73 44 113 103 52 57 54 104 25 88 81 116 38 68 116 110 80 52 105 21 99 57 47 51 93 31 118 86 88 119 51 79 42 114 100 93 89 105 40 53 118 56 115 115 97 65 23 104 110 25 36 40 37 93 64 94 28 59 67 96 49 26 103 80 109 101 20 96 69 114 112 80 44 58 113 113 35 66 56 87 26 106 56 72 87 67 48 111 50 96 39 60 29 96 30 48 29 70 84 78 92 95 42 61 52 46 32 120 83 44 64 120 
1 16
1 82
1 103
1 105
1 138
1 145
1 149
1 183
1 220
1 222
2 29
2 80
2 81
2 101
2 113
2 117
2 157
2 165
2 183
2 206
2 218
2 238
2 239
3 8
3 17
3 43
3 49
3 53
3 110
3 221
3 245
3 249
4 8
4 33
4 51
4 94
4 106
4 134
4 142
4 150
4 162
4 219
4 227
4 240
5 9
5 43
5 95
5 106
5 158
5 193
5 216
5 220
5 249
6 17
6 61
6 70
6 100
6 112
6 186
6 199
6 204
6 220
6 232
7 52
7 88
7 126
7 129
7 151
7 182
7 207
7 208
7 223
8 30
8 48
9 58
9 84
9 105
9 106
9 119
9 152
9 154
9 208
9 209
9 238
10 30
10 141
10 153
10 222
10 240
11 43
11 53
11 57
11 59
11 84
11 88
11 96
11 108
11 189
11 222
11 230
11 237
12 7
12 15
12 58
12 212
12 218
12 244
13 31
13 61
13 80
13 94
13 194
13 236
14 7
14 22
14 36
14 56
14 168
14 176
14 181
14 201
14 208
14 225
15 4
15 139
15 149
15 159
15 221
15 231
16 32
16 34
16 44
16 79
16 134
16 143
16 182
16 209
17 206
17 244
18 1
18 21
18 61
18 102
18 104
18 186
18 202
18 230
19 62
19 100
19 121
19 127
19 203
19 204
20 12
20 67
20 126
20 130
20 132
20 153
20 154
20 200
20 239
21 29
21 50
21 67
21 69
21 79
21 112
21 136
21 185
21 209
21 225
22 5
22 19
22 23
22 33
22 56
22 61
22 91
22 108
22 142
22 173
22 187
22 229
22 232
22 237
23 15
23 25
23 49
23 65
23 71
23 205
23 219
24 26
24 41
24 52
24 137
24 160
24 173
24 199
25 14
25 59
25 72
25 89
25 144
25 197
25 211
25 220
25 238
26 19
26 66
26 71
26 73
26 116
26 143
26 149
26 228
27 54
27 71
27 182
27 206
27 209
27 235
28 3
28 21
28 61
28 104
28 131
28 189
28 194
28 202
28 219
28 231
29 32
29 44
29 86
29 94
29 112
29 229
29 237
30 1
30 12
30 18
30 20
30 91
30 103
30 119
30 124
30 226
30 227
30 230
31 17
31 38
31 128
31 135
31 212
31 230
31 235
31 243
32 8
32 22
32 31
32 157
32 175
32 182
32 209
32 217
32 228
33 45
33 105
33 108
33 115
33 140
33 170
33 203
33 208
33 229
33 249
34 11
34 22
34 68
34 91
34 101
34 108
34 149
34 171
34 179
34 241
35 14
35 31
35 43
35 48
35 68
35 116
35 170
35 187
35 216
36 3
36 23
36 77
36 82
36 93
36 100
36 107
36 117
36 123
36 148
36 201
37 6
37 31
37 50
37 86
37 123
37 131
37 155
37 181
37 210
37 217
37 241
38 8
38 9
38 14
38 24
38 34
38 62
38 108
38 125
38 180
39 5
39 18
39 33
39 93
39 113
39 138
39 145
39 148
39 188
39 192
39 225
40 99
40 100
40 139
40 141
40 146
40 181
40 236
41 5
41 11
41 22
41 26
41 43
41 66
41 82
41 106
41 137
41 166
41 219
41 234
42 25
42 31
42 63
42 78
42 150
42 206
43 22
43 67
43 86
43 87
43 100
43 152
43 161
44 3
44 115
44 118
44 120
44 149
44 165
44 189
44 228
45 11
45 42
45 141
45 148
45 194
45 203
45 208
45 213
46 9
46 85
46 128
46 138
46 157
46 183
46 249
47 18
47 92
47 93
47 135
47 139
47 224
47 230
47 232
48 27
48 96
48 109
48 151
48 152
48 173
48 205
49 4
49 34
49 96
49 139
49 190
49 209
49 240
50 2
50 27
50 40
50 66
50 150
51 39
51 63
51 65
51 76
51 80
51 84
51 112
51 117
51 132
51 135
51 171
51 174
51 179
51 210
51 249
52 4
52 51
52 68
52 84
52 89
52 127
52 146
52 233
53 64
53 90
53 98
53 107
53 123
53 210
53 232
54 43
54 60
54 77
54 109
54 152
54 174
54 186
54 213
54 225
55 7
55 24
55 29
55 40
55 53
55 68
55 112
55 195
55 220
55 238
56 23
56 27
56 44
56 73
56 78
56 105
56 149
56 154
56 170
56 191
56 237
56 239
57 17
57 28
57 67
57 73
57 167
57 221
57 225
57 242
58 16
58 35
58 50
58 71
58 111
58 165
58 187
58 190
59 7
59 35
59 52
59 65
59 88
59 91
59 95
59 118
59 131
59 139
59 180
60 11
60 57
60 103
60 165
60 183
61 24
61 77
61 108
61 210
62 8
62 59
62 106
62 134
62 161
62 174
62 186
62 198
62 219
63 18
63 48
63 98
63 143
63 151
63 227
63 230
63 245
64 21
64 54
64 132
64 199
64 247
65 5
65 75
65 89
65 90
65 108
65 130
65 149
65 183
66 14
66 25
66 37
66 127
66 158
66 166
66 168
67 6
67 11
67 23
67 32
67 40
67 47
67 98
67 106
67 109
67 128
67 131
67 168
67 195
67 205
67 211
67 238
68 3
68 39
68 61
68 62
68 153
68 166
68 228
69 3
69 49
69 60
69 80
69 90
69 91
69 174
70 110
70 128
70 136
70 166
70 169
70 170
70 192
70 195
70 198
70 238
71 38
71 40
71 107
71 216
71 228
71 247
72 75
72 136
72 154
72 171
72 177
73 6
73 34
73 98
73 160
73 167
73 213
73 242
74 16
74 40
74 48
74 103
74 116
74 127
74 147
74 156
74 189
74 191
74 241
74 246
75 26
75 99
75 194
75 241
76 17
76 45
76 109
76 151
76 174
76 245
77 5
77 22
77 40
77 47
77 169
77 226
78 63
78 92
78 106
78 139
78 166
78 188
78 206
78 221
78 222
78 238
79 9
79 38
79 39
79 130
80 23
80 38
80 73
80 99
80 102
80 147
80 152
80 241
81 10
81 60
81 88
81 97
81 104
81 129
81 136
81 168
81 223
81 245
82 11
82 17
82 25
82 84
82 91
82 100
82 120
82 137
82 170
82 195
82 202
82 207
83 2
83 84
83 91
83 98
83 147
83 214
84 28
84 147
84 159
84 175
84 230
85 16
85 127
85 137
85 166
85 181
85 192
85 208
85 231
86 14
86 32
86 52
86 55
86 74
86 76
86 163
87 3
87 41
87 46
87 89
87 199
87 210
87 238
88 6
88 15
88 30
88 34
88 48
88 78
88 132
88 185
88 233
89 11
89 69
89 93
89 100
89 162
89 211
89 225
90 7
90 31
90 38
90 50
90 78
90 107
90 110
90 173
90 229
90 234
90 242
91 14
91 71
91 93
91 138
92 12
92 31
92 70
92 107
92 139
92 157
92 163
92 174
93 28
93 72
93 81
93 117
93 123
93 129
93 190
94 43
94 78
94 118
94 144
94 152
94 153
94 176
94 243
95 88
95 114
95 129
95 131
95 180
95 217
95 219
96 26
96 133
96 159
96 193
96 233
96 241
97 6
97 28
97 29
97 46
97 99
97 206
97 234
98 51
98 82
98 102
98 124
98 188
98 190
98 238
98 243
99 71
99 83
99 108
99 125
99 130
99 162
100 15
100 25
100 33
100 77
100 108
100 126
100 137
100 163
100 168
100 172
100 209
100 215
100 223
101 96
101 104
101 141
101 152
101 193
101 208
101 215
102 24
102 63
102 130
102 143
102 144
102 149
102 187
102 209
102 227
102 244
103 49
103 62
103 95
103 114
103 115
103 136
103 199
103 212
104 11
104 17
104 26
104 55
104 68
104 87
104 90
104 100
104 115
104 155
104 206
104 250
105 28
105 43
105 103
105 146
105 152
105 182
105 248
106 30
106 45
106 95
106 180
106 183
106 205
106 219
107 18
107 81
107 83
107 143
107 166
107 180
107 194
108 2
108 29
108 35
108 41
108 68
108 106
108 124
108 137
108 207
108 217
108 230
109 7
109 23
109 43
109 75
109 171
109 175
110 30
110 69
110 89
110 244
111 113
111 125
112 49
112 53
112 61
112 113
112 147
112 165
112 209
112 223
112 227
113 116
113 143
113 150
113 157
113 160
114 31
114 66
114 76
114 86
114 111
114 146
114 195
114 202
114 212
114 231
114 241
115 3
115 8
115 40
115 45
115 80
115 128
115 131
115 154
115 165
115 196
115 203
115 211
115 224
115 236
115 238
116 56
116 67
116 88
116 100
116 112
116 118
116 169
116 197
116 220
116 224
117 4
117 23
117 26
117 56
117 108
117 130
117 151
117 234
117 238
117 240
117 250
118 4
118 35
118 47
118 56
118 61
118 98
118 109
118 237
119 34
119 40
119 49
119 122
119 153
119 186
119 243
120 11
120 233
120 248
121 26
121 35
121 55
121 60
121 70
121 157
121 194
121 227
122 11
122 34
122 65
122 67
122 69
122 82
122 101
122 121
122 134
122 136
122 209
123 1
123 23
123 46
123 85
123 90
123 110
123 127
123 129
123 140
124 9
124 18
124 54
124 62
124 94
124 120
124 142
124 158
124 194
124 214
124 228
124 230
125 10
125 30
125 75
125 136
125 139
125 142
125 187
125 202
125 203
125 224
126 12
126 92
126 127
126 185
126 187
126 199
126 207
127 26
127 51
127 63
127 81
127 250
128 56
128 79
128 126
128 129
128 144
128 154
128 155
128 179
128 189
129 46
129 100
129 109
129 110
129 127
129 178
129 187
129 206
129 220
130 9
130 34
130 78
130 106
130 108
130 128
130 163
130 182
130 195
130 200
131 33
131 107
131 171
131 199
131 217
132 63
132 76
132 100
132 139
132 247
133 30
133 40
133 64
133 136
133 152
134 19
134 71
135 37
135 43
135 50
135 53
135 75
135 80
135 103
135 115
135 123
135 158
135 167
135 173
135 197
135 226
135 247
136 39
136 51
136 126
136 214
137 98
137 128
137 183
137 223
137 238
138 84
138 86
138 132
138 191
138 201
138 234
139 18
139 123
139 220
139 227
140 22
140 49
140 78
140 98
140 126
140 158
140 163
140 205
140 215
140 242
141 12
141 77
141 85
141 191
141 197
141 204
141 227
141 229
141 233
141 235
142 45
142 59
142 106
142 215
142 235
143 12
143 42
143 47
143 83
143 95
143 105
143 127
143 213
144 55
144 60
144 108
144 119
144 121
144 148
144 186
144 214
144 230
144 246
145 18
145 23
145 53
145 234
146 9
146 33
146 51
146 89
146 91
146 113
146 124
146 125
146 178
146 197
146 203
146 220
146 233
146 241
146 243
147 13
147 26
147 46
147 69
147 125
147 217
147 247
148 7
148 38
148 40
148 119
148 194
148 204
148 242
148 244
148 250
149 13
149 41
149 46
149 85
149 130
149 131
149 161
150 17
150 132
150 170
150 174
150 192
150 242
151 16
151 26
151 58
151 99
151 124
151 239
151 244
152 12
152 20
152 50
152 87
152 89
152 109
152 195
152 206
152 216
152 238
152 249
153 90
153 114
153 187
153 201
153 242
154 66
154 71
154 74
154 92
154 93
154 140
154 141
154 161
154 166
154 200
155 2
155 65
155 143
155 153
156 43
156 45
156 61
156 102
156 104
156 105
156 149
156 158
156 162
156 174
156 189
156 200
156 225
156 238
157 28
157 35
157 59
158 29
158 47
158 89
158 92
158 134
158 181
158 232
159 5
159 16
159 17
159 37
159 50
159 64
159 149
159 235
159 247
160 187
160 204
160 206
161 23
161 26
161 32
161 48
161 64
161 71
161 99
161 121
161 125
161 180
161 182
161 187
161 198
161 199
161 222
161 226
162 56
162 84
162 158
162 165
162 179
162 194
162 203
162 220
163 16
163 55
163 71
163 145
163 183
163 229
163 250
164 7
164 19
164 32
164 57
164 58
164 68
164 192
164 205
165 18
165 28
165 56
165 65
165 71
165 99
165 157
165 206
165 210
165 217
165 233
166 8
166 12
166 40
166 79
166 99
166 108
166 140
166 141
166 142
166 146
166 236
167 28
167 59
167 91
167 96
167 116
167 155
167 157
167 164
167 219
167 224
167 228
167 241
168 133
168 226
168 242
168 245
169 10
169 18
169 26
169 39
169 97
169 129
169 200
169 203
169 217
169 237
170 105
170 112
170 195
170 211
170 249
171 44
171 68
171 152
171 177
171 187
171 193
171 203
171 218
171 231
172 81
172 223
173 7
173 15
173 32
173 46
173 106
173 148
173 231
174 39
174 66
174 70
174 90
174 129
174 153
174 168
174 216
174 236
174 249
175 34
175 74
175 114
175 121
175 226
176 46
176 47
176 80
176 83
177 18
177 24
177 31
177 50
177 52
177 188
177 214
178 2
178 53
178 58
178 86
178 131
178 132
178 209
178 223
178 226
178 227
178 242
178 243
179 18
179 21
179 174
179 191
179 227
180 93
180 100
180 105
180 147
180 148
180 149
180 168
180 211
180 220
180 236
181 11
181 32
181 97
181 136
181 165
181 225
181 235
182 13
182 28
182 29
182 33
182 34
182 41
182 104
182 118
182 136
182 144
182 187
182 203
183 53
183 96
183 104
183 109
183 131
183 158
183 161
183 174
183 184
183 217
183 243
184 9
184 27
184 68
184 70
184 83
184 90
184 115
184 134
184 144
184 205
184 211
184 249
185 15
185 44
185 65
185 66
185 110
185 147
185 150
185 152
185 168
185 186
185 238
185 241
186 26
186 63
186 106
186 123
186 147
186 168
186 177
186 187
186 197
186 217
187 38
187 144
187 145
187 173
187 177
187 204
187 207
187 250
188 16
188 21
188 86
188 87
188 88
188 90
188 102
188 118
188 146
188 183
188 219
188 234
189 40
189 109
189 111
189 226
190 17
190 67
190 69
190 94
190 128
190 189
190 249
191 26
191 60
191 87
191 118
191 125
191 175
191 180
192 28
192 30
192 33
192 36
192 62
192 73
192 102
192 113
192 151
192 158
192 173
192 238
193 40
193 44
193 137
193 154
193 206
193 209
193 218
194 47
194 71
194 104
194 131
194 241
195 3
195 94
195 112
195 131
195 144
195 156
195 207
195 246
196 41
196 86
196 127
196 138
196 223
197 15
197 21
197 41
197 54
197 62
197 109
197 129
197 152
198 146
198 222
199 19
199 50
199 108
199 143
199 150
199 166
199 194
199 214
199 229
200 87
200 167
200 187
201 27
201 45
201 51
201 61
201 67
201 112
201 127
201 132
201 163
201 166
201 205
201 210
201 236
202 37
202 39
202 80
202 168
202 210
202 249
203 50
203 85
203 99
203 142
203 192
203 244
204 15
204 20
204 24
204 36
204 66
204 90
204 99
204 107
204 129
204 167
204 193
204 206
204 238
205 46
205 60
205 63
205 75
205 111
205 155
205 166
205 169
205 186
206 72
206 145
206 169
206 170
206 176
206 180
207 4
207 12
207 73
207 179
208 52
208 111
208 134
208 175
209 1
209 72
209 167
209 187
209 197
210 13
210 39
210 62
210 96
210 127
210 140
210 145
210 163
210 198
211 70
211 81
211 96
211 123
211 126
211 133
211 232
212 11
212 34
212 54
212 66
212 145
212 164
212 175
213 37
213 88
213 118
213 154
213 158
213 181
213 208
213 219
214 7
214 55
214 78
214 81
214 117
214 118
214 125
214 147
214 215
214 220
215 43
215 102
215 108
215 134
215 143
215 168
215 208
215 228
215 239
215 246
216 32
216 45
216 108
216 116
216 134
216 137
216 226
216 232
216 238
217 25
217 30
217 53
217 70
217 99
217 128
217 133
217 197
217 208
218 106
218 110
219 10
219 44
219 78
219 194
219 234
219 242
220 53
220 96
220 126
220 142
220 210
220 230
220 233
220 242
221 101
221 137
221 177
221 185
221 200
222 22
222 65
222 92
222 107
222 145
222 192
222 207
222 218
223 43
223 45
223 52
223 107
223 234
224 2
224 68
224 111
224 126
224 148
224 169
224 176
225 25
225 71
225 99
225 112
225 137
225 155
225 221
225 228
225 233
226 48
226 53
226 63
226 87
226 101
226 104
226 107
226 137
226 141
226 181
227 20
227 35
227 40
227 123
227 165
227 186
227 201
227 223
227 225
227 230
227 239
228 23
228 29
228 58
228 89
228 116
228 128
228 135
228 137
228 246
228 248
228 250
229 10
229 42
229 58
229 79
229 100
229 108
229 112
229 133
229 145
229 155
229 178
229 190
229 233
230 14
230 88
230 104
230 191
230 194
230 203
231 32
231 48
231 108
231 120
231 178
231 250
232 27
232 44
232 64
232 81
232 87
232 93
232 155
232 182
232 194
232 200
233 44
233 71
233 95
233 99
233 108
233 204
233 221
234 11
234 66
234 76
234 100
234 106
234 126
234 174
234 193
234 199
235 83
235 153
235 176
235 210
235 221
235 233
235 245
236 58
236 68
236 87
236 93
236 137
236 152
236 165
236 213
236 223
236 233
236 242
237 27
237 39
237 121
237 133
237 142
237 156
237 173
237 225
237 230
237 233
238 11
238 27
238 126
238 130
238 139
238 196
238 203
239 24
239 33
239 140
239 153
240 61
240 94
240 116
240 130
240 155
240 222
241 18
241 47
241 57
241 102
241 108
241 109
241 160
241 170
241 178
241 182
241 218
241 227
242 161
242 169
242 184
242 218
242 221
242 249
243 3
243 46
243 54
243 80
243 91
243 106
243 201
243 219
244 15
244 25
244 37
244 40
244 92
244 111
244 120
244 201
244 205
244 224
245 4
245 19
245 96
245 99
245 113
245 124
245 184
245 216
246 35
246 95
246 141
246 184
246 238
247 3
247 4
247 99
247 162
247 192
247 193
247 231
247 236
247 246
248 20
248 24
248 119
248 158
248 159
248 244
249 10
249 45
249 50
249 149
249 167
249 187
249 188
249 195
249 215
249 247
249 248
250 34
250 77
250 105
250 249

