50 500
87 90 52 107 89 43 67 84 25 106 86 35 108 74 32 28 90 22 94 95 23 54 20 96 62 59 36 42 41 94 100 76 88 67 120 61 76 41 67 102 106 112 44 68 60 97 95 80 96 90 
1 2
1 3
1 14
1 21
1 30
1 38
1 44
1 46
2 4
2 5
2 7
2 16
2 29
2 30
2 38
2 40
2 42
3 5
3 11
3 13
3 19
3 33
3 38
3 39
3 41
3 44
4 14
4 31
4 34
4 35
4 48
4 50
5 4
5 6
5 20
5 31
5 40
5 41
5 42
6 10
6 20
6 21
6 41
6 43
6 44
7 5
7 10
7 20
7 22
7 23
7 26
7 34
7 36
7 43
7 45
7 49
8 4
8 5
8 6
8 13
8 21
8 26
8 32
8 33
8 34
8 39
8 41
8 46
8 47
8 50
9 7
9 27
9 31
9 32
10 1
10 4
10 5
10 8
10 9
10 14
10 28
10 30
10 33
10 35
10 39
10 46
10 50
11 4
11 7
11 20
11 25
11 27
11 32
11 33
11 48
12 3
12 4
12 6
12 7
12 11
12 17
12 20
12 22
12 24
12 32
12 35
12 39
12 45
12 47
13 5
13 12
13 14
13 16
13 25
13 44
13 45
13 47
13 48
14 7
14 9
14 11
14 22
14 25
14 27
14 30
14 47
15 3
15 4
15 9
15 25
15 29
15 35
15 36
15 45
15 46
15 50
16 6
16 11
16 20
16 27
16 29
16 35
16 37
16 38
16 42
17 4
17 7
17 9
17 10
17 34
17 40
17 41
17 42
18 3
18 4
18 5
18 6
18 7
18 12
18 15
18 16
18 34
18 35
18 46
18 49
19 6
19 7
19 16
19 17
19 22
19 23
19 25
19 26
19 34
19 45
19 46
19 47
20 1
20 8
20 19
20 22
20 24
20 39
20 45
20 49
21 2
21 7
21 10
21 18
21 19
21 20
21 22
21 25
21 32
21 39
21 49
22 2
22 15
22 17
22 29
22 33
22 38
22 45
22 50
23 2
23 3
23 8
23 11
23 21
23 22
23 25
23 29
23 34
23 36
23 40
23 47
23 48
24 3
24 6
24 7
24 8
24 10
24 25
24 26
24 30
24 31
24 39
24 42
24 44
25 2
25 5
25 7
25 10
25 12
25 16
25 17
25 18
25 28
25 29
25 39
25 41
25 42
25 43
25 47
25 48
26 1
26 10
26 14
26 16
26 20
26 23
26 25
26 30
26 36
26 40
26 43
26 48
27 12
27 15
27 17
27 18
27 21
27 26
27 30
27 38
27 42
27 46
28 1
28 3
28 4
28 14
28 19
28 21
28 29
28 37
28 43
28 44
28 46
29 1
29 4
29 5
29 20
29 37
29 50
30 13
30 18
30 21
30 22
30 25
30 28
30 40
31 10
31 18
31 23
31 25
31 30
31 36
31 39
31 41
31 46
31 47
31 50
32 5
32 13
32 19
32 20
32 23
32 27
32 28
32 29
32 31
32 34
32 37
32 39
32 42
32 44
33 2
33 5
33 14
33 18
33 26
33 27
33 28
33 34
33 45
33 48
34 6
34 11
34 13
34 15
34 24
34 30
34 42
35 1
35 6
35 19
35 27
35 38
35 44
35 46
35 48
35 49
36 3
36 5
36 12
36 13
36 16
36 17
36 19
36 20
36 21
36 25
36 27
36 44
36 47
37 9
37 14
37 15
37 20
37 22
37 23
37 24
37 25
37 26
37 31
37 35
37 38
37 48
38 15
38 18
38 19
38 24
38 36
38 47
38 50
39 11
39 18
39 22
39 26
39 27
39 28
39 37
39 41
39 45
40 3
40 16
40 18
40 19
40 21
40 27
40 33
40 37
40 42
40 45
40 48
41 14
41 18
41 23
41 27
41 28
41 33
41 36
41 38
41 42
41 43
41 48
42 13
42 20
42 22
42 23
42 26
42 29
42 33
43 2
43 4
43 9
43 13
43 14
43 17
43 19
43 20
43 21
43 23
43 29
43 34
43 38
43 42
44 7
44 17
44 23
44 33
44 42
44 46
45 6
45 9
45 16
45 25
45 28
45 30
45 43
46 13
46 16
46 17
46 21
46 34
46 39
46 41
46 48
47 2
47 5
47 7
47 9
47 10
47 15
47 16
47 17
47 18
47 20
47 27
47 30
47 32
47 37
47 42
47 50
48 1
48 8
48 15
48 20
48 22
48 29
48 31
48 34
48 39
48 42
48 45
49 1
49 5
49 6
49 8
49 10
49 12
49 17
49 19
49 26
49 30
49 43
49 45
49 47
50 2
50 5
50 9
50 12
50 21
50 27
50 36
50 41
50 42
50 43
50 45
50 48

