300 5000
98 30 86 77 55 66 50 98 55 116 90 111 56 116 52 81 76 37 41 69 21 49 20 114 55 41 30 37 99 97 36 113 76 74 48 95 65 24 21 23 65 30 37 119 50 83 54 42 79 38 23 48 71 67 75 40 99 80 23 68 84 90 88 48 72 78 72 76 25 88 87 78 68 31 99 117 23 21 76 113 71 66 23 34 92 97 89 80 120 44 114 76 26 71 36 39 104 38 52 58 115 120 28 70 35 52 74 28 84 72 34 99 77 118 71 94 115 67 45 120 44 100 58 107 72 46 46 24 101 25 118 81 76 31 98 98 41 104 79 56 59 83 90 101 53 40 35 21 55 113 38 66 34 54 20 117 78 93 94 99 39 64 25 63 72 102 72 92 21 101 83 86 102 59 22 114 57 48 33 27 77 28 49 34 21 62 53 40 65 44 72 61 120 105 57 84 103 112 104 42 109 22 40 105 44 85 45 35 83 100 101 43 48 51 116 48 82 91 40 54 69 47 84 23 79 87 58 25 68 48 69 79 61 95 51 106 120 41 32 57 48 105 68 34 115 63 46 82 41 21 55 88 101 73 37 109 45 68 28 57 76 45 92 62 65 92 66 79 66 92 48 59 108 26 56 102 95 87 50 76 92 38 34 26 36 24 27 30 44 118 32 69 100 91 66 98 53 99 81 52 
1 8
1 24
1 44
1 66
1 92
1 104
1 187
1 202
1 229
1 231
1 236
1 256
1 261
1 272
1 296
2 21
2 33
2 79
2 84
2 88
2 93
2 103
2 110
2 141
2 159
2 186
2 252
2 265
2 292
2 294
3 28
3 60
3 73
3 101
3 121
3 137
3 176
3 210
3 231
3 240
3 267
3 268
4 31
4 49
4 116
4 151
4 207
4 216
4 298
4 300
5 2
5 21
5 32
5 66
5 126
5 133
5 139
5 197
5 206
5 213
5 224
5 287
5 288
6 13
6 20
6 31
6 69
6 88
6 109
6 127
6 133
6 145
6 155
6 200
6 215
6 222
6 241
6 273
7 18
7 44
7 60
7 61
7 76
7 80
7 82
7 89
7 99
7 106
7 120
7 130
7 135
7 151
7 171
7 190
7 205
7 262
7 273
7 280
7 298
8 26
8 29
8 35
8 37
8 44
8 47
8 59
8 65
8 84
8 134
8 162
8 182
8 200
8 208
8 220
8 221
8 236
8 278
8 282
9 8
9 19
9 67
9 84
9 91
9 106
9 122
9 130
9 132
9 136
9 140
9 154
9 174
9 210
9 228
9 267
9 287
10 4
10 25
10 26
10 29
10 32
10 55
10 113
10 128
10 146
10 221
10 223
10 242
10 247
10 249
10 287
11 15
11 18
11 19
11 26
11 72
11 81
11 93
11 95
11 109
11 114
11 116
11 150
11 173
11 193
11 205
11 220
11 224
11 229
11 241
11 246
11 252
11 256
11 267
11 277
12 2
12 19
12 38
12 69
12 110
12 112
12 116
12 162
12 189
12 197
12 249
12 253
12 262
12 263
12 289
12 296
13 14
13 18
13 57
13 64
13 98
13 142
13 143
13 180
13 185
13 194
13 203
13 222
13 234
13 278
14 61
14 65
14 135
14 175
14 178
14 214
14 248
14 257
14 261
14 280
15 64
15 66
15 70
15 90
15 97
15 109
15 122
15 125
15 166
15 204
15 227
15 230
15 247
15 250
15 255
15 279
16 47
16 65
16 109
16 112
16 116
16 122
16 123
16 135
16 158
16 211
16 248
16 262
16 275
17 19
17 25
17 26
17 46
17 106
17 136
17 150
17 160
17 165
17 182
17 210
17 233
17 242
17 253
17 254
17 255
17 276
17 290
17 298
18 1
18 30
18 60
18 61
18 81
18 84
18 101
18 103
18 107
18 118
18 133
18 142
18 156
18 157
18 159
18 163
18 170
18 174
18 208
18 217
18 269
19 2
19 5
19 21
19 43
19 45
19 87
19 96
19 108
19 109
19 111
19 128
19 129
19 142
19 160
19 164
19 196
19 197
19 207
19 227
19 249
19 250
19 283
19 295
20 33
20 34
20 35
20 58
20 59
20 62
20 75
20 81
20 91
20 107
20 108
20 125
20 134
20 138
20 145
20 172
20 175
20 176
20 195
20 199
20 221
20 231
20 239
20 244
20 294
21 18
21 34
21 51
21 60
21 63
21 73
21 79
21 117
21 132
21 165
21 195
21 204
21 207
21 214
21 238
21 243
21 253
21 274
21 280
22 6
22 9
22 14
22 16
22 17
22 62
22 73
22 74
22 97
22 103
22 116
22 125
22 127
22 134
22 154
22 155
22 163
22 181
22 212
22 262
23 50
23 68
23 76
23 137
23 158
23 181
23 187
23 201
23 211
23 239
23 247
23 248
23 262
24 10
24 21
24 90
24 114
24 148
24 149
24 150
24 238
24 246
24 261
24 293
24 298
25 6
25 38
25 39
25 53
25 67
25 81
25 105
25 133
25 175
25 204
25 206
25 219
25 220
25 246
25 270
25 279
26 3
26 20
26 50
26 62
26 76
26 87
26 130
26 198
26 200
26 201
26 219
26 224
26 259
26 278
26 280
26 296
27 6
27 8
27 29
27 81
27 116
27 133
27 174
27 228
27 236
27 241
27 248
27 288
28 22
28 37
28 108
28 122
28 139
28 143
28 176
28 187
28 221
28 245
28 247
28 253
28 269
28 291
29 52
29 89
29 102
29 110
29 148
29 183
29 184
29 218
29 227
29 247
30 25
30 35
30 50
30 55
30 88
30 129
30 188
30 193
30 223
30 246
30 258
31 18
31 32
31 42
31 51
31 90
31 92
31 100
31 102
31 129
31 146
31 152
31 180
31 181
31 200
31 217
31 284
32 76
32 78
32 79
32 89
32 90
32 132
32 181
32 206
32 242
32 254
32 255
32 257
32 261
32 262
32 297
33 11
33 12
33 17
33 24
33 32
33 37
33 85
33 88
33 92
33 121
33 132
33 144
33 192
33 202
33 204
33 210
33 216
33 226
33 234
33 256
34 12
34 53
34 89
34 105
34 114
34 140
34 145
34 151
34 159
34 164
34 170
34 174
34 177
34 196
34 208
34 239
34 257
34 271
34 300
35 11
35 51
35 59
35 81
35 88
35 92
35 103
35 130
35 131
35 132
35 143
35 153
35 269
35 275
35 293
35 298
36 65
36 81
36 82
36 89
36 122
36 158
36 205
36 212
36 250
36 264
36 276
36 295
37 9
37 10
37 16
37 93
37 94
37 103
37 113
37 119
37 137
37 148
37 160
37 161
37 178
37 187
37 206
37 245
37 268
37 275
38 58
38 66
38 67
38 78
38 87
38 99
38 118
38 154
38 169
38 170
38 192
38 212
38 214
38 234
38 237
38 242
38 245
38 270
38 271
38 277
38 288
39 4
39 8
39 10
39 14
39 29
39 31
39 53
39 62
39 69
39 86
39 94
39 107
39 163
39 200
39 203
39 209
39 217
39 257
39 270
39 281
39 300
40 5
40 11
40 13
40 19
40 61
40 68
40 93
40 121
40 130
40 141
40 180
40 185
40 191
40 216
40 250
40 257
40 296
41 33
41 45
41 47
41 89
41 121
41 146
41 147
41 158
41 160
41 194
41 201
41 206
41 209
41 223
41 226
41 235
41 249
41 259
42 12
42 35
42 62
42 64
42 68
42 71
42 82
42 100
42 107
42 118
42 136
42 202
42 215
42 233
42 239
42 248
42 261
42 267
42 278
43 20
43 58
43 79
43 148
43 167
43 198
43 201
43 210
43 221
43 226
43 261
43 287
43 289
43 296
44 17
44 30
44 39
44 66
44 83
44 93
44 104
44 109
44 115
44 143
44 154
44 156
44 190
44 208
44 211
44 265
44 277
44 278
44 283
45 26
45 29
45 66
45 67
45 82
45 89
45 90
45 110
45 116
45 126
45 157
45 167
45 177
45 186
45 190
45 219
45 225
45 230
45 240
46 28
46 41
46 58
46 90
46 95
46 119
46 122
46 131
46 137
46 143
46 146
46 152
46 158
46 171
46 185
46 217
46 221
46 237
46 261
47 24
47 33
47 35
47 58
47 61
47 62
47 81
47 83
47 91
47 108
47 111
47 117
47 119
47 125
47 155
47 158
47 166
47 183
47 196
47 200
47 220
47 281
47 291
47 295
48 12
48 24
48 30
48 31
48 64
48 91
48 96
48 129
48 139
48 171
48 181
48 191
48 206
48 230
48 246
48 247
48 289
48 290
49 19
49 31
49 47
49 56
49 59
49 71
49 77
49 87
49 95
49 103
49 104
49 111
49 214
49 216
49 218
49 228
49 238
49 275
49 286
49 296
50 39
50 95
50 120
50 142
50 186
50 195
50 197
50 213
50 240
50 256
50 277
50 284
50 288
50 294
51 3
51 75
51 96
51 143
51 151
51 171
51 193
51 205
51 212
51 232
51 234
51 243
51 255
51 277
51 278
51 281
51 288
51 296
51 298
52 17
52 32
52 69
52 75
52 101
52 110
52 154
52 155
52 160
52 178
52 180
52 193
52 201
52 216
52 222
52 233
52 237
52 270
52 272
52 279
52 298
53 6
53 8
53 9
53 10
53 50
53 61
53 65
53 69
53 81
53 85
53 88
53 109
53 113
53 115
53 153
53 156
53 176
53 190
53 222
53 223
53 236
53 239
53 240
53 268
53 286
53 292
53 300
54 27
54 42
54 71
54 74
54 107
54 122
54 167
54 172
54 191
54 203
54 208
54 235
54 247
54 250
54 278
55 1
55 6
55 16
55 43
55 47
55 61
55 68
55 72
55 131
55 153
55 199
55 201
55 225
55 228
55 244
55 294
55 299
56 1
56 26
56 36
56 42
56 53
56 64
56 139
56 141
56 147
56 205
56 229
56 240
56 269
56 290
56 294
57 35
57 38
57 44
57 49
57 55
57 100
57 138
57 139
57 144
57 181
57 187
57 204
57 227
57 263
57 274
57 296
58 7
58 22
58 31
58 35
58 42
58 49
58 81
58 84
58 100
58 101
58 112
58 130
58 143
58 149
58 177
58 228
58 264
58 294
58 298
59 56
59 70
59 90
59 105
59 123
59 125
59 157
59 158
59 197
59 206
59 207
59 208
59 225
59 230
59 232
59 256
59 258
59 268
59 269
59 296
60 49
60 72
60 92
60 99
60 110
60 130
60 132
60 140
60 152
60 178
60 180
60 197
60 215
60 218
60 219
60 240
60 241
60 246
60 253
60 261
60 271
60 273
60 283
60 284
61 6
61 41
61 46
61 54
61 68
61 70
61 73
61 92
61 113
61 129
61 153
61 163
61 197
61 230
61 235
61 248
61 272
62 14
62 16
62 54
62 81
62 113
62 118
62 137
62 170
62 213
62 221
62 234
62 237
63 1
63 22
63 56
63 73
63 86
63 89
63 91
63 92
63 111
63 123
63 147
63 149
63 184
63 215
63 228
63 245
63 260
63 274
63 284
64 10
64 31
64 35
64 53
64 54
64 73
64 103
64 126
64 148
64 155
64 175
64 196
64 285
65 10
65 13
65 27
65 28
65 66
65 72
65 85
65 87
65 116
65 135
65 149
65 152
65 153
65 165
65 227
65 239
65 255
65 266
65 285
66 6
66 9
66 12
66 21
66 47
66 53
66 60
66 62
66 137
66 144
66 160
66 246
66 249
67 22
67 29
67 31
67 41
67 56
67 92
67 112
67 116
67 176
67 195
67 209
67 219
67 220
67 233
67 257
67 274
67 282
67 295
68 7
68 32
68 37
68 89
68 92
68 103
68 130
68 203
68 205
68 220
68 249
68 265
68 277
69 2
69 37
69 38
69 63
69 65
69 78
69 111
69 162
69 163
69 186
69 215
69 218
69 267
70 4
70 14
70 16
70 33
70 43
70 62
70 64
70 141
70 202
70 237
70 262
70 287
71 61
71 72
71 75
71 179
71 192
71 209
71 212
71 222
71 228
71 236
71 239
71 258
71 273
72 6
72 53
72 63
72 121
72 164
72 176
72 195
72 201
72 230
72 285
73 19
73 43
73 74
73 86
73 139
73 141
73 144
73 158
73 163
73 200
73 213
73 215
73 222
73 253
74 2
74 6
74 25
74 26
74 71
74 76
74 78
74 127
74 152
74 154
74 193
74 243
74 290
74 294
75 45
75 54
75 64
75 76
75 106
75 189
75 195
75 260
75 262
75 282
75 290
75 299
75 300
76 6
76 10
76 14
76 43
76 78
76 122
76 127
76 144
76 183
76 187
76 193
76 220
76 230
76 233
76 241
76 267
76 268
76 275
76 282
76 294
77 25
77 78
77 100
77 116
77 120
77 142
77 167
77 186
77 211
77 229
77 235
77 239
77 242
77 279
77 294
78 75
78 84
78 98
78 137
78 150
78 163
78 166
78 173
78 177
78 203
78 226
78 234
78 254
78 256
78 257
78 264
78 276
78 282
78 283
78 292
78 300
79 12
79 33
79 54
79 94
79 105
79 113
79 121
79 127
79 128
79 161
79 179
79 194
79 260
79 272
79 275
79 283
80 16
80 25
80 27
80 33
80 47
80 82
80 93
80 100
80 118
80 129
80 130
80 145
80 150
80 185
80 207
80 232
80 238
80 244
80 281
80 286
81 17
81 22
81 46
81 49
81 94
81 129
81 187
81 201
81 207
81 224
81 237
81 245
81 277
81 281
82 12
82 41
82 69
82 90
82 101
82 106
82 117
82 132
82 141
82 145
82 166
82 182
82 199
82 207
82 224
82 226
82 277
82 284
82 290
83 107
83 130
83 173
83 189
83 199
83 200
83 203
83 211
83 213
83 219
83 253
83 255
83 265
83 287
84 3
84 19
84 45
84 65
84 80
84 116
84 128
84 133
84 143
84 172
84 208
84 212
84 276
84 289
84 290
84 295
85 30
85 43
85 72
85 83
85 94
85 185
85 198
85 203
85 212
85 224
85 246
85 271
85 274
85 275
85 280
86 3
86 48
86 102
86 121
86 134
86 144
86 149
86 167
86 185
86 205
86 212
86 224
86 252
86 253
86 278
86 284
87 10
87 27
87 28
87 36
87 60
87 66
87 69
87 147
87 183
87 185
87 192
87 212
87 225
87 245
87 276
87 280
87 287
88 49
88 92
88 95
88 120
88 126
88 139
88 160
88 170
88 190
88 203
88 213
88 262
88 299
89 4
89 9
89 13
89 18
89 67
89 74
89 96
89 112
89 114
89 134
89 139
89 150
89 205
89 227
89 248
90 9
90 13
90 26
90 33
90 44
90 49
90 78
90 91
90 115
90 120
90 130
90 139
90 170
90 193
90 236
90 238
90 246
90 275
90 300
91 8
91 38
91 54
91 72
91 74
91 82
91 111
91 117
91 126
91 160
91 162
91 164
91 170
91 207
91 254
91 263
91 294
92 4
92 12
92 22
92 25
92 37
92 47
92 58
92 134
92 184
92 198
92 199
92 216
92 218
92 225
92 230
92 247
92 259
92 280
93 57
93 70
93 85
93 113
93 120
93 124
93 187
93 207
93 264
93 275
93 293
94 13
94 18
94 43
94 44
94 86
94 107
94 116
94 134
94 137
94 138
94 174
94 188
94 221
94 231
94 256
94 261
94 287
95 9
95 40
95 56
95 60
95 84
95 100
95 104
95 126
95 134
95 191
95 192
95 211
95 218
95 234
95 236
95 253
95 256
95 259
95 285
96 12
96 20
96 91
96 99
96 105
96 111
96 115
96 118
96 120
96 123
96 137
96 181
96 182
96 183
96 200
96 206
96 209
96 217
96 259
96 264
96 268
96 290
97 30
97 66
97 87
97 96
97 111
97 120
97 121
97 126
97 177
97 233
97 243
97 251
97 285
98 7
98 23
98 26
98 41
98 59
98 60
98 63
98 70
98 71
98 86
98 93
98 111
98 161
98 178
98 203
98 213
98 215
98 223
98 237
98 239
98 249
98 276
99 9
99 14
99 36
99 45
99 70
99 83
99 113
99 151
99 159
99 167
99 179
99 181
99 204
99 209
99 212
99 251
99 272
100 28
100 30
100 63
100 82
100 109
100 131
100 164
100 222
100 225
100 236
100 292
100 299
101 8
101 12
101 26
101 44
101 45
101 46
101 55
101 60
101 88
101 90
101 99
101 128
101 150
101 163
101 165
101 190
101 229
101 274
101 298
102 28
102 64
102 78
102 137
102 154
102 169
102 173
102 187
102 214
102 256
102 273
102 274
102 288
102 290
102 292
103 7
103 9
103 29
103 82
103 94
103 104
103 120
103 152
103 207
103 223
103 252
103 253
104 3
104 21
104 37
104 51
104 59
104 79
104 159
104 223
104 228
104 247
104 261
104 283
104 286
104 289
105 29
105 39
105 55
105 82
105 99
105 115
105 131
105 145
105 149
105 172
105 178
105 186
105 193
105 225
105 231
105 235
105 272
105 300
106 12
106 32
106 60
106 61
106 89
106 100
106 110
106 139
106 147
106 151
106 159
106 175
106 198
106 205
106 206
106 252
106 264
106 268
106 271
106 278
106 283
107 77
107 96
107 109
107 110
107 118
107 121
107 167
107 173
107 208
107 210
107 213
107 266
107 268
108 24
108 83
108 85
108 90
108 106
108 110
108 217
108 218
108 221
108 223
108 266
108 271
108 275
108 287
109 80
109 83
109 85
109 87
109 89
109 113
109 121
109 163
109 181
109 199
109 202
109 217
109 223
109 227
109 228
109 234
109 250
109 266
110 15
110 30
110 42
110 56
110 70
110 80
110 95
110 98
110 105
110 120
110 125
110 127
110 157
110 166
110 170
110 180
110 192
110 203
110 236
110 273
111 2
111 17
111 31
111 62
111 92
111 113
111 134
111 142
111 143
111 145
111 159
111 172
111 176
111 180
111 198
111 225
111 226
111 234
111 245
111 261
112 24
112 38
112 74
112 79
112 80
112 121
112 146
112 160
112 163
112 176
112 179
112 180
112 212
112 262
112 270
112 274
112 285
113 2
113 28
113 48
113 54
113 59
113 76
113 132
113 135
113 141
113 145
113 173
113 178
113 208
113 216
113 223
113 241
113 247
113 261
113 283
114 8
114 25
114 46
114 48
114 56
114 58
114 76
114 77
114 101
114 107
114 127
114 128
114 166
114 176
114 181
114 186
114 190
114 209
114 227
114 254
114 258
114 299
115 1
115 15
115 22
115 35
115 55
115 63
115 65
115 68
115 75
115 79
115 97
115 103
115 107
115 114
115 127
115 132
115 142
115 174
115 182
115 184
115 225
115 230
115 232
115 254
115 261
115 264
115 269
115 278
115 290
116 39
116 43
116 100
116 115
116 120
116 130
116 133
116 158
116 164
116 170
116 192
116 194
116 196
116 203
116 267
116 281
117 71
117 86
117 118
117 156
117 168
117 212
117 246
117 280
117 291
117 293
118 33
118 97
118 119
118 126
118 132
118 142
118 147
118 149
118 183
118 208
118 215
118 259
118 264
118 274
118 300
119 9
119 12
119 26
119 33
119 62
119 73
119 85
119 100
119 117
119 120
119 180
119 207
119 224
119 238
119 282
119 297
120 27
120 99
120 101
120 102
120 105
120 178
120 188
120 199
120 226
120 240
120 262
120 293
121 29
121 47
121 100
121 110
121 119
121 146
121 193
121 195
121 198
121 221
121 225
121 228
121 240
121 245
121 264
121 288
122 10
122 31
122 37
122 64
122 89
122 102
122 104
122 146
122 151
122 158
122 167
122 195
122 238
123 1
123 10
123 17
123 26
123 56
123 62
123 72
123 114
123 142
123 154
123 163
123 200
123 238
123 244
123 254
123 257
123 276
123 284
124 29
124 65
124 107
124 170
124 182
124 191
124 213
124 222
124 227
124 244
124 254
124 260
124 270
125 23
125 45
125 53
125 76
125 79
125 97
125 183
125 256
125 280
125 297
125 298
126 1
126 3
126 21
126 29
126 47
126 62
126 77
126 104
126 111
126 112
126 117
126 134
126 143
126 147
126 176
126 194
126 223
126 229
126 233
126 245
126 251
126 266
126 296
127 18
127 21
127 35
127 38
127 41
127 55
127 71
127 88
127 89
127 112
127 123
127 142
127 146
127 162
127 181
127 194
127 203
127 273
127 274
128 8
128 80
128 87
128 93
128 94
128 99
128 110
128 144
128 152
128 159
128 193
128 222
128 240
128 247
128 268
128 269
128 272
129 15
129 43
129 54
129 69
129 74
129 84
129 108
129 116
129 130
129 135
129 183
129 184
129 221
129 243
129 246
129 288
130 11
130 12
130 45
130 52
130 86
130 96
130 97
130 102
130 119
130 122
130 128
130 139
130 150
130 162
130 163
130 188
130 189
130 198
130 203
130 215
130 216
130 217
130 218
130 233
130 235
130 253
130 255
130 272
130 277
130 297
130 299
131 7
131 34
131 64
131 80
131 84
131 86
131 113
131 117
131 121
131 151
131 153
131 204
131 219
131 221
131 222
131 231
131 239
131 263
131 267
131 288
131 294
131 296
131 298
132 18
132 58
132 114
132 125
132 130
132 163
132 210
132 212
132 213
132 214
132 244
132 279
132 285
133 11
133 29
133 32
133 55
133 56
133 62
133 65
133 92
133 93
133 96
133 110
133 120
133 129
133 191
133 207
133 219
133 228
133 233
133 254
133 257
133 261
133 279
133 283
133 286
134 2
134 43
134 105
134 110
134 178
134 181
134 186
134 194
134 219
134 240
134 271
134 283
134 287
134 293
134 298
135 31
135 37
135 60
135 61
135 68
135 196
135 201
135 202
135 219
135 240
135 255
135 271
135 292
135 293
136 14
136 55
136 56
136 61
136 71
136 80
136 91
136 104
136 112
136 113
136 128
136 192
136 209
136 221
136 223
136 242
136 252
136 287
137 9
137 40
137 52
137 69
137 100
137 150
137 152
137 189
137 203
137 222
137 248
137 262
137 264
137 277
137 283
137 288
137 300
138 52
138 54
138 82
138 95
138 96
138 130
138 133
138 143
138 153
138 178
138 199
138 215
139 13
139 40
139 51
139 54
139 58
139 86
139 99
139 116
139 136
139 140
139 179
139 184
139 187
139 200
139 207
139 233
139 268
139 286
139 287
139 290
140 12
140 36
140 70
140 85
140 96
140 107
140 114
140 121
140 123
140 155
140 156
140 177
140 190
140 199
140 215
140 239
140 252
140 257
140 260
140 261
140 274
140 293
141 25
141 32
141 53
141 110
141 111
141 129
141 147
141 148
141 149
141 170
141 179
141 184
141 227
141 232
141 234
141 241
141 255
141 293
142 6
142 45
142 59
142 64
142 85
142 87
142 89
142 97
142 106
142 160
142 210
142 214
142 217
142 249
142 265
142 275
142 283
143 5
143 8
143 11
143 25
143 61
143 63
143 92
143 123
143 135
143 157
143 186
143 291
143 293
144 10
144 53
144 55
144 65
144 84
144 85
144 87
144 114
144 130
144 143
144 153
144 172
144 199
144 223
144 298
145 23
145 38
145 62
145 63
145 70
145 71
145 87
145 88
145 90
145 96
145 114
145 149
145 166
145 269
145 295
146 43
146 72
146 103
146 107
146 114
146 118
146 149
146 169
146 174
146 179
146 182
146 224
146 231
146 237
146 255
146 269
146 281
146 282
146 297
147 44
147 54
147 91
147 114
147 134
147 144
147 149
147 200
147 212
147 297
147 298
148 2
148 4
148 7
148 8
148 32
148 66
148 69
148 72
148 79
148 83
148 93
148 102
148 103
148 111
148 113
148 119
148 161
148 172
148 177
148 181
148 213
148 267
148 288
149 4
149 40
149 46
149 57
149 74
149 76
149 91
149 104
149 138
149 182
149 284
149 290
150 13
150 23
150 28
150 33
150 47
150 50
150 76
150 85
150 105
150 163
150 198
150 200
150 209
150 261
150 267
150 277
150 300
151 9
151 25
151 63
151 100
151 126
151 140
151 214
151 222
151 232
151 241
151 261
151 278
151 281
152 14
152 15
152 35
152 55
152 57
152 58
152 79
152 108
152 151
152 157
152 188
152 193
152 225
152 235
152 246
152 272
152 287
153 13
153 14
153 22
153 23
153 50
153 56
153 84
153 106
153 119
153 123
153 134
153 155
153 174
153 195
153 206
153 233
153 259
153 289
154 21
154 32
154 77
154 78
154 81
154 91
154 130
154 156
154 163
154 169
154 175
154 229
154 244
154 256
154 270
155 1
155 57
155 84
155 91
155 109
155 115
155 116
155 126
155 146
155 148
155 221
155 235
155 236
155 240
155 280
156 12
156 15
156 33
156 113
156 135
156 137
156 148
156 151
156 169
156 191
156 193
156 260
157 6
157 30
157 46
157 54
157 95
157 109
157 115
157 119
157 140
157 149
157 160
157 165
157 229
157 236
157 257
157 270
157 273
157 296
158 20
158 33
158 53
158 62
158 70
158 90
158 97
158 159
158 220
158 225
158 240
158 260
158 271
158 278
158 293
159 25
159 28
159 30
159 37
159 40
159 44
159 100
159 114
159 123
159 182
159 201
159 213
159 215
159 231
159 264
159 290
160 6
160 28
160 43
160 109
160 111
160 117
160 119
160 143
160 145
160 159
160 169
160 258
160 266
160 284
160 288
161 67
161 102
161 143
161 185
161 226
161 240
161 257
161 258
161 285
161 290
161 294
162 10
162 40
162 68
162 76
162 110
162 119
162 121
162 136
162 150
162 151
162 175
162 194
162 196
162 207
162 222
162 277
162 282
162 287
162 297
163 2
163 9
163 11
163 28
163 88
163 89
163 102
163 146
163 153
163 195
163 213
163 231
163 250
163 254
163 256
163 259
163 263
163 271
163 283
164 24
164 48
164 54
164 56
164 69
164 84
164 103
164 105
164 108
164 138
164 150
164 156
164 178
164 183
164 227
164 278
164 280
164 283
164 298
165 3
165 5
165 12
165 13
165 27
165 28
165 40
165 45
165 69
165 85
165 86
165 115
165 133
165 155
165 162
165 201
165 258
165 267
165 290
165 291
165 296
166 10
166 34
166 40
166 88
166 121
166 136
166 152
166 156
166 212
166 219
166 225
166 253
166 264
166 280
167 10
167 25
167 50
167 83
167 119
167 137
167 139
167 164
167 187
167 247
167 255
167 263
168 49
168 69
168 80
168 81
168 85
168 89
168 107
168 122
168 137
168 140
168 215
168 219
168 222
168 226
168 237
168 280
168 286
169 5
169 7
169 14
169 30
169 35
169 56
169 70
169 96
169 114
169 123
169 133
169 231
169 237
169 250
169 278
169 279
169 284
169 290
170 5
170 10
170 33
170 51
170 54
170 65
170 66
170 76
170 80
170 81
170 82
170 89
170 92
170 112
170 160
170 163
170 198
170 213
170 214
170 218
170 219
170 286
171 10
171 43
171 54
171 57
171 62
171 100
171 101
171 103
171 108
171 132
171 149
171 166
171 184
171 215
171 219
171 220
171 230
171 240
171 267
171 276
171 280
172 5
172 8
172 16
172 50
172 80
172 91
172 99
172 102
172 120
172 127
172 156
172 194
172 228
172 233
172 235
172 253
172 255
172 262
172 289
173 5
173 7
173 66
173 94
173 117
173 136
173 148
173 151
173 163
173 181
173 225
173 248
173 276
173 278
174 1
174 3
174 11
174 37
174 44
174 47
174 66
174 67
174 70
174 75
174 84
174 131
174 145
174 149
174 187
174 194
174 199
174 248
174 258
174 287
174 294
174 297
175 43
175 65
175 71
175 75
175 95
175 130
175 131
175 132
175 161
175 169
175 205
175 212
175 226
175 231
175 244
175 281
175 290
176 14
176 22
176 60
176 89
176 93
176 116
176 119
176 122
176 148
176 158
176 160
176 161
176 162
176 173
176 174
176 209
176 237
176 242
176 251
176 261
176 262
176 265
177 10
177 31
177 37
177 46
177 65
177 69
177 79
177 144
177 165
177 219
177 251
177 272
177 276
178 26
178 41
178 50
178 65
178 87
178 109
178 132
178 136
178 151
178 160
178 204
178 225
178 235
178 242
178 249
178 270
178 272
178 292
179 7
179 69
179 154
179 173
179 200
179 202
179 249
179 251
179 268
179 271
180 61
180 85
180 97
180 101
180 114
180 124
180 127
180 150
180 237
180 250
180 252
180 282
180 295
181 45
181 100
181 144
181 162
181 178
181 220
181 229
181 240
181 283
182 27
182 29
182 54
182 58
182 62
182 71
182 74
182 87
182 95
182 114
182 191
182 218
182 230
182 248
182 258
182 260
182 261
182 275
183 39
183 44
183 65
183 83
183 86
183 90
183 98
183 119
183 178
183 213
183 234
183 264
183 266
183 272
183 278
183 282
184 3
184 22
184 37
184 66
184 70
184 71
184 76
184 82
184 100
184 101
184 135
184 138
184 155
184 166
184 211
184 228
184 282
184 293
185 7
185 24
185 27
185 67
185 70
185 97
185 148
185 176
185 187
185 189
185 199
185 222
185 237
185 272
186 3
186 52
186 82
186 116
186 118
186 147
186 157
186 198
186 204
186 206
186 210
186 224
186 250
186 252
186 281
186 299
187 26
187 34
187 71
187 75
187 84
187 143
187 152
187 153
187 157
187 213
187 223
187 264
187 281
187 282
188 10
188 19
188 46
188 105
188 118
188 132
188 138
188 149
188 171
188 209
188 211
188 212
188 235
189 5
189 67
189 72
189 113
189 115
189 127
189 134
189 143
189 146
189 173
189 269
189 271
189 297
190 22
190 61
190 71
190 81
190 89
190 92
190 109
190 122
190 147
190 165
190 188
190 201
190 203
190 208
190 210
190 220
190 229
190 235
190 253
190 278
190 281
190 297
191 22
191 34
191 47
191 56
191 80
191 84
191 91
191 99
191 100
191 108
191 128
191 143
191 153
191 155
191 215
191 219
191 227
191 231
191 259
191 269
191 293
192 37
192 42
192 59
192 92
192 94
192 151
192 278
193 3
193 8
193 34
193 84
193 103
193 146
193 168
193 184
193 190
193 195
193 206
193 224
193 229
193 264
193 282
193 285
194 11
194 20
194 22
194 77
194 80
194 99
194 118
194 122
194 128
194 145
194 169
194 198
194 231
194 287
195 2
195 23
195 28
195 46
195 54
195 66
195 77
195 78
195 107
195 176
195 239
195 240
195 271
195 277
195 288
195 299
196 17
196 26
196 42
196 69
196 70
196 73
196 92
196 109
196 111
196 115
196 120
196 123
196 145
196 215
196 216
196 237
196 242
196 252
196 255
196 268
196 281
196 298
197 55
197 58
197 63
197 81
197 97
197 112
197 116
197 156
197 164
197 174
197 190
197 226
197 237
197 248
197 254
197 258
197 271
197 273
197 283
197 295
198 1
198 15
198 19
198 21
198 34
198 80
198 93
198 141
198 145
198 160
198 177
198 203
198 219
198 242
198 243
198 251
198 257
198 275
199 29
199 71
199 119
199 133
199 161
199 167
199 187
199 230
199 246
199 252
199 271
199 285
199 294
199 297
200 2
200 7
200 9
200 14
200 16
200 27
200 52
200 56
200 77
200 93
200 180
200 198
200 212
200 219
200 223
200 238
200 242
200 255
200 265
200 275
200 280
201 7
201 59
201 82
201 84
201 106
201 110
201 136
201 142
201 171
201 182
201 192
201 274
201 277
201 293
201 295
201 297
201 300
202 2
202 36
202 39
202 106
202 110
202 140
202 181
202 215
202 234
202 272
203 4
203 19
203 22
203 58
203 82
203 94
203 188
203 199
203 218
203 227
203 235
203 237
203 256
203 272
203 283
203 285
204 16
204 22
204 24
204 30
204 53
204 54
204 56
204 70
204 73
204 76
204 79
204 80
204 110
204 113
204 122
204 143
204 147
204 160
204 198
204 246
204 248
204 249
204 272
204 291
205 10
205 34
205 37
205 79
205 88
205 91
205 101
205 105
205 131
205 147
205 196
205 278
205 300
206 15
206 51
206 79
206 86
206 104
206 127
206 143
206 176
206 197
206 229
206 285
207 10
207 61
207 108
207 112
207 130
207 157
207 171
207 226
207 228
207 232
207 238
207 249
207 262
207 282
207 296
208 15
208 16
208 55
208 123
208 159
208 165
208 166
208 179
208 180
208 181
208 185
208 207
208 211
208 226
208 291
209 45
209 75
209 81
209 86
209 121
209 147
209 149
209 152
209 162
209 169
209 170
209 171
209 201
209 207
209 223
209 229
209 240
209 246
209 283
209 291
210 4
210 13
210 22
210 28
210 35
210 38
210 41
210 70
210 75
210 91
210 97
210 118
210 179
210 191
210 203
210 230
210 251
210 255
210 263
210 281
210 289
211 41
211 73
211 91
211 100
211 101
211 125
211 136
211 137
211 198
211 247
212 14
212 17
212 23
212 25
212 83
212 102
212 110
212 114
212 194
212 213
212 229
212 235
212 243
212 260
212 276
213 25
213 31
213 47
213 64
213 77
213 84
213 89
213 137
213 162
213 171
213 194
213 202
213 209
213 243
213 248
213 251
213 284
214 3
214 24
214 31
214 67
214 75
214 78
214 85
214 88
214 95
214 112
214 117
214 123
214 147
214 148
214 167
214 206
214 210
214 227
214 255
215 1
215 22
215 32
215 62
215 71
215 74
215 83
215 96
215 119
215 141
215 155
215 173
215 181
215 182
215 204
215 209
215 220
215 227
215 268
215 270
215 287
216 24
216 36
216 86
216 108
216 116
216 118
216 120
216 121
216 131
216 132
216 151
216 171
216 213
216 247
216 286
217 32
217 33
217 53
217 55
217 57
217 70
217 112
217 120
217 133
217 140
217 143
217 144
217 150
217 168
217 193
217 245
217 255
217 256
217 263
217 267
217 268
217 278
218 8
218 67
218 78
218 120
218 135
218 136
218 137
218 143
218 146
218 159
218 180
218 205
218 242
218 264
218 290
218 292
218 295
219 48
219 88
219 109
219 136
219 184
219 213
219 216
219 217
219 251
219 252
219 274
219 285
219 290
219 300
220 33
220 37
220 50
220 53
220 81
220 87
220 90
220 105
220 122
220 154
220 160
220 180
220 182
220 199
220 201
220 230
220 234
220 235
220 243
220 260
220 262
220 263
220 265
220 274
221 27
221 47
221 64
221 98
221 127
221 128
221 138
221 152
221 162
221 277
221 281
222 18
222 22
222 26
222 30
222 38
222 39
222 62
222 70
222 76
222 87
222 98
222 136
222 139
222 146
222 161
222 187
222 188
222 195
222 206
222 246
222 273
223 52
223 57
223 66
223 75
223 124
223 139
223 150
223 163
223 169
223 183
223 189
223 202
223 256
223 262
223 281
224 19
224 39
224 40
224 57
224 64
224 107
224 128
224 132
224 151
224 155
224 169
224 181
224 208
224 210
224 273
224 278
224 284
224 289
225 3
225 15
225 54
225 75
225 116
225 133
225 143
225 145
225 151
225 162
225 169
225 174
225 196
225 209
225 211
225 216
225 228
225 245
225 254
225 277
225 278
226 29
226 32
226 88
226 89
226 95
226 135
226 144
226 146
226 153
226 154
226 156
226 166
226 169
226 210
226 221
226 231
226 249
226 253
227 9
227 23
227 32
227 33
227 39
227 107
227 115
227 154
227 220
227 222
227 245
227 264
227 294
227 295
227 296
227 300
228 11
228 12
228 15
228 34
228 64
228 78
228 126
228 142
228 171
228 174
228 183
228 187
228 220
228 221
228 234
228 236
228 254
228 288
229 15
229 25
229 64
229 70
229 74
229 88
229 89
229 91
229 107
229 121
229 134
229 139
229 145
229 152
229 155
229 159
229 174
229 187
229 192
229 243
229 244
229 249
229 254
229 255
229 277
229 280
229 290
230 5
230 19
230 26
230 37
230 56
230 75
230 102
230 108
230 109
230 135
230 163
230 173
230 175
230 191
230 226
230 243
231 21
231 22
231 42
231 95
231 113
231 124
231 128
231 140
231 202
231 205
231 208
231 219
231 233
231 241
231 255
231 272
231 277
231 278
232 24
232 52
232 118
232 126
232 148
232 173
232 199
232 202
232 213
232 214
232 247
232 252
232 265
232 266
232 268
232 300
233 12
233 45
233 66
233 74
233 84
233 107
233 149
233 157
233 180
233 182
233 192
233 193
233 222
233 245
233 250
233 252
233 264
233 266
233 270
234 97
234 112
234 124
234 155
234 180
234 182
234 191
234 203
234 204
234 209
234 227
234 242
235 13
235 55
235 69
235 122
235 179
235 234
235 241
236 30
236 35
236 73
236 85
236 87
236 97
236 136
236 145
236 150
236 195
236 198
236 222
236 240
236 258
236 265
236 266
237 14
237 47
237 53
237 59
237 60
237 74
237 78
237 79
237 91
237 106
237 109
237 130
237 151
237 181
237 234
237 294
237 297
238 9
238 14
238 19
238 26
238 28
238 37
238 44
238 63
238 86
238 91
238 105
238 110
238 137
238 144
238 199
238 227
238 273
238 281
238 284
238 300
239 11
239 14
239 18
239 39
239 83
239 86
239 87
239 97
239 106
239 110
239 134
239 146
239 173
239 201
239 210
239 213
239 222
239 238
239 296
240 24
240 48
240 67
240 98
240 119
240 122
240 185
240 204
240 214
240 276
240 297
241 2
241 3
241 30
241 36
241 56
241 84
241 88
241 91
241 100
241 107
241 122
241 124
241 126
241 138
241 166
241 191
241 193
241 204
241 212
241 222
241 225
241 230
241 236
241 239
241 242
241 278
242 12
242 13
242 37
242 69
242 79
242 97
242 118
242 127
242 142
242 146
242 147
242 164
242 167
242 172
242 174
242 190
242 228
242 256
242 297
243 26
243 46
243 47
243 69
243 102
243 103
243 118
243 140
243 143
243 145
243 150
243 158
243 167
243 187
243 188
243 195
243 205
243 224
243 238
243 245
243 247
243 272
244 7
244 9
244 106
244 186
244 212
244 221
244 280
245 49
245 64
245 91
245 127
245 139
245 153
245 157
245 186
245 202
245 213
245 218
245 228
245 235
245 239
245 259
245 287
246 3
246 88
246 104
246 105
246 109
246 111
246 127
246 148
246 182
246 203
246 223
246 228
246 245
246 255
246 266
246 269
247 49
247 73
247 83
247 122
247 132
247 149
247 161
247 230
247 235
247 256
247 262
247 280
247 291
248 6
248 7
248 26
248 83
248 121
248 153
248 158
248 163
248 170
248 171
248 175
248 183
248 188
248 196
248 216
248 261
248 271
248 286
249 8
249 34
249 37
249 50
249 67
249 133
249 152
249 157
249 201
249 213
249 270
249 298
249 300
250 23
250 27
250 48
250 90
250 105
250 132
250 153
250 156
250 177
250 178
250 196
250 198
250 205
250 206
250 212
250 237
250 248
250 253
251 13
251 28
251 33
251 39
251 40
251 55
251 81
251 114
251 121
251 127
251 142
251 143
251 171
251 184
251 212
251 236
251 253
251 255
251 275
251 292
251 299
251 300
252 7
252 22
252 23
252 81
252 93
252 102
252 124
252 128
252 130
252 148
252 156
252 184
252 236
252 250
252 274
252 276
252 278
253 33
253 57
253 61
253 93
253 110
253 111
253 137
253 153
253 157
253 179
253 195
253 200
253 223
253 246
253 272
253 277
254 11
254 27
254 31
254 40
254 81
254 137
254 147
254 150
254 211
254 224
254 239
254 258
254 267
254 280
254 284
255 6
255 75
255 78
255 99
255 116
255 129
255 138
255 171
255 177
255 209
255 233
255 234
255 239
255 283
255 287
256 24
256 47
256 56
256 74
256 75
256 101
256 115
256 128
256 132
256 155
256 162
256 166
256 239
256 241
256 251
256 257
256 269
256 271
256 279
256 281
256 289
257 7
257 11
257 20
257 26
257 46
257 59
257 85
257 104
257 136
257 178
257 182
257 215
257 248
257 265
258 14
258 39
258 42
258 60
258 68
258 96
258 125
258 138
258 169
258 176
258 190
258 215
258 222
258 233
258 291
259 8
259 12
259 17
259 50
259 58
259 94
259 124
259 157
259 176
259 181
259 199
259 206
259 212
259 229
259 230
259 246
259 277
259 297
260 13
260 16
260 37
260 40
260 64
260 92
260 98
260 121
260 163
260 171
260 221
260 236
260 247
261 11
261 15
261 34
261 82
261 102
261 118
261 119
261 136
261 141
261 207
261 218
261 236
261 262
262 50
262 122
262 123
262 161
262 189
262 212
262 227
262 239
262 300
263 21
263 24
263 32
263 55
263 74
263 78
263 87
263 112
263 113
263 125
263 173
263 178
263 184
263 203
263 209
263 251
263 266
263 274
263 297
264 22
264 41
264 46
264 54
264 66
264 81
264 85
264 87
264 161
264 162
264 173
264 182
264 194
264 198
264 226
264 242
264 253
264 256
264 261
264 266
265 14
265 52
265 61
265 96
265 106
265 108
265 115
265 137
265 143
265 154
265 162
265 170
265 193
265 194
265 207
265 225
265 241
265 267
265 290
266 39
266 46
266 49
266 55
266 95
266 105
266 112
266 122
266 134
266 144
266 222
266 229
266 242
266 249
266 284
266 292
267 12
267 15
267 31
267 68
267 81
267 114
267 120
267 124
267 220
267 260
267 274
267 282
268 11
268 39
268 43
268 72
268 77
268 84
268 85
268 91
268 92
268 97
268 115
268 135
268 149
268 205
268 210
268 223
268 245
268 255
268 267
268 289
269 38
269 94
269 96
269 100
269 105
269 198
269 225
269 243
269 296
270 15
270 21
270 70
270 74
270 78
270 91
270 130
270 134
270 169
270 187
270 196
270 232
270 237
270 242
270 284
271 14
271 48
271 72
271 171
271 184
271 215
271 222
271 258
271 268
271 284
271 285
272 11
272 29
272 36
272 37
272 55
272 60
272 145
272 149
272 154
272 155
272 171
272 186
272 188
272 217
272 221
272 222
272 233
272 286
273 15
273 22
273 36
273 47
273 49
273 68
273 97
273 118
273 142
273 151
273 169
273 175
273 215
273 229
273 239
273 243
273 244
273 249
273 263
273 265
273 283
273 293
274 24
274 42
274 73
274 74
274 84
274 95
274 117
274 167
274 217
274 227
274 247
274 258
274 264
274 270
275 40
275 70
275 71
275 94
275 98
275 102
275 107
275 114
275 130
275 140
275 146
275 149
275 186
275 204
275 217
275 219
275 228
275 266
275 268
275 290
276 11
276 38
276 60
276 65
276 136
276 151
276 162
276 165
276 168
276 186
276 204
276 216
276 288
276 289
277 13
277 15
277 36
277 58
277 60
277 114
277 125
277 141
277 145
277 148
277 178
277 183
277 188
277 198
277 209
277 233
277 239
277 249
277 291
277 292
278 25
278 62
278 72
278 94
278 108
278 129
278 134
278 135
278 178
278 199
278 204
278 213
278 281
279 12
279 60
279 97
279 102
279 136
279 152
279 153
279 154
279 163
279 184
279 189
279 191
279 199
279 206
279 239
279 242
279 261
279 275
279 277
279 292
280 23
280 27
280 36
280 84
280 119
280 120
280 122
280 161
280 165
280 179
280 233
280 259
280 286
281 9
281 11
281 38
281 43
281 53
281 63
281 82
281 112
281 125
281 131
281 132
281 140
281 182
281 185
281 192
281 201
281 202
281 218
281 240
281 241
281 248
281 257
281 289
282 14
282 40
282 46
282 103
282 113
282 115
282 120
282 126
282 145
282 147
282 155
282 221
282 265
282 287
283 35
283 99
283 140
283 233
283 244
283 247
283 248
283 256
283 277
283 291
284 8
284 25
284 33
284 39
284 44
284 52
284 55
284 77
284 92
284 101
284 112
284 140
284 201
284 245
284 257
284 259
284 262
284 279
284 286
284 297
285 8
285 24
285 31
285 67
285 70
285 71
285 83
285 149
285 158
285 178
285 196
285 201
285 211
285 221
285 241
285 280
285 282
285 298
286 15
286 30
286 36
286 40
286 79
286 81
286 83
286 132
286 165
286 179
286 194
286 207
286 208
286 229
286 237
286 278
286 285
286 288
287 11
287 26
287 31
287 32
287 39
287 53
287 64
287 107
287 144
287 172
287 185
287 199
287 218
287 226
287 248
288 35
288 36
288 48
288 49
288 56
288 57
288 82
288 85
288 99
288 117
288 127
288 158
288 168
288 170
288 180
288 197
288 212
288 262
288 266
289 2
289 8
289 32
289 54
289 76
289 80
289 96
289 176
289 184
289 196
289 213
289 235
289 271
289 288
290 6
290 41
290 70
290 110
290 123
290 133
290 144
290 156
290 182
290 198
290 200
290 227
291 9
291 19
291 41
291 44
291 50
291 71
291 83
291 124
291 126
291 151
291 164
291 194
291 196
291 212
291 218
291 220
291 249
291 262
291 285
291 287
291 296
292 1
292 10
292 26
292 66
292 86
292 116
292 161
292 180
292 182
292 191
292 212
292 216
292 220
292 262
293 4
293 5
293 28
293 36
293 41
293 58
293 61
293 72
293 75
293 118
293 133
293 145
293 164
293 165
293 169
293 174
293 181
293 185
293 194
293 220
293 223
293 237
293 245
293 250
293 288
293 292
294 8
294 29
294 35
294 70
294 102
294 118
294 155
294 169
294 182
294 193
294 203
294 207
294 221
294 264
295 4
295 6
295 26
295 62
295 71
295 91
295 95
295 120
295 122
295 195
295 224
295 251
295 264
295 265
295 277
295 285
295 288
295 292
296 21
296 62
296 92
296 120
296 136
296 143
296 151
296 154
296 156
296 160
296 175
296 206
296 212
296 275
297 15
297 48
297 86
297 110
297 122
297 142
297 170
297 176
297 197
297 217
297 260
297 277
297 288
298 15
298 28
298 36
298 43
298 71
298 73
298 114
298 150
298 152
298 173
298 177
298 195
298 236
298 244
298 248
298 267
298 277
298 280
298 283
298 291
298 294
299 2
299 20
299 25
299 30
299 37
299 38
299 39
299 57
299 68
299 85
299 95
299 116
299 117
299 161
299 165
299 218
299 219
299 236
299 239
299 268
299 280
299 297
300 16
300 35
300 41
300 55
300 58
300 60
300 81
300 84
300 92
300 94
300 96
300 115
300 117
300 135
300 166
300 184
300 206
300 212
300 242
300 243
300 263
300 295

