50 1000
97 91 25 91 20 34 68 107 116 75 38 56 50 44 34 45 98 67 59 32 61 101 95 79 41 103 71 29 37 26 51 100 84 74 115 47 70 26 100 95 71 77 20 50 76 40 91 54 90 88 
1 2
1 6
1 8
1 14
1 17
1 23
1 26
1 29
1 30
1 32
1 34
1 35
1 39
1 40
1 45
1 46
1 47
1 48
1 50
2 3
2 7
2 13
2 15
2 16
2 17
2 18
2 20
2 26
2 33
2 34
2 37
2 42
2 43
2 45
2 48
3 6
3 7
3 8
3 13
3 14
3 16
3 18
3 20
3 21
3 22
3 23
3 24
3 25
3 27
3 30
3 33
3 35
3 40
3 44
3 47
3 48
3 50
4 1
4 2
4 5
4 8
4 9
4 11
4 12
4 13
4 14
4 15
4 16
4 19
4 21
4 22
4 23
4 25
4 26
4 27
4 30
4 31
4 34
4 35
4 36
4 37
4 39
4 40
4 43
4 47
4 50
5 1
5 2
5 3
5 9
5 11
5 14
5 15
5 17
5 23
5 24
5 27
5 28
5 30
5 32
5 37
5 39
5 40
5 41
5 42
5 43
6 4
6 5
6 7
6 10
6 16
6 26
6 27
6 29
6 30
6 34
6 37
6 41
6 47
7 10
7 13
7 15
7 16
7 18
7 23
7 26
7 27
7 28
7 30
7 32
7 35
7 36
7 37
7 40
7 42
7 44
7 45
8 6
8 7
8 11
8 18
8 21
8 25
8 26
8 32
8 33
8 37
8 40
8 46
9 2
9 3
9 6
9 7
9 8
9 11
9 13
9 14
9 17
9 28
9 30
9 36
9 38
9 42
9 45
9 46
10 1
10 4
10 5
10 8
10 12
10 13
10 14
10 18
10 19
10 22
10 27
10 28
10 29
10 31
10 35
10 38
10 40
10 44
10 48
10 50
11 1
11 2
11 6
11 7
11 10
11 12
11 13
11 18
11 21
11 22
11 24
11 28
11 35
11 36
11 37
11 38
11 40
11 45
11 47
12 2
12 3
12 7
12 8
12 18
12 21
12 26
12 29
12 30
12 32
12 33
12 37
12 38
12 42
12 43
12 44
12 45
12 47
13 5
13 6
13 8
13 12
13 15
13 16
13 17
13 18
13 20
13 21
13 22
13 24
13 27
13 29
13 30
13 32
13 33
13 35
13 37
13 39
13 41
13 46
13 47
14 2
14 6
14 8
14 15
14 18
14 21
14 22
14 25
14 28
14 29
14 30
14 32
14 35
14 37
14 38
14 39
14 44
14 46
15 1
15 3
15 8
15 9
15 10
15 12
15 16
15 17
15 19
15 22
15 24
15 26
15 28
15 30
15 32
15 34
15 36
15 37
15 38
15 39
15 40
15 41
15 46
15 47
15 48
15 50
16 5
16 9
16 10
16 11
16 12
16 14
16 18
16 19
16 20
16 22
16 23
16 24
16 26
16 28
16 31
16 32
16 35
16 41
16 44
16 47
16 49
17 4
17 6
17 14
17 18
17 21
17 22
17 24
17 25
17 27
17 32
17 36
17 39
17 40
17 42
17 43
17 46
17 48
17 50
18 1
18 4
18 5
18 6
18 9
18 19
18 22
18 23
18 24
18 27
18 28
18 29
18 31
18 32
18 36
18 39
18 41
18 42
18 46
19 1
19 3
19 5
19 7
19 8
19 11
19 13
19 14
19 17
19 22
19 23
19 24
19 26
19 28
19 35
19 37
19 38
19 40
19 44
19 45
19 46
19 47
19 49
19 50
20 1
20 4
20 5
20 7
20 8
20 12
20 14
20 18
20 21
20 22
20 24
20 30
20 31
20 32
20 34
20 35
20 38
20 40
20 43
20 44
20 46
20 47
20 49
21 5
21 7
21 10
21 22
21 26
21 27
21 28
21 36
21 37
21 39
21 40
21 42
21 48
22 1
22 2
22 5
22 6
22 7
22 8
22 9
22 12
22 23
22 25
22 29
22 32
22 36
22 37
22 39
22 40
22 43
22 45
22 49
23 2
23 6
23 10
23 11
23 12
23 13
23 14
23 15
23 17
23 21
23 24
23 25
23 26
23 27
23 30
23 33
23 34
23 35
23 38
23 39
23 41
23 42
23 45
23 50
24 1
24 2
24 4
24 6
24 10
24 12
24 21
24 22
24 25
24 26
24 29
24 32
24 33
24 35
24 38
24 39
24 40
24 42
24 43
24 45
24 46
24 48
24 50
25 1
25 6
25 7
25 9
25 10
25 11
25 12
25 13
25 15
25 16
25 19
25 27
25 30
25 35
25 38
25 42
25 43
25 46
25 47
25 49
26 5
26 9
26 10
26 11
26 13
26 14
26 18
26 20
26 22
26 27
26 29
26 31
26 32
26 37
26 40
26 41
26 46
26 47
26 49
26 50
27 1
27 2
27 11
27 12
27 15
27 16
27 19
27 20
27 22
27 24
27 31
27 36
27 37
27 46
27 47
27 48
28 1
28 2
28 3
28 6
28 8
28 12
28 17
28 20
28 23
28 24
28 26
28 27
28 29
28 32
28 35
28 36
28 39
28 47
28 48
28 50
29 2
29 3
29 4
29 5
29 7
29 8
29 9
29 11
29 16
29 17
29 20
29 21
29 27
29 30
29 31
29 35
29 37
29 41
29 47
29 48
29 50
30 2
30 11
30 16
30 19
30 21
30 22
30 24
30 26
30 28
30 33
30 35
30 38
30 39
30 41
30 43
30 46
30 48
31 1
31 3
31 5
31 6
31 9
31 11
31 12
31 14
31 15
31 17
31 21
31 22
31 23
31 24
31 25
31 28
31 30
31 33
31 35
31 36
31 37
31 39
31 42
31 45
31 47
31 50
32 2
32 3
32 4
32 6
32 9
32 10
32 11
32 19
32 21
32 25
32 34
32 36
32 37
32 43
32 45
32 46
32 48
33 5
33 6
33 7
33 11
33 14
33 15
33 17
33 20
33 21
33 25
33 27
33 28
33 32
33 40
33 43
33 45
33 46
34 5
34 7
34 8
34 9
34 10
34 11
34 12
34 13
34 16
34 17
34 18
34 19
34 21
34 22
34 24
34 25
34 27
34 29
34 33
34 37
34 46
34 47
35 2
35 5
35 6
35 12
35 15
35 17
35 18
35 22
35 26
35 27
35 32
35 33
35 34
35 37
35 38
35 39
35 40
35 41
35 42
35 44
35 45
35 47
35 48
35 49
36 1
36 2
36 3
36 5
36 6
36 8
36 10
36 12
36 13
36 16
36 19
36 20
36 23
36 26
36 29
36 34
36 35
36 47
36 48
36 49
37 1
37 3
37 9
37 10
37 16
37 17
37 24
37 30
37 33
37 46
37 48
38 1
38 6
38 7
38 16
38 18
38 22
38 26
38 27
38 28
38 31
38 33
38 34
38 36
38 39
38 44
39 2
39 3
39 6
39 7
39 8
39 9
39 11
39 16
39 19
39 20
39 25
39 26
39 29
39 32
39 33
39 37
39 41
39 42
39 44
39 47
39 48
39 49
40 2
40 6
40 13
40 14
40 16
40 18
40 23
40 25
40 27
40 28
40 29
40 31
40 32
40 36
40 37
40 38
40 39
40 41
40 44
40 49
40 50
41 1
41 2
41 3
41 8
41 9
41 10
41 12
41 14
41 17
41 20
41 22
41 25
41 28
41 32
41 33
41 34
41 36
41 37
41 42
41 44
41 46
41 49
42 1
42 3
42 4
42 6
42 10
42 11
42 13
42 15
42 16
42 19
42 20
42 26
42 27
42 29
42 30
42 32
42 34
42 36
42 40
42 46
42 47
43 1
43 6
43 7
43 8
43 9
43 10
43 11
43 13
43 15
43 18
43 23
43 26
43 27
43 29
43 36
43 37
43 38
43 39
43 40
43 41
43 42
43 44
43 47
43 48
43 49
43 50
44 1
44 2
44 4
44 8
44 11
44 13
44 15
44 17
44 21
44 22
44 23
44 25
44 27
44 28
44 29
44 30
44 31
44 32
44 34
44 36
44 37
44 42
44 45
44 47
44 48
44 50
45 3
45 4
45 5
45 6
45 10
45 13
45 14
45 15
45 16
45 17
45 18
45 20
45 21
45 26
45 28
45 29
45 30
45 36
45 37
45 38
45 40
45 49
46 3
46 5
46 6
46 7
46 10
46 11
46 12
46 16
46 21
46 28
46 31
46 35
46 36
46 38
46 39
46 40
46 47
46 50
47 5
47 8
47 9
47 10
47 17
47 18
47 30
47 32
47 33
47 37
47 40
47 41
47 50
48 4
48 5
48 6
48 7
48 11
48 12
48 13
48 16
48 18
48 19
48 20
48 22
48 23
48 25
48 26
48 33
48 34
48 38
48 40
48 41
49 1
49 3
49 4
49 6
49 7
49 8
49 9
49 10
49 11
49 12
49 13
49 14
49 15
49 17
49 18
49 21
49 23
49 27
49 29
49 30
49 31
49 32
49 33
49 34
49 37
49 38
49 42
49 44
49 48
49 50
50 2
50 5
50 6
50 8
50 9
50 12
50 14
50 18
50 20
50 21
50 22
50 25
50 27
50 32
50 33
50 35
50 37
50 42
50 45
50 48

