200 1000
89 108 107 25 22 119 71 48 115 32 50 24 76 87 28 41 80 61 56 34 94 76 73 79 120 101 115 119 118 79 46 74 112 93 105 38 117 83 111 56 22 88 113 22 28 77 64 42 104 55 60 63 112 64 36 33 64 120 63 56 95 31 112 41 115 74 26 45 23 108 52 67 66 102 79 43 22 92 43 67 57 33 94 56 81 20 23 98 64 54 100 32 89 108 104 31 21 42 68 117 29 110 83 35 82 83 100 96 34 52 52 75 67 53 55 95 26 50 87 65 50 80 33 20 105 93 79 87 75 103 59 36 73 116 98 109 24 94 110 39 47 85 119 61 77 30 77 40 86 54 28 62 24 43 91 79 65 116 76 89 99 41 73 82 109 70 61 26 64 33 81 78 94 88 47 43 113 116 104 58 48 48 23 64 63 77 50 33 97 35 104 22 92 31 20 82 52 26 81 21 
1 33
1 52
1 70
1 91
1 96
1 145
1 176
2 32
2 36
2 51
2 89
2 105
3 20
3 78
3 92
3 105
4 10
4 45
4 61
4 80
4 103
4 199
5 50
5 67
5 123
5 193
5 194
5 198
6 3
6 30
6 36
6 55
6 61
6 70
6 105
6 179
7 9
7 11
7 69
7 72
7 73
7 147
7 187
7 199
8 1
8 138
8 181
9 47
9 62
9 112
9 116
9 139
9 146
9 171
9 182
10 47
10 98
10 105
10 125
10 140
10 147
10 158
11 1
11 59
11 78
11 114
11 127
12 7
12 30
12 32
12 37
12 105
12 144
13 7
13 8
13 17
13 45
13 67
13 86
14 20
14 46
14 68
15 1
15 11
15 166
16 22
16 54
16 84
16 91
16 124
16 135
17 20
17 151
17 157
18 40
18 119
18 165
18 176
18 183
18 192
19 16
19 41
19 121
19 128
19 151
20 7
20 26
20 107
20 118
20 128
21 16
21 23
21 27
21 45
21 58
21 95
21 139
21 161
22 69
22 129
22 198
23 36
23 68
23 71
23 74
23 85
23 88
23 103
23 164
23 175
23 188
23 198
24 10
24 15
24 108
24 140
25 24
25 65
25 71
25 116
25 153
26 25
26 44
26 87
26 90
26 95
26 107
26 111
26 168
27 3
27 23
27 128
27 196
28 5
28 7
28 138
28 145
29 37
29 45
29 55
29 120
29 127
29 138
29 186
29 189
30 10
30 50
30 92
30 133
30 144
30 164
31 54
31 61
32 13
32 37
33 18
33 29
33 59
33 73
33 76
34 61
34 65
34 70
34 193
35 6
35 92
35 135
35 186
36 14
36 24
36 119
37 6
37 47
37 61
37 125
37 126
37 148
37 155
38 85
38 107
38 139
38 164
38 194
39 138
39 172
39 197
40 51
40 115
40 120
40 129
40 175
40 181
41 74
41 78
41 105
41 164
41 172
42 21
42 46
42 96
42 132
43 76
43 132
43 134
43 185
44 21
44 59
44 102
44 133
44 146
44 160
44 186
45 15
45 75
45 85
45 134
45 160
46 48
46 77
47 21
47 60
47 67
47 68
47 72
47 88
47 115
47 135
47 166
47 189
48 47
48 49
48 148
48 177
48 194
49 62
49 86
49 101
50 14
50 32
50 58
50 90
50 151
50 158
50 174
51 8
51 90
51 103
51 126
52 14
52 23
52 24
52 71
52 116
52 131
52 145
52 147
52 153
52 159
52 200
53 90
53 145
53 152
53 191
54 53
54 84
54 110
54 166
54 183
54 197
55 53
55 129
55 144
55 161
56 61
56 76
56 139
56 142
57 50
57 68
57 93
57 149
58 5
58 17
58 22
58 26
58 64
58 180
58 187
58 188
59 22
59 25
59 76
59 147
59 152
59 168
59 173
60 13
60 46
60 61
60 121
60 149
60 162
60 172
60 199
61 19
61 45
61 98
61 153
61 165
61 193
62 2
62 84
62 128
62 194
63 19
63 44
63 83
63 173
63 191
64 12
64 14
64 24
64 44
64 129
64 143
64 152
65 85
65 123
65 191
66 10
66 137
67 93
67 105
67 113
67 165
68 38
68 49
68 50
68 162
69 112
69 126
69 127
69 129
69 171
70 8
70 9
70 15
70 18
70 63
70 107
70 154
70 168
70 180
71 53
71 102
71 107
72 36
72 98
72 123
72 139
72 143
72 163
72 175
73 8
73 11
73 81
73 83
73 144
73 195
73 199
74 121
74 133
74 197
75 22
75 128
75 148
75 153
75 197
76 50
76 95
76 166
76 198
77 24
77 32
77 105
77 188
78 1
78 18
78 83
78 128
78 178
79 4
79 76
79 101
79 153
79 164
80 20
80 29
80 30
80 92
80 156
80 173
80 197
81 2
82 36
82 57
82 66
82 170
83 11
83 17
83 111
83 135
83 147
83 150
84 25
84 86
84 103
84 155
84 170
84 177
84 198
85 15
85 24
85 42
85 56
85 67
85 82
85 121
87 20
87 22
87 24
87 84
87 85
87 103
87 165
88 40
88 69
88 106
88 119
88 125
88 132
88 157
88 162
89 1
89 7
89 116
89 158
90 8
90 56
90 102
90 126
91 20
91 24
91 49
91 65
91 163
92 84
92 158
93 62
93 117
93 125
93 195
94 45
94 49
94 82
94 83
94 115
94 140
95 3
95 57
95 133
95 193
96 87
96 90
96 95
97 4
97 13
97 65
97 66
97 90
98 142
98 179
99 28
99 98
100 29
100 70
100 107
101 24
101 65
101 121
101 192
102 104
103 5
103 20
103 39
103 49
103 61
103 109
104 67
104 84
104 137
104 196
105 30
105 134
105 184
107 85
107 138
107 151
107 165
108 14
108 16
108 51
108 182
109 38
109 107
109 140
110 3
110 52
110 91
110 135
110 139
110 150
111 5
111 18
111 27
111 28
111 35
111 52
111 77
111 93
111 94
111 125
112 47
112 113
112 155
113 27
113 115
113 177
113 187
113 195
114 107
114 110
114 172
114 186
115 9
115 48
115 55
115 68
115 70
115 97
115 143
115 172
116 5
116 23
116 30
116 49
116 51
116 77
116 97
116 122
116 135
116 174
116 190
116 194
117 16
117 69
117 123
117 151
118 97
118 146
118 153
119 92
119 141
119 175
120 119
120 133
120 154
121 78
121 82
121 146
122 40
122 113
122 136
122 151
122 178
122 187
122 199
123 29
123 43
123 82
123 125
123 138
123 158
123 168
123 186
124 8
124 78
124 103
124 171
125 15
125 49
125 50
125 180
126 91
126 111
126 119
126 150
127 64
127 160
127 164
127 167
128 41
128 48
128 55
128 137
128 154
129 170
130 38
130 70
130 74
130 75
130 95
130 133
130 190
131 48
131 103
131 132
132 49
132 59
132 94
132 108
132 196
133 25
133 26
133 101
133 190
134 40
134 58
134 149
135 38
135 112
135 170
136 18
136 33
136 42
136 44
136 187
137 29
137 166
138 125
138 128
138 174
139 7
139 11
139 68
139 97
139 126
139 147
139 171
140 121
140 182
141 8
141 63
141 115
141 150
141 180
141 192
142 47
142 70
142 110
142 156
142 167
142 178
143 63
143 117
143 118
143 129
143 138
143 169
144 82
144 110
144 117
144 157
145 2
145 83
145 112
146 28
146 59
146 103
146 131
146 147
146 173
146 191
146 196
147 70
147 148
148 38
148 54
148 91
148 96
148 105
148 132
148 142
148 160
149 49
149 111
150 14
150 21
150 68
150 71
150 111
150 129
150 139
150 140
151 27
151 42
151 61
151 67
151 163
151 181
152 105
152 146
152 160
153 30
153 135
153 149
153 150
153 156
153 165
153 196
154 8
154 17
154 35
154 97
154 169
154 175
155 63
155 91
155 107
155 117
155 143
155 172
155 176
155 193
156 27
156 188
156 199
157 3
157 8
157 53
157 154
157 158
158 7
158 33
158 71
158 138
158 150
158 171
159 30
159 118
159 141
159 162
159 184
160 104
160 110
160 156
161 17
161 28
161 54
161 96
161 110
161 113
161 170
161 185
162 63
162 153
162 169
162 176
163 45
164 28
164 134
164 138
165 190
166 53
166 58
166 73
166 120
166 148
166 154
166 157
167 25
167 41
167 43
167 61
167 85
167 101
167 131
168 38
168 57
168 62
168 94
168 121
168 129
169 3
169 18
169 22
169 51
169 93
169 134
169 189
170 2
170 37
170 67
170 171
171 40
171 123
171 128
171 160
171 172
172 35
172 100
172 123
172 158
173 28
173 58
173 74
173 114
173 135
173 194
174 21
174 38
174 49
174 60
174 124
174 159
175 17
175 52
175 55
175 62
175 87
175 106
175 136
175 187
176 12
176 34
176 56
176 59
176 124
176 144
177 7
177 21
177 51
177 66
177 109
178 26
178 143
178 145
178 193
179 48
179 76
179 90
179 151
179 186
180 6
180 42
180 87
180 100
180 138
181 22
181 27
181 57
181 179
182 34
182 47
182 54
182 67
182 88
182 100
182 194
182 198
183 111
183 153
183 160
185 13
185 22
185 36
185 107
185 146
185 180
185 181
186 1
186 46
186 55
186 172
187 10
187 14
187 112
187 138
187 178
187 195
188 4
188 6
188 17
188 44
188 45
188 49
188 69
188 95
188 118
188 121
188 159
188 170
189 11
189 17
189 192
189 194
190 2
191 2
191 16
191 34
191 37
191 66
191 75
191 93
191 100
191 145
191 171
191 184
191 185
192 22
192 48
192 52
192 54
192 79
192 107
192 112
192 155
193 18
193 25
193 113
193 125
193 168
193 183
194 35
194 79
194 178
194 181
194 193
194 197
195 3
195 16
195 65
195 90
195 101
196 41
196 62
196 106
197 45
197 89
197 177
197 182
197 196
198 27
198 66
198 94
198 133
198 142
199 17
199 76
199 114
199 115
199 129
199 144
199 152
200 1
200 60
200 72
200 79
200 150
200 196

