300 500
119 86 34 66 120 105 117 99 24 96 100 39 71 85 49 57 117 113 28 81 80 49 107 34 118 110 38 98 80 39 106 105 80 55 36 106 39 108 60 104 74 29 87 27 20 31 96 86 60 34 101 100 31 61 25 67 45 67 28 108 88 51 94 112 45 22 80 29 67 60 56 99 58 114 74 76 21 20 44 109 86 100 48 76 89 107 42 43 52 98 112 35 66 31 62 72 118 85 91 108 47 77 111 47 116 65 109 80 70 61 41 54 54 66 119 21 108 80 78 91 47 86 68 30 20 101 86 75 81 30 65 71 82 51 78 71 85 66 59 93 98 114 48 117 20 93 60 49 62 60 27 38 70 34 99 41 29 76 60 23 59 117 116 27 25 113 49 58 67 85 84 80 20 115 31 46 61 46 78 52 35 60 25 115 110 55 57 104 107 92 64 78 68 41 115 35 97 61 115 35 105 89 29 27 116 27 50 41 49 95 85 74 29 91 81 26 115 88 62 48 120 71 78 68 92 25 45 64 85 33 119 86 48 82 45 97 76 75 101 120 65 50 120 81 68 51 98 82 20 41 40 102 50 87 108 92 24 53 97 24 96 103 108 78 102 36 29 95 90 113 40 68 74 30 80 42 62 89 117 67 89 69 84 112 86 46 67 24 31 106 113 110 94 110 83 102 118 117 51 58 
2 90
2 136
2 192
4 72
4 103
4 117
4 144
5 222
7 98
7 140
7 215
9 112
9 240
10 215
11 274
12 132
13 251
13 290
14 43
15 60
16 89
17 21
17 80
18 112
18 126
18 266
19 95
20 272
21 99
21 122
22 30
22 100
22 113
22 189
23 166
23 235
23 260
24 150
24 187
24 224
25 166
25 238
28 223
30 164
30 181
30 189
30 233
31 33
31 64
32 213
33 128
34 235
35 49
35 259
36 176
37 8
37 206
39 36
39 73
39 83
39 157
40 33
40 93
40 106
41 119
41 225
43 83
44 83
44 85
45 262
46 39
46 82
46 120
46 212
46 284
47 181
48 66
49 40
50 128
50 189
50 293
51 133
51 199
52 11
52 86
52 183
52 260
53 74
54 18
54 30
54 183
54 285
55 64
55 154
56 48
56 78
56 101
56 113
56 201
57 253
59 262
60 51
61 130
61 239
63 49
63 164
63 262
63 293
65 230
66 124
66 228
67 191
67 206
67 273
67 285
68 118
68 201
69 5
69 113
69 114
69 175
71 212
71 235
71 251
72 217
72 265
73 4
73 160
73 292
75 149
75 182
76 4
77 115
77 257
78 62
78 179
80 76
81 6
81 73
82 136
83 52
83 108
83 212
84 67
85 47
85 63
85 76
85 128
86 212
87 14
87 284
88 122
89 298
91 203
93 151
93 207
93 208
93 236
93 286
94 214
95 216
96 144
96 255
97 150
99 150
100 219
100 300
101 213
101 260
102 180
102 187
103 56
103 59
104 144
104 200
104 205
104 238
104 255
105 36
105 149
106 76
107 72
107 231
108 105
108 134
112 52
113 103
113 213
113 228
114 41
114 215
114 224
114 298
115 39
116 6
116 12
116 108
116 224
117 260
117 290
118 51
118 191
118 236
119 131
119 225
119 300
120 4
120 125
120 158
122 293
123 285
124 120
126 257
128 202
129 54
129 73
129 100
129 178
129 228
130 59
130 151
130 174
130 195
130 241
131 83
131 123
131 175
132 91
132 163
132 217
133 230
134 220
134 240
135 15
135 19
135 145
135 185
136 139
136 193
137 212
138 165
138 286
141 220
142 102
142 136
142 211
142 291
143 281
144 251
145 96
146 156
146 159
146 189
147 165
149 34
150 36
151 68
152 32
152 245
152 295
153 269
154 86
154 226
155 65
155 291
156 32
156 37
156 76
157 52
157 129
157 175
157 180
157 198
157 264
158 49
158 67
158 70
158 153
159 274
160 63
160 116
160 164
163 56
164 254
165 44
165 140
166 26
167 85
167 165
167 186
167 195
169 49
170 34
170 208
170 283
172 121
172 198
174 107
174 179
175 271
177 9
177 84
178 126
179 30
179 121
180 253
180 291
180 292
181 134
181 277
185 70
185 159
185 288
185 289
185 291
186 53
186 230
187 21
187 36
187 224
189 17
189 110
189 256
191 77
191 158
191 165
191 271
193 15
193 261
194 19
194 218
195 102
196 14
197 26
197 159
197 178
197 205
198 9
199 68
200 136
201 47
202 7
202 261
203 68
204 82
204 200
204 236
205 144
206 83
207 14
209 279
210 127
210 128
214 27
215 145
217 48
218 109
218 110
218 206
219 87
219 124
219 171
219 236
219 249
220 260
221 20
221 174
222 36
222 46
222 73
223 7
223 76
225 118
226 209
227 62
227 202
227 214
227 246
227 256
228 82
229 14
229 191
229 198
230 32
231 39
231 176
232 37
233 202
234 123
235 198
235 246
236 24
236 256
236 294
237 209
237 267
238 69
238 163
238 194
239 18
239 90
239 254
241 15
241 72
241 242
241 249
242 11
242 159
243 124
243 164
243 192
243 213
245 198
246 37
246 87
246 118
249 82
249 194
250 170
250 185
250 267
251 58
255 26
256 243
258 46
258 68
258 169
261 19
261 221
263 66
263 159
263 213
264 78
264 282
264 287
266 64
267 25
267 83
267 113
269 5
269 59
269 235
269 289
272 157
273 150
273 171
273 222
273 257
275 24
275 95
275 272
275 278
276 280
277 148
277 254
278 10
278 217
279 193
280 58
280 100
281 295
282 77
282 159
283 201
283 225
285 64
287 141
287 143
288 60
288 102
289 4
290 83
290 154
290 226
291 52
291 112
291 220
292 26
292 123
292 278
292 280
293 65
293 98
293 112
293 260
294 153
295 8
295 52
295 125
296 63
296 95
297 126
297 163
297 256
298 46
298 121
298 215
298 282
299 244
300 12

