100 250
54 48 38 80 84 105 34 92 97 102 79 57 75 28 80 94 20 38 62 88 84 53 95 37 92 49 44 27 61 112 52 39 106 91 29 87 37 89 93 79 62 33 54 77 52 91 74 88 73 59 58 119 56 21 119 115 98 22 118 67 96 89 86 113 120 64 24 120 104 30 105 85 81 90 20 114 56 41 41 34 79 98 53 84 85 91 44 26 26 84 99 54 103 35 112 63 116 85 38 75 
1 13
1 32
2 62
2 98
3 13
3 52
3 74
3 98
4 43
4 53
4 58
6 32
6 77
7 15
7 27
8 1
8 24
8 36
8 42
8 78
8 85
9 7
9 44
9 60
9 73
10 41
10 87
11 42
11 45
11 74
12 21
12 81
14 30
14 38
14 54
14 83
15 14
15 67
16 54
16 68
16 83
16 97
17 1
17 78
17 88
18 19
18 47
20 22
20 26
20 59
20 76
21 45
21 91
22 62
22 99
23 1
24 9
24 43
24 71
24 73
24 83
24 87
25 4
25 60
25 83
26 68
27 1
27 80
28 27
28 85
29 31
29 33
30 29
30 59
30 99
31 18
31 33
32 80
33 6
33 41
33 50
33 86
34 69
34 74
35 43
35 70
35 96
35 100
36 52
36 64
36 67
36 78
37 9
37 10
37 82
38 15
38 47
38 63
40 6
40 22
40 26
40 90
41 12
41 51
42 49
42 83
43 33
44 66
44 77
44 87
45 97
46 8
46 32
46 38
46 96
48 58
48 60
48 99
49 37
49 40
50 65
51 14
51 15
51 25
51 63
51 67
52 27
52 28
52 82
52 84
53 67
53 91
54 8
54 30
54 43
55 10
55 15
55 42
55 82
55 88
56 75
56 87
56 100
57 66
58 6
58 7
58 24
58 25
59 19
59 58
60 34
61 31
61 44
64 9
64 41
64 84
64 100
65 12
65 40
65 83
66 40
66 62
66 78
67 74
68 13
68 31
68 93
69 41
70 93
71 100
72 18
72 23
72 66
73 6
73 25
73 54
74 22
74 26
75 5
75 6
75 41
75 46
75 66
75 85
75 95
76 15
76 21
76 24
76 45
77 9
77 10
77 18
78 16
78 45
78 56
78 61
78 68
79 27
79 28
79 49
81 41
82 47
82 80
83 46
83 47
83 49
83 55
83 60
83 66
84 43
84 50
84 51
84 53
84 95
85 86
86 26
86 45
86 69
86 82
86 87
87 16
87 79
88 6
88 89
89 56
89 63
89 75
90 5
90 31
90 83
90 86
90 91
91 56
92 4
92 63
92 100
93 61
93 71
95 6
95 18
95 65
95 80
95 100
97 3
97 55
97 73
98 79
99 77
99 80
100 12

