250 750
42 54 33 94 26 111 30 45 89 70 103 45 29 22 108 115 50 99 116 44 109 95 119 57 70 67 26 64 76 79 56 65 27 29 118 87 33 51 63 48 109 39 82 99 39 70 38 53 67 111 22 69 57 86 72 77 58 80 24 34 107 32 20 119 80 28 37 80 40 38 104 69 20 92 64 97 87 63 52 70 76 32 119 65 110 76 69 36 98 66 42 90 103 110 72 76 43 31 75 78 40 108 90 104 55 47 78 78 110 30 20 28 78 61 31 43 70 112 116 46 85 45 64 23 66 46 97 27 31 80 26 89 62 92 69 51 60 117 58 37 79 104 50 49 77 24 45 73 55 98 31 32 104 73 87 23 40 61 22 113 66 40 42 24 115 104 46 115 88 77 86 96 94 88 61 91 53 24 105 57 41 102 78 85 78 93 115 63 33 87 85 98 35 64 120 40 89 29 61 22 24 99 102 120 54 119 28 85 48 36 35 80 64 119 97 113 106 72 85 24 65 94 57 81 84 32 88 64 54 67 51 36 114 110 26 68 56 20 91 95 114 79 85 100 100 23 32 97 32 97 
1 90
1 110
1 173
1 244
2 9
2 18
2 123
2 144
2 161
3 103
3 127
3 211
4 1
4 101
4 171
5 145
6 90
6 93
6 104
6 139
7 118
7 143
7 161
8 72
8 109
8 152
9 21
9 124
9 151
9 155
9 249
10 96
10 113
10 143
10 176
10 182
10 192
11 21
12 167
12 185
12 194
12 240
13 114
13 135
14 33
14 95
14 129
14 236
15 68
15 91
15 174
16 103
16 176
16 212
16 234
17 23
17 47
17 54
18 110
18 196
18 240
19 53
19 79
20 13
20 26
20 35
22 92
22 132
23 16
23 72
23 136
23 226
25 7
25 44
25 174
25 220
26 10
26 237
27 90
28 43
29 64
29 93
29 205
29 217
30 67
30 78
30 162
30 175
30 215
31 60
31 192
32 27
32 198
33 124
33 156
33 176
33 227
34 55
34 80
34 105
34 114
34 179
34 200
34 215
34 222
35 13
35 59
36 69
36 107
37 3
37 98
37 120
37 134
37 139
37 159
37 160
37 222
38 58
38 113
39 95
39 240
40 30
40 57
40 132
40 150
40 238
41 109
41 152
41 168
41 214
41 240
42 19
43 19
43 77
44 97
44 106
44 125
45 29
45 38
45 46
45 100
45 114
46 66
46 197
46 212
47 78
47 196
48 42
49 56
49 90
49 220
50 11
51 85
51 169
51 181
52 59
52 80
53 5
53 28
54 18
54 30
54 82
54 248
55 32
55 114
55 236
55 248
56 25
57 246
58 79
58 175
58 179
59 138
59 224
60 15
60 56
60 126
62 25
63 190
63 208
64 10
64 22
64 26
64 206
64 241
65 37
65 121
65 174
66 3
66 45
66 59
66 116
66 243
67 47
67 216
68 67
68 151
69 168
69 193
69 220
70 24
70 77
70 156
71 160
71 206
72 146
73 94
73 135
73 162
73 222
73 237
73 244
74 99
74 195
74 246
75 2
75 21
76 99
76 115
77 48
77 49
78 51
78 241
79 77
80 124
80 167
81 5
81 57
81 98
81 106
81 122
82 10
82 45
82 101
82 132
83 4
83 206
84 79
84 107
84 111
84 128
84 157
84 178
85 156
85 177
86 109
86 210
86 212
87 11
88 39
88 45
88 130
88 164
88 171
89 9
89 74
89 86
90 86
91 66
92 2
92 32
92 218
93 12
93 96
93 250
94 37
94 38
94 112
94 228
94 242
95 9
95 123
96 68
96 186
96 205
97 5
97 170
98 46
98 53
98 62
98 213
99 33
99 147
99 189
100 1
100 28
100 69
100 81
101 43
101 147
102 32
103 52
103 86
104 177
106 4
106 11
106 59
106 92
106 236
107 40
107 60
107 62
107 99
107 106
107 168
107 174
108 14
108 70
108 103
108 180
108 216
109 2
109 102
110 46
110 53
110 163
110 226
110 243
111 83
111 115
112 3
112 33
112 144
112 228
113 32
113 88
113 90
113 246
113 249
114 8
114 43
114 108
114 217
115 91
115 156
115 194
116 51
116 157
117 1
117 139
117 191
117 217
119 46
119 111
119 123
119 230
120 111
121 1
122 145
122 217
123 109
123 181
124 29
124 99
124 123
124 136
124 165
124 199
125 82
125 112
125 160
125 169
125 213
126 18
126 93
126 142
127 64
127 203
128 37
128 114
128 143
128 184
129 51
129 205
130 17
130 28
130 35
130 80
130 87
130 97
130 147
131 70
132 44
132 52
132 170
133 24
133 47
133 239
134 18
134 55
134 147
135 4
135 46
135 58
135 82
135 110
135 240
136 105
136 240
137 40
137 122
137 182
137 194
138 63
139 213
140 231
141 69
141 229
142 28
142 61
142 121
142 147
142 206
145 11
145 26
145 245
146 17
146 42
146 47
146 164
146 165
147 108
147 132
147 150
147 199
147 233
147 238
147 239
148 86
149 126
149 175
149 235
150 75
150 190
150 236
151 195
153 8
153 33
153 83
153 100
153 101
153 116
154 5
154 7
154 53
154 78
154 150
154 164
154 217
155 47
155 153
156 37
157 36
157 74
157 191
158 4
158 29
158 131
158 142
158 172
159 57
159 123
159 181
159 225
160 86
160 192
160 237
161 40
161 240
162 46
162 239
163 109
163 121
163 194
163 209
163 226
164 20
164 55
164 143
165 70
165 93
165 102
165 118
165 180
165 209
165 214
166 25
166 39
166 41
166 59
166 247
167 51
167 70
167 107
167 161
168 130
168 182
168 183
170 58
171 91
171 185
172 25
172 125
172 135
172 214
173 42
173 176
173 207
174 4
174 17
174 38
174 218
174 226
175 71
175 125
175 133
176 147
176 207
176 239
177 37
177 69
177 76
177 192
177 213
177 247
178 69
178 126
178 249
179 68
179 125
179 131
179 158
179 165
179 170
179 202
180 128
180 236
180 245
180 249
182 86
182 91
182 216
183 77
183 111
183 129
184 42
184 112
184 236
185 45
185 205
185 222
186 134
186 220
187 82
187 142
187 208
187 211
188 20
188 51
189 47
189 80
189 151
189 218
189 220
190 125
191 216
191 226
192 149
192 156
193 142
193 160
193 220
194 24
194 83
194 98
195 24
195 78
195 168
195 196
195 203
195 249
196 92
196 128
196 204
196 239
197 25
197 42
197 124
197 180
198 4
198 49
198 51
198 69
198 76
198 172
198 214
199 120
199 122
200 122
200 160
201 1
201 5
201 124
201 250
203 79
203 102
203 116
203 192
204 233
205 17
205 43
205 196
206 3
206 125
206 167
206 177
207 62
207 82
207 107
207 118
207 195
208 64
209 37
210 67
210 149
211 10
211 19
211 112
212 68
212 112
213 63
213 248
214 33
214 59
215 86
215 90
215 201
217 4
217 10
217 211
218 48
218 58
219 48
219 57
219 61
219 102
219 108
219 134
219 215
219 221
220 33
220 48
220 81
220 113
220 170
220 198
221 172
222 3
222 18
222 89
222 219
222 244
223 46
223 120
223 209
223 210
223 240
224 50
224 77
224 112
224 163
225 105
225 111
225 132
225 167
225 199
225 228
226 16
226 111
226 149
226 153
226 239
227 69
227 75
227 91
227 168
228 114
228 138
228 142
229 54
229 75
229 80
229 111
230 8
230 14
230 241
231 39
232 2
232 53
232 157
232 204
232 234
233 98
233 200
234 88
235 34
235 96
235 180
236 61
237 155
237 178
238 54
238 224
238 248
239 5
239 97
239 174
239 181
239 210
239 235
239 248
240 185
241 9
241 56
241 94
241 118
241 174
241 209
242 46
242 154
243 60
243 230
244 125
244 221
244 238
245 54
245 112
245 227
246 16
246 94
247 140
247 167
248 56
248 95
248 118
248 230
249 5
249 203
249 208
250 68

