300 5000
37 111 117 35 23 83 79 56 90 48 95 56 24 49 46 98 90 103 29 39 34 71 25 26 41 58 90 49 32 50 86 105 116 41 98 65 47 75 82 44 45 96 112 49 48 71 86 118 27 105 95 81 67 103 115 82 117 72 79 114 116 111 79 46 23 23 99 65 33 114 81 32 115 21 117 32 43 98 69 91 55 97 103 23 84 48 97 43 114 115 21 91 101 57 98 111 36 73 24 95 89 70 57 78 29 49 35 59 29 99 113 65 49 40 49 80 24 111 90 99 101 111 54 77 120 38 47 119 103 80 112 99 60 54 31 74 104 85 48 112 102 83 36 53 103 120 25 111 62 46 61 59 88 39 79 119 30 115 94 98 43 51 109 42 100 31 53 89 70 53 115 34 78 118 28 105 60 41 34 91 65 62 69 118 55 40 47 42 43 51 102 33 75 54 70 40 78 63 65 114 102 35 67 38 67 98 82 22 82 55 62 74 24 70 36 57 60 113 71 38 29 57 56 102 89 69 24 113 98 106 21 60 90 104 38 27 81 113 104 105 26 60 106 69 52 41 76 26 108 21 95 38 70 114 104 78 76 42 72 29 58 66 59 72 57 90 120 65 54 111 103 28 69 66 88 105 66 103 37 72 84 106 86 106 100 107 100 63 66 85 116 58 43 57 63 69 90 23 45 82 
1 41
1 62
1 73
1 120
1 131
1 158
1 205
1 211
1 213
1 231
1 242
1 274
1 290
1 295
2 59
2 82
2 103
2 134
2 145
2 154
2 183
2 186
2 222
2 244
2 292
2 296
3 4
3 7
3 46
3 73
3 137
3 165
3 205
3 215
3 263
4 9
4 18
4 73
4 79
4 92
4 96
4 117
4 170
4 183
4 213
4 230
4 240
4 244
4 246
4 247
4 250
4 272
5 3
5 17
5 36
5 100
5 112
5 131
5 151
5 173
5 192
5 218
5 237
6 51
6 56
6 63
6 99
6 116
6 133
6 153
6 162
6 185
6 196
6 205
6 235
6 239
6 256
6 261
6 274
6 282
6 289
6 290
7 2
7 9
7 23
7 24
7 30
7 45
7 63
7 69
7 74
7 97
7 110
7 115
7 120
7 121
7 125
7 199
7 200
7 219
7 237
7 276
7 288
7 295
8 5
8 22
8 43
8 104
8 134
8 140
8 170
8 197
8 211
8 227
8 232
8 267
8 290
9 15
9 24
9 30
9 103
9 107
9 118
9 133
9 173
9 174
9 178
9 212
9 216
9 229
9 247
9 275
9 279
9 281
9 288
9 293
9 299
10 30
10 56
10 61
10 64
10 78
10 80
10 118
10 140
10 168
10 182
10 183
10 195
10 217
10 237
10 243
10 254
10 256
10 260
10 272
11 18
11 55
11 122
11 146
11 163
11 173
11 182
11 184
11 195
11 204
11 285
12 5
12 33
12 36
12 41
12 56
12 122
12 127
12 140
12 181
12 188
12 248
12 285
12 293
12 299
13 2
13 4
13 8
13 9
13 10
13 14
13 24
13 39
13 78
13 97
13 100
13 107
13 113
13 130
13 133
13 171
13 180
13 205
13 210
13 219
13 268
13 273
13 286
13 294
14 39
14 74
14 87
14 96
14 123
14 126
14 150
14 170
14 177
14 190
14 202
14 236
14 246
14 300
15 8
15 39
15 61
15 62
15 64
15 65
15 80
15 87
15 135
15 139
15 177
15 192
15 195
15 221
15 228
15 274
15 280
15 283
16 21
16 26
16 41
16 50
16 51
16 72
16 78
16 91
16 97
16 108
16 115
16 156
16 175
16 187
16 222
16 276
16 298
16 299
17 2
17 8
17 33
17 38
17 67
17 142
17 187
17 188
17 193
17 197
17 202
17 263
17 265
17 271
17 278
18 10
18 17
18 24
18 94
18 95
18 106
18 132
18 158
18 165
18 169
18 172
18 191
18 203
18 213
18 235
18 258
18 268
18 276
18 283
18 286
18 292
19 6
19 51
19 61
19 70
19 81
19 87
19 109
19 135
19 144
19 151
19 168
19 192
19 197
19 206
19 237
19 274
19 295
20 22
20 61
20 111
20 153
20 157
20 163
20 174
20 177
20 181
20 209
20 218
20 220
20 278
20 294
21 24
21 25
21 60
21 96
21 108
21 113
21 127
21 132
21 170
21 173
21 175
21 221
21 224
21 229
21 231
21 236
21 254
21 259
21 286
21 290
22 3
22 11
22 30
22 31
22 36
22 46
22 60
22 83
22 89
22 98
22 125
22 132
22 138
22 153
22 156
22 171
22 181
22 209
22 222
22 228
22 260
22 263
23 10
23 37
23 40
23 48
23 78
23 94
23 116
23 126
23 128
23 186
23 221
23 224
23 275
23 286
23 298
24 19
24 69
24 111
24 129
24 132
24 172
24 191
24 212
24 216
24 227
24 230
24 263
24 289
24 294
25 3
25 5
25 17
25 55
25 65
25 77
25 84
25 120
25 151
25 166
25 197
25 248
25 267
25 286
25 289
26 15
26 20
26 40
26 42
26 50
26 86
26 115
26 131
26 136
26 141
26 144
26 162
26 171
26 178
26 205
26 228
26 233
26 246
26 250
26 267
26 295
27 40
27 50
27 51
27 59
27 83
27 103
27 153
27 171
27 178
27 263
27 269
27 270
28 4
28 26
28 59
28 78
28 109
28 116
28 157
28 230
28 242
28 249
28 263
28 270
29 42
29 101
29 118
29 148
29 166
29 171
29 201
29 202
29 212
29 219
29 221
29 224
29 226
29 242
29 243
29 247
29 250
29 259
29 266
30 4
30 14
30 37
30 61
30 77
30 94
30 107
30 146
30 152
30 168
30 199
30 210
30 217
30 239
30 276
30 287
30 300
31 34
31 56
31 67
31 84
31 113
31 127
31 140
31 143
31 171
31 202
31 216
31 219
31 251
31 269
32 26
32 41
32 64
32 72
32 82
32 83
32 87
32 110
32 115
32 118
32 142
32 161
32 191
32 193
32 198
32 210
32 220
32 226
32 240
32 258
32 283
32 295
33 1
33 18
33 39
33 55
33 81
33 93
33 96
33 142
33 150
33 159
33 173
33 182
33 207
33 238
33 256
33 278
33 290
33 299
34 12
34 61
34 66
34 72
34 108
34 111
34 130
34 142
34 167
34 242
34 250
34 265
34 276
34 285
34 288
34 290
35 9
35 17
35 20
35 37
35 38
35 56
35 82
35 98
35 117
35 191
35 240
35 247
35 251
35 261
35 277
35 282
35 283
35 292
36 4
36 35
36 44
36 49
36 50
36 148
36 170
36 171
36 183
36 198
36 243
36 250
36 256
36 262
36 272
36 281
36 287
36 296
36 299
37 5
37 14
37 16
37 17
37 26
37 29
37 39
37 73
37 81
37 109
37 124
37 140
37 142
37 144
37 155
37 157
37 177
37 211
37 224
37 237
37 282
37 285
38 8
38 33
38 75
38 82
38 106
38 107
38 115
38 128
38 137
38 192
38 206
38 207
38 214
38 226
38 231
38 232
38 247
38 255
38 293
39 12
39 42
39 78
39 97
39 101
39 118
39 137
39 143
39 169
39 178
39 182
39 199
39 214
39 215
39 288
39 299
39 300
40 31
40 36
40 63
40 88
40 104
40 113
40 117
40 156
40 181
40 193
40 200
40 225
40 258
40 268
40 296
40 299
41 7
41 22
41 28
41 29
41 36
41 55
41 59
41 72
41 77
41 90
41 92
41 103
41 117
41 160
41 178
41 182
41 187
41 214
41 268
41 276
41 281
41 286
42 8
42 12
42 51
42 57
42 62
42 73
42 79
42 102
42 109
42 118
42 182
42 195
42 203
42 214
42 256
42 257
42 270
42 271
43 17
43 33
43 61
43 68
43 99
43 102
43 104
43 108
43 123
43 130
43 132
43 157
43 160
43 170
43 179
43 184
43 219
43 269
43 277
43 288
43 299
44 2
44 34
44 43
44 67
44 92
44 111
44 115
44 179
44 240
44 241
44 265
44 268
44 290
44 291
45 4
45 24
45 25
45 28
45 32
45 37
45 40
45 110
45 114
45 133
45 156
45 157
45 161
45 168
45 171
45 179
45 180
45 204
45 293
45 300
46 12
46 23
46 25
46 27
46 28
46 35
46 51
46 56
46 148
46 187
46 268
46 290
47 3
47 13
47 49
47 54
47 57
47 59
47 63
47 75
47 87
47 98
47 110
47 112
47 117
47 118
47 133
47 151
47 153
47 166
47 204
47 258
47 270
47 293
48 12
48 32
48 38
48 43
48 46
48 67
48 104
48 111
48 124
48 125
48 163
48 165
48 177
48 182
48 201
48 215
48 225
48 226
48 237
48 244
48 276
48 282
49 4
49 7
49 29
49 37
49 46
49 72
49 99
49 111
49 144
49 156
49 180
49 237
49 267
49 268
49 270
50 10
50 22
50 97
50 101
50 103
50 132
50 147
50 158
50 159
50 160
50 165
50 168
50 187
50 203
50 208
50 211
50 228
50 258
50 276
50 279
50 295
51 33
51 43
51 45
51 61
51 88
51 163
51 177
51 190
51 197
51 210
51 244
51 255
51 293
52 12
52 15
52 22
52 72
52 75
52 85
52 98
52 99
52 116
52 120
52 143
52 144
52 188
52 202
52 208
52 242
52 245
52 271
53 10
53 11
53 14
53 28
53 31
53 60
53 70
53 71
53 74
53 89
53 121
53 128
53 131
53 132
53 147
53 217
53 218
53 219
53 241
53 251
53 271
53 277
53 278
54 12
54 27
54 34
54 37
54 97
54 129
54 130
54 168
54 192
54 226
54 232
54 240
54 300
55 43
55 52
55 64
55 65
55 67
55 103
55 136
55 142
55 144
55 191
55 204
55 229
55 233
55 256
55 259
55 265
55 293
56 3
56 17
56 43
56 55
56 59
56 73
56 80
56 119
56 156
56 160
56 178
56 182
56 184
56 210
57 21
57 75
57 83
57 132
57 142
57 159
57 179
57 205
57 241
57 288
58 27
58 35
58 70
58 78
58 80
58 83
58 160
58 161
58 173
58 193
58 196
58 215
58 225
58 226
58 239
58 247
58 257
58 266
58 277
58 278
59 7
59 10
59 18
59 68
59 85
59 126
59 132
59 139
59 168
59 169
59 235
59 242
59 261
59 269
59 281
60 4
60 36
60 39
60 55
60 58
60 89
60 97
60 127
60 138
60 153
60 181
60 189
60 192
60 198
60 204
60 221
60 245
60 252
60 271
60 286
60 294
60 300
61 11
61 35
61 36
61 47
61 48
61 134
61 144
61 147
61 150
61 155
61 207
61 251
61 258
61 260
61 276
61 279
62 36
62 48
62 126
62 129
62 134
62 187
62 191
62 197
62 241
62 259
62 271
62 293
63 4
63 8
63 67
63 90
63 120
63 121
63 143
63 207
63 234
63 268
64 23
64 57
64 97
64 101
64 118
64 142
64 163
64 202
64 217
64 262
64 271
64 298
65 16
65 33
65 37
65 67
65 77
65 104
65 127
65 128
65 144
65 149
65 201
65 221
65 236
65 252
65 287
66 4
66 28
66 40
66 52
66 88
66 99
66 141
66 156
66 160
66 182
66 205
66 227
66 284
66 285
66 286
67 49
67 80
67 87
67 101
67 121
67 137
67 168
67 175
67 179
67 184
67 205
67 223
67 232
67 266
67 274
67 285
67 287
68 18
68 21
68 32
68 40
68 44
68 45
68 47
68 57
68 127
68 137
68 147
68 160
68 174
68 180
68 212
68 222
68 229
68 250
68 264
68 293
68 298
69 16
69 29
69 62
69 66
69 84
69 124
69 135
69 184
69 192
69 200
69 214
69 248
69 268
69 273
69 284
69 288
70 30
70 36
70 40
70 44
70 48
70 110
70 122
70 139
70 143
70 153
70 181
70 193
70 208
70 242
70 261
71 8
71 10
71 23
71 37
71 58
71 97
71 127
71 159
71 169
71 184
71 195
71 208
71 222
71 235
71 248
71 275
72 6
72 18
72 26
72 43
72 81
72 82
72 87
72 137
72 140
72 247
72 262
72 291
73 31
73 48
73 99
73 111
73 124
73 157
73 163
73 179
73 182
73 203
73 205
73 215
73 219
73 243
73 274
73 281
73 289
73 296
74 3
74 9
74 17
74 23
74 36
74 50
74 65
74 79
74 165
74 195
74 204
74 219
74 235
74 251
75 16
75 53
75 68
75 76
75 98
75 114
75 119
75 138
75 148
75 170
75 187
75 192
75 217
75 220
75 231
75 264
75 287
75 295
76 12
76 47
76 57
76 88
76 139
76 145
76 147
76 157
76 162
76 179
76 197
76 215
76 222
76 237
76 239
76 242
76 265
76 282
77 10
77 24
77 42
77 56
77 96
77 103
77 107
77 178
77 183
77 196
77 200
77 209
77 224
77 245
78 64
78 73
78 74
78 88
78 112
78 132
78 171
78 211
78 249
78 267
79 8
79 24
79 30
79 36
79 99
79 105
79 125
79 160
79 171
79 199
80 11
80 22
80 41
80 43
80 59
80 85
80 88
80 89
80 159
80 168
80 210
80 218
80 219
80 231
80 238
80 268
81 50
81 59
81 70
81 77
81 117
81 170
81 208
81 216
81 219
81 236
81 238
81 270
81 290
81 297
82 10
82 28
82 53
82 66
82 107
82 121
82 146
82 162
82 185
82 200
82 223
82 241
82 248
82 261
82 269
82 277
83 25
83 66
83 72
83 95
83 99
83 107
83 122
83 155
83 161
83 173
83 182
83 193
83 199
83 202
83 210
83 231
83 234
83 246
83 250
83 270
83 289
84 7
84 14
84 32
84 57
84 62
84 78
84 94
84 110
84 111
84 129
84 159
84 182
84 260
84 275
84 279
84 285
84 293
85 35
85 43
85 49
85 117
85 134
85 142
85 155
85 164
85 171
85 191
85 203
85 207
85 218
85 222
85 280
86 5
86 11
86 66
86 87
86 99
86 102
86 205
86 222
86 251
86 261
86 269
86 280
87 54
87 69
87 90
87 92
87 93
87 98
87 107
87 110
87 115
87 125
87 138
87 200
87 226
87 270
87 292
88 13
88 16
88 45
88 68
88 91
88 105
88 107
88 131
88 150
88 152
88 163
88 183
88 191
88 204
88 216
88 248
88 252
88 265
89 16
89 118
89 127
89 128
89 129
89 142
89 144
89 164
89 180
89 184
89 246
89 253
89 263
89 269
89 295
89 297
90 1
90 13
90 14
90 29
90 74
90 92
90 99
90 114
90 128
90 131
90 167
90 177
90 185
90 207
90 211
90 228
90 229
90 247
90 250
90 271
90 295
91 2
91 27
91 37
91 78
91 105
91 112
91 126
91 144
91 202
91 219
91 236
91 241
91 251
91 262
91 264
91 272
91 276
91 281
91 288
92 12
92 56
92 62
92 63
92 66
92 70
92 88
92 114
92 131
92 153
92 191
92 202
92 208
92 215
92 216
92 240
92 257
92 264
92 300
93 30
93 44
93 75
93 99
93 105
93 106
93 129
93 140
93 146
93 174
93 178
93 186
93 206
93 210
93 222
93 252
93 270
93 272
93 300
94 36
94 53
94 71
94 74
94 75
94 98
94 103
94 108
94 131
94 187
94 188
94 190
94 230
94 245
94 259
94 273
94 285
95 17
95 30
95 33
95 38
95 86
95 89
95 91
95 124
95 129
95 190
95 215
95 242
95 253
95 276
95 288
95 300
96 61
96 66
96 72
96 94
96 128
96 147
96 210
96 220
96 222
96 277
96 286
96 289
97 8
97 23
97 35
97 38
97 41
97 43
97 89
97 92
97 102
97 107
97 132
97 142
97 159
97 160
97 162
97 179
97 184
97 186
97 192
97 198
97 215
97 225
97 247
97 255
97 264
97 278
97 281
98 24
98 26
98 30
98 57
98 117
98 131
98 133
98 144
98 167
98 169
98 181
98 197
98 199
98 223
98 234
98 237
98 266
98 277
98 288
98 298
99 12
99 25
99 26
99 28
99 34
99 39
99 54
99 59
99 64
99 80
99 109
99 125
99 140
99 163
99 182
99 199
99 216
99 264
99 267
99 277
99 278
99 286
99 288
100 7
100 16
100 20
100 42
100 69
100 74
100 91
100 110
100 114
100 124
100 127
100 135
100 161
100 170
100 187
100 199
100 210
100 257
100 270
100 276
100 288
101 14
101 27
101 32
101 45
101 48
101 66
101 106
101 130
101 155
101 157
101 178
101 179
101 220
101 233
101 284
102 9
102 23
102 28
102 30
102 41
102 59
102 62
102 68
102 71
102 92
102 114
102 116
102 150
102 256
102 262
102 265
102 274
102 294
103 15
103 16
103 33
103 61
103 65
103 72
103 109
103 131
103 139
103 158
103 219
104 5
104 6
104 23
104 56
104 73
104 167
104 191
104 201
104 223
104 235
104 257
104 299
105 2
105 18
105 21
105 35
105 39
105 76
105 107
105 133
105 140
105 233
105 249
105 269
105 297
106 34
106 52
106 78
106 79
106 130
106 134
106 147
106 152
106 174
106 184
106 189
106 242
106 280
107 17
107 19
107 26
107 37
107 54
107 86
107 89
107 91
107 106
107 122
107 124
107 125
107 144
107 166
107 174
107 211
107 219
107 225
107 232
107 250
107 277
107 278
107 295
107 297
107 299
108 13
108 31
108 35
108 52
108 55
108 63
108 69
108 85
108 117
108 119
108 121
108 140
108 160
108 210
108 219
108 223
108 258
108 261
109 45
109 48
109 53
109 69
109 91
109 97
109 108
109 111
109 114
109 218
109 272
110 9
110 11
110 25
110 42
110 74
110 99
110 153
110 158
110 186
110 191
110 229
110 270
110 297
111 9
111 16
111 27
111 62
111 94
111 95
111 124
111 131
111 139
111 167
111 179
111 201
111 215
111 220
111 245
111 254
111 263
111 275
112 8
112 16
112 40
112 46
112 54
112 84
112 86
112 93
112 122
112 136
112 161
112 203
112 212
112 234
112 236
112 279
112 282
113 1
113 24
113 64
113 70
113 118
113 121
113 166
113 173
113 178
113 184
113 199
113 202
113 217
113 221
113 241
113 266
113 284
114 36
114 51
114 56
114 60
114 61
114 87
114 101
114 104
114 138
114 142
114 144
114 170
114 188
114 190
114 209
115 47
115 89
115 130
115 152
115 164
115 185
115 192
115 203
115 207
115 208
115 218
115 221
115 249
115 264
115 273
115 284
115 293
116 19
116 61
116 79
116 132
116 134
116 145
116 169
116 176
116 185
116 190
116 214
116 225
116 257
116 258
116 264
116 275
116 284
117 24
117 42
117 44
117 57
117 61
117 92
117 107
117 121
117 126
117 132
117 141
117 149
117 169
117 200
117 232
117 268
118 13
118 76
118 77
118 87
118 97
118 99
118 151
118 177
118 218
118 221
118 232
118 250
118 264
119 40
119 52
119 67
119 104
119 112
119 123
119 125
119 134
119 170
119 180
119 248
119 256
119 258
119 264
120 4
120 15
120 17
120 23
120 33
120 47
120 75
120 90
120 91
120 101
120 116
120 119
120 144
120 146
120 154
120 178
120 195
120 205
120 212
120 215
120 220
120 222
120 230
120 254
120 257
120 278
121 9
121 48
121 84
121 172
121 175
121 181
121 182
121 187
121 203
121 211
121 212
121 223
121 245
121 260
121 288
122 2
122 8
122 24
122 33
122 63
122 66
122 68
122 78
122 178
122 195
122 224
122 255
122 269
123 49
123 59
123 62
123 125
123 129
123 140
123 152
123 165
123 198
123 205
123 209
123 218
123 250
123 264
124 3
124 6
124 19
124 23
124 33
124 41
124 56
124 104
124 135
124 136
124 139
124 157
124 201
124 208
124 227
124 230
124 240
124 246
124 258
124 271
125 11
125 23
125 112
125 120
125 137
125 142
125 161
125 174
125 204
125 212
125 214
125 221
125 226
125 228
125 249
125 283
126 6
126 16
126 46
126 94
126 101
126 108
126 151
126 165
126 170
126 172
126 173
126 183
126 228
126 240
126 266
126 284
126 300
127 16
127 35
127 37
127 138
127 142
127 150
127 169
127 177
127 181
127 206
127 223
127 226
127 264
127 266
127 278
128 3
128 8
128 36
128 44
128 99
128 102
128 119
128 127
128 140
128 207
128 208
128 219
128 239
128 240
128 249
129 1
129 13
129 18
129 19
129 47
129 68
129 109
129 120
129 165
129 168
129 188
129 189
129 197
129 199
129 206
129 240
129 269
129 287
129 289
130 16
130 30
130 73
130 103
130 114
130 124
130 178
130 198
130 228
130 248
130 256
130 265
131 64
131 72
131 91
131 95
131 123
131 125
131 153
131 166
131 167
131 177
131 188
131 218
131 221
131 252
131 258
131 270
131 281
131 292
132 4
132 30
132 87
132 125
132 127
132 138
132 176
132 181
132 193
132 200
132 226
132 236
132 245
132 282
132 283
133 8
133 50
133 55
133 60
133 108
133 157
133 176
133 178
133 183
133 202
133 205
133 225
133 253
133 269
133 297
134 5
134 6
134 29
134 36
134 41
134 52
134 75
134 76
134 84
134 99
134 127
134 132
134 147
134 159
134 174
134 192
134 200
134 216
134 243
134 244
134 250
134 269
134 277
134 289
135 34
135 54
135 101
135 123
135 132
135 136
135 141
135 170
135 172
135 181
135 223
135 247
135 257
135 293
135 295
136 10
136 28
136 41
136 49
136 64
136 103
136 159
136 165
136 168
136 184
136 195
136 221
136 250
137 2
137 30
137 37
137 48
137 53
137 81
137 91
137 138
137 143
137 155
137 173
137 222
137 267
137 277
137 286
137 294
138 15
138 19
138 21
138 40
138 43
138 49
138 53
138 54
138 72
138 74
138 78
138 90
138 99
138 102
138 121
138 151
138 190
138 199
138 220
138 244
138 250
138 260
139 8
139 9
139 19
139 24
139 78
139 88
139 108
139 169
139 171
139 181
139 182
139 184
139 214
139 252
139 260
139 263
139 277
139 279
139 288
139 296
140 6
140 71
140 76
140 102
140 144
140 157
140 178
140 181
140 189
140 274
140 287
140 288
141 15
141 37
141 61
141 160
141 211
141 214
141 220
141 223
141 235
141 251
141 292
142 9
142 75
142 81
142 84
142 87
142 96
142 123
142 132
142 189
142 205
142 255
142 258
142 276
142 297
143 1
143 44
143 58
143 82
143 83
143 91
143 104
143 107
143 185
143 223
143 268
144 8
144 28
144 42
144 45
144 50
144 56
144 82
144 138
144 152
144 159
144 160
144 170
144 173
144 193
144 204
144 213
144 226
144 237
144 259
144 286
145 19
145 69
145 73
145 95
145 113
145 124
145 184
145 211
145 212
145 234
145 298
146 34
146 47
146 78
146 83
146 88
146 99
146 107
146 119
146 140
146 162
146 197
146 202
146 224
146 227
146 266
146 270
146 300
147 1
147 9
147 24
147 27
147 35
147 166
147 180
147 211
147 223
147 272
147 279
148 6
148 25
148 40
148 61
148 66
148 82
148 89
148 94
148 96
148 104
148 107
148 178
148 198
148 206
148 214
148 233
148 250
148 284
148 287
148 290
149 4
149 11
149 22
149 26
149 69
149 86
149 95
149 96
149 106
149 109
149 150
149 234
149 250
149 254
149 265
150 8
150 31
150 32
150 37
150 54
150 74
150 78
150 100
150 109
150 128
150 143
150 151
150 182
150 197
150 214
150 242
150 245
150 248
150 257
150 299
151 22
151 53
151 66
151 89
151 112
151 117
151 134
151 155
151 169
151 181
151 198
151 207
151 237
151 254
151 261
151 275
151 285
152 19
152 20
152 55
152 78
152 90
152 127
152 139
152 157
152 158
152 160
152 213
152 217
152 228
152 263
152 299
153 24
153 26
153 72
153 81
153 93
153 112
153 116
153 162
153 177
153 208
153 220
153 233
153 287
153 290
153 292
154 33
154 36
154 43
154 66
154 93
154 94
154 167
154 182
154 232
154 236
154 245
154 258
154 274
155 32
155 57
155 67
155 76
155 82
155 97
155 105
155 113
155 153
155 160
155 194
155 205
155 216
155 229
155 280
155 290
156 29
156 31
156 69
156 74
156 86
156 98
156 115
156 123
156 157
156 230
156 231
156 267
157 32
157 53
157 67
157 74
157 113
157 120
157 122
157 200
157 204
157 227
157 230
157 241
157 250
157 276
158 2
158 20
158 45
158 56
158 85
158 109
158 155
158 175
158 179
158 197
158 245
159 16
159 28
159 35
159 64
159 70
159 74
159 88
159 113
159 117
159 139
159 155
159 183
159 193
159 223
159 247
159 257
159 287
160 29
160 52
160 60
160 80
160 109
160 113
160 114
160 147
160 154
160 181
160 204
160 210
160 233
160 237
160 291
161 28
161 54
161 96
161 108
161 115
161 129
161 142
161 146
161 167
161 168
161 184
161 214
161 233
161 272
161 296
162 7
162 22
162 98
162 120
162 136
162 178
162 191
162 215
162 230
162 252
162 254
163 18
163 21
163 24
163 69
163 70
163 86
163 96
163 130
163 133
163 153
163 173
163 186
163 194
163 247
163 262
163 266
163 270
163 273
163 282
163 286
163 287
164 35
164 38
164 45
164 74
164 108
164 146
164 152
164 157
164 166
164 175
164 217
164 233
164 237
164 258
164 269
164 286
164 288
164 292
165 11
165 13
165 36
165 67
165 69
165 113
165 127
165 152
165 170
165 173
165 201
165 254
166 5
166 37
166 43
166 63
166 73
166 88
166 98
166 103
166 133
166 135
166 138
166 144
166 162
166 198
166 211
166 229
166 240
166 280
166 295
167 4
167 39
167 82
167 110
167 118
167 168
167 197
167 240
167 252
167 257
167 258
167 265
167 275
168 2
168 7
168 18
168 28
168 37
168 46
168 49
168 57
168 72
168 73
168 88
168 112
168 137
168 196
168 198
168 233
168 283
168 299
169 7
169 27
169 32
169 36
169 81
169 89
169 90
169 94
169 133
169 135
169 150
169 195
169 200
169 214
169 243
169 267
169 274
170 3
170 6
170 47
170 50
170 57
170 58
170 116
170 123
170 136
170 140
170 143
170 145
170 153
170 155
170 174
170 187
170 207
170 237
170 241
170 253
170 277
170 287
171 12
171 21
171 23
171 34
171 41
171 54
171 87
171 119
171 142
171 153
171 162
171 249
171 250
171 253
171 259
171 278
172 13
172 22
172 51
172 53
172 86
172 92
172 102
172 111
172 113
172 123
172 177
172 178
172 192
172 201
172 235
172 279
173 47
173 70
173 74
173 82
173 108
173 120
173 134
173 135
173 136
173 155
173 170
173 171
173 181
173 221
173 235
173 242
173 246
173 258
174 11
174 14
174 46
174 59
174 121
174 122
174 133
174 148
174 157
174 159
174 166
174 184
174 190
174 193
174 247
174 256
174 282
175 2
175 13
175 23
175 54
175 94
175 108
175 133
175 136
175 148
175 166
175 177
175 192
175 210
175 211
175 269
175 284
175 288
175 297
175 298
176 21
176 31
176 32
176 36
176 40
176 46
176 51
176 62
176 81
176 90
176 120
176 137
176 156
176 185
176 194
176 206
176 224
176 241
176 247
176 275
177 13
177 107
177 144
177 165
177 166
177 167
177 180
177 184
177 186
177 210
177 225
177 258
177 263
177 291
178 20
178 51
178 59
178 60
178 63
178 72
178 92
178 96
178 102
178 114
178 123
178 131
178 147
178 153
178 154
178 182
178 202
178 217
178 220
178 273
178 282
178 283
179 19
179 36
179 40
179 66
179 86
179 91
179 178
179 208
179 217
179 259
179 261
179 271
179 282
180 10
180 42
180 43
180 88
180 94
180 105
180 130
180 131
180 142
180 158
180 159
180 169
180 171
180 181
180 189
180 200
180 209
180 213
180 215
180 234
180 245
180 263
180 279
180 282
180 295
181 33
181 34
181 62
181 150
181 198
181 227
181 248
181 249
181 273
181 280
181 285
181 298
182 13
182 24
182 43
182 55
182 65
182 77
182 98
182 103
182 112
182 114
182 116
182 129
182 144
182 163
182 192
182 209
182 212
182 231
182 234
182 239
182 258
182 265
182 268
183 52
183 53
183 64
183 160
183 173
183 222
183 223
183 283
184 13
184 26
184 32
184 74
184 104
184 112
184 137
184 147
184 151
184 166
184 195
184 198
184 250
185 28
185 31
185 53
185 69
185 71
185 77
185 89
185 108
185 111
185 114
185 119
185 149
185 152
185 164
185 194
185 208
185 212
185 215
185 217
185 260
185 274
185 300
186 9
186 19
186 24
186 28
186 56
186 84
186 153
186 171
186 180
186 185
186 203
186 207
186 267
186 272
186 281
186 297
187 3
187 15
187 20
187 22
187 23
187 35
187 59
187 83
187 111
187 113
187 127
187 150
187 151
187 186
187 203
187 244
187 292
188 8
188 9
188 34
188 65
188 87
188 93
188 116
188 133
188 141
188 147
188 155
188 181
188 220
188 269
189 7
189 10
189 14
189 27
189 30
189 34
189 37
189 42
189 45
189 53
189 54
189 56
189 75
189 85
189 91
189 104
189 109
189 123
189 126
189 169
189 197
189 201
189 206
189 217
189 228
189 249
189 252
189 261
189 275
190 11
190 26
190 54
190 88
190 125
190 147
190 189
190 192
190 194
190 278
190 285
190 299
191 7
191 22
191 36
191 46
191 65
191 72
191 112
191 127
191 128
191 161
191 186
191 207
191 220
191 227
191 239
191 248
192 10
192 30
192 34
192 103
192 108
192 127
192 148
192 186
192 193
192 196
192 201
192 224
192 238
192 246
192 255
192 268
192 285
192 297
193 38
193 41
193 89
193 112
193 135
193 178
193 185
193 203
193 220
193 243
193 257
193 264
193 276
194 13
194 17
194 67
194 71
194 149
194 150
194 156
194 158
194 164
194 169
194 173
194 189
194 198
194 210
194 217
194 223
194 240
194 242
194 265
194 288
195 35
195 48
195 62
195 64
195 77
195 133
195 134
195 160
195 179
195 206
195 214
195 232
195 243
195 295
196 43
196 69
196 74
196 101
196 106
196 111
196 135
196 145
196 160
196 166
196 188
196 202
196 225
196 235
196 242
196 246
196 252
196 268
196 270
196 272
196 276
196 280
197 36
197 70
197 87
197 92
197 107
197 117
197 120
197 128
197 149
197 204
197 208
197 244
197 268
197 273
197 278
197 279
197 285
197 287
198 3
198 4
198 37
198 42
198 55
198 59
198 92
198 126
198 127
198 142
198 143
198 144
198 163
198 172
198 179
198 201
198 225
198 229
198 243
198 246
198 275
198 286
198 290
199 12
199 33
199 35
199 37
199 74
199 87
199 89
199 127
199 133
199 150
199 151
199 163
199 167
199 173
199 208
199 212
199 213
199 253
200 2
200 22
200 29
200 49
200 59
200 78
200 111
200 115
200 129
200 133
200 164
200 187
200 192
200 194
200 219
200 259
200 276
200 280
200 288
201 27
201 64
201 68
201 84
201 106
201 153
201 164
201 206
201 212
201 239
201 276
201 282
202 23
202 59
202 61
202 89
202 99
202 130
202 132
202 139
202 165
202 189
202 282
202 285
202 286
203 23
203 27
203 32
203 33
203 45
203 49
203 76
203 98
203 100
203 116
203 138
203 143
203 154
203 155
203 165
203 217
203 234
203 247
203 276
203 289
204 3
204 35
204 58
204 63
204 72
204 75
204 91
204 103
204 116
204 121
204 148
204 153
204 191
204 212
204 268
205 7
205 68
205 129
205 161
205 162
205 175
205 202
205 208
205 213
205 238
205 239
205 267
205 274
206 2
206 7
206 27
206 40
206 42
206 52
206 58
206 71
206 90
206 98
206 116
206 118
206 139
206 198
206 212
206 216
206 239
206 247
206 249
206 288
207 22
207 97
207 114
207 124
207 135
207 146
207 155
207 228
207 280
207 292
208 5
208 24
208 36
208 38
208 46
208 60
208 82
208 88
208 109
208 110
208 118
208 126
208 133
208 139
208 162
208 183
208 189
208 219
208 222
208 240
208 249
208 265
208 273
208 284
209 18
209 35
209 40
209 63
209 96
209 109
209 164
209 242
209 263
209 278
209 284
210 5
210 23
210 27
210 29
210 33
210 130
210 136
210 152
210 158
210 185
210 200
210 213
210 273
210 277
210 285
211 9
211 21
211 29
211 35
211 81
211 86
211 93
211 125
211 131
211 140
211 189
211 190
211 194
211 195
211 205
211 223
211 227
211 248
211 263
211 269
211 291
211 292
211 300
212 2
212 7
212 10
212 47
212 52
212 54
212 105
212 110
212 124
212 143
212 159
212 189
212 209
212 274
212 279
212 282
212 299
213 8
213 12
213 15
213 30
213 43
213 71
213 79
213 102
213 105
213 158
213 173
213 182
213 187
213 196
213 218
213 241
213 243
213 244
213 269
213 271
213 274
213 278
214 9
214 14
214 16
214 30
214 35
214 50
214 66
214 77
214 126
214 151
214 196
214 226
214 250
214 280
214 281
214 286
214 292
215 1
215 6
215 85
215 98
215 112
215 116
215 119
215 122
215 135
215 136
215 150
215 155
215 179
215 184
215 190
215 193
215 198
215 201
215 203
215 209
215 216
215 223
215 233
215 278
215 286
216 8
216 34
216 41
216 42
216 44
216 78
216 79
216 83
216 110
216 137
216 154
216 173
216 175
216 191
216 210
216 225
216 264
216 271
217 15
217 60
217 108
217 115
217 121
217 125
217 134
217 153
217 158
217 193
217 239
217 246
217 262
218 19
218 83
218 92
218 94
218 124
218 125
218 135
218 139
218 145
218 146
218 158
218 169
218 177
218 184
218 199
218 233
218 235
218 258
218 290
219 54
219 58
219 140
219 151
219 156
219 158
219 176
219 180
219 193
219 198
219 209
219 221
219 239
219 240
219 241
219 248
219 251
219 255
219 269
219 274
220 2
220 4
220 57
220 80
220 97
220 176
220 246
220 254
221 24
221 30
221 141
221 162
221 165
221 217
221 253
221 257
221 258
221 267
221 286
221 288
221 296
222 11
222 28
222 29
222 38
222 42
222 133
222 147
222 201
222 211
222 212
222 218
222 251
222 266
222 294
223 7
223 38
223 61
223 72
223 100
223 123
223 139
223 146
223 173
223 189
223 197
223 206
223 207
223 212
223 221
223 226
223 227
223 257
223 286
223 290
224 27
224 48
224 93
224 96
224 98
224 99
224 117
224 123
224 142
224 162
224 172
224 180
224 183
224 199
224 263
224 300
225 1
225 14
225 17
225 18
225 28
225 29
225 44
225 49
225 67
225 129
225 138
225 139
225 145
225 151
225 169
225 213
225 234
225 267
226 8
226 24
226 46
226 70
226 86
226 99
226 130
226 134
226 164
226 175
226 180
226 193
226 205
226 211
226 235
226 282
226 284
226 286
226 289
227 21
227 32
227 51
227 52
227 80
227 97
227 108
227 139
227 155
227 168
227 169
227 218
227 255
227 263
227 281
228 25
228 29
228 49
228 64
228 77
228 79
228 86
228 113
228 135
228 137
228 165
228 168
228 181
228 213
228 247
228 251
228 253
228 258
228 300
229 22
229 25
229 33
229 36
229 54
229 63
229 71
229 96
229 99
229 132
229 142
229 150
229 160
229 170
229 190
229 194
229 203
229 242
229 245
229 248
229 250
229 251
229 256
229 277
229 279
229 291
230 5
230 16
230 27
230 67
230 75
230 112
230 130
230 150
230 169
230 179
230 190
230 195
230 229
230 281
231 9
231 57
231 102
231 121
231 137
231 138
231 149
231 160
231 203
231 206
231 215
231 252
231 263
231 264
231 266
231 272
232 21
232 28
232 31
232 39
232 47
232 51
232 57
232 128
232 131
232 158
232 196
232 211
232 214
232 224
232 243
232 261
232 278
232 292
232 299
233 34
233 57
233 58
233 121
233 166
233 185
233 189
233 196
233 203
233 236
234 117
234 142
234 165
234 177
234 178
234 198
234 200
234 218
234 247
234 274
235 12
235 15
235 16
235 33
235 45
235 51
235 56
235 70
235 88
235 95
235 118
235 148
235 169
235 237
235 244
235 251
235 273
235 285
235 293
236 6
236 34
236 123
236 149
236 155
236 172
236 212
236 239
236 256
236 262
236 268
236 276
236 294
237 9
237 97
237 113
237 129
237 150
237 177
237 179
237 181
237 211
237 219
237 224
237 238
237 267
237 284
237 285
238 6
238 9
238 11
238 18
238 30
238 42
238 48
238 69
238 70
238 72
238 94
238 108
238 118
238 129
238 140
238 148
238 180
238 186
238 195
238 196
238 202
238 210
238 236
238 282
238 295
239 5
239 32
239 34
239 44
239 60
239 73
239 103
239 120
239 124
239 141
239 148
239 161
239 164
239 168
239 192
240 1
240 20
240 60
240 70
240 114
240 136
240 143
240 160
240 180
240 187
240 195
240 203
240 225
240 251
240 255
240 256
240 258
240 259
240 274
240 278
241 9
241 50
241 51
241 59
241 92
241 93
241 100
241 102
241 115
241 116
241 117
241 118
241 154
241 185
241 212
241 224
241 227
241 229
241 235
241 253
242 8
242 45
242 74
242 77
242 116
242 129
242 151
242 212
242 219
242 252
242 257
242 260
243 25
243 28
243 69
243 92
243 109
243 132
243 140
243 177
243 180
243 197
243 206
243 241
243 296
244 10
244 11
244 28
244 77
244 90
244 92
244 107
244 127
244 166
244 170
244 182
244 193
244 220
244 237
244 250
244 252
244 258
244 266
244 280
245 16
245 37
245 39
245 44
245 45
245 53
245 55
245 128
245 208
245 212
245 237
245 253
245 270
245 277
245 287
245 297
246 80
246 90
246 92
246 110
246 128
246 159
246 166
246 184
246 191
246 215
246 236
246 270
246 272
246 286
247 24
247 55
247 60
247 66
247 99
247 100
247 139
247 178
247 181
247 186
247 195
247 204
247 254
247 260
247 276
247 283
248 2
248 13
248 51
248 55
248 59
248 65
248 81
248 93
248 110
248 133
248 140
248 149
248 152
248 174
248 241
248 252
249 15
249 59
249 65
249 79
249 83
249 154
249 173
249 174
249 190
249 193
249 204
249 220
249 235
249 237
249 238
249 271
249 272
249 277
249 278
250 56
250 59
250 76
250 108
250 233
250 237
250 252
250 259
250 280
250 281
250 282
250 294
251 5
251 22
251 32
251 56
251 60
251 65
251 81
251 112
251 152
251 175
251 202
251 207
251 225
251 226
251 231
251 238
251 241
251 252
251 299
252 4
252 17
252 46
252 59
252 72
252 84
252 95
252 112
252 129
252 168
252 177
252 214
252 233
252 253
252 260
252 271
253 35
253 67
253 121
253 136
253 147
253 183
253 193
253 196
253 206
253 222
253 250
253 275
253 280
253 282
253 283
254 61
254 85
254 87
254 100
254 106
254 107
254 127
254 140
254 172
254 174
254 200
254 216
254 231
254 238
254 263
254 276
255 47
255 94
255 131
255 140
255 152
255 162
255 163
255 168
255 173
255 202
255 212
255 223
255 235
255 242
255 254
256 25
256 47
256 54
256 64
256 77
256 114
256 118
256 122
256 124
256 125
256 143
256 150
256 152
256 156
256 244
256 258
256 276
256 296
257 5
257 23
257 31
257 55
257 65
257 78
257 108
257 132
257 157
257 181
257 186
257 199
257 216
257 228
257 244
257 263
257 284
257 286
258 1
258 11
258 22
258 34
258 68
258 75
258 79
258 149
258 189
258 195
258 257
258 271
258 276
258 282
258 286
259 5
259 10
259 17
259 32
259 34
259 48
259 51
259 66
259 75
259 128
259 150
259 156
259 174
259 178
259 182
259 184
259 197
259 198
259 210
259 214
259 217
259 224
259 227
259 246
259 249
259 285
260 9
260 20
260 25
260 48
260 50
260 69
260 83
260 115
260 169
260 174
260 180
260 188
260 196
260 208
260 213
260 220
260 223
260 233
260 253
260 282
260 290
260 296
261 1
261 8
261 13
261 17
261 37
261 73
261 84
261 92
261 107
261 110
261 147
261 163
261 172
261 199
261 229
261 235
261 243
261 248
261 254
261 263
261 265
261 281
262 12
262 17
262 24
262 50
262 59
262 76
262 81
262 106
262 151
262 189
262 200
262 204
262 215
262 218
262 232
262 246
262 266
262 271
262 293
263 4
263 9
263 36
263 79
263 84
263 109
263 130
263 131
263 149
263 171
263 214
263 270
263 277
263 285
263 290
263 296
264 1
264 32
264 54
264 70
264 80
264 89
264 107
264 155
264 165
264 189
264 211
264 219
264 243
264 249
264 250
264 272
264 278
264 293
265 27
265 31
265 43
265 51
265 54
265 86
265 107
265 159
265 174
265 185
265 207
265 274
265 288
265 291
266 22
266 23
266 30
266 45
266 47
266 68
266 142
266 239
266 250
266 254
266 275
267 4
267 20
267 30
267 43
267 74
267 85
267 95
267 100
267 103
267 109
267 149
267 151
267 152
267 155
267 214
267 280
267 284
267 288
268 11
268 28
268 53
268 60
268 78
268 148
268 154
268 160
268 171
268 180
268 186
268 288
269 3
269 17
269 71
269 92
269 100
269 111
269 114
269 125
269 151
269 167
269 174
269 184
269 194
269 209
269 216
269 222
269 240
269 242
269 253
269 267
269 283
269 292
269 299
270 14
270 20
270 22
270 29
270 44
270 55
270 86
270 114
270 123
270 128
270 133
270 135
270 139
270 152
270 169
270 172
270 190
270 200
270 237
270 242
270 243
270 250
270 258
270 265
270 266
270 268
270 294
271 24
271 31
271 35
271 128
271 170
271 215
271 260
271 265
271 279
272 38
272 43
272 68
272 131
272 141
272 150
272 184
272 202
272 213
272 220
272 244
272 288
272 297
273 2
273 3
273 30
273 41
273 43
273 77
273 85
273 86
273 93
273 126
273 134
273 148
273 183
273 187
273 202
273 271
274 18
274 26
274 93
274 98
274 112
274 133
274 148
274 155
274 170
274 182
274 243
274 256
274 257
274 262
274 267
274 276
275 8
275 20
275 76
275 83
275 89
275 103
275 131
275 171
275 194
275 203
275 210
275 222
275 237
275 239
275 256
275 262
275 272
275 298
276 4
276 29
276 43
276 47
276 49
276 84
276 89
276 104
276 148
276 164
276 168
276 171
276 175
276 222
276 241
276 243
276 244
276 245
276 248
276 290
276 294
277 23
277 27
277 32
277 48
277 122
277 123
277 125
277 138
277 150
277 160
277 162
277 209
277 217
277 242
277 251
277 270
277 298
278 4
278 24
278 26
278 29
278 57
278 139
278 147
278 161
278 169
278 195
278 252
278 267
278 290
278 297
278 298
279 19
279 45
279 63
279 66
279 90
279 98
279 115
279 161
279 171
279 173
279 199
279 213
279 222
279 231
279 254
279 257
279 263
279 275
279 296
280 22
280 25
280 39
280 42
280 68
280 74
280 167
280 173
280 180
280 195
280 230
280 261
280 268
280 277
280 292
281 16
281 40
281 95
281 109
281 120
281 141
281 152
281 170
281 175
281 190
281 233
281 236
281 248
281 285
281 289
282 21
282 42
282 49
282 60
282 87
282 91
282 95
282 96
282 134
282 140
282 141
282 165
282 208
282 215
282 277
282 281
282 287
283 31
283 42
283 47
283 61
283 70
283 82
283 89
283 104
283 110
283 145
283 174
283 186
283 202
283 210
283 213
283 243
283 252
283 261
283 268
283 278
283 285
283 295
284 13
284 14
284 16
284 19
284 52
284 65
284 78
284 90
284 121
284 129
284 134
284 141
284 164
284 167
284 185
284 198
284 224
284 233
284 254
284 269
284 277
285 2
285 22
285 53
285 61
285 64
285 73
285 80
285 91
285 98
285 117
285 138
285 168
285 186
285 207
285 214
285 261
285 267
286 10
286 30
286 33
286 58
286 85
286 93
286 108
286 123
286 139
286 159
286 165
286 166
286 175
286 177
286 187
286 188
286 192
286 270
286 295
287 2
287 84
287 89
287 92
287 93
287 99
287 113
287 128
287 133
287 147
287 160
287 166
287 169
287 202
287 208
287 209
287 247
287 261
287 266
287 289
288 37
288 47
288 84
288 101
288 104
288 108
288 135
288 147
288 149
288 161
288 173
288 185
288 249
288 261
288 270
288 274
288 285
288 295
289 23
289 92
289 171
289 179
289 209
289 229
289 230
289 249
289 271
289 275
289 278
289 282
289 297
290 13
290 22
290 35
290 51
290 65
290 85
290 102
290 113
290 116
290 123
290 154
290 171
290 211
290 214
290 224
290 237
290 257
291 64
291 80
291 82
291 87
291 95
291 105
291 114
291 115
291 117
291 129
291 131
291 132
291 161
291 169
291 175
291 178
291 219
291 242
291 259
291 260
291 277
292 4
292 14
292 17
292 57
292 70
292 94
292 99
292 102
292 115
292 136
292 148
292 171
292 173
292 178
292 188
292 199
292 222
292 241
292 260
292 289
292 299
293 61
293 95
293 99
293 137
293 148
293 152
293 156
293 160
293 196
293 198
293 229
293 266
293 286
293 287
293 288
294 37
294 44
294 72
294 110
294 115
294 125
294 179
294 225
294 242
294 255
294 284
294 296
295 4
295 14
295 46
295 59
295 66
295 70
295 154
295 164
295 218
295 250
295 266
295 280
296 1
296 25
296 33
296 38
296 45
296 49
296 55
296 71
296 86
296 100
296 110
296 137
296 142
296 143
296 145
296 153
296 160
296 177
296 178
296 209
296 262
296 277
296 295
297 40
297 93
297 176
297 180
297 194
297 203
297 217
297 252
297 269
297 288
298 10
298 33
298 53
298 69
298 75
298 116
298 125
298 139
298 140
298 160
298 190
298 192
298 213
298 218
298 221
298 238
298 276
298 282
298 285
298 299
299 17
299 19
299 34
299 44
299 45
299 54
299 81
299 90
299 119
299 135
299 156
299 173
299 184
299 217
299 235
299 242
299 244
299 266
299 284
300 42
300 51
300 59
300 76
300 82
300 106
300 114
300 129
300 135
300 176
300 268
300 269
300 281

