150 3000
81 43 107 118 119 40 89 119 118 114 47 105 101 83 68 75 111 23 23 95 53 97 29 86 94 108 71 26 115 58 93 98 66 112 98 22 113 36 51 26 33 49 77 92 69 95 107 24 57 89 92 72 25 58 59 59 81 102 66 47 101 84 43 51 58 120 101 120 24 50 88 93 25 36 73 23 46 41 119 102 97 59 40 28 93 106 111 79 98 57 92 110 67 66 109 59 51 99 93 20 61 83 73 71 34 67 46 50 43 85 78 100 35 91 45 114 119 100 83 97 113 67 36 24 113 37 83 98 101 47 115 31 44 91 62 90 20 83 99 82 50 99 105 49 31 68 28 83 98 55 
1 8
1 13
1 16
1 29
1 32
1 43
1 54
1 56
1 61
1 65
1 66
1 77
1 78
1 80
1 85
1 89
1 111
1 112
1 116
1 126
1 129
1 137
1 150
2 5
2 6
2 15
2 23
2 24
2 26
2 39
2 44
2 65
2 80
2 86
2 101
2 110
2 130
2 131
2 147
3 2
3 5
3 7
3 12
3 13
3 17
3 18
3 26
3 28
3 40
3 49
3 68
3 81
3 88
3 92
3 108
3 110
3 126
4 1
4 5
4 6
4 15
4 17
4 28
4 46
4 49
4 55
4 57
4 65
4 69
4 75
4 77
4 82
4 84
4 89
4 90
4 93
4 104
4 108
4 110
4 113
4 150
5 6
5 8
5 14
5 15
5 29
5 37
5 42
5 57
5 64
5 69
5 83
5 85
5 91
5 96
5 104
5 106
5 110
5 116
5 118
5 128
6 7
6 30
6 34
6 35
6 36
6 47
6 69
6 93
6 97
6 103
6 119
6 133
6 139
6 143
6 146
6 148
7 1
7 19
7 30
7 35
7 53
7 58
7 59
7 66
7 70
7 79
7 84
7 85
7 90
7 91
7 95
7 103
7 115
7 116
7 126
7 130
7 143
7 148
8 3
8 17
8 18
8 22
8 24
8 32
8 33
8 41
8 47
8 57
8 59
8 65
8 66
8 83
8 96
8 101
8 103
8 106
8 107
8 112
8 116
8 121
8 126
8 140
8 141
8 145
9 1
9 3
9 4
9 6
9 14
9 29
9 44
9 51
9 58
9 68
9 69
9 72
9 85
9 92
9 102
9 105
9 112
9 113
9 117
9 131
10 22
10 24
10 25
10 34
10 37
10 38
10 39
10 47
10 52
10 58
10 64
10 67
10 70
10 72
10 78
10 83
10 85
10 87
10 90
10 97
10 99
10 133
10 138
10 142
10 145
11 43
11 44
11 47
11 50
11 64
11 89
11 93
11 102
11 103
11 107
11 120
11 131
11 133
11 135
11 136
11 138
11 148
12 1
12 4
12 21
12 22
12 41
12 43
12 57
12 63
12 66
12 83
12 85
12 87
12 97
12 110
12 130
12 132
12 133
12 135
12 139
12 145
13 2
13 9
13 11
13 35
13 36
13 43
13 57
13 77
13 84
13 102
13 105
13 107
13 127
13 144
14 4
14 11
14 13
14 23
14 35
14 39
14 46
14 49
14 50
14 91
14 97
14 99
14 103
14 112
14 119
14 122
14 125
14 129
14 145
14 146
15 12
15 14
15 20
15 24
15 29
15 45
15 47
15 48
15 60
15 70
15 82
15 94
15 118
15 119
15 121
15 127
15 131
15 132
16 6
16 8
16 19
16 32
16 41
16 46
16 49
16 51
16 56
16 65
16 69
16 78
16 80
16 84
16 91
16 94
16 118
16 122
16 127
16 133
16 136
16 138
17 2
17 6
17 10
17 11
17 12
17 24
17 29
17 30
17 31
17 55
17 61
17 64
17 76
17 90
17 92
17 94
17 99
17 105
17 110
17 114
17 119
17 133
17 137
17 141
18 4
18 20
18 21
18 27
18 40
18 43
18 63
18 73
18 74
18 75
18 78
18 81
18 90
18 91
18 103
18 131
18 133
19 12
19 14
19 18
19 33
19 36
19 38
19 39
19 47
19 52
19 54
19 63
19 71
19 82
19 101
19 103
19 111
19 114
19 117
19 138
19 149
20 13
20 23
20 29
20 47
20 48
20 50
20 64
20 67
20 76
20 79
20 88
20 117
20 129
20 142
21 1
21 2
21 9
21 15
21 17
21 24
21 35
21 36
21 40
21 53
21 65
21 67
21 72
21 75
21 91
21 103
21 106
21 107
21 112
21 114
21 117
21 122
21 132
21 135
22 3
22 4
22 30
22 33
22 58
22 61
22 62
22 73
22 79
22 99
22 107
22 125
22 130
22 143
23 1
23 9
23 17
23 19
23 28
23 31
23 32
23 37
23 39
23 49
23 63
23 64
23 76
23 77
23 78
23 81
23 96
23 98
23 106
23 108
23 109
23 115
23 131
23 140
23 143
24 6
24 12
24 34
24 43
24 51
24 62
24 64
24 81
24 91
24 93
24 99
24 102
24 103
24 113
24 118
24 124
24 132
25 8
25 11
25 13
25 20
25 24
25 29
25 55
25 67
25 84
25 91
25 97
25 101
25 104
25 109
25 117
25 119
25 124
25 139
26 5
26 15
26 16
26 36
26 40
26 41
26 46
26 47
26 51
26 59
26 69
26 70
26 77
26 78
26 84
26 88
26 93
26 98
26 123
26 132
26 133
26 137
27 20
27 26
27 31
27 35
27 48
27 56
27 62
27 67
27 77
27 83
27 90
27 91
27 92
27 93
27 95
27 104
27 114
27 124
27 129
27 130
27 143
27 144
28 1
28 6
28 9
28 18
28 20
28 22
28 24
28 29
28 30
28 47
28 53
28 56
28 57
28 58
28 64
28 70
28 80
28 86
28 88
28 90
28 93
28 96
28 116
28 118
28 138
28 144
28 146
28 147
28 148
29 27
29 40
29 46
29 72
29 76
29 78
29 79
29 82
29 89
29 93
29 97
29 104
29 116
29 118
29 140
29 147
30 9
30 10
30 13
30 21
30 31
30 47
30 49
30 59
30 60
30 67
30 74
30 77
30 78
30 84
30 85
30 89
30 94
30 105
30 111
30 124
30 126
30 137
30 140
30 143
30 145
30 150
31 11
31 20
31 44
31 50
31 58
31 60
31 63
31 64
31 82
31 86
31 101
31 108
31 116
31 126
31 129
31 131
31 134
31 145
32 11
32 20
32 48
32 49
32 51
32 55
32 81
32 97
32 105
32 111
32 112
32 119
32 123
32 128
32 147
32 149
33 14
33 26
33 30
33 34
33 44
33 47
33 49
33 50
33 59
33 75
33 104
33 126
33 136
34 4
34 26
34 29
34 46
34 75
34 82
34 83
34 89
34 117
34 120
34 122
34 123
34 133
35 1
35 4
35 33
35 41
35 51
35 58
35 60
35 68
35 78
35 83
35 98
35 111
35 115
35 119
35 120
35 125
35 127
35 132
36 10
36 15
36 27
36 28
36 29
36 32
36 43
36 52
36 57
36 62
36 81
36 84
36 88
36 94
36 104
37 15
37 20
37 26
37 33
37 35
37 69
37 74
37 79
37 85
37 87
37 90
37 99
37 114
37 115
37 118
37 122
37 123
37 126
37 145
37 149
38 1
38 2
38 3
38 4
38 11
38 13
38 16
38 26
38 30
38 39
38 44
38 54
38 56
38 62
38 64
38 68
38 75
38 76
38 89
38 98
38 107
38 115
38 120
38 121
38 133
38 149
39 3
39 17
39 20
39 33
39 34
39 68
39 72
39 73
39 80
39 97
39 106
39 108
39 122
39 125
39 126
39 131
39 137
39 140
39 145
39 147
40 2
40 5
40 7
40 8
40 9
40 12
40 14
40 19
40 24
40 30
40 34
40 38
40 48
40 51
40 57
40 61
40 77
40 82
40 101
40 103
40 104
40 110
40 113
40 119
40 123
40 131
40 137
40 140
40 150
41 9
41 20
41 40
41 45
41 55
41 59
41 60
41 64
41 69
41 71
41 82
41 83
41 89
41 90
41 104
41 105
41 107
41 140
41 150
42 24
42 27
42 28
42 32
42 44
42 54
42 55
42 58
42 68
42 85
42 96
42 123
42 128
42 133
42 136
42 141
43 9
43 28
43 30
43 44
43 56
43 58
43 59
43 63
43 65
43 67
43 68
43 80
43 93
43 102
43 117
43 121
43 124
43 129
43 131
43 133
43 134
44 13
44 23
44 25
44 90
44 91
44 103
44 109
44 112
44 116
44 134
44 136
44 146
45 5
45 9
45 17
45 37
45 43
45 48
45 65
45 71
45 96
45 98
45 108
45 110
45 111
45 114
45 120
45 123
45 126
45 130
45 134
46 38
46 44
46 47
46 50
46 83
46 87
46 104
46 110
46 111
46 113
46 121
46 130
46 134
47 7
47 16
47 22
47 25
47 27
47 34
47 35
47 43
47 51
47 64
47 70
47 79
47 84
47 92
47 93
47 101
47 105
47 139
47 142
47 145
47 146
47 148
48 4
48 8
48 24
48 31
48 36
48 39
48 54
48 78
48 79
48 81
48 83
48 92
48 109
48 125
48 128
48 135
48 150
49 7
49 12
49 39
49 48
49 53
49 77
49 81
49 89
49 104
49 105
49 110
49 111
49 120
49 131
49 137
49 140
49 142
50 3
50 9
50 12
50 34
50 35
50 52
50 53
50 63
50 65
50 67
50 73
50 83
50 87
50 88
50 95
50 97
50 117
50 120
50 121
50 127
50 129
50 134
50 135
50 137
50 140
50 144
50 147
51 4
51 8
51 19
51 22
51 25
51 37
51 48
51 50
51 52
51 55
51 58
51 82
51 83
51 88
51 100
51 110
51 113
51 114
51 117
51 126
51 134
51 136
51 144
52 3
52 8
52 14
52 45
52 57
52 59
52 62
52 63
52 65
52 67
52 83
52 94
52 104
52 105
52 108
52 119
52 123
52 134
52 135
52 136
52 139
52 144
52 148
53 17
53 24
53 25
53 29
53 30
53 33
53 61
53 68
53 71
53 92
53 94
53 100
53 105
53 107
53 126
53 130
53 133
53 135
53 146
54 5
54 9
54 16
54 20
54 44
54 47
54 51
54 59
54 74
54 79
54 80
54 94
54 99
54 124
54 130
54 140
55 2
55 8
55 35
55 73
55 82
55 91
55 95
55 102
55 106
55 122
55 130
55 132
55 133
55 144
55 149
56 19
56 21
56 29
56 32
56 33
56 42
56 51
56 55
56 66
56 72
56 74
56 79
56 84
56 89
56 92
56 93
56 97
56 99
56 113
56 121
56 125
56 126
56 133
56 141
56 142
57 18
57 41
57 75
57 76
57 78
57 80
57 82
57 86
57 95
57 99
57 102
57 103
57 115
57 125
57 131
57 139
57 147
58 1
58 3
58 12
58 20
58 21
58 24
58 34
58 41
58 57
58 61
58 65
58 75
58 77
58 78
58 81
58 83
58 115
58 135
58 144
59 9
59 12
59 25
59 28
59 29
59 31
59 39
59 51
59 55
59 56
59 66
59 68
59 80
59 85
59 93
59 94
59 101
59 104
59 106
59 116
59 131
59 132
59 138
60 2
60 11
60 16
60 36
60 45
60 46
60 50
60 51
60 58
60 65
60 73
60 79
60 96
60 103
60 111
60 124
60 131
60 144
60 147
61 5
61 8
61 14
61 16
61 20
61 25
61 27
61 28
61 34
61 41
61 48
61 57
61 59
61 66
61 71
61 84
61 85
61 88
61 94
61 100
61 109
61 120
61 121
61 132
61 133
61 144
61 148
61 149
62 1
62 21
62 26
62 43
62 46
62 51
62 57
62 59
62 79
62 88
62 89
62 100
62 102
62 114
62 120
62 124
62 125
62 128
62 129
62 130
62 132
62 144
62 145
62 147
63 11
63 16
63 38
63 39
63 41
63 75
63 78
63 82
63 105
63 114
63 117
63 121
63 141
64 3
64 12
64 19
64 25
64 29
64 30
64 32
64 37
64 45
64 46
64 52
64 56
64 62
64 66
64 69
64 70
64 75
64 76
64 80
64 81
64 85
64 91
64 111
64 114
64 118
64 150
65 5
65 22
65 23
65 25
65 27
65 28
65 30
65 31
65 32
65 42
65 59
65 93
65 95
65 97
65 101
65 117
65 125
65 133
65 138
66 14
66 28
66 32
66 35
66 46
66 47
66 51
66 68
66 75
66 77
66 78
66 79
66 85
66 87
66 88
66 94
66 98
66 99
66 117
66 118
66 124
66 125
66 137
66 143
67 40
67 47
67 59
67 64
67 65
67 71
67 87
67 91
67 110
67 112
67 121
67 122
67 127
67 134
67 137
67 148
68 5
68 12
68 15
68 16
68 23
68 27
68 61
68 62
68 78
68 95
68 106
68 108
68 128
68 137
68 140
69 1
69 13
69 23
69 30
69 31
69 32
69 33
69 43
69 46
69 47
69 61
69 74
69 78
69 85
69 91
69 94
69 95
69 111
69 118
69 129
70 18
70 29
70 30
70 35
70 37
70 49
70 50
70 51
70 53
70 55
70 58
70 71
70 76
70 80
70 81
70 87
70 96
70 104
70 105
70 116
70 118
70 120
70 127
70 128
70 132
70 145
71 2
71 3
71 6
71 30
71 32
71 34
71 36
71 78
71 80
71 87
71 102
71 106
71 107
71 130
71 144
71 146
71 150
72 5
72 12
72 13
72 15
72 17
72 24
72 25
72 30
72 44
72 45
72 50
72 58
72 63
72 67
72 68
72 69
72 74
72 77
72 79
72 93
72 107
72 117
72 132
72 134
72 140
72 141
73 3
73 8
73 13
73 15
73 40
73 42
73 57
73 64
73 74
73 77
73 79
73 86
73 90
73 92
73 98
73 122
73 128
73 132
74 2
74 6
74 11
74 14
74 25
74 34
74 43
74 52
74 53
74 63
74 77
74 81
74 84
74 85
74 88
74 99
74 101
74 112
74 120
74 139
74 146
75 3
75 16
75 22
75 36
75 47
75 62
75 68
75 81
75 107
75 113
75 117
75 127
75 132
75 141
75 142
75 149
76 1
76 16
76 19
76 21
76 43
76 48
76 49
76 56
76 59
76 60
76 63
76 66
76 99
76 102
76 105
76 106
76 111
76 113
76 116
76 120
76 127
76 130
76 140
76 143
77 10
77 17
77 18
77 32
77 33
77 41
77 55
77 59
77 60
77 61
77 67
77 68
77 69
77 79
77 83
77 96
77 98
77 103
77 114
77 125
77 135
77 137
78 8
78 13
78 24
78 32
78 39
78 42
78 44
78 46
78 49
78 53
78 60
78 62
78 70
78 72
78 84
78 86
78 90
78 91
78 105
78 110
78 116
78 121
78 126
78 129
79 1
79 5
79 19
79 84
79 85
79 94
79 100
79 104
79 115
79 122
79 148
79 149
79 150
80 5
80 7
80 11
80 21
80 33
80 37
80 45
80 46
80 47
80 50
80 63
80 74
80 76
80 97
80 100
80 115
80 125
80 127
80 135
80 137
80 140
81 7
81 8
81 9
81 13
81 19
81 26
81 47
81 54
81 56
81 62
81 63
81 73
81 79
81 100
81 102
81 110
81 122
81 138
81 146
81 147
82 2
82 6
82 48
82 52
82 62
82 65
82 66
82 71
82 76
82 78
82 91
82 93
82 94
82 96
82 100
82 110
82 112
82 121
82 122
82 123
82 141
82 149
83 2
83 4
83 14
83 15
83 18
83 21
83 26
83 31
83 39
83 43
83 64
83 75
83 78
83 79
83 81
83 88
83 109
83 112
83 115
83 116
83 117
83 119
83 143
83 146
83 147
84 3
84 5
84 12
84 19
84 20
84 44
84 50
84 55
84 57
84 64
84 65
84 95
84 112
84 116
84 120
84 125
84 127
84 129
84 150
85 14
85 15
85 50
85 52
85 65
85 73
85 75
85 78
85 80
85 87
85 89
85 90
85 95
85 109
85 130
85 136
85 139
85 145
86 8
86 10
86 13
86 15
86 18
86 23
86 27
86 29
86 33
86 53
86 54
86 56
86 67
86 72
86 95
86 96
86 106
86 131
86 139
86 141
87 9
87 20
87 22
87 26
87 38
87 44
87 56
87 57
87 58
87 59
87 76
87 82
87 86
87 94
87 102
87 103
87 116
87 123
87 128
87 130
87 132
87 134
88 15
88 33
88 34
88 40
88 41
88 43
88 54
88 65
88 67
88 69
88 70
88 77
88 78
88 80
88 90
88 97
88 98
88 111
88 116
88 120
88 121
89 2
89 26
89 42
89 43
89 44
89 66
89 71
89 73
89 78
89 79
89 92
89 107
89 109
89 119
89 136
89 147
89 150
90 3
90 9
90 12
90 15
90 32
90 35
90 57
90 62
90 69
90 75
90 81
90 94
90 97
90 110
90 113
90 146
90 147
91 29
91 30
91 37
91 49
91 54
91 59
91 74
91 88
91 94
91 97
91 101
91 106
91 119
91 132
91 143
92 14
92 16
92 30
92 32
92 34
92 36
92 41
92 51
92 54
92 60
92 61
92 72
92 78
92 103
92 108
92 109
92 111
92 113
92 114
92 119
92 120
92 121
92 128
92 131
92 138
92 146
93 1
93 19
93 21
93 23
93 35
93 37
93 74
93 75
93 76
93 81
93 85
93 92
93 102
93 110
93 129
93 131
93 136
93 148
94 1
94 6
94 13
94 19
94 32
94 34
94 35
94 43
94 46
94 48
94 62
94 63
94 64
94 68
94 73
94 75
94 77
94 92
94 95
94 98
94 108
94 113
94 115
94 133
94 137
94 142
94 148
94 150
95 18
95 22
95 23
95 35
95 38
95 40
95 48
95 59
95 70
95 72
95 76
95 81
95 100
95 106
95 109
95 115
95 125
95 130
95 140
95 148
96 2
96 12
96 14
96 19
96 21
96 34
96 39
96 40
96 43
96 44
96 57
96 63
96 76
96 87
96 91
96 92
96 95
96 101
96 113
96 117
96 121
96 125
96 134
96 140
96 144
96 147
97 5
97 7
97 8
97 13
97 28
97 34
97 53
97 59
97 68
97 70
97 79
97 93
97 94
97 96
97 100
97 104
97 105
97 114
97 118
97 128
97 129
97 134
97 137
97 140
97 148
98 7
98 22
98 24
98 25
98 27
98 30
98 34
98 42
98 43
98 51
98 57
98 58
98 59
98 60
98 81
98 86
98 87
98 91
98 105
98 118
98 150
99 2
99 7
99 13
99 16
99 21
99 35
99 47
99 48
99 58
99 59
99 65
99 75
99 79
99 84
99 95
99 110
99 124
99 125
99 127
99 130
99 135
100 19
100 34
100 39
100 66
100 89
100 99
100 104
100 108
100 114
100 121
100 144
100 146
101 7
101 11
101 22
101 33
101 48
101 52
101 56
101 77
101 79
101 80
101 95
101 99
101 107
101 108
101 110
101 121
101 133
101 145
101 150
102 2
102 20
102 34
102 36
102 65
102 66
102 67
102 82
102 85
102 144
102 150
103 1
103 20
103 27
103 28
103 32
103 34
103 39
103 43
103 67
103 70
103 86
103 91
103 93
103 107
103 118
103 124
103 142
104 8
104 11
104 13
104 20
104 22
104 56
104 61
104 82
104 88
104 91
104 93
104 96
104 99
104 121
104 131
104 135
104 146
105 8
105 10
105 21
105 26
105 28
105 37
105 43
105 44
105 56
105 58
105 60
105 83
105 86
105 93
105 99
105 102
105 103
105 117
105 121
105 128
105 130
105 134
106 13
106 14
106 16
106 20
106 27
106 43
106 46
106 74
106 75
106 104
106 113
106 124
106 125
106 132
106 141
106 142
106 145
106 147
107 6
107 17
107 32
107 34
107 37
107 39
107 49
107 61
107 65
107 85
107 93
107 95
107 100
107 104
107 117
107 121
107 122
107 129
107 149
108 7
108 12
108 22
108 26
108 32
108 40
108 56
108 61
108 69
108 73
108 74
108 93
108 95
108 112
108 116
108 118
108 119
108 122
108 129
108 150
109 5
109 11
109 26
109 30
109 32
109 38
109 41
109 51
109 56
109 65
109 69
109 70
109 71
109 80
109 82
109 107
109 114
109 118
109 122
109 123
109 134
109 139
109 141
110 8
110 11
110 33
110 38
110 41
110 63
110 68
110 72
110 73
110 76
110 87
110 89
110 92
110 109
110 113
110 115
110 116
110 128
110 130
110 137
110 150
111 15
111 38
111 47
111 55
111 57
111 63
111 67
111 74
111 86
111 89
111 110
111 137
111 140
112 6
112 13
112 18
112 22
112 25
112 41
112 45
112 60
112 65
112 76
112 78
112 79
112 81
112 87
112 90
112 105
112 109
112 131
112 134
112 142
112 147
112 150
113 2
113 10
113 15
113 21
113 22
113 43
113 47
113 53
113 60
113 73
113 79
113 82
113 97
113 101
113 103
113 104
113 105
113 107
113 112
113 115
113 118
113 135
113 148
114 4
114 5
114 9
114 10
114 11
114 16
114 25
114 34
114 39
114 41
114 42
114 43
114 48
114 49
114 52
114 53
114 61
114 67
114 68
114 75
114 76
114 81
114 91
114 95
114 104
114 106
114 111
114 119
114 128
114 135
114 136
115 2
115 6
115 10
115 17
115 18
115 22
115 26
115 51
115 59
115 62
115 82
115 84
115 91
115 96
115 120
115 123
115 126
115 127
115 130
115 146
116 18
116 19
116 27
116 47
116 53
116 54
116 69
116 71
116 72
116 92
116 95
116 96
116 99
116 109
116 114
116 120
116 132
116 145
116 149
117 3
117 4
117 13
117 16
117 36
117 42
117 55
117 62
117 89
117 92
117 99
117 103
117 106
117 108
117 109
117 114
117 115
117 122
117 129
117 137
117 139
117 144
117 150
118 12
118 18
118 20
118 26
118 44
118 57
118 68
118 90
118 91
118 93
118 94
118 100
118 106
118 112
118 116
118 127
118 136
118 149
118 150
119 21
119 29
119 31
119 36
119 38
119 41
119 46
119 50
119 51
119 55
119 60
119 66
119 67
119 79
119 82
119 88
119 97
119 101
119 107
119 113
119 117
119 127
119 131
119 148
120 17
120 60
120 69
120 85
120 93
120 97
120 100
120 109
120 111
120 112
120 119
120 128
120 133
120 135
120 140
120 141
121 1
121 11
121 34
121 49
121 53
121 55
121 69
121 85
121 94
121 111
121 112
121 130
122 9
122 12
122 19
122 25
122 50
122 60
122 65
122 85
122 87
122 89
122 91
122 102
122 112
122 118
122 128
122 134
122 138
122 144
122 148
123 3
123 7
123 25
123 28
123 30
123 31
123 39
123 47
123 51
123 56
123 61
123 66
123 67
123 72
123 74
123 76
123 90
123 91
123 98
123 105
123 112
123 130
123 145
124 28
124 32
124 33
124 53
124 69
124 77
124 81
124 90
124 91
124 114
124 116
124 123
124 125
124 127
124 131
124 139
124 149
125 1
125 4
125 21
125 26
125 36
125 69
125 82
125 92
125 104
125 126
125 132
125 143
125 145
125 148
126 17
126 21
126 26
126 34
126 36
126 42
126 47
126 55
126 61
126 66
126 71
126 83
126 84
126 87
126 98
126 102
126 103
126 108
126 116
126 129
126 139
126 145
127 9
127 21
127 24
127 26
127 32
127 33
127 51
127 65
127 72
127 79
127 81
127 98
127 100
127 107
127 112
127 126
128 2
128 11
128 17
128 20
128 26
128 37
128 40
128 49
128 55
128 56
128 58
128 61
128 67
128 85
128 86
128 100
128 113
128 136
128 140
128 143
128 144
128 148
129 5
129 11
129 12
129 13
129 19
129 30
129 32
129 36
129 40
129 44
129 45
129 47
129 57
129 65
129 66
129 71
129 73
129 74
129 79
129 87
129 95
129 103
129 111
129 121
129 127
129 140
129 146
129 147
130 3
130 4
130 6
130 26
130 32
130 33
130 41
130 44
130 60
130 65
130 67
130 68
130 81
130 88
130 94
130 108
130 112
130 135
130 137
130 144
130 147
131 12
131 16
131 17
131 19
131 32
131 51
131 53
131 63
131 66
131 67
131 72
131 100
131 105
131 114
131 117
131 128
131 129
131 135
131 136
131 150
132 3
132 5
132 38
132 50
132 66
132 68
132 74
132 77
132 89
132 105
132 113
133 8
133 13
133 15
133 23
133 24
133 29
133 32
133 41
133 49
133 51
133 67
133 69
133 81
133 89
133 95
133 96
133 102
133 104
133 113
133 121
133 126
133 127
133 129
133 143
134 1
134 7
134 13
134 14
134 20
134 39
134 41
134 61
134 63
134 77
134 86
134 92
134 98
134 130
134 148
134 149
135 4
135 14
135 18
135 19
135 25
135 28
135 30
135 33
135 47
135 57
135 68
135 71
135 81
135 87
135 91
135 92
135 94
135 106
135 116
135 126
135 133
135 134
135 140
135 149
136 2
136 3
136 5
136 17
136 19
136 20
136 24
136 30
136 55
136 64
136 66
136 71
136 77
136 79
136 87
136 88
136 91
136 96
136 97
136 99
136 101
136 125
136 126
136 132
136 135
136 139
136 149
137 2
137 9
137 10
137 19
137 23
137 24
137 36
137 37
137 55
137 59
137 74
137 78
137 83
137 84
137 95
137 101
137 107
137 124
137 127
137 139
137 140
137 141
137 143
137 144
137 149
138 18
138 20
138 25
138 29
138 31
138 32
138 56
138 58
138 84
138 86
138 105
138 106
138 114
138 118
138 121
138 134
138 137
138 139
138 141
138 142
139 1
139 4
139 11
139 23
139 24
139 29
139 30
139 37
139 38
139 91
139 97
139 102
139 119
139 131
139 132
139 135
140 5
140 10
140 11
140 12
140 15
140 17
140 33
140 35
140 48
140 56
140 77
140 86
140 87
140 104
140 108
140 132
140 134
140 136
141 5
141 7
141 12
141 13
141 16
141 18
141 19
141 48
141 74
141 79
141 83
141 87
141 91
141 93
141 97
141 104
141 105
141 108
141 114
141 119
142 7
142 19
142 25
142 27
142 29
142 30
142 36
142 37
142 42
142 46
142 55
142 74
142 76
142 77
142 80
142 83
142 101
142 105
142 116
143 4
143 19
143 21
143 25
143 31
143 51
143 55
143 59
143 67
143 68
143 74
143 84
143 98
143 109
143 122
143 142
144 4
144 6
144 14
144 19
144 20
144 44
144 68
144 78
144 81
144 83
144 84
144 88
144 93
144 94
144 95
144 107
144 108
144 119
144 123
144 132
144 133
144 134
144 135
144 136
144 139
144 140
144 150
145 1
145 5
145 11
145 22
145 33
145 34
145 35
145 40
145 45
145 46
145 49
145 53
145 55
145 78
145 81
145 82
145 87
145 90
145 91
145 117
145 127
145 130
145 131
145 136
145 137
145 138
146 3
146 13
146 15
146 20
146 22
146 25
146 26
146 27
146 40
146 58
146 59
146 66
146 67
146 72
146 76
146 88
146 111
146 113
146 118
146 139
147 14
147 20
147 26
147 33
147 44
147 47
147 48
147 53
147 54
147 59
147 66
147 71
147 75
147 88
147 110
147 116
147 117
147 120
147 135
148 8
148 9
148 10
148 31
148 37
148 44
148 65
148 75
148 76
148 85
148 90
148 106
148 118
148 136
148 144
148 147
149 3
149 6
149 11
149 12
149 28
149 43
149 45
149 59
149 72
149 77
149 86
149 87
149 90
149 101
149 110
149 112
149 123
149 130
149 143
149 145
149 150
150 6
150 28
150 42
150 43
150 49
150 53
150 56
150 57
150 59
150 68
150 100
150 103
150 113
150 115
150 119
150 120
150 124
150 143
150 145

