300 1000
68 55 55 119 116 105 39 92 113 84 62 49 120 34 58 99 107 120 37 20 24 90 48 114 65 87 99 53 28 99 56 79 57 57 20 66 24 116 114 42 30 98 73 96 74 85 74 90 69 105 113 95 26 59 101 101 97 42 67 109 55 74 61 49 99 70 23 114 96 116 110 91 62 32 88 36 91 95 72 69 54 41 22 115 71 57 118 95 110 79 34 92 83 60 77 91 20 81 85 76 58 33 106 24 65 39 101 96 99 73 102 102 61 94 93 92 23 65 45 81 25 114 57 37 113 35 60 53 103 94 73 52 51 71 25 43 114 44 84 34 114 96 118 56 65 98 24 45 97 23 119 95 111 24 84 34 26 89 105 90 32 50 63 112 70 66 96 79 22 27 120 92 91 100 26 71 21 94 99 47 114 75 66 26 88 67 62 99 63 41 77 73 65 62 87 97 23 70 37 83 71 84 36 98 106 22 81 28 59 101 82 96 34 108 85 86 110 91 53 57 49 113 92 94 117 85 91 25 62 106 119 107 67 73 105 31 42 21 105 95 83 65 75 43 80 28 40 104 40 57 26 96 53 115 28 97 100 116 110 116 38 28 21 65 84 87 37 104 74 41 71 60 116 61 97 108 25 90 108 66 103 25 80 44 71 69 87 31 103 99 70 107 48 62 22 69 119 29 41 102 
1 13
1 70
1 132
1 160
1 177
1 185
1 259
2 141
2 230
2 251
3 70
5 120
5 176
6 49
6 156
6 171
6 211
6 285
7 85
7 116
8 51
8 69
8 110
8 237
9 82
9 104
9 112
9 184
10 168
10 204
10 217
10 219
10 277
11 1
11 54
11 63
11 217
11 285
12 14
12 39
12 68
12 85
12 274
12 286
12 296
13 31
14 76
14 104
14 197
14 217
15 20
15 69
15 187
15 192
15 262
15 280
15 282
16 148
17 18
17 49
17 145
17 201
18 131
18 163
18 224
18 243
18 257
19 60
19 112
19 257
19 280
20 19
20 97
20 163
20 164
20 268
21 36
21 68
21 81
21 172
21 256
22 4
22 91
22 163
23 35
23 182
24 141
24 167
24 178
25 162
25 170
26 181
26 277
27 83
27 94
27 229
29 35
29 74
29 139
29 140
29 178
29 208
30 39
31 18
31 105
31 117
31 194
31 219
31 281
32 8
32 154
32 253
33 20
33 88
33 226
33 239
34 100
34 146
34 202
35 17
35 102
35 131
35 160
35 262
36 11
36 273
37 28
37 86
37 209
37 214
38 92
38 156
38 199
38 200
39 36
39 226
39 267
39 291
40 61
40 146
40 273
40 297
41 79
41 173
41 219
41 282
41 285
42 296
43 31
43 216
43 268
43 293
44 23
44 82
44 140
44 247
44 249
44 297
45 33
45 38
45 73
45 253
45 264
46 28
46 52
46 80
46 215
46 232
47 108
47 181
47 271
48 124
48 158
48 175
48 199
48 248
49 154
49 173
49 202
50 77
50 122
50 184
50 201
50 229
50 252
51 154
51 206
51 268
52 33
52 180
52 201
52 211
52 242
52 269
53 16
53 90
53 167
53 172
53 195
53 220
53 283
54 83
54 94
54 225
54 255
55 48
55 174
56 80
57 22
57 163
57 201
58 52
58 164
58 248
58 289
58 290
58 298
59 50
59 113
59 178
59 251
59 270
59 279
60 32
60 160
62 96
62 299
63 130
63 188
63 253
64 63
64 143
64 221
65 48
65 166
65 189
65 200
66 112
66 127
66 179
66 232
67 185
68 54
68 107
69 23
69 25
69 100
69 260
69 288
70 69
70 73
70 103
70 156
70 262
71 1
71 43
71 115
71 165
71 300
72 84
72 125
72 138
72 260
72 280
73 94
73 128
73 270
74 125
74 259
75 111
75 210
75 254
76 21
76 59
76 79
76 144
76 273
77 16
77 157
78 70
78 93
79 127
79 175
79 237
80 87
80 92
80 107
80 112
80 236
81 122
81 162
81 199
82 240
82 248
83 2
83 41
83 171
83 244
83 297
84 31
84 154
84 188
84 289
85 36
85 106
85 163
86 12
86 48
86 60
86 215
86 259
86 267
87 244
88 201
89 38
89 62
89 145
89 183
89 286
89 296
90 27
90 188
90 238
91 20
91 29
91 172
91 192
91 201
91 272
92 96
92 144
92 297
93 126
94 204
94 252
94 265
95 92
95 106
95 130
95 157
96 9
96 108
96 208
97 24
97 92
97 95
98 214
99 27
99 79
99 172
99 279
100 46
100 217
100 230
100 242
101 2
101 48
102 219
102 257
103 94
103 186
104 3
105 63
105 222
106 67
106 76
106 142
106 198
107 31
107 59
107 76
107 238
108 2
108 72
108 230
108 288
108 296
109 41
109 62
109 67
110 142
110 185
110 212
111 178
111 223
112 6
112 135
113 52
113 180
113 250
113 259
114 30
114 64
114 279
115 10
115 116
115 180
115 229
115 270
115 285
116 29
116 42
116 120
116 127
116 158
116 262
117 73
117 150
117 239
118 38
118 91
118 142
118 176
118 267
118 273
118 294
119 78
119 204
119 248
119 260
120 194
120 245
121 5
121 9
121 75
121 99
121 298
122 38
122 51
122 113
122 137
122 191
122 228
122 257
122 294
123 49
124 29
124 43
124 51
124 252
125 8
125 164
125 193
125 286
125 297
126 41
126 147
126 181
126 184
126 286
127 72
127 102
127 188
127 260
127 283
128 3
128 16
129 281
130 141
130 163
130 169
130 197
131 4
131 12
131 258
131 287
132 187
132 188
132 199
132 222
132 249
132 299
133 54
133 205
134 137
135 88
135 216
136 53
136 89
137 43
137 136
137 140
137 181
138 66
138 158
138 276
139 30
139 145
140 118
140 123
140 176
140 212
140 213
140 282
141 39
141 93
141 100
141 211
141 230
141 272
142 171
142 226
142 255
143 3
143 126
143 283
144 23
144 26
144 125
144 154
145 99
145 118
145 266
146 108
146 226
146 257
147 73
147 144
147 225
147 285
147 287
148 45
148 81
148 90
148 222
148 242
149 73
149 168
149 189
150 43
150 59
150 85
150 88
150 184
150 241
151 39
151 112
151 162
152 203
152 278
152 280
152 297
153 42
153 55
154 158
154 170
154 252
155 227
156 77
156 217
156 224
157 84
157 132
157 145
158 207
158 246
158 272
159 76
159 178
160 13
160 58
160 152
160 215
160 236
160 259
161 29
161 39
161 110
161 202
161 267
162 46
162 183
163 24
163 64
163 117
163 118
164 130
164 165
164 214
165 72
165 197
166 192
166 194
166 208
167 17
167 113
168 144
168 206
168 282
168 286
169 61
169 162
170 88
170 204
170 296
171 194
171 265
172 216
172 227
173 36
173 65
173 134
174 275
175 25
175 113
175 126
176 20
176 139
176 261
177 8
177 69
177 76
177 84
177 120
177 166
177 234
177 296
178 63
178 145
178 199
178 223
178 266
179 137
180 51
180 54
180 185
180 203
180 252
181 171
181 227
182 50
182 57
182 214
182 244
182 284
183 1
183 284
184 71
185 14
185 134
186 42
186 73
186 86
187 99
187 127
187 150
187 216
188 17
188 19
188 181
188 226
188 238
189 35
189 108
189 230
189 244
189 246
189 293
190 83
190 124
190 235
192 1
192 93
193 143
193 162
194 12
194 102
194 130
194 133
195 237
195 264
195 299
196 56
196 158
196 168
197 48
197 87
197 114
197 169
197 182
198 38
198 220
199 24
199 39
199 190
199 274
199 284
200 86
200 250
201 96
201 269
202 72
203 79
203 80
203 140
203 144
203 145
203 212
204 6
204 42
204 50
204 60
204 71
205 40
205 91
205 93
205 108
207 49
207 110
207 210
208 260
209 239
210 153
211 254
211 270
212 103
212 108
212 169
213 12
213 185
213 259
213 270
214 1
214 17
214 28
214 242
215 47
215 231
215 284
216 226
216 231
216 257
217 140
217 183
218 3
218 109
218 150
219 29
219 80
219 243
220 147
220 160
220 199
220 263
221 118
221 134
222 47
222 229
223 14
223 19
224 86
224 200
224 264
225 27
225 73
226 61
226 240
226 270
226 281
226 291
227 85
227 262
229 190
229 240
230 24
230 128
230 137
230 170
230 213
231 43
231 105
231 175
231 195
231 268
232 49
232 171
232 260
233 37
233 222
233 264
234 22
234 193
234 283
235 231
237 92
237 194
237 265
237 268
238 15
238 56
239 59
239 77
239 271
240 16
240 239
240 295
240 296
241 54
241 127
242 26
242 129
242 163
242 176
243 288
244 51
244 140
244 278
245 71
245 74
245 92
245 115
245 292
246 7
246 106
246 186
246 283
248 10
248 32
248 42
249 100
249 149
249 298
250 109
250 112
251 176
251 207
252 47
252 133
252 228
252 272
252 281
253 6
253 35
253 68
253 147
253 238
253 255
253 283
254 95
254 128
254 242
254 246
255 140
255 200
256 66
256 72
256 141
256 191
257 68
257 93
257 140
257 214
257 268
258 198
258 230
258 294
259 16
259 141
260 28
260 38
260 61
260 64
260 234
261 89
261 90
261 231
262 43
262 59
262 80
262 186
262 270
263 95
263 261
263 262
264 60
265 97
266 152
266 289
267 21
267 51
267 101
267 193
267 230
267 277
268 64
268 117
268 173
268 187
268 281
269 60
269 131
269 216
269 286
270 32
270 88
270 106
270 171
270 276
271 22
271 241
272 14
272 53
272 94
272 173
272 242
272 291
272 297
273 104
273 213
273 245
273 246
273 277
274 7
274 137
274 188
274 229
274 231
274 234
275 36
275 37
275 51
275 164
275 204
275 230
275 245
275 259
276 90
276 201
276 279
276 296
277 58
277 245
277 266
278 99
278 153
278 190
278 225
278 272
278 275
279 83
279 237
280 26
280 133
280 222
281 88
281 110
281 187
282 170
283 19
283 69
283 232
284 6
284 81
284 190
284 219
285 94
285 173
285 233
286 69
286 104
286 174
287 27
287 144
287 167
287 180
288 2
288 152
288 232
289 17
289 102
289 175
290 69
290 244
291 78
292 139
292 275
293 99
293 140
293 188
294 103
294 209
294 216
294 300
295 75
295 150
295 190
295 196
295 256
297 259
297 270
298 27
298 83
298 110
298 216
299 25
299 121
299 276
300 75
300 115
300 271

