100 250
117 25 34 21 23 35 106 90 97 75 21 53 83 22 55 68 103 89 72 111 79 105 87 88 28 50 79 27 93 92 73 36 104 27 83 88 56 55 59 73 40 99 70 32 72 47 99 57 108 96 80 106 86 80 39 107 49 77 59 48 22 64 59 82 58 45 46 63 28 31 77 35 83 79 61 83 118 33 78 84 27 74 28 95 70 98 74 43 63 108 34 113 80 23 88 101 91 35 36 68 
1 2
1 20
1 23
2 19
3 15
3 70
4 17
4 33
4 58
4 86
5 7
5 11
5 76
5 88
6 22
6 39
6 49
6 99
7 95
7 100
8 36
8 37
8 52
9 1
9 17
9 57
9 80
10 27
10 36
11 8
12 45
14 39
14 82
15 64
15 76
16 29
17 41
17 56
17 82
18 44
18 52
19 23
19 26
19 35
20 78
20 88
21 7
21 30
22 56
22 60
22 88
23 14
23 35
23 59
23 60
24 45
25 4
25 47
25 79
26 21
27 88
28 11
28 51
28 69
28 80
28 82
28 88
28 95
29 21
29 40
29 61
29 69
29 89
30 61
31 12
31 24
31 37
31 59
31 74
32 81
32 83
33 3
33 6
33 23
33 52
33 53
33 68
33 87
34 18
34 33
34 39
34 57
34 59
35 17
35 30
35 52
35 55
36 37
36 74
36 89
37 1
37 4
37 12
37 74
38 22
38 52
38 63
39 32
39 70
39 79
40 20
40 31
40 87
42 40
42 96
43 62
43 65
43 99
44 9
44 27
45 27
45 29
45 60
45 64
45 98
45 99
46 61
46 67
46 80
48 34
49 3
49 87
50 25
50 56
50 71
50 77
51 98
52 26
52 37
52 43
52 70
52 95
53 24
53 32
54 11
54 19
55 7
55 17
55 58
55 65
56 28
56 78
57 94
58 23
58 28
58 37
58 70
58 74
60 26
61 80
62 65
63 6
63 66
63 77
63 87
64 78
64 81
64 97
65 29
65 72
65 78
65 87
65 93
66 78
66 94
67 24
67 61
67 76
68 58
69 2
69 46
69 92
70 31
70 62
71 30
71 33
71 69
72 74
73 48
73 51
73 71
73 94
75 6
75 98
76 10
76 19
76 25
76 44
77 13
77 33
77 65
77 94
78 25
78 29
79 23
79 52
80 19
80 44
80 94
82 9
83 29
83 45
84 28
84 34
84 45
84 61
84 78
85 48
86 9
86 13
86 46
87 12
88 92
89 2
89 46
90 87
90 100
91 8
91 47
92 49
92 64
92 66
93 14
93 91
94 61
95 11
96 21
96 40
96 56
97 8
97 46
97 61
97 91
98 44
99 23
99 65
99 72
100 3
100 37
100 45

