50 100
82 102 79 46 21 70 50 76 36 50 91 118 112 72 54 79 78 88 32 44 50 91 73 37 120 95 113 39 88 87 114 23 27 31 75 44 58 79 43 66 53 98 120 73 33 77 70 33 33 85 
1 50
2 13
2 31
2 40
2 43
3 18
4 2
4 6
4 43
5 35
5 45
6 10
6 28
6 39
7 31
7 36
8 32
9 13
9 25
9 41
10 29
11 36
11 37
12 9
12 14
12 21
13 19
13 35
13 46
14 36
15 14
15 22
15 39
17 12
17 22
18 14
18 19
19 25
19 36
19 40
20 46
22 50
23 15
23 25
24 15
24 29
24 44
24 49
25 24
26 30
27 41
28 14
28 43
29 9
30 23
30 29
30 49
32 4
32 43
34 4
34 11
35 14
35 22
35 28
37 3
37 38
38 8
38 22
38 23
40 11
40 14
40 20
40 31
41 1
41 44
42 1
42 23
42 32
43 1
43 14
43 23
45 9
45 36
45 41
46 36
46 37
46 38
47 25
47 34
47 46
48 13
48 37
48 45
48 46
49 6
49 48
50 17
50 30
50 33
50 42

