150 3000
27 103 118 48 85 77 40 75 96 104 87 105 100 72 105 75 94 110 93 50 79 80 56 107 39 40 71 61 57 76 115 52 54 36 51 118 75 42 102 33 107 46 61 107 48 82 45 115 82 105 36 26 104 32 65 99 119 44 105 97 109 96 43 40 100 101 60 96 79 94 61 101 90 43 46 106 105 109 79 82 80 92 80 71 59 113 120 63 54 55 25 31 75 66 23 24 86 45 48 92 62 23 64 79 50 72 115 40 27 46 77 97 46 114 89 116 82 48 78 20 105 101 80 116 83 101 63 88 21 61 42 102 107 45 68 53 86 120 42 107 49 39 56 44 61 103 62 59 97 107 
1 13
1 22
1 44
1 45
1 46
1 57
1 60
1 66
1 70
1 72
1 83
1 91
1 94
1 101
1 107
1 121
1 132
1 140
2 31
2 46
2 53
2 54
2 55
2 62
2 70
2 87
2 88
2 98
2 103
2 108
2 113
2 123
2 124
2 138
2 141
2 146
2 147
2 148
3 4
3 11
3 21
3 25
3 31
3 32
3 40
3 44
3 56
3 65
3 68
3 81
3 96
3 116
3 129
4 1
4 7
4 30
4 46
4 53
4 60
4 70
4 78
4 84
4 92
4 99
4 100
4 104
4 118
4 146
5 58
5 64
5 84
5 85
5 89
5 92
5 95
5 102
5 107
5 113
5 123
5 128
5 129
6 1
6 8
6 16
6 23
6 25
6 29
6 31
6 40
6 59
6 61
6 67
6 70
6 84
6 88
6 90
6 95
6 109
6 140
6 143
7 11
7 13
7 30
7 39
7 45
7 52
7 53
7 56
7 57
7 67
7 73
7 82
7 115
7 117
7 124
7 126
7 130
7 134
7 145
7 146
8 2
8 4
8 5
8 12
8 18
8 22
8 26
8 43
8 60
8 63
8 73
8 75
8 77
8 83
8 88
8 91
8 92
8 93
8 115
8 119
8 121
8 129
8 133
8 140
8 143
9 15
9 16
9 23
9 29
9 43
9 47
9 51
9 56
9 64
9 72
9 76
9 94
9 95
9 98
9 104
9 116
9 119
10 12
10 15
10 19
10 23
10 24
10 25
10 28
10 37
10 51
10 58
10 68
10 74
10 86
10 87
10 92
10 107
10 111
10 129
11 21
11 25
11 55
11 73
11 84
11 96
11 98
11 109
11 119
11 124
12 16
12 24
12 26
12 28
12 31
12 38
12 41
12 51
12 65
12 66
12 77
12 89
12 106
12 107
12 117
12 123
12 135
12 136
12 146
13 2
13 6
13 35
13 50
13 56
13 61
13 70
13 73
13 74
13 76
13 80
13 94
13 101
13 105
13 107
13 124
13 140
13 142
13 144
14 8
14 11
14 22
14 23
14 33
14 38
14 51
14 61
14 68
14 69
14 71
14 74
14 76
14 80
14 82
14 85
14 87
14 91
14 93
14 94
14 110
14 116
14 126
14 129
14 134
14 135
14 147
15 2
15 5
15 19
15 22
15 24
15 29
15 36
15 43
15 50
15 67
15 75
15 76
15 85
15 96
15 99
15 106
15 111
15 117
15 122
15 130
15 144
16 11
16 17
16 22
16 34
16 53
16 62
16 67
16 69
16 78
16 80
16 96
16 108
16 121
16 129
16 138
16 142
16 145
17 9
17 12
17 19
17 27
17 32
17 34
17 53
17 64
17 91
17 96
17 107
17 108
17 121
17 124
17 127
17 131
17 143
17 146
17 148
17 150
18 17
18 22
18 31
18 32
18 35
18 59
18 66
18 69
18 73
18 88
18 91
18 92
18 93
18 94
18 95
18 103
18 110
18 113
18 131
18 138
19 5
19 13
19 16
19 18
19 32
19 60
19 70
19 86
19 96
19 101
19 103
19 111
19 113
19 118
19 127
19 133
19 134
19 137
19 139
20 9
20 21
20 23
20 39
20 42
20 55
20 68
20 78
20 79
20 81
20 84
20 85
20 87
20 89
20 103
20 108
20 124
20 136
21 8
21 10
21 23
21 38
21 42
21 44
21 60
21 63
21 64
21 74
21 78
21 79
21 90
21 93
21 129
21 130
21 133
21 136
21 143
21 144
21 149
22 3
22 4
22 10
22 11
22 25
22 37
22 46
22 47
22 48
22 62
22 66
22 70
22 80
22 82
22 84
22 90
22 101
22 103
22 112
22 118
22 128
22 129
22 142
23 2
23 11
23 18
23 49
23 52
23 61
23 63
23 97
23 103
23 105
23 126
23 148
23 149
24 6
24 18
24 45
24 49
24 51
24 56
24 61
24 62
24 65
24 67
24 69
24 92
24 96
24 98
24 102
24 103
24 104
24 113
24 123
24 126
25 8
25 16
25 18
25 20
25 24
25 30
25 34
25 39
25 43
25 48
25 54
25 55
25 78
25 83
25 84
25 86
25 95
25 97
25 102
25 107
25 121
25 129
25 130
25 133
25 147
25 149
26 1
26 2
26 4
26 9
26 32
26 33
26 42
26 65
26 69
26 74
26 112
26 116
26 127
26 133
26 140
26 143
26 145
27 7
27 13
27 14
27 19
27 29
27 40
27 46
27 54
27 57
27 68
27 91
27 93
27 95
27 116
27 120
27 126
27 130
27 144
27 150
28 2
28 18
28 19
28 29
28 32
28 46
28 58
28 80
28 97
28 104
28 108
28 117
28 124
28 128
28 129
28 134
28 137
28 149
28 150
29 7
29 23
29 26
29 36
29 44
29 49
29 60
29 63
29 64
29 83
29 91
29 93
29 100
29 103
29 104
29 107
29 110
29 113
29 127
29 130
29 137
29 138
29 145
30 6
30 15
30 17
30 18
30 26
30 29
30 45
30 48
30 50
30 58
30 65
30 67
30 72
30 90
30 92
30 93
30 108
30 129
30 134
30 150
31 4
31 5
31 16
31 19
31 27
31 45
31 53
31 55
31 58
31 60
31 63
31 64
31 75
31 78
31 88
31 93
31 102
31 118
31 122
31 128
31 141
32 5
32 10
32 24
32 25
32 29
32 35
32 40
32 45
32 53
32 55
32 59
32 64
32 66
32 76
32 89
32 92
32 105
32 106
32 113
32 114
32 122
32 127
32 128
33 2
33 8
33 10
33 11
33 13
33 15
33 20
33 43
33 46
33 50
33 58
33 65
33 68
33 75
33 80
33 83
33 93
33 116
33 128
33 129
33 132
33 133
33 136
33 144
34 7
34 19
34 36
34 43
34 44
34 52
34 53
34 62
34 63
34 64
34 70
34 74
34 75
34 77
34 80
34 93
34 95
34 103
34 113
34 122
34 126
34 131
34 133
34 136
34 140
35 7
35 8
35 16
35 47
35 49
35 57
35 65
35 75
35 77
35 91
35 99
35 102
35 113
35 122
35 139
35 143
35 148
35 149
35 150
36 1
36 16
36 22
36 25
36 27
36 41
36 50
36 60
36 64
36 66
36 69
36 71
36 76
36 77
36 100
36 110
36 111
36 116
36 129
36 139
36 146
37 5
37 12
37 16
37 33
37 34
37 36
37 38
37 48
37 61
37 67
37 74
37 78
37 99
37 108
37 121
37 130
37 141
38 1
38 8
38 10
38 15
38 20
38 22
38 29
38 33
38 76
38 82
38 102
38 108
38 120
38 121
38 124
38 140
38 141
38 144
38 148
39 6
39 12
39 22
39 23
39 26
39 52
39 81
39 86
39 88
39 90
39 100
39 103
39 109
39 113
39 123
39 127
39 130
39 147
39 148
40 18
40 21
40 26
40 34
40 44
40 50
40 55
40 57
40 62
40 65
40 80
40 86
40 88
40 91
40 94
40 95
40 105
40 118
40 122
40 144
41 15
41 27
41 66
41 73
41 93
41 103
41 107
41 141
41 142
42 8
42 11
42 13
42 17
42 28
42 34
42 36
42 41
42 55
42 73
42 81
42 88
42 96
42 98
42 104
42 105
42 110
42 116
42 117
42 119
42 123
42 128
42 141
43 6
43 12
43 18
43 23
43 28
43 30
43 31
43 35
43 36
43 41
43 47
43 57
43 66
43 68
43 69
43 73
43 75
43 80
43 81
43 83
43 106
43 108
43 109
43 123
43 135
43 146
44 4
44 5
44 19
44 22
44 24
44 32
44 39
44 41
44 43
44 47
44 67
44 70
44 81
44 89
44 97
44 101
44 102
44 107
44 109
44 114
44 122
44 124
44 127
44 131
45 8
45 11
45 19
45 41
45 53
45 55
45 57
45 68
45 72
45 73
45 87
45 100
45 106
45 110
45 112
45 115
45 116
45 134
45 137
45 138
45 148
46 11
46 14
46 52
46 59
46 63
46 73
46 90
46 91
46 118
46 119
46 128
46 140
46 144
46 147
46 148
47 3
47 12
47 26
47 33
47 51
47 55
47 63
47 65
47 70
47 76
47 82
47 95
47 97
47 125
47 126
47 130
47 133
47 138
47 147
47 148
47 149
48 4
48 10
48 12
48 17
48 20
48 55
48 61
48 67
48 72
48 78
48 86
48 107
48 110
48 115
48 122
48 136
48 142
49 2
49 3
49 26
49 27
49 34
49 37
49 43
49 45
49 62
49 64
49 70
49 72
49 77
49 95
49 99
49 110
49 112
49 114
49 116
49 121
49 133
49 141
49 144
50 2
50 5
50 6
50 17
50 25
50 37
50 44
50 55
50 65
50 73
50 95
50 100
50 103
50 113
50 117
50 129
50 131
50 137
50 142
50 145
50 150
51 11
51 22
51 31
51 36
51 43
51 56
51 68
51 78
51 89
51 103
51 104
51 106
51 108
51 114
51 115
51 127
51 134
51 139
51 144
52 4
52 12
52 19
52 26
52 31
52 33
52 41
52 42
52 53
52 70
52 73
52 79
52 102
52 106
52 111
52 129
52 130
52 131
52 138
53 27
53 35
53 36
53 41
53 77
53 84
53 90
53 96
53 115
53 121
53 127
54 6
54 14
54 21
54 34
54 39
54 72
54 77
54 81
54 90
54 94
54 101
54 102
54 116
54 134
54 148
54 150
55 26
55 30
55 33
55 37
55 46
55 53
55 60
55 63
55 70
55 80
55 85
55 99
55 100
55 101
55 104
55 106
55 108
55 109
55 117
55 129
55 131
55 139
55 143
55 146
56 6
56 8
56 15
56 22
56 31
56 42
56 44
56 54
56 59
56 62
56 76
56 80
56 87
56 93
56 98
56 108
56 112
56 117
56 123
56 126
57 3
57 5
57 8
57 9
57 21
57 26
57 29
57 56
57 66
57 74
57 77
57 87
57 88
57 95
57 104
57 113
57 114
57 115
57 122
57 128
57 130
57 132
57 147
57 150
58 12
58 18
58 20
58 22
58 32
58 35
58 46
58 48
58 49
58 52
58 55
58 59
58 64
58 68
58 81
58 82
58 88
58 93
58 136
58 144
58 149
59 28
59 40
59 45
59 47
59 49
59 61
59 62
59 97
59 98
59 104
59 110
59 112
59 118
59 123
59 124
59 128
59 134
59 135
59 147
59 149
60 6
60 9
60 12
60 26
60 38
60 65
60 78
60 81
60 86
60 92
60 93
60 95
60 113
60 114
60 116
60 120
60 130
60 132
60 145
61 8
61 11
61 15
61 17
61 19
61 26
61 29
61 33
61 50
61 60
61 75
61 83
61 88
61 92
61 94
61 98
61 100
61 103
61 114
61 117
61 120
61 126
61 136
61 143
61 145
61 147
61 149
62 6
62 9
62 11
62 14
62 25
62 28
62 32
62 46
62 57
62 67
62 68
62 71
62 80
62 86
62 87
62 88
62 94
62 116
62 124
62 147
63 4
63 7
63 10
63 12
63 14
63 17
63 19
63 24
63 28
63 33
63 49
63 58
63 68
63 77
63 81
63 85
63 96
63 103
63 135
63 140
63 141
63 149
63 150
64 4
64 6
64 10
64 26
64 27
64 30
64 39
64 41
64 45
64 51
64 60
64 67
64 73
64 80
64 83
64 85
64 89
64 99
64 103
64 107
64 109
64 129
64 131
64 139
64 147
65 9
65 16
65 18
65 22
65 38
65 41
65 51
65 61
65 82
65 104
65 107
65 109
65 115
65 128
65 136
66 13
66 15
66 28
66 29
66 38
66 44
66 46
66 49
66 60
66 61
66 62
66 63
66 79
66 84
66 85
66 91
66 95
66 113
66 115
66 116
66 120
66 140
66 145
67 2
67 10
67 11
67 12
67 19
67 25
67 26
67 27
67 31
67 32
67 33
67 35
67 53
67 65
67 68
67 89
67 96
67 99
67 108
67 127
67 134
67 135
67 146
68 13
68 24
68 35
68 66
68 69
68 73
68 82
68 93
68 107
68 117
68 122
68 123
68 127
68 128
68 134
69 5
69 7
69 15
69 17
69 25
69 28
69 44
69 46
69 47
69 58
69 64
69 65
69 72
69 76
69 89
69 91
69 97
69 102
69 114
69 130
69 139
70 3
70 5
70 15
70 21
70 24
70 29
70 33
70 53
70 59
70 62
70 63
70 69
70 82
70 85
70 97
70 100
70 103
70 106
70 111
70 115
70 120
70 121
70 125
70 127
70 133
70 138
70 148
71 2
71 6
71 7
71 16
71 17
71 34
71 46
71 47
71 52
71 57
71 59
71 61
71 65
71 66
71 67
71 69
71 79
71 84
71 88
71 99
71 100
71 108
71 113
71 114
71 116
71 126
71 136
71 140
71 150
72 6
72 14
72 15
72 19
72 26
72 29
72 33
72 39
72 46
72 51
72 52
72 55
72 62
72 63
72 82
72 86
72 88
72 94
72 97
72 106
72 115
72 119
72 124
72 129
72 130
72 132
72 133
72 142
72 148
73 2
73 9
73 27
73 28
73 44
73 53
73 55
73 56
73 58
73 62
73 71
73 72
73 74
73 83
73 98
73 127
73 135
73 136
73 137
73 139
73 141
73 148
74 23
74 25
74 28
74 29
74 35
74 50
74 53
74 79
74 80
74 95
74 99
74 100
74 101
74 103
74 105
74 114
74 121
74 125
74 147
74 150
75 14
75 44
75 69
75 70
75 78
75 85
75 89
75 90
75 94
75 111
75 115
75 125
76 6
76 7
76 23
76 33
76 48
76 51
76 67
76 71
76 80
76 97
76 100
76 102
76 103
76 118
76 128
76 142
76 145
76 149
77 11
77 29
77 33
77 59
77 62
77 65
77 66
77 89
77 92
77 96
77 101
77 105
77 119
77 120
77 132
77 145
77 150
78 12
78 22
78 34
78 49
78 50
78 61
78 63
78 71
78 74
78 91
78 103
78 105
78 107
78 114
78 116
78 139
78 150
79 3
79 4
79 5
79 7
79 10
79 16
79 23
79 29
79 32
79 34
79 58
79 76
79 77
79 81
79 86
79 87
79 90
79 92
79 94
79 97
79 99
79 100
79 117
79 118
79 125
79 139
79 140
79 143
79 144
79 145
79 150
80 6
80 10
80 15
80 32
80 38
80 48
80 50
80 59
80 65
80 96
80 99
80 106
80 114
80 117
80 118
80 140
80 146
80 147
80 148
81 6
81 9
81 18
81 28
81 30
81 33
81 51
81 68
81 70
81 85
81 95
81 97
81 110
81 112
81 117
81 121
81 132
82 4
82 6
82 20
82 27
82 36
82 42
82 50
82 51
82 54
82 64
82 79
82 80
82 81
82 83
82 94
82 102
82 108
82 110
82 115
82 117
82 122
82 126
82 136
82 142
83 4
83 15
83 20
83 21
83 22
83 39
83 40
83 51
83 55
83 60
83 67
83 81
83 85
83 98
83 104
83 128
83 132
83 134
83 135
84 3
84 14
84 18
84 26
84 35
84 39
84 40
84 45
84 56
84 58
84 88
84 92
84 93
84 95
84 99
84 110
84 115
84 119
84 125
84 127
84 132
84 137
84 139
85 8
85 17
85 18
85 24
85 25
85 30
85 31
85 37
85 49
85 51
85 53
85 62
85 76
85 77
85 88
85 90
85 93
85 95
85 101
85 111
85 115
85 116
85 123
85 132
85 136
85 139
86 1
86 4
86 11
86 16
86 23
86 26
86 28
86 31
86 54
86 81
86 83
86 92
86 113
86 116
86 146
87 3
87 6
87 7
87 13
87 30
87 32
87 52
87 55
87 58
87 59
87 64
87 73
87 75
87 83
87 84
87 96
87 122
87 126
87 129
87 135
87 139
87 144
88 9
88 11
88 14
88 15
88 16
88 28
88 33
88 37
88 59
88 60
88 74
88 81
88 100
88 101
88 103
88 104
88 106
88 107
88 120
88 123
88 125
88 126
88 139
89 6
89 9
89 16
89 21
89 27
89 29
89 30
89 35
89 45
89 46
89 56
89 61
89 65
89 74
89 78
89 99
89 100
89 102
89 125
89 127
89 131
89 139
89 140
89 147
89 149
90 13
90 28
90 38
90 40
90 50
90 69
90 77
90 78
90 82
90 91
90 115
90 122
90 138
90 146
91 4
91 23
91 25
91 44
91 49
91 53
91 63
91 71
91 75
91 81
91 85
91 88
91 92
91 95
91 112
91 125
91 132
91 142
91 147
92 9
92 47
92 49
92 52
92 67
92 73
92 98
92 109
92 120
92 127
92 129
92 148
93 4
93 7
93 10
93 13
93 17
93 57
93 62
93 76
93 82
93 87
93 94
93 100
93 111
93 117
93 118
93 126
93 127
93 129
93 131
94 24
94 28
94 37
94 39
94 63
94 69
94 73
94 78
94 92
94 95
94 96
94 97
94 101
94 114
94 115
94 128
94 131
94 140
94 149
95 8
95 14
95 16
95 22
95 29
95 44
95 45
95 46
95 77
95 83
95 105
95 110
95 121
95 133
95 150
96 4
96 6
96 7
96 9
96 30
96 35
96 84
96 85
96 88
96 91
96 92
96 93
96 103
96 110
96 115
96 123
96 124
96 126
96 127
96 128
96 131
96 142
96 143
96 147
97 2
97 4
97 7
97 11
97 26
97 39
97 43
97 49
97 52
97 53
97 58
97 60
97 61
97 73
97 78
97 80
97 87
97 89
97 90
97 91
97 92
97 103
97 106
97 109
97 111
97 113
97 114
97 120
97 124
97 133
97 134
97 135
97 137
97 139
97 146
98 4
98 10
98 32
98 36
98 38
98 39
98 46
98 51
98 55
98 69
98 86
98 96
98 101
98 104
98 112
98 116
98 124
98 127
98 129
98 131
98 143
98 148
98 150
99 5
99 10
99 20
99 22
99 24
99 38
99 40
99 65
99 70
99 73
99 78
99 81
99 83
99 85
99 88
99 93
99 97
99 100
99 101
99 104
99 108
99 109
99 116
99 145
100 1
100 11
100 17
100 23
100 25
100 41
100 51
100 62
100 68
100 80
100 84
100 86
100 97
100 102
100 103
100 105
100 112
100 114
100 117
100 119
100 128
100 135
100 138
100 144
101 23
101 31
101 32
101 46
101 50
101 52
101 57
101 62
101 68
101 70
101 84
101 102
101 103
101 115
101 136
101 137
102 3
102 9
102 10
102 16
102 32
102 34
102 45
102 47
102 49
102 62
102 74
102 92
102 97
102 105
102 106
102 107
102 108
102 112
102 119
102 127
102 133
102 145
102 149
103 3
103 14
103 21
103 27
103 31
103 54
103 80
103 102
103 104
103 108
103 114
103 138
103 141
103 147
103 150
104 8
104 12
104 19
104 34
104 66
104 67
104 78
104 79
104 82
104 85
104 100
104 110
104 118
104 124
104 126
104 135
105 3
105 4
105 12
105 15
105 59
105 61
105 63
105 64
105 66
105 67
105 72
105 79
105 86
105 106
105 114
105 117
105 120
105 124
105 126
105 132
105 135
105 141
105 142
105 145
106 3
106 4
106 18
106 25
106 26
106 27
106 28
106 49
106 59
106 68
106 87
106 92
106 111
106 118
106 141
106 142
106 144
106 146
106 147
107 6
107 20
107 21
107 37
107 39
107 40
107 59
107 61
107 63
107 67
107 69
107 71
107 87
107 91
107 94
107 122
107 124
107 127
107 136
107 147
108 5
108 23
108 24
108 27
108 32
108 44
108 49
108 53
108 65
108 84
108 87
108 107
108 111
108 113
108 120
108 130
108 131
108 134
108 136
108 143
108 146
109 1
109 8
109 21
109 24
109 33
109 34
109 45
109 59
109 61
109 75
109 89
109 104
109 106
109 108
109 120
109 124
109 130
109 131
109 144
109 150
110 1
110 4
110 16
110 24
110 28
110 33
110 65
110 66
110 73
110 76
110 88
110 91
110 94
110 100
110 101
110 105
110 118
110 139
110 140
110 147
111 16
111 23
111 24
111 29
111 31
111 32
111 39
111 44
111 45
111 48
111 71
111 73
111 76
111 77
111 79
111 82
111 100
111 102
111 116
111 118
111 133
111 148
112 12
112 17
112 20
112 53
112 55
112 65
112 70
112 77
112 87
112 88
112 95
112 109
112 116
112 122
112 124
112 125
112 129
112 134
112 139
112 143
112 149
113 4
113 9
113 16
113 17
113 25
113 41
113 43
113 46
113 58
113 72
113 79
113 84
113 85
113 94
113 96
113 99
113 100
113 101
113 103
113 124
113 127
113 136
114 6
114 16
114 18
114 19
114 30
114 39
114 45
114 52
114 65
114 77
114 82
114 89
114 90
114 108
114 109
114 110
114 120
114 127
114 138
114 149
115 10
115 11
115 12
115 14
115 21
115 39
115 41
115 43
115 44
115 56
115 73
115 76
115 78
115 83
115 89
115 97
115 98
115 107
115 110
115 118
115 124
115 132
115 135
115 138
115 146
115 149
116 13
116 19
116 23
116 38
116 43
116 59
116 67
116 68
116 72
116 83
116 93
116 101
116 103
116 120
116 126
116 127
116 133
116 141
116 143
116 147
117 3
117 5
117 9
117 22
117 25
117 31
117 33
117 34
117 40
117 43
117 45
117 47
117 60
117 62
117 70
117 76
117 83
117 88
117 91
117 92
117 95
117 104
117 116
117 119
117 129
118 1
118 17
118 26
118 32
118 41
118 56
118 64
118 70
118 73
118 75
118 99
118 107
118 113
118 131
118 139
119 10
119 16
119 17
119 20
119 29
119 33
119 34
119 38
119 56
119 58
119 65
119 71
119 88
119 101
119 121
119 129
119 147
119 148
119 150
120 1
120 10
120 17
120 25
120 32
120 43
120 50
120 58
120 65
120 74
120 75
120 83
120 96
120 99
120 100
120 115
120 126
120 130
120 138
121 14
121 23
121 28
121 45
121 46
121 59
121 76
121 87
121 114
121 120
121 124
121 135
122 19
122 23
122 24
122 25
122 30
122 38
122 41
122 54
122 69
122 73
122 78
122 85
122 94
122 96
122 105
122 120
122 124
122 125
122 132
122 137
123 3
123 4
123 19
123 30
123 31
123 34
123 35
123 47
123 48
123 60
123 65
123 78
123 81
123 83
123 91
123 94
123 97
123 106
123 107
123 108
123 110
123 116
123 120
123 122
123 125
123 129
123 134
123 136
123 148
124 9
124 16
124 24
124 35
124 42
124 43
124 46
124 54
124 60
124 64
124 66
124 75
124 77
124 80
124 83
124 91
124 111
124 127
124 129
124 135
125 4
125 16
125 18
125 32
125 37
125 39
125 40
125 43
125 49
125 56
125 61
125 66
125 68
125 69
125 93
125 95
125 98
125 127
125 135
125 143
125 145
126 10
126 31
126 32
126 37
126 41
126 45
126 46
126 66
126 73
126 77
126 81
126 92
126 94
126 106
126 109
126 131
126 135
127 5
127 14
127 16
127 21
127 36
127 41
127 48
127 49
127 50
127 52
127 56
127 63
127 79
127 83
127 101
127 103
127 110
127 111
127 112
127 119
127 131
127 149
128 40
128 41
128 51
128 66
128 78
128 84
128 85
128 98
128 103
128 108
128 109
128 117
128 121
128 126
128 127
128 132
128 150
129 2
129 4
129 12
129 20
129 45
129 56
129 66
129 70
129 86
129 90
129 91
129 99
129 101
129 135
129 136
129 141
129 144
129 149
130 3
130 10
130 20
130 22
130 26
130 35
130 36
130 46
130 59
130 62
130 65
130 68
130 81
130 82
130 90
130 113
130 117
130 125
130 129
130 137
130 139
130 145
131 6
131 14
131 30
131 39
131 43
131 58
131 61
131 69
131 75
131 92
131 99
131 100
131 110
131 111
131 112
131 116
131 120
131 121
131 133
131 137
131 145
131 148
132 2
132 8
132 22
132 30
132 34
132 62
132 67
132 80
132 94
132 104
132 124
132 125
132 127
132 136
132 148
132 150
133 2
133 3
133 7
133 10
133 22
133 38
133 43
133 48
133 56
133 63
133 79
133 87
133 108
133 134
134 3
134 8
134 12
134 21
134 22
134 24
134 38
134 53
134 62
134 64
134 73
134 75
134 78
134 81
134 89
134 116
134 122
134 139
134 140
135 7
135 13
135 15
135 18
135 23
135 25
135 29
135 30
135 44
135 45
135 47
135 66
135 68
135 77
135 79
135 86
135 88
135 94
135 106
135 117
135 120
135 139
135 149
136 1
136 2
136 15
136 29
136 32
136 56
136 75
136 93
136 97
136 105
136 109
136 111
136 119
136 140
136 149
137 6
137 25
137 26
137 31
137 35
137 37
137 52
137 62
137 69
137 70
137 72
137 81
137 94
137 115
137 125
137 139
138 7
138 19
138 33
138 39
138 40
138 50
138 57
138 65
138 71
138 94
138 98
138 109
138 110
138 122
138 134
138 135
139 5
139 7
139 13
139 15
139 24
139 26
139 31
139 42
139 44
139 57
139 62
139 63
139 77
139 83
139 86
139 92
139 105
139 127
139 132
139 138
139 142
139 148
140 7
140 11
140 41
140 43
140 57
140 65
140 77
140 82
140 90
140 91
140 95
140 99
140 116
140 127
140 132
140 138
140 139
140 147
140 149
141 3
141 4
141 17
141 22
141 36
141 40
141 44
141 54
141 56
141 58
141 75
141 82
141 83
141 110
141 111
141 128
142 5
142 17
142 32
142 51
142 55
142 59
142 69
142 71
142 73
142 94
142 107
142 110
142 115
142 120
142 129
142 130
142 137
142 143
143 13
143 27
143 28
143 37
143 49
143 53
143 68
143 80
143 88
143 118
143 124
143 130
143 133
143 141
143 144
143 145
143 149
144 4
144 11
144 20
144 28
144 41
144 55
144 63
144 91
144 99
144 102
144 111
144 112
144 119
144 131
144 148
144 149
145 5
145 27
145 31
145 36
145 42
145 44
145 59
145 72
145 92
145 103
145 106
145 109
145 110
145 114
145 118
145 123
145 124
145 129
146 3
146 5
146 8
146 15
146 40
146 44
146 46
146 47
146 49
146 50
146 52
146 54
146 56
146 58
146 59
146 70
146 72
146 76
146 95
146 99
146 100
146 127
146 134
146 139
146 147
146 150
147 4
147 23
147 30
147 33
147 56
147 71
147 72
147 77
147 79
147 81
147 84
147 97
147 99
147 112
147 114
147 145
147 149
148 1
148 33
148 36
148 50
148 61
148 64
148 74
148 78
148 81
148 84
148 96
148 103
148 110
148 114
148 117
148 121
148 124
148 127
148 135
148 149
149 3
149 12
149 19
149 26
149 30
149 42
149 44
149 46
149 51
149 60
149 67
149 69
149 79
149 80
149 97
149 99
149 106
149 107
149 123
149 131
149 138
150 15
150 16
150 29
150 43
150 47
150 58
150 60
150 64
150 70
150 81
150 82
150 84
150 86
150 88
150 110
150 115
150 131
150 134
150 139
150 145
150 149

