100 750
119 66 65 75 101 52 39 43 62 25 35 118 60 27 83 95 108 27 84 40 90 56 37 66 40 24 96 93 97 40 36 102 89 120 33 55 41 96 37 26 28 53 107 42 40 45 60 23 108 108 98 97 30 43 88 68 33 99 100 119 120 89 119 55 26 78 99 117 26 49 104 79 39 79 88 36 27 62 104 66 110 77 81 26 46 56 87 91 106 87 83 35 84 24 46 23 59 71 40 92 
1 4
1 15
1 53
1 58
1 77
1 84
2 16
2 31
2 64
2 75
2 90
2 93
3 4
3 16
3 37
3 57
3 62
3 69
4 13
4 37
4 40
4 44
4 78
5 12
5 38
5 40
5 59
5 74
6 7
6 11
6 12
6 45
6 71
6 76
7 3
7 50
7 59
7 71
8 33
8 40
8 60
8 64
8 90
9 11
9 18
9 43
9 100
10 2
10 19
10 22
10 32
10 41
10 56
10 59
10 86
11 13
11 15
11 20
11 21
11 22
11 33
11 37
11 64
11 73
11 77
12 14
12 21
12 28
12 45
12 50
12 68
12 74
12 75
12 89
13 20
13 21
13 24
13 26
13 39
13 53
13 58
13 88
13 90
13 95
14 7
14 18
14 19
14 29
14 57
14 75
14 76
14 79
15 44
15 65
15 77
15 83
15 86
16 41
16 78
16 83
16 86
16 87
17 24
17 31
17 38
17 41
17 42
17 49
18 11
18 15
18 32
18 36
18 55
18 71
18 79
18 80
19 6
19 18
19 20
19 28
19 30
19 46
19 55
19 57
19 76
19 78
20 12
20 25
20 30
20 40
20 57
20 83
20 95
20 97
21 1
21 8
21 17
21 20
21 29
21 55
21 71
21 92
21 97
22 12
22 46
22 47
22 75
22 87
22 94
23 1
23 13
23 40
23 54
23 56
23 63
23 78
23 80
23 83
23 96
24 2
24 18
24 40
24 43
24 46
24 56
24 63
24 64
24 79
25 1
25 28
25 31
25 44
25 50
25 53
25 64
25 72
25 74
25 91
25 93
26 17
26 29
26 41
26 47
26 49
26 55
26 62
26 69
26 82
26 84
26 85
27 7
27 48
28 14
28 16
28 23
28 78
28 80
28 85
28 94
29 23
29 28
29 31
29 40
30 26
30 34
30 35
30 51
30 58
30 81
30 82
31 1
31 5
31 13
31 14
31 16
31 40
31 51
31 75
32 9
32 33
32 52
32 65
32 67
33 4
33 44
33 59
33 72
33 97
34 18
34 20
34 25
34 26
34 31
34 43
34 45
34 51
34 69
34 76
34 77
34 92
34 95
34 98
35 6
35 7
35 12
35 40
35 60
35 68
35 80
35 83
35 90
35 94
36 10
36 13
36 21
36 41
36 55
36 97
36 100
37 6
37 15
37 18
37 24
37 29
37 34
37 42
37 73
37 81
37 87
37 88
38 42
38 64
38 66
38 76
38 84
38 98
39 3
39 24
39 29
39 36
39 55
39 57
39 69
39 81
39 82
39 86
39 92
40 55
40 77
40 85
41 23
41 32
41 42
41 46
41 51
41 57
41 63
41 94
41 96
41 98
42 8
42 10
42 12
42 15
42 20
42 54
42 55
42 68
42 69
42 83
42 94
43 10
43 16
43 57
43 79
43 80
43 95
43 97
44 12
44 13
44 16
44 47
44 57
44 63
44 76
44 77
44 99
45 17
45 24
45 50
45 58
45 74
45 86
45 88
45 92
45 94
46 10
46 14
46 16
46 44
46 45
46 49
46 82
46 100
47 10
47 16
47 21
47 24
47 28
47 83
47 95
48 1
48 59
48 63
48 74
48 81
48 97
49 2
49 8
49 11
49 18
49 19
49 21
49 35
49 56
49 60
49 80
50 3
50 11
50 17
50 23
50 26
50 57
50 73
50 76
50 82
50 88
50 89
50 95
50 98
51 12
51 28
51 55
51 62
51 71
51 77
51 98
51 100
52 6
52 7
52 16
52 22
52 23
52 35
52 56
52 93
53 27
53 43
53 45
53 75
54 19
54 22
54 31
54 52
54 65
54 90
54 95
55 11
55 13
55 30
55 48
55 59
55 70
55 77
55 92
56 16
56 19
56 48
56 67
56 89
57 8
57 51
57 54
57 71
57 90
58 7
58 9
58 12
58 32
58 44
58 62
58 65
59 2
59 21
59 25
59 30
59 38
59 61
59 73
59 74
59 78
59 85
59 93
60 12
60 68
60 91
60 92
60 93
61 6
61 69
61 90
62 32
62 34
62 50
62 53
62 59
62 79
63 4
63 10
63 16
63 30
63 56
63 69
63 78
63 80
63 97
64 3
64 20
64 34
64 35
64 36
64 57
64 61
64 70
64 94
65 17
65 18
65 37
65 48
65 56
65 67
65 73
65 83
66 5
66 6
66 13
66 18
66 19
66 22
66 39
66 64
66 70
66 74
66 100
67 1
67 7
67 51
67 53
67 72
67 81
67 91
68 23
68 25
68 27
68 30
68 38
68 80
68 87
68 97
69 5
69 52
69 64
69 86
69 87
69 94
70 24
70 28
70 29
70 33
70 36
70 38
71 1
71 24
71 29
71 56
71 72
72 11
72 28
72 35
72 45
72 48
73 34
73 47
73 62
73 67
73 77
73 83
74 19
74 22
74 30
74 72
74 82
74 91
74 100
75 17
75 20
75 28
75 44
75 61
75 71
75 80
75 96
76 16
76 22
76 29
76 48
76 68
76 74
76 75
76 85
76 88
76 91
77 2
77 7
77 14
77 22
77 29
77 32
77 36
77 39
77 71
77 76
77 94
77 95
78 6
78 21
78 24
78 40
78 41
78 47
78 55
78 61
78 74
78 77
78 82
78 89
79 5
79 7
79 16
79 31
79 40
79 46
79 73
79 76
79 92
79 99
80 11
80 25
80 40
80 47
80 51
80 69
80 74
81 1
81 5
81 14
81 78
81 82
81 87
81 97
82 12
82 35
82 38
82 40
82 94
84 5
84 10
84 11
84 16
84 20
84 42
84 46
84 71
84 74
84 88
84 96
84 100
85 2
85 9
85 13
85 15
85 25
85 29
85 32
85 45
85 74
85 78
85 82
85 84
86 3
86 5
86 12
86 55
87 3
87 49
87 61
87 66
87 78
87 79
87 82
87 86
87 91
87 92
88 11
88 17
88 25
88 27
88 82
89 2
89 10
89 19
89 33
89 51
89 52
89 55
89 99
90 19
90 47
90 52
90 75
90 88
91 23
91 24
91 30
91 51
91 61
91 62
91 78
92 22
92 33
92 49
92 51
92 57
92 66
92 69
92 88
93 1
93 16
93 38
93 43
93 47
93 50
93 82
94 7
94 12
94 13
94 33
94 50
94 67
95 12
95 24
95 27
95 38
95 44
95 45
95 48
95 57
95 75
95 83
96 31
96 42
96 50
96 64
96 88
96 97
97 5
97 6
97 26
97 55
97 58
97 61
97 66
97 79
97 83
97 89
97 90
97 91
98 17
98 33
98 42
98 43
98 47
98 57
98 58
98 61
98 75
98 78
98 87
98 94
99 6
99 13
99 37
99 45
99 56
99 81
99 93
99 100
100 45
100 61
100 75

