100 100
32 28 106 117 62 27 48 80 85 28 44 54 41 108 101 37 86 28 27 60 36 71 78 63 106 29 65 92 84 82 93 102 110 116 43 100 68 93 23 101 66 118 74 87 120 76 41 43 32 100 39 38 33 45 90 47 49 118 30 61 48 38 119 26 22 116 37 38 88 112 96 61 33 91 64 37 48 49 63 71 63 81 26 57 120 47 79 66 69 55 35 103 53 73 46 62 59 120 45 48 
2 96
3 12
3 24
3 78
4 92
5 20
7 85
8 48
10 56
11 43
11 57
13 100
16 57
17 48
18 25
18 46
18 92
20 7
22 29
24 65
26 6
26 21
26 83
27 33
28 73
29 77
29 98
30 58
32 12
33 20
34 12
35 85
37 15
41 64
42 13
43 24
44 15
44 80
45 75
47 46
47 82
48 55
48 91
50 32
50 61
51 48
51 77
52 17
52 49
53 39
54 39
55 72
56 83
58 100
59 48
59 72
60 88
61 97
61 100
62 21
62 53
63 20
64 29
66 51
66 53
67 43
67 65
69 35
71 13
71 54
72 42
74 42
74 90
76 15
76 27
79 1
80 71
80 76
80 78
81 30
81 91
82 19
82 76
85 2
86 47
87 28
89 77
90 31
90 83
91 34
91 72
92 83
93 45
94 15
94 70
94 81
95 96
97 35
98 68
99 17

