100 500
36 24 116 99 108 108 32 84 107 74 47 47 22 27 26 86 52 56 91 92 42 107 102 33 37 92 70 93 96 27 63 56 95 63 73 53 97 30 88 117 113 40 91 41 69 64 111 97 32 58 39 20 55 38 110 56 35 39 51 102 116 34 55 41 100 47 113 67 60 36 70 99 38 67 85 58 63 53 22 103 72 94 66 96 68 43 55 47 112 44 67 24 114 117 72 55 62 32 99 79 
1 11
1 38
1 48
1 77
1 85
1 96
2 12
2 27
2 51
2 54
2 67
2 76
2 93
2 94
2 97
3 12
3 19
3 23
3 24
3 26
3 48
3 58
3 79
4 63
4 70
4 83
5 28
5 32
5 45
5 77
6 8
6 23
6 68
6 73
6 82
6 91
7 14
7 34
7 42
7 52
7 66
7 74
7 88
8 2
8 79
8 88
8 96
9 7
9 13
9 22
9 61
9 81
9 92
10 23
10 24
10 26
10 27
10 58
10 63
10 75
10 100
11 13
11 20
11 27
11 51
11 66
11 91
11 93
12 5
12 18
12 92
13 62
13 97
14 10
14 18
14 40
14 41
14 54
14 59
14 66
14 95
15 1
15 36
15 38
15 63
15 77
15 82
15 95
16 1
16 9
16 17
16 45
16 70
16 98
17 29
17 46
17 65
17 87
17 93
17 96
17 97
18 10
18 13
18 79
18 83
18 92
19 7
19 26
19 45
19 64
19 81
20 5
20 29
20 34
20 57
20 69
20 72
20 86
21 4
21 15
21 24
21 38
21 54
21 86
21 95
22 15
22 64
22 80
23 7
23 34
23 35
23 46
23 57
23 58
23 61
23 78
23 96
24 5
24 22
24 35
24 45
24 56
25 12
25 19
25 23
25 29
25 45
25 77
25 80
25 88
26 25
26 47
26 79
26 93
27 15
27 17
27 32
27 55
27 62
27 66
27 80
27 90
27 92
27 94
27 96
28 30
28 36
28 42
28 43
28 78
29 7
29 40
29 43
29 79
29 91
29 97
30 16
30 47
30 57
30 60
31 27
31 52
31 91
31 92
32 10
32 13
32 35
33 67
33 68
33 71
33 96
34 8
34 10
34 16
34 19
34 27
34 66
34 97
35 16
35 33
35 54
35 60
35 67
35 73
35 77
35 92
36 54
36 89
36 96
37 19
37 27
37 29
38 24
38 89
38 99
38 100
39 33
39 49
39 56
39 79
39 83
40 4
40 11
40 67
40 70
41 7
41 11
41 25
41 39
41 51
41 52
42 5
42 18
42 30
42 65
42 80
42 83
43 22
43 81
43 86
44 25
44 37
44 45
44 56
44 71
45 10
45 28
45 39
45 59
46 15
46 16
46 49
46 57
47 11
47 12
47 15
47 31
47 33
47 43
47 44
47 61
47 63
48 47
48 61
48 63
49 58
49 90
50 38
50 62
50 72
51 19
51 25
51 29
51 34
52 3
52 5
52 28
52 77
52 89
52 94
52 99
53 6
53 16
53 18
53 50
53 88
54 56
55 50
55 71
55 73
55 89
55 97
56 1
56 6
56 25
56 76
56 86
56 91
57 3
57 42
57 68
58 37
58 52
58 55
58 83
58 98
59 69
59 75
59 77
60 6
60 8
60 31
60 32
60 40
60 57
60 71
60 80
61 31
61 39
61 51
61 67
62 56
62 75
62 88
63 7
63 11
63 22
63 42
63 69
63 80
64 6
64 31
64 52
64 57
65 11
65 16
65 38
65 98
66 46
66 61
66 63
66 64
66 69
66 71
66 75
67 92
68 1
68 48
68 49
68 60
68 70
68 81
68 82
69 7
69 10
69 18
69 43
70 48
70 51
70 52
70 55
70 58
70 61
70 76
71 67
71 100
72 13
72 45
72 47
72 53
72 66
72 95
73 15
73 19
73 30
73 34
73 36
73 54
73 99
74 48
74 55
74 90
75 7
75 19
75 34
75 35
75 51
75 56
75 81
76 57
76 59
77 6
77 10
77 11
77 23
77 30
77 53
77 66
77 72
77 83
78 2
78 36
79 19
79 44
79 49
79 73
79 94
80 41
80 56
81 39
81 52
81 58
81 59
81 69
82 16
82 51
82 76
82 92
82 98
83 16
83 72
83 98
84 1
84 7
84 39
84 54
84 58
84 79
84 86
85 3
85 6
85 12
85 14
85 15
85 40
85 45
85 46
85 50
86 34
86 72
87 7
87 21
87 29
87 30
87 36
87 46
87 52
87 61
87 79
88 10
88 17
88 27
88 40
88 48
88 67
89 19
89 70
89 85
90 66
90 77
91 18
91 24
91 32
91 69
91 80
91 81
92 29
92 39
92 71
92 83
92 88
93 41
93 48
93 87
93 95
94 19
94 66
94 78
95 13
95 36
95 44
95 64
95 92
95 100
96 9
96 16
96 29
96 50
96 52
96 63
96 87
97 20
97 44
98 10
98 36
98 67
100 56
100 62
100 65
100 91

