100 1000
58 103 50 30 94 26 69 70 27 69 114 34 80 57 78 99 44 86 89 41 84 49 46 65 75 22 26 98 103 21 107 41 87 72 63 99 46 51 82 92 59 26 29 114 102 51 25 100 56 43 71 29 104 110 51 35 55 91 39 25 120 65 43 107 120 41 28 35 117 71 82 39 70 63 59 82 104 40 54 67 113 74 59 77 115 72 114 88 48 73 21 120 76 31 39 87 53 98 112 55 
1 6
1 32
1 46
1 49
1 69
1 70
1 76
1 78
1 79
1 80
1 86
1 87
1 95
1 100
2 1
2 8
2 25
2 29
2 39
2 40
2 41
2 44
2 51
2 56
2 66
2 74
2 86
2 87
3 9
3 15
3 20
3 41
3 44
3 97
3 98
4 10
4 34
4 35
4 46
4 59
4 82
4 88
4 89
4 93
5 7
5 11
5 17
5 39
5 47
5 69
5 76
5 87
5 92
5 96
5 100
6 10
6 20
6 25
6 32
6 47
6 51
6 57
6 63
6 65
6 73
6 75
6 89
6 93
6 96
6 99
7 54
7 59
7 62
7 68
7 74
7 85
7 94
7 97
8 7
8 15
8 17
8 37
8 39
8 41
8 44
8 56
8 62
8 66
8 72
8 74
8 88
8 97
9 1
9 10
9 22
9 23
9 30
9 36
9 39
9 40
9 53
9 54
9 57
9 63
9 66
9 99
10 50
10 67
10 80
10 84
10 92
11 3
11 8
11 16
11 19
11 21
11 26
11 41
11 44
11 57
11 72
11 80
11 89
11 97
12 3
12 6
12 16
12 35
12 52
12 54
12 56
12 58
12 59
12 80
12 87
12 99
13 22
13 24
13 28
13 31
13 33
13 36
13 41
13 50
13 61
13 91
13 93
14 20
14 25
14 31
14 51
14 60
14 90
15 5
15 6
15 7
15 10
15 14
15 17
15 25
15 51
15 52
15 77
15 83
16 37
16 42
16 44
16 56
16 61
16 65
16 69
16 73
16 85
16 91
17 3
17 6
17 9
17 19
17 20
17 33
17 37
17 40
17 42
17 62
17 69
17 83
17 84
17 90
17 92
17 98
18 1
18 11
18 14
18 21
18 26
18 27
18 28
18 45
18 79
19 20
19 37
19 87
19 90
20 12
20 18
20 26
20 27
20 37
20 41
20 53
20 72
20 74
20 79
20 80
20 83
20 98
21 48
21 51
21 56
21 59
21 61
21 70
21 74
21 77
22 3
22 19
22 42
22 65
22 82
22 98
23 1
23 3
23 13
23 19
23 20
23 32
23 35
23 38
23 41
23 51
23 57
23 71
23 76
23 89
23 91
23 100
24 56
24 59
24 71
24 72
24 88
25 9
25 10
25 13
25 17
25 18
25 21
25 23
25 29
25 30
25 51
25 52
25 64
25 75
25 87
25 92
25 99
26 1
26 7
26 13
26 31
26 39
26 50
26 71
26 83
27 4
27 21
27 22
27 29
27 32
27 37
27 39
27 49
27 54
27 56
27 64
27 83
27 93
27 96
27 97
28 5
28 34
28 38
28 44
28 51
28 73
29 14
29 46
30 20
30 31
30 33
30 41
30 49
30 55
30 74
30 78
30 91
30 94
31 15
31 42
31 64
31 80
31 82
31 90
32 13
32 26
32 31
32 33
32 41
32 42
32 54
32 56
32 59
32 71
32 97
33 23
33 25
33 28
33 31
33 53
33 56
34 16
34 23
34 25
34 29
34 31
34 55
34 73
34 79
34 86
34 88
35 1
35 6
35 20
35 25
35 26
35 31
35 48
35 54
35 71
35 73
35 82
35 83
35 84
35 100
36 4
36 17
36 24
36 35
36 67
36 75
37 1
37 11
37 13
37 21
37 22
37 35
37 42
37 56
37 74
37 79
37 96
38 3
38 15
38 17
38 31
38 33
38 40
38 55
38 57
38 84
38 94
38 95
38 99
39 1
39 7
39 36
39 51
39 71
39 73
39 83
39 96
39 98
40 4
40 7
40 28
40 48
40 54
40 61
40 63
40 66
40 70
40 72
40 73
40 82
40 96
41 14
41 22
41 40
41 59
41 69
41 78
41 81
41 88
41 89
41 90
41 93
41 95
41 99
42 13
42 24
42 26
42 29
42 46
42 50
42 66
42 76
42 89
43 4
43 5
43 13
43 18
43 75
43 81
44 15
44 24
44 29
44 33
44 48
44 50
44 51
44 70
44 71
44 79
44 87
44 99
45 5
45 19
45 24
45 37
45 38
45 52
45 57
45 58
45 60
45 81
45 84
45 85
45 94
45 95
45 97
46 3
46 5
46 11
46 24
46 32
46 37
46 53
46 69
46 73
46 75
46 94
47 29
47 53
47 71
48 22
48 39
48 41
48 58
48 69
48 78
48 99
49 8
49 24
49 28
49 35
49 37
49 42
49 50
49 56
49 69
49 76
49 86
50 5
50 9
50 17
50 21
50 37
50 54
50 59
50 69
50 83
50 93
50 94
50 100
51 1
51 5
51 9
51 19
51 22
51 50
51 61
51 67
51 97
52 22
52 40
52 60
52 71
52 100
53 10
53 15
53 36
53 67
53 71
53 91
53 95
53 99
54 8
54 16
54 45
54 52
54 71
54 73
54 79
54 86
55 10
55 18
55 19
55 20
55 31
55 35
55 37
55 43
55 50
55 52
55 56
55 68
56 4
56 10
56 22
56 25
56 62
57 2
57 7
57 20
57 43
57 59
57 67
57 85
57 92
57 96
58 19
58 34
58 46
58 72
58 76
58 77
58 88
58 89
58 93
59 22
59 25
59 26
59 31
59 43
59 51
59 54
59 55
59 71
60 9
60 29
60 31
60 34
60 66
60 69
60 74
60 77
60 87
60 91
60 92
60 93
61 2
61 20
61 28
61 55
61 57
61 64
61 65
61 91
61 94
61 97
62 6
62 14
62 21
62 24
62 31
62 35
62 44
62 52
62 55
62 64
62 68
62 78
62 91
63 3
63 4
63 23
63 33
63 35
63 38
63 42
63 56
63 60
63 80
63 81
63 83
64 22
64 32
64 44
64 63
64 86
64 89
65 30
65 54
65 62
65 83
65 90
65 98
66 1
66 14
66 21
66 32
66 33
66 47
66 88
66 89
66 97
66 100
67 27
67 30
67 33
67 40
67 56
67 66
67 72
67 74
67 77
67 82
67 83
67 84
67 100
68 6
68 9
68 18
68 27
68 28
68 37
68 38
68 43
68 44
68 60
68 64
68 70
68 72
68 93
69 2
69 10
69 21
69 24
69 34
69 37
69 56
69 62
69 83
69 100
70 5
70 7
70 10
70 16
70 25
70 37
70 43
70 52
70 54
70 63
70 74
70 84
70 85
70 86
71 2
71 13
71 15
71 36
71 58
71 100
72 5
72 16
72 21
72 25
72 31
72 43
72 53
72 57
72 80
72 81
73 5
73 15
73 22
73 31
73 36
73 52
73 56
73 82
74 24
74 26
74 38
74 43
74 46
74 47
74 59
74 64
74 76
74 85
74 94
75 1
75 7
75 27
75 37
75 50
75 53
75 70
75 89
75 97
76 9
76 16
76 38
76 43
76 71
76 78
76 96
77 8
77 10
77 20
77 22
77 25
77 28
77 41
77 42
77 43
77 69
77 74
77 80
78 10
78 32
78 42
78 43
78 44
78 45
78 52
78 55
78 58
78 59
78 66
78 79
78 87
79 4
79 10
79 32
79 52
79 61
79 67
79 77
79 82
79 97
80 13
80 14
80 19
80 21
80 25
80 26
80 30
80 35
80 39
80 54
80 74
80 86
81 1
81 2
81 3
81 18
81 28
81 34
81 46
81 67
81 90
81 95
81 96
81 99
82 3
82 17
82 20
82 26
82 30
82 32
82 47
82 74
82 80
82 83
82 91
82 95
82 97
82 98
83 44
83 76
83 96
84 2
84 5
84 12
84 15
84 21
84 29
84 30
84 62
84 71
84 78
84 82
85 22
85 27
85 51
85 67
85 71
85 77
85 90
85 93
85 94
85 99
86 8
86 21
86 67
86 76
86 95
87 9
87 10
87 18
87 21
87 23
87 32
87 47
87 68
87 69
87 75
87 80
87 95
87 97
88 26
88 45
88 47
88 51
88 54
88 56
88 61
88 73
88 75
88 79
88 81
88 82
88 84
88 87
89 10
89 28
89 36
89 56
89 71
89 73
89 77
89 80
89 85
90 2
90 7
90 15
90 21
90 29
90 35
90 43
90 61
90 77
90 94
91 29
91 33
91 34
91 44
91 54
91 58
91 65
91 66
91 70
91 75
91 86
91 88
92 43
92 45
92 50
92 52
92 58
92 79
92 81
92 84
92 85
93 35
93 52
93 62
93 64
93 78
93 82
93 83
93 90
94 35
94 49
94 72
94 81
94 88
94 91
94 98
95 11
95 19
95 23
95 31
95 34
95 55
95 68
95 73
95 83
95 84
95 90
96 1
96 13
96 15
96 26
96 29
96 36
96 47
96 51
96 65
97 1
97 2
97 31
97 35
97 37
97 39
97 43
97 65
97 70
97 78
98 32
98 33
98 52
98 57
98 76
98 89
99 16
99 26
99 32
99 43
99 46
99 52
99 54
99 55
99 58
99 69
99 80
99 84
99 89
99 94
100 3
100 14
100 21
100 26
100 29
100 30
100 32
100 33
100 39
100 41
100 46
100 56
100 64
100 65
100 72
100 82
100 96

