50 500
119 53 37 48 68 98 114 60 22 37 59 102 110 22 21 75 58 109 46 47 98 41 92 41 120 83 21 51 113 65 55 82 69 110 39 32 83 89 83 111 31 46 36 106 65 116 49 116 30 54 
1 6
1 17
1 19
1 27
1 28
1 33
1 35
1 36
1 40
1 43
2 4
2 21
2 24
2 29
2 30
2 36
2 37
2 42
2 43
2 45
2 48
3 4
3 5
3 15
3 27
3 40
3 43
3 48
4 1
4 5
4 9
4 12
4 17
4 19
4 25
4 26
4 28
4 33
4 46
4 50
5 1
5 2
5 7
5 8
5 23
5 36
5 41
6 3
6 14
6 16
6 34
6 45
6 47
7 10
7 13
7 16
7 18
7 31
7 37
7 38
7 40
7 46
7 47
7 50
8 1
8 6
8 10
8 18
8 21
8 23
8 32
8 34
8 44
8 50
9 2
9 10
9 13
9 14
9 16
9 20
9 30
9 32
9 36
9 43
9 49
9 50
10 11
10 24
10 25
10 27
10 34
11 4
11 5
11 9
11 12
11 22
11 23
11 29
11 31
11 32
11 33
11 48
12 9
12 13
12 19
12 25
12 28
12 35
12 41
12 43
12 49
12 50
13 2
13 15
13 20
13 22
13 29
13 30
13 33
13 40
14 1
14 13
14 19
14 22
14 24
14 26
14 32
14 33
14 34
14 43
14 48
15 9
15 10
15 20
15 28
15 37
15 44
15 46
15 47
15 48
15 50
16 1
16 19
16 20
16 22
16 24
16 30
16 32
16 34
16 39
16 45
16 50
17 11
17 25
17 29
17 32
17 33
17 38
17 40
17 41
17 48
18 2
18 9
18 12
18 15
18 17
18 19
18 25
18 32
18 35
18 44
18 48
19 6
19 28
19 38
19 44
19 45
19 46
19 48
19 49
20 3
20 6
20 7
20 11
20 17
20 22
20 25
20 26
20 29
20 36
20 47
20 49
21 3
21 5
21 9
21 15
21 18
21 19
21 23
21 25
21 34
21 47
22 1
22 10
22 36
22 45
23 10
23 14
23 17
23 22
23 26
23 34
23 38
23 42
23 48
23 50
24 1
24 12
24 13
24 17
24 20
24 21
24 22
24 23
24 35
24 37
24 50
25 6
25 7
25 8
25 30
25 33
25 40
25 49
26 9
26 13
26 15
26 16
26 25
26 29
26 33
26 34
26 42
27 6
27 7
27 9
27 12
27 20
27 24
27 25
27 26
27 30
27 39
27 41
28 11
28 14
28 21
28 35
28 36
28 43
29 4
29 7
29 9
29 16
29 32
29 37
29 39
29 45
29 49
29 50
30 11
30 12
30 15
30 18
30 21
30 26
30 28
30 29
30 37
30 38
30 47
30 48
31 1
31 2
31 3
31 19
31 22
31 24
31 40
31 44
32 1
32 2
32 6
32 7
32 12
32 21
32 25
32 34
32 39
32 44
33 2
33 7
33 9
33 18
33 22
33 29
33 40
33 46
34 15
34 18
34 27
34 30
34 33
34 35
34 40
34 45
34 48
35 4
35 15
35 17
35 20
35 21
35 25
35 29
35 31
35 33
35 40
35 42
35 43
35 44
36 8
36 16
36 18
36 19
36 23
36 26
36 27
36 32
36 33
36 37
36 48
37 1
37 3
37 5
37 9
37 11
37 12
37 22
37 26
37 33
37 35
37 38
37 42
37 45
37 47
37 50
38 4
38 8
38 11
38 15
38 16
38 22
38 24
38 25
38 28
38 34
38 35
38 39
38 40
38 41
38 45
39 6
39 10
39 14
39 17
39 19
39 22
39 24
39 26
39 30
39 33
39 37
39 40
39 44
39 45
39 50
40 4
40 11
40 18
40 21
40 22
40 26
40 29
40 41
40 46
40 48
41 1
41 4
41 7
41 9
41 11
41 16
41 18
41 20
41 26
41 29
41 31
41 33
41 34
41 48
41 49
42 1
42 5
42 9
42 14
42 15
42 18
42 30
42 31
42 33
42 48
43 4
43 11
43 13
43 24
43 32
43 36
43 39
43 46
43 48
44 1
44 3
44 7
44 10
44 12
44 20
44 26
44 28
44 41
44 47
44 50
45 1
45 4
45 17
45 24
45 27
45 32
45 33
45 36
46 9
46 10
46 11
46 20
46 22
46 27
46 35
46 37
46 41
46 44
46 48
47 4
47 8
47 9
47 13
47 18
47 24
47 25
47 28
47 34
47 35
47 42
47 43
48 4
48 6
48 10
48 13
48 20
48 21
48 25
48 28
48 29
48 32
48 38
48 39
48 47
49 6
49 11
49 17
49 22
49 23
49 27
49 33
49 35
49 37
49 38
49 44
49 45
50 10
50 30
50 47

