250 3000
96 110 30 94 48 46 69 35 98 110 64 58 96 31 67 115 27 64 82 52 92 63 97 66 35 100 90 109 100 111 37 57 76 93 107 32 99 36 89 48 65 90 56 52 26 71 119 25 35 74 27 110 67 70 89 66 94 75 105 74 51 29 65 56 23 103 65 71 37 32 72 45 27 49 109 75 92 101 49 24 57 99 111 59 22 118 75 105 103 64 45 25 68 99 109 67 116 46 63 96 112 85 40 86 59 48 95 94 62 111 51 88 33 67 112 20 75 62 57 45 108 34 98 115 82 104 20 82 113 98 29 80 102 63 101 43 117 41 75 40 58 75 93 115 102 29 97 23 86 39 58 51 93 100 52 45 28 33 20 75 76 91 51 108 69 118 119 90 56 84 63 102 95 36 54 42 40 113 63 46 69 61 36 26 28 45 80 32 76 28 42 27 63 77 71 77 20 54 69 31 28 84 25 87 25 85 100 31 36 40 33 110 89 39 83 50 111 30 46 108 61 83 71 50 93 110 107 37 98 49 83 95 92 27 56 109 49 114 67 85 109 78 88 100 22 107 54 43 100 31 
1 46
1 47
1 97
1 115
1 127
1 153
1 171
1 178
1 179
1 201
1 208
1 211
1 218
2 8
2 70
2 106
2 115
2 122
2 169
2 188
2 210
2 220
2 222
2 230
2 232
3 16
3 57
3 87
3 101
3 109
3 140
3 167
3 215
3 235
3 241
4 12
4 32
4 34
4 53
4 57
4 124
4 145
4 150
4 193
4 221
4 233
4 234
5 12
5 16
5 27
5 137
5 143
5 169
5 171
5 248
6 10
6 21
6 57
6 62
6 64
6 90
6 131
6 179
6 201
6 206
6 222
6 231
7 20
7 26
7 27
7 62
7 72
7 74
7 83
7 142
7 143
7 152
7 201
7 203
7 214
7 222
8 13
8 50
8 121
8 124
8 130
8 138
8 164
8 170
8 185
8 198
8 237
8 250
9 118
9 142
9 143
9 151
9 162
9 231
9 234
10 7
10 15
10 18
10 29
10 52
10 62
10 71
10 101
10 123
10 171
10 212
10 215
11 8
11 24
11 62
11 75
11 76
11 78
11 102
11 172
11 175
11 211
12 11
12 29
12 39
12 42
12 49
12 52
12 82
12 113
12 127
12 138
12 159
12 171
12 193
12 245
13 11
13 19
13 72
13 75
13 82
13 87
13 120
13 150
13 197
13 217
13 229
14 20
14 39
14 40
14 55
14 94
14 123
14 127
14 154
14 156
14 175
14 245
15 22
15 58
15 133
15 135
15 172
15 176
15 184
15 191
15 195
15 216
15 220
15 250
16 1
16 23
16 46
16 47
16 88
16 91
16 92
16 173
16 239
16 249
17 22
17 88
17 104
17 107
17 147
17 186
17 203
17 231
17 244
18 9
18 17
18 41
18 62
18 86
18 90
18 169
18 174
18 202
18 246
19 32
19 57
19 76
19 80
19 85
19 106
19 128
19 141
19 200
19 213
19 233
20 26
20 70
20 114
20 180
20 214
21 7
21 14
21 35
21 53
21 55
21 63
21 77
21 78
21 80
21 83
21 88
21 98
21 113
21 120
21 128
21 190
21 199
21 215
22 65
22 109
22 112
22 120
22 125
22 158
22 163
22 168
22 185
22 189
22 218
23 24
23 34
23 40
23 46
23 56
23 68
23 76
23 165
23 175
23 176
23 201
23 237
24 3
24 7
24 15
24 59
24 65
24 67
24 91
24 119
24 136
24 139
24 200
24 214
24 230
24 232
24 234
25 3
25 29
25 36
25 47
25 52
25 53
25 58
25 63
25 64
25 71
25 93
25 95
25 107
25 116
25 151
25 153
25 157
25 228
25 232
25 247
26 10
26 33
26 40
26 43
26 50
26 76
26 111
26 159
26 182
26 185
26 186
26 198
26 223
27 10
27 28
27 75
27 115
27 119
27 128
27 130
27 134
27 204
27 244
27 247
28 45
28 52
28 57
28 67
28 74
28 75
28 91
28 111
28 134
28 168
28 194
28 225
28 228
28 230
29 7
29 39
29 51
29 112
29 115
29 116
29 127
29 168
29 191
29 244
29 245
30 96
30 126
30 144
30 156
30 160
30 227
31 2
31 4
31 16
31 24
31 42
31 43
31 46
31 69
31 72
31 110
31 116
31 124
31 125
31 128
31 147
31 149
31 153
31 158
31 162
31 211
31 237
31 244
32 41
32 65
32 66
32 88
32 110
32 126
32 131
32 135
32 188
32 225
33 19
33 22
33 83
33 101
33 107
33 168
33 171
33 193
33 199
33 217
33 240
33 243
34 13
34 32
34 35
34 47
34 62
34 66
34 133
34 147
34 165
34 199
35 22
35 36
35 71
35 164
35 182
35 196
35 204
35 231
35 248
36 56
36 88
36 97
36 160
36 204
36 206
37 34
37 75
37 84
37 104
37 126
37 147
37 178
37 228
37 235
37 239
38 71
38 81
38 99
38 117
38 122
38 143
38 145
38 175
38 219
39 23
39 27
39 32
39 40
39 60
39 70
39 89
39 92
39 101
39 182
39 192
39 209
39 211
39 239
40 9
40 34
40 65
40 109
40 142
40 143
40 169
40 199
40 246
41 5
41 9
41 53
41 65
41 86
41 93
41 137
41 164
41 182
41 203
41 211
41 244
41 248
42 13
42 28
42 65
42 88
42 113
42 122
42 134
42 166
42 171
42 172
42 183
42 201
42 229
42 237
42 244
43 4
43 12
43 14
43 27
43 39
43 46
43 53
43 78
43 100
43 127
43 148
43 185
43 194
43 196
43 207
43 219
43 235
44 14
44 38
44 46
44 52
44 96
44 132
44 137
44 169
44 194
44 197
45 10
45 24
45 36
45 42
45 60
45 62
45 71
45 76
45 86
45 92
45 97
45 98
45 104
45 111
45 123
45 124
45 131
45 141
45 143
45 153
45 163
45 202
45 219
45 238
45 242
46 4
46 12
46 22
46 30
46 40
46 79
46 97
46 107
46 146
46 156
46 168
46 170
46 175
46 202
46 229
46 233
47 12
47 72
47 121
47 122
47 144
47 147
47 174
47 207
47 212
48 29
48 47
48 115
48 132
48 146
48 184
48 201
48 230
49 2
49 27
49 73
49 100
49 122
49 125
49 140
49 144
49 153
49 182
49 183
49 185
49 206
49 208
49 238
49 250
50 4
50 5
50 22
50 51
50 74
50 80
50 115
50 121
50 126
50 142
50 159
50 168
50 179
50 180
50 189
50 227
50 238
50 247
51 7
51 17
51 20
51 64
51 107
51 138
51 159
51 160
51 167
51 169
51 191
51 244
52 24
52 32
52 37
52 57
52 79
52 82
52 84
52 106
52 129
52 148
52 157
52 213
52 214
52 229
52 234
53 61
53 66
53 76
53 101
53 106
53 108
53 137
53 143
53 150
53 154
53 162
53 171
53 180
53 214
53 222
53 228
54 28
54 38
54 39
54 87
54 113
54 124
54 147
54 163
54 196
54 200
54 201
54 211
54 214
54 224
54 236
55 9
55 11
55 33
55 44
55 45
55 53
55 78
55 93
55 117
55 162
55 203
55 228
55 237
55 250
56 29
56 33
56 51
56 63
56 88
56 95
56 99
56 122
56 148
56 161
56 241
57 16
57 23
57 49
57 62
57 83
57 86
57 148
57 150
57 191
57 205
57 226
58 1
58 12
58 57
58 62
58 106
58 119
58 133
58 152
58 169
58 170
58 172
58 183
58 212
58 214
58 216
59 25
59 50
59 53
59 85
59 90
59 107
59 162
59 203
60 10
60 30
60 55
60 64
60 69
60 92
60 103
60 112
60 123
60 155
60 178
60 180
60 206
60 230
60 231
61 9
61 15
61 35
61 51
61 71
61 74
61 155
61 159
61 188
61 190
61 205
61 218
61 220
62 69
62 72
62 81
62 87
62 89
62 107
62 149
62 162
62 165
62 198
62 206
62 218
62 230
62 231
62 243
62 245
62 247
62 250
63 7
63 66
63 68
63 81
63 143
63 158
63 173
63 198
63 216
63 234
64 39
64 40
64 42
64 50
64 67
64 97
64 102
64 114
64 127
64 133
64 134
64 146
64 159
64 165
64 179
64 193
64 199
64 201
64 213
64 221
64 223
64 238
65 18
65 29
65 38
65 78
65 79
65 85
65 95
65 107
65 159
65 163
65 202
65 211
65 219
65 222
65 228
65 238
65 242
66 5
66 43
66 92
66 103
66 113
66 122
66 126
66 165
66 173
66 191
66 200
66 219
67 31
67 54
67 58
67 59
67 70
67 99
67 111
67 144
67 186
67 200
67 236
67 249
68 71
68 79
68 87
68 88
68 89
68 91
68 145
68 149
68 177
68 182
68 186
68 194
68 199
68 205
68 234
68 245
69 1
69 17
69 40
69 96
69 120
69 132
69 165
69 168
69 176
69 184
69 188
69 206
69 228
69 248
70 12
70 13
70 58
70 79
70 118
70 171
70 185
70 214
70 217
70 228
71 9
71 27
71 29
71 34
71 47
71 50
71 76
71 97
71 119
71 143
71 159
71 212
71 233
71 238
72 3
72 14
72 49
72 96
72 188
73 27
73 35
73 77
73 84
73 102
73 103
73 161
73 171
73 210
73 219
73 228
73 232
73 239
74 1
74 5
74 54
74 82
74 95
74 96
74 107
74 133
74 165
74 177
74 179
74 192
74 196
74 200
74 217
75 29
75 34
75 39
75 84
75 102
75 111
75 112
75 142
75 144
75 146
75 175
75 223
75 250
76 1
76 10
76 41
76 55
76 84
76 88
76 89
76 111
76 119
76 124
76 133
76 139
76 163
76 172
76 183
76 207
76 243
76 246
77 8
77 56
77 80
77 100
77 124
77 139
77 166
77 172
77 176
78 19
78 23
78 24
78 26
78 35
78 48
78 52
78 59
78 62
78 88
78 192
78 233
78 234
78 242
79 51
79 122
79 185
79 187
79 199
79 204
79 222
80 32
80 53
80 84
80 96
80 104
80 105
80 146
80 150
80 151
80 152
80 153
80 197
80 202
80 238
80 240
81 2
81 23
81 29
81 59
81 68
81 74
81 106
81 108
81 156
81 195
81 217
81 219
81 221
82 1
82 38
82 81
82 103
82 111
82 132
82 133
82 188
82 213
82 227
82 231
82 241
83 15
83 31
83 45
83 85
83 107
83 167
84 9
84 19
84 20
84 86
84 91
84 93
84 104
84 109
84 124
84 168
84 171
84 180
84 212
84 241
85 1
85 4
85 5
85 8
85 62
85 63
85 89
85 96
85 169
85 189
85 218
85 219
85 223
86 3
86 8
86 60
86 74
86 79
86 133
86 153
86 226
87 10
87 27
87 30
87 45
87 51
87 81
87 93
87 129
87 168
87 241
88 26
88 37
88 41
88 80
88 83
88 96
88 126
88 146
88 157
88 201
88 217
88 219
89 4
89 16
89 55
89 56
89 60
89 64
89 142
89 147
89 172
89 234
89 236
89 242
90 9
90 19
90 48
90 54
90 56
90 66
90 107
90 111
90 121
90 127
90 175
90 178
90 190
90 193
90 226
90 233
90 240
91 2
91 11
91 36
91 78
91 90
91 100
91 103
91 111
91 116
91 144
91 148
91 162
91 170
91 176
91 228
91 241
92 10
92 53
92 82
92 84
92 85
92 139
92 160
92 163
92 167
92 184
92 197
92 213
92 241
93 1
93 24
93 51
93 80
93 88
93 95
93 105
93 119
93 144
93 169
93 184
93 195
93 196
93 222
93 243
94 52
94 63
94 82
94 88
94 100
94 149
94 194
94 222
94 235
95 1
95 4
95 34
95 46
95 66
95 94
95 99
95 129
95 132
95 138
95 153
95 154
95 160
95 168
95 172
95 195
95 204
95 213
95 231
95 245
96 70
96 77
96 94
96 100
96 108
96 150
96 151
96 157
96 160
96 212
96 237
97 12
97 39
97 56
97 113
97 125
97 138
97 188
97 200
98 105
98 111
98 118
98 121
98 190
98 218
99 62
99 100
99 106
99 158
99 190
99 226
100 38
100 68
100 78
100 88
100 98
100 118
100 127
100 130
100 184
101 63
101 88
101 95
101 115
101 116
101 202
101 218
102 10
102 24
102 66
102 91
102 115
102 117
102 128
102 134
102 171
102 175
102 187
102 197
102 200
102 221
103 4
103 7
103 18
103 27
103 50
103 56
103 62
103 88
103 109
103 161
103 176
103 208
103 233
103 236
103 248
104 15
104 32
104 62
104 64
104 144
104 167
104 187
104 188
104 191
104 225
104 234
104 244
104 246
105 20
105 24
105 34
105 57
105 58
105 111
105 127
105 153
105 159
105 162
105 166
105 198
105 214
105 230
105 239
106 9
106 10
106 59
106 67
106 70
106 98
106 115
106 142
106 146
106 167
106 183
106 197
106 211
106 218
106 241
106 243
106 244
107 9
107 14
107 43
107 56
107 87
107 99
107 152
107 172
107 207
107 212
107 221
107 233
107 244
108 1
108 13
108 27
108 50
108 64
108 69
108 92
108 102
108 136
108 153
108 177
108 206
108 223
108 238
108 240
109 16
109 27
109 34
109 47
109 54
109 88
109 91
109 101
109 111
109 181
109 200
109 214
110 30
110 79
110 84
110 134
110 147
110 154
110 182
110 202
111 21
111 31
111 39
111 57
111 59
111 80
111 108
111 112
111 158
111 160
111 173
111 194
111 204
111 217
112 20
112 33
112 38
112 40
112 85
112 88
112 97
112 138
112 191
112 192
112 222
112 237
113 16
113 29
113 86
113 95
113 98
113 102
113 134
113 138
113 175
113 188
113 209
113 212
113 222
113 224
113 236
113 246
114 18
114 33
114 63
114 65
114 86
114 90
114 95
114 135
114 138
114 145
114 173
114 178
114 198
114 232
114 242
114 245
115 36
115 46
115 61
115 80
115 95
115 108
115 118
115 141
115 155
115 167
115 174
115 233
115 239
116 43
116 45
116 54
116 65
116 92
116 98
116 118
116 132
116 145
116 150
116 177
116 186
117 18
117 39
117 40
117 60
117 95
117 135
117 147
117 150
117 166
117 182
117 199
117 205
117 217
117 222
118 6
118 43
118 61
118 66
118 93
118 103
118 113
118 117
118 119
118 132
118 160
118 178
118 194
118 224
118 240
118 241
118 243
118 249
119 22
119 55
119 102
119 154
119 160
119 179
119 205
119 211
120 47
120 82
120 164
120 178
120 184
120 201
120 247
121 28
121 49
121 70
121 142
121 179
121 221
122 9
122 37
122 68
122 71
122 153
122 157
122 166
122 173
122 201
122 208
122 217
122 221
122 225
123 4
123 52
123 86
123 88
123 94
123 101
123 117
123 142
123 173
123 187
123 248
124 15
124 48
124 50
124 65
124 78
124 123
124 183
124 220
124 228
125 60
125 81
125 164
125 217
125 238
126 59
126 62
126 127
126 150
126 189
126 233
127 7
127 32
127 54
127 63
127 76
127 133
127 136
127 148
127 184
127 191
127 208
127 229
127 249
128 47
128 59
128 99
128 130
128 140
128 168
128 205
128 228
129 9
129 20
129 30
129 36
129 65
129 85
129 97
129 100
129 115
129 122
129 131
129 179
129 198
129 205
129 228
130 56
130 66
130 133
130 156
130 201
131 25
131 33
131 60
131 95
131 101
131 165
131 170
131 206
131 249
132 13
132 15
132 22
132 55
132 65
132 73
132 166
132 182
132 209
132 238
133 3
133 33
133 46
133 70
133 72
133 106
133 119
133 120
133 147
133 149
133 150
133 167
133 172
133 228
133 232
134 1
134 51
134 54
134 58
134 71
134 131
134 183
134 188
134 198
134 205
134 214
134 226
134 229
134 245
135 23
135 25
135 31
135 33
135 47
135 108
135 124
135 133
135 183
135 209
135 237
136 11
136 15
136 25
136 29
136 45
136 58
136 62
136 119
136 130
136 146
136 156
136 163
136 167
136 170
136 182
136 194
136 200
136 244
137 70
137 84
137 117
137 127
137 152
137 161
137 189
137 191
138 17
138 55
138 60
138 68
138 85
138 104
138 129
138 133
138 182
138 193
138 195
138 198
138 217
138 226
138 229
139 4
139 18
139 58
139 68
139 101
139 134
139 141
139 149
139 171
139 178
139 195
139 202
139 204
140 8
140 14
140 39
140 70
140 82
140 114
140 122
140 144
140 181
140 200
140 204
140 221
141 74
141 105
141 123
141 129
141 147
141 184
141 194
141 213
141 245
141 249
142 36
142 43
142 95
142 149
142 215
143 3
143 14
143 48
143 66
143 92
143 123
143 138
143 140
143 144
143 165
143 167
143 237
143 245
144 7
144 45
144 58
144 60
144 77
144 81
144 83
144 109
144 118
144 129
144 137
144 169
144 185
144 191
144 200
144 216
145 10
145 25
145 33
145 39
145 74
145 151
145 155
145 196
145 222
146 61
146 101
146 109
146 113
146 137
146 148
146 156
146 157
146 209
146 240
147 6
147 65
147 90
147 105
147 118
147 146
147 159
147 184
147 187
147 204
147 219
147 230
147 250
148 59
148 64
148 69
148 93
148 96
148 98
148 137
148 156
148 161
148 192
148 206
148 208
148 209
148 229
148 237
149 7
149 27
149 40
149 63
149 70
149 72
149 116
150 38
150 40
150 185
151 13
151 86
151 181
151 189
151 198
151 200
151 203
151 227
152 33
152 44
152 49
152 62
152 72
152 132
152 203
152 205
152 227
153 28
153 56
153 57
153 78
153 99
153 106
153 110
153 116
153 154
153 156
153 160
153 173
153 180
153 188
153 214
154 12
154 52
154 73
154 82
154 113
154 129
154 140
154 144
154 167
154 171
154 214
154 223
154 232
155 3
155 9
155 20
155 38
155 39
155 41
155 75
155 102
155 141
156 21
156 67
156 105
156 121
156 137
156 143
156 215
156 222
156 232
157 5
157 28
157 43
157 50
157 87
157 92
157 98
157 99
157 104
157 125
157 150
157 168
157 174
157 181
157 210
157 240
158 2
158 30
158 32
158 109
158 112
158 131
158 159
158 213
158 220
158 224
159 10
159 28
159 34
159 42
159 54
159 78
159 79
159 146
159 166
159 234
159 240
160 13
160 37
160 60
160 91
160 94
160 112
160 121
160 128
160 138
160 161
160 167
160 184
160 185
160 203
160 213
160 220
161 3
161 25
161 42
161 69
161 86
161 98
161 102
161 109
161 127
161 145
161 147
161 167
161 182
161 184
161 189
161 198
162 22
162 25
162 33
162 42
162 52
162 84
162 102
162 121
162 203
163 4
163 35
163 36
163 39
163 44
163 52
163 67
163 75
163 117
163 153
163 157
163 172
163 189
163 192
163 217
163 220
163 239
164 17
164 55
164 56
164 73
164 84
164 135
164 154
164 169
164 215
164 235
165 3
165 8
165 15
165 16
165 60
165 68
165 98
165 100
165 102
165 115
165 138
165 141
165 222
165 250
166 24
166 76
166 134
166 147
166 149
166 152
166 155
166 180
166 197
166 246
167 24
167 54
167 116
167 124
167 153
167 181
167 202
168 43
168 44
168 70
168 94
168 103
168 111
168 139
168 158
168 160
168 192
168 211
169 10
169 35
169 68
169 76
169 88
169 89
169 92
169 119
169 133
169 166
169 167
169 172
169 176
169 197
169 198
169 224
169 231
169 240
169 249
170 9
170 12
170 15
170 45
170 75
170 103
170 128
170 134
170 153
170 185
170 208
170 210
170 221
170 227
171 74
171 77
171 81
171 113
171 129
171 140
171 159
171 208
171 211
171 219
172 41
172 47
172 48
172 119
172 127
172 128
172 131
172 146
172 151
172 168
172 191
172 224
172 242
173 12
173 23
173 42
173 78
173 174
173 193
173 204
173 216
173 228
174 3
174 8
174 10
174 38
174 97
174 107
174 125
174 145
174 148
174 236
175 18
175 19
175 41
175 44
175 48
175 73
175 77
175 107
175 131
175 158
175 163
175 194
175 220
176 4
176 16
176 18
176 40
176 65
176 82
176 148
176 183
176 189
177 20
177 38
177 45
177 65
177 83
177 87
177 107
177 109
177 202
177 208
177 212
177 229
177 239
178 12
178 73
178 101
178 121
178 155
178 159
178 163
178 167
178 184
178 205
178 206
178 227
178 228
178 237
179 13
179 30
179 42
179 61
179 93
179 108
179 138
179 193
179 200
179 216
179 225
179 238
180 35
180 47
180 78
180 81
180 141
180 162
180 165
180 179
180 186
180 222
180 226
181 12
181 43
181 57
181 68
181 78
181 81
181 89
181 132
181 138
181 189
181 197
181 209
181 231
181 237
181 248
182 14
182 27
182 57
182 59
182 70
182 72
182 94
182 111
182 203
182 208
183 33
183 65
183 83
183 96
183 122
183 150
183 229
183 247
184 43
184 70
184 77
184 83
184 84
184 91
184 105
184 121
184 140
184 148
184 195
184 230
184 232
184 240
184 249
185 7
185 15
185 65
185 76
185 94
185 103
185 108
185 117
185 205
185 222
185 247
186 38
186 62
186 93
186 101
186 125
186 150
186 154
186 175
186 196
186 202
186 220
186 227
187 16
187 30
187 95
187 97
187 129
187 130
187 148
187 160
187 162
187 182
187 197
187 225
188 4
188 17
188 27
188 33
188 41
188 56
188 73
188 78
188 84
188 89
188 118
188 122
188 128
188 130
188 152
188 160
188 164
188 166
188 168
188 176
188 231
188 242
189 25
189 45
189 48
189 116
189 146
189 164
189 185
189 198
189 208
189 222
189 238
190 28
190 48
190 53
190 65
190 75
190 123
190 129
190 157
190 165
190 172
190 209
190 212
190 221
191 5
191 16
191 34
191 38
191 39
191 77
191 87
191 107
191 133
191 148
191 157
191 158
191 173
191 178
191 200
191 206
191 241
192 13
192 40
192 114
192 131
192 165
192 182
192 190
192 208
193 66
193 124
193 144
193 231
194 3
194 6
194 9
194 30
194 47
194 55
194 106
194 137
194 200
194 208
194 233
195 22
195 45
195 98
195 110
195 111
195 194
195 217
195 218
195 247
196 18
196 30
196 31
196 49
196 107
196 121
196 128
196 133
196 159
196 174
196 188
196 223
196 248
197 15
197 36
197 88
197 104
197 107
197 129
197 156
197 163
197 192
197 213
197 241
197 244
198 84
198 90
198 110
198 117
198 120
198 146
198 194
198 225
199 24
199 29
199 38
199 39
199 57
199 71
199 83
199 186
199 203
199 222
199 232
199 243
200 3
200 8
200 13
200 40
200 46
200 55
200 56
200 76
200 82
200 202
200 231
201 13
201 21
201 107
201 114
201 123
201 155
201 157
201 166
201 238
202 14
202 19
202 25
202 27
202 84
202 94
202 118
202 157
202 213
202 218
203 121
203 141
203 154
203 156
203 227
203 234
203 240
204 4
204 21
204 32
204 59
204 61
204 63
204 71
204 98
204 104
204 110
204 117
204 123
204 134
204 168
204 185
204 210
204 212
204 213
204 224
204 225
204 227
204 229
204 234
205 14
205 18
205 27
205 39
205 53
205 74
205 87
205 114
205 122
205 211
205 224
206 1
206 15
206 53
206 78
206 113
206 120
206 145
206 170
206 183
206 189
206 228
207 9
207 23
207 34
207 80
207 86
207 136
207 157
208 7
208 34
208 43
208 50
208 60
208 98
208 133
208 147
208 164
208 195
208 205
208 215
209 65
209 79
209 131
209 147
209 211
209 212
209 217
209 219
209 220
209 233
210 4
210 9
210 14
210 51
210 53
210 84
210 124
210 138
210 140
210 151
210 158
210 161
210 192
210 230
211 9
211 66
211 94
211 130
211 133
211 134
211 139
211 184
211 189
211 192
211 228
212 11
212 19
212 26
212 33
212 70
212 110
212 114
212 120
212 129
212 137
212 164
212 180
212 182
212 185
212 191
213 2
213 25
213 41
213 76
213 77
213 90
213 99
213 114
213 119
213 137
213 147
213 180
214 13
214 48
214 66
214 78
214 119
214 140
214 144
214 151
214 160
214 168
214 196
214 202
214 207
215 36
215 72
215 77
215 99
215 108
215 118
215 131
215 138
215 186
215 198
215 221
215 233
216 60
216 64
216 76
216 78
216 79
216 90
216 95
216 101
216 135
216 137
216 145
216 157
216 159
216 172
216 191
216 193
216 204
217 6
217 7
217 17
217 25
217 60
217 75
217 92
217 107
217 116
217 128
217 131
217 206
217 226
218 2
218 5
218 30
218 49
218 55
218 63
218 95
218 152
218 154
218 171
218 174
218 189
218 230
218 234
218 236
219 4
219 6
219 20
219 47
219 52
219 53
219 89
219 99
219 100
219 101
219 112
219 140
219 145
219 148
219 163
219 188
220 55
220 80
220 83
220 92
220 96
220 114
220 144
220 248
221 29
221 35
221 41
221 42
221 47
221 110
221 117
221 141
221 198
221 219
221 223
222 44
222 56
222 74
222 75
222 85
222 88
222 108
222 120
222 161
222 172
222 205
222 215
222 220
222 221
222 232
222 240
223 22
223 54
223 82
223 132
223 202
223 222
223 230
223 245
223 250
224 3
224 9
224 30
224 44
224 73
224 88
224 95
224 105
224 115
224 121
224 129
224 140
224 159
224 191
224 213
225 2
225 27
225 33
225 38
225 52
225 56
225 61
225 85
225 88
225 130
225 168
225 175
225 189
225 201
225 248
226 25
226 68
226 125
226 151
226 154
226 186
226 222
227 4
227 14
227 33
227 43
227 45
227 48
227 54
227 95
227 109
227 122
227 128
227 156
227 167
227 209
227 219
227 221
227 239
228 33
228 80
228 97
228 104
228 109
228 135
228 193
228 198
228 216
229 31
229 37
229 74
229 88
229 106
229 135
229 151
229 166
230 41
230 112
230 117
230 200
230 202
230 215
230 241
231 93
231 96
231 104
231 163
231 190
231 208
232 19
232 28
232 42
232 55
232 118
232 150
232 157
232 176
232 193
232 228
233 83
233 85
233 92
233 98
233 156
233 172
233 200
233 224
233 245
233 248
234 15
234 21
234 44
234 74
234 84
234 95
234 151
234 163
234 199
234 212
234 245
234 248
235 78
235 81
235 84
235 93
235 129
235 141
235 143
235 148
235 168
235 214
235 220
235 239
235 241
235 249
236 24
236 51
236 87
236 100
236 118
236 123
236 155
236 160
236 173
236 194
236 214
236 242
236 246
237 13
237 28
237 61
237 81
237 104
237 106
237 149
237 158
237 175
237 182
237 183
237 229
237 231
237 233
237 245
237 250
238 46
238 58
238 109
238 127
238 146
238 147
238 205
238 209
238 219
238 227
238 229
239 12
239 40
239 66
239 72
239 107
239 117
239 150
239 219
239 232
240 25
240 42
240 48
240 88
240 150
240 151
240 163
240 183
240 201
240 220
241 88
241 107
241 111
241 120
241 172
241 200
241 206
241 210
241 240
242 62
242 119
242 130
242 132
242 134
242 208
242 247
243 1
243 8
243 10
243 35
243 95
243 103
243 110
243 122
243 157
243 175
243 179
243 205
243 209
243 232
244 3
244 4
244 23
244 33
244 48
244 70
244 87
244 125
244 161
244 227
244 239
244 248
244 250
245 26
245 28
245 43
245 45
245 76
245 88
245 139
245 165
245 166
245 187
245 191
245 202
245 225
245 229
246 5
246 17
246 25
246 85
246 97
246 148
246 161
246 168
246 184
246 201
246 216
246 240
246 250
247 4
247 9
247 18
247 19
247 52
247 60
247 79
247 113
247 157
247 160
247 172
247 215
247 233
247 235
248 25
248 31
248 44
248 49
248 52
248 64
248 78
248 88
248 107
248 147
248 156
248 162
248 165
248 195
248 222
248 236
248 246
249 9
249 18
249 21
249 30
249 63
249 84
249 87
249 164
249 187
249 194
249 195
249 214
249 223
249 228
250 34
250 68
250 73
250 81
250 85
250 127
250 133
250 174
250 176
250 180
250 184
250 194
250 198
250 239

