300 750
55 91 74 39 56 96 97 77 94 50 47 43 105 78 74 48 99 37 52 75 79 69 104 84 42 24 71 72 26 107 33 108 80 92 93 120 114 97 20 43 88 117 95 51 103 106 45 78 119 91 120 49 73 86 68 79 96 85 24 116 84 34 109 42 82 93 88 108 89 115 48 120 106 109 83 114 84 97 25 47 91 112 61 50 79 80 63 63 38 54 118 71 96 32 88 108 37 110 50 58 107 78 84 56 91 39 88 75 32 102 110 89 83 51 42 28 104 98 60 36 28 98 63 35 63 67 72 89 108 67 77 64 111 71 108 46 42 104 35 60 76 94 51 101 99 84 68 32 41 22 56 88 112 44 54 39 111 106 57 20 61 35 81 96 44 87 105 120 53 101 115 41 25 107 33 105 81 99 42 40 112 42 46 77 84 105 65 25 106 65 62 22 56 23 92 75 119 61 97 55 84 64 54 94 68 49 30 74 65 108 65 27 55 120 57 69 50 58 31 111 31 114 76 39 75 95 75 99 89 94 67 20 101 35 56 53 44 79 66 92 91 51 88 42 39 93 26 38 50 41 23 65 41 98 102 22 72 94 90 82 61 31 54 69 85 32 107 114 77 118 101 35 102 64 36 38 80 101 120 71 33 49 60 73 31 41 46 67 119 112 88 79 98 36 41 62 84 92 52 58 
1 170
1 244
1 281
3 107
3 239
5 112
5 135
5 189
6 20
6 59
6 71
6 258
7 215
7 245
7 299
8 61
8 155
10 39
10 141
10 159
11 2
11 17
11 294
13 31
13 136
14 199
14 293
16 162
16 181
16 247
17 140
17 142
17 179
17 241
18 103
18 113
18 241
19 124
20 3
20 264
21 20
21 53
21 54
22 10
22 134
24 72
24 188
24 234
24 240
25 121
25 137
26 17
26 277
27 100
27 172
27 274
28 231
29 124
29 174
31 113
31 249
31 266
31 276
33 73
33 99
33 124
33 170
33 299
34 2
34 7
34 268
34 297
35 22
35 23
35 190
35 233
36 110
37 9
37 146
37 204
37 213
37 224
37 227
37 267
38 26
38 84
38 216
38 241
40 26
40 42
40 87
40 169
41 15
41 56
41 134
41 141
42 3
42 162
43 73
43 203
43 218
44 3
44 195
44 290
44 296
45 171
45 200
45 256
46 98
46 104
46 187
47 20
47 62
47 116
48 51
48 158
49 9
49 174
49 209
49 279
50 109
50 200
50 287
51 80
51 197
51 229
52 22
52 234
53 192
53 253
54 6
54 148
55 65
55 138
55 177
55 206
56 69
56 92
56 113
57 166
57 253
58 132
58 174
58 287
59 233
60 44
60 70
60 131
60 208
61 36
61 66
61 113
62 1
62 13
63 74
63 141
63 160
63 174
64 143
65 196
65 248
67 1
67 2
67 64
67 194
67 258
68 105
69 4
69 255
70 20
70 137
70 251
71 16
71 100
71 215
72 27
72 129
73 45
73 66
74 194
74 199
74 208
74 225
75 112
75 233
75 288
76 12
77 41
77 53
77 106
77 225
78 28
78 106
78 139
78 202
78 245
78 282
79 70
79 108
79 110
79 111
79 272
80 237
81 169
81 245
81 266
82 287
83 4
83 87
83 175
83 212
84 222
84 292
85 24
85 245
86 5
86 141
86 214
87 7
87 259
87 294
88 36
88 100
88 299
89 19
89 97
89 232
90 144
90 299
91 130
92 91
92 126
92 145
93 51
93 170
93 236
94 167
94 191
94 289
95 18
95 300
96 217
97 120
97 187
97 198
98 90
98 134
99 181
99 211
99 213
99 298
100 136
101 120
102 228
102 263
102 298
103 125
104 110
104 173
105 58
105 213
106 86
106 96
106 177
106 246
108 114
108 121
108 138
109 66
109 196
109 218
112 13
112 91
112 157
113 155
113 225
114 51
114 162
115 62
115 231
115 261
116 177
117 19
117 75
117 280
118 298
119 111
120 77
121 147
121 173
121 199
122 9
122 222
123 117
123 294
124 180
125 22
125 27
126 37
127 103
127 296
128 2
128 58
128 220
128 297
129 61
129 295
130 49
130 69
131 92
131 171
131 285
132 115
132 279
134 251
135 164
135 167
136 144
137 13
137 81
137 199
138 62
138 209
139 225
139 260
140 19
140 219
141 5
141 292
144 46
144 277
145 124
145 260
146 53
146 109
146 134
146 172
146 204
146 297
147 107
147 254
148 43
148 69
148 164
149 115
149 269
150 53
150 70
150 191
151 255
152 114
152 247
153 70
153 132
155 60
156 71
156 145
156 155
156 237
156 269
157 23
157 176
157 227
158 64
158 189
159 124
159 292
160 58
161 197
162 25
162 113
162 254
162 269
163 6
163 23
163 85
164 188
164 251
165 35
165 127
165 194
166 59
167 145
168 5
168 39
168 160
168 161
169 99
169 118
169 230
169 244
171 190
171 209
171 216
172 124
172 273
173 146
174 22
174 137
174 139
174 212
174 248
175 211
175 232
176 291
178 6
178 176
178 205
178 255
179 152
179 206
180 56
181 134
182 144
182 194
183 30
183 220
183 245
184 31
184 82
184 234
184 251
185 50
185 94
185 298
186 120
186 146
186 208
186 233
186 253
187 35
187 38
187 62
187 197
187 288
188 75
188 91
188 137
188 186
188 204
188 292
189 157
189 227
189 232
190 94
190 211
190 245
191 8
191 110
191 163
191 287
192 18
192 71
192 252
193 67
193 287
194 85
194 133
195 15
195 185
195 249
196 136
197 48
199 235
199 285
200 257
200 294
202 76
202 156
202 194
202 209
202 223
203 107
204 50
204 125
204 244
205 5
205 66
206 20
206 29
206 61
207 9
207 98
207 100
207 113
207 168
208 5
208 92
208 119
208 164
208 231
209 79
209 136
209 243
210 90
210 227
210 291
211 8
211 105
211 114
211 280
212 27
212 81
212 150
212 172
212 182
212 204
212 228
213 25
213 103
213 237
214 54
215 37
215 48
215 194
216 190
216 253
216 261
217 145
218 31
218 60
218 75
218 171
218 235
218 289
219 32
219 164
219 234
220 79
220 187
220 197
221 148
221 256
221 294
222 66
222 152
222 187
223 35
223 48
224 97
224 227
225 18
225 86
225 295
226 261
227 5
227 113
227 122
227 282
228 123
228 235
228 261
229 33
229 173
229 283
230 20
230 79
230 272
231 222
231 226
232 61
232 165
232 166
233 21
234 9
234 68
234 98
234 285
235 80
236 2
236 84
236 119
236 204
236 274
237 71
237 143
238 3
238 126
239 51
239 115
239 200
239 284
240 151
240 199
241 263
243 114
244 7
244 34
244 64
244 177
244 281
244 284
245 51
246 53
246 84
246 110
246 179
247 65
247 91
247 96
248 116
248 158
248 193
248 296
249 55
249 262
250 10
250 93
250 297
251 24
251 48
251 264
252 3
252 128
252 230
252 245
253 4
253 227
253 261
253 276
254 224
254 281
256 56
256 274
257 13
257 58
258 92
258 95
258 97
258 104
259 45
259 138
259 149
259 214
259 225
259 241
259 296
260 21
260 129
260 256
261 135
261 268
262 15
262 184
262 189
262 265
263 12
263 157
263 207
263 211
264 53
264 64
264 167
265 127
265 235
266 140
266 263
267 87
267 91
267 242
268 77
268 115
268 163
268 168
268 181
268 230
269 58
269 88
269 134
269 170
270 28
270 88
270 262
271 152
271 181
271 254
272 164
272 200
272 235
272 275
273 1
273 134
273 142
273 239
274 6
274 41
274 115
274 192
274 215
275 46
275 142
275 296
276 37
276 40
276 58
276 170
276 239
277 19
277 43
277 189
277 213
277 252
278 10
278 286
279 82
279 300
280 66
280 178
281 280
282 36
283 4
283 50
284 93
284 198
285 19
285 151
285 244
286 123
287 184
288 44
289 176
289 278
290 34
290 176
291 96
291 248
292 10
292 41
292 60
292 113
292 203
292 253
293 68
293 153
294 19
294 158
294 175
295 294
297 12
297 105
297 222
298 256
298 272
298 290
299 94
299 116
299 125
300 93
300 161
300 166

