200 1000
65 88 74 54 106 98 32 83 107 85 42 34 114 58 63 57 111 115 83 65 55 24 57 67 86 93 116 86 37 40 72 61 35 22 39 115 120 52 43 54 50 58 63 66 37 120 91 95 21 64 53 115 60 99 89 56 102 46 29 25 24 99 84 108 54 33 117 102 110 116 93 106 90 59 92 60 36 69 74 118 107 72 75 38 47 26 86 95 87 37 102 40 93 39 81 114 115 119 68 108 82 20 52 38 86 52 73 58 101 100 78 57 83 99 73 49 45 32 67 116 75 59 35 33 61 90 73 71 102 38 105 68 98 41 106 82 97 29 90 43 27 25 71 65 115 45 103 74 87 38 63 55 101 25 105 23 36 60 87 24 35 63 46 93 96 57 98 67 54 28 76 41 119 25 83 65 99 21 23 33 22 21 110 27 114 100 65 23 63 60 30 60 84 115 43 65 76 99 68 34 
1 102
1 153
2 16
2 20
2 36
2 38
2 96
2 102
2 138
3 53
3 54
3 92
3 126
3 147
3 159
3 187
3 189
4 24
4 28
4 122
4 133
4 141
5 27
5 47
5 107
5 162
5 175
5 191
6 21
6 64
6 77
6 84
6 165
7 6
7 21
7 119
7 151
8 29
8 31
8 39
8 163
8 172
8 176
8 200
9 49
9 110
9 127
9 177
9 191
10 43
10 75
10 131
11 39
11 66
11 132
12 1
12 5
12 15
12 35
12 139
12 177
12 179
13 68
13 74
13 95
13 113
13 133
14 16
14 28
14 71
14 112
14 136
14 175
14 180
15 36
15 99
15 166
15 175
15 185
16 9
16 27
16 42
16 80
16 127
16 137
16 147
16 171
17 18
17 67
17 77
17 119
17 180
18 69
18 73
18 128
18 189
18 196
19 10
19 47
19 61
19 125
19 136
19 153
19 155
19 176
20 4
20 14
20 29
20 38
20 86
20 142
20 151
20 195
21 9
21 15
21 16
21 136
21 177
22 126
22 135
23 59
23 74
23 170
23 186
23 198
24 21
24 32
25 42
25 109
25 115
26 2
26 48
26 140
26 196
27 6
27 74
27 103
27 110
27 112
27 118
27 121
27 161
28 178
28 193
29 60
29 112
29 139
29 164
30 55
30 77
30 88
30 112
30 154
30 162
31 132
31 170
32 5
32 100
32 109
32 114
32 161
33 12
33 102
33 122
33 152
33 153
33 174
33 185
34 22
34 31
34 71
34 73
35 36
35 61
35 67
35 79
35 104
35 154
35 161
35 180
36 109
36 125
36 152
36 156
37 10
37 42
37 80
37 121
38 9
38 134
39 50
39 66
39 105
39 145
40 140
40 142
40 143
41 15
41 23
41 43
41 78
41 134
41 182
42 47
42 49
42 52
42 58
42 154
43 77
43 104
43 106
44 42
44 49
44 72
44 101
44 133
44 146
44 159
45 75
45 77
45 85
45 113
45 192
46 95
46 110
46 115
46 144
46 196
47 81
47 107
47 121
47 140
47 181
47 184
47 197
48 20
48 83
48 94
48 106
48 134
48 164
48 172
48 184
48 195
49 32
49 77
49 91
49 113
50 101
50 143
51 89
51 90
51 137
51 177
52 38
52 53
52 118
52 158
52 161
53 59
53 95
53 110
53 146
53 155
54 101
54 102
54 127
54 171
55 72
55 100
55 143
55 153
55 154
55 180
56 4
56 19
56 34
56 72
56 90
56 100
56 160
56 171
56 197
57 4
57 15
57 73
57 108
57 137
57 167
58 6
58 18
58 21
58 33
58 130
58 157
59 56
59 73
59 74
59 124
59 139
59 144
59 178
60 5
60 21
60 115
60 122
60 135
61 10
62 22
62 52
62 92
62 99
62 137
63 37
63 93
63 125
63 135
64 69
64 98
64 111
64 155
64 199
65 55
65 75
65 101
65 198
66 21
66 75
66 193
67 12
67 18
67 27
67 48
67 76
67 84
68 135
69 7
69 99
69 110
70 159
70 163
71 103
71 109
71 157
72 23
72 70
72 78
72 178
72 182
73 43
73 106
73 171
73 181
74 70
74 106
74 108
74 180
75 18
75 39
75 46
75 58
75 150
75 188
75 193
76 30
76 35
76 191
77 23
77 104
77 150
77 161
78 7
78 25
78 130
78 147
78 181
79 56
79 87
79 144
79 182
80 21
80 40
80 119
80 123
80 160
80 174
81 44
81 57
81 67
81 105
81 112
81 147
81 150
82 24
82 75
82 94
82 123
82 187
83 67
83 82
83 99
83 138
83 164
84 13
84 54
84 62
84 146
84 161
84 166
84 194
84 200
85 29
85 47
85 71
85 146
85 171
86 43
86 113
86 120
86 122
86 197
87 25
87 32
87 36
87 80
87 98
87 104
87 126
87 145
87 194
88 15
88 68
88 80
88 90
88 139
88 148
89 6
89 10
89 23
89 32
89 35
89 55
89 62
89 67
89 132
89 145
89 179
90 10
90 132
91 38
91 90
91 97
92 77
93 39
93 77
93 157
93 164
94 19
94 86
94 101
94 104
94 124
94 145
94 156
94 178
95 35
95 39
95 68
95 80
95 146
95 159
95 180
95 183
96 21
96 47
96 66
96 120
96 144
96 174
97 15
97 36
97 59
97 69
97 92
97 148
98 19
98 38
98 110
98 151
99 16
99 123
99 174
99 190
100 30
100 116
100 186
100 195
101 137
101 192
101 198
102 79
102 120
102 154
103 36
103 78
103 93
103 161
103 195
104 186
105 6
105 16
106 6
106 28
106 36
106 100
106 164
106 166
107 21
107 57
107 63
107 73
107 90
107 121
107 166
107 168
107 170
107 195
108 44
108 47
108 63
108 90
108 154
108 158
108 182
109 8
109 18
109 29
109 105
109 119
109 132
109 161
109 192
110 3
110 134
110 152
110 180
110 192
111 5
111 13
111 57
111 126
112 24
112 121
112 160
112 174
112 192
113 65
113 81
113 131
113 164
113 197
113 200
114 21
114 93
114 137
114 146
114 171
115 11
115 30
115 52
115 61
115 142
116 2
116 55
116 56
116 68
116 187
117 68
117 95
117 115
117 132
117 144
117 171
118 4
118 66
118 136
118 182
118 189
119 51
119 55
119 69
119 165
120 17
120 115
121 5
121 19
121 31
121 111
121 127
121 151
121 170
122 5
122 29
122 106
123 11
123 27
123 91
123 117
123 126
123 157
123 160
123 178
124 66
124 185
125 33
125 35
125 45
125 51
125 159
125 160
125 196
126 51
126 54
127 25
127 103
127 140
127 172
127 195
127 196
128 32
128 93
128 114
128 116
128 125
128 140
128 142
128 162
128 200
129 4
129 16
129 30
129 50
129 72
130 13
130 60
130 153
130 159
130 164
130 166
131 97
131 110
131 190
132 65
132 68
132 74
132 85
132 95
132 123
133 77
133 120
133 121
133 200
134 61
134 91
134 133
134 161
135 8
135 25
135 39
135 41
135 53
135 74
135 95
135 157
135 170
135 192
136 7
136 70
136 92
136 193
137 98
137 111
137 147
137 177
137 179
137 185
138 23
138 36
139 27
139 84
139 124
139 125
140 7
140 37
140 72
140 82
140 102
140 130
141 18
141 22
141 26
141 67
141 78
141 135
142 5
142 14
142 46
142 61
142 89
142 147
143 10
143 72
143 138
143 188
144 82
144 93
144 114
144 146
144 157
145 64
145 77
145 122
146 165
146 168
147 47
147 65
147 73
147 134
147 149
147 174
147 195
148 41
148 61
148 67
148 87
148 90
148 168
149 24
149 125
149 173
149 179
150 43
150 52
150 55
150 140
150 148
150 200
151 9
151 80
151 88
151 110
151 132
151 140
152 32
152 45
152 86
152 115
152 120
152 146
152 151
152 191
153 8
153 109
153 182
153 191
154 13
154 17
154 61
154 74
154 138
155 71
155 85
155 109
155 116
155 140
156 76
156 104
156 108
156 142
156 143
156 179
157 81
157 182
158 6
158 12
158 73
158 143
158 144
158 176
158 193
159 45
159 49
159 60
159 88
159 90
159 92
159 175
160 72
160 83
160 99
160 100
160 132
160 135
160 146
161 71
161 198
162 44
162 133
162 184
163 42
163 88
163 126
163 143
163 155
163 181
163 187
164 135
165 13
165 28
165 36
165 49
165 173
166 16
166 32
166 69
166 77
166 99
166 113
166 129
167 6
167 21
167 27
167 52
167 175
167 189
167 199
168 30
168 70
169 45
169 131
169 199
170 11
170 13
170 18
170 36
170 57
170 105
170 106
170 179
170 181
171 6
171 109
171 149
171 157
171 189
171 193
172 44
172 79
172 92
172 106
172 126
172 182
172 186
172 195
173 37
173 93
173 114
173 193
174 18
174 47
174 62
174 72
174 98
174 102
174 105
174 111
174 139
175 7
175 13
175 27
175 65
175 146
175 171
175 180
176 3
176 7
176 90
176 137
176 138
176 162
177 5
177 50
177 165
178 8
178 56
178 127
178 153
179 24
179 99
180 56
180 109
180 172
181 38
181 46
181 185
182 70
183 42
183 125
183 137
184 9
184 15
184 98
184 124
184 149
185 26
185 77
185 85
185 112
185 142
186 136
187 17
187 58
187 173
187 184
188 57
188 60
188 70
188 90
188 95
188 110
188 121
188 166
189 2
189 69
189 89
189 99
189 138
189 149
189 194
190 4
190 12
190 17
190 79
190 115
190 160
191 2
191 6
191 21
191 88
191 104
191 131
191 137
192 58
192 100
193 21
193 68
193 88
193 151
193 156
193 181
193 195
194 25
194 27
194 36
194 96
194 135
195 6
195 37
195 156
195 178
196 36
196 45
196 81
196 104
196 116
196 166
196 195
197 8
197 34
197 109
197 121
197 128
197 173
197 190
198 5
198 16
198 37
198 51
198 58
198 176
199 16
199 22
199 43
199 59
199 103
199 127
199 200
200 53
200 75
200 116

