150 2000
84 44 60 84 113 61 31 117 28 87 92 115 42 53 111 76 22 102 40 57 74 57 119 38 108 51 70 90 35 20 34 52 52 34 95 55 87 97 113 49 46 69 90 27 108 83 80 103 42 72 98 54 92 96 51 105 114 45 89 92 23 51 27 94 39 115 71 97 109 111 42 27 62 58 108 82 22 120 70 27 42 31 68 81 64 27 56 88 35 42 24 29 31 21 24 32 61 110 24 51 83 104 44 69 87 82 66 40 71 64 70 109 97 90 24 55 46 23 24 58 50 71 32 30 91 112 36 27 91 79 40 27 69 106 72 70 83 119 46 110 79 64 71 85 87 23 56 21 108 66 
1 12
1 37
1 46
1 57
1 61
1 79
1 86
1 90
1 111
1 121
1 122
1 124
1 144
1 148
2 8
2 9
2 26
2 37
2 42
2 81
2 87
2 95
2 100
2 111
2 118
2 138
2 141
3 2
3 10
3 11
3 21
3 22
3 25
3 30
3 40
3 43
3 62
3 71
3 76
3 89
3 115
3 118
3 120
3 134
3 150
4 15
4 48
4 57
4 77
4 87
4 97
4 103
4 106
4 108
4 109
4 115
4 133
5 1
5 12
5 55
5 59
5 61
5 88
5 111
5 112
5 137
6 45
6 54
6 68
6 75
6 88
6 95
6 102
6 109
6 114
6 133
7 27
7 31
7 46
7 52
7 55
7 83
7 84
7 103
7 146
8 3
8 4
8 7
8 32
8 39
8 70
8 72
8 79
8 97
8 105
8 140
9 15
9 25
9 30
9 36
9 52
9 59
9 103
9 107
9 128
9 139
9 140
9 141
9 142
9 143
10 25
10 38
10 73
10 79
10 119
11 16
11 36
11 45
11 50
11 69
11 71
11 76
11 84
11 88
11 108
11 125
11 149
12 21
12 30
12 45
12 49
12 54
12 58
12 60
12 68
12 84
12 85
12 101
12 117
12 132
12 139
12 150
13 1
13 27
13 34
13 40
13 46
13 54
13 65
13 83
13 90
13 94
13 114
13 141
14 1
14 6
14 9
14 24
14 42
14 47
14 61
14 66
14 75
14 85
14 88
14 102
14 108
14 112
14 118
14 133
15 39
15 54
15 66
15 71
15 88
15 89
15 123
15 139
15 148
16 5
16 36
16 56
16 61
16 64
16 77
16 79
16 80
16 127
16 131
17 10
17 12
17 21
17 22
17 64
17 83
17 122
17 131
17 142
17 147
17 148
18 10
18 12
18 27
18 36
18 41
18 67
18 77
18 79
18 91
18 93
18 112
18 117
18 118
18 123
18 124
18 145
18 149
18 150
19 7
19 20
19 29
19 47
19 59
19 69
19 75
19 79
20 3
20 13
20 15
20 49
20 53
20 56
20 67
20 68
20 80
20 96
20 123
20 148
20 149
21 7
21 34
21 35
21 59
21 83
21 96
21 99
21 122
21 132
21 134
21 135
22 12
22 13
22 14
22 30
22 35
22 41
22 49
22 60
22 64
22 74
22 80
22 84
22 89
22 91
22 93
22 102
22 111
22 118
22 133
22 134
22 139
22 150
23 17
23 20
23 27
23 47
23 74
23 82
23 89
23 97
23 101
23 115
23 123
23 124
23 135
23 138
24 3
24 6
24 9
24 15
24 40
24 44
24 64
24 120
24 125
24 145
25 14
25 20
25 28
25 30
25 40
25 43
25 54
25 98
25 121
25 124
25 129
25 146
26 1
26 3
26 37
26 45
26 55
26 63
26 65
26 68
26 77
26 78
26 86
26 90
26 93
26 96
26 107
26 113
26 115
26 122
26 128
26 149
27 1
27 6
27 9
27 12
27 28
27 34
27 44
27 66
27 69
27 77
27 81
27 91
27 92
27 121
27 122
27 135
27 140
27 147
28 12
28 38
28 52
28 53
28 55
28 68
28 80
28 99
28 104
28 106
28 112
28 128
28 131
28 145
29 1
29 14
29 20
29 32
29 38
29 62
29 67
29 79
29 83
29 89
29 144
29 149
30 8
30 13
30 34
30 39
30 46
30 49
30 54
30 56
30 72
30 75
30 79
30 83
30 87
30 88
30 101
30 103
30 122
30 125
31 4
31 23
31 39
31 45
31 61
31 70
31 71
31 97
31 99
31 106
31 124
31 133
31 137
31 142
31 150
32 7
32 17
32 23
32 27
32 35
32 43
32 48
32 50
32 67
32 68
32 86
32 95
32 108
32 120
32 124
32 125
32 147
33 11
33 21
33 25
33 42
33 52
33 63
33 69
33 78
33 92
33 107
33 129
33 141
33 142
34 4
34 8
34 24
34 33
34 55
34 74
34 83
34 100
34 105
34 118
34 126
34 133
34 136
34 142
34 148
34 150
35 4
35 7
35 9
35 13
35 19
35 41
35 54
35 79
35 80
35 86
35 96
35 97
35 113
35 118
35 126
35 129
35 132
35 137
35 150
36 5
36 14
36 40
36 46
36 51
36 53
36 66
36 101
36 131
37 16
37 19
37 28
37 39
37 63
37 69
37 70
37 72
37 75
37 81
37 85
37 93
37 112
37 125
37 133
38 9
38 21
38 22
38 62
38 68
38 83
38 88
38 89
38 90
38 93
38 96
38 129
38 130
38 140
38 141
39 38
39 97
39 107
39 119
39 127
39 129
39 146
40 8
40 28
40 65
40 82
40 87
40 89
40 101
40 115
40 116
40 117
40 136
40 142
40 150
41 9
41 13
41 34
41 38
41 67
41 85
41 114
41 115
41 145
42 8
42 10
42 49
42 58
42 87
42 103
42 106
42 108
42 117
42 127
42 143
42 148
43 5
43 14
43 17
43 18
43 21
43 22
43 29
43 38
43 40
43 52
43 67
43 69
43 102
43 106
43 112
44 9
44 16
44 21
44 29
44 51
44 67
44 104
44 105
44 107
44 114
44 137
44 144
45 2
45 3
45 14
45 27
45 37
45 38
45 53
45 63
45 67
45 68
45 70
45 74
45 75
45 82
45 88
45 94
45 105
45 110
45 130
45 146
46 8
46 18
46 22
46 31
46 41
46 55
46 80
46 102
46 110
46 114
46 118
46 125
46 132
46 133
47 2
47 8
47 9
47 15
47 40
47 57
47 61
47 90
47 94
47 105
47 123
47 130
47 131
47 133
48 13
48 16
48 34
48 47
48 58
48 70
48 77
48 147
48 148
48 149
49 5
49 36
49 43
49 50
49 62
49 94
49 96
49 105
49 113
49 142
49 143
49 144
50 7
50 15
50 38
50 41
50 67
50 68
50 69
50 77
50 82
50 105
50 111
51 20
51 32
51 38
51 46
51 78
51 81
51 82
51 85
51 93
51 112
52 4
52 13
52 25
52 38
52 63
52 78
52 88
52 89
52 114
52 117
52 121
52 124
52 145
52 149
52 150
53 2
53 3
53 9
53 18
53 34
53 44
53 52
53 54
53 56
53 59
53 77
53 78
53 112
53 121
53 133
53 138
54 43
54 77
54 100
54 101
54 138
55 24
55 33
55 37
55 42
55 45
55 47
55 59
55 83
55 94
55 95
55 107
55 113
55 118
55 131
55 142
55 147
56 3
56 7
56 23
56 32
56 33
56 44
56 69
56 83
56 128
56 134
56 142
57 15
57 19
57 36
57 41
57 42
57 43
57 58
57 66
57 80
57 98
57 102
57 109
57 134
58 3
58 9
58 13
58 23
58 25
58 35
58 37
58 38
58 55
58 56
58 62
58 67
58 93
58 117
58 125
58 127
58 128
58 139
58 142
58 146
58 147
59 14
59 16
59 30
59 32
59 54
59 61
59 75
59 77
59 103
59 108
59 109
59 111
59 121
59 127
59 139
59 144
60 8
60 13
60 19
60 24
60 58
60 80
60 84
60 86
60 105
60 124
60 125
60 135
60 140
60 142
61 12
61 18
61 30
61 33
61 51
61 66
61 73
61 77
61 84
61 113
61 135
62 39
62 45
62 51
62 53
62 55
62 69
62 82
62 83
62 93
62 99
62 107
62 117
62 129
62 132
62 135
62 144
63 10
63 35
63 42
63 65
63 81
63 85
63 89
63 97
63 99
63 143
64 9
64 34
64 43
64 50
64 61
64 66
64 72
64 90
64 101
64 116
64 122
64 149
65 30
65 37
65 44
65 79
65 101
65 114
65 122
65 132
66 2
66 3
66 16
66 30
66 63
66 65
66 80
66 99
66 106
66 109
66 119
66 126
66 128
66 129
66 130
66 136
67 4
67 33
67 39
67 82
67 89
67 111
67 114
67 138
68 16
68 24
68 92
68 100
68 103
68 113
68 140
68 143
69 4
69 14
69 38
69 65
69 79
69 103
69 105
69 118
69 137
69 139
69 140
70 15
70 34
70 38
70 39
70 50
70 53
70 57
70 65
70 77
70 88
70 128
70 129
70 147
71 5
71 9
71 38
71 43
71 72
71 73
71 95
71 100
71 115
71 137
71 145
72 1
72 10
72 15
72 43
72 60
72 74
72 77
72 97
72 99
72 108
72 115
72 127
72 136
73 8
73 14
73 19
73 24
73 25
73 34
73 40
73 45
73 76
73 93
73 135
74 4
74 18
74 20
74 21
74 54
74 58
74 94
74 101
74 108
75 23
75 32
75 35
75 40
75 46
75 65
75 71
75 80
75 120
75 139
76 10
76 21
76 29
76 34
76 37
76 59
76 66
76 75
76 108
76 125
76 139
76 141
76 143
77 11
77 14
77 33
77 56
77 78
77 100
77 120
77 128
77 134
77 137
77 142
77 147
78 3
78 5
78 63
78 79
78 97
78 100
78 109
78 112
79 38
79 57
79 68
79 92
79 106
79 116
79 118
79 120
79 122
80 2
80 17
80 69
80 74
80 79
80 91
80 98
80 107
80 120
80 125
80 140
81 19
81 20
81 22
81 52
81 56
81 59
81 86
81 98
81 99
81 100
81 106
81 118
81 131
82 14
82 17
82 30
82 37
82 44
82 65
82 71
82 86
82 98
82 116
82 130
82 140
82 146
83 2
83 5
83 37
83 47
83 53
83 59
83 69
83 70
83 90
83 91
83 100
83 108
83 119
83 125
83 126
83 138
83 142
83 146
84 4
84 6
84 30
84 41
84 43
84 52
84 69
84 72
84 88
84 105
84 108
84 125
84 129
84 142
85 34
85 42
85 46
85 47
85 56
85 101
85 122
85 124
85 125
85 139
85 143
85 149
86 4
86 11
86 13
86 16
86 31
86 34
86 39
86 42
86 52
86 59
86 67
86 73
86 80
86 83
86 85
86 94
86 96
86 97
86 109
86 127
86 137
87 24
87 35
87 36
87 43
87 44
87 64
87 70
87 79
87 90
87 92
87 93
87 104
87 108
87 110
87 115
87 126
87 129
87 141
87 146
87 148
88 10
88 21
88 42
88 54
88 62
88 68
88 75
88 76
88 77
88 83
88 93
88 99
88 100
88 123
88 124
89 2
89 5
89 9
89 21
89 32
89 34
89 36
89 46
89 48
89 50
89 55
89 62
89 64
89 71
89 88
89 90
89 103
89 144
89 147
90 5
90 20
90 27
90 36
90 59
90 63
90 67
90 74
90 80
90 82
90 94
90 101
90 105
90 108
90 117
90 127
90 131
90 132
90 138
91 10
91 28
91 31
91 33
91 46
91 48
91 51
91 61
91 63
91 66
91 84
91 87
91 89
91 113
91 141
91 145
92 19
92 24
92 50
92 67
92 89
92 94
92 99
92 100
92 118
92 119
92 124
92 126
92 129
92 136
92 137
92 143
92 149
93 8
93 19
93 21
93 34
93 52
93 57
93 71
93 76
93 85
93 90
93 91
93 102
93 114
93 116
93 126
93 147
94 4
94 9
94 32
94 41
94 77
94 89
94 116
94 120
94 122
94 141
95 7
95 28
95 35
95 53
95 68
95 74
95 108
95 130
95 142
96 12
96 30
96 41
96 43
96 46
96 47
96 53
96 59
96 60
96 70
96 71
96 72
96 74
96 87
96 88
96 89
96 97
96 100
96 110
96 123
96 125
96 126
96 130
96 132
96 149
97 3
97 15
97 27
97 55
97 64
97 71
97 74
97 92
97 101
97 116
97 123
97 124
97 130
97 137
97 143
97 147
97 149
98 5
98 9
98 18
98 21
98 32
98 43
98 52
98 56
98 61
98 76
98 84
98 89
98 96
98 99
98 106
98 108
98 112
98 130
98 132
99 13
99 33
99 36
99 49
99 57
99 87
99 109
99 138
99 139
99 141
100 3
100 9
100 64
100 66
100 67
100 82
100 89
100 94
100 98
100 103
100 110
100 111
100 128
100 139
101 3
101 16
101 24
101 56
101 66
101 81
101 88
101 92
101 109
101 122
101 135
101 142
101 149
102 1
102 8
102 25
102 36
102 39
102 56
102 70
102 80
102 84
102 85
102 89
102 98
102 112
102 113
102 122
102 129
102 145
102 149
103 16
103 18
103 32
103 41
103 48
103 50
103 53
103 107
103 112
103 125
103 130
104 8
104 26
104 35
104 38
104 45
104 48
104 50
104 51
104 64
104 66
104 80
104 90
104 100
104 113
104 124
104 135
105 3
105 17
105 25
105 51
105 54
105 58
105 62
105 74
105 78
105 79
105 98
105 102
105 118
105 149
106 3
106 16
106 20
106 36
106 57
106 64
106 104
106 114
106 124
106 142
106 145
107 22
107 28
107 59
107 68
107 72
107 78
107 83
107 86
107 88
107 99
107 100
107 106
107 113
107 127
107 138
108 12
108 13
108 15
108 23
108 41
108 46
108 71
108 97
108 101
108 118
108 136
108 150
109 25
109 27
109 33
109 74
109 76
109 82
109 93
109 97
109 107
109 124
109 128
109 132
109 147
110 15
110 16
110 19
110 58
110 81
110 83
110 104
110 109
111 4
111 25
111 29
111 38
111 51
111 52
111 81
111 118
111 136
111 142
111 144
112 11
112 12
112 13
112 27
112 48
112 49
112 61
112 66
112 71
112 81
112 110
112 123
112 124
112 128
112 129
112 131
112 133
112 136
112 150
113 34
113 57
113 72
113 77
113 94
113 122
114 26
114 27
114 32
114 50
114 84
114 101
114 113
114 118
114 133
114 135
114 150
115 2
115 7
115 28
115 50
115 54
115 59
115 74
115 92
115 99
115 100
115 124
115 128
115 149
116 25
116 31
116 56
116 60
116 61
116 67
116 76
116 113
116 143
117 31
117 47
117 61
117 69
117 74
117 76
117 101
117 133
117 139
117 148
118 9
118 20
118 21
118 32
118 48
118 75
118 80
118 95
118 100
118 112
118 116
118 131
119 3
119 22
119 50
119 56
119 62
119 76
119 84
119 85
119 89
119 102
119 117
119 120
119 124
119 147
120 5
120 30
120 34
120 35
120 47
120 70
120 82
120 90
120 93
120 105
120 110
120 131
120 146
121 20
121 24
121 33
121 36
121 46
121 74
121 77
121 89
121 90
121 94
121 95
121 104
121 146
121 149
122 16
122 18
122 38
122 52
122 78
122 81
122 83
122 86
122 89
122 91
122 105
122 106
122 112
122 119
123 11
123 14
123 30
123 38
123 50
123 52
123 54
123 59
123 67
123 77
123 91
123 92
123 118
123 141
123 145
124 2
124 29
124 40
124 51
124 61
124 63
124 80
124 134
124 148
125 3
125 22
125 26
125 31
125 47
125 53
125 55
125 64
125 67
125 73
125 100
125 109
125 110
125 131
126 9
126 39
126 54
126 64
126 81
126 86
126 91
126 103
126 115
126 116
126 122
126 132
126 139
126 144
127 20
127 43
127 48
127 49
127 51
127 63
127 79
127 91
127 101
127 116
127 129
127 131
128 1
128 4
128 13
128 19
128 21
128 43
128 44
128 48
128 55
128 60
128 72
128 110
128 143
129 13
129 26
129 67
129 69
129 72
129 78
129 144
129 149
130 1
130 2
130 3
130 17
130 22
130 26
130 27
130 68
130 70
130 72
130 73
130 88
130 112
130 118
130 134
130 137
130 146
131 14
131 18
131 37
131 43
131 50
131 60
131 61
131 62
131 64
131 69
131 70
131 73
131 78
131 79
131 93
131 101
131 116
131 126
131 142
131 146
131 149
132 5
132 6
132 20
132 29
132 53
132 57
132 82
132 120
132 121
132 135
132 140
132 146
132 150
133 1
133 8
133 24
133 30
133 38
133 51
133 56
133 58
133 66
133 77
133 81
133 93
133 97
133 120
133 145
134 11
134 14
134 24
134 25
134 30
134 42
134 46
134 64
134 66
134 70
134 73
134 90
134 102
134 117
134 125
134 138
135 8
135 19
135 43
135 65
135 68
135 82
135 103
135 110
135 126
135 128
135 130
135 136
136 9
136 22
136 26
136 33
136 49
136 61
136 62
136 69
136 81
136 89
136 96
136 104
136 115
136 120
136 142
137 10
137 13
137 24
137 26
137 30
137 41
137 43
137 101
137 117
137 119
137 128
138 9
138 25
138 29
138 78
138 93
138 102
138 106
138 118
138 123
138 126
138 129
138 140
139 18
139 21
139 24
139 26
139 30
139 52
139 64
139 68
139 78
139 80
139 81
139 88
139 90
139 96
139 102
139 103
139 122
139 132
140 3
140 13
140 19
140 41
140 49
140 51
140 67
140 70
140 97
140 104
140 110
140 115
140 134
141 7
141 10
141 19
141 22
141 24
141 25
141 39
141 47
141 51
141 54
141 56
141 70
141 100
141 111
141 115
141 126
141 128
141 130
141 142
141 146
142 21
142 24
142 42
142 48
142 79
142 85
142 97
142 107
142 108
142 147
143 4
143 6
143 10
143 33
143 35
143 41
143 53
143 56
143 72
143 74
143 77
143 91
143 93
143 94
143 98
143 103
143 107
143 115
143 130
143 145
144 5
144 15
144 43
144 46
144 51
144 55
144 57
144 61
144 76
144 96
144 99
144 100
144 101
144 102
144 107
144 108
144 125
145 4
145 26
145 31
145 43
145 44
145 53
145 69
145 76
145 86
145 99
145 103
145 107
145 124
145 129
145 132
145 134
145 136
146 1
146 3
146 20
146 42
146 59
146 88
146 94
147 19
147 31
147 57
147 61
147 85
147 115
147 121
147 123
147 125
147 137
147 143
147 145
148 10
148 19
148 24
148 35
148 40
148 55
148 61
148 64
148 71
148 96
148 108
148 109
148 118
148 119
148 142
149 19
149 24
149 34
149 72
149 82
149 99
149 104
149 116
149 120
149 123
149 143
150 20
150 26
150 28
150 30
150 45
150 49
150 93
150 100
150 109
150 110
150 128
150 139
150 146
150 147

