100 2000
73 94 33 100 104 27 39 75 69 75 23 99 34 89 51 86 48 80 61 61 69 73 73 46 50 28 107 82 36 103 21 114 41 20 85 88 71 107 44 95 73 29 45 82 116 43 83 112 74 62 21 45 69 113 27 115 64 109 62 56 31 58 73 56 84 57 29 51 117 52 33 54 85 20 84 76 83 72 73 109 70 64 96 109 52 43 26 63 86 117 81 82 49 33 24 26 91 90 112 29 
1 7
1 14
1 20
1 25
1 29
1 33
1 56
1 61
1 63
1 64
1 72
1 77
1 78
1 94
1 99
2 1
2 4
2 10
2 11
2 14
2 21
2 24
2 27
2 32
2 40
2 44
2 50
2 52
2 53
2 55
2 68
2 71
2 77
2 79
2 80
2 92
2 99
3 8
3 10
3 18
3 22
3 27
3 31
3 37
3 41
3 43
3 46
3 57
3 61
3 62
3 66
3 69
3 70
3 71
3 74
3 75
3 76
3 82
3 98
4 3
4 11
4 12
4 20
4 21
4 38
4 41
4 48
4 49
4 52
4 59
4 68
4 69
4 70
4 77
4 78
4 81
4 85
4 86
4 90
4 94
4 96
4 98
5 1
5 6
5 13
5 27
5 34
5 40
5 42
5 53
5 56
5 64
5 65
5 78
5 84
5 87
5 89
5 91
5 96
5 100
6 3
6 12
6 18
6 25
6 29
6 34
6 36
6 42
6 44
6 56
6 66
6 69
6 72
6 77
6 78
6 79
6 89
6 91
6 94
6 96
6 98
7 6
7 9
7 13
7 16
7 17
7 19
7 22
7 31
7 53
7 79
7 84
7 87
7 89
7 90
7 97
8 1
8 7
8 9
8 10
8 12
8 15
8 21
8 24
8 46
8 47
8 50
8 58
8 64
8 90
8 91
8 98
8 99
9 10
9 13
9 25
9 31
9 33
9 35
9 39
9 40
9 43
9 49
9 51
9 53
9 55
9 61
9 62
9 65
9 70
9 71
9 73
9 75
9 77
9 79
9 82
9 84
9 90
9 91
9 95
10 4
10 5
10 7
10 17
10 20
10 21
10 28
10 33
10 41
10 45
10 54
10 57
10 64
10 66
10 69
10 75
10 82
10 88
10 96
10 98
11 1
11 5
11 8
11 10
11 13
11 24
11 25
11 36
11 37
11 40
11 42
11 51
11 53
11 60
11 72
11 81
11 83
11 86
11 91
11 97
12 10
12 14
12 15
12 23
12 25
12 30
12 31
12 32
12 54
12 55
12 62
12 63
12 64
12 65
12 73
12 74
12 76
12 79
12 83
12 97
13 2
13 17
13 27
13 30
13 63
13 65
13 69
13 74
13 75
13 76
13 79
13 81
13 93
13 98
14 9
14 13
14 19
14 20
14 30
14 42
14 43
14 45
14 47
14 49
14 51
14 55
14 60
14 72
14 99
14 100
15 2
15 3
15 6
15 7
15 19
15 22
15 26
15 27
15 30
15 37
15 42
15 47
15 48
15 50
15 51
15 53
15 54
15 57
15 60
15 62
15 72
15 74
15 77
15 78
15 83
15 86
15 88
15 91
15 92
15 93
16 1
16 4
16 14
16 24
16 25
16 27
16 32
16 38
16 39
16 41
16 53
16 57
16 58
16 59
16 61
16 64
16 66
16 77
16 79
16 80
16 81
16 82
16 96
17 1
17 2
17 11
17 19
17 22
17 23
17 31
17 34
17 36
17 37
17 42
17 45
17 52
17 57
17 61
17 62
17 64
17 66
17 78
17 93
18 7
18 8
18 10
18 15
18 16
18 19
18 25
18 32
18 33
18 36
18 43
18 46
18 47
18 57
18 58
18 69
18 77
18 80
18 85
18 87
18 92
18 94
18 97
19 2
19 26
19 30
19 31
19 35
19 36
19 54
19 60
19 78
19 80
19 81
19 82
19 87
19 92
19 94
19 95
19 97
19 99
19 100
20 2
20 3
20 5
20 7
20 17
20 21
20 27
20 29
20 31
20 37
20 40
20 41
20 50
20 55
20 59
20 62
20 72
20 73
20 75
20 76
20 86
20 92
20 98
21 1
21 18
21 22
21 26
21 27
21 29
21 43
21 45
21 46
21 62
21 64
21 68
21 72
21 77
21 84
21 88
21 93
21 95
21 98
22 2
22 6
22 9
22 13
22 19
22 25
22 29
22 30
22 37
22 38
22 45
22 47
22 58
22 66
22 72
22 74
22 76
22 81
22 90
22 98
23 4
23 10
23 33
23 50
23 54
23 61
23 65
23 69
23 70
23 79
23 84
23 85
23 91
23 98
23 100
24 6
24 15
24 21
24 22
24 36
24 39
24 44
24 48
24 50
24 52
24 54
24 55
24 63
24 71
24 76
24 81
24 84
24 85
24 93
24 94
24 95
24 97
25 2
25 8
25 29
25 37
25 44
25 45
25 49
25 54
25 56
25 65
25 70
25 74
25 78
25 83
25 85
25 86
25 87
25 99
26 3
26 7
26 11
26 12
26 14
26 17
26 18
26 22
26 23
26 24
26 27
26 28
26 32
26 40
26 43
26 45
26 48
26 50
26 51
26 61
26 68
26 72
26 74
26 90
26 96
27 1
27 4
27 7
27 17
27 25
27 33
27 34
27 45
27 46
27 50
27 59
27 64
27 67
27 69
27 71
27 73
27 78
27 83
27 88
27 90
27 94
27 95
28 1
28 12
28 17
28 21
28 31
28 34
28 39
28 41
28 64
28 65
28 66
28 83
28 88
29 4
29 10
29 12
29 16
29 23
29 28
29 30
29 31
29 34
29 37
29 44
29 57
29 58
29 60
29 68
29 76
29 77
29 78
29 90
29 92
29 95
30 4
30 6
30 17
30 20
30 23
30 26
30 27
30 34
30 39
30 40
30 43
30 45
30 49
30 58
30 64
30 71
30 74
30 75
30 76
30 77
30 91
30 92
30 96
30 99
31 2
31 8
31 15
31 22
31 23
31 25
31 34
31 37
31 41
31 42
31 44
31 46
31 47
31 48
31 50
31 61
31 64
31 73
31 75
31 85
31 99
32 6
32 14
32 23
32 27
32 29
32 34
32 42
32 44
32 48
32 53
32 63
32 65
32 67
32 73
32 80
32 92
32 93
32 97
32 100
33 5
33 6
33 12
33 15
33 16
33 21
33 22
33 26
33 32
33 34
33 35
33 38
33 46
33 48
33 52
33 53
33 76
33 83
33 85
33 99
34 1
34 8
34 12
34 14
34 16
34 19
34 20
34 23
34 26
34 36
34 39
34 40
34 44
34 48
34 50
34 53
34 54
34 64
34 66
34 68
34 74
34 80
34 86
34 96
35 2
35 13
35 16
35 17
35 20
35 22
35 28
35 39
35 40
35 43
35 44
35 51
35 68
35 70
35 73
35 82
35 89
35 91
35 92
35 94
35 95
35 100
36 1
36 2
36 25
36 26
36 39
36 43
36 48
36 55
36 57
36 62
36 75
36 82
36 84
36 89
36 90
36 95
37 6
37 10
37 13
37 18
37 24
37 33
37 34
37 49
37 53
37 61
37 77
37 86
37 97
37 99
38 5
38 6
38 11
38 15
38 18
38 27
38 30
38 31
38 32
38 34
38 46
38 53
38 54
38 59
38 65
38 67
38 73
38 74
38 77
38 85
38 88
38 93
38 97
38 98
39 1
39 4
39 7
39 8
39 12
39 17
39 19
39 23
39 25
39 27
39 42
39 57
39 62
39 69
39 72
39 81
39 83
39 86
39 91
39 93
40 16
40 17
40 25
40 27
40 29
40 38
40 46
40 50
40 57
40 65
40 70
40 75
40 76
40 77
40 79
40 84
40 94
41 8
41 12
41 13
41 14
41 21
41 32
41 38
41 46
41 49
41 52
41 53
41 55
41 63
41 65
41 71
41 72
41 75
41 76
41 78
41 80
41 81
41 83
41 86
41 90
41 92
41 96
41 98
42 3
42 16
42 23
42 27
42 35
42 36
42 37
42 48
42 57
42 59
42 60
42 64
42 65
42 68
42 72
42 78
42 94
42 96
42 97
43 2
43 6
43 8
43 10
43 15
43 17
43 20
43 23
43 24
43 29
43 33
43 39
43 40
43 52
43 56
43 58
43 64
43 79
43 80
43 82
43 100
44 4
44 7
44 8
44 9
44 15
44 17
44 21
44 22
44 27
44 38
44 45
44 50
44 51
44 52
44 54
44 55
44 61
44 66
44 71
44 80
44 81
44 82
44 87
44 89
44 95
45 1
45 6
45 11
45 13
45 16
45 18
45 19
45 20
45 23
45 28
45 48
45 53
45 56
45 61
45 63
45 65
45 80
45 85
45 90
45 94
45 96
45 97
45 98
46 2
46 5
46 6
46 9
46 10
46 15
46 20
46 25
46 34
46 35
46 45
46 56
46 57
46 61
46 64
46 65
46 66
46 83
46 89
46 97
47 1
47 2
47 6
47 7
47 12
47 13
47 17
47 23
47 28
47 34
47 41
47 65
47 78
47 87
47 99
48 11
48 16
48 25
48 27
48 30
48 37
48 38
48 69
48 72
48 73
48 74
48 88
48 96
48 99
49 6
49 18
49 20
49 23
49 27
49 29
49 32
49 33
49 43
49 48
49 59
49 61
49 74
49 75
49 76
49 78
49 90
49 96
50 3
50 11
50 12
50 16
50 29
50 38
50 39
50 42
50 51
50 55
50 56
50 57
50 71
50 77
50 78
50 83
50 92
51 2
51 4
51 17
51 20
51 24
51 27
51 28
51 30
51 32
51 36
51 39
51 41
51 46
51 53
51 55
51 65
51 73
51 79
51 87
51 94
52 7
52 12
52 14
52 16
52 18
52 19
52 21
52 34
52 36
52 42
52 48
52 50
52 53
52 62
52 67
52 69
52 72
52 85
52 87
52 94
52 96
53 1
53 4
53 19
53 24
53 31
53 35
53 39
53 44
53 58
53 62
53 67
53 70
53 80
53 90
53 98
53 99
53 100
54 3
54 4
54 6
54 8
54 9
54 33
54 37
54 43
54 49
54 51
54 62
54 67
54 68
54 76
54 79
54 86
54 87
54 96
54 97
55 8
55 16
55 26
55 27
55 33
55 45
55 47
55 49
55 60
55 62
55 69
55 71
55 74
55 84
55 89
55 96
55 98
56 13
56 20
56 21
56 30
56 32
56 33
56 36
56 37
56 39
56 51
56 88
56 90
56 92
57 5
57 8
57 11
57 22
57 26
57 28
57 31
57 34
57 38
57 45
57 47
57 52
57 68
57 70
57 71
57 81
57 82
57 89
57 90
57 92
57 96
57 98
58 2
58 12
58 13
58 14
58 15
58 19
58 24
58 28
58 31
58 33
58 38
58 40
58 41
58 44
58 45
58 47
58 49
58 55
58 61
58 65
58 68
58 70
58 76
58 82
58 83
58 87
58 91
58 92
58 95
59 1
59 5
59 11
59 15
59 18
59 21
59 30
59 33
59 34
59 35
59 36
59 37
59 52
59 54
59 66
59 77
59 80
59 82
59 88
60 2
60 5
60 9
60 12
60 18
60 25
60 26
60 28
60 31
60 32
60 34
60 37
60 39
60 49
60 57
60 74
60 87
60 90
60 95
60 97
60 98
61 7
61 11
61 13
61 19
61 21
61 33
61 42
61 50
61 52
61 55
61 57
61 59
61 69
61 76
61 79
61 84
61 93
61 99
62 6
62 13
62 19
62 22
62 26
62 28
62 31
62 32
62 37
62 38
62 45
62 63
62 70
62 75
62 78
62 81
62 93
62 95
62 98
63 4
63 7
63 9
63 25
63 28
63 29
63 30
63 31
63 36
63 38
63 40
63 43
63 49
63 50
63 53
63 55
63 65
63 66
63 68
63 73
63 76
63 77
63 81
63 89
63 90
64 3
64 4
64 9
64 18
64 19
64 22
64 23
64 35
64 38
64 39
64 41
64 45
64 54
64 55
64 56
64 60
64 67
64 74
64 75
64 81
64 82
64 86
64 90
64 91
64 93
65 1
65 4
65 6
65 14
65 15
65 19
65 21
65 22
65 27
65 34
65 49
65 50
65 54
65 62
65 64
65 69
65 77
65 80
65 83
65 91
65 94
65 95
65 100
66 5
66 8
66 19
66 30
66 32
66 40
66 56
66 62
66 64
66 71
66 72
66 76
66 86
67 4
67 5
67 11
67 15
67 17
67 19
67 22
67 28
67 34
67 39
67 43
67 51
67 70
67 73
67 87
67 89
67 92
67 93
67 97
68 10
68 24
68 30
68 31
68 33
68 36
68 38
68 45
68 51
68 52
68 62
68 64
68 65
68 69
68 70
68 72
68 77
68 85
68 88
68 99
69 2
69 7
69 11
69 16
69 22
69 33
69 35
69 45
69 49
69 58
69 59
69 64
69 82
69 87
69 100
70 7
70 11
70 15
70 17
70 24
70 29
70 33
70 36
70 38
70 47
70 51
70 52
70 55
70 59
70 61
70 65
70 66
70 69
70 80
70 84
70 91
70 92
70 95
70 99
71 38
71 39
71 42
71 56
71 59
71 62
71 64
71 65
71 72
71 79
71 83
71 93
71 97
72 4
72 9
72 10
72 24
72 29
72 31
72 34
72 36
72 50
72 55
72 59
72 62
72 65
72 70
72 78
72 82
72 83
73 1
73 2
73 3
73 4
73 11
73 14
73 16
73 17
73 21
73 26
73 28
73 29
73 30
73 47
73 56
73 59
73 60
73 66
73 68
73 69
73 81
73 85
73 87
73 90
73 94
73 98
74 5
74 6
74 9
74 23
74 24
74 28
74 43
74 44
74 53
74 61
74 65
74 67
74 70
74 73
74 85
74 100
75 1
75 5
75 15
75 16
75 17
75 18
75 28
75 33
75 43
75 47
75 48
75 52
75 53
75 61
75 69
75 70
75 71
75 72
75 76
75 81
75 83
75 90
75 91
76 2
76 11
76 14
76 18
76 19
76 23
76 35
76 36
76 37
76 43
76 46
76 47
76 60
76 64
76 67
76 71
76 74
76 81
76 82
76 84
76 85
76 90
76 93
77 3
77 5
77 8
77 34
77 43
77 48
77 49
77 56
77 57
77 70
77 72
77 73
77 79
77 82
77 89
77 92
77 94
77 96
77 98
78 9
78 11
78 16
78 20
78 32
78 33
78 35
78 37
78 44
78 48
78 51
78 66
78 74
78 76
78 83
78 91
78 93
79 10
79 11
79 24
79 28
79 29
79 30
79 33
79 34
79 37
79 42
79 44
79 47
79 49
79 52
79 56
79 67
79 69
79 70
79 73
79 91
79 99
80 3
80 5
80 6
80 14
80 15
80 17
80 20
80 24
80 27
80 28
80 29
80 31
80 33
80 38
80 42
80 49
80 51
80 54
80 55
80 64
80 66
80 71
80 83
80 88
80 92
80 93
80 99
80 100
81 18
81 21
81 27
81 28
81 29
81 31
81 36
81 40
81 46
81 48
81 49
81 52
81 55
81 66
81 67
81 69
81 77
81 78
81 80
81 87
81 88
81 91
81 93
81 95
82 2
82 6
82 18
82 23
82 25
82 33
82 34
82 45
82 47
82 71
82 73
82 74
82 84
82 97
82 98
82 99
82 100
83 2
83 3
83 4
83 5
83 6
83 10
83 14
83 16
83 19
83 20
83 21
83 23
83 24
83 31
83 32
83 35
83 36
83 38
83 47
83 51
83 60
83 62
83 66
83 76
83 86
83 88
83 89
83 90
83 92
83 97
83 99
84 3
84 14
84 17
84 31
84 33
84 38
84 49
84 63
84 68
84 69
84 72
84 74
84 80
84 81
84 93
84 96
84 99
85 1
85 5
85 15
85 20
85 26
85 29
85 36
85 37
85 40
85 41
85 46
85 51
85 53
85 60
85 65
85 69
85 78
85 82
85 87
85 88
85 89
85 90
86 1
86 3
86 5
86 8
86 9
86 18
86 19
86 28
86 32
86 40
86 47
86 49
86 55
86 56
86 59
86 63
86 67
86 68
86 70
86 73
86 79
87 6
87 10
87 11
87 23
87 30
87 32
87 35
87 38
87 48
87 57
87 66
87 68
87 72
87 77
87 83
87 96
87 97
88 5
88 6
88 12
88 20
88 23
88 33
88 35
88 42
88 49
88 58
88 63
88 66
88 67
88 74
88 75
88 90
88 96
89 14
89 20
89 21
89 24
89 26
89 29
89 32
89 33
89 37
89 39
89 40
89 48
89 51
89 53
89 59
89 61
89 65
89 74
89 84
89 91
89 97
90 5
90 10
90 14
90 17
90 30
90 31
90 35
90 38
90 44
90 46
90 50
90 55
90 62
90 66
90 69
90 79
90 82
90 89
90 91
90 93
90 96
90 99
90 100
91 10
91 14
91 20
91 21
91 32
91 34
91 36
91 40
91 45
91 47
91 51
91 56
91 60
91 71
91 76
91 84
91 88
91 95
91 96
91 98
92 3
92 6
92 11
92 34
92 39
92 43
92 44
92 66
92 78
92 86
92 89
92 90
93 3
93 10
93 14
93 23
93 35
93 36
93 47
93 50
93 55
93 59
93 60
93 63
93 73
93 79
93 87
94 2
94 10
94 13
94 20
94 23
94 25
94 32
94 38
94 48
94 54
94 56
94 58
94 68
94 69
95 2
95 13
95 14
95 15
95 16
95 23
95 33
95 39
95 41
95 45
95 46
95 47
95 59
95 67
95 72
95 76
95 82
95 83
95 85
95 90
95 94
96 3
96 7
96 11
96 13
96 15
96 21
96 23
96 27
96 33
96 39
96 40
96 43
96 44
96 50
96 53
96 56
96 62
96 65
96 80
96 81
96 86
96 94
96 95
96 99
97 14
97 34
97 40
97 43
97 47
97 49
97 50
97 51
97 53
97 57
97 66
97 73
97 77
97 85
97 93
97 98
98 5
98 12
98 19
98 26
98 30
98 32
98 44
98 47
98 49
98 50
98 56
98 59
98 63
98 64
98 66
98 67
98 69
98 72
98 74
98 90
98 99
99 6
99 7
99 10
99 13
99 15
99 21
99 22
99 27
99 32
99 35
99 36
99 56
99 66
99 71
99 76
99 77
99 92
100 8
100 11
100 15
100 16
100 17
100 18
100 25
100 26
100 33
100 34
100 44
100 49
100 56
100 58
100 61
100 64
100 66
100 72
100 79
100 84
100 86
100 91
100 94
100 97
100 98

