200 750
71 118 94 77 109 27 83 54 44 47 88 115 53 36 45 105 109 63 101 103 107 110 117 83 105 108 59 45 71 42 114 105 22 30 40 42 106 110 72 93 27 110 104 118 79 50 78 67 63 39 25 101 32 52 40 21 72 68 50 21 71 61 71 54 38 24 69 83 104 42 62 106 120 30 109 36 102 106 40 96 76 109 45 108 98 68 31 61 72 86 32 101 116 42 64 26 104 57 90 82 66 78 52 107 62 33 27 82 113 62 99 118 101 111 28 116 73 103 59 90 42 59 26 50 54 20 50 83 81 50 108 97 118 77 77 110 82 25 99 109 100 120 62 64 72 32 113 39 74 66 46 51 46 89 42 58 83 102 105 111 83 109 22 55 86 91 119 81 72 106 109 40 87 58 61 44 111 41 110 68 77 33 82 93 84 55 24 46 80 109 117 61 71 81 120 79 59 73 109 105 
1 117
1 118
1 147
1 165
2 6
2 45
2 133
3 30
3 38
3 50
4 6
4 27
4 113
4 166
4 168
5 107
5 187
6 57
6 91
6 166
6 182
7 93
7 99
7 178
7 188
7 196
8 55
8 79
8 83
8 99
8 119
9 2
9 5
9 109
9 120
9 121
9 152
10 58
10 73
10 113
10 116
10 164
11 6
11 90
11 130
11 179
12 72
12 77
12 102
12 129
12 140
12 183
12 194
14 7
14 21
14 36
14 94
14 161
14 177
15 70
15 99
15 180
16 86
16 120
17 45
17 59
17 90
17 187
17 193
18 109
19 52
20 8
20 9
20 74
20 176
20 198
21 17
21 22
21 36
21 95
21 99
21 113
22 45
22 52
22 112
22 142
22 165
22 174
23 34
23 92
23 151
24 32
24 75
24 132
24 180
25 15
25 46
25 74
25 76
25 84
25 103
25 185
26 47
27 138
28 32
28 171
29 57
29 90
29 125
29 197
30 18
30 25
31 57
31 64
31 68
31 99
31 120
31 130
32 40
32 67
32 96
32 165
33 30
33 31
33 147
33 170
33 176
34 25
34 134
34 142
35 11
35 28
35 59
35 112
35 160
35 183
36 39
36 89
36 186
36 187
37 30
37 87
37 149
37 169
38 53
38 69
38 178
39 25
39 73
39 176
39 197
40 119
40 140
41 26
41 77
42 86
42 158
43 56
43 58
43 163
43 194
44 64
44 71
44 148
44 165
44 189
45 35
45 75
45 113
45 137
45 138
45 183
46 1
46 47
46 54
46 185
47 1
47 94
47 103
47 104
48 10
48 119
48 145
49 11
49 155
49 187
49 196
50 39
50 88
50 113
50 153
50 156
50 192
51 185
52 44
52 48
52 72
52 176
53 31
53 159
54 28
54 105
55 57
55 84
55 156
55 160
55 164
56 53
56 114
56 167
56 185
57 104
59 26
59 116
59 151
59 193
60 152
60 183
60 190
61 17
61 21
61 25
61 93
61 147
61 158
62 31
62 32
62 122
62 130
63 83
63 91
63 154
64 59
64 126
64 135
64 140
65 7
65 30
65 179
65 191
66 2
66 32
66 94
66 130
66 174
67 146
68 67
68 69
68 99
68 142
69 99
69 138
70 79
70 91
70 159
70 172
71 133
71 179
72 58
72 85
72 89
72 105
72 166
72 169
73 59
73 196
74 136
74 146
74 171
75 9
75 56
75 61
75 131
75 155
76 13
76 160
76 192
76 197
77 142
78 45
78 48
78 54
78 96
78 99
78 121
78 125
78 128
79 74
80 25
80 27
80 44
80 97
80 163
80 170
80 192
81 14
81 27
81 82
81 163
81 166
81 192
82 39
82 44
82 100
82 163
82 177
82 182
82 187
83 9
83 56
83 67
83 79
83 80
83 171
83 183
83 192
84 46
84 102
84 186
85 26
85 31
85 126
86 75
86 88
86 118
87 93
87 117
88 33
88 46
88 62
88 63
88 100
89 44
89 87
89 153
89 158
89 181
90 44
90 57
90 110
90 143
91 30
91 121
91 184
92 37
92 66
92 94
92 126
92 158
93 4
93 16
93 67
93 118
93 184
94 90
95 33
95 172
95 173
95 186
96 20
96 28
96 92
96 150
96 155
96 167
96 168
97 50
97 138
98 24
98 39
98 50
98 63
99 49
100 37
100 93
100 136
100 157
100 186
101 3
101 192
102 16
102 87
102 121
102 134
103 42
103 48
103 61
103 74
103 148
104 42
104 132
105 170
106 55
106 77
106 122
106 169
106 189
107 76
107 102
107 124
107 182
108 27
108 46
108 68
109 21
109 36
109 46
109 95
109 130
109 153
109 170
110 8
110 18
110 126
110 159
111 174
112 51
112 56
112 77
112 178
113 129
113 131
114 2
114 15
114 66
114 94
114 100
114 121
115 14
115 63
115 122
116 195
116 198
117 81
117 101
117 104
117 109
117 127
118 89
118 187
119 142
119 160
120 65
120 161
120 188
121 73
121 77
121 126
121 193
122 18
122 75
122 89
122 98
122 104
123 85
123 97
123 105
123 139
124 27
124 180
124 186
124 187
125 19
125 65
125 91
125 114
125 167
125 199
126 119
126 129
127 162
128 35
128 49
128 102
128 154
128 193
129 91
129 116
129 152
129 157
129 161
129 162
129 188
130 24
130 51
130 80
130 81
130 127
130 146
130 148
130 160
130 162
130 196
131 24
131 40
131 94
131 115
131 158
132 1
132 17
132 45
132 47
133 1
133 12
133 84
133 104
134 76
134 120
134 136
135 159
135 166
135 187
135 190
135 199
136 8
136 43
136 146
137 13
137 48
137 58
137 73
137 92
137 181
138 82
138 113
138 139
138 158
139 1
139 45
139 56
139 104
139 115
140 123
140 136
141 51
141 65
141 103
141 121
141 149
141 170
142 13
142 43
142 46
142 65
142 66
142 144
142 184
143 76
143 78
143 107
143 173
143 194
144 34
144 73
144 177
145 144
146 46
146 149
147 43
147 142
147 150
148 12
148 17
148 22
148 28
148 94
148 183
149 59
149 76
149 78
149 94
149 95
149 138
149 150
149 172
149 182
150 20
150 54
151 31
151 35
151 93
151 100
151 159
152 22
152 40
152 81
152 132
152 145
152 197
153 26
153 125
154 132
154 168
154 173
155 6
155 83
155 126
155 136
156 18
157 98
157 103
158 37
158 77
158 85
158 123
158 128
158 152
159 44
159 58
159 181
160 92
160 115
160 157
161 88
161 106
162 5
162 179
163 25
163 26
163 33
163 92
163 142
163 152
163 159
165 64
165 140
166 54
166 62
166 115
166 186
167 119
167 121
167 132
167 170
167 184
168 79
168 99
168 106
169 4
169 28
169 56
169 101
169 111
170 46
170 79
170 164
170 186
171 66
171 108
171 114
171 157
172 3
172 36
172 175
172 179
173 22
173 49
173 129
173 152
173 153
175 91
175 102
175 124
176 15
176 68
176 99
176 104
177 64
177 67
178 10
178 20
178 76
178 88
178 110
178 170
179 155
180 100
181 101
181 145
181 198
181 200
182 34
182 50
182 54
182 112
182 147
182 177
182 196
183 33
183 105
183 153
184 56
184 69
184 113
185 116
185 128
185 159
185 190
186 110
186 159
187 33
187 101
187 112
187 175
187 188
188 9
188 19
188 97
188 112
188 128
188 169
189 90
189 159
189 194
190 73
190 82
190 107
190 129
191 1
191 25
191 106
191 128
192 34
192 36
192 58
192 151
192 179
193 56
193 72
193 155
194 191
195 3
195 74
196 11
196 12
196 46
196 55
196 57
196 116
197 97
197 177
198 53
198 58
199 15
199 51
199 62
199 130
199 131
199 151
200 28

