250 2000
117 73 100 41 48 21 40 65 61 67 98 25 112 46 94 57 50 44 100 95 30 69 41 36 52 110 67 72 89 81 29 41 77 62 99 24 50 99 102 38 57 37 119 68 111 76 31 51 53 27 60 86 44 113 21 26 96 66 45 90 61 85 94 87 114 42 96 80 49 51 74 82 20 40 63 103 74 46 54 102 26 68 43 64 54 55 57 49 102 98 61 77 35 21 47 70 84 87 48 102 44 28 58 112 89 98 119 31 105 102 83 89 80 43 59 80 25 75 116 76 96 61 35 34 71 93 49 119 92 39 84 42 109 25 62 56 85 86 25 34 64 83 66 79 28 46 74 104 66 84 82 34 71 55 120 112 109 117 73 95 74 45 98 68 44 108 46 23 31 79 65 90 108 114 94 85 69 75 103 90 22 30 102 64 111 106 114 105 116 91 26 70 72 72 96 61 65 23 92 88 45 69 111 119 84 29 57 115 79 28 81 50 57 21 84 25 52 41 73 101 47 31 60 104 93 41 37 66 41 33 92 109 45 103 102 52 86 103 82 117 60 110 84 40 58 109 118 106 27 116 
1 3
1 36
1 58
1 72
1 133
1 249
2 11
2 44
2 161
2 206
2 212
2 249
3 25
3 39
3 119
3 136
3 230
3 232
3 233
3 247
4 19
4 21
4 74
4 108
4 136
4 159
4 168
4 176
4 181
5 26
5 66
5 90
5 121
5 134
5 137
5 238
6 25
6 115
6 201
6 202
7 52
7 67
7 127
7 169
7 209
7 224
8 11
8 134
8 186
8 198
8 214
8 217
8 221
9 4
9 32
9 68
9 97
9 149
9 223
10 20
10 37
10 47
10 56
10 60
10 174
11 12
11 21
11 74
11 92
11 126
11 165
11 178
11 206
11 220
12 16
12 39
12 50
12 105
12 115
12 117
12 136
12 178
12 182
12 212
13 48
13 58
13 96
13 103
13 119
13 128
13 197
13 201
13 205
13 209
13 246
14 9
14 41
14 62
14 79
14 116
14 142
14 159
14 178
14 209
14 213
15 1
15 10
15 11
15 51
15 74
15 93
15 137
15 208
15 228
16 20
16 28
16 29
16 30
16 106
16 134
16 137
16 206
16 221
16 223
17 19
17 114
17 126
17 139
17 186
17 199
17 202
17 238
18 7
18 9
18 12
18 15
18 22
18 50
18 93
18 96
18 106
18 118
18 142
18 176
18 179
18 231
19 9
19 91
19 122
19 124
19 178
19 246
19 249
20 43
20 52
20 63
20 78
20 128
20 130
20 134
20 170
20 238
21 48
21 56
21 81
21 98
21 109
21 135
21 155
21 166
21 179
21 194
21 204
21 228
21 247
22 26
22 41
22 92
22 204
23 4
23 47
23 67
23 71
23 167
23 183
23 186
24 48
24 63
24 73
24 75
24 153
24 157
24 181
24 193
24 198
24 200
24 211
24 225
24 250
25 135
25 209
25 210
25 236
26 9
26 99
26 139
26 211
26 227
27 41
27 81
27 169
27 178
27 189
27 195
27 204
27 211
27 241
27 250
28 12
28 22
28 23
28 38
28 42
28 54
28 76
28 125
28 128
28 130
28 174
28 176
28 248
29 80
29 123
29 187
29 193
29 212
29 217
30 13
30 27
30 34
30 68
30 92
30 160
30 207
30 217
31 14
31 27
31 113
31 129
31 131
31 142
31 160
31 178
31 214
32 54
32 124
32 133
32 154
32 188
32 227
32 238
33 39
33 87
33 137
33 140
33 150
33 165
33 184
33 193
33 203
34 23
34 37
34 120
34 147
34 161
34 199
34 242
35 43
35 47
35 56
35 63
35 79
35 82
35 111
35 219
35 220
36 16
36 71
36 107
36 145
36 146
36 170
36 196
36 224
37 40
37 50
37 93
37 110
37 135
37 178
37 241
38 4
38 78
38 91
38 132
38 141
38 143
38 148
38 212
39 10
39 85
39 133
39 234
40 29
40 57
40 77
40 91
40 107
40 127
40 155
40 204
41 16
41 114
41 144
41 182
41 226
41 247
42 46
42 51
42 79
42 135
42 187
42 201
42 225
42 248
43 19
43 80
43 85
43 122
43 175
43 177
43 244
44 25
44 68
44 79
44 110
44 185
44 194
44 250
45 28
45 36
45 65
45 79
45 89
45 111
45 120
45 160
45 172
45 179
45 213
45 241
46 59
46 71
46 81
46 94
46 96
46 141
46 195
46 203
46 212
46 219
46 245
47 65
47 140
47 180
47 183
48 52
48 65
48 102
48 147
48 182
48 190
48 196
48 210
48 220
49 13
49 41
49 90
49 97
49 100
49 111
49 125
49 163
49 166
49 194
49 213
49 230
49 242
50 1
50 6
50 55
50 60
50 66
50 81
50 143
50 154
50 208
50 216
51 37
51 73
51 111
51 155
51 158
51 171
51 188
51 206
51 217
52 4
52 96
52 107
52 127
52 176
52 215
52 225
53 55
53 84
53 100
53 185
53 196
53 197
53 203
53 225
54 12
54 16
54 29
54 117
54 131
54 142
54 173
54 207
54 246
55 47
55 70
55 94
55 124
55 135
55 146
55 207
55 215
56 4
56 33
56 151
56 233
56 239
57 22
57 23
57 112
57 126
57 164
57 184
57 237
58 2
58 20
58 56
58 66
58 110
58 118
58 125
58 128
58 157
58 196
58 206
58 218
58 239
59 9
59 83
59 96
59 139
59 150
59 178
59 227
60 6
60 77
60 107
60 120
60 129
60 144
60 161
60 167
60 238
60 245
61 3
61 31
61 57
61 60
61 196
61 233
61 237
61 246
62 28
62 43
62 47
62 90
62 93
62 99
62 120
62 135
62 136
62 154
62 219
63 29
63 98
63 121
63 154
63 174
63 206
63 237
64 2
64 43
64 46
64 65
64 71
64 87
64 127
64 153
64 232
65 22
65 63
65 72
65 165
65 171
65 180
65 186
65 193
65 197
65 209
65 221
65 249
66 2
66 30
66 35
66 63
66 85
66 139
66 176
66 184
67 2
67 61
67 108
67 129
67 246
68 35
68 185
68 211
68 217
68 219
69 1
69 85
69 90
69 103
69 121
69 174
70 9
70 17
70 73
70 88
70 189
70 241
71 18
71 116
71 157
71 163
71 182
71 189
71 231
71 245
72 75
72 86
72 93
73 66
73 94
73 112
73 154
73 167
73 239
73 249
74 86
74 121
74 156
74 176
74 191
74 195
74 216
74 249
75 10
75 96
75 150
75 175
75 250
76 10
76 56
76 214
77 43
77 88
77 142
77 203
77 218
77 224
77 226
77 237
78 2
78 18
78 30
78 69
78 85
78 125
78 175
78 241
79 7
79 27
79 48
79 61
79 87
79 88
79 122
79 243
80 27
80 33
80 49
80 57
80 112
80 206
81 25
81 31
81 75
81 84
81 89
81 90
81 93
81 122
81 162
81 164
81 168
81 171
81 172
81 218
81 222
81 250
82 20
82 123
82 135
82 149
82 184
82 208
82 212
83 102
83 137
83 165
83 171
83 177
83 193
83 221
83 249
84 18
84 61
84 105
84 168
84 188
84 211
84 237
85 6
85 84
85 101
85 142
85 179
85 198
85 224
85 237
86 45
86 49
86 133
86 146
86 151
87 10
87 27
87 46
87 71
87 83
87 117
87 123
88 80
88 111
88 156
88 182
88 187
88 215
88 233
89 3
89 14
89 48
89 84
89 99
89 122
89 150
89 151
89 204
90 19
90 60
90 66
90 158
90 186
90 196
90 213
91 1
91 2
91 51
91 80
91 104
91 158
91 173
91 175
91 180
91 215
92 23
92 29
92 37
92 133
92 135
92 192
92 235
93 16
93 66
93 159
93 161
93 172
94 1
94 28
94 112
94 156
94 248
95 42
95 68
95 82
95 119
95 124
95 130
95 137
95 161
95 236
95 245
96 42
96 130
96 203
96 224
96 229
97 55
97 122
97 185
97 204
97 235
98 5
98 20
98 25
98 113
98 128
98 155
98 188
98 239
98 240
99 15
99 21
99 72
99 127
99 141
99 147
99 178
99 205
99 248
99 249
100 43
100 94
100 179
101 20
101 172
101 214
102 32
102 114
102 116
102 135
102 175
102 212
103 5
103 23
103 44
103 46
103 70
103 110
103 119
103 135
103 159
103 166
103 174
103 175
104 54
104 58
104 74
104 87
104 111
104 165
104 207
104 245
105 11
105 15
105 43
105 60
105 71
105 76
105 120
105 181
106 5
106 65
106 123
106 138
106 147
106 156
106 244
107 53
107 113
107 150
107 167
107 195
107 236
108 10
108 19
108 34
108 77
108 79
108 82
108 93
108 160
108 190
108 191
109 83
109 95
109 97
109 127
109 152
109 167
109 202
109 218
110 43
110 61
110 135
110 155
110 157
110 246
111 12
111 15
111 77
111 82
111 83
111 100
111 127
112 72
112 109
112 139
112 149
112 173
112 215
112 237
112 244
113 12
113 23
113 96
113 101
113 130
113 135
113 136
113 158
113 167
113 193
114 9
114 36
114 45
114 68
114 76
114 104
114 108
114 151
114 154
114 193
114 209
115 62
115 104
115 131
115 134
115 148
115 159
115 163
115 177
115 216
115 243
116 26
116 30
116 141
116 221
117 43
117 101
117 123
117 163
117 242
118 8
118 59
118 82
118 134
118 228
119 30
119 88
119 195
120 59
120 69
120 126
120 157
121 7
121 41
121 46
121 68
121 92
121 165
121 172
121 178
121 210
121 240
121 246
122 36
122 67
122 80
122 96
122 118
122 130
122 135
122 195
122 210
123 13
123 21
123 67
123 187
123 203
123 236
124 47
124 67
124 102
124 119
124 157
124 178
124 181
124 204
125 1
125 18
125 19
125 27
125 57
125 102
125 108
125 112
125 184
125 190
125 210
125 219
126 27
126 36
126 44
126 115
126 124
126 135
126 146
126 164
126 205
127 1
127 23
127 61
127 136
127 203
127 224
127 233
128 9
128 55
128 69
128 189
128 200
128 205
128 211
128 221
128 240
129 8
129 81
129 210
129 230
129 232
130 11
130 42
130 43
130 51
130 55
130 91
130 111
130 177
130 181
130 196
130 204
130 205
130 214
130 250
131 61
131 68
131 87
131 158
131 202
131 233
131 249
132 18
132 56
132 61
132 101
132 143
132 145
132 195
132 215
132 226
132 250
133 4
133 41
133 56
133 61
133 105
133 121
133 155
133 190
133 193
134 18
134 58
134 92
134 136
134 141
135 51
135 61
135 116
135 119
135 128
135 196
135 200
135 226
136 7
136 19
136 135
136 148
136 149
136 167
136 222
137 7
137 18
137 26
137 27
137 32
137 37
137 61
137 70
137 141
137 149
137 159
137 162
137 169
137 173
137 204
138 1
138 46
138 50
138 53
138 60
138 101
138 103
138 113
138 135
138 147
138 149
138 158
138 172
138 220
139 1
139 21
139 29
139 42
139 52
139 53
139 137
139 148
139 210
139 214
140 2
140 31
140 45
140 104
140 112
140 122
141 13
141 30
141 34
141 67
141 73
141 80
141 196
142 36
142 95
142 164
142 212
143 68
143 98
143 190
143 223
144 66
144 117
144 122
144 123
144 134
144 160
144 183
144 202
145 13
145 22
145 35
145 115
145 210
146 39
146 60
146 103
146 163
146 185
146 193
146 201
146 224
146 226
147 40
147 47
147 96
147 150
147 213
147 237
147 245
147 248
148 1
148 8
148 122
148 150
148 191
148 213
148 228
149 47
149 54
149 118
149 148
149 166
149 183
149 247
150 17
150 23
150 48
150 60
150 85
150 90
150 109
150 144
150 171
150 199
150 232
151 41
151 70
151 104
151 132
151 147
152 18
152 20
152 29
152 31
152 36
152 118
152 188
152 195
152 197
152 219
152 228
153 34
153 56
153 75
153 108
153 120
153 146
154 34
154 46
154 58
154 125
154 186
154 206
155 29
155 56
155 74
155 81
155 86
155 150
155 183
155 227
155 239
155 249
156 39
156 86
156 112
156 126
156 137
156 211
156 223
156 235
157 74
157 98
157 137
157 145
157 220
157 223
157 228
157 239
158 38
158 60
158 69
158 82
158 143
158 188
158 193
158 245
159 33
159 39
159 82
159 92
159 217
159 223
159 246
160 14
160 28
160 37
160 65
160 125
160 130
161 39
161 40
161 68
161 81
161 102
161 184
161 190
161 192
161 194
162 24
162 49
162 135
162 139
162 147
163 62
163 77
163 120
163 133
163 134
163 219
164 22
164 41
164 75
164 115
164 138
164 190
165 20
165 41
165 67
165 89
165 113
165 131
165 138
165 144
165 211
165 213
165 234
165 235
165 249
166 164
166 206
166 208
166 235
166 239
167 13
167 32
167 62
167 82
167 164
167 181
167 227
168 104
168 157
168 242
169 58
169 61
169 65
169 70
169 84
169 107
169 112
169 151
170 42
170 58
170 62
170 77
170 102
170 132
170 175
170 205
171 52
171 84
171 109
171 123
171 182
171 190
171 196
171 237
172 9
172 12
172 161
172 237
173 44
173 52
173 63
173 71
173 86
173 104
173 128
173 144
173 150
173 160
173 167
173 199
173 233
174 61
174 67
174 71
174 123
174 145
174 152
174 194
174 195
175 14
175 17
175 22
175 25
175 27
175 73
175 122
175 124
175 165
175 195
175 202
176 23
176 93
176 107
176 150
176 172
176 231
177 75
177 132
177 178
177 184
177 194
177 209
177 241
178 18
178 77
178 176
178 190
178 196
178 212
179 8
179 37
179 120
179 140
179 150
179 171
179 207
179 227
180 29
180 61
180 95
180 158
180 169
180 211
180 220
180 237
181 100
181 109
181 172
181 173
181 182
182 68
182 74
182 89
182 104
182 142
182 153
182 187
182 236
183 154
183 165
183 191
183 192
184 59
184 73
184 91
184 93
184 124
184 187
184 238
184 244
185 74
185 106
185 134
185 155
185 196
185 200
185 201
185 234
185 238
186 51
186 63
186 69
186 76
186 199
186 235
187 12
187 14
187 18
187 102
187 103
187 127
187 226
187 234
188 29
188 71
188 74
188 76
188 87
188 116
188 127
188 132
188 161
188 168
189 113
189 121
189 144
189 170
189 207
189 244
190 11
190 12
190 22
190 28
190 38
190 42
190 74
190 139
190 208
190 227
190 229
190 240
191 14
191 41
191 59
191 119
191 127
191 132
191 186
191 223
191 247
192 27
192 60
192 79
192 84
192 100
192 112
192 113
192 122
192 125
192 129
192 211
192 242
193 20
193 32
193 137
193 176
193 185
193 210
193 245
194 25
194 89
194 116
194 181
194 250
195 70
195 80
195 108
195 123
195 186
195 201
195 247
196 5
196 103
196 108
196 149
196 199
196 238
196 244
197 60
197 64
197 68
197 91
197 114
197 134
197 141
197 173
197 204
198 21
198 22
198 27
198 65
198 76
198 104
198 125
198 167
198 173
199 35
199 51
199 62
199 130
199 148
199 170
199 212
199 227
199 238
200 32
200 35
200 54
200 107
200 141
200 145
200 186
200 230
200 248
201 1
201 7
201 58
201 100
201 101
201 165
201 224
202 34
202 75
202 77
202 190
202 195
202 209
202 240
202 245
202 250
203 54
203 62
203 116
203 122
203 151
203 208
203 210
204 5
204 52
204 54
204 67
204 76
204 101
204 119
204 120
204 133
204 145
204 214
204 228
205 56
205 68
205 100
205 112
205 121
205 155
205 189
205 196
206 35
206 45
206 52
206 66
206 195
206 204
206 207
206 224
207 24
207 67
207 124
207 157
207 175
207 184
208 4
208 21
208 35
208 45
208 70
208 107
208 117
208 123
208 136
208 137
208 194
208 230
208 232
208 247
209 48
209 62
209 119
209 176
209 223
209 227
209 249
210 9
210 12
210 65
210 68
210 79
210 95
210 141
210 157
210 169
210 171
210 181
210 188
210 189
210 214
211 34
211 45
211 70
211 110
211 153
211 154
211 202
211 214
212 21
212 42
212 114
212 121
212 122
212 138
212 144
212 149
212 172
212 241
213 30
213 44
213 64
213 135
213 145
213 167
213 224
214 51
214 57
214 77
214 83
214 85
214 200
214 231
214 232
214 237
215 76
215 94
215 129
215 184
215 191
215 219
216 48
216 82
216 84
216 86
216 95
216 106
216 113
216 121
216 155
216 166
216 207
216 238
216 250
217 58
217 71
217 77
217 87
217 91
217 109
217 111
217 144
217 147
217 166
217 191
217 218
217 221
218 30
218 48
218 61
218 87
218 124
218 145
218 180
219 11
219 29
219 75
219 76
219 77
219 135
219 169
219 227
220 20
220 23
220 42
220 139
220 227
220 231
220 236
221 66
221 73
221 114
221 135
221 138
221 153
221 154
221 174
221 230
221 232
221 233
222 21
222 53
222 57
222 77
222 116
222 125
222 143
222 225
222 239
223 61
223 63
223 66
223 70
223 96
223 131
223 139
223 198
223 204
223 229
224 44
224 60
224 68
224 108
224 111
224 145
224 147
224 162
224 249
225 3
225 85
225 164
225 171
225 188
226 8
226 54
226 91
226 122
226 152
226 173
226 180
226 200
226 243
227 36
227 86
227 93
227 110
227 129
227 174
227 186
227 212
228 41
228 91
228 161
228 203
229 10
229 41
229 84
229 89
229 113
229 134
229 135
229 141
229 147
229 149
229 155
229 179
229 199
229 212
229 230
229 239
230 21
230 55
230 76
230 93
230 146
230 160
230 165
230 184
230 204
230 214
230 226
230 234
230 236
231 1
231 8
231 22
231 36
231 41
231 92
231 122
231 147
231 166
231 187
231 196
231 236
232 28
232 72
232 111
232 165
232 222
233 57
233 65
233 92
233 115
233 143
233 144
233 190
233 218
233 242
233 243
234 38
234 96
234 235
234 244
235 1
235 61
235 86
235 193
235 198
235 218
235 250
236 70
236 84
236 90
236 141
236 145
236 148
236 152
236 165
236 167
236 179
236 183
236 194
236 225
236 237
237 1
237 23
237 32
237 45
237 94
237 135
237 163
237 187
237 239
238 26
238 49
238 86
238 104
238 114
238 129
238 195
238 202
238 237
238 240
239 91
239 106
239 110
239 182
239 220
239 236
239 240
240 15
240 146
240 221
241 36
241 49
241 71
241 81
241 134
241 161
241 176
241 235
242 65
242 73
242 98
242 101
242 108
242 162
242 188
243 84
243 113
243 118
243 130
243 142
243 154
243 185
243 238
244 71
244 77
244 119
244 120
244 126
244 201
244 238
244 241
245 4
245 19
245 82
245 101
245 108
245 178
245 181
245 184
245 189
245 191
245 240
245 246
246 10
246 27
246 46
246 47
246 56
246 90
246 91
246 140
246 163
246 178
246 182
246 188
246 216
247 23
247 31
247 71
247 129
247 176
247 183
247 221
247 235
247 236
248 21
248 103
248 137
248 195
248 226
248 236
249 3
249 8
249 14
249 42
249 46
249 91
249 112
249 115
249 117
249 137
249 178
249 188
249 196
250 33
250 134
250 156
250 206

