300 300
72 32 119 65 20 94 85 118 42 72 64 75 54 34 50 56 86 114 24 114 53 115 90 49 84 74 98 31 109 61 47 103 90 44 29 92 72 42 50 116 76 68 25 34 21 100 37 99 99 96 22 107 45 88 97 84 115 78 33 94 76 113 59 65 79 45 87 25 110 71 41 63 113 97 50 79 29 55 110 120 110 118 72 73 93 52 54 106 22 79 109 60 106 120 61 78 74 106 33 41 77 57 45 115 66 44 106 112 98 94 116 54 43 43 67 93 116 53 94 46 33 74 46 48 117 61 67 94 112 20 70 86 112 108 36 102 56 54 104 85 90 54 64 105 45 52 77 103 45 116 107 76 30 99 65 120 38 98 82 35 26 55 62 102 84 90 78 21 85 78 86 79 99 63 102 79 42 117 67 55 60 89 94 76 71 100 120 100 95 50 101 57 82 38 34 67 61 36 48 96 114 75 71 82 94 23 64 108 30 98 68 68 111 114 63 118 50 82 112 108 55 84 85 30 94 63 88 52 29 46 32 117 39 116 20 112 108 54 72 32 71 64 84 25 49 57 120 120 104 28 68 56 111 104 103 26 64 82 25 100 107 102 42 63 86 120 79 60 54 118 29 56 106 48 83 41 78 107 26 66 79 26 38 39 72 79 119 107 78 24 44 102 68 78 79 25 30 24 39 88 
2 83
2 128
2 151
2 207
4 115
5 282
6 191
6 291
7 23
7 40
7 59
7 232
8 75
9 243
10 69
10 98
11 208
12 203
18 254
19 145
19 206
19 250
19 267
20 192
21 130
21 290
22 241
23 137
25 151
26 140
26 255
27 152
27 186
29 7
29 129
30 11
30 20
30 131
33 205
33 207
35 32
36 33
36 202
37 145
37 267
38 97
39 231
40 20
41 121
43 151
48 26
50 106
51 169
51 272
53 95
54 68
54 198
55 185
56 101
56 135
57 27
57 40
57 46
58 172
59 36
61 43
62 209
65 170
66 3
66 71
66 87
66 101
66 284
67 221
67 254
68 119
68 133
69 82
69 135
70 131
72 278
74 218
77 252
78 118
79 27
83 133
85 146
86 259
91 194
91 242
94 235
95 210
95 251
97 108
98 255
98 271
99 157
102 50
105 172
106 209
107 78
108 250
108 287
110 214
111 20
111 149
111 236
113 131
114 12
116 83
120 88
120 114
121 211
121 242
122 15
123 69
123 111
123 195
124 22
127 284
132 64
132 124
133 19
133 62
136 29
136 46
136 123
137 163
138 93
138 265
139 208
142 161
142 249
142 261
142 300
143 159
144 45
144 277
146 34
149 72
151 26
151 79
152 173
153 73
154 196
156 230
157 196
158 109
158 135
158 252
159 107
160 287
162 32
162 38
162 120
165 232
165 283
166 79
166 210
167 3
167 252
167 254
170 22
171 109
171 284
172 61
172 145
172 157
172 183
173 62
174 92
174 205
175 255
176 167
177 13
180 17
180 220
181 252
182 88
182 179
183 166
184 54
185 15
186 134
186 291
190 215
193 29
193 35
193 66
193 290
194 60
196 162
197 10
199 45
200 52
200 181
201 160
201 273
202 229
203 148
204 181
206 56
207 146
208 85
208 158
209 92
209 127
209 129
212 47
213 102
213 165
214 9
214 192
214 291
216 129
216 300
217 172
218 49
219 17
224 89
225 37
225 200
225 263
227 122
228 46
228 239
229 4
231 171
232 77
232 267
235 112
235 179
236 42
238 117
238 221
240 211
241 100
241 208
242 104
242 184
244 117
244 158
246 3
246 111
247 19
247 107
248 42
248 260
248 284
249 144
251 246
257 12
259 50
259 215
260 173
261 40
261 281
262 164
263 45
264 73
265 187
266 161
266 171
267 282
268 22
268 169
271 103
271 174
271 215
271 224
273 234
277 149
277 177
278 53
278 94
278 118
278 147
279 188
279 222
279 291
280 110
281 53
283 37
283 47
284 175
284 267
285 50
286 153
286 281
287 20
287 179
287 190
290 147
292 41
295 240
296 288
297 105
298 200
299 184
300 16

