150 250
29 30 95 64 72 105 77 120 113 33 111 102 111 47 26 108 72 36 105 25 78 114 115 103 87 76 33 93 36 103 60 26 22 78 27 101 60 78 79 110 57 88 119 23 47 58 43 76 84 77 89 30 99 36 100 42 108 76 120 106 29 46 67 95 93 48 89 26 67 68 22 29 52 81 77 89 30 37 110 28 49 57 45 48 88 54 69 78 37 111 82 102 25 67 24 34 71 71 112 92 28 25 75 57 119 40 109 43 41 51 20 58 100 102 61 31 104 39 70 43 111 119 57 70 26 31 60 46 112 109 74 49 71 117 34 87 97 28 49 109 81 49 63 100 49 55 27 114 113 60 
1 79
3 94
3 145
6 46
7 29
8 57
8 124
8 129
8 134
9 18
9 149
10 88
10 98
11 92
11 99
11 106
12 13
12 43
12 127
14 28
14 68
16 36
16 46
16 126
16 127
16 137
17 74
17 126
18 22
18 41
18 51
20 97
21 132
22 147
23 51
23 132
24 136
25 80
26 45
27 34
27 63
28 12
29 74
30 13
30 71
30 88
32 147
33 8
33 127
33 134
34 112
36 25
36 61
36 63
37 9
37 49
37 120
38 16
38 24
38 45
39 121
40 100
40 103
41 64
43 23
43 29
43 72
43 91
45 147
46 21
46 91
47 63
47 121
48 45
48 79
49 10
49 28
51 32
51 52
51 145
52 74
54 5
54 59
54 85
54 97
55 1
55 12
56 41
56 54
57 11
57 16
58 77
58 89
59 15
59 42
59 92
60 93
60 105
60 126
61 21
61 42
61 67
62 47
62 55
62 84
64 77
65 34
66 2
66 18
67 122
68 143
69 26
70 85
70 105
70 124
70 148
73 46
75 3
76 30
76 33
76 132
77 74
77 89
78 36
78 100
78 121
79 56
80 32
80 75
81 99
82 77
82 147
84 100
84 128
86 21
86 23
86 85
86 142
87 9
88 2
88 105
88 140
88 149
89 76
89 145
90 61
90 143
91 21
92 49
92 137
93 15
93 134
93 139
94 62
94 64
94 91
94 109
95 10
96 57
96 105
97 57
98 70
98 114
98 118
99 40
99 128
101 99
101 139
102 28
104 1
105 73
105 123
105 138
106 76
106 127
107 64
107 124
108 22
108 35
109 32
109 52
110 100
110 130
111 6
111 26
112 144
113 36
113 94
117 7
117 15
117 63
118 71
118 86
118 115
119 10
119 26
121 146
122 6
122 75
122 90
122 144
124 29
124 31
124 47
124 109
124 114
125 123
126 127
126 139
127 60
128 21
128 56
128 80
129 60
130 29
131 94
131 109
132 26
133 108
133 132
134 64
134 80
135 52
135 77
136 111
138 28
138 70
140 49
140 64
141 16
141 29
141 43
141 52
141 67
141 84
143 109
144 17
144 58
144 85
144 89
144 92
147 21
147 68
148 110
149 24
149 56
149 59
149 101
149 102
150 80

