50 750
81 93 36 29 75 64 97 43 21 53 26 110 47 91 55 65 29 50 53 37 96 31 61 70 100 48 82 45 40 36 48 41 89 99 112 53 98 28 68 103 20 36 85 93 30 84 66 68 80 52 
1 3
1 5
1 7
1 13
1 20
1 21
1 23
1 26
1 27
1 32
1 33
1 38
1 42
1 43
1 45
1 47
2 1
2 4
2 8
2 12
2 15
2 18
2 22
2 23
2 24
2 25
2 26
2 28
2 31
2 33
2 34
2 37
2 38
2 44
2 50
3 2
3 7
3 12
3 13
3 15
3 16
3 18
3 21
3 22
3 26
3 27
3 28
3 30
3 33
3 35
3 38
3 42
3 43
3 45
3 46
3 49
4 1
4 19
4 21
4 23
4 29
4 30
4 36
4 47
5 3
5 6
5 10
5 11
5 13
5 14
5 16
5 19
5 22
5 23
5 24
5 26
5 28
5 29
5 32
5 33
5 35
5 38
5 39
5 47
6 1
6 2
6 3
6 4
6 9
6 14
6 17
6 23
6 25
6 26
6 39
7 2
7 5
7 15
7 19
7 20
7 22
7 23
7 29
7 32
7 34
7 40
7 42
7 44
7 48
7 50
8 1
8 6
8 9
8 10
8 25
8 27
8 35
8 36
8 38
8 42
8 46
8 47
9 2
9 3
9 10
9 12
9 13
9 14
9 17
9 20
9 21
9 24
9 27
9 32
9 36
9 41
9 42
9 43
9 44
9 46
9 48
9 50
10 1
10 3
10 7
10 12
10 14
10 25
10 27
10 29
10 35
10 37
10 48
10 50
11 3
11 6
11 7
11 10
11 12
11 15
11 21
11 24
11 30
11 49
12 7
12 17
12 20
12 28
12 29
12 31
12 32
12 34
12 36
12 40
12 41
12 44
12 45
13 2
13 10
13 11
13 12
13 14
13 16
13 17
13 18
13 26
13 31
13 32
13 34
13 35
13 37
13 42
13 46
14 2
14 3
14 4
14 7
14 12
14 15
14 19
14 23
14 26
14 27
14 34
14 37
14 38
14 39
14 48
14 50
15 1
15 9
15 10
15 17
15 18
15 19
15 26
15 28
15 29
15 34
15 39
15 43
15 47
16 4
16 7
16 9
16 11
16 12
16 14
16 17
16 18
16 19
16 22
16 30
16 32
16 33
16 35
16 38
16 40
16 42
16 44
16 50
17 1
17 2
17 4
17 10
17 18
17 20
17 22
17 24
17 25
17 27
17 28
17 33
17 36
17 38
17 39
17 43
17 45
17 48
18 5
18 8
18 14
18 21
18 25
18 26
18 30
18 31
18 35
18 38
18 39
18 42
18 47
19 2
19 6
19 12
19 13
19 26
19 27
19 30
19 33
19 34
19 35
19 37
19 39
19 40
19 41
19 44
20 4
20 6
20 8
20 10
20 11
20 29
20 37
20 42
20 48
21 2
21 5
21 6
21 8
21 10
21 12
21 15
21 17
21 19
21 22
21 27
21 33
21 36
21 38
21 44
21 45
22 1
22 4
22 6
22 8
22 9
22 10
22 12
22 14
22 15
22 19
22 20
22 24
22 30
22 41
22 43
22 50
23 3
23 9
23 10
23 15
23 16
23 18
23 20
23 21
23 25
23 26
23 33
23 34
23 35
23 36
23 41
23 42
23 44
23 45
23 46
23 47
23 50
24 4
24 6
24 7
24 14
24 16
24 23
24 28
24 38
24 39
24 42
24 47
24 49
25 1
25 3
25 4
25 12
25 13
25 15
25 20
25 26
25 31
25 35
25 40
25 41
25 46
25 48
25 49
25 50
26 7
26 9
26 12
26 16
26 17
26 21
26 22
26 29
26 33
26 35
26 40
26 49
26 50
27 2
27 5
27 6
27 12
27 15
27 16
27 22
27 24
27 28
27 36
27 44
27 48
28 7
28 16
28 18
28 21
28 25
28 26
28 36
28 42
28 43
28 45
29 2
29 3
29 8
29 9
29 11
29 14
29 23
29 25
29 27
29 31
29 34
29 36
29 37
29 39
29 42
29 45
29 46
29 47
29 50
30 2
30 5
30 7
30 9
30 12
30 21
30 24
30 25
30 29
30 31
30 32
30 35
30 36
30 39
30 41
30 44
30 49
31 1
31 3
31 8
31 10
31 16
31 17
31 19
31 22
31 34
31 35
31 37
31 39
31 40
31 45
31 47
31 48
31 49
32 2
32 3
32 10
32 15
32 19
32 26
32 27
32 29
32 31
32 36
33 9
33 10
33 14
33 15
33 18
33 20
33 22
33 24
33 27
33 28
33 29
33 30
33 35
33 36
33 41
33 44
33 45
34 1
34 4
34 5
34 8
34 9
34 11
34 18
34 21
34 22
34 24
34 25
34 26
34 27
34 30
34 33
34 38
34 40
34 42
34 44
34 50
35 1
35 2
35 4
35 6
35 14
35 17
35 27
35 32
35 40
35 41
35 44
35 48
35 49
36 2
36 3
36 5
36 10
36 14
36 15
36 18
36 19
36 24
36 25
36 31
36 38
36 39
36 41
36 42
36 44
36 47
37 1
37 3
37 4
37 5
37 8
37 12
37 16
37 21
37 24
37 27
37 28
37 33
37 39
37 46
37 47
37 49
38 6
38 9
38 11
38 23
38 28
38 29
38 30
38 37
38 39
38 40
38 42
38 44
39 3
39 11
39 13
39 16
39 21
39 22
39 23
39 27
39 35
39 46
40 2
40 4
40 5
40 6
40 10
40 11
40 15
40 17
40 18
40 21
40 22
40 24
40 32
40 33
40 42
40 43
40 44
40 45
40 46
40 49
41 3
41 7
41 10
41 11
41 17
41 21
41 27
41 34
41 37
41 39
41 40
41 42
41 43
41 45
41 48
42 10
42 11
42 14
42 19
42 21
42 22
42 26
42 31
42 32
42 33
42 35
42 37
42 39
42 43
42 44
42 45
42 48
43 5
43 7
43 8
43 12
43 18
43 19
43 21
43 24
43 25
43 35
43 38
43 39
43 44
44 1
44 5
44 10
44 13
44 14
44 20
44 22
44 24
44 25
44 26
44 29
44 39
44 41
44 45
44 46
44 47
44 50
45 9
45 16
45 18
45 24
45 25
45 26
45 27
45 32
45 35
45 37
45 43
45 48
46 4
46 5
46 12
46 15
46 17
46 19
46 20
46 24
46 26
46 28
46 31
46 38
46 41
46 42
47 2
47 13
47 17
47 19
47 27
47 28
47 33
47 35
47 42
47 43
47 45
47 46
47 49
48 2
48 3
48 4
48 5
48 11
48 13
48 16
48 21
48 23
48 24
48 26
48 32
48 33
48 36
48 37
48 43
49 1
49 8
49 9
49 10
49 12
49 13
49 16
49 17
49 18
49 27
49 29
49 33
49 34
49 36
49 41
49 44
49 45
49 46
50 5
50 11
50 15
50 17
50 18
50 28
50 30
50 31
50 32
50 33
50 38
50 43
50 46
50 47
50 48

