200 250
92 114 33 65 100 67 38 63 41 87 97 35 34 44 76 82 32 112 64 82 118 31 48 26 32 71 84 62 69 77 76 58 74 20 41 36 116 110 36 64 116 35 84 28 39 84 33 60 90 33 30 120 120 20 53 79 110 58 84 25 26 27 104 114 21 79 64 60 87 23 83 46 43 66 108 88 35 114 99 67 92 34 107 20 65 32 118 51 61 85 58 90 72 91 39 113 30 91 100 94 23 70 63 30 35 86 87 77 118 108 100 116 32 36 59 45 38 83 111 48 52 60 109 20 78 62 107 38 109 49 103 77 76 35 37 92 51 110 81 102 73 100 98 74 97 54 100 25 68 27 73 75 34 32 39 48 54 70 42 98 40 100 28 30 101 82 114 86 108 36 48 92 54 27 26 29 115 40 50 113 70 115 70 58 87 68 58 82 90 93 23 66 44 65 98 35 69 25 72 46 
3 41
4 168
6 54
7 133
8 17
10 46
10 186
12 20
12 55
14 97
15 141
16 197
18 62
18 182
19 100
20 165
21 36
22 194
23 152
24 17
24 74
27 96
27 150
28 51
28 158
28 177
29 3
29 185
30 196
31 69
35 63
36 54
36 140
36 170
38 170
39 188
39 200
40 74
40 188
42 159
42 188
43 31
43 193
44 145
44 189
46 140
46 175
48 66
51 15
51 102
52 143
53 146
55 149
55 158
56 68
56 94
57 44
58 61
58 102
59 29
59 172
62 42
62 80
63 155
63 184
64 21
65 64
66 113
68 182
69 28
69 156
69 177
70 49
70 56
70 71
73 85
74 11
74 92
74 105
75 39
75 110
75 166
75 200
76 62
77 38
77 156
78 4
79 46
79 112
81 93
83 20
83 29
85 42
86 183
87 49
87 109
87 124
90 25
91 124
92 130
93 25
93 131
94 136
95 155
96 9
96 31
96 160
98 187
99 51
100 112
101 72
102 55
106 77
106 85
107 4
107 167
108 55
108 74
108 175
109 105
109 120
109 198
110 100
110 115
110 127
110 149
111 67
111 159
112 133
114 9
114 26
115 13
116 76
117 128
117 131
117 168
117 199
119 29
119 135
120 83
121 42
121 46
122 65
122 113
123 25
124 57
125 83
128 161
129 94
129 106
130 62
131 86
133 45
133 83
133 145
133 167
134 94
134 173
136 127
136 170
137 19
138 65
138 185
139 36
139 114
139 135
143 15
143 31
144 61
145 29
145 100
145 165
145 171
145 178
146 35
146 159
147 10
148 81
148 149
150 187
151 85
152 97
154 44
154 168
156 70
157 158
158 196
159 9
160 58
161 24
161 127
162 175
165 11
165 105
165 138
165 144
166 34
166 50
166 105
167 199
168 87
169 18
169 46
169 130
169 167
170 62
170 183
171 72
171 174
173 120
174 16
174 100
174 134
175 21
175 148
176 11
177 123
178 20
179 56
179 62
179 75
179 95
179 157
180 34
180 178
182 124
182 143
183 77
183 130
184 39
185 47
186 173
187 85
188 30
188 197
189 147
189 163
191 143
191 170
192 62
192 170
193 87
194 67
195 75
196 185
198 41
198 106
199 122
200 1
200 179

