200 250
64 37 112 55 90 55 69 54 95 27 39 105 109 102 65 87 95 113 25 116 120 79 62 45 30 99 73 66 48 31 74 110 92 70 32 65 94 37 30 120 98 43 42 65 85 120 73 111 55 26 114 92 49 57 26 88 74 120 38 26 75 83 21 27 70 52 112 72 24 33 50 102 26 118 80 20 69 75 38 114 114 112 60 60 48 20 101 62 72 56 65 111 40 107 30 86 74 72 109 82 20 64 92 91 64 73 89 65 30 63 99 90 22 41 46 30 49 40 46 57 85 56 24 69 70 28 113 23 38 71 47 37 62 115 81 42 78 91 36 119 112 97 50 48 51 24 52 91 109 33 32 101 50 87 91 24 109 117 102 24 78 68 47 37 25 58 63 38 96 109 36 31 84 31 75 84 27 82 57 46 73 88 78 66 79 69 75 108 72 118 83 106 84 72 33 41 82 98 91 89 
1 40
2 162
2 173
3 67
4 37
6 168
7 200
8 131
8 140
8 144
8 170
12 190
13 144
14 156
15 17
15 18
16 12
16 47
16 50
18 152
18 183
19 92
19 132
22 63
24 99
27 150
28 54
28 142
29 117
30 5
31 7
31 65
32 5
32 25
33 58
33 110
34 126
34 197
36 21
36 195
39 58
39 112
40 51
44 47
44 50
44 193
44 198
45 51
47 109
49 80
49 129
49 132
49 156
51 169
51 170
53 86
53 92
53 120
53 170
54 18
55 173
56 78
57 81
57 151
58 34
58 150
59 136
60 195
61 38
62 52
62 176
63 128
64 175
65 152
68 33
68 111
68 182
72 23
73 112
74 31
74 46
74 68
74 128
74 200
75 10
78 94
80 18
81 88
82 1
83 113
84 34
84 173
84 193
85 52
85 166
86 56
86 104
86 164
87 53
87 142
88 9
88 18
88 175
88 198
89 108
90 21
90 101
92 20
93 10
99 5
99 162
100 144
103 34
105 90
105 101
105 102
105 181
105 192
106 80
106 198
107 50
107 61
107 158
107 162
108 105
111 132
112 14
112 17
112 44
113 34
113 47
114 18
114 78
114 110
114 177
115 153
117 164
117 188
118 32
119 45
119 131
120 112
120 200
121 105
122 108
122 183
124 180
125 78
126 114
126 150
127 114
127 142
127 166
129 177
129 198
130 114
130 124
130 178
131 128
132 24
132 55
132 109
133 47
133 109
134 20
134 45
134 106
134 165
135 42
135 145
135 167
136 43
136 69
139 7
141 160
142 5
143 86
143 190
145 142
147 197
148 71
148 189
149 179
150 36
151 46
153 10
153 140
154 87
154 90
154 130
155 82
156 181
157 84
157 168
158 44
158 90
159 80
160 76
161 103
162 30
162 113
163 66
163 193
164 119
167 65
169 97
171 11
171 23
173 110
173 179
174 130
175 26
175 41
177 153
178 14
178 63
179 9
179 12
179 16
179 129
179 141
180 6
181 135
182 4
182 29
182 57
184 43
186 159
187 76
187 84
188 54
189 4
189 12
189 62
189 85
189 151
190 17
190 154
190 173
192 22
192 147
193 39
194 31
195 57
197 27
197 38
197 137
197 160
197 181
200 176

