300 3000
65 106 49 103 111 87 57 82 80 117 61 55 105 101 50 79 110 38 38 21 102 97 72 60 92 115 109 57 118 67 107 20 79 106 106 23 46 82 97 23 111 65 72 120 69 87 85 65 53 110 46 29 70 64 29 54 86 43 37 72 74 38 93 116 35 94 63 26 83 27 92 80 87 70 112 32 80 115 23 73 87 101 120 20 114 105 86 104 40 45 62 31 91 69 42 71 119 60 38 92 109 25 73 33 54 113 41 31 61 89 30 82 61 106 67 61 90 115 59 46 115 25 30 76 119 96 37 118 113 116 47 76 113 45 67 107 64 39 105 40 26 83 98 92 119 56 66 89 85 62 36 116 20 40 80 24 120 65 68 48 114 119 96 90 56 50 82 31 46 52 67 108 54 98 113 68 32 105 105 79 83 81 107 76 99 45 110 109 74 109 73 109 116 38 22 53 108 94 93 116 30 85 30 109 93 38 87 44 27 101 34 62 76 112 31 100 99 70 105 41 72 44 66 31 30 117 68 66 27 93 68 46 55 67 62 92 41 86 84 43 84 103 86 89 113 48 63 113 80 118 110 32 111 113 45 38 41 90 34 94 56 50 51 114 24 89 50 82 81 85 55 50 105 46 37 26 52 51 58 96 103 96 112 27 40 20 35 52 91 68 73 40 63 43 39 77 47 73 120 80 
1 41
1 75
1 133
1 160
1 162
1 201
1 223
1 231
1 261
1 274
2 10
2 106
2 160
2 214
2 282
2 294
3 9
3 13
3 26
3 28
3 32
3 48
3 54
3 84
3 90
3 129
3 169
3 196
3 206
3 229
3 265
4 7
4 24
4 47
4 49
4 114
4 122
4 193
4 227
4 268
4 274
4 276
4 296
5 13
5 43
5 97
5 100
5 107
5 115
5 157
5 184
5 206
5 273
5 281
6 18
6 49
6 82
6 102
6 114
6 156
6 162
6 263
7 6
7 17
7 102
7 209
7 220
7 230
8 7
8 12
8 20
8 37
8 53
8 95
8 200
8 263
8 292
9 64
9 79
9 113
9 116
9 183
9 207
9 232
9 258
9 271
9 290
10 6
10 36
10 76
10 119
10 158
10 167
10 198
10 232
10 245
10 249
10 273
11 39
11 84
11 155
11 161
11 167
11 178
11 182
11 216
11 245
11 268
12 62
12 113
12 149
12 180
12 221
12 252
12 259
12 287
13 1
13 18
13 32
13 50
13 57
13 115
13 230
13 276
14 10
14 16
14 25
14 55
14 65
14 81
14 91
14 150
14 164
14 244
14 251
14 299
15 50
15 60
15 69
15 78
15 121
15 179
15 188
15 209
15 210
15 258
15 280
15 289
15 297
16 40
16 41
16 54
16 95
16 102
16 132
16 139
16 218
16 224
16 232
16 288
17 29
17 83
17 95
17 102
17 107
17 135
17 145
17 147
17 156
17 236
17 247
17 258
17 278
17 288
17 298
18 50
18 53
18 55
18 274
18 289
18 300
19 39
19 47
19 66
19 71
19 93
19 140
19 157
19 211
19 278
19 285
20 63
20 65
20 84
20 126
20 166
20 184
20 185
20 207
20 213
20 258
20 293
21 6
21 15
21 46
21 72
21 79
21 108
21 117
21 173
21 202
21 205
21 228
21 263
22 19
22 28
22 85
22 92
22 153
22 220
22 267
22 286
23 68
23 76
23 86
23 98
23 111
23 130
23 191
23 197
23 250
23 251
23 267
23 300
24 61
24 101
24 151
24 162
24 192
24 237
24 271
25 92
25 179
25 195
25 204
25 216
25 237
25 248
25 278
26 7
26 8
26 31
26 85
26 118
26 149
26 247
26 250
26 287
27 28
27 71
27 98
27 102
27 108
27 140
27 149
27 181
27 188
27 231
27 236
27 292
28 10
28 52
28 141
28 144
28 180
28 244
28 277
29 20
29 49
29 61
29 123
29 146
29 172
29 179
29 266
29 273
29 275
30 22
30 23
30 45
30 58
30 84
30 85
30 87
30 122
30 198
30 229
30 240
30 248
31 30
31 55
31 86
31 94
31 95
31 125
31 151
31 168
31 211
31 212
31 295
32 12
32 44
32 100
32 105
32 129
32 177
32 187
32 204
32 248
32 255
32 294
33 10
33 12
33 14
33 22
33 28
33 31
33 56
33 88
33 111
33 117
33 161
33 182
33 234
33 244
33 250
33 269
33 300
34 44
34 55
34 120
34 143
34 151
34 160
34 177
34 203
34 226
34 238
34 256
34 265
34 267
34 284
34 287
35 14
35 45
35 56
35 97
35 113
35 133
35 171
35 177
35 200
35 279
35 281
35 291
36 15
36 34
36 43
36 79
36 98
36 99
36 113
36 133
36 141
36 144
36 149
36 187
36 209
37 4
37 22
37 51
37 58
37 79
37 117
37 136
37 179
37 200
37 231
37 250
37 293
38 8
38 28
38 41
38 52
38 53
38 115
38 132
38 149
38 157
38 165
38 185
38 226
38 237
38 244
39 37
39 63
39 85
39 99
39 108
39 112
39 166
39 213
39 238
39 266
39 289
39 300
40 72
40 120
40 139
40 151
40 177
40 203
40 249
40 269
41 10
41 43
41 49
41 129
41 136
41 137
41 144
41 170
41 177
41 225
41 245
41 246
41 254
41 286
42 30
42 31
42 73
42 91
42 97
42 103
42 245
42 262
42 267
42 290
42 292
43 68
43 198
43 209
43 235
43 285
43 295
44 65
44 75
44 77
44 88
44 143
44 193
44 199
44 224
44 240
44 266
44 274
44 278
45 19
45 63
45 70
45 116
45 153
45 158
45 165
45 186
45 232
45 238
46 42
46 50
46 57
46 58
46 67
46 68
46 74
46 91
46 92
46 129
46 291
46 299
47 15
47 18
47 26
47 52
47 125
47 139
47 160
47 228
47 248
47 253
47 277
48 53
48 55
48 68
48 72
48 121
48 138
48 169
48 216
48 271
49 38
49 42
49 86
49 124
49 175
49 178
49 188
49 211
49 254
49 287
50 9
50 120
50 134
50 150
50 278
50 287
51 35
51 59
51 114
51 124
51 154
51 160
51 176
51 194
52 18
52 62
52 79
52 96
52 103
52 114
52 122
52 219
52 266
52 274
52 290
53 32
53 61
53 73
53 108
53 109
53 115
53 133
53 156
53 185
53 230
53 247
53 274
53 279
53 293
54 107
54 145
54 207
54 238
54 257
54 272
54 278
54 291
55 19
55 57
55 142
55 170
55 236
55 244
55 294
56 2
56 14
56 21
56 29
56 48
56 145
56 158
56 192
56 208
56 209
56 213
56 229
56 246
56 256
56 269
56 298
57 18
57 59
57 67
57 84
57 137
57 151
57 152
57 217
57 226
57 264
57 276
58 27
58 32
58 33
58 53
58 59
58 216
58 277
58 299
59 30
59 31
59 76
59 110
59 111
59 118
59 125
59 154
59 165
59 216
59 269
59 280
60 7
60 22
60 64
60 73
60 100
60 134
60 153
60 156
60 182
60 293
61 26
61 31
61 36
61 87
61 111
61 159
61 171
61 173
61 227
61 244
61 253
61 282
62 30
62 116
62 127
62 150
62 167
62 253
63 5
63 7
63 44
63 61
63 64
63 103
63 189
63 274
63 282
64 19
64 30
64 77
64 140
64 197
64 220
64 221
64 222
64 228
64 257
64 277
65 37
65 43
65 79
65 94
65 96
65 238
65 282
66 3
66 71
66 85
66 91
66 109
66 115
66 121
66 190
66 229
66 274
67 141
67 152
67 200
68 1
68 22
68 34
68 100
68 130
68 208
68 285
69 14
69 31
69 182
69 213
69 214
69 216
69 271
69 280
69 286
70 16
70 20
70 83
70 137
70 138
70 218
71 38
71 45
71 46
71 106
71 111
71 114
71 146
71 210
71 218
71 248
71 300
72 8
72 57
72 90
72 107
72 233
72 240
72 253
72 257
72 270
72 274
72 291
73 38
73 45
73 58
73 98
73 99
73 154
73 181
74 19
74 31
74 55
74 56
74 76
74 117
74 121
74 139
74 142
74 161
74 178
74 234
74 269
74 271
74 281
74 287
75 7
75 12
75 20
75 77
75 138
75 143
75 155
75 253
76 1
76 21
76 111
76 159
76 211
76 264
76 276
76 280
77 40
77 51
77 81
77 109
77 152
77 156
77 159
77 171
77 250
77 267
77 277
77 297
78 6
78 36
78 63
78 70
78 74
78 121
78 132
78 203
78 227
78 295
78 296
79 46
79 86
79 87
79 102
79 155
79 184
79 192
79 255
79 258
79 285
80 9
80 96
80 132
80 138
80 142
80 175
80 176
80 181
80 186
80 195
80 198
80 206
80 213
81 7
81 60
81 85
81 89
81 104
81 105
81 108
81 112
81 150
81 156
81 193
81 211
81 276
82 28
82 119
82 144
82 189
82 229
82 247
82 251
82 259
82 263
82 273
82 283
83 28
83 57
83 59
83 110
83 125
83 177
83 178
83 194
83 267
84 9
84 10
84 12
84 25
84 108
84 146
84 169
84 189
84 244
85 17
85 29
85 107
85 152
85 163
85 224
85 229
85 252
85 257
86 11
86 12
86 34
86 54
86 59
86 100
86 138
86 151
86 176
86 209
86 215
86 232
86 246
86 276
87 65
87 118
87 199
87 218
87 259
87 277
87 291
87 300
88 45
88 56
88 57
88 75
88 76
88 94
88 109
88 119
88 183
88 207
88 236
89 35
89 51
89 137
89 166
89 218
89 230
89 247
89 250
89 253
89 254
89 266
89 282
89 299
90 16
90 91
90 94
90 99
90 108
90 135
90 254
90 293
91 54
91 98
91 136
91 226
91 257
91 299
92 3
92 31
92 36
92 129
92 142
92 178
92 196
92 214
93 23
93 49
93 103
93 163
93 165
93 177
93 203
93 221
93 284
93 299
94 160
94 178
94 183
94 234
94 262
95 2
95 107
95 169
95 195
95 210
95 280
95 286
96 6
96 20
96 32
96 40
96 44
96 53
96 139
96 179
96 212
96 240
96 264
96 289
97 55
97 59
97 112
97 152
97 166
97 216
97 225
97 256
97 267
98 78
98 100
98 199
98 221
98 258
98 270
98 276
98 284
99 27
99 49
99 96
99 137
99 139
99 159
99 165
99 230
99 231
99 251
100 2
100 67
100 115
100 170
100 190
100 284
100 287
101 72
101 137
101 222
102 10
102 22
102 28
102 30
102 73
102 81
102 147
102 172
102 178
102 281
103 5
103 11
103 29
103 61
103 87
103 104
103 144
103 180
103 279
104 5
104 6
104 204
104 242
104 251
104 255
104 269
104 278
105 31
105 46
105 86
105 150
105 267
105 286
106 9
106 39
106 62
106 158
106 166
106 169
106 182
106 263
107 30
107 60
107 129
107 139
107 164
107 176
107 212
107 232
107 255
107 268
107 279
108 6
108 31
108 38
108 92
108 97
108 119
108 174
108 180
108 242
108 248
108 264
109 1
109 5
109 17
109 30
109 36
109 70
109 156
109 167
109 175
109 220
109 251
109 271
109 281
109 293
110 18
110 57
110 131
110 148
110 159
110 162
110 163
110 175
110 194
110 205
110 210
110 213
110 215
110 244
110 287
111 9
111 13
111 50
111 72
111 112
111 196
111 275
111 277
111 281
112 21
112 74
112 77
112 82
112 117
112 129
112 143
112 246
113 4
113 56
113 58
113 90
113 176
113 182
113 195
113 207
113 242
113 274
113 275
114 2
114 29
114 55
114 68
114 73
114 117
114 196
114 200
115 59
115 108
115 190
115 192
115 230
115 240
115 247
115 249
116 10
116 16
116 51
116 96
116 217
116 232
116 247
117 64
117 130
117 156
117 201
117 216
117 264
117 286
117 300
118 64
118 74
118 92
118 129
118 141
118 195
118 197
119 5
119 6
119 40
119 42
119 74
119 96
119 113
119 135
119 154
119 156
119 164
119 234
119 263
120 31
120 58
120 61
120 68
120 130
120 152
120 165
120 181
121 2
121 42
121 80
121 154
121 168
121 186
121 243
121 249
121 252
122 41
122 170
123 7
123 61
123 66
123 73
123 78
123 86
123 102
123 112
123 163
123 168
123 178
123 185
123 195
123 225
123 276
123 295
124 7
124 39
124 70
124 80
124 92
124 127
124 173
124 203
124 272
124 296
125 11
125 19
125 21
125 98
125 104
125 135
125 218
125 226
125 237
125 240
126 26
126 66
126 69
126 77
126 83
126 104
126 111
126 116
126 132
126 228
126 233
126 288
126 298
127 163
127 177
127 178
127 204
127 208
127 226
127 232
127 281
128 43
128 89
128 100
128 120
128 139
128 243
128 259
129 15
129 17
129 20
129 25
129 42
129 172
129 198
130 3
130 21
130 22
130 52
130 161
130 174
130 202
130 227
131 7
131 49
131 115
131 158
131 176
131 187
131 191
131 195
131 246
131 250
131 254
132 50
132 67
132 88
132 89
132 145
132 149
132 183
132 188
132 228
132 234
132 276
132 282
133 21
133 51
133 65
133 147
133 196
133 205
133 237
133 242
133 287
134 2
134 16
134 26
134 46
134 74
134 83
134 86
134 142
134 187
134 188
134 216
134 222
134 240
134 252
134 254
134 265
135 36
135 84
135 148
135 164
135 216
135 239
136 35
136 90
136 105
136 115
136 180
136 223
137 46
137 58
137 117
137 125
137 133
137 138
137 143
137 189
137 206
137 212
137 221
137 226
137 278
138 9
138 18
138 38
138 44
138 155
138 160
138 183
138 192
138 232
138 284
138 292
139 6
139 55
139 61
139 76
139 102
139 108
139 185
139 211
139 230
139 249
139 277
139 291
140 17
140 21
140 88
140 117
140 143
140 167
140 227
140 241
140 279
140 280
141 47
141 53
141 82
141 122
141 144
141 148
141 254
141 279
142 36
142 71
142 76
142 104
142 124
142 148
142 182
142 217
142 270
142 275
142 286
142 290
143 3
143 48
143 60
143 82
143 85
143 92
143 149
143 151
143 184
143 194
143 212
143 223
143 231
143 257
144 21
144 54
144 96
144 179
144 228
144 246
144 286
144 298
145 60
145 68
145 74
145 150
145 203
146 44
146 63
146 86
146 100
146 107
146 128
146 133
146 155
146 184
146 196
146 204
146 227
146 240
146 264
147 162
147 181
147 205
147 206
147 243
147 258
147 290
148 55
148 84
148 90
148 116
148 134
148 150
148 167
148 224
148 246
148 289
148 300
149 9
149 64
149 90
149 100
149 139
149 144
149 197
149 231
149 259
149 274
149 277
149 290
150 69
150 79
150 94
150 107
150 110
150 117
150 121
150 144
150 184
150 236
151 13
151 15
151 30
151 33
151 65
151 79
151 94
151 117
151 145
151 168
151 185
151 215
151 216
151 234
151 280
152 13
152 33
152 47
152 117
152 153
152 268
152 274
152 276
153 32
153 54
153 71
153 159
153 235
153 281
154 76
154 84
154 183
154 199
154 218
154 256
154 259
154 265
155 6
155 88
155 103
155 118
155 171
155 183
155 196
155 205
155 241
155 253
156 3
156 21
156 68
156 79
156 89
156 194
156 229
156 245
156 248
156 284
156 293
157 16
157 61
157 103
157 106
157 118
157 136
157 137
157 225
157 241
157 255
157 257
157 261
158 6
158 31
158 47
158 92
158 112
158 138
158 140
158 165
158 174
158 202
158 234
158 253
158 257
158 264
159 82
159 104
159 128
159 140
159 172
159 238
159 248
159 280
159 286
160 14
160 44
160 70
160 116
160 199
160 242
161 35
161 75
161 107
161 126
161 136
161 139
161 146
161 178
161 183
161 225
162 44
162 184
162 196
162 300
163 15
163 19
163 34
163 67
163 90
163 95
163 111
163 176
163 195
163 209
163 215
163 267
163 277
164 29
164 84
164 136
164 204
164 236
164 248
164 275
164 296
165 16
165 19
165 43
165 49
165 61
165 81
165 95
165 201
165 217
165 227
165 231
165 232
165 234
165 235
165 247
166 37
166 55
166 70
166 75
166 81
166 129
166 131
166 193
166 259
167 15
167 28
167 29
167 45
167 49
167 72
167 108
167 205
167 222
167 252
167 253
167 268
168 4
168 5
168 9
168 16
168 17
168 73
168 145
168 159
168 282
169 7
169 22
169 23
169 29
169 61
169 73
169 76
169 125
169 145
169 152
170 15
170 50
170 216
170 219
170 254
170 280
170 287
171 5
171 18
171 26
171 54
171 115
171 160
171 253
172 25
172 43
172 78
172 135
172 197
172 218
172 228
172 273
172 291
173 10
173 12
173 91
173 178
173 190
173 194
173 201
173 281
174 22
174 33
174 57
174 111
174 137
174 198
174 212
174 291
175 24
175 29
175 39
175 99
175 116
175 144
175 167
175 203
175 206
175 216
175 264
176 5
176 55
176 67
176 140
176 183
176 192
177 7
177 36
177 109
177 115
177 133
177 188
177 221
177 256
177 257
177 282
178 6
178 48
178 57
178 86
178 126
178 145
178 148
178 179
178 180
178 256
178 286
178 295
178 298
179 59
179 83
179 91
179 114
179 126
179 133
179 196
179 232
179 245
179 262
179 266
180 34
180 57
180 78
180 81
180 82
180 104
180 109
180 110
180 194
180 296
181 4
181 6
181 9
181 26
181 42
181 43
181 44
181 71
181 90
181 115
181 118
181 142
181 152
181 172
181 300
182 14
182 37
182 84
182 105
182 116
182 121
182 147
182 165
182 193
183 37
183 80
183 86
183 93
183 113
183 180
183 207
183 212
183 217
183 271
183 287
183 293
184 26
184 29
184 60
184 70
184 201
184 241
184 266
185 31
185 61
185 88
185 152
185 155
185 166
185 189
185 202
185 267
186 19
186 48
186 61
186 77
186 141
186 255
186 278
187 10
187 31
187 64
187 68
187 70
187 94
187 113
187 127
187 132
187 177
187 184
187 241
187 289
188 13
188 17
188 44
188 66
188 88
188 142
188 143
188 172
188 195
188 232
188 240
188 260
188 264
188 267
188 299
189 34
189 43
189 64
189 101
189 119
189 144
189 153
189 236
189 240
189 287
190 21
190 24
190 29
190 37
190 57
190 63
190 73
190 118
190 156
190 181
190 221
190 260
191 2
191 19
191 36
191 140
192 5
192 32
192 38
192 48
192 76
192 88
192 118
192 122
192 198
192 209
192 224
192 270
192 291
193 36
193 59
193 73
193 99
193 114
193 145
193 169
193 174
193 236
193 278
193 284
194 6
194 16
194 36
194 73
194 225
194 264
195 46
195 98
195 138
195 141
195 145
195 172
195 187
195 206
195 226
195 265
195 267
195 283
196 4
196 53
196 57
196 72
196 102
196 148
196 152
196 210
196 219
196 231
196 244
196 277
196 285
197 25
197 55
197 79
197 91
197 125
197 157
197 159
197 176
197 212
197 224
197 236
197 298
198 126
198 152
198 163
198 189
198 296
199 9
199 43
199 46
199 60
199 64
199 92
199 106
199 113
199 203
199 241
199 250
199 298
200 23
200 72
200 73
200 78
200 95
200 117
200 130
200 155
200 164
200 210
200 249
200 253
200 255
200 293
201 19
201 27
201 76
201 79
201 126
201 137
201 139
201 206
201 217
201 220
201 228
201 249
201 254
202 55
202 77
202 186
202 210
202 230
202 237
202 288
202 290
203 16
203 20
203 162
203 164
203 167
203 174
203 202
203 217
203 284
203 297
204 2
204 12
204 50
204 172
204 221
204 232
204 249
205 54
205 57
205 113
205 125
205 131
205 161
205 194
205 209
205 221
205 232
205 240
205 285
206 27
206 42
206 49
206 50
206 93
206 192
206 253
206 271
207 17
207 35
207 46
207 57
207 71
207 73
207 89
207 169
207 215
208 1
208 20
208 22
208 24
208 75
208 83
208 87
208 142
208 268
209 40
209 53
209 80
209 93
209 115
209 166
209 251
209 264
209 283
210 32
210 34
210 36
210 59
210 75
210 170
210 197
210 282
211 5
211 65
211 84
211 145
211 194
211 275
211 289
212 20
212 38
212 43
212 126
212 165
212 247
212 250
212 252
212 253
212 261
213 7
213 8
213 12
213 17
213 51
213 83
213 102
213 149
213 240
213 251
213 261
213 268
213 288
213 298
214 28
214 35
214 50
214 65
214 68
214 103
214 104
214 114
214 135
214 265
215 36
215 42
215 56
215 95
215 140
215 154
215 155
215 168
215 220
215 244
215 248
216 27
216 50
216 57
216 63
216 75
216 84
216 122
216 166
216 208
216 239
216 254
216 257
217 24
217 43
217 115
217 151
217 182
217 229
218 24
218 77
218 109
218 119
218 157
218 233
219 7
219 8
219 14
219 27
219 70
219 102
219 128
219 139
219 145
219 221
219 236
219 240
219 264
219 279
219 287
220 3
220 5
220 16
220 45
220 50
220 82
220 98
220 106
220 146
220 150
220 180
220 235
220 247
220 254
220 262
220 263
220 299
221 33
221 61
221 63
221 72
221 109
221 134
221 141
221 159
221 167
221 189
221 212
221 220
221 279
221 288
221 289
222 14
222 17
222 69
222 81
222 119
222 126
222 132
222 139
222 162
222 183
222 224
222 246
222 259
223 10
223 20
223 21
223 43
223 75
223 111
223 113
223 114
223 119
223 154
223 199
223 208
223 265
224 9
224 15
224 69
224 88
224 105
224 139
224 145
224 147
224 173
224 218
225 45
225 53
225 64
225 65
225 116
225 118
225 201
225 230
225 245
225 249
225 251
225 274
225 298
226 21
226 105
226 142
226 154
226 173
226 174
226 186
226 199
227 18
227 32
227 44
227 72
227 93
227 190
227 195
227 225
227 230
228 2
228 13
228 14
228 16
228 27
228 53
228 58
228 96
228 101
228 120
228 170
228 182
228 188
228 204
228 251
228 280
229 40
229 42
229 51
229 60
229 74
229 103
229 132
229 175
230 19
230 43
230 67
230 83
230 87
230 124
230 138
230 197
230 231
230 279
231 3
231 12
231 18
231 24
231 39
231 100
231 118
231 128
231 245
231 283
231 288
232 37
232 78
232 97
232 99
232 191
232 212
232 265
233 24
233 62
233 75
233 104
233 108
233 142
233 181
233 216
233 277
234 7
234 100
234 117
234 123
234 133
234 146
234 150
234 256
234 291
234 300
235 6
235 31
235 91
235 94
235 155
235 169
235 234
235 259
235 267
236 5
236 36
236 72
236 100
236 127
236 129
236 160
236 180
236 212
236 223
236 245
236 295
237 45
237 163
237 177
237 205
237 218
237 240
237 277
237 279
237 299
238 92
238 127
238 136
238 143
238 145
238 156
238 187
238 204
238 218
238 234
238 259
238 260
239 30
239 81
239 186
239 209
239 258
240 35
240 171
240 218
240 248
240 268
240 281
240 293
241 1
241 7
241 11
241 58
241 61
241 69
241 86
241 131
241 142
241 185
241 219
241 233
241 275
241 276
241 294
242 162
242 230
242 260
242 284
243 7
243 14
243 47
243 59
243 82
243 132
243 222
243 234
243 236
243 257
243 261
243 280
244 197
244 200
244 212
244 280
244 294
245 26
245 88
245 90
245 124
245 142
245 148
245 159
245 247
245 263
245 286
246 20
246 40
246 58
246 118
246 135
246 140
246 161
246 170
246 174
246 232
246 234
246 292
246 294
246 298
247 12
247 28
247 92
247 158
247 168
247 204
247 217
247 238
247 287
247 291
247 300
248 10
248 41
248 94
248 119
248 138
248 155
248 173
248 249
249 18
249 29
249 30
249 179
249 250
250 24
250 120
250 128
250 140
250 162
250 178
250 208
250 238
250 251
251 11
251 16
251 46
251 59
251 60
251 78
251 79
251 202
251 229
251 238
251 242
251 244
251 247
251 286
252 20
252 28
252 54
252 90
252 111
252 120
252 242
252 273
253 3
253 9
253 20
253 55
253 60
253 69
253 80
253 86
253 110
253 161
253 176
253 194
253 269
254 16
254 21
254 61
254 67
254 104
254 110
254 113
254 165
254 237
254 260
254 296
255 11
255 53
255 91
255 123
255 125
255 136
255 180
255 229
255 233
255 243
255 280
255 288
256 17
256 52
256 98
256 130
256 135
256 150
256 211
256 221
256 241
256 276
257 1
257 14
257 59
257 70
257 84
257 119
257 128
257 198
257 206
257 234
257 283
258 60
258 62
258 71
258 76
258 94
258 110
258 138
258 195
258 199
258 273
259 70
259 134
259 172
259 200
260 8
260 36
260 84
260 93
260 150
260 220
260 236
260 244
260 248
260 270
261 20
261 64
261 126
261 255
261 299
262 62
262 74
262 143
262 184
262 192
262 228
262 232
262 255
262 257
262 293
262 297
263 2
263 19
263 46
263 68
263 76
263 78
263 86
263 88
263 93
263 159
263 169
263 191
263 210
263 211
263 277
264 50
264 66
264 79
264 94
264 184
264 195
264 196
264 244
265 35
265 78
265 110
265 181
265 188
265 229
265 258
266 21
266 90
266 101
266 106
266 163
266 230
266 248
266 259
267 61
267 110
267 124
267 147
267 157
267 248
268 25
268 36
268 54
268 56
268 75
268 93
268 115
268 150
268 162
268 168
268 217
268 250
268 266
268 275
269 11
269 14
269 55
269 84
269 92
269 96
269 164
269 166
269 181
269 211
269 219
269 242
269 257
270 16
270 157
270 160
270 177
270 191
270 228
270 271
271 18
271 46
271 47
271 60
271 61
271 70
271 73
271 79
271 92
271 129
271 131
271 166
271 169
271 212
271 233
271 258
271 273
271 275
271 282
272 6
272 39
272 87
272 118
272 132
272 217
272 247
272 270
272 300
273 9
273 24
273 51
273 96
273 114
273 135
273 138
273 147
273 160
273 166
273 206
273 261
273 294
274 10
274 16
274 26
274 48
274 92
274 95
274 197
274 238
275 19
275 37
275 85
275 88
275 122
275 135
275 154
275 238
275 267
276 66
276 87
276 92
276 150
276 190
276 249
276 262
276 265
276 272
276 280
276 286
276 292
276 294
277 6
277 13
277 22
277 71
277 94
277 131
277 136
277 190
277 198
277 236
277 247
278 23
278 42
278 88
278 242
278 260
278 265
279 44
279 52
279 61
279 65
279 137
279 142
279 155
279 159
279 161
280 11
280 13
280 62
280 67
280 116
280 155
280 163
280 183
280 193
280 261
280 284
281 10
281 17
281 22
281 26
281 49
281 64
281 73
281 101
281 119
281 170
281 183
281 208
281 212
281 238
281 257
281 269
282 35
282 50
282 68
282 86
282 146
282 155
282 167
282 219
282 251
282 258
282 261
282 264
282 287
283 33
283 35
283 36
283 48
283 61
283 70
283 72
283 73
283 139
283 142
283 185
283 210
283 239
283 241
283 247
283 276
284 15
284 39
284 47
284 67
284 109
284 144
284 147
284 157
284 165
284 184
284 194
284 201
284 228
284 240
284 248
284 260
284 279
284 292
285 3
285 25
285 26
285 36
285 41
285 56
285 153
285 156
285 165
285 182
285 235
285 247
285 259
285 267
285 282
285 295
286 100
286 149
286 154
286 172
286 174
286 219
286 254
286 258
287 5
287 21
287 77
287 106
287 118
287 120
287 186
287 188
288 105
288 131
288 137
288 169
288 201
288 204
288 247
288 272
288 273
288 286
288 290
289 7
289 8
289 10
289 45
289 72
289 93
289 131
289 135
289 153
289 208
289 215
289 237
289 268
289 271
290 32
290 41
290 70
290 135
291 3
291 58
291 67
291 78
291 108
291 109
291 117
291 250
291 256
291 261
291 285
291 295
292 46
292 64
292 65
292 81
292 112
292 121
292 127
292 164
292 168
292 178
292 209
292 243
292 257
292 262
292 280
292 297
293 24
293 31
293 180
293 268
293 274
294 5
294 38
294 40
294 53
294 64
294 103
294 125
294 178
294 194
294 233
294 286
295 7
295 30
295 38
295 51
295 101
295 185
295 215
296 50
296 158
296 219
296 244
296 245
297 33
297 48
297 62
297 76
297 106
297 129
297 162
297 175
297 205
298 6
298 20
298 36
298 66
298 69
298 150
298 174
298 186
298 188
298 205
299 1
299 88
299 97
299 101
299 117
299 120
299 143
299 244
299 271
300 67
300 173
300 197
300 216

