150 1000
85 62 34 91 115 107 100 97 76 70 81 41 80 107 58 43 45 80 28 43 38 100 69 59 99 67 73 115 38 56 86 87 100 41 107 100 79 70 118 80 107 47 51 92 53 57 63 45 89 88 31 59 22 105 77 71 100 103 54 74 73 115 108 25 100 73 79 49 56 32 108 65 113 46 83 95 112 62 61 46 78 94 106 49 37 40 72 87 93 25 20 33 41 54 36 33 25 52 78 118 25 21 95 79 85 53 38 40 20 71 49 28 21 54 98 20 87 41 71 44 113 45 77 83 111 71 27 89 35 68 85 89 64 63 118 93 82 74 79 56 24 45 67 66 100 104 86 47 32 59 
1 20
1 73
1 99
1 109
2 26
2 38
2 46
2 56
2 64
2 101
2 117
2 119
2 139
3 12
3 26
3 33
3 47
3 68
3 75
3 78
4 90
4 98
4 118
4 130
5 4
5 63
5 84
5 92
5 145
6 89
6 102
6 124
6 133
7 11
7 20
7 38
7 57
7 59
7 108
7 111
7 133
8 3
8 23
8 27
8 90
8 100
8 136
9 26
9 45
9 59
9 62
9 132
10 4
10 21
10 42
10 87
10 104
10 124
10 126
10 139
10 142
11 29
11 33
11 51
11 71
11 83
11 101
11 126
11 139
12 35
12 58
12 59
12 63
12 107
13 8
13 19
13 30
13 38
13 45
13 51
13 101
13 110
13 131
13 139
13 140
14 26
14 35
14 39
14 42
14 103
14 126
15 45
15 61
15 64
15 84
15 87
15 139
16 17
16 66
16 92
16 110
16 119
16 135
16 148
17 1
17 31
17 53
17 85
17 99
17 129
18 17
18 29
18 55
18 59
18 62
18 121
19 5
19 24
19 81
19 82
19 84
19 110
19 137
20 49
20 53
20 108
20 121
20 124
21 53
21 54
21 89
21 109
21 127
21 145
21 146
22 35
22 61
22 89
22 107
22 125
23 16
23 34
24 12
24 17
24 25
24 37
24 40
24 92
24 109
24 125
24 144
24 150
25 34
25 45
25 114
25 139
26 1
26 12
26 22
26 40
26 106
26 133
26 136
27 61
27 84
27 99
27 136
27 146
28 3
28 59
28 67
28 68
28 81
28 91
28 99
28 109
28 116
28 147
29 4
29 28
29 58
29 67
29 139
29 142
30 15
30 26
30 52
30 91
30 120
30 134
30 146
31 7
31 77
31 82
31 113
31 119
31 121
31 129
32 28
32 61
32 104
32 119
32 125
32 132
32 133
32 137
33 18
33 79
33 107
33 133
34 6
34 7
34 24
34 28
34 61
34 73
34 146
35 19
35 39
35 88
35 90
35 116
35 145
36 9
36 16
36 74
36 90
36 105
36 107
36 120
36 122
36 128
36 147
37 16
37 60
37 85
38 6
38 21
38 26
38 36
38 39
38 42
38 61
38 74
38 87
38 90
38 108
38 128
38 133
39 12
39 26
39 31
39 49
39 50
39 100
39 103
40 23
40 113
40 125
40 148
41 4
41 43
41 53
41 66
41 71
41 92
41 117
41 133
41 141
42 64
42 89
42 112
42 149
43 25
43 54
43 56
43 82
43 125
43 132
43 143
43 144
43 150
44 18
44 31
44 51
44 73
44 115
44 121
45 27
45 54
45 68
45 87
45 117
45 129
45 142
46 15
46 21
46 31
46 106
46 110
47 16
47 28
47 53
47 54
47 70
48 1
48 41
48 49
48 60
48 62
48 68
48 129
48 133
48 135
49 9
49 42
49 45
49 83
49 85
49 130
49 138
49 147
50 37
50 47
50 51
50 106
50 112
50 128
50 139
51 22
51 28
51 43
51 45
51 67
51 85
51 101
51 117
52 11
52 39
52 57
52 105
52 106
52 133
52 138
52 145
53 30
53 34
53 68
53 134
53 135
53 139
54 17
54 22
54 33
54 68
54 76
54 104
54 110
54 117
54 131
54 134
55 10
55 20
55 26
55 46
55 51
55 74
55 76
55 78
55 79
55 88
55 108
55 113
55 126
55 140
56 21
56 34
56 51
56 52
56 61
56 116
56 149
57 9
57 53
57 69
57 81
57 105
57 137
58 30
58 34
58 50
58 56
58 94
58 134
59 24
59 35
59 52
59 57
59 73
59 74
59 98
59 114
59 128
59 131
59 133
59 142
60 30
60 55
60 81
60 84
60 91
60 92
60 98
60 99
60 103
60 106
60 111
60 114
60 120
60 125
60 139
60 142
61 6
61 8
61 23
61 35
61 42
61 76
61 77
61 87
61 115
61 123
61 136
62 20
62 27
62 30
62 63
62 71
62 97
62 112
62 123
63 3
63 30
63 40
63 67
63 70
63 89
63 98
63 102
63 128
63 132
64 4
64 28
64 33
64 38
64 77
64 81
64 104
64 124
64 125
65 39
65 75
65 79
65 144
66 89
66 117
66 120
67 18
67 22
67 62
67 127
67 138
68 9
68 10
68 47
68 66
68 72
68 76
68 135
69 1
69 24
69 48
69 87
69 88
69 90
69 106
69 113
69 128
70 21
70 24
70 71
70 102
70 142
70 149
71 7
71 54
71 68
71 79
71 100
71 120
71 125
72 1
72 8
72 65
72 109
72 120
73 22
73 54
73 57
73 63
73 65
73 82
73 100
73 105
74 25
74 34
74 41
74 79
74 82
74 99
74 104
74 150
75 24
75 59
75 70
76 10
76 18
76 34
76 35
76 40
76 102
76 105
76 130
77 24
77 37
77 121
77 144
78 40
78 62
78 68
78 91
78 116
79 1
79 47
79 60
79 83
79 95
79 116
79 131
79 144
80 1
80 32
80 53
80 95
80 144
81 7
81 27
81 43
81 107
81 134
81 146
82 64
82 80
82 115
83 30
83 65
83 70
83 78
83 89
83 114
84 8
84 26
84 88
84 122
84 131
85 2
85 25
85 40
85 41
85 44
85 74
85 75
86 9
86 16
86 21
86 37
86 73
86 74
86 76
86 77
86 90
86 102
86 137
86 142
86 145
87 49
87 52
87 57
87 120
87 127
87 140
88 5
88 44
88 81
88 104
89 3
89 60
89 67
89 96
89 126
89 132
89 134
89 142
89 144
89 149
90 135
91 20
91 36
91 39
91 51
91 53
91 79
91 104
91 110
91 119
91 121
91 133
92 11
92 29
92 36
92 55
92 75
92 77
92 86
92 89
92 93
92 103
92 106
93 3
93 22
93 54
93 60
93 146
94 6
94 11
94 40
94 49
94 78
94 121
95 31
95 44
95 82
95 94
95 96
95 97
95 106
96 3
96 13
96 33
96 36
96 55
96 69
96 83
96 91
96 93
97 19
97 20
97 27
97 68
97 82
97 143
98 66
98 69
98 75
98 112
99 8
99 15
99 43
99 90
99 107
99 115
99 136
99 140
99 148
100 19
100 35
100 61
100 104
101 37
102 47
102 103
103 1
103 16
103 17
103 32
103 47
103 72
103 115
103 143
104 22
104 38
104 43
104 59
104 62
104 116
104 141
105 7
105 9
105 16
105 17
105 68
105 91
105 114
105 123
106 11
106 38
106 40
106 89
106 124
106 129
107 4
107 9
107 24
107 70
107 106
107 114
108 4
108 8
108 9
108 11
108 15
108 37
108 109
108 114
108 130
108 133
108 140
109 10
109 11
109 61
109 95
109 105
109 120
109 123
109 128
109 150
110 8
110 9
110 55
110 57
110 69
110 79
110 80
110 105
110 113
111 5
111 12
111 50
111 59
111 67
111 128
111 140
113 2
113 11
113 27
113 63
113 73
113 85
113 99
113 103
113 107
113 126
113 135
114 14
114 40
114 45
114 118
115 8
115 22
115 32
115 53
115 56
115 65
115 69
115 100
116 8
116 57
116 100
116 122
116 138
117 16
117 26
117 38
117 136
118 89
118 95
118 120
118 133
118 140
119 38
119 53
119 63
119 82
119 117
119 118
119 124
120 48
120 73
120 113
120 122
120 145
121 1
121 26
121 50
121 87
121 101
121 132
122 16
122 21
122 40
122 45
122 58
122 59
122 70
122 92
122 108
122 121
122 124
123 3
123 9
123 12
123 20
123 58
123 59
123 106
124 22
124 24
124 35
124 41
124 46
124 50
124 94
124 126
124 140
124 149
125 14
125 15
125 19
125 86
125 105
125 147
126 39
126 98
126 105
126 121
127 5
127 11
127 71
127 105
127 130
128 55
128 79
128 90
128 100
128 106
129 1
129 19
129 96
129 102
129 119
130 37
130 71
131 32
131 105
131 121
131 142
132 5
132 14
132 15
132 23
132 61
132 67
132 82
132 92
132 114
132 138
133 25
133 55
133 87
133 138
133 146
133 149
134 1
134 18
134 57
134 65
134 78
134 83
134 94
134 147
135 32
135 47
135 57
135 84
135 105
135 109
135 111
136 30
136 33
136 37
136 40
136 63
136 66
136 132
137 18
137 53
137 55
137 66
137 82
137 95
137 120
137 140
138 27
138 30
138 70
138 91
138 130
138 131
138 142
139 54
139 56
139 63
139 76
139 80
139 117
139 140
140 30
140 48
140 56
140 78
140 86
140 121
141 8
141 23
141 53
141 76
141 82
141 137
141 150
142 13
142 50
142 61
142 91
142 147
143 10
143 45
143 106
143 133
144 27
144 53
144 75
144 95
145 9
145 12
145 43
145 68
145 81
145 103
145 135
146 26
146 32
146 47
146 75
146 99
146 138
146 145
147 27
147 34
147 47
147 92
147 146
148 30
148 54
148 66
148 74
148 77
148 94
148 113
149 3
149 11
149 33
149 47
149 93
149 126
149 146
150 41
150 63
150 91
150 106
150 114

