150 250
87 35 74 85 101 44 81 57 38 104 63 90 60 23 106 47 31 86 55 84 120 43 27 48 82 80 78 51 26 69 106 42 55 83 110 74 40 33 25 114 63 78 60 112 107 35 74 56 25 61 20 51 102 91 116 73 107 95 25 113 92 44 59 90 93 53 21 28 52 21 66 56 23 54 111 40 105 69 117 77 79 87 110 27 100 81 108 94 87 97 65 32 49 108 105 42 104 43 42 42 75 69 24 20 111 65 23 21 60 111 99 77 40 120 83 32 38 91 40 28 78 43 104 73 120 23 38 53 115 60 71 27 79 58 40 37 110 27 27 119 76 32 64 56 77 54 43 98 68 24 
1 82
4 32
4 53
4 139
5 33
5 80
5 83
5 130
5 150
6 4
6 141
8 138
10 12
10 17
10 43
10 53
10 81
10 89
10 117
10 131
11 100
11 101
12 59
12 71
14 26
14 38
14 43
15 86
16 59
17 121
19 80
19 83
19 93
20 13
21 4
21 87
22 55
22 68
22 73
23 28
23 57
23 130
24 1
25 80
27 12
27 19
28 67
29 55
29 139
30 51
30 106
31 5
31 12
33 17
34 9
34 143
35 60
35 146
36 3
36 8
36 61
37 39
37 55
39 20
40 61
41 6
41 13
42 124
43 24
44 86
44 136
45 53
46 30
46 38
46 59
46 83
46 120
46 149
47 39
47 105
47 138
48 106
48 139
50 3
50 9
50 17
50 94
51 114
51 115
52 128
53 104
54 73
55 16
55 73
56 87
57 72
58 72
58 83
59 21
59 32
59 68
59 80
59 89
59 117
60 4
60 68
60 103
63 23
63 38
63 124
63 137
64 7
64 11
65 8
66 89
68 61
68 134
68 149
69 12
70 23
70 42
70 125
71 18
73 6
74 9
74 75
74 97
75 38
75 58
76 25
76 88
76 90
77 139
77 147
78 116
79 104
80 35
80 97
80 125
80 145
82 125
82 145
83 62
84 14
84 46
84 65
84 118
86 4
86 74
87 138
88 47
89 22
89 29
89 37
90 109
91 42
91 146
92 64
93 94
93 106
93 114
94 25
94 31
94 73
95 10
95 26
95 32
95 75
96 9
97 53
98 6
98 81
100 98
100 113
100 133
100 144
102 99
103 20
104 119
105 113
106 6
106 100
107 80
107 109
107 121
107 127
108 79
108 124
109 16
109 45
110 105
110 118
110 130
111 4
111 42
111 50
112 33
112 39
112 98
113 104
113 125
113 127
113 138
114 87
115 41
115 141
117 57
118 27
119 50
119 142
120 22
120 59
120 102
121 131
123 64
123 132
126 34
126 80
126 83
127 53
127 146
128 10
129 123
129 142
129 143
131 83
132 148
134 144
134 147
136 49
137 136
138 27
139 43
139 81
140 74
140 130
142 101
142 121
143 114
144 15
144 78
145 3
147 71
147 110
147 118
148 128
149 44
150 45
150 98
150 100

