150 1000
44 55 86 70 26 86 34 72 49 65 28 81 88 67 78 23 104 86 82 37 93 36 42 55 98 31 97 58 25 79 24 117 43 87 108 64 92 57 89 111 78 48 80 60 107 64 31 58 118 66 49 113 24 52 26 76 54 78 36 26 117 75 92 72 78 66 20 105 34 103 110 116 98 69 57 30 70 66 101 62 27 42 32 23 59 39 78 106 55 35 56 105 68 87 96 120 37 88 99 109 20 50 86 20 101 85 52 73 36 79 20 37 117 27 109 67 97 100 23 94 65 50 93 25 66 54 115 88 107 57 56 21 40 32 26 57 21 81 104 95 43 108 77 29 39 48 116 44 57 110 
1 5
1 50
1 60
1 77
1 121
2 18
2 50
2 64
2 87
3 17
3 25
3 87
3 105
3 131
4 13
4 17
4 34
4 37
5 42
5 75
5 87
5 91
5 116
5 137
5 149
6 19
6 37
6 101
6 132
6 135
6 141
6 148
7 4
7 26
7 64
7 141
8 43
8 66
8 74
8 79
8 85
8 92
8 100
9 10
9 45
9 49
9 60
9 80
9 85
10 3
10 27
10 41
10 52
10 60
10 96
10 136
11 3
11 64
11 75
11 78
11 88
11 108
11 120
11 136
12 17
12 42
12 49
12 59
12 81
12 113
13 88
13 102
13 111
13 126
14 6
14 9
14 33
14 35
14 72
14 84
14 87
14 141
15 8
15 22
15 25
15 33
15 45
15 67
15 108
15 118
15 121
15 127
15 131
15 133
15 135
16 11
16 25
16 44
16 76
16 88
16 98
17 11
17 15
17 23
17 47
17 48
17 105
17 112
17 149
18 5
18 33
18 34
18 50
18 78
18 81
18 83
18 85
18 110
18 146
19 18
19 37
19 40
19 73
19 92
19 113
19 133
20 49
20 82
20 84
20 97
20 111
20 132
21 12
21 15
21 43
21 104
21 147
22 28
22 140
22 142
23 41
23 48
23 70
23 82
23 104
23 140
24 111
24 137
25 4
25 8
25 26
25 30
25 40
25 73
25 92
26 2
26 9
26 19
26 75
26 96
26 105
26 129
27 19
27 100
27 108
27 128
27 149
28 2
28 13
28 20
28 21
28 26
28 31
28 76
28 98
29 5
29 30
29 36
29 69
29 118
29 123
29 124
30 66
30 87
30 122
30 141
31 3
31 64
31 76
31 90
31 104
31 105
31 144
32 2
32 7
32 44
32 88
32 92
32 95
32 114
32 117
32 118
32 136
33 38
33 45
33 56
33 61
33 73
33 101
33 103
33 112
33 129
33 142
34 6
34 10
34 11
34 19
34 42
34 51
34 61
34 67
34 70
34 83
34 92
34 94
34 95
34 101
34 118
35 10
35 40
35 42
35 63
35 85
35 89
35 108
35 127
36 5
36 8
36 65
36 97
37 51
37 59
37 72
37 77
37 95
37 119
37 123
38 28
38 37
38 48
38 51
38 64
38 87
38 99
38 117
38 127
39 13
39 37
39 41
39 69
39 150
40 89
40 103
40 125
41 34
41 50
41 73
41 77
41 89
41 111
42 14
42 86
42 89
42 109
42 112
42 119
42 148
43 46
43 91
43 126
44 8
44 25
44 139
45 20
46 79
47 55
47 83
47 104
48 70
48 95
48 127
48 128
48 138
49 46
49 80
49 116
49 122
50 5
50 7
50 32
50 46
50 76
50 84
50 110
50 141
50 143
51 23
51 27
51 54
51 87
51 109
51 111
52 62
52 68
52 82
52 84
52 85
52 86
53 35
53 47
53 59
53 81
53 88
53 108
53 114
53 127
54 53
54 95
54 103
54 121
55 8
55 14
55 52
55 57
55 88
55 96
55 110
55 118
55 128
55 136
55 150
56 40
56 63
56 100
56 103
56 116
56 126
56 128
57 23
57 37
57 47
57 58
57 66
57 75
57 84
57 96
57 120
57 143
58 5
58 27
58 38
58 40
58 42
58 48
58 52
58 54
58 56
58 92
58 99
58 105
58 126
59 5
59 67
59 76
59 81
59 97
60 6
60 59
60 76
60 95
60 116
60 134
60 138
61 14
61 72
61 92
62 7
62 43
62 51
62 66
62 93
62 107
62 109
62 110
62 123
62 135
63 7
63 53
63 78
63 83
63 113
63 149
64 13
64 16
64 33
64 40
64 46
64 68
64 94
64 107
64 111
64 131
65 9
65 12
65 15
65 52
65 53
65 99
65 117
66 1
66 48
66 58
66 63
66 109
66 124
67 5
67 14
67 17
67 40
67 73
67 89
67 94
67 138
67 148
68 18
68 67
68 77
68 110
68 141
69 9
69 12
69 14
69 17
69 41
69 56
69 99
69 106
69 131
69 135
70 26
70 37
70 43
70 118
71 27
71 35
71 66
71 76
71 125
71 134
72 109
72 116
72 118
72 121
72 126
72 138
73 45
73 110
73 134
73 139
74 117
74 118
75 46
75 58
75 111
75 112
75 128
75 150
76 19
76 54
76 55
76 80
76 93
76 141
76 142
77 17
77 19
77 27
77 36
77 49
77 84
77 89
77 101
77 125
77 142
78 27
78 30
78 46
78 51
78 131
78 133
79 14
79 29
79 47
79 49
79 57
79 72
79 74
79 87
79 110
79 118
79 130
80 19
80 79
80 101
80 125
80 134
81 6
81 77
81 85
81 105
82 21
82 39
82 134
82 143
82 145
83 3
83 14
83 30
83 32
84 4
84 5
84 12
84 53
84 86
84 98
85 50
85 121
85 138
85 150
86 18
86 55
86 77
86 116
86 126
86 146
87 25
87 41
87 43
87 71
87 74
87 85
87 121
87 132
88 19
88 23
88 38
88 48
88 60
88 62
88 100
88 104
88 107
88 144
89 74
89 121
89 123
89 127
90 52
90 55
90 61
90 79
90 87
90 112
90 134
90 143
91 11
91 68
91 104
91 123
91 134
91 137
92 46
92 75
92 76
92 83
92 85
92 129
93 41
93 63
93 70
93 80
93 84
93 115
93 127
94 17
94 18
94 32
94 57
94 86
94 123
94 150
95 7
95 14
95 16
95 36
95 72
95 88
95 111
95 123
95 149
96 23
96 41
96 76
96 102
96 127
97 61
97 65
97 77
97 78
97 109
97 111
97 143
98 18
98 53
98 55
98 77
98 78
98 91
98 121
98 145
98 146
99 12
99 73
99 74
99 80
99 82
99 131
99 141
99 142
100 20
100 26
100 82
100 125
100 149
101 73
101 122
102 4
102 87
102 95
102 134
102 139
103 1
103 14
103 20
103 42
103 72
103 78
103 81
103 84
103 106
103 109
103 115
103 125
103 143
104 34
104 36
104 37
104 44
104 115
105 51
105 54
105 67
105 98
105 123
105 131
106 24
106 105
106 108
107 23
107 26
107 30
107 71
107 86
107 140
108 14
108 26
108 76
108 77
108 80
108 81
108 107
108 130
108 141
109 53
109 125
109 141
110 8
110 9
110 17
110 34
110 38
110 71
110 97
110 108
110 141
111 4
111 57
111 70
111 83
111 120
111 121
111 128
111 137
112 1
112 3
112 34
112 45
112 46
112 55
112 58
112 98
113 43
113 45
113 54
113 62
113 65
113 66
113 73
113 81
113 129
114 17
114 22
114 31
114 37
114 52
114 79
114 97
114 140
115 10
115 15
115 18
115 30
115 37
115 70
115 114
116 38
116 74
116 92
116 101
116 113
116 120
116 123
116 130
117 35
117 45
117 71
117 78
117 84
117 105
117 134
117 138
117 150
118 2
118 25
118 26
118 38
118 46
118 127
119 50
119 53
119 74
119 92
119 147
120 29
120 45
120 46
120 53
120 67
120 79
120 112
120 117
120 135
121 19
121 61
121 70
121 116
121 125
121 138
121 147
122 18
122 21
122 54
122 91
122 106
122 124
122 144
122 147
122 150
123 32
123 47
123 57
123 59
123 70
123 71
123 82
123 83
123 102
123 135
124 4
124 10
124 17
124 48
124 50
124 57
124 116
124 127
124 138
124 139
124 141
124 145
125 4
125 14
125 19
125 37
125 99
125 129
125 144
126 15
126 55
126 66
126 107
126 110
126 115
126 142
126 144
126 146
127 41
127 114
127 139
128 13
128 17
128 18
128 39
128 69
128 89
128 124
128 125
128 137
128 138
128 146
129 5
129 23
129 30
129 50
129 64
129 67
129 91
129 119
129 149
130 29
130 56
130 111
131 22
131 48
131 101
131 127
131 134
131 135
132 8
132 39
132 65
132 73
132 120
133 3
133 7
133 13
133 39
133 59
133 106
133 124
134 7
134 22
134 64
134 74
134 88
134 124
134 127
135 16
135 46
135 52
135 53
135 61
135 78
135 99
135 125
136 1
136 13
136 43
136 72
136 116
136 124
136 146
137 10
137 40
137 54
137 116
137 146
138 3
138 8
138 81
138 88
138 116
138 133
138 150
139 5
139 28
139 48
139 62
139 65
139 70
139 71
139 116
139 121
140 6
140 13
140 18
140 25
140 29
140 116
141 1
141 16
141 18
141 19
141 26
141 34
141 36
141 45
141 73
141 74
141 77
141 93
141 123
141 125
141 133
141 139
142 12
142 54
142 57
142 58
142 66
142 98
142 103
143 52
143 53
143 63
143 107
144 48
144 57
144 104
144 105
144 127
144 138
144 145
145 78
145 112
145 128
146 17
146 23
146 29
146 66
146 76
146 87
146 108
147 23
147 42
147 47
147 74
147 101
147 105
147 110
148 5
148 32
148 61
148 115
148 130
148 135
149 37
149 66
149 107
149 109
149 113
149 117
150 43
150 77
150 84
150 116
150 120
150 132
150 141
150 148

