100 250
111 110 114 120 22 21 112 75 31 27 48 64 34 50 63 114 60 52 78 113 45 68 76 26 25 44 52 113 29 100 56 120 46 25 57 108 50 107 102 70 69 53 51 48 55 97 91 76 119 95 51 77 38 35 79 64 60 70 116 68 61 31 112 93 73 40 75 119 107 79 45 107 82 33 102 70 33 76 99 94 61 105 26 53 50 30 75 94 96 100 63 98 119 27 103 110 113 87 80 84 
1 28
1 30
1 81
2 26
2 67
2 73
2 92
3 43
4 85
5 66
5 96
6 2
6 41
6 48
7 98
8 34
8 94
9 56
9 73
10 43
10 83
11 22
11 30
11 46
11 64
12 3
12 64
13 40
14 31
14 32
14 45
14 57
15 5
15 12
15 47
15 81
16 30
17 3
17 18
17 26
17 34
17 38
17 48
19 99
20 96
20 100
21 38
21 60
21 84
22 27
23 3
23 38
24 15
24 69
24 75
25 21
25 34
25 94
26 3
26 73
27 12
27 91
28 21
28 25
28 70
28 78
29 26
29 65
29 97
30 61
31 29
31 48
31 68
32 42
33 21
34 61
34 63
34 84
34 85
34 93
35 8
36 5
36 83
36 96
37 6
37 31
37 35
38 12
38 13
38 49
39 9
39 91
39 94
40 33
40 56
40 74
40 94
41 57
41 59
42 31
42 50
42 61
42 72
43 35
43 38
45 22
45 35
45 47
45 70
46 7
47 16
47 78
47 98
48 8
48 13
48 54
48 62
48 77
49 5
49 48
50 1
50 44
50 88
51 3
51 58
52 71
52 94
53 38
53 100
54 18
54 29
54 47
54 59
54 68
54 86
56 18
56 44
56 59
57 33
57 94
58 98
59 5
60 9
60 10
60 24
60 25
61 4
61 25
61 43
61 98
61 100
62 26
62 35
62 57
62 84
62 88
63 26
64 94
66 17
66 28
66 32
66 36
66 58
68 58
68 74
69 22
71 3
71 35
71 86
71 87
71 94
72 28
72 46
72 67
72 74
72 75
73 17
73 32
73 90
74 100
75 15
75 36
75 40
75 70
77 96
78 5
78 74
79 24
79 25
79 51
80 46
80 65
80 87
82 40
82 74
83 5
83 17
83 47
83 55
84 20
84 38
84 54
84 97
85 59
85 60
85 81
85 86
86 26
87 5
87 23
87 77
87 81
88 31
88 65
88 77
89 5
89 14
89 18
89 67
89 74
90 47
90 66
90 69
90 84
91 35
91 81
92 18
92 67
92 89
93 28
93 46
93 73
94 21
94 51
94 83
95 27
95 55
95 60
96 63
96 76
97 68
98 14
98 21
98 77
98 90
99 1
99 52
100 32
100 72
100 93

