100 100
57 57 64 64 119 51 115 100 56 84 99 119 119 59 21 37 64 99 74 81 44 54 107 54 41 75 25 26 87 71 119 30 36 119 44 32 21 76 109 66 28 77 31 110 109 30 55 105 62 37 23 95 57 115 59 62 31 56 34 72 92 74 45 52 51 97 114 48 86 46 49 77 100 21 31 44 80 100 50 113 27 27 109 40 55 104 41 70 87 96 60 119 94 40 34 50 57 35 65 115 
1 74
3 67
4 5
4 27
7 59
8 87
9 67
9 92
10 22
10 23
10 36
13 29
13 52
13 80
14 32
15 28
16 37
17 86
20 94
21 48
22 90
23 8
23 21
23 36
24 48
25 78
26 77
27 79
29 99
32 96
33 38
35 18
35 76
36 88
39 11
39 79
41 18
41 60
42 18
43 10
44 8
44 20
44 25
46 77
51 1
51 53
52 68
53 97
55 3
55 47
55 54
55 87
56 14
57 27
57 39
57 51
59 31
60 18
60 90
61 35
64 7
64 18
64 42
65 28
66 85
67 70
68 21
68 59
70 11
70 51
71 32
71 76
73 69
75 46
75 96
76 3
77 41
77 73
78 21
79 85
80 8
80 39
80 48
81 83
84 87
85 56
86 7
92 74
93 77
94 95
96 16
96 99
97 100
98 23
98 27
98 36
98 96
99 74
99 85
100 2

