300 3000
83 35 100 37 58 37 33 78 77 54 26 50 83 37 106 62 77 83 63 48 68 98 23 64 26 98 77 85 55 102 48 48 103 101 57 88 32 34 115 61 113 62 31 22 25 45 111 48 53 45 105 92 24 67 92 63 88 51 78 48 100 60 89 20 43 62 76 70 116 105 77 42 98 44 119 79 101 21 50 115 56 68 57 70 91 71 96 75 54 45 90 110 49 65 21 86 53 113 56 89 31 21 96 20 120 76 77 77 90 20 102 70 71 77 108 93 96 81 70 33 116 34 69 56 82 60 65 119 112 107 106 62 106 22 101 81 96 68 64 35 98 98 77 28 30 54 116 86 22 55 74 20 34 62 29 66 68 23 68 55 71 42 34 35 105 63 71 81 72 27 69 57 108 22 85 94 68 47 51 41 94 65 49 73 35 42 43 71 78 20 45 76 28 61 51 68 44 24 110 52 85 42 51 68 104 109 21 81 58 27 29 115 30 104 65 39 64 82 84 62 95 23 22 78 45 86 53 53 49 101 92 120 106 24 56 47 99 96 22 63 83 31 33 37 31 68 71 68 91 25 62 75 21 54 66 109 24 106 109 78 88 94 112 35 32 115 65 34 23 27 56 64 44 110 55 82 103 108 57 89 111 94 35 78 101 100 63 97 40 115 42 117 26 113 38 50 36 105 54 34 
1 93
1 103
1 121
1 144
1 158
1 161
1 163
1 187
1 189
1 252
1 258
1 275
1 293
2 51
2 76
2 81
2 82
2 109
2 110
2 117
2 130
2 173
2 253
3 39
3 42
3 189
3 191
3 205
3 208
3 241
3 248
3 274
3 285
4 91
4 115
4 120
4 180
4 190
4 200
4 230
4 255
5 6
5 29
5 85
5 129
5 186
5 197
5 213
5 274
5 288
6 12
6 95
6 145
6 197
6 235
6 238
6 252
6 279
7 10
7 13
7 68
7 102
7 127
7 130
7 147
7 156
7 241
7 273
8 79
8 114
8 119
8 144
8 219
8 225
8 233
9 11
9 47
9 134
9 212
10 44
10 54
10 104
10 170
10 172
10 192
10 227
10 247
10 270
10 298
11 56
11 58
11 61
11 131
11 147
11 200
11 204
11 228
11 237
11 271
11 281
12 4
12 34
12 75
12 81
12 85
12 276
13 27
13 72
13 102
13 117
13 165
13 171
13 184
13 206
13 277
14 15
14 48
14 51
14 94
14 115
14 147
14 157
14 163
14 190
14 241
14 285
15 60
15 63
15 76
15 104
15 113
15 115
15 152
15 161
16 60
16 114
16 134
16 159
16 211
16 254
17 19
17 62
17 72
17 94
17 97
17 102
17 138
17 183
17 220
17 274
18 15
18 35
18 45
18 111
18 124
18 131
18 167
18 175
18 178
18 185
18 195
18 201
18 277
19 34
19 56
19 79
19 81
19 90
19 91
19 130
19 157
19 158
19 160
19 188
19 190
19 215
19 218
19 220
19 237
20 10
20 38
20 147
20 162
20 197
20 224
20 254
20 263
20 272
21 20
21 115
21 143
21 175
21 211
21 242
21 264
22 39
22 57
22 111
22 130
22 132
22 168
22 181
22 205
22 209
22 221
22 240
22 246
22 272
22 273
22 293
23 9
23 130
23 136
23 162
23 227
23 231
23 265
23 281
24 61
24 111
24 115
24 122
24 152
24 154
24 172
24 184
24 203
24 229
24 270
25 2
25 12
25 24
25 36
25 68
25 108
25 117
25 148
25 167
25 169
25 174
25 175
25 185
25 191
25 248
26 5
26 30
26 53
26 92
26 95
26 118
26 144
26 167
26 223
26 259
26 283
27 1
27 29
27 31
27 50
27 51
27 62
27 122
27 188
27 189
27 226
27 258
27 259
27 294
28 14
28 92
28 106
28 125
28 148
28 154
28 179
28 215
28 300
29 48
29 74
29 82
29 133
29 153
29 174
30 25
30 60
30 97
30 134
30 168
30 185
30 222
30 281
30 289
31 42
31 49
31 103
31 118
31 128
31 148
31 195
31 267
32 8
32 40
32 50
32 96
32 107
32 144
32 149
32 167
32 207
32 222
32 240
32 243
32 257
32 266
32 279
32 292
33 20
33 40
33 64
33 77
33 85
33 89
33 141
33 194
33 236
34 67
34 129
34 168
34 191
34 257
34 268
35 2
35 3
35 12
35 16
35 23
35 190
35 209
35 256
35 267
35 268
35 270
35 295
36 23
36 30
36 51
36 57
36 80
36 81
36 174
36 184
36 249
36 280
36 299
37 52
37 156
37 190
37 225
37 229
37 257
37 287
38 33
38 48
38 50
38 66
38 88
38 169
38 187
38 194
38 201
38 203
38 219
38 248
38 275
39 10
39 50
39 108
39 117
39 212
39 226
39 230
40 13
40 55
40 107
40 151
40 165
40 177
40 242
40 257
40 284
41 57
41 70
41 76
41 107
41 129
41 131
41 142
41 144
41 167
41 169
41 180
41 250
41 268
41 270
41 288
41 292
42 38
42 39
42 44
42 73
42 96
42 123
42 185
43 67
43 104
43 106
43 172
43 193
43 200
43 291
43 295
44 64
44 78
44 83
44 85
44 103
44 241
44 247
44 296
45 1
45 2
45 85
45 97
45 121
45 160
45 200
45 236
45 237
45 251
45 253
45 293
46 15
46 23
46 73
46 226
46 239
46 279
46 285
47 8
47 19
47 22
47 86
47 110
47 167
47 201
47 236
48 42
48 52
48 61
48 104
48 109
48 121
48 140
48 146
48 159
48 166
48 178
48 186
48 254
48 261
48 280
49 26
49 54
49 119
49 122
49 145
49 160
49 203
49 228
49 236
49 245
50 4
50 10
50 33
50 76
50 88
50 125
50 171
50 176
50 178
50 201
50 259
51 1
51 89
51 98
51 100
51 102
51 103
51 106
51 167
51 190
51 258
51 260
51 279
52 2
52 28
52 43
52 92
52 124
52 192
52 283
53 61
53 72
53 84
53 125
53 133
53 171
53 205
53 221
53 290
54 2
54 85
54 87
54 104
54 161
54 206
54 242
54 257
54 263
54 268
54 271
54 272
54 274
55 3
55 19
55 21
55 32
55 38
55 90
55 92
55 153
55 164
55 167
55 185
55 189
55 235
55 284
56 32
56 121
56 173
56 177
56 178
56 212
56 213
56 217
56 234
56 271
57 23
57 84
57 98
57 124
57 159
57 191
57 231
57 247
57 265
57 268
57 275
57 286
58 20
58 113
58 154
58 166
58 181
58 256
58 293
58 295
59 7
59 60
59 92
59 113
59 170
59 249
59 257
59 259
59 288
60 51
60 54
60 84
60 114
60 120
60 130
60 149
60 163
60 218
60 222
60 246
60 284
61 3
61 7
61 37
61 65
61 186
61 202
62 16
62 28
62 46
62 48
62 50
62 115
62 116
62 135
62 149
62 166
62 176
62 197
62 299
63 3
63 41
63 68
63 79
63 102
63 115
63 156
63 171
63 179
63 196
63 260
63 282
63 286
63 292
64 26
64 55
64 75
64 98
64 99
64 151
64 160
64 191
64 245
64 253
64 269
64 277
64 282
65 22
65 84
65 99
65 151
65 163
65 183
65 190
65 207
65 237
65 248
65 274
65 283
66 23
66 28
66 30
66 63
66 68
66 75
66 98
66 159
66 217
66 223
66 225
67 2
67 21
67 46
67 61
67 102
67 120
67 126
67 164
67 166
67 169
67 214
67 290
68 19
68 70
68 109
68 135
68 147
68 159
68 190
68 234
68 255
69 21
69 29
69 32
69 58
69 77
69 93
69 98
69 114
69 126
69 135
69 166
69 168
69 171
69 189
69 255
70 49
70 79
70 98
70 125
70 128
70 169
70 195
70 238
70 244
70 267
70 294
71 83
71 143
71 167
71 178
71 213
71 250
71 278
72 2
72 16
72 137
72 195
72 232
72 251
73 5
73 15
73 41
73 47
73 78
73 92
73 174
73 179
73 184
73 197
73 205
73 207
73 216
73 291
74 10
74 11
74 33
74 51
74 116
74 150
74 198
74 235
74 286
75 26
75 27
75 42
75 116
75 149
75 171
75 200
75 202
75 214
75 233
76 10
76 86
76 88
76 126
76 181
76 202
76 291
77 3
77 46
77 53
77 56
77 113
77 132
77 148
77 151
77 221
77 231
77 278
78 48
78 62
78 93
78 138
78 142
78 143
78 179
79 11
79 37
79 73
79 103
79 157
79 160
79 240
79 266
79 283
80 20
80 86
80 89
80 110
80 193
80 203
80 207
80 222
80 225
80 243
80 244
80 251
81 26
81 27
81 48
81 65
81 74
81 105
81 128
81 158
81 206
82 18
82 51
82 64
82 102
82 153
82 159
82 161
82 194
82 198
82 208
82 227
82 231
82 261
82 271
83 12
83 53
83 81
83 102
83 106
83 108
83 109
83 145
83 152
83 156
83 173
83 175
83 192
83 204
83 211
83 240
83 269
83 283
84 31
84 38
84 51
84 68
84 76
84 79
84 136
84 210
84 214
84 219
84 285
85 16
85 29
85 55
85 66
85 72
85 74
85 93
85 174
85 254
85 257
85 259
86 2
86 32
86 83
86 84
86 151
86 158
86 188
86 189
86 204
86 218
86 248
86 286
86 287
86 295
87 51
87 141
87 151
87 201
87 219
87 268
88 13
88 39
88 60
88 66
88 70
88 99
88 155
88 164
88 229
88 269
88 270
88 278
89 26
89 111
89 113
89 142
89 156
89 162
89 175
90 1
90 28
90 38
90 52
90 74
90 76
90 96
90 117
90 242
90 271
90 277
90 283
91 9
91 23
91 55
91 79
91 112
91 140
91 168
91 219
91 251
91 291
92 48
92 118
92 140
92 177
92 203
92 237
92 279
92 290
93 41
93 65
93 79
93 88
93 158
93 162
93 167
93 172
93 195
93 222
93 254
93 284
94 25
94 120
94 123
94 134
94 143
94 153
94 155
94 180
94 220
94 294
95 21
95 23
95 85
95 122
95 148
95 150
95 186
95 216
96 12
96 53
96 102
96 138
96 188
96 218
97 88
97 159
97 201
97 206
97 224
97 256
97 275
98 1
98 14
98 31
98 58
98 91
98 140
98 186
98 227
98 248
98 299
99 43
99 45
99 118
99 121
99 147
99 158
99 191
99 218
99 221
99 261
99 272
100 18
100 35
100 47
100 98
100 119
100 120
100 129
100 153
100 203
100 240
100 245
100 280
100 297
101 34
101 65
101 97
101 111
101 120
101 145
101 146
101 191
101 239
101 286
101 293
101 300
102 68
102 73
102 122
102 130
102 159
102 197
102 252
102 298
103 2
103 39
103 59
103 93
103 98
103 141
103 179
103 194
103 206
103 231
103 247
103 261
103 282
103 286
103 292
103 297
103 298
104 32
104 58
104 84
104 145
104 174
104 177
104 195
104 200
104 225
104 236
105 48
105 50
105 96
105 170
105 193
105 233
105 239
105 244
105 265
106 15
106 74
106 82
106 118
106 149
106 277
107 24
107 51
107 89
107 121
107 122
107 168
107 169
107 185
107 226
107 270
107 281
107 287
108 10
108 14
108 35
108 50
108 84
108 91
108 92
108 114
108 121
108 201
108 239
108 265
108 272
109 54
109 79
109 132
109 222
109 241
109 268
110 18
110 58
110 92
110 105
110 125
110 152
110 168
110 226
110 255
110 266
110 280
111 27
111 31
111 88
111 96
111 198
111 206
111 218
111 268
111 274
111 294
112 144
112 150
112 154
112 173
112 198
112 203
112 215
112 276
112 278
113 19
113 20
113 36
113 69
113 103
113 162
113 277
114 49
114 58
114 104
114 142
114 161
114 183
114 211
114 262
115 8
115 18
115 93
115 126
115 150
115 201
115 212
115 216
115 255
116 9
116 39
116 53
116 92
116 93
116 123
116 199
116 249
117 17
117 60
117 83
117 139
117 142
117 146
117 202
117 267
118 72
118 115
118 175
118 190
118 252
118 268
118 272
118 277
119 92
119 147
119 161
119 176
119 236
119 241
119 254
119 271
119 286
120 10
120 81
120 85
120 91
120 103
120 204
120 216
120 247
120 270
121 33
121 41
121 84
121 94
121 106
121 112
121 136
121 147
121 154
121 170
121 200
121 225
121 254
121 269
122 51
122 56
122 84
122 99
122 120
122 168
122 227
122 245
123 30
123 33
123 37
123 43
123 63
123 77
123 79
123 111
123 160
123 172
123 181
123 194
123 210
123 224
123 266
123 278
124 11
124 49
124 74
124 128
124 178
124 183
125 4
125 7
125 21
125 45
125 59
125 61
125 82
125 104
125 134
125 135
125 148
125 152
125 193
125 264
125 276
125 293
126 72
126 81
126 85
126 151
126 152
126 166
126 184
126 247
126 255
126 280
127 25
127 35
127 86
127 114
127 148
127 165
127 200
127 224
127 290
127 297
128 39
128 159
128 244
128 294
129 61
129 83
129 85
129 86
129 88
129 120
129 185
129 218
129 223
129 299
130 47
130 57
130 59
130 71
130 98
130 103
130 154
130 176
130 204
130 218
130 250
130 263
130 265
130 289
131 44
131 57
131 89
131 95
131 165
131 168
131 179
132 6
132 36
132 60
132 76
132 90
132 175
132 215
132 261
132 282
133 21
133 27
133 64
133 114
133 115
134 2
134 27
134 67
134 70
134 88
134 118
134 127
134 129
134 150
134 151
134 198
134 213
134 226
134 268
134 283
134 286
135 79
135 87
135 98
135 126
135 144
135 157
135 232
135 255
136 13
136 38
136 43
136 94
136 107
136 157
136 174
136 242
136 271
137 7
137 58
137 111
137 178
137 184
138 2
138 21
138 136
138 158
138 179
138 281
138 297
139 64
139 65
139 73
139 102
139 113
139 119
139 147
139 231
139 236
139 251
139 271
140 35
140 55
140 58
140 64
140 143
140 153
140 224
140 239
140 253
140 271
141 4
141 12
141 13
141 59
141 72
141 74
141 91
141 109
141 183
141 205
141 209
141 212
141 246
141 279
142 56
142 120
142 162
142 184
142 202
142 213
142 256
143 6
143 57
143 80
143 90
143 160
143 165
143 171
143 231
143 296
143 300
144 93
144 105
144 120
144 181
144 294
144 298
145 40
145 55
145 67
145 91
145 125
145 134
145 152
145 167
145 175
145 191
145 219
145 294
146 62
146 115
146 132
146 205
146 234
146 242
146 251
146 268
146 281
147 8
147 21
147 25
147 53
147 54
147 78
147 123
147 138
147 207
147 212
147 270
147 300
148 2
148 63
148 65
148 94
148 123
148 155
148 190
148 208
148 221
148 223
148 226
148 233
148 236
148 246
148 252
148 260
148 275
148 289
149 27
149 57
149 69
149 76
149 87
149 109
149 113
149 140
149 148
149 285
149 290
149 295
149 299
150 57
150 78
150 80
150 85
150 96
150 113
150 139
150 187
150 269
151 1
151 6
151 91
151 118
151 162
151 200
151 209
151 210
151 258
151 291
152 7
152 11
152 48
152 60
152 84
152 124
152 129
152 169
152 187
152 198
152 244
152 257
152 262
152 294
152 296
153 27
153 33
153 35
153 128
153 137
153 166
153 168
153 222
153 223
153 225
153 266
153 278
153 293
154 6
154 47
154 77
154 158
154 159
154 164
154 178
154 189
154 242
154 289
154 294
155 3
155 5
155 54
155 70
155 91
155 114
155 160
155 174
155 202
155 234
156 25
156 35
156 39
156 74
156 82
156 106
156 124
156 155
156 203
156 250
156 255
156 272
156 289
157 16
157 34
157 94
157 99
157 100
157 112
157 158
157 177
157 252
157 262
157 279
157 283
157 297
158 35
158 171
158 172
158 175
158 182
158 183
158 184
158 192
158 202
158 216
158 273
158 286
159 15
159 41
159 56
159 60
159 83
159 93
159 126
159 130
159 168
159 169
159 175
159 205
159 246
159 299
160 42
160 68
160 69
160 87
160 104
160 172
160 231
160 232
160 239
160 243
160 258
160 264
160 294
161 52
161 96
161 151
161 176
161 191
161 263
161 276
161 277
161 282
161 284
162 16
162 26
162 69
162 138
162 163
162 182
162 185
162 245
162 281
162 282
163 4
163 6
163 22
163 123
163 128
163 133
163 138
163 156
163 157
163 160
163 178
163 206
163 211
163 257
163 262
164 12
164 81
164 166
164 167
164 286
165 7
165 8
165 73
165 83
165 104
165 118
165 153
165 154
165 155
165 175
165 181
165 196
165 287
165 293
165 300
166 51
166 81
166 184
166 214
166 229
166 242
166 244
167 1
167 10
167 15
167 125
167 190
167 246
167 254
168 58
168 68
168 98
168 140
168 165
168 195
168 205
168 217
168 224
168 228
168 230
168 277
168 292
169 33
169 57
169 83
169 91
169 123
169 124
169 215
169 221
170 4
170 5
170 55
170 65
170 115
170 117
170 173
170 201
170 227
170 250
170 254
171 11
171 34
171 46
171 103
171 116
171 166
171 255
171 282
172 107
172 155
172 169
172 292
173 12
173 51
173 53
173 124
173 126
173 166
173 221
173 225
173 262
173 289
174 3
174 26
174 58
174 101
174 116
174 151
174 207
174 218
174 236
174 249
174 269
175 54
175 105
175 120
175 198
175 239
175 265
176 34
176 41
176 45
176 58
176 64
176 83
176 100
176 175
176 225
176 256
176 269
177 2
177 3
177 33
177 147
177 182
177 191
177 202
177 236
177 254
177 259
177 291
178 49
178 113
178 123
178 130
178 134
178 158
178 200
178 214
178 241
178 245
178 275
179 14
179 53
179 67
179 81
179 98
179 184
179 206
179 219
179 223
179 252
179 256
180 17
180 27
180 36
180 39
180 214
181 11
181 21
181 60
181 69
181 142
181 162
181 178
181 189
181 240
182 61
182 80
182 111
182 170
182 279
182 292
183 3
183 10
183 14
183 16
183 49
183 56
183 116
183 127
183 156
183 182
183 191
183 244
183 272
183 283
184 90
184 141
184 155
184 157
184 164
184 201
184 237
184 248
184 254
184 276
185 1
185 29
185 47
185 125
185 210
185 230
186 88
186 111
186 174
186 184
186 218
186 250
187 8
187 41
187 79
187 85
187 119
187 128
187 132
187 153
187 161
187 165
187 186
187 200
187 259
187 260
188 32
188 39
188 59
188 106
188 153
188 192
188 237
188 243
188 251
188 263
188 279
188 292
189 23
189 34
189 66
189 74
189 90
189 117
189 134
189 150
189 152
189 158
189 163
189 173
189 207
189 221
189 230
190 8
190 13
190 132
190 142
190 144
190 187
190 237
190 250
190 259
191 2
191 14
191 24
191 103
191 189
191 201
191 229
191 244
191 281
192 6
192 27
192 39
192 40
192 47
192 72
192 87
192 92
192 125
192 136
192 156
192 168
192 286
193 25
193 27
193 48
193 65
193 97
193 103
193 121
193 122
193 130
193 139
193 172
193 224
193 232
193 269
194 10
194 50
194 68
194 80
194 120
194 143
194 154
194 174
194 192
194 274
195 3
195 32
195 68
195 100
195 150
195 160
195 211
195 222
195 234
195 293
195 298
196 16
196 54
196 79
196 114
196 143
196 152
196 155
196 226
196 228
196 231
197 41
197 76
197 90
197 109
197 173
197 205
197 239
197 269
198 10
198 52
198 62
198 63
198 93
198 108
198 113
198 119
198 184
198 189
198 285
199 71
199 91
199 155
199 167
199 181
199 187
199 195
199 215
200 18
200 23
200 46
200 158
200 160
200 176
200 183
200 237
200 287
201 4
201 42
201 54
201 58
201 80
201 101
201 134
201 137
201 166
201 228
201 233
201 240
201 243
201 262
201 270
201 273
202 17
202 53
202 68
202 72
202 129
202 180
202 265
202 268
203 9
203 13
203 41
203 51
203 55
203 62
203 79
203 84
203 166
203 168
203 259
204 2
204 62
204 77
204 113
204 140
204 159
204 168
204 180
204 186
204 232
204 250
205 16
205 41
205 107
205 124
205 180
205 183
205 195
205 225
206 28
206 30
206 46
206 80
206 94
206 102
206 109
206 120
206 184
206 205
206 233
206 241
206 274
207 18
207 155
207 162
207 194
207 275
207 276
207 283
207 284
208 21
208 47
208 79
208 85
208 211
208 252
208 265
208 267
208 275
208 288
208 290
209 20
209 73
209 104
209 125
209 149
209 168
209 186
209 225
209 235
209 248
209 257
210 6
210 40
210 144
210 224
210 233
210 234
210 271
211 23
211 28
211 40
211 78
211 140
211 174
211 196
211 204
211 217
211 239
211 241
211 277
211 279
211 289
211 293
212 10
212 19
212 24
212 33
212 46
212 94
212 197
212 243
213 27
213 45
213 55
213 108
213 133
213 137
213 253
214 29
214 83
214 92
214 112
214 134
214 163
214 184
214 265
214 273
215 20
215 46
215 60
215 84
215 85
215 94
215 134
215 138
215 141
215 160
215 198
215 207
215 226
215 254
216 97
216 122
216 215
216 218
216 226
216 240
216 247
216 283
216 299
217 1
217 29
217 55
217 88
217 117
217 167
217 196
217 226
218 4
218 15
218 50
218 56
218 63
218 65
218 88
218 161
218 166
218 180
218 198
218 209
218 225
218 244
218 267
218 287
219 93
219 128
219 152
219 170
219 178
220 27
220 58
220 139
220 140
220 141
220 167
220 263
220 289
221 15
221 17
221 33
221 43
221 47
221 78
221 92
221 200
221 218
221 232
221 292
222 36
222 63
222 149
222 156
222 160
222 162
222 185
222 197
222 199
222 229
222 276
223 3
223 175
223 196
223 231
223 240
224 88
224 90
224 120
224 171
224 226
224 250
224 269
224 270
225 81
225 93
225 134
225 148
225 151
225 262
225 276
225 277
226 95
226 120
226 236
226 251
226 258
227 46
227 50
227 51
227 71
227 146
227 149
227 231
227 247
228 53
228 63
228 140
228 148
228 195
228 232
229 16
229 25
229 114
229 154
229 257
229 272
229 285
229 290
230 25
230 82
230 110
230 140
230 145
230 147
230 159
230 165
230 234
230 238
230 258
230 278
230 293
231 69
231 97
231 111
231 142
231 175
231 180
231 190
231 202
231 209
231 220
231 230
231 244
231 257
231 265
231 274
232 12
232 25
232 94
232 104
232 155
232 188
232 195
232 230
232 237
232 254
232 269
232 291
233 18
233 23
233 32
233 40
233 44
233 70
233 72
233 84
233 101
233 113
233 131
233 183
233 205
233 260
233 266
233 267
234 12
234 30
234 43
234 55
234 88
234 122
234 128
234 133
234 134
234 164
234 205
234 255
235 99
235 103
235 124
235 127
235 136
235 184
235 205
235 247
236 27
236 39
236 59
236 125
236 127
236 134
236 189
236 192
236 196
237 95
237 224
237 239
237 274
237 277
238 7
238 92
238 115
238 124
238 177
238 185
238 250
238 272
239 12
239 54
239 64
239 75
239 78
239 80
239 118
239 124
239 131
239 145
239 147
239 156
239 161
239 202
239 234
239 242
239 246
239 267
240 10
240 37
240 57
240 92
240 128
240 193
240 215
240 218
240 221
240 246
241 91
241 98
241 105
241 122
241 140
241 157
241 165
241 212
241 217
241 226
241 291
241 299
242 70
242 100
242 111
242 130
242 141
242 196
242 270
242 288
243 26
243 74
243 108
243 138
243 202
244 2
244 8
244 12
244 38
244 39
244 40
244 43
244 72
244 92
244 108
244 153
244 155
244 161
244 196
244 234
245 114
245 115
245 133
245 159
245 164
245 193
245 215
245 222
245 231
245 232
245 235
245 255
245 260
245 282
246 5
246 69
246 94
246 127
246 146
246 184
246 221
246 237
247 7
247 14
247 20
247 29
247 68
247 91
247 105
247 119
247 123
247 124
247 129
247 134
247 148
247 155
247 186
247 193
247 222
247 277
248 8
248 12
248 77
248 158
248 213
249 5
249 12
249 20
249 56
249 115
249 172
249 189
249 229
249 251
249 279
249 289
250 8
250 21
250 37
250 68
250 79
250 84
250 99
250 206
250 245
250 285
250 299
251 43
251 104
251 120
251 173
251 202
251 221
251 248
251 267
251 276
252 15
252 20
252 43
252 68
252 86
252 166
252 169
252 216
252 220
252 256
252 262
252 272
252 283
253 34
253 156
253 174
253 186
253 210
253 227
253 278
253 298
254 5
254 31
254 69
254 78
254 81
254 82
254 84
254 103
254 124
254 129
254 155
254 159
254 165
254 194
254 199
254 228
255 1
255 81
255 100
255 116
255 120
255 143
255 152
255 222
255 228
255 286
256 3
256 32
256 70
256 87
256 152
256 156
256 298
257 28
257 72
257 244
257 293
258 4
258 18
258 38
258 44
258 56
258 129
258 208
258 211
258 300
259 25
259 39
259 51
259 125
259 144
259 166
259 171
259 201
259 219
260 14
260 18
260 22
260 98
260 130
260 153
260 157
260 170
260 185
260 197
260 218
260 239
260 277
260 278
260 291
261 7
261 18
261 32
261 38
261 66
261 94
261 104
261 136
261 139
261 240
262 25
262 33
262 40
262 42
262 45
262 62
262 156
262 188
262 196
262 200
262 206
263 3
263 5
263 10
263 43
263 68
263 102
263 166
263 202
263 203
263 295
264 8
264 43
264 64
264 116
264 121
264 153
264 183
264 187
264 210
264 240
264 287
265 56
265 97
265 250
265 286
266 13
266 39
266 50
266 56
266 109
266 119
266 172
266 198
266 200
266 213
266 214
266 265
266 270
266 275
267 9
267 17
267 46
267 176
267 247
268 110
268 114
268 122
268 164
268 182
268 195
268 232
268 236
268 247
269 1
269 2
269 7
269 21
269 53
269 54
269 138
269 167
269 238
269 244
269 263
270 61
270 79
270 80
270 92
270 98
270 99
270 131
270 139
270 230
270 280
271 38
271 59
271 157
271 172
271 181
271 255
271 261
271 272
271 276
272 27
272 36
272 40
272 137
272 221
272 278
272 281
273 14
273 56
273 83
273 148
273 179
273 197
273 230
273 246
273 261
273 290
273 293
273 295
274 59
274 109
274 142
274 179
274 199
274 257
274 278
275 15
275 93
275 139
275 144
275 164
275 170
275 238
275 273
275 282
275 299
276 2
276 10
276 89
276 116
276 197
276 227
276 256
276 267
277 22
277 109
277 226
277 245
277 288
278 29
278 43
278 57
278 67
278 70
278 120
278 166
278 249
278 279
278 286
279 27
279 50
279 66
279 99
279 104
279 169
279 170
279 248
279 271
280 1
280 38
280 43
280 104
280 127
280 169
280 170
280 175
280 209
280 210
280 226
280 295
281 19
281 37
281 43
281 73
281 102
281 217
281 243
281 279
281 286
281 289
282 11
282 22
282 60
282 70
282 122
282 153
282 199
282 277
283 89
283 129
283 161
283 172
283 187
283 214
283 258
283 262
283 269
284 17
284 23
284 38
284 148
284 149
284 191
284 192
284 229
284 243
284 281
285 11
285 18
285 38
285 64
285 69
285 81
285 162
285 201
285 214
285 282
286 32
286 33
286 54
286 77
286 118
286 127
286 143
286 148
286 150
286 153
286 168
286 178
286 196
286 205
286 287
287 4
287 45
287 67
287 147
287 224
287 233
287 238
287 297
288 33
288 42
288 66
288 126
288 162
288 200
288 251
289 7
289 37
289 53
289 56
289 102
289 195
289 200
289 230
289 247
289 294
290 13
290 32
290 68
290 100
290 128
290 168
291 5
291 22
291 48
291 64
291 70
291 118
291 132
291 154
291 196
291 244
292 21
292 27
292 56
292 126
292 141
292 144
292 193
292 196
292 260
292 297
293 48
293 52
293 71
293 80
293 81
293 110
293 138
293 166
293 191
293 197
293 227
293 252
294 15
294 16
294 24
294 30
294 34
294 137
294 141
294 159
294 203
294 235
295 5
295 17
295 28
295 130
295 134
295 168
295 180
295 201
295 257
295 283
295 292
296 13
296 52
296 120
296 131
296 145
296 172
296 241
297 9
297 10
297 102
297 195
297 204
297 280
297 289
297 295
298 73
298 84
298 117
298 239
298 247
299 57
299 100
299 117
299 201
299 224
299 262
299 281
300 50
300 73
300 82
300 104
300 128
300 155
300 172
300 191
300 249
300 280
300 290

