100 750
70 21 97 87 78 109 107 87 25 111 64 119 22 82 38 66 41 48 84 117 111 85 83 65 87 26 90 96 101 102 71 107 43 81 84 66 81 51 69 29 37 37 62 57 34 114 40 115 81 102 58 57 28 52 27 98 72 120 94 119 66 99 47 67 45 103 46 56 29 42 88 28 93 97 65 116 95 110 23 44 37 24 59 28 96 56 105 38 75 118 63 108 106 103 37 80 72 67 27 99 
1 13
1 33
1 46
1 58
1 65
1 75
1 98
2 3
2 54
2 61
2 70
2 74
2 89
2 91
2 100
3 7
3 18
3 31
3 70
3 85
3 87
3 94
4 1
4 31
4 43
4 54
4 57
4 62
4 71
4 95
5 12
5 13
5 27
5 34
5 36
5 41
5 58
6 19
6 35
6 62
6 74
6 76
6 85
7 2
7 8
7 22
7 28
7 55
7 93
8 15
8 20
8 53
8 81
9 8
9 13
9 23
9 41
9 70
9 90
9 98
10 20
10 21
10 33
10 84
10 85
10 87
11 15
11 23
11 26
11 46
11 52
11 87
11 91
11 94
12 24
12 25
12 32
12 38
12 44
12 47
12 53
12 99
13 21
13 32
13 34
13 36
13 40
13 61
13 64
13 77
13 86
13 88
13 97
13 100
14 6
14 22
14 27
14 37
14 49
14 50
14 80
14 85
15 1
15 14
15 26
15 29
15 46
15 50
15 52
15 61
15 67
15 73
15 83
15 95
16 19
16 36
16 41
16 50
16 53
16 58
16 72
16 99
17 1
17 15
17 32
17 48
17 51
17 56
17 57
17 66
17 73
17 89
18 6
18 26
18 30
18 37
18 43
18 48
18 58
18 66
18 74
18 77
18 89
19 9
19 33
19 40
19 43
19 60
19 65
19 71
19 75
20 70
20 75
20 90
21 2
21 3
21 4
21 32
21 38
21 52
21 62
21 79
21 100
22 45
22 77
22 86
23 1
23 68
23 69
23 90
23 93
24 7
24 13
24 36
24 46
24 48
24 50
24 53
24 66
24 83
25 2
25 7
25 10
25 11
25 19
25 49
25 53
25 64
25 65
26 33
26 35
26 38
26 44
26 46
26 57
27 3
27 22
27 43
27 53
27 61
27 94
27 97
28 5
28 36
28 75
28 94
29 1
29 3
29 5
29 6
29 14
29 30
29 34
29 52
29 63
30 7
30 9
30 41
30 53
30 82
30 83
30 87
30 93
30 100
31 7
31 8
31 36
31 39
31 44
31 47
31 59
31 68
31 82
31 83
31 91
31 97
32 5
32 38
32 47
32 75
32 99
33 8
33 31
33 36
33 88
34 16
34 25
34 26
34 36
34 48
34 52
34 62
34 87
35 14
35 34
35 55
35 85
36 1
36 4
36 9
36 15
36 20
36 45
36 50
36 51
36 52
36 67
36 71
36 77
36 78
36 83
36 92
37 29
37 35
37 66
38 20
38 31
38 37
38 40
38 54
38 62
38 86
38 88
39 20
39 25
39 47
39 69
39 87
39 94
40 71
40 77
40 78
40 87
40 92
40 99
41 39
41 66
41 89
42 28
42 45
42 80
42 88
42 94
42 96
42 100
43 1
43 6
43 12
43 13
43 16
43 25
43 90
43 92
44 7
44 54
44 58
44 66
44 87
44 95
44 100
45 14
45 15
45 32
45 38
45 65
45 74
45 78
46 8
46 45
46 53
46 56
46 70
46 72
47 6
47 30
47 45
47 66
47 75
47 84
47 86
48 12
48 23
48 25
48 28
48 32
48 47
48 59
48 63
48 72
48 76
48 79
48 81
48 85
48 96
48 98
49 23
49 31
49 70
49 80
49 83
49 94
50 1
50 12
50 54
50 59
50 60
50 94
50 95
51 3
51 7
51 28
51 54
51 57
51 62
51 73
51 79
51 84
51 99
52 18
52 19
52 25
52 47
52 50
52 53
52 55
52 58
52 67
52 82
52 87
52 88
52 89
52 99
53 2
53 13
53 14
53 21
53 33
53 50
53 79
54 13
54 14
54 29
54 32
54 36
54 37
54 41
54 60
54 64
54 76
55 1
55 6
55 17
55 22
55 38
55 41
55 51
55 79
56 14
56 16
56 19
56 20
56 35
56 48
56 65
56 72
56 94
56 96
57 35
57 45
57 61
57 69
57 76
57 81
58 33
58 35
58 70
58 80
59 24
59 27
59 33
59 43
59 63
59 72
59 82
59 90
59 96
59 100
60 9
60 18
60 21
60 32
60 34
60 35
60 39
60 83
60 86
60 91
61 4
61 7
61 19
61 34
61 43
61 51
61 63
61 64
61 78
61 91
61 97
62 9
62 11
62 24
62 45
62 46
62 53
62 72
62 93
63 20
63 33
63 46
63 51
63 52
63 91
64 7
64 26
64 33
64 59
64 82
64 87
65 34
65 36
65 40
65 53
65 64
65 66
65 67
65 73
65 83
66 4
66 27
66 32
66 49
66 54
66 77
67 11
67 18
67 23
67 41
67 46
67 47
67 53
68 3
68 4
68 27
68 48
68 55
68 60
68 61
68 85
68 87
68 94
68 98
69 3
69 7
69 11
69 13
69 25
69 33
69 53
69 85
69 89
70 24
70 26
70 30
71 11
71 29
71 38
71 51
71 53
71 83
71 89
71 94
71 98
72 60
72 76
72 78
72 91
73 5
73 24
73 36
73 39
73 40
73 60
73 63
73 83
73 86
73 88
73 90
74 16
74 17
74 23
74 27
74 35
74 38
74 71
74 76
74 93
74 95
75 5
75 14
75 24
75 41
75 42
75 53
75 63
75 89
75 96
76 20
76 46
77 7
77 29
77 31
77 56
77 75
77 81
77 97
78 11
78 55
78 60
78 74
78 76
79 3
79 13
79 25
79 28
79 39
79 86
79 88
79 89
79 100
80 2
80 12
80 51
80 81
81 4
81 39
81 42
81 46
81 49
81 50
81 70
81 82
82 9
82 19
82 29
82 43
82 45
82 89
83 3
83 6
83 13
83 39
83 44
83 46
83 59
83 68
83 77
83 79
84 14
84 22
84 27
84 81
84 94
85 7
85 9
85 19
85 36
85 39
85 49
85 53
85 60
85 67
85 72
85 84
86 15
86 20
86 33
86 70
86 71
86 98
87 17
87 18
87 54
87 82
87 90
88 19
88 27
88 49
88 53
88 66
88 95
89 32
89 39
89 40
89 47
89 74
89 81
89 96
90 7
90 8
90 24
90 33
90 45
90 58
90 97
91 17
91 32
91 70
91 78
91 84
92 6
92 28
92 35
92 37
92 38
92 41
92 44
92 51
92 53
92 71
92 94
93 38
93 54
93 67
93 90
94 6
94 13
94 15
94 22
94 26
94 35
94 45
94 52
94 58
94 60
94 67
94 80
94 85
95 8
95 41
95 62
95 65
95 69
95 70
95 73
95 75
95 78
95 82
95 96
96 19
96 52
96 58
96 61
96 71
96 87
96 90
97 16
97 26
97 35
97 46
97 49
97 59
98 16
98 42
98 47
98 49
98 83
98 89
98 92
99 6
99 44
99 53
99 92
99 98
100 28
100 35
100 41
100 45
100 76
100 87
100 97

