250 500
118 36 94 33 42 103 21 73 32 61 47 48 26 76 28 98 91 27 74 92 91 81 83 36 117 50 64 27 66 113 88 66 73 37 26 40 105 117 107 21 60 71 44 96 46 111 60 41 21 114 39 67 84 76 30 93 54 62 102 71 23 48 96 96 70 81 40 73 22 110 111 107 41 84 112 80 89 32 106 48 34 102 40 65 22 111 37 107 119 36 82 74 117 117 25 68 95 115 44 41 87 49 83 43 34 57 96 26 23 49 61 78 115 73 104 87 50 99 107 60 22 73 20 27 41 115 53 85 118 119 80 114 33 86 60 52 26 28 65 109 83 65 69 78 99 74 24 74 94 59 39 115 64 112 32 109 73 85 114 63 80 112 33 75 72 108 55 103 77 84 118 92 36 53 48 109 28 109 28 105 35 60 90 83 104 60 58 79 83 75 100 119 102 114 102 82 31 20 81 93 79 27 109 30 75 20 66 101 24 60 21 49 41 25 67 46 97 76 62 90 98 60 97 78 93 82 65 22 75 51 100 45 60 120 95 72 28 52 76 27 48 98 114 47 48 86 113 45 69 65 
1 27
1 144
1 187
1 221
2 38
2 92
3 69
3 80
3 141
4 50
4 76
5 62
8 10
8 45
9 53
9 64
10 113
10 190
10 200
11 106
11 206
12 101
13 125
13 145
14 12
14 113
14 187
15 8
16 146
16 231
17 46
17 173
17 216
18 205
19 32
19 99
19 245
20 11
20 128
20 202
21 98
21 196
22 227
23 18
23 75
25 30
25 108
25 238
27 188
28 232
28 237
30 12
30 198
30 215
30 237
31 242
32 82
33 25
33 115
33 209
34 132
34 192
34 239
35 4
35 33
35 72
35 104
35 196
35 223
35 244
36 202
36 247
37 28
37 217
38 52
38 62
38 92
38 182
39 74
39 94
39 111
39 116
39 220
40 91
40 156
40 157
40 192
40 244
41 100
42 53
42 216
43 39
43 111
43 169
44 72
44 91
44 96
44 159
45 36
45 163
45 202
45 238
46 56
46 127
47 231
48 26
48 115
49 166
49 233
50 44
50 92
50 105
50 190
51 183
51 217
52 16
52 53
52 197
53 57
53 168
55 18
55 60
56 84
56 95
56 183
57 49
57 175
57 244
57 247
59 74
62 155
63 27
63 113
63 247
64 55
64 118
65 105
66 99
66 143
67 122
68 39
68 202
68 245
69 105
69 114
69 134
70 91
71 134
71 238
71 241
72 30
72 184
73 75
73 214
73 230
74 130
75 58
75 158
75 202
75 228
76 48
76 132
76 207
76 208
77 11
77 41
77 92
77 241
79 161
80 109
81 80
81 179
82 83
83 185
83 228
83 246
84 64
84 146
85 128
85 131
85 137
85 176
85 245
86 10
86 122
86 163
86 191
86 220
87 173
87 191
87 200
91 136
92 21
92 97
93 120
94 164
94 235
95 10
95 128
95 226
96 247
97 24
97 77
97 250
98 40
98 59
98 64
98 72
99 115
100 88
100 194
101 66
102 63
103 236
104 158
105 111
106 43
106 247
107 9
107 58
107 163
108 66
108 150
108 245
109 41
109 172
109 202
110 141
111 90
111 172
112 75
112 234
113 189
113 223
115 30
115 108
116 5
116 73
116 172
117 141
117 170
117 222
118 87
118 167
118 198
119 210
119 235
120 100
120 221
121 92
122 31
122 170
123 58
123 119
124 1
124 74
125 6
125 44
125 222
126 165
126 208
127 200
129 87
129 209
129 219
130 11
130 77
130 108
130 223
131 30
131 161
132 28
132 59
132 83
132 181
132 196
133 42
133 139
133 188
134 14
134 70
134 102
134 148
135 177
136 12
136 40
136 68
136 107
137 63
137 170
137 200
139 155
139 223
139 234
140 134
140 224
141 62
141 149
141 165
142 65
142 94
142 229
143 77
143 196
144 23
145 28
145 129
145 147
145 148
147 36
147 49
147 143
148 209
149 68
149 70
150 82
150 165
150 235
151 111
151 177
151 221
151 248
152 28
152 160
153 195
154 82
155 122
155 168
155 176
155 198
156 56
156 142
156 143
156 152
156 181
157 150
157 193
158 27
158 94
158 113
158 167
158 202
159 38
159 62
159 71
159 139
161 138
162 186
163 106
164 29
164 43
164 162
164 224
165 153
165 195
167 2
168 196
170 3
170 79
170 225
171 50
171 119
171 250
173 83
173 95
174 190
174 245
175 92
176 146
176 228
177 82
177 172
179 28
179 120
179 134
179 140
179 200
179 212
180 37
180 150
180 193
182 190
183 20
183 228
184 126
184 179
185 209
185 216
185 221
186 130
187 63
187 188
188 146
189 183
189 224
191 140
191 226
191 228
192 249
194 42
194 163
195 7
195 86
195 89
196 25
196 97
196 99
199 95
199 151
199 180
199 233
200 90
200 211
201 15
201 29
201 30
201 181
201 226
202 161
203 122
203 174
205 67
205 136
206 18
206 125
206 142
208 11
208 66
208 74
209 15
209 46
209 55
209 67
209 127
211 157
213 31
213 181
213 208
215 46
217 187
217 188
218 85
219 15
220 203
223 38
223 185
224 159
224 204
226 106
227 120
227 176
228 10
228 13
228 43
229 163
229 220
229 222
229 227
230 59
230 96
231 90
232 193
233 125
233 128
233 136
233 170
233 229
234 76
235 80
235 189
236 4
236 14
236 123
236 146
237 77
237 106
237 194
238 53
239 30
239 75
239 109
239 154
240 7
242 99
243 42
243 59
243 127
243 156
243 176
243 221
243 249
246 24
246 111
247 14
247 45
248 157
249 106
249 152
249 156
249 198

