100 750
116 96 80 31 57 90 108 107 119 23 120 69 88 30 110 42 64 119 104 33 33 103 100 85 113 46 63 24 96 89 36 68 112 82 107 95 64 92 115 93 55 71 26 47 118 82 34 36 71 89 118 90 37 115 38 26 111 68 120 40 36 66 72 43 97 37 42 93 30 60 52 116 70 33 88 58 82 91 58 104 76 25 64 70 55 88 120 110 102 86 61 106 61 111 20 87 84 109 44 84 
1 10
1 29
1 32
1 37
1 41
1 56
1 59
1 61
1 69
1 74
1 75
1 82
2 6
2 19
2 21
2 25
2 37
2 44
2 58
2 62
2 71
2 73
3 14
3 16
3 21
3 32
3 33
3 58
3 79
3 81
4 1
4 7
4 8
4 27
4 32
4 45
4 59
4 65
4 69
4 73
5 17
5 49
5 52
5 68
5 77
6 16
6 24
6 36
6 47
6 61
6 63
6 88
6 97
7 6
7 8
7 11
7 23
7 53
7 94
7 97
8 18
8 50
8 51
8 55
8 57
8 65
8 72
8 100
9 3
9 11
9 37
9 44
9 70
9 71
9 73
9 84
10 3
10 7
10 9
10 26
10 27
10 65
10 81
10 94
10 96
11 20
11 35
11 63
11 97
11 100
12 16
12 29
12 31
12 65
12 68
12 75
12 91
13 40
13 50
13 58
14 1
14 9
14 48
14 60
14 80
14 96
15 10
15 28
15 46
15 49
15 54
15 73
15 82
15 97
15 100
16 22
16 31
16 33
16 43
16 67
16 80
16 96
17 3
17 21
17 38
17 47
17 92
17 93
18 21
18 30
18 36
18 41
18 59
18 73
18 98
19 4
19 16
19 20
19 33
19 44
19 57
19 68
19 71
19 72
19 75
20 7
20 12
20 15
20 39
20 42
20 67
20 78
20 83
20 86
20 100
21 4
21 25
21 31
21 32
21 33
21 36
21 51
21 54
21 66
21 73
21 75
21 79
21 91
21 97
22 2
22 60
22 69
23 14
23 17
23 18
23 25
23 29
23 39
23 44
23 63
23 72
23 88
23 95
24 5
24 29
24 30
24 53
24 76
24 94
25 1
25 5
25 7
25 9
25 15
25 45
25 55
25 60
25 93
25 94
26 20
26 30
26 35
26 66
26 100
27 2
27 9
27 22
27 28
27 32
27 49
27 70
27 78
27 87
28 6
28 13
28 26
28 37
28 40
28 47
28 52
28 54
28 60
28 67
28 69
28 71
28 91
28 94
28 100
29 59
29 74
29 82
29 94
30 2
30 5
30 7
30 12
30 15
30 32
30 38
30 45
30 53
30 60
30 61
30 62
30 76
30 80
30 85
30 87
30 88
31 26
31 32
31 34
31 39
31 47
31 55
31 64
31 65
31 77
31 88
31 100
32 12
32 53
32 64
32 67
32 68
32 69
32 70
32 95
32 99
33 8
33 24
33 45
33 46
33 68
33 82
33 88
33 93
33 98
34 3
34 21
34 35
34 59
34 61
34 62
34 80
34 91
34 93
35 8
35 12
35 16
35 20
35 39
35 43
35 59
35 70
35 78
35 80
35 81
35 88
36 2
36 20
36 30
36 69
36 77
36 83
36 85
36 87
36 98
36 100
37 19
37 24
38 40
38 90
39 7
39 18
39 19
39 69
40 23
40 39
40 60
40 70
40 72
40 73
40 74
40 86
41 6
41 9
41 11
41 31
41 37
41 47
41 94
42 37
42 43
42 59
43 4
43 9
43 31
43 70
43 91
44 1
44 28
44 41
44 65
44 73
44 86
44 96
45 14
45 31
45 38
45 41
45 54
46 4
46 10
46 24
46 55
46 70
46 93
46 94
47 2
47 39
47 53
47 55
47 71
47 72
47 82
48 4
48 7
48 8
48 17
48 34
48 42
48 60
49 6
49 18
49 73
49 89
49 93
50 14
50 22
50 64
50 66
50 76
50 97
50 99
51 10
51 13
51 28
51 34
51 72
51 84
52 56
52 75
52 79
52 95
52 96
53 21
53 34
53 57
53 69
53 70
53 73
53 74
53 81
53 87
53 90
54 20
54 24
54 46
54 56
54 64
54 74
54 82
54 88
55 6
55 7
55 10
55 41
55 69
55 71
55 84
55 93
55 96
55 97
56 15
56 25
56 27
56 37
56 45
56 51
56 65
56 68
56 87
56 93
56 97
56 99
57 2
57 25
57 36
57 40
57 49
57 54
57 68
57 70
57 77
57 85
58 4
58 21
58 37
58 57
58 62
58 72
58 79
58 84
58 91
59 21
59 33
59 46
59 49
59 71
59 80
60 9
60 13
60 15
60 18
60 23
60 37
60 49
60 59
60 65
60 89
60 91
61 27
61 44
61 66
61 94
62 11
62 33
62 47
62 52
62 74
62 91
63 14
63 21
63 33
63 34
63 40
63 47
64 17
64 19
64 27
64 56
64 66
64 92
65 22
65 29
65 67
65 69
65 70
65 93
66 36
66 44
66 74
66 76
67 2
67 11
67 48
67 59
67 71
67 76
67 89
67 94
67 98
68 21
68 26
68 42
68 44
68 48
68 51
68 53
68 58
68 61
68 62
68 80
69 11
69 43
69 68
69 72
69 77
70 2
70 6
70 10
70 33
70 37
70 48
70 50
70 56
70 59
70 96
71 39
71 78
71 82
71 96
72 15
72 21
72 29
72 59
72 61
72 82
72 91
72 94
72 100
73 17
73 26
73 27
73 56
73 97
74 33
74 46
74 48
74 76
74 84
74 92
75 40
75 56
75 68
75 81
76 56
76 58
76 73
76 84
76 93
77 11
77 40
77 44
77 52
77 63
77 68
77 74
77 85
77 86
77 88
77 96
77 99
78 5
78 11
78 24
78 41
78 52
78 54
78 61
78 98
79 6
79 7
79 16
79 18
79 24
79 37
79 77
79 96
79 97
80 20
80 22
80 39
80 40
80 50
80 53
80 69
80 93
81 1
81 4
81 21
81 31
81 33
81 46
81 47
81 64
81 82
81 83
81 92
81 98
82 5
82 25
82 36
82 42
82 59
82 80
82 91
83 5
83 16
83 61
83 64
84 4
84 18
84 22
84 66
85 25
85 59
85 61
85 69
85 72
85 91
86 72
86 78
86 79
86 88
86 91
86 94
86 95
87 20
87 31
87 50
87 54
87 58
87 60
87 73
87 99
87 100
88 9
88 16
88 28
88 34
88 37
88 43
88 50
88 80
88 83
88 89
89 6
89 16
89 17
89 23
89 37
89 41
89 77
89 81
89 97
90 5
90 52
90 62
90 67
90 70
90 78
90 82
91 6
91 19
91 29
91 32
91 50
91 59
91 64
91 73
91 90
92 42
92 45
92 49
92 55
92 65
92 67
92 76
93 1
93 2
93 4
93 15
93 71
94 14
94 30
94 32
94 35
94 59
94 65
94 70
94 84
94 89
94 96
95 22
95 29
95 54
95 58
95 61
95 80
95 84
95 89
96 12
96 25
96 28
96 40
96 80
96 88
97 17
97 26
97 51
97 54
97 67
98 24
98 28
98 30
98 80
98 83
99 19
99 93
99 95
100 4
100 5
100 16
100 21
100 35
100 39
100 43
100 99

