300 2000
21 114 66 53 102 73 20 94 93 106 65 84 76 98 118 105 108 82 86 101 93 79 100 39 115 119 88 65 114 84 117 57 50 64 112 25 21 50 101 50 66 21 44 114 29 28 27 116 54 80 72 105 96 65 119 56 34 86 63 22 27 22 79 111 101 103 103 117 119 115 29 94 120 82 57 33 116 61 118 41 40 89 78 75 22 103 37 87 97 52 112 61 46 78 97 35 101 51 114 56 58 82 97 34 79 41 95 36 92 64 52 46 58 33 67 108 52 48 77 25 36 117 92 36 115 59 57 106 54 30 20 78 56 53 71 60 105 45 100 108 21 109 92 103 112 52 98 45 39 105 36 27 46 69 33 118 56 24 66 107 114 31 58 86 22 68 104 60 31 99 117 78 99 46 68 59 55 81 98 89 47 117 28 72 60 103 64 106 118 83 71 47 117 71 58 53 90 76 27 109 78 23 61 49 81 64 61 61 86 52 57 39 39 60 94 65 36 110 116 86 116 110 112 89 42 102 41 111 40 20 120 61 112 22 97 84 117 102 80 68 51 70 115 58 38 112 55 20 21 59 94 53 80 81 28 83 118 58 53 38 73 31 101 110 23 93 104 79 24 57 76 76 24 106 110 60 108 96 70 41 32 63 39 86 118 29 42 46 75 23 120 41 58 84 37 116 88 56 37 25 
1 5
1 44
1 50
1 74
1 80
1 167
1 261
2 3
2 173
2 218
2 226
2 266
2 273
3 74
3 79
3 162
3 181
3 188
3 216
3 229
3 232
4 28
4 36
4 47
4 55
4 132
4 265
5 37
5 109
5 118
5 179
5 230
6 41
6 132
6 146
6 260
7 43
7 83
7 148
7 165
7 173
7 201
7 229
7 261
8 16
8 59
8 64
8 82
8 266
8 278
8 293
9 20
9 64
9 153
9 205
9 215
9 216
9 242
10 25
10 96
10 166
10 187
10 220
10 273
10 287
11 9
11 59
11 99
11 121
11 131
11 143
11 144
11 161
11 188
11 203
11 222
11 226
11 261
11 292
11 295
12 2
12 37
12 91
12 134
12 155
12 253
12 279
13 59
13 66
13 70
13 110
13 213
13 256
13 279
14 27
14 91
14 210
14 281
15 13
15 107
15 116
15 125
15 137
15 144
15 243
16 23
16 54
16 77
16 137
16 247
17 2
17 13
17 46
17 91
17 156
17 232
18 26
18 31
18 68
18 132
18 218
18 221
18 239
18 285
19 167
19 192
19 202
20 18
20 91
20 201
21 82
21 87
21 88
21 241
21 300
22 35
22 94
22 188
22 277
23 7
23 18
23 22
23 30
23 129
23 199
24 31
24 158
24 191
24 197
24 205
24 226
24 244
25 12
25 14
25 33
25 128
25 186
25 211
25 228
25 285
26 83
26 133
26 162
26 166
26 183
26 201
26 285
26 286
27 52
27 90
27 92
27 125
27 166
27 228
27 237
27 255
28 71
28 87
28 101
28 111
28 118
28 129
28 169
29 133
29 188
29 189
29 237
29 277
30 38
30 66
30 76
30 132
30 207
30 263
30 289
30 290
31 48
31 75
31 76
31 122
31 133
31 148
31 213
31 218
31 229
32 45
32 96
32 161
32 290
33 80
33 103
33 146
33 244
33 254
33 262
33 270
34 7
34 154
34 261
35 26
35 117
36 51
36 89
36 143
36 170
36 172
36 195
36 234
37 19
37 96
37 109
37 112
37 115
37 153
37 180
37 186
37 224
37 239
37 290
38 87
38 135
38 160
38 195
38 204
39 273
40 70
40 242
40 243
40 251
40 285
41 99
41 123
41 157
41 161
41 192
41 222
41 268
41 270
41 285
42 5
42 49
42 117
42 127
42 134
42 167
42 216
42 237
43 54
43 94
43 144
43 184
43 188
43 193
43 203
43 213
43 268
44 28
44 36
44 68
44 125
44 234
44 252
44 259
45 29
45 145
45 164
45 183
45 250
46 35
46 111
46 167
46 242
46 269
47 12
47 16
47 171
47 181
47 188
47 212
47 215
47 217
47 257
48 20
48 89
48 98
48 103
48 145
48 160
48 171
48 216
48 276
49 4
49 120
49 131
49 144
49 159
49 203
49 249
49 256
50 25
50 51
50 71
50 107
50 133
50 143
50 269
50 270
51 8
51 23
51 63
51 93
51 103
51 133
51 134
51 161
51 227
51 273
51 277
51 291
51 293
52 8
52 39
52 142
52 228
52 251
53 12
53 65
53 110
53 113
53 124
53 130
53 192
53 238
54 17
54 155
54 164
54 188
54 201
54 228
54 265
54 270
54 271
54 287
54 297
55 75
55 133
55 228
55 255
55 287
56 4
56 68
56 134
56 155
56 240
57 64
57 140
57 177
57 181
57 192
57 237
57 239
57 248
57 258
57 261
57 264
57 282
58 23
58 116
58 125
58 181
58 183
58 196
58 214
58 281
58 298
59 3
59 93
59 103
59 106
59 115
59 191
59 211
59 219
59 259
59 269
59 291
60 28
60 165
60 171
60 183
61 155
61 171
61 184
61 241
61 248
62 22
62 153
62 203
62 241
63 56
63 70
63 117
63 233
63 297
64 51
64 88
64 130
64 210
64 227
65 19
65 52
65 55
65 74
65 116
65 160
65 166
65 251
65 285
66 95
66 164
67 79
67 139
67 148
67 154
67 163
67 189
67 225
67 262
68 73
68 81
68 149
68 164
68 208
68 235
68 244
68 245
68 288
68 290
69 58
69 59
69 129
69 142
69 185
69 192
69 236
69 289
69 299
70 56
70 134
70 137
70 206
70 221
70 263
71 152
71 169
71 194
71 241
71 245
71 278
72 97
72 135
72 202
72 286
73 89
73 99
73 131
73 137
73 205
73 256
73 273
74 7
74 34
74 112
74 212
74 213
74 265
75 56
75 112
75 138
75 219
76 13
76 21
76 70
76 75
76 101
76 103
76 159
76 214
76 258
77 85
77 95
77 98
77 132
77 220
77 223
77 237
77 257
77 265
78 23
78 39
78 58
78 94
78 116
78 170
78 180
78 230
78 250
79 29
79 108
79 125
79 185
79 241
79 290
79 291
80 7
80 23
80 43
80 60
80 85
80 95
80 98
80 124
80 192
80 251
80 265
80 280
80 297
81 59
81 102
81 155
81 248
82 13
82 22
82 43
82 58
82 109
82 175
82 249
82 277
83 73
83 77
83 97
83 223
83 247
83 263
84 18
84 69
84 142
84 214
85 10
85 65
85 92
85 112
85 114
85 170
86 4
86 28
86 34
86 78
86 97
86 155
86 235
86 263
87 95
87 112
87 113
87 116
87 200
87 218
88 32
88 46
88 104
88 180
88 183
88 219
89 162
89 205
90 35
90 85
90 103
90 127
90 141
90 297
91 53
91 100
91 108
91 149
91 234
91 279
91 281
92 29
92 68
92 91
92 109
92 154
92 155
92 222
92 267
93 39
93 147
93 179
93 227
94 13
94 17
94 24
94 55
94 82
94 159
94 167
94 207
94 235
94 256
95 93
95 177
95 189
95 249
95 253
95 280
95 288
96 40
96 101
96 178
96 276
97 26
97 77
97 108
97 114
97 182
97 202
97 223
97 288
97 291
98 34
98 38
98 73
98 96
99 135
99 232
99 263
100 40
100 43
100 44
100 67
100 154
100 156
100 204
100 270
100 291
101 10
101 124
101 152
101 184
101 242
101 295
102 18
102 31
102 46
102 55
102 128
102 163
102 168
102 230
103 20
103 52
103 57
103 65
103 70
103 171
103 186
103 210
103 238
103 248
103 263
104 3
104 58
104 121
104 161
104 211
104 218
105 60
105 61
105 99
105 122
105 133
105 211
106 92
106 113
106 117
106 139
106 194
106 214
107 46
107 69
107 88
107 111
107 113
107 176
107 238
107 295
107 300
108 5
108 34
108 53
108 142
108 146
108 282
109 69
109 139
109 198
109 248
110 41
110 84
110 90
110 200
111 22
111 115
111 190
111 255
112 34
112 66
112 101
112 129
112 142
112 166
112 168
113 76
113 101
113 152
113 215
114 117
114 132
114 162
114 294
115 20
115 163
115 236
115 281
116 25
116 123
116 199
116 242
116 256
117 41
117 71
117 251
117 263
117 280
118 3
118 42
118 97
118 119
118 124
118 205
118 250
119 23
119 61
119 126
119 184
119 201
119 206
119 249
119 262
120 47
120 159
120 181
120 199
120 210
120 278
121 89
121 94
121 120
121 142
121 165
121 214
121 218
121 221
121 243
121 276
121 280
122 15
122 46
122 51
122 62
122 100
123 4
123 18
123 51
123 229
123 258
124 8
124 83
124 156
124 160
124 277
125 22
125 67
125 69
125 98
125 151
125 165
125 168
125 178
125 219
125 244
125 250
126 13
126 38
126 101
126 133
127 104
127 227
128 1
128 18
128 117
128 189
128 233
129 10
129 33
129 47
129 55
129 78
129 90
129 124
129 141
129 157
129 196
129 216
129 230
129 269
129 294
130 97
130 122
130 132
130 140
130 150
130 173
130 228
130 261
130 262
130 280
131 23
131 45
131 58
131 116
131 117
131 173
131 177
131 264
131 268
131 286
131 299
132 45
132 140
132 186
133 2
133 6
133 93
133 95
133 106
133 143
133 145
133 171
133 223
133 250
133 252
133 281
134 90
134 157
134 227
134 245
134 285
134 292
135 77
135 202
135 212
135 280
136 31
136 55
136 77
136 79
136 224
136 231
136 266
137 53
137 117
137 232
138 77
138 141
138 187
138 294
139 25
139 87
139 126
139 149
139 195
139 201
139 234
139 240
139 265
139 283
140 20
140 64
140 70
140 107
140 207
140 222
141 36
141 46
141 105
141 187
141 194
141 255
141 258
142 14
142 21
142 62
142 74
142 75
142 94
142 107
142 123
142 170
142 175
142 189
142 243
142 294
142 296
143 114
143 135
143 150
143 265
143 278
144 192
144 196
144 250
145 62
145 76
145 205
145 246
146 4
146 21
146 66
146 70
146 101
146 102
146 120
146 186
146 235
146 242
147 74
147 235
148 95
148 121
148 160
148 169
148 178
148 237
148 283
148 284
149 10
149 16
149 32
149 57
149 118
149 120
149 151
149 201
149 244
149 272
149 279
149 286
149 297
150 32
150 41
150 48
150 49
150 79
150 185
150 231
150 259
151 67
151 73
151 144
151 265
151 280
151 298
152 58
152 129
152 146
152 153
152 166
152 255
152 273
153 63
153 94
153 99
153 143
153 185
153 215
153 236
153 289
154 71
154 80
154 112
154 160
154 189
154 249
155 83
155 109
155 139
155 141
155 196
156 106
156 116
156 149
156 240
156 252
156 270
157 52
157 128
157 221
157 236
157 240
157 282
158 11
158 85
158 91
158 97
158 154
158 221
158 275
159 62
159 129
159 204
159 249
160 103
160 140
160 171
160 188
160 205
160 258
160 267
161 16
161 21
161 82
161 117
161 182
161 249
161 287
162 40
162 151
162 166
162 184
162 205
162 213
163 31
163 75
163 106
163 122
163 166
163 189
164 23
164 29
164 55
164 86
164 107
164 133
164 172
164 280
165 18
165 69
165 169
165 170
165 221
165 224
165 235
165 242
166 41
166 43
166 57
166 99
166 145
167 2
167 8
167 25
167 26
167 64
167 118
167 173
167 222
167 288
168 77
168 116
169 15
169 106
169 195
169 281
169 293
170 6
170 33
170 39
170 120
170 146
170 156
170 184
170 231
170 265
171 1
171 12
171 18
171 41
171 138
171 141
171 209
171 239
171 241
171 246
172 35
172 83
172 103
172 118
172 161
172 162
172 176
172 208
173 73
173 266
173 300
174 85
174 124
174 202
174 227
174 258
175 12
175 94
175 99
175 120
175 122
175 157
175 209
175 270
175 277
176 25
176 38
176 42
176 57
176 62
176 136
176 190
176 248
176 263
177 1
177 38
177 49
177 51
177 92
177 113
177 222
177 271
177 278
177 285
178 2
178 44
178 59
178 86
178 89
178 136
178 169
178 201
178 202
178 272
178 293
178 297
179 70
179 134
179 196
179 239
180 19
180 110
180 116
180 170
180 174
180 176
180 187
180 201
180 246
181 80
181 105
181 121
181 188
181 191
182 22
182 32
182 85
182 217
182 260
182 261
182 285
183 115
183 134
183 142
183 281
184 33
184 150
184 159
184 286
185 96
185 129
185 188
185 299
186 95
186 110
186 153
186 196
186 219
186 226
186 253
187 43
187 50
187 56
187 107
187 206
187 229
187 245
188 98
188 226
188 230
188 268
189 22
189 27
189 89
189 96
189 182
189 210
189 227
189 261
189 285
190 34
190 44
190 63
190 64
190 96
190 162
190 203
190 204
190 216
190 269
191 16
191 40
191 76
191 115
191 138
191 140
192 38
192 138
193 67
193 101
193 103
193 127
193 147
194 43
194 64
194 122
194 157
194 211
194 247
195 29
195 178
195 190
195 191
195 235
196 31
196 172
196 175
196 239
196 241
196 245
196 261
196 278
197 8
197 168
197 178
197 242
197 266
197 273
198 11
198 211
198 228
199 45
199 73
199 155
199 232
200 22
200 28
200 66
200 107
200 138
200 215
200 219
200 292
201 15
201 46
201 51
201 64
201 107
201 238
202 92
202 104
202 113
202 156
202 203
202 269
202 275
203 19
203 37
203 96
203 128
203 182
203 243
203 285
204 143
204 268
205 30
205 35
205 68
205 75
205 82
205 109
205 124
205 218
205 227
205 265
206 38
206 108
206 138
206 144
206 159
206 253
206 266
206 268
207 35
207 67
207 124
207 125
207 146
207 176
207 179
207 187
207 188
207 189
207 280
207 293
208 10
208 185
208 267
209 2
209 109
209 128
209 167
209 179
209 263
209 266
209 282
210 97
210 122
210 170
210 200
210 249
210 266
211 18
211 80
211 174
211 192
211 251
211 278
212 44
212 183
212 185
212 198
212 248
213 56
213 73
213 101
213 147
213 178
213 249
214 8
214 23
214 41
214 202
214 273
215 6
215 44
215 68
215 71
215 114
215 173
215 189
215 290
216 127
216 159
216 166
216 209
217 36
217 118
217 174
217 183
217 253
217 273
218 13
218 65
218 160
218 180
218 208
218 250
219 129
219 137
220 2
220 4
220 63
220 139
220 159
220 172
220 194
220 208
220 276
220 279
221 26
221 41
221 53
221 58
221 62
221 176
221 204
221 268
221 292
222 77
222 97
222 174
222 261
222 266
222 272
222 282
223 6
223 45
223 64
223 70
223 142
223 164
223 188
223 213
223 228
223 278
223 300
224 66
224 102
224 178
224 286
225 77
225 181
225 218
225 233
225 256
225 262
225 276
226 145
226 163
226 196
226 254
227 1
227 26
227 68
227 75
227 77
227 79
227 82
227 94
227 182
227 187
227 224
227 229
227 256
227 276
228 35
228 160
228 214
228 231
228 298
229 1
229 2
229 37
229 42
229 94
229 99
229 137
229 159
229 188
229 223
229 244
229 287
230 17
230 55
230 95
230 123
230 227
230 273
230 295
231 14
231 31
231 47
231 71
231 73
231 103
231 189
231 202
231 213
232 122
232 160
232 174
232 239
232 266
232 290
233 23
233 137
233 195
233 198
233 298
234 2
234 103
234 125
234 127
234 129
234 134
235 114
235 123
235 135
235 178
235 205
235 210
235 219
235 238
235 291
236 47
236 80
236 109
236 147
236 167
236 197
236 267
236 275
236 297
237 21
237 38
237 132
237 164
237 238
237 252
237 266
237 299
238 9
238 74
238 140
238 280
238 291
239 31
239 155
239 158
239 169
239 173
239 229
239 248
239 292
240 63
240 81
240 94
240 124
240 164
240 273
241 18
241 20
241 88
241 96
241 140
241 297
242 32
242 202
242 207
242 241
242 264
243 47
243 112
243 131
243 298
244 16
244 67
244 136
244 188
244 191
244 215
244 280
245 46
245 88
245 90
245 144
245 161
245 170
245 200
245 247
246 27
246 34
246 53
246 65
246 94
246 107
246 122
246 129
246 186
246 285
247 12
247 101
247 131
247 251
247 256
248 53
248 75
248 84
248 86
248 93
248 121
248 156
248 237
249 110
249 135
250 56
250 60
250 109
250 173
250 188
250 232
251 26
251 98
251 101
251 121
251 170
251 205
251 242
252 56
252 209
252 295
253 45
253 119
253 151
253 178
253 205
253 224
253 233
253 245
254 119
254 230
254 255
254 300
255 52
255 153
255 185
255 196
255 208
256 4
256 8
256 56
256 128
256 162
256 267
257 18
257 58
257 118
257 152
257 179
257 193
257 274
257 290
258 2
258 38
258 53
258 63
258 98
258 107
258 112
258 152
258 234
258 255
258 272
259 25
259 64
259 92
259 151
259 162
259 204
260 59
260 104
260 107
260 269
260 299
261 68
261 79
261 85
261 94
261 142
261 205
261 244
261 273
262 58
262 114
262 221
262 254
262 271
262 288
262 297
263 217
263 250
263 294
264 100
264 136
264 185
264 225
264 239
264 255
264 256
264 282
265 2
265 38
265 160
265 177
265 187
265 188
265 221
266 46
266 135
266 236
266 248
266 255
266 270
267 37
267 98
267 116
267 147
267 165
267 183
267 207
267 260
267 271
267 297
268 68
268 81
268 85
268 86
268 116
268 123
268 132
268 179
268 194
268 230
268 260
268 275
268 278
268 283
268 295
268 300
269 30
269 114
269 115
269 210
269 288
269 297
270 40
270 44
270 58
270 76
270 121
270 132
270 217
271 1
271 141
271 218
272 19
272 104
272 126
272 131
272 160
272 182
272 198
272 245
272 277
272 291
273 18
273 45
273 205
273 243
274 35
274 61
274 190
274 216
274 268
275 43
275 55
275 70
275 80
275 179
275 205
275 206
275 226
275 255
275 276
275 294
276 84
276 112
276 136
276 157
277 20
277 45
277 141
277 173
277 193
277 229
277 231
277 288
278 7
278 9
278 31
278 138
278 139
278 155
278 161
278 181
278 182
278 193
278 241
279 47
279 97
279 125
279 126
279 162
280 11
280 66
280 74
280 93
280 122
280 169
280 235
281 26
281 146
281 186
281 267
282 6
283 25
283 170
283 210
283 231
283 239
284 23
284 50
284 73
284 78
284 96
284 175
284 195
285 87
285 115
285 126
285 128
285 153
285 243
285 262
285 270
286 85
286 92
286 167
286 170
286 182
286 240
286 251
286 253
286 291
287 16
287 96
287 171
287 175
287 208
287 262
288 14
288 21
288 36
288 84
288 85
288 115
288 121
288 157
288 175
289 63
289 240
290 27
290 158
290 190
290 209
290 211
290 236
290 244
290 261
291 6
291 21
291 39
291 57
291 206
292 129
292 140
292 204
292 217
292 228
293 14
293 92
293 132
293 133
293 156
293 218
293 276
294 18
294 54
294 68
294 164
294 196
294 221
294 264
294 267
294 278
295 37
295 43
295 203
295 237
295 273
296 17
296 57
296 109
296 189
296 202
296 204
296 262
297 99
297 121
297 139
297 159
297 173
297 199
297 216
297 237
297 245
297 273
297 277
297 280
298 23
298 51
298 103
298 152
298 190
298 264
298 274
298 283
299 10
299 29
299 53
299 224
299 268
300 59
300 69
300 86
300 106
300 200
300 207
300 245
300 256
300 269
300 287

