250 250
111 56 55 42 103 52 53 111 91 58 80 36 33 33 89 96 63 22 48 28 29 56 103 39 65 32 73 114 80 104 21 102 60 115 20 118 40 112 60 48 49 38 23 71 31 47 66 113 57 39 67 119 78 54 115 118 71 46 52 59 63 60 43 26 75 30 72 79 30 94 76 68 64 103 105 42 36 20 85 88 61 70 98 23 104 73 49 72 25 51 109 58 94 113 97 46 54 21 118 22 27 39 108 62 25 69 31 86 47 91 64 117 52 36 81 90 93 36 101 47 108 20 29 63 92 76 22 58 109 60 48 67 28 54 80 67 46 85 63 98 67 117 66 97 97 33 58 33 35 97 98 80 107 57 79 50 65 60 46 28 50 45 88 37 45 38 67 72 116 47 24 63 109 53 60 36 111 44 67 120 57 64 63 93 31 77 111 31 21 110 90 120 33 51 101 24 21 98 115 109 44 22 40 43 73 116 42 24 38 57 49 30 105 55 81 57 78 90 48 46 114 107 96 51 79 73 118 34 97 118 94 24 70 84 51 47 70 83 49 58 80 27 21 56 81 55 82 63 27 72 
4 14
5 88
6 57
7 105
7 108
9 35
9 243
10 83
10 175
11 119
12 91
12 138
12 191
14 11
14 29
16 143
17 237
18 117
19 40
19 88
20 101
22 151
23 20
23 88
23 120
24 242
25 75
25 122
25 181
27 11
27 98
27 155
28 240
31 55
31 148
33 47
35 76
37 191
38 205
40 37
40 105
40 229
40 250
42 9
42 47
43 19
45 77
46 121
46 173
47 56
47 191
48 108
49 226
51 13
51 184
52 137
54 35
54 201
56 217
57 148
59 165
60 3
65 132
66 175
67 211
68 199
72 46
72 173
73 47
73 206
74 37
76 61
78 211
80 136
82 29
83 55
83 84
84 57
85 64
86 223
88 149
88 228
89 34
92 244
93 9
93 123
94 76
94 208
96 168
98 71
99 206
100 140
101 61
102 94
103 169
108 117
110 46
110 231
111 78
111 149
112 165
112 179
113 108
113 152
113 196
114 10
116 98
117 210
118 119
118 221
119 86
121 197
122 46
123 238
125 3
126 238
127 3
128 130
130 63
130 74
131 11
132 37
132 189
132 214
133 78
133 97
134 25
135 236
136 137
136 154
137 107
139 225
145 227
148 149
150 42
153 69
153 166
153 223
156 65
157 23
157 215
158 34
159 173
160 1
161 127
161 185
164 148
166 99
166 162
166 222
169 107
169 171
170 21
170 144
171 70
171 177
172 35
172 152
173 4
173 102
174 120
176 193
177 222
178 58
178 60
183 94
183 231
186 240
187 26
188 87
189 17
189 24
189 141
192 9
192 31
193 170
194 103
195 10
197 75
197 153
198 18
198 46
199 162
200 57
202 109
202 121
205 47
206 164
206 249
207 108
208 70
209 45
209 199
209 229
211 61
211 164
212 115
212 184
213 103
214 47
214 84
215 29
217 115
217 142
218 188
219 134
219 232
220 200
221 81
221 143
222 179
223 11
223 53
223 138
224 103
224 124
225 72
226 235
227 19
228 48
229 84
229 250
230 14
230 239
231 33
231 201
232 138
233 72
233 103
233 206
236 146
236 188
238 143
238 221
239 90
239 175
240 34
240 163
242 34
242 60
243 15
243 50
243 200
244 29
244 220
245 173
248 206
249 209
250 93
250 225

