250 250
105 71 104 33 92 44 114 64 104 119 91 57 100 81 81 76 30 82 82 81 36 70 60 62 43 50 107 88 76 31 112 57 79 59 53 58 43 75 54 92 111 46 94 117 38 91 53 110 66 63 72 80 26 79 108 74 120 48 61 52 78 92 41 51 105 42 49 94 28 26 107 95 91 119 65 38 61 48 92 71 65 35 51 95 44 38 42 86 65 87 67 35 35 37 37 105 63 23 65 74 110 63 120 88 62 107 49 49 101 27 96 20 82 69 115 62 39 45 110 36 54 89 72 78 66 89 57 111 25 79 21 112 97 42 23 70 79 73 112 34 30 98 110 72 111 115 119 67 112 41 31 24 56 120 27 99 101 21 20 81 36 95 88 89 73 24 79 88 120 107 48 82 34 31 113 114 26 57 85 44 31 21 81 94 61 27 97 46 37 83 78 53 89 56 38 107 54 22 56 87 21 60 29 25 106 111 112 62 77 28 49 29 97 92 70 73 55 93 90 93 65 63 77 106 101 72 44 51 109 40 36 30 26 35 84 80 62 39 84 23 85 60 22 100 117 118 41 104 73 93 
1 11
1 126
1 165
2 131
3 219
5 2
5 62
7 185
10 51
10 65
10 99
11 129
11 136
11 243
13 8
13 188
14 202
14 218
15 151
17 70
17 76
20 139
21 157
21 158
23 17
23 144
25 16
25 102
26 92
26 115
28 12
28 32
31 64
31 102
31 106
35 131
38 163
39 250
41 6
41 63
41 235
42 58
42 65
42 78
42 83
42 118
42 186
43 23
43 103
46 140
48 68
48 175
49 107
51 133
52 244
53 188
55 13
55 231
58 166
60 160
62 114
62 119
62 131
63 92
64 5
65 161
66 152
66 230
68 4
69 92
70 47
70 151
71 89
73 187
74 115
77 45
79 18
79 67
79 114
79 149
79 167
81 60
81 80
81 101
82 52
82 202
83 69
83 114
84 12
84 31
84 57
88 146
89 96
90 240
91 228
99 123
99 131
100 185
100 230
102 110
102 119
103 64
103 87
103 142
104 171
105 59
107 216
110 175
111 197
113 238
115 237
116 55
116 158
117 217
120 8
121 94
121 218
122 35
122 170
123 167
123 220
125 35
125 100
125 231
127 122
127 154
127 188
128 30
128 89
129 234
130 239
131 107
131 109
132 32
133 24
134 19
134 148
135 157
136 48
138 16
141 61
142 223
144 126
146 27
147 114
148 3
148 31
150 151
150 219
151 206
152 110
154 178
155 128
155 221
156 243
157 201
158 149
159 51
159 155
161 88
161 131
162 188
164 208
165 187
167 157
167 229
169 247
171 1
172 241
174 191
174 248
177 77
177 211
177 234
179 102
183 6
183 219
186 93
187 244
190 22
190 28
190 187
190 224
192 125
193 156
195 93
197 17
197 38
201 229
202 207
203 161
203 237
205 44
210 244
211 116
211 143
211 189
212 85
212 153
212 177
212 205
213 232
215 168
216 4
218 78
218 124
219 155
221 119
221 223
222 181
223 24
224 184
224 197
225 143
226 48
226 58
226 123
228 124
229 30
229 102
229 149
229 164
229 173
230 2
230 26
231 106
232 117
232 224
236 206
238 21
238 31
239 95
241 219
241 228
242 40
242 93
242 160
242 168
243 43
243 203
243 244
244 116
245 21
245 204
246 19
247 33
248 228
249 98
249 102
250 2

