300 3000
113 114 98 92 39 78 71 110 99 104 103 90 55 50 104 46 55 96 92 88 88 106 103 95 33 88 105 52 75 90 103 38 79 79 47 94 85 100 110 20 48 57 81 60 48 91 32 21 69 118 76 66 26 90 85 98 43 59 77 81 120 108 90 120 72 73 47 107 63 111 66 35 88 52 113 103 33 115 48 23 70 107 77 85 74 57 109 36 86 72 86 83 62 23 98 111 113 62 82 86 66 42 72 41 58 69 50 84 34 41 30 34 33 52 99 112 106 74 62 41 51 115 41 34 57 40 97 114 102 89 35 72 94 34 48 106 100 70 98 30 45 118 30 90 101 60 71 84 60 117 36 99 102 65 100 51 93 73 60 90 88 34 117 114 51 24 44 42 113 116 57 85 25 94 75 54 47 107 28 92 97 87 70 55 37 74 75 30 67 68 27 82 115 57 120 51 66 79 28 99 90 21 70 41 64 86 52 65 66 113 29 44 53 82 40 63 67 78 39 99 23 58 58 45 25 70 74 60 48 36 42 64 89 56 24 26 67 54 108 117 55 73 91 85 84 33 28 81 83 58 76 86 108 48 47 63 25 93 32 106 30 52 79 46 92 70 69 97 102 41 101 57 120 95 53 95 47 69 113 100 70 91 76 58 55 64 94 76 25 87 92 50 40 85 67 47 71 88 120 30 
1 19
1 50
1 70
1 103
1 152
1 154
1 275
2 13
2 43
2 47
2 48
2 54
2 63
2 108
2 126
2 195
2 200
2 205
2 214
2 270
3 56
3 76
3 110
3 148
3 149
3 172
3 174
3 188
3 207
3 212
3 228
3 264
3 276
3 297
4 28
4 37
4 40
4 140
4 188
4 262
5 21
5 95
5 214
5 244
6 26
6 71
6 100
6 170
6 173
6 179
6 221
6 284
7 4
7 35
7 61
7 81
7 88
7 102
7 105
7 108
7 169
7 234
7 235
7 238
7 275
7 284
8 13
8 15
8 29
8 57
8 86
8 121
8 148
8 183
8 196
8 199
8 263
8 274
9 3
9 18
9 37
9 215
9 226
9 245
9 291
10 84
10 104
10 124
10 141
10 173
10 183
10 195
10 216
10 228
10 294
11 38
11 64
11 112
11 145
11 168
11 242
11 275
11 278
11 282
11 295
12 20
12 29
12 82
12 124
12 130
12 159
12 179
12 226
12 242
12 245
12 258
13 32
13 48
13 56
13 106
13 129
13 130
13 131
13 159
13 209
13 212
13 216
13 225
14 30
14 47
14 120
14 158
14 220
14 252
14 258
14 262
14 299
15 2
15 22
15 63
15 74
15 135
15 147
15 212
15 232
15 236
15 249
16 9
16 31
16 68
16 71
16 81
16 174
16 188
16 196
16 208
16 212
16 241
16 249
16 280
17 5
17 65
17 127
17 171
17 207
17 256
17 290
17 294
18 3
18 16
18 60
18 73
18 115
18 148
18 180
18 184
18 217
18 221
18 242
18 289
19 56
19 72
19 119
19 155
19 161
19 168
19 179
19 205
19 213
19 223
19 232
19 235
19 245
19 269
19 292
20 36
20 40
20 71
20 78
20 83
20 101
20 117
20 127
20 164
20 171
20 176
20 178
20 180
20 256
20 299
21 11
21 20
21 89
21 105
21 106
21 117
21 130
21 160
21 167
21 178
21 196
22 20
22 44
22 82
22 113
22 114
22 120
22 137
22 139
22 144
22 236
22 270
22 289
22 299
23 4
23 32
23 77
23 79
23 114
23 123
23 125
23 149
23 156
23 171
23 195
23 196
23 205
23 241
23 253
23 291
24 5
24 26
24 147
24 198
24 199
24 231
24 235
24 262
24 281
25 20
25 22
25 40
25 46
25 72
25 98
25 120
25 128
25 132
25 135
25 144
25 163
25 204
25 207
25 242
25 243
25 297
26 34
26 74
26 98
26 119
26 166
26 180
26 192
26 229
26 299
27 35
27 66
27 128
27 129
27 153
27 182
27 184
27 190
27 281
28 52
28 204
28 277
29 11
29 43
29 111
29 128
29 132
29 159
29 172
29 251
29 254
30 29
30 86
30 109
30 110
30 114
30 119
30 275
30 277
30 294
31 25
31 51
31 136
31 183
31 190
31 223
31 233
31 258
31 268
31 277
31 299
31 300
32 102
32 157
32 197
32 227
32 255
32 260
32 298
33 5
33 16
33 17
33 108
33 127
33 228
33 230
33 281
34 6
34 38
34 54
34 58
34 63
34 98
34 128
34 167
34 224
34 239
34 240
35 3
35 30
35 31
35 56
35 59
35 96
35 238
36 8
36 24
36 48
36 52
36 99
36 131
36 137
36 187
36 203
36 217
36 231
36 233
36 249
37 35
37 38
37 43
37 86
37 122
37 190
37 227
37 247
38 17
38 19
38 29
38 75
38 110
38 134
38 139
38 195
38 243
38 268
38 273
38 274
39 27
39 37
39 129
39 172
39 265
39 270
39 284
39 291
39 298
40 34
40 59
40 101
40 123
40 143
40 152
40 157
40 162
40 173
40 190
40 193
40 195
40 202
41 25
41 54
41 63
41 88
41 204
41 214
42 56
42 118
42 126
42 133
42 153
42 158
42 165
42 182
42 215
42 238
42 277
42 297
42 300
43 3
43 17
43 32
43 61
43 92
43 133
43 145
43 204
43 216
43 238
43 239
43 293
44 75
44 95
44 133
44 145
44 186
44 242
44 271
44 297
45 37
45 65
45 77
45 107
45 186
45 252
45 299
45 300
46 37
46 79
46 96
46 170
46 177
46 182
46 184
46 205
46 215
46 237
46 273
46 285
47 26
47 28
47 55
47 143
47 159
47 167
47 173
47 212
47 270
47 298
48 4
48 66
48 118
48 127
48 130
48 237
48 274
49 10
49 80
49 253
50 25
50 36
50 107
50 119
50 191
50 209
51 20
51 28
51 50
51 57
51 95
51 99
51 251
52 15
52 63
52 89
52 91
52 118
52 119
52 193
52 221
52 231
52 298
53 17
53 36
53 132
53 157
53 176
53 207
53 208
53 238
53 240
53 243
53 258
53 281
53 286
54 7
54 16
54 19
54 99
54 237
54 287
55 23
55 35
55 41
55 74
55 77
55 78
55 86
55 93
55 110
55 190
55 191
55 264
55 277
55 296
56 2
56 57
56 71
56 89
56 209
56 234
56 290
57 42
57 104
57 215
57 271
57 285
57 299
58 18
58 44
58 179
58 197
58 205
58 210
59 8
59 16
59 91
59 94
59 95
59 96
59 141
59 145
59 155
59 232
60 17
60 66
60 130
60 195
60 207
60 266
60 275
61 15
61 27
61 51
61 73
61 109
61 122
61 166
61 167
61 249
61 263
61 284
61 299
62 6
62 34
62 99
62 105
62 129
62 131
62 158
62 159
62 171
62 173
62 174
62 210
62 212
62 235
62 248
62 256
63 104
63 114
63 155
63 221
63 222
63 285
64 18
64 41
64 43
64 48
64 92
64 93
64 117
64 170
64 197
64 220
64 260
64 264
65 6
65 55
65 107
65 144
65 161
65 180
65 190
65 211
65 266
66 16
66 25
66 83
66 93
66 132
66 133
66 164
66 218
67 61
67 132
67 169
67 217
67 258
67 295
68 37
68 48
68 58
68 75
68 95
68 173
68 237
68 255
68 260
68 264
68 269
68 274
68 299
69 35
69 38
69 45
69 63
69 70
69 76
69 94
69 95
69 157
69 251
70 8
70 25
70 26
70 74
70 90
70 134
70 158
70 183
71 21
71 66
71 83
71 125
71 161
71 172
71 214
71 226
71 246
72 48
72 90
72 207
72 252
72 276
73 7
73 25
73 51
73 83
73 84
73 92
73 139
73 207
73 222
73 238
73 291
74 3
74 76
74 118
74 203
74 218
74 227
74 248
74 250
74 287
74 294
75 101
75 104
75 236
75 257
75 285
75 288
76 39
76 58
76 101
76 108
76 109
76 178
76 246
76 264
76 277
76 278
76 282
77 7
77 31
77 59
77 108
77 111
77 112
77 126
77 148
77 153
77 159
77 177
77 194
77 207
77 225
77 235
77 245
77 252
77 253
77 258
77 278
77 294
78 39
78 59
78 79
78 108
78 111
78 113
78 145
78 183
78 194
78 206
78 211
78 240
78 251
78 252
79 52
79 87
79 90
79 99
79 130
79 160
79 176
79 269
79 270
80 19
80 35
80 45
80 47
80 75
80 118
80 120
80 143
80 168
80 174
80 180
80 196
80 211
80 222
80 227
80 296
81 4
81 48
81 58
81 88
81 91
81 124
81 244
81 298
82 100
82 116
82 142
82 153
82 154
82 216
82 277
83 141
84 9
84 18
84 44
84 48
84 49
84 60
84 80
84 122
84 138
84 142
84 157
84 183
84 191
84 203
84 226
84 253
84 263
84 295
85 21
85 35
85 72
85 105
85 109
85 115
85 158
85 168
85 173
85 220
85 227
85 248
85 289
86 56
86 153
86 164
86 242
86 252
86 266
86 272
87 14
87 26
87 64
87 71
87 88
87 108
87 115
87 200
87 257
88 2
88 27
88 52
88 69
88 70
88 109
88 127
88 228
88 245
88 261
88 265
88 271
88 274
89 35
89 57
89 178
89 208
89 210
89 268
90 5
90 33
90 53
90 54
90 69
90 92
90 100
90 102
90 108
90 126
90 129
90 153
90 157
90 234
90 243
90 265
90 267
90 294
91 41
91 42
91 72
91 97
91 135
91 150
91 162
91 170
91 176
91 227
91 253
91 258
91 280
91 294
91 300
92 55
92 119
92 126
92 299
93 9
93 22
93 26
93 35
93 40
93 87
93 128
93 155
93 173
93 184
93 222
93 238
93 272
93 279
94 10
94 11
94 24
94 58
94 77
94 85
94 99
94 124
94 157
94 198
94 270
94 281
94 298
95 43
95 76
95 196
95 258
95 272
95 278
95 281
96 14
96 66
96 88
96 117
96 127
96 157
96 171
96 191
96 195
96 209
96 246
96 247
96 262
96 274
97 15
97 48
97 71
97 88
97 102
97 211
97 215
97 248
98 71
98 121
98 140
98 188
98 189
98 190
98 202
98 224
98 271
98 276
98 279
99 13
99 69
99 71
99 88
99 106
99 108
99 143
99 241
99 268
99 295
100 22
100 46
100 49
100 107
100 133
100 139
100 141
100 143
100 149
100 253
100 254
100 266
101 3
101 13
101 87
101 119
101 140
101 218
101 222
101 244
101 250
102 30
102 47
102 89
102 237
102 270
102 275
103 24
103 127
103 131
103 135
103 211
103 230
104 13
104 61
104 83
104 109
104 136
104 157
104 159
104 212
104 278
105 1
105 3
105 50
105 60
105 83
105 135
105 145
105 171
105 189
105 219
105 229
105 245
105 264
106 8
106 22
106 87
106 153
106 163
106 182
106 201
106 236
106 252
106 255
106 266
106 273
106 280
107 53
107 67
107 148
107 149
107 184
107 207
107 210
107 246
107 276
108 21
108 95
108 159
108 176
108 225
108 248
108 282
108 295
109 46
109 132
109 188
109 192
109 275
109 277
109 288
110 16
110 44
110 50
110 58
110 89
110 135
110 153
110 160
110 166
110 214
110 261
110 272
110 286
110 294
111 27
111 49
111 81
111 125
111 149
111 153
111 180
111 190
111 191
111 212
111 218
111 223
111 231
111 257
112 28
112 33
112 63
112 120
112 143
112 158
112 173
112 186
112 199
112 226
112 261
112 281
112 291
113 60
113 61
113 65
113 87
113 108
113 216
114 13
114 43
114 61
114 69
114 82
114 118
114 156
114 195
114 217
115 70
115 93
115 133
115 141
115 151
115 187
115 259
115 291
116 19
116 39
116 76
116 143
116 178
116 183
116 222
116 271
117 1
117 5
117 16
117 44
117 57
117 67
117 123
117 126
117 150
117 183
117 266
117 276
118 25
118 38
118 119
118 159
118 171
118 173
118 274
119 47
119 143
119 157
119 178
119 214
120 3
120 44
120 51
120 55
120 67
120 91
120 124
120 167
120 205
120 276
120 279
121 49
121 65
121 94
121 117
121 185
121 201
122 5
122 15
122 30
122 31
122 90
122 106
122 146
122 181
122 195
122 199
122 228
122 231
122 236
122 252
122 255
122 281
122 295
123 32
123 39
123 63
123 67
123 75
123 144
123 196
123 222
123 278
124 17
124 40
124 54
124 92
124 97
124 126
124 150
124 156
124 175
124 230
124 274
125 37
125 41
125 85
125 93
125 134
125 178
125 214
125 290
126 16
126 32
126 35
126 55
126 86
126 95
126 105
126 119
126 196
126 198
126 224
126 251
126 292
127 64
127 102
127 123
127 155
127 166
127 191
127 219
127 220
127 278
128 3
128 7
128 98
128 111
128 124
128 150
128 163
128 182
128 225
128 255
128 264
128 280
128 292
129 26
129 44
129 48
129 54
129 85
129 98
129 109
129 114
130 72
130 98
130 106
130 133
130 155
130 168
130 169
130 229
130 241
130 286
130 291
131 24
131 31
131 57
131 88
131 111
131 216
131 217
131 266
132 100
132 101
132 175
132 250
132 274
133 25
133 52
133 68
133 75
133 141
133 154
133 155
133 162
133 175
133 208
133 209
133 262
134 8
134 41
134 44
134 96
134 123
134 149
134 151
134 249
134 299
135 66
135 166
135 194
135 221
135 225
135 232
135 251
135 275
136 1
136 3
136 22
136 111
136 116
136 260
136 293
137 75
137 135
137 152
137 221
137 234
137 256
138 5
138 14
138 136
138 244
138 259
139 31
139 34
139 76
139 128
139 166
139 201
139 215
139 254
140 16
140 55
140 68
140 106
140 142
140 174
140 176
140 183
140 213
140 216
140 236
140 264
141 5
141 36
141 70
141 118
141 159
141 171
141 186
141 216
141 281
142 19
142 24
142 59
142 124
142 169
142 173
142 190
142 211
142 227
143 3
143 33
143 39
143 66
143 68
143 88
143 107
143 129
143 177
143 238
143 269
143 278
144 55
144 61
144 116
144 149
144 174
144 183
144 207
144 215
144 222
144 259
144 279
144 295
145 30
145 55
145 139
145 144
145 160
145 248
145 249
145 290
145 292
145 295
146 8
146 16
146 96
146 141
146 155
146 211
146 222
146 252
146 261
147 59
147 61
147 62
147 105
147 107
147 138
147 148
147 165
147 175
147 236
147 252
147 290
148 39
148 61
148 65
148 72
148 110
148 126
148 132
148 161
148 177
148 221
148 246
148 264
148 283
148 299
149 65
149 83
149 87
149 113
149 117
149 118
149 155
149 187
149 207
149 228
149 248
149 256
149 283
149 291
149 296
150 17
150 51
150 97
150 155
150 171
150 176
150 177
150 209
150 215
150 250
150 251
151 8
151 64
151 66
151 181
151 190
151 202
151 203
151 204
151 225
151 279
152 12
152 39
152 55
152 78
152 89
152 93
152 153
152 176
152 197
152 256
152 271
152 282
153 40
153 69
153 119
153 138
153 149
153 193
153 232
153 234
153 283
153 299
153 300
154 40
154 56
154 97
154 135
154 136
154 158
154 185
154 266
155 5
155 9
155 28
155 33
155 60
155 74
155 79
155 110
155 122
155 164
155 242
155 250
155 255
155 298
156 10
156 47
156 108
156 116
156 132
156 136
156 190
156 213
156 224
156 252
156 256
157 51
157 57
157 129
157 169
157 184
157 189
157 213
157 229
158 8
158 30
158 33
158 51
158 53
158 55
158 119
158 136
158 148
158 233
158 238
158 242
158 275
158 287
159 40
159 74
159 114
159 133
159 143
159 156
159 160
159 222
159 261
159 265
160 2
160 5
160 7
160 89
160 142
160 176
160 236
160 245
160 265
160 266
160 294
161 1
161 17
161 63
161 75
161 94
161 101
161 132
161 133
161 136
161 194
161 195
161 218
161 224
161 247
162 30
162 38
162 55
162 62
162 76
162 103
162 127
162 186
162 219
162 229
162 234
162 256
162 262
162 278
162 291
163 6
163 23
163 34
163 38
163 88
163 140
163 145
163 152
163 196
163 198
163 221
164 13
164 53
164 60
164 70
164 91
164 120
164 168
164 180
164 184
165 50
165 51
165 93
165 99
165 118
165 121
165 135
165 146
165 197
165 231
166 7
166 107
166 141
166 148
166 178
166 209
166 218
166 233
166 242
166 248
166 269
166 271
167 29
167 46
167 64
167 67
167 98
167 161
167 202
167 264
167 268
168 28
168 113
168 115
168 162
168 176
168 196
168 264
168 269
168 288
169 20
169 22
169 24
169 54
169 79
169 84
169 99
169 187
169 247
169 260
169 268
170 24
170 29
170 47
170 54
170 69
170 70
170 115
170 117
170 225
171 24
171 36
171 37
171 48
171 81
171 88
171 94
171 108
171 128
171 148
171 151
171 161
171 163
171 212
171 214
171 230
172 12
172 22
172 23
172 32
172 75
172 181
172 222
172 238
172 240
172 281
173 70
173 78
173 104
173 122
173 141
173 192
173 194
173 212
173 221
173 272
173 283
174 94
174 128
174 182
174 196
174 204
174 208
174 211
174 249
174 252
174 268
174 274
174 281
174 284
174 286
175 58
175 76
175 107
175 159
175 160
175 168
175 217
175 282
176 10
176 34
176 135
176 167
176 175
176 202
176 236
176 244
176 265
176 276
176 282
177 1
177 18
177 19
177 26
177 83
177 152
177 206
178 5
178 53
178 63
178 75
178 109
178 113
178 128
178 129
178 131
178 150
178 173
178 207
178 243
178 289
179 93
179 163
179 211
179 212
179 220
179 290
179 299
180 32
180 77
180 79
180 100
180 142
180 147
180 153
180 155
180 200
180 244
180 247
180 289
181 19
181 30
181 52
181 189
181 203
181 256
181 285
182 23
182 44
182 107
182 205
182 267
182 278
183 35
183 96
183 109
183 132
183 214
183 218
184 24
184 42
184 48
184 54
184 63
184 86
184 111
184 115
184 158
184 161
184 186
184 240
184 294
185 15
185 169
185 180
185 189
185 195
185 232
185 238
185 251
185 254
186 12
186 30
186 59
186 77
186 81
186 108
186 124
186 135
186 148
186 153
186 154
186 262
186 266
186 290
186 292
187 15
187 116
187 143
187 188
187 192
187 194
187 233
187 263
187 264
187 282
187 283
188 29
188 36
188 43
188 49
188 54
188 72
188 76
188 85
188 92
188 120
188 154
188 194
188 246
189 28
189 75
189 174
189 201
189 215
189 218
189 249
190 3
190 53
190 54
190 135
190 170
190 188
190 212
190 270
190 288
191 22
191 53
191 88
191 95
191 145
191 250
191 252
191 267
192 15
192 105
192 132
192 164
192 184
192 214
192 249
193 6
193 26
193 29
193 63
193 94
193 97
193 118
193 119
193 147
193 180
193 216
194 37
194 53
194 88
194 99
194 101
194 119
194 139
194 174
194 176
194 217
194 237
194 286
195 37
195 46
195 64
195 80
195 137
195 142
195 183
195 212
195 219
195 227
195 254
195 280
196 14
196 33
196 59
196 78
196 81
196 111
196 129
196 137
196 203
196 212
196 234
196 259
196 261
196 283
196 295
197 24
197 47
197 118
197 121
197 166
197 230
197 270
198 42
198 81
198 131
198 132
198 180
198 207
198 218
198 282
199 23
199 60
199 97
199 101
199 121
199 171
199 181
199 200
199 285
200 9
200 12
200 50
200 54
200 62
200 65
200 73
200 202
200 209
200 231
201 39
201 47
201 52
201 69
201 96
201 128
201 156
201 164
201 185
201 197
201 218
201 233
201 241
201 258
201 294
202 43
202 99
202 109
202 146
202 157
202 159
202 170
202 183
202 201
202 222
202 245
202 249
202 285
202 296
203 4
203 27
203 37
203 53
203 68
203 73
203 114
203 160
203 238
203 248
203 257
203 265
203 285
204 18
204 32
204 40
204 104
204 112
204 126
204 137
204 145
204 251
204 260
205 9
205 36
205 50
205 94
205 104
205 161
205 218
205 281
206 30
206 40
206 54
206 112
206 150
206 222
206 224
206 229
206 235
206 262
206 274
207 14
207 66
207 192
207 233
207 270
207 283
208 2
208 7
208 44
208 81
208 103
208 115
208 137
208 144
208 255
208 262
208 272
208 273
208 298
209 37
209 66
209 74
209 92
209 103
209 122
209 144
209 186
209 187
209 250
210 30
210 65
210 93
210 97
210 104
210 129
210 172
210 195
210 196
210 276
210 291
211 8
211 14
211 52
211 150
211 162
211 230
211 236
211 298
212 101
212 122
212 183
212 189
212 205
212 210
212 239
212 253
212 267
212 269
212 271
212 289
213 6
213 41
213 60
213 87
213 111
213 196
213 204
213 206
213 244
213 256
214 16
214 47
214 61
214 87
214 136
214 159
214 233
215 15
215 83
215 133
215 165
215 277
216 81
216 155
216 164
216 194
216 196
216 236
216 261
216 280
216 290
217 21
217 63
217 77
217 91
217 122
217 203
217 213
218 96
218 147
218 159
218 247
218 251
219 36
219 45
219 119
219 133
219 259
219 277
220 34
220 73
220 75
220 83
220 108
220 145
220 150
220 186
220 191
220 216
220 227
220 243
220 258
220 291
221 8
221 21
221 59
221 104
221 107
221 124
221 228
222 6
222 198
222 201
222 235
223 30
223 42
223 109
223 124
223 146
223 159
223 212
224 17
224 52
224 64
224 70
224 74
224 110
224 111
224 210
224 221
224 257
224 272
224 280
225 23
225 120
225 123
225 125
225 130
225 132
225 134
225 211
225 235
225 268
225 280
225 294
226 35
226 44
226 55
226 80
226 101
226 141
226 248
226 254
226 271
226 298
227 3
227 46
227 106
227 107
227 118
227 146
227 173
227 179
227 180
227 243
227 288
228 17
228 57
228 120
228 132
228 140
228 154
228 165
228 223
228 264
229 15
229 45
229 59
229 68
229 75
229 167
229 174
229 197
229 200
229 211
229 224
229 289
230 2
230 39
230 61
230 65
230 100
230 152
230 161
230 180
230 198
230 208
230 263
230 288
230 298
231 7
231 22
231 43
231 57
231 94
231 115
231 119
231 136
231 145
231 172
231 192
232 9
232 17
232 44
232 138
232 152
232 192
232 221
232 274
232 277
233 12
233 69
233 118
233 143
233 174
233 290
234 66
234 82
234 89
234 130
234 141
234 150
234 265
235 36
235 56
235 60
235 85
235 147
235 163
235 171
235 178
235 200
236 18
236 33
236 41
236 59
236 63
236 92
236 102
236 104
236 105
236 113
236 142
236 232
236 271
236 273
236 274
237 6
237 27
237 98
237 103
237 143
237 222
237 250
237 269
237 276
238 63
238 108
238 131
238 200
238 260
239 103
239 107
239 125
239 152
239 169
239 191
239 193
239 222
239 255
239 270
239 272
239 286
239 291
240 8
240 21
240 22
240 36
240 43
240 64
240 128
240 146
240 230
240 267
240 296
241 38
241 63
241 64
241 65
241 111
241 176
241 188
241 230
241 300
242 31
242 51
242 140
242 170
242 195
242 231
242 251
242 275
243 73
243 86
243 93
243 112
243 125
243 156
243 199
243 200
243 212
243 234
244 25
244 43
244 48
244 53
244 56
244 65
244 89
244 200
244 201
244 222
244 248
245 11
245 36
245 130
245 136
245 139
245 158
245 195
245 201
245 221
246 18
246 21
246 69
246 85
246 151
246 171
246 201
246 217
246 231
246 241
246 252
246 253
246 282
246 287
246 288
247 33
247 48
247 103
247 142
247 168
247 196
247 281
247 291
248 2
248 3
248 16
248 27
248 154
248 173
248 185
248 196
248 264
249 44
249 91
249 102
249 120
249 133
249 182
249 198
249 207
249 213
249 262
249 297
250 63
250 75
250 77
250 110
250 116
250 141
250 262
251 1
251 86
251 95
251 175
251 203
251 209
251 230
251 255
251 277
251 280
252 8
252 63
252 65
252 70
252 73
252 134
252 162
252 168
252 186
252 192
252 238
252 276
253 46
253 81
253 82
253 89
253 93
253 105
253 173
253 195
253 200
253 222
253 224
253 227
254 45
254 46
254 65
254 72
254 113
254 172
254 174
254 191
254 214
254 215
254 227
254 248
255 38
255 39
255 111
255 139
255 157
255 215
255 228
255 249
255 296
256 14
256 34
256 70
256 90
256 111
256 112
256 117
256 118
256 161
256 176
256 219
256 241
256 280
256 281
256 287
256 297
257 27
257 49
257 56
257 74
257 94
257 113
257 136
257 153
257 180
257 202
257 249
258 18
258 37
258 59
258 63
258 210
258 260
258 267
258 274
259 41
259 80
259 107
259 128
259 183
259 188
259 190
259 245
259 264
259 296
260 28
260 104
260 105
260 138
260 139
260 161
260 177
260 261
260 270
261 84
261 118
261 129
261 169
261 226
261 229
261 230
261 238
261 266
262 82
262 136
262 138
262 143
262 169
262 200
262 273
262 276
263 33
263 124
263 171
263 231
263 246
263 265
263 283
264 15
264 60
264 61
264 94
264 130
264 137
264 207
264 217
264 247
264 251
264 287
265 18
265 22
265 28
265 36
265 82
265 129
265 181
265 200
265 235
265 269
265 300
266 13
266 39
266 87
266 111
266 252
266 285
266 290
267 28
267 71
267 111
267 114
267 115
267 138
267 142
267 173
267 175
267 211
268 34
268 49
268 87
268 116
268 132
268 147
268 195
268 227
268 271
268 295
268 296
269 32
269 38
269 48
269 65
269 163
269 164
269 183
269 186
269 198
269 231
269 239
269 249
269 256
269 276
270 24
270 73
270 82
270 139
270 147
270 187
270 222
270 232
270 263
270 276
270 300
271 19
271 43
271 51
271 164
271 167
271 169
271 231
272 20
272 37
272 58
272 60
272 71
272 98
272 114
272 161
272 164
272 197
272 213
272 282
273 37
273 62
273 69
273 105
273 135
273 137
273 171
273 177
273 233
273 243
273 278
274 7
274 21
274 80
274 82
274 102
274 117
274 154
274 156
274 175
274 300
275 57
275 72
275 74
275 76
275 112
275 121
275 123
275 138
275 143
275 163
275 188
275 198
275 203
275 215
275 232
275 280
276 2
276 12
276 50
276 83
276 102
276 103
276 115
276 131
276 251
277 133
277 142
277 143
277 284
277 298
278 30
278 78
278 109
278 138
278 226
278 238
278 247
278 289
279 7
279 52
279 60
279 70
279 79
279 91
279 238
279 244
279 261
279 298
280 54
280 64
280 73
280 76
280 94
280 168
280 212
280 228
280 261
280 282
281 23
281 59
281 191
281 195
281 233
281 243
281 277
282 111
282 125
282 127
282 130
282 139
282 195
282 226
282 237
282 264
282 276
282 299
283 1
283 22
283 29
283 62
283 73
283 115
283 211
283 216
283 266
283 276
283 282
284 47
284 133
284 156
284 171
284 246
285 33
285 35
285 74
285 77
285 104
285 123
285 136
285 194
285 240
285 246
285 247
285 264
285 274
286 43
286 60
286 164
286 169
286 180
286 214
286 216
286 263
286 279
287 1
287 14
287 86
287 106
287 112
287 116
287 164
287 170
287 241
287 245
287 293
287 296
288 11
288 79
288 89
288 91
288 133
288 155
288 242
288 244
289 7
289 10
289 28
289 67
289 86
289 114
289 116
289 117
289 126
289 135
289 151
289 165
289 206
289 236
289 294
290 20
290 37
290 102
290 103
290 155
290 164
290 196
290 296
291 30
291 61
291 114
291 127
291 129
291 135
291 140
291 143
291 177
291 259
291 300
292 18
292 56
292 59
292 81
292 146
292 159
292 201
292 230
293 65
293 114
293 128
293 165
293 189
293 196
293 235
293 239
293 263
293 291
294 11
294 27
294 38
294 108
294 144
294 145
294 268
294 292
295 4
295 47
295 70
295 73
295 164
295 201
295 209
295 247
295 292
296 12
296 54
296 59
296 63
296 64
296 89
296 118
296 121
296 166
296 177
296 186
296 190
296 247
297 27
297 33
297 43
297 52
297 65
297 141
297 181
297 219
297 221
297 224
297 261
297 269
298 12
298 72
298 116
298 129
298 131
298 158
298 183
298 187
298 249
298 273
299 34
299 125
299 142
299 180
299 230
299 265
300 44
300 113
300 154
300 178
300 200
300 202
300 236
300 255
300 273
300 278
300 280

