200 1000
96 20 73 48 32 101 90 64 73 68 90 106 55 74 81 46 20 117 118 59 107 105 100 26 115 106 86 54 108 37 23 51 78 49 54 91 78 20 41 80 48 96 69 95 118 84 49 101 105 97 30 47 52 94 33 52 74 97 61 96 31 80 111 89 72 83 74 98 97 24 120 34 84 33 104 100 65 93 120 33 44 119 47 77 39 85 92 98 20 70 92 109 72 69 37 70 77 102 49 117 51 70 80 72 27 105 25 23 111 52 81 83 83 59 62 51 32 69 56 106 95 22 102 66 26 102 94 78 68 49 102 35 60 51 96 78 72 112 115 28 48 80 88 35 48 46 116 120 38 68 118 89 62 71 21 119 77 20 58 65 81 90 44 82 81 75 90 27 90 42 53 87 76 40 71 31 23 96 66 71 20 89 65 30 40 70 42 35 101 73 105 30 55 21 32 112 98 35 84 49 
1 6
1 22
1 129
1 145
1 190
1 192
2 3
2 93
2 97
2 143
3 84
3 102
3 114
3 120
3 199
4 2
4 15
4 63
4 68
4 91
4 110
5 38
5 91
5 142
6 13
6 16
6 46
6 158
7 12
7 66
7 104
7 129
8 119
8 200
9 1
9 6
9 45
9 67
9 78
9 85
9 156
10 24
10 100
10 107
10 121
10 150
10 170
11 37
11 52
11 79
11 111
11 155
11 162
11 164
12 28
12 69
12 132
12 169
13 66
13 82
13 153
13 156
13 161
13 170
14 68
14 88
14 112
14 127
14 146
14 160
14 182
15 94
15 117
15 150
15 155
15 193
16 12
16 37
16 82
16 150
16 179
17 4
17 20
17 158
17 178
18 7
18 32
18 101
18 121
19 47
19 52
19 191
20 7
20 43
20 126
20 137
20 179
21 7
21 9
22 50
22 131
22 138
22 148
22 179
23 81
23 152
24 50
24 59
24 72
24 88
24 101
24 125
25 50
25 95
25 116
25 197
26 74
26 123
26 200
27 14
28 17
28 32
28 78
28 81
28 88
28 99
28 177
29 26
29 98
29 116
29 141
29 171
30 17
30 37
30 51
30 63
30 96
30 111
30 122
30 126
30 178
31 53
31 57
31 60
31 89
31 96
31 142
31 165
32 10
32 135
32 177
33 58
33 101
33 143
33 190
34 51
34 84
34 108
34 185
34 187
35 120
35 123
35 186
35 192
35 193
36 32
36 61
36 70
36 74
36 107
36 118
36 151
36 160
37 9
37 28
37 31
37 39
37 72
37 130
38 33
38 69
38 82
38 83
38 86
38 95
38 149
39 54
39 92
39 117
39 192
40 86
40 187
41 134
41 193
42 1
42 72
42 101
43 31
43 73
43 117
43 160
43 194
44 10
44 19
44 54
44 120
45 17
45 20
45 22
45 27
45 43
45 48
45 67
45 158
45 169
45 183
46 28
46 88
46 144
46 147
47 14
47 60
47 99
47 131
47 156
47 161
47 186
48 134
48 143
48 152
48 165
48 176
49 80
49 105
49 108
49 111
49 187
50 8
50 94
50 101
50 195
51 52
51 88
51 110
51 163
51 186
52 54
52 81
52 113
52 167
52 178
53 19
53 29
53 123
53 152
54 30
54 172
54 186
54 188
55 4
55 43
55 77
55 123
55 157
56 4
56 5
56 28
56 119
56 167
56 192
57 47
57 56
57 64
57 99
57 152
58 18
59 11
59 61
59 72
59 121
59 133
59 159
59 172
60 57
60 103
60 113
61 11
61 18
61 20
61 32
61 37
61 39
61 62
61 187
62 1
62 19
62 34
62 59
62 67
62 123
62 131
62 184
63 32
63 57
63 59
63 146
63 152
64 59
64 95
64 118
64 150
64 159
64 187
64 195
65 93
65 133
65 139
65 175
65 197
65 198
66 8
66 95
66 139
66 172
66 194
67 199
68 28
68 34
68 57
68 128
68 140
68 170
69 22
69 61
69 63
69 124
69 191
69 192
70 30
70 59
70 111
70 146
71 18
71 34
71 81
71 93
71 96
71 128
71 139
71 163
71 179
72 12
72 22
72 107
72 137
72 158
73 57
73 100
73 141
73 191
74 14
74 82
74 120
74 178
75 36
75 130
75 160
75 168
76 16
76 24
76 61
76 98
76 139
77 27
77 72
77 108
78 31
78 51
78 79
78 80
78 129
78 134
78 159
79 5
79 131
79 161
79 189
79 197
80 21
80 66
80 70
81 6
81 9
81 24
81 104
81 187
82 41
82 101
82 110
82 112
83 2
83 16
83 41
83 89
83 137
83 197
84 62
84 142
85 11
85 29
85 36
85 134
85 137
85 200
86 12
86 17
86 18
86 27
86 50
86 74
86 105
86 183
87 57
87 60
87 114
87 124
87 135
87 138
87 175
87 196
88 43
88 66
88 96
88 111
88 125
88 126
88 128
88 129
88 152
88 184
88 193
89 12
89 63
89 110
89 148
90 54
90 57
90 58
90 99
90 111
90 175
91 43
91 170
91 189
92 4
92 36
92 42
92 46
92 95
92 155
92 191
93 25
93 53
93 160
93 170
94 5
94 107
94 146
94 156
94 178
95 26
95 29
95 101
96 19
96 98
96 129
96 187
97 45
97 120
97 146
97 173
98 56
98 60
98 63
98 72
98 100
99 9
99 33
99 63
99 115
100 6
100 15
100 60
100 70
100 79
100 89
100 144
100 156
100 167
101 113
101 152
101 153
102 2
102 115
102 116
102 149
102 151
102 197
103 83
103 127
103 154
104 27
104 66
104 89
104 112
104 127
104 157
104 169
104 184
105 46
105 102
105 177
106 47
106 84
106 142
107 8
107 20
107 43
107 54
107 90
107 95
107 96
107 145
107 148
107 170
108 18
108 48
108 80
108 110
108 131
109 51
109 67
109 78
109 97
109 134
110 66
110 71
110 104
110 157
110 168
110 173
110 186
110 196
111 159
111 162
111 170
111 194
112 56
112 78
112 138
112 177
112 184
113 3
113 30
113 94
113 112
114 110
114 185
115 105
115 160
115 198
116 32
116 39
116 117
116 120
116 177
117 50
117 157
117 167
117 198
118 11
118 17
118 27
118 81
118 99
118 200
119 46
119 65
119 76
119 129
119 145
119 180
119 194
119 196
120 2
120 80
120 121
120 148
120 191
121 15
121 25
121 72
121 102
121 140
121 163
122 24
122 94
123 24
123 43
123 50
123 93
123 94
124 14
124 56
124 81
124 101
124 141
124 178
124 188
125 12
125 34
125 101
125 102
126 44
126 162
127 36
127 52
127 116
127 165
127 168
128 41
128 66
128 80
128 110
128 126
128 129
128 167
129 29
129 131
130 7
130 77
130 196
131 14
131 54
131 60
131 117
131 175
132 33
132 38
132 93
132 111
132 130
132 133
132 200
133 104
133 118
133 123
133 130
133 162
133 173
134 17
134 92
135 102
135 154
135 197
136 56
136 68
136 164
137 16
137 17
137 24
137 138
137 151
137 166
138 9
138 38
138 48
138 75
138 96
138 150
138 161
139 6
139 8
139 9
139 19
139 56
139 80
140 15
140 41
140 54
140 122
141 9
141 46
141 157
141 185
141 190
142 14
142 32
142 36
142 58
142 70
142 98
142 119
142 121
142 132
142 197
143 24
143 45
143 89
144 96
144 118
144 143
144 175
145 49
145 81
146 128
146 138
146 147
146 150
147 173
148 30
148 50
148 66
148 147
148 195
149 34
149 79
149 101
149 109
150 83
150 198
150 200
151 52
151 96
151 157
151 159
151 187
152 41
152 139
153 34
153 73
153 155
154 97
155 10
155 61
155 70
155 83
155 101
155 126
155 145
155 160
155 173
155 185
156 90
156 116
156 136
156 146
156 151
157 9
157 52
157 158
157 162
158 62
158 183
159 12
159 19
159 38
159 96
159 103
159 130
159 142
159 168
160 4
160 24
160 26
160 57
160 91
160 97
160 101
160 135
160 166
160 192
161 158
162 4
162 14
162 52
162 72
162 74
162 118
162 189
163 7
163 31
163 68
163 108
163 191
164 14
164 87
164 92
164 116
164 134
164 147
164 152
164 198
165 41
165 53
165 94
165 129
165 175
165 196
166 76
166 88
166 90
166 92
166 118
166 184
166 189
167 13
167 87
167 99
167 105
167 123
167 136
167 149
167 150
167 151
168 32
168 33
168 52
168 64
168 146
169 81
169 109
169 134
169 135
170 36
170 39
170 77
170 88
170 180
171 82
171 84
171 88
171 92
171 111
171 120
171 161
171 179
172 12
172 28
172 91
172 110
172 139
172 152
172 156
173 88
173 90
173 189
174 29
174 188
175 11
175 46
175 71
175 79
175 84
176 22
176 28
176 83
176 87
176 140
176 144
176 152
176 183
176 191
176 198
177 5
177 19
177 129
178 39
178 63
178 71
178 92
178 109
178 110
178 180
178 199
179 7
179 65
179 127
180 3
180 13
180 22
180 35
180 36
180 89
180 133
180 157
181 40
181 140
181 143
182 2
182 29
182 89
182 112
182 134
183 61
183 94
183 108
183 130
184 141
185 73
185 93
185 156
186 173
187 15
187 74
187 86
187 90
187 120
187 132
187 163
187 196
187 197
188 1
188 4
188 15
188 23
188 46
188 64
188 75
188 121
188 133
189 16
189 124
189 125
189 131
189 200
190 51
190 55
190 131
190 156
190 186
190 198
190 199
191 91
191 117
191 123
192 12
192 28
192 100
192 101
192 154
192 171
193 5
193 26
193 83
193 126
193 175
193 185
193 191
194 23
194 63
194 87
194 97
194 108
194 114
194 167
195 25
195 53
195 82
195 84
195 113
195 121
195 132
195 135
195 146
196 48
196 114
196 125
196 131
196 145
196 183
196 185
197 12
197 30
197 36
197 48
197 52
197 98
197 139
197 143
198 11
198 55
198 87
199 13
199 19
199 73
199 99
199 142
200 29
200 167

