100 500
85 83 44 45 72 35 20 100 48 72 93 42 52 87 102 115 94 55 104 67 55 71 83 83 92 83 24 23 63 72 90 107 120 64 85 59 90 97 26 52 63 63 64 97 53 31 51 60 81 46 20 95 70 32 42 103 38 72 36 41 33 40 37 97 61 29 104 68 21 120 88 96 83 33 45 77 63 71 87 36 39 83 74 111 30 113 103 32 102 116 48 83 24 108 38 98 63 105 113 40 
1 26
1 36
1 41
1 44
1 66
1 90
1 93
2 7
2 14
2 27
2 41
2 43
2 52
2 90
3 41
3 51
3 67
3 69
3 95
4 7
4 79
4 81
5 7
5 64
5 90
6 44
6 73
6 91
7 6
7 18
7 24
7 30
7 38
7 42
7 51
7 73
8 5
8 29
8 34
8 46
8 47
8 71
8 98
9 58
9 80
10 9
10 23
10 25
10 27
10 91
11 100
12 35
12 56
12 58
12 61
12 80
12 96
12 98
13 63
14 30
14 39
14 60
15 10
15 35
15 41
16 18
16 20
16 22
16 31
16 54
17 1
17 22
17 37
17 74
17 79
17 84
17 95
17 99
18 20
18 35
18 45
18 47
18 52
19 34
19 47
19 80
20 52
20 98
21 7
21 42
21 49
21 64
21 96
21 100
22 33
22 46
23 5
23 64
24 53
24 64
24 80
24 91
25 5
25 8
25 26
25 97
26 100
27 6
27 32
27 51
28 10
28 57
28 61
28 88
29 70
29 73
29 100
30 13
30 15
30 19
30 35
30 44
30 56
30 73
31 15
31 20
31 48
31 77
31 100
32 9
32 21
32 44
32 55
33 28
33 42
33 69
33 83
33 85
33 93
34 15
34 33
34 50
34 57
34 70
34 82
34 92
34 95
35 3
35 10
35 97
36 22
36 32
36 46
36 83
37 2
37 62
37 76
37 79
38 2
38 50
38 65
38 80
39 29
39 41
39 42
39 56
39 79
40 20
40 21
40 64
40 79
40 80
41 13
41 30
41 59
43 28
43 58
43 81
44 29
44 37
44 45
44 46
45 31
45 38
45 61
45 68
45 84
46 5
46 26
46 34
46 38
46 47
46 50
47 23
47 28
47 57
47 90
47 92
48 1
48 2
48 82
48 99
49 1
49 16
49 40
49 55
49 56
49 76
49 77
50 4
50 39
50 54
50 83
52 5
52 7
52 14
52 43
52 47
52 53
52 73
52 89
52 95
53 7
53 81
53 85
53 92
53 93
53 95
53 96
54 6
54 26
54 28
54 33
54 35
54 57
54 73
54 81
54 85
55 15
55 54
55 74
55 81
56 60
56 92
57 3
57 9
57 35
57 39
57 43
57 52
58 67
58 71
59 5
59 18
59 91
59 92
60 90
60 94
61 10
61 24
61 27
61 47
61 60
61 69
61 71
61 81
62 4
62 36
62 92
63 7
63 41
64 34
64 35
64 41
64 53
64 58
64 71
64 78
64 86
64 98
65 12
65 14
65 19
65 42
65 63
65 66
65 75
65 85
66 8
66 14
66 40
66 77
66 82
66 94
66 95
67 8
67 14
67 25
67 35
68 21
68 46
68 47
68 53
68 67
68 74
68 78
68 91
68 99
69 2
69 27
69 59
69 64
69 68
69 82
70 14
70 45
70 78
70 96
70 97
71 12
71 24
71 45
71 77
71 83
72 4
72 6
72 34
72 41
72 44
72 51
72 69
72 95
73 13
73 49
73 51
73 95
74 15
74 24
74 70
75 10
75 18
75 24
75 55
75 95
76 11
76 13
76 14
76 45
76 81
76 82
76 89
76 92
77 13
77 14
77 17
77 34
77 52
77 61
77 74
78 1
78 20
78 24
78 25
78 46
78 94
79 2
79 50
79 55
79 72
79 85
80 11
80 41
80 59
80 91
81 59
81 67
82 6
82 11
82 29
82 38
82 39
82 55
82 60
82 61
82 63
82 73
82 96
83 11
83 16
83 31
83 42
83 44
83 84
84 2
84 11
84 18
84 40
84 51
84 63
84 73
84 75
85 17
85 23
85 27
85 29
85 77
85 92
86 12
86 13
86 20
86 24
86 38
86 51
86 66
86 68
86 69
86 70
86 85
86 91
87 36
87 39
87 55
87 65
87 76
88 7
88 21
88 24
88 33
88 46
88 61
88 76
88 87
89 9
89 19
89 28
89 39
89 40
89 43
89 64
89 95
90 26
90 68
91 2
91 7
91 17
91 52
92 15
92 37
92 38
92 45
92 50
92 95
92 97
93 5
93 28
93 64
93 96
94 12
94 22
94 46
94 96
95 5
95 80
95 94
96 11
96 18
96 32
96 51
96 54
96 91
97 12
97 18
97 31
97 72
97 88
97 94
97 99
98 21
98 23
98 43
98 44
98 45
98 52
98 71
98 76
98 100
99 16
99 23
99 25
99 38
99 58
99 73
99 80
99 85
99 86
100 38
100 40
100 50
100 83
100 89

