250 1000
60 74 97 43 68 21 113 92 60 23 84 110 62 36 51 73 46 107 75 60 26 106 21 44 101 110 78 61 49 89 98 119 80 53 99 92 43 42 79 40 91 119 108 79 48 113 32 43 50 96 115 101 67 79 33 56 34 99 101 111 48 27 28 74 37 97 92 60 85 99 78 59 104 23 100 88 60 119 101 81 23 103 104 51 85 76 85 118 59 117 37 37 60 85 77 81 94 65 47 21 58 106 111 68 27 89 21 76 70 86 110 101 118 117 67 118 111 24 97 90 80 114 117 106 103 97 94 82 50 106 36 67 21 43 27 20 45 56 43 47 40 90 108 116 97 54 42 113 79 45 33 36 35 115 96 89 69 111 112 105 55 67 31 20 116 95 99 113 57 88 25 34 91 56 54 115 35 51 30 72 103 40 71 35 72 69 34 47 92 106 39 105 96 100 68 58 58 40 38 39 119 64 30 119 115 64 40 47 68 85 21 32 108 38 32 111 62 67 95 31 44 31 78 91 96 53 59 32 78 91 60 103 82 56 100 110 112 61 113 39 104 94 92 109 85 67 50 94 92 20 
1 18
1 217
1 250
2 31
2 109
2 152
2 205
2 236
3 10
3 51
3 102
3 116
3 129
3 147
4 6
4 117
4 141
4 200
4 215
4 224
4 225
5 12
5 50
5 55
5 108
5 150
5 175
5 186
7 49
7 80
8 14
8 41
8 55
8 83
8 98
8 138
9 11
9 21
9 56
9 139
9 248
10 96
10 125
10 181
11 1
11 21
11 91
11 138
11 145
11 167
12 4
12 84
12 109
13 31
13 32
13 249
14 29
14 207
14 217
15 62
15 118
15 142
16 92
16 130
17 39
17 75
17 151
17 156
18 14
18 24
18 31
18 122
18 216
19 137
19 144
19 166
19 222
20 12
20 104
20 151
20 168
21 24
21 63
21 163
23 80
23 112
23 196
23 218
24 45
24 71
24 81
24 171
24 236
25 12
25 16
25 66
25 67
25 70
25 141
25 190
25 245
26 131
26 150
26 220
26 231
27 4
27 160
27 235
28 74
28 85
28 143
28 180
28 233
29 45
29 69
29 187
29 191
29 213
31 34
31 74
31 137
31 211
32 90
32 130
33 49
33 137
33 198
34 39
34 91
34 97
34 140
34 181
34 202
35 67
36 51
36 54
36 83
36 210
37 28
37 71
37 114
37 209
37 220
37 250
38 76
38 126
38 162
38 235
39 148
39 182
39 223
40 8
40 27
40 87
40 111
41 137
42 59
42 213
43 36
43 46
44 107
44 147
44 169
44 188
45 60
45 162
45 237
46 16
46 51
46 102
46 115
46 134
46 148
46 154
46 215
47 36
47 82
47 171
47 180
47 210
48 68
48 104
48 110
48 113
48 208
48 250
49 235
50 52
50 60
50 66
50 72
50 85
50 180
51 73
51 129
51 174
51 196
51 240
52 132
52 138
52 184
52 237
53 28
53 96
53 208
53 239
53 247
54 28
54 75
54 80
54 84
54 115
54 145
55 33
55 83
55 126
56 208
56 244
57 71
57 102
57 129
57 154
57 193
59 48
59 80
59 94
59 205
60 7
60 23
60 61
60 152
60 182
60 184
61 21
61 65
61 90
61 94
61 197
62 124
62 135
62 195
62 206
62 213
63 13
63 176
64 10
64 14
64 66
65 52
65 81
65 105
65 120
65 218
66 5
66 8
66 16
66 18
66 48
66 137
66 167
66 179
66 182
67 8
67 15
67 39
67 216
68 93
68 158
68 215
69 131
69 158
70 2
70 92
70 139
70 156
71 33
71 67
71 106
71 235
71 245
72 65
72 139
72 249
73 85
73 95
73 146
73 173
73 226
74 88
75 203
76 155
77 125
77 193
77 202
78 48
78 63
78 138
78 140
78 142
78 154
79 173
80 15
80 30
80 44
80 133
80 232
81 112
81 131
81 156
81 159
81 207
81 212
82 27
82 97
82 98
82 173
82 190
82 206
83 152
83 161
83 162
83 167
83 198
83 206
84 33
84 52
84 131
84 172
84 178
84 196
85 4
85 12
85 139
85 160
85 249
86 107
87 22
87 42
87 43
87 73
87 159
87 243
88 13
88 64
88 133
88 147
88 224
89 12
89 74
89 148
90 47
90 53
90 88
90 190
91 52
91 59
91 70
91 122
91 156
91 166
92 5
92 199
93 127
93 151
93 173
94 12
94 41
94 56
94 97
94 125
94 129
94 131
94 138
94 155
95 19
95 30
95 51
95 71
95 141
95 204
96 30
96 32
96 150
96 156
96 160
96 221
97 49
97 118
97 229
98 21
98 89
98 237
99 69
99 123
99 145
100 11
100 40
100 72
100 133
100 143
101 6
101 137
101 138
101 144
101 154
101 160
101 209
101 210
102 110
102 167
102 190
102 211
102 247
104 225
104 236
105 173
105 184
105 229
105 234
106 96
106 115
106 143
106 161
106 204
106 205
107 10
107 20
107 56
107 134
107 169
108 99
108 107
108 134
108 153
108 177
108 197
108 239
109 142
109 157
109 174
109 199
109 226
110 177
110 185
111 18
111 71
111 97
111 115
111 130
111 155
111 230
112 2
112 64
112 78
112 100
112 120
112 121
112 125
113 15
113 62
113 89
113 118
114 33
114 160
114 186
115 34
115 37
115 53
115 150
115 235
116 216
117 80
117 139
117 185
118 114
119 45
119 112
119 203
120 23
120 98
120 152
120 210
121 78
121 98
122 25
122 132
122 145
123 83
123 147
123 157
123 246
124 107
124 140
124 173
124 192
125 81
126 8
126 22
126 60
126 175
126 215
127 46
127 224
127 248
128 176
129 233
130 238
131 86
132 131
133 2
133 74
133 93
134 10
134 143
134 180
135 122
135 136
135 144
135 231
135 249
136 18
136 187
136 198
137 14
137 45
137 183
137 224
138 16
138 69
138 71
138 99
138 125
138 210
138 229
138 231
139 99
139 168
140 31
140 135
140 188
140 200
141 46
141 121
141 162
141 171
142 52
142 246
143 104
144 59
144 83
144 100
144 162
144 221
144 224
144 231
145 37
145 77
145 128
146 25
146 40
146 121
146 163
146 249
147 63
148 2
148 120
148 236
149 81
149 170
150 14
150 83
150 176
151 79
151 98
151 136
152 69
152 84
152 155
152 240
153 184
154 35
154 125
154 183
154 211
154 242
155 125
155 186
155 226
156 122
156 135
156 163
156 204
156 235
157 39
157 169
157 210
157 240
158 43
158 50
158 70
158 108
158 112
158 123
158 154
158 208
159 28
159 61
159 63
159 94
159 107
159 148
159 170
160 19
160 39
160 90
160 122
160 150
160 202
161 99
161 139
161 166
161 177
162 105
162 110
162 195
162 238
162 249
163 59
163 109
163 121
163 243
164 11
164 53
164 72
164 80
164 216
166 6
166 28
166 42
166 148
166 212
167 48
167 51
167 64
167 128
167 217
167 225
168 132
169 84
169 102
169 104
169 163
169 198
169 211
170 10
170 190
171 91
171 106
172 17
172 56
172 59
172 63
172 141
172 168
172 231
173 52
173 109
173 113
173 138
174 136
174 140
174 204
175 57
175 113
175 166
175 180
175 181
175 185
175 204
175 217
175 218
176 41
176 44
176 108
176 123
177 109
177 169
177 242
178 49
178 53
178 66
178 78
178 107
178 124
178 228
179 27
179 190
180 15
180 37
180 205
181 179
181 207
182 19
182 63
182 89
182 161
182 198
182 215
183 47
183 113
183 155
184 225
185 137
185 163
185 205
185 224
185 225
185 239
186 48
186 61
186 71
186 116
186 120
186 137
186 148
187 34
187 96
187 216
187 250
188 24
188 26
188 95
188 112
188 114
188 179
188 226
189 176
189 216
190 39
191 47
191 103
191 108
191 187
191 190
191 199
191 205
191 216
191 221
192 63
192 86
192 141
192 240
193 19
193 30
193 87
193 135
193 141
193 200
193 228
194 117
194 133
194 222
195 39
195 40
195 90
195 140
195 155
195 172
196 43
196 62
196 66
196 107
196 171
197 15
197 48
197 100
197 196
197 227
198 31
198 65
198 123
198 125
198 130
198 243
198 244
199 108
199 145
199 159
199 173
200 9
200 27
200 228
200 249
201 96
201 138
201 148
201 172
202 40
202 65
202 128
203 11
203 71
203 175
204 24
204 53
204 65
204 92
205 43
205 163
205 216
206 79
206 136
206 153
207 184
207 211
208 2
208 26
208 233
208 239
209 92
209 220
209 243
209 246
210 17
210 24
210 91
212 9
212 37
213 28
213 112
213 185
213 205
214 33
214 99
214 122
214 204
214 208
215 22
215 56
216 3
216 58
216 161
216 162
216 176
217 86
217 98
217 131
217 151
217 216
218 3
218 13
218 26
218 73
218 82
218 122
219 63
219 143
219 145
219 149
220 18
220 53
220 62
220 88
220 117
220 128
220 142
220 186
220 236
221 167
221 197
221 205
222 34
222 78
222 124
222 134
222 143
222 160
222 177
222 225
223 80
223 118
223 174
223 250
224 15
224 33
224 106
224 129
224 217
224 244
225 68
225 230
226 41
226 60
226 149
226 244
227 54
227 123
227 144
227 156
227 164
227 245
228 9
228 53
228 61
228 155
228 169
228 195
228 209
228 218
229 5
229 82
229 101
229 111
229 124
229 205
229 214
230 102
230 145
230 190
231 74
231 99
231 182
231 207
232 195
232 196
232 208
232 233
233 91
234 1
234 60
234 141
235 23
235 87
235 94
236 78
236 84
236 130
236 174
236 184
236 228
236 249
237 60
237 85
237 130
237 134
237 196
238 13
238 32
238 114
238 175
238 188
238 227
239 26
239 176
239 199
240 122
240 158
240 176
240 237
240 246
242 26
243 25
243 57
243 116
243 155
243 180
243 226
244 33
244 60
244 77
244 127
245 16
245 54
245 55
245 69
245 82
245 107
245 188
245 202
245 244
246 7
246 11
246 160
246 234
247 44
247 64
247 69
247 149
247 162
247 182
248 201
249 32
249 80
249 86
249 115
249 118
249 215
250 137
250 166
250 221

