300 5000
44 110 69 58 87 64 63 39 71 50 96 85 59 73 25 67 36 98 51 33 40 98 43 65 64 82 55 110 113 24 55 112 66 60 70 30 27 54 32 113 73 30 63 103 101 118 89 43 95 83 23 83 97 104 54 91 20 41 91 84 68 82 81 107 60 96 30 95 75 47 81 117 90 61 107 53 69 83 88 115 72 79 90 67 86 58 110 26 75 25 109 55 87 28 59 77 109 118 118 106 22 32 115 95 106 88 120 23 79 46 59 40 26 108 88 40 93 92 80 32 46 29 53 87 21 34 101 61 78 57 93 82 22 64 120 69 59 39 97 109 64 86 111 116 22 102 37 59 74 106 22 27 42 62 87 22 115 66 64 22 70 61 30 95 25 24 51 25 52 29 86 24 46 25 87 100 109 29 50 118 41 88 67 44 53 71 28 42 52 33 89 33 76 69 114 31 58 115 81 75 99 22 75 116 33 54 75 70 85 41 23 109 61 117 60 49 60 79 96 101 30 46 48 38 79 104 93 65 119 75 76 78 47 90 60 56 105 92 82 36 78 44 22 97 39 22 29 73 74 67 101 24 91 37 99 111 42 95 116 103 116 117 76 32 44 115 112 43 27 61 32 30 57 48 111 35 69 77 96 38 73 92 115 69 25 81 86 40 100 64 28 98 98 75 56 118 53 113 83 42 
1 8
1 35
1 53
1 79
1 85
1 96
1 105
1 152
1 165
1 167
1 193
1 196
1 237
1 251
1 269
2 13
2 46
2 73
2 128
2 137
2 141
2 164
2 166
2 168
2 174
2 206
2 208
2 213
2 232
2 237
2 241
2 242
2 263
2 270
2 278
2 285
3 13
3 48
3 58
3 113
3 115
3 137
3 138
3 155
3 159
3 161
3 187
3 232
3 235
3 253
4 35
4 51
4 54
4 75
4 78
4 80
4 88
4 124
4 215
4 222
4 232
4 294
4 299
5 4
5 29
5 46
5 60
5 62
5 80
5 90
5 98
5 102
5 159
5 173
5 175
5 201
5 277
6 2
6 25
6 41
6 66
6 72
6 74
6 86
6 95
6 122
6 131
6 138
6 146
6 169
6 174
6 203
6 246
6 256
6 268
6 284
6 297
7 12
7 28
7 33
7 49
7 52
7 75
7 135
7 162
7 180
7 210
7 214
7 232
7 276
7 282
8 19
8 31
8 47
8 48
8 50
8 60
8 65
8 70
8 73
8 74
8 84
8 147
8 160
8 191
8 194
8 204
8 231
8 248
8 262
8 264
9 6
9 28
9 50
9 60
9 68
9 78
9 84
9 89
9 106
9 112
9 118
9 149
9 187
9 191
9 193
9 200
9 202
9 214
9 228
9 280
10 62
10 71
10 95
10 99
10 107
10 145
10 150
10 173
10 178
10 207
10 220
10 244
10 250
10 258
10 262
10 266
10 287
10 290
11 66
11 74
11 86
11 99
11 103
11 117
11 121
11 127
11 136
11 149
11 167
11 190
11 191
11 227
11 230
11 270
11 273
11 279
11 291
12 22
12 23
12 39
12 55
12 63
12 74
12 93
12 123
12 128
12 134
12 144
12 148
12 150
12 155
12 158
12 164
12 173
12 227
12 281
13 5
13 17
13 31
13 153
13 173
13 179
13 191
13 260
13 262
13 274
14 1
14 9
14 11
14 24
14 87
14 119
14 130
14 139
14 146
14 147
14 168
14 186
14 275
15 56
15 61
15 102
15 119
15 125
15 133
15 144
15 160
15 165
15 172
15 180
15 184
15 190
15 195
15 209
15 215
15 218
15 221
15 243
15 248
15 254
15 280
15 287
16 4
16 73
16 101
16 122
16 126
16 145
16 161
16 164
16 177
16 183
16 202
16 213
16 224
16 231
16 249
16 258
17 44
17 59
17 64
17 105
17 116
17 126
17 137
17 190
17 205
17 212
17 219
17 230
17 244
17 253
17 266
17 271
18 3
18 6
18 20
18 51
18 67
18 93
18 109
18 117
18 130
18 138
18 164
18 214
18 240
18 253
18 265
18 274
19 1
19 29
19 42
19 49
19 57
19 60
19 94
19 103
19 110
19 149
19 173
19 177
19 200
19 207
19 210
19 212
19 217
19 221
19 252
19 282
20 24
20 104
20 171
20 206
20 218
20 222
20 233
20 247
20 272
20 296
21 3
21 9
21 11
21 24
21 44
21 54
21 59
21 75
21 96
21 100
21 104
21 116
21 159
21 196
21 243
22 46
22 54
22 78
22 94
22 106
22 134
22 139
22 143
22 156
22 166
22 204
22 210
22 216
22 225
22 256
22 273
23 51
23 71
23 88
23 97
23 153
23 154
23 160
23 162
23 178
23 200
23 217
23 222
23 235
23 253
23 263
23 279
24 6
24 7
24 12
24 29
24 35
24 43
24 60
24 87
24 106
24 121
24 125
24 189
24 196
24 199
24 225
24 250
24 267
24 289
24 300
25 18
25 27
25 38
25 40
25 64
25 95
25 144
25 155
25 160
25 170
25 193
25 198
25 216
25 240
25 257
25 268
25 294
26 42
26 62
26 78
26 86
26 91
26 95
26 109
26 117
26 123
26 132
26 133
26 135
26 164
26 189
26 198
26 223
26 250
26 264
26 275
27 15
27 32
27 42
27 45
27 63
27 80
27 81
27 102
27 103
27 113
27 116
27 171
27 194
27 226
27 239
27 246
27 272
27 277
28 6
28 15
28 26
28 32
28 38
28 40
28 48
28 55
28 112
28 117
28 121
28 124
28 131
28 138
28 176
28 182
28 195
28 213
28 215
28 225
28 269
28 281
28 285
29 1
29 12
29 16
29 22
29 34
29 86
29 91
29 104
29 112
29 120
29 150
29 163
29 189
29 218
29 222
29 233
29 299
30 12
30 32
30 57
30 66
30 94
30 117
30 139
30 164
30 166
30 169
30 179
30 181
30 184
30 248
30 249
30 254
30 255
30 265
31 2
31 3
31 4
31 17
31 26
31 32
31 61
31 62
31 140
31 163
31 173
31 177
31 183
31 195
31 234
31 269
31 280
31 285
32 9
32 15
32 42
32 71
32 88
32 123
32 126
32 140
32 147
32 153
32 170
32 172
32 199
32 219
32 229
32 241
32 257
32 274
32 288
33 3
33 21
33 64
33 65
33 86
33 117
33 138
33 151
33 170
33 204
33 232
33 243
33 255
33 292
33 299
34 6
34 24
34 61
34 76
34 88
34 106
34 147
34 164
34 183
34 186
34 190
34 211
34 252
34 280
34 286
35 53
35 71
35 107
35 111
35 121
35 139
35 142
35 147
35 171
35 211
35 214
35 229
35 245
35 251
35 286
36 1
36 2
36 19
36 34
36 39
36 64
36 73
36 81
36 83
36 108
36 130
36 167
36 173
36 204
36 207
36 220
36 227
36 246
36 251
36 265
36 278
36 299
36 300
37 36
37 42
37 68
37 78
37 86
37 116
37 117
37 118
37 150
37 154
37 155
37 188
37 198
37 233
37 247
37 257
37 269
37 272
37 275
37 276
38 10
38 19
38 54
38 84
38 108
38 111
38 128
38 129
38 141
38 142
38 155
38 164
38 167
38 176
38 181
38 235
38 266
38 285
38 287
38 298
39 8
39 11
39 47
39 89
39 105
39 137
39 138
39 150
39 153
39 188
39 193
39 205
39 206
39 276
39 277
39 296
40 7
40 17
40 19
40 24
40 26
40 45
40 46
40 51
40 60
40 79
40 97
40 105
40 124
40 146
40 150
40 158
40 169
40 176
40 181
40 183
40 189
40 194
40 246
40 259
40 272
41 13
41 54
41 56
41 61
41 98
41 100
41 114
41 115
41 129
41 152
41 153
41 170
41 187
41 229
41 233
41 273
41 277
41 280
41 285
41 296
42 5
42 20
42 33
42 39
42 49
42 100
42 158
42 182
42 242
43 14
43 77
43 90
43 106
43 126
43 152
43 167
43 176
43 244
43 295
44 5
44 9
44 31
44 48
44 57
44 93
44 98
44 100
44 101
44 103
44 112
44 137
44 148
44 163
44 177
44 215
44 217
44 236
44 255
44 259
44 271
45 8
45 16
45 22
45 38
45 58
45 77
45 98
45 111
45 115
45 131
45 140
45 141
45 156
45 184
45 185
45 227
45 228
45 246
45 271
45 286
45 293
46 6
46 7
46 14
46 21
46 45
46 114
46 133
46 136
46 151
46 175
46 182
46 187
46 191
46 206
46 209
46 260
47 27
47 56
47 57
47 61
47 63
47 68
47 72
47 74
47 75
47 94
47 106
47 107
47 120
47 126
47 134
47 184
47 185
47 220
47 250
47 258
47 261
47 270
48 46
48 64
48 104
48 134
48 135
48 156
48 157
48 162
48 167
48 169
48 196
48 214
48 283
49 20
49 24
49 29
49 36
49 44
49 57
49 74
49 114
49 133
49 141
49 147
49 151
49 157
49 164
49 177
49 185
49 186
49 189
49 207
49 208
49 230
49 236
49 255
49 280
49 281
49 286
49 296
50 19
50 64
50 75
50 147
50 171
50 187
50 200
50 208
50 244
50 247
50 248
50 274
50 280
51 14
51 19
51 58
51 59
51 68
51 71
51 93
51 122
51 128
51 149
51 186
51 190
51 209
52 23
52 82
52 87
52 101
52 110
52 128
52 134
52 135
52 142
52 176
52 178
52 201
52 223
52 233
52 246
52 250
52 283
52 300
53 11
53 15
53 21
53 45
53 73
53 77
53 79
53 117
53 124
53 132
53 142
53 143
53 205
53 224
53 231
53 239
53 242
53 255
53 260
53 263
53 276
53 289
54 42
54 69
54 111
54 180
54 189
54 200
54 227
54 244
54 284
55 47
55 70
55 147
55 155
55 165
55 198
55 202
55 219
55 266
55 288
56 12
56 16
56 28
56 44
56 51
56 98
56 108
56 131
56 210
56 223
56 226
56 246
56 257
56 280
56 293
57 1
57 2
57 13
57 15
57 55
57 75
57 175
57 177
57 203
57 206
57 212
57 217
57 221
57 230
57 240
57 244
57 260
58 1
58 23
58 39
58 73
58 77
58 85
58 100
58 143
58 199
58 212
58 231
58 236
58 261
58 265
58 288
59 14
59 56
59 57
59 66
59 73
59 77
59 93
59 108
59 140
59 154
59 155
59 157
59 192
59 212
59 219
59 238
59 240
59 253
59 287
60 21
60 41
60 53
60 58
60 90
60 130
60 149
60 160
60 204
60 221
60 227
60 250
60 271
60 289
60 290
61 99
61 105
61 137
61 149
61 161
61 164
61 175
61 196
61 206
61 251
61 256
61 258
61 261
61 283
62 45
62 125
62 145
62 148
62 234
62 239
62 249
62 263
62 265
62 271
63 6
63 15
63 16
63 77
63 81
63 101
63 104
63 113
63 119
63 140
63 152
63 153
63 155
63 204
63 213
63 223
63 224
63 238
63 258
63 294
64 9
64 22
64 62
64 89
64 93
64 94
64 126
64 135
64 155
64 168
64 187
64 221
64 238
64 245
64 256
64 264
64 268
64 281
64 292
64 298
65 11
65 19
65 21
65 73
65 78
65 98
65 115
65 121
65 143
65 149
65 182
65 193
65 225
65 228
65 232
65 236
65 238
66 18
66 20
66 24
66 27
66 61
66 71
66 103
66 133
66 145
66 169
66 177
66 186
66 198
66 208
66 224
66 230
66 233
66 234
66 246
66 297
67 33
67 69
67 92
67 117
67 159
67 164
67 179
67 186
67 201
67 203
67 244
67 255
67 277
67 287
68 7
68 70
68 83
68 100
68 103
68 116
68 121
68 126
68 136
68 149
68 161
68 185
68 202
68 213
68 226
68 232
68 246
68 273
68 278
68 292
68 297
69 33
69 34
69 52
69 55
69 57
69 84
69 110
69 117
69 148
69 153
69 221
69 260
69 263
69 266
69 268
69 285
69 291
70 2
70 57
70 61
70 67
70 77
70 97
70 137
70 142
70 229
70 255
70 260
70 268
70 272
70 274
71 6
71 8
71 19
71 27
71 28
71 68
71 123
71 127
71 128
71 133
71 137
71 172
71 185
71 197
71 201
71 209
71 216
71 247
71 267
71 280
71 282
72 22
72 35
72 37
72 42
72 60
72 63
72 83
72 90
72 109
72 112
72 135
72 165
72 171
72 179
72 213
72 225
72 228
72 234
72 267
72 280
73 21
73 28
73 33
73 39
73 42
73 44
73 57
73 61
73 87
73 105
73 116
73 119
73 141
73 150
73 189
73 197
73 226
73 241
73 253
73 258
73 279
73 291
74 5
74 36
74 38
74 54
74 68
74 69
74 72
74 90
74 98
74 113
74 131
74 146
74 164
74 172
74 183
74 200
74 211
74 239
74 263
74 288
74 291
75 33
75 61
75 77
75 145
75 146
75 167
75 169
75 175
75 179
75 192
75 223
75 258
75 262
75 267
76 20
76 61
76 70
76 106
76 118
76 134
76 182
76 185
76 207
76 222
76 231
76 271
76 285
77 13
77 19
77 27
77 38
77 80
77 89
77 107
77 134
77 158
77 172
77 178
77 235
77 245
77 246
77 275
77 280
77 282
77 288
78 2
78 27
78 35
78 86
78 90
78 103
78 109
78 143
78 163
78 168
78 173
78 232
78 235
78 246
78 255
78 274
79 22
79 31
79 39
79 67
79 69
79 74
79 130
79 142
79 166
79 168
79 178
79 184
79 186
79 201
79 216
79 243
79 251
79 260
79 281
79 295
79 300
80 32
80 54
80 82
80 91
80 107
80 110
80 141
80 151
80 185
80 201
80 212
80 215
80 235
80 252
80 274
80 276
80 295
81 31
81 134
81 143
81 152
81 161
81 174
81 180
81 182
81 197
81 208
81 226
81 253
81 270
81 282
81 297
82 56
82 77
82 88
82 106
82 107
82 129
82 140
82 148
82 186
82 194
82 199
82 248
82 251
82 260
82 277
82 295
83 23
83 38
83 40
83 49
83 55
83 61
83 63
83 74
83 98
83 106
83 115
83 121
83 124
83 129
83 132
83 135
83 163
83 176
83 185
83 204
83 211
83 213
83 228
83 234
83 238
83 239
83 241
83 244
83 245
83 275
83 285
83 288
83 295
84 17
84 26
84 33
84 35
84 46
84 50
84 54
84 60
84 100
84 165
84 171
84 208
84 241
85 13
85 18
85 46
85 70
85 76
85 83
85 155
85 159
85 181
85 186
85 196
85 245
85 273
85 281
85 283
85 289
85 297
86 1
86 2
86 5
86 7
86 12
86 39
86 43
86 56
86 61
86 73
86 94
86 121
86 129
86 170
86 176
86 178
86 222
86 227
86 233
86 246
86 247
86 252
86 257
86 260
86 275
86 280
87 50
87 67
87 78
87 90
87 111
87 161
87 163
87 176
87 186
87 189
87 212
87 226
87 229
87 254
87 282
87 284
87 291
87 294
87 296
87 297
88 18
88 19
88 44
88 54
88 93
88 137
88 155
88 163
88 165
88 242
88 267
88 270
88 281
89 37
89 47
89 54
89 62
89 68
89 71
89 84
89 97
89 98
89 101
89 112
89 118
89 125
89 132
89 184
89 189
89 197
89 213
89 215
89 225
89 241
89 268
89 290
90 7
90 28
90 40
90 59
90 63
90 77
90 95
90 101
90 113
90 122
90 128
90 136
90 137
90 138
90 153
90 171
90 187
90 218
90 238
90 242
90 245
90 294
91 41
91 58
91 72
91 77
91 106
91 151
91 172
91 205
91 207
91 222
91 259
91 260
91 271
91 275
91 278
92 3
92 46
92 84
92 126
92 129
92 157
92 160
92 178
92 221
92 231
92 243
92 259
92 293
93 7
93 8
93 57
93 62
93 83
93 84
93 91
93 101
93 155
93 174
93 192
93 200
93 207
93 237
93 254
93 265
93 289
94 17
94 51
94 69
94 110
94 127
94 154
94 255
94 259
94 264
94 277
94 298
95 1
95 20
95 27
95 42
95 83
95 107
95 119
95 132
95 133
95 135
95 140
95 155
95 168
95 169
95 170
95 203
95 212
95 214
95 220
95 225
95 241
95 288
96 15
96 28
96 30
96 33
96 84
96 87
96 111
96 133
96 135
96 160
96 172
96 188
96 190
96 194
96 241
96 256
96 274
96 289
97 43
97 50
97 86
97 92
97 95
97 136
97 155
97 184
97 186
97 187
97 215
97 217
97 221
97 243
97 246
97 266
97 274
98 26
98 36
98 71
98 75
98 109
98 132
98 143
98 156
98 176
98 181
98 199
98 206
98 239
98 241
98 245
98 247
98 272
98 299
99 8
99 18
99 50
99 63
99 79
99 90
99 94
99 105
99 116
99 120
99 122
99 132
99 142
99 151
99 152
99 155
99 174
99 194
99 205
99 215
99 227
99 228
99 236
99 242
99 284
100 49
100 51
100 75
100 79
100 87
100 89
100 110
100 111
100 113
100 131
100 136
100 175
100 181
100 185
100 211
100 225
100 250
101 13
101 27
101 51
101 133
101 143
101 161
101 179
101 204
101 205
101 209
101 213
101 219
101 230
101 256
101 293
102 53
102 61
102 105
102 112
102 135
102 171
102 176
102 193
102 230
102 236
102 241
102 246
102 253
103 2
103 13
103 17
103 18
103 29
103 41
103 49
103 69
103 85
103 144
103 164
103 171
103 182
103 204
103 221
103 238
103 264
103 265
103 276
103 300
104 33
104 39
104 80
104 81
104 83
104 108
104 122
104 168
104 187
104 198
104 203
104 208
104 267
104 273
104 289
105 58
105 83
105 103
105 125
105 136
105 151
105 156
105 165
105 185
105 186
105 199
105 223
105 251
105 268
105 287
106 2
106 51
106 60
106 81
106 84
106 104
106 185
106 186
106 194
106 221
106 228
106 233
106 248
106 286
106 290
106 296
107 11
107 13
107 15
107 16
107 18
107 34
107 57
107 72
107 97
107 114
107 124
107 161
107 177
107 210
107 254
107 257
107 260
107 279
108 16
108 23
108 60
108 66
108 78
108 91
108 105
108 144
108 163
108 170
108 209
108 219
108 227
108 230
108 269
109 16
109 43
109 114
109 158
109 184
109 189
109 193
109 211
109 224
109 236
110 7
110 17
110 38
110 103
110 106
110 107
110 117
110 125
110 126
110 138
110 151
110 152
110 155
110 173
110 191
110 195
110 198
110 204
110 222
110 226
110 240
110 252
110 277
110 283
110 284
110 294
110 299
111 29
111 50
111 59
111 107
111 109
111 126
111 211
111 215
111 235
111 266
111 288
111 292
112 8
112 15
112 39
112 76
112 90
112 106
112 109
112 120
112 138
112 155
112 168
112 189
112 209
112 211
112 221
112 244
112 250
112 270
112 277
112 280
113 60
113 64
113 65
113 66
113 104
113 184
113 185
113 214
113 268
113 297
114 4
114 38
114 58
114 61
114 101
114 120
114 128
114 168
114 174
114 183
114 188
114 205
114 210
114 215
114 220
114 224
114 258
114 284
115 17
115 75
115 95
115 99
115 104
115 140
115 148
115 149
115 151
115 166
115 181
115 187
115 203
115 220
115 231
115 237
116 33
116 40
116 42
116 51
116 65
116 67
116 83
116 85
116 95
116 103
116 143
116 148
116 164
116 198
116 215
116 268
116 289
117 27
117 45
117 73
117 77
117 99
117 103
117 115
117 121
117 130
117 140
117 154
117 172
117 207
117 211
117 222
117 240
117 243
117 264
117 271
117 273
118 59
118 85
118 90
118 144
118 160
118 170
118 192
118 207
118 212
118 217
118 258
118 259
118 268
118 279
119 20
119 49
119 58
119 75
119 86
119 93
119 105
119 111
119 120
119 151
119 156
119 188
119 196
119 200
119 251
119 270
120 13
120 23
120 39
120 49
120 58
120 121
120 126
120 127
120 145
120 152
120 157
120 168
120 173
120 184
120 186
120 222
120 223
120 230
120 234
120 241
121 71
121 183
121 205
121 210
121 225
121 240
121 247
121 261
121 269
122 8
122 11
122 39
122 62
122 67
122 84
122 144
122 161
122 180
122 194
122 202
122 209
122 217
122 218
122 232
122 237
122 281
123 19
123 25
123 68
123 69
123 72
123 74
123 91
123 124
123 134
123 147
123 158
123 206
123 230
123 292
123 293
123 298
124 1
124 13
124 14
124 27
124 31
124 35
124 47
124 71
124 96
124 117
124 148
124 165
124 182
124 187
124 197
124 198
124 208
124 214
124 219
124 256
124 275
124 298
125 25
125 34
125 37
125 40
125 54
125 66
125 74
125 83
125 86
125 92
125 145
125 162
125 245
125 299
126 3
126 8
126 12
126 33
126 60
126 70
126 72
126 88
126 94
126 123
126 125
126 150
126 215
126 222
126 235
126 249
126 250
126 279
127 6
127 10
127 31
127 53
127 123
127 145
127 171
127 176
127 195
127 230
127 259
128 6
128 9
128 28
128 30
128 41
128 49
128 76
128 164
128 184
128 210
128 231
128 247
129 36
129 39
129 67
129 91
129 101
129 127
129 172
129 178
129 192
129 197
129 213
129 248
129 261
129 266
129 277
129 293
129 294
130 32
130 37
130 40
130 42
130 63
130 75
130 89
130 98
130 99
130 134
130 156
130 176
130 209
130 213
130 222
130 223
130 269
130 270
130 273
130 277
130 289
130 297
131 5
131 31
131 101
131 135
131 167
131 168
131 174
131 184
131 228
131 234
131 255
132 8
132 9
132 11
132 19
132 20
132 45
132 55
132 62
132 64
132 81
132 92
132 118
132 121
132 168
132 186
132 210
132 250
132 270
132 282
132 283
133 7
133 19
133 73
133 158
133 215
133 220
133 230
133 235
133 242
133 291
134 1
134 18
134 33
134 44
134 171
134 265
134 270
134 273
134 274
135 2
135 32
135 37
135 41
135 43
135 45
135 57
135 98
135 181
135 186
135 210
135 217
135 265
135 282
135 283
135 292
136 8
136 29
136 35
136 39
136 54
136 63
136 72
136 74
136 79
136 87
136 95
136 127
136 144
136 149
136 191
136 194
136 213
136 214
136 222
136 225
136 247
137 11
137 15
137 85
137 89
137 97
137 101
137 116
137 175
137 192
137 252
137 272
137 280
138 19
138 25
138 47
138 48
138 60
138 62
138 65
138 82
138 99
138 111
138 126
138 153
138 179
138 186
138 216
138 240
138 269
138 281
138 287
138 288
139 2
139 20
139 45
139 49
139 78
139 105
139 117
139 153
139 181
139 201
139 216
139 220
139 234
139 255
139 259
139 272
139 274
139 279
140 48
140 57
140 67
140 107
140 128
140 151
140 152
140 159
140 165
140 212
140 215
140 216
140 218
140 243
140 274
141 21
141 37
141 56
141 60
141 64
141 66
141 107
141 109
141 116
141 134
141 165
141 172
141 183
141 186
141 199
141 226
141 246
141 272
141 276
142 1
142 15
142 28
142 34
142 39
142 54
142 76
142 122
142 124
142 134
142 163
142 170
142 172
142 213
142 228
142 238
142 255
142 257
142 265
142 296
143 3
143 6
143 10
143 36
143 42
143 61
143 69
143 84
143 88
143 90
143 152
143 181
143 212
143 292
144 37
144 54
144 83
144 132
144 156
144 158
144 175
144 207
144 234
144 261
144 262
144 271
144 279
144 290
144 298
145 5
145 19
145 34
145 37
145 45
145 46
145 101
145 131
145 134
145 154
145 183
145 184
145 197
145 206
145 254
145 263
145 280
145 294
146 16
146 18
146 21
146 42
146 43
146 56
146 63
146 80
146 81
146 86
146 119
146 165
146 166
146 175
146 183
146 186
146 196
146 231
146 249
146 260
146 273
146 277
147 13
147 23
147 39
147 47
147 57
147 70
147 98
147 103
147 118
147 125
147 164
147 178
147 183
147 194
147 205
147 218
147 223
147 238
147 240
147 267
147 283
147 296
148 19
148 59
148 66
148 70
148 147
148 208
148 263
148 299
149 2
149 5
149 31
149 34
149 43
149 55
149 89
149 116
149 118
149 130
149 133
149 188
149 191
149 224
149 228
149 239
149 263
149 284
149 290
150 7
150 51
150 55
150 58
150 67
150 83
150 125
150 145
150 147
150 188
150 289
150 293
151 1
151 57
151 68
151 70
151 72
151 78
151 112
151 159
151 230
151 231
151 246
151 259
151 265
151 282
151 293
152 13
152 25
152 31
152 67
152 87
152 102
152 122
152 123
152 128
152 164
152 180
152 183
152 186
152 191
152 225
152 232
152 262
152 267
152 300
153 8
153 59
153 86
153 94
153 95
153 108
153 149
153 185
153 199
153 212
153 225
153 231
153 249
153 254
153 256
153 269
153 293
154 4
154 25
154 28
154 31
154 35
154 43
154 46
154 53
154 55
154 61
154 100
154 114
154 134
154 175
154 189
154 195
154 206
154 214
154 229
154 230
154 244
154 251
154 256
154 263
155 4
155 23
155 40
155 49
155 74
155 79
155 87
155 89
155 156
155 157
155 180
155 189
155 276
155 278
155 296
156 24
156 53
156 65
156 66
156 106
156 107
156 115
156 117
156 122
156 135
156 167
156 169
156 176
156 190
156 194
156 212
156 276
157 30
157 32
157 34
157 52
157 63
157 86
157 94
157 105
157 179
157 229
157 239
157 261
157 262
157 295
158 31
158 36
158 48
158 49
158 66
158 117
158 122
158 139
158 145
158 165
158 174
158 208
158 216
158 292
158 295
158 298
159 8
159 20
159 23
159 30
159 60
159 110
159 117
159 135
159 144
159 152
159 169
159 183
159 203
159 212
159 232
159 255
160 11
160 65
160 66
160 86
160 134
160 147
160 148
160 177
160 203
160 222
160 224
160 225
160 255
160 266
160 273
160 277
161 5
161 37
161 63
161 85
161 103
161 116
161 138
161 156
161 213
161 214
161 231
161 249
161 273
162 2
162 12
162 40
162 46
162 71
162 89
162 97
162 118
162 156
162 194
162 195
162 197
162 203
162 205
162 251
162 256
162 257
162 261
162 269
162 295
163 18
163 64
163 68
163 85
163 86
163 89
163 112
163 115
163 134
163 155
163 156
163 160
163 196
163 236
163 241
163 248
163 266
163 286
163 291
164 14
164 25
164 51
164 68
164 98
164 163
164 181
164 192
164 241
164 298
165 11
165 12
165 40
165 64
165 103
165 120
165 126
165 137
165 161
165 169
165 221
165 231
165 236
165 249
165 261
165 294
166 37
166 40
166 42
166 61
166 69
166 70
166 74
166 102
166 110
166 133
166 170
166 202
166 219
166 228
166 234
166 245
166 257
166 283
167 17
167 20
167 40
167 52
167 67
167 74
167 78
167 90
167 110
167 114
167 150
167 174
167 178
167 197
167 201
167 217
167 232
167 237
167 240
167 253
167 280
167 281
167 291
167 294
168 50
168 63
168 89
168 126
168 128
168 134
168 152
168 156
168 159
168 181
168 204
168 234
168 240
168 261
168 278
168 290
169 14
169 15
169 39
169 71
169 93
169 107
169 126
169 151
169 160
169 207
169 233
169 234
169 287
170 10
170 14
170 53
170 56
170 66
170 74
170 80
170 101
170 120
170 127
170 169
170 185
170 192
170 272
170 295
171 15
171 17
171 28
171 34
171 47
171 48
171 71
171 77
171 86
171 197
171 247
171 271
172 5
172 23
172 37
172 43
172 76
172 79
172 84
172 95
172 146
172 197
172 199
172 201
172 205
172 211
172 241
172 243
172 248
172 290
173 44
173 51
173 58
173 70
173 100
173 169
173 204
173 219
173 223
173 254
173 257
173 278
173 281
173 286
174 23
174 24
174 27
174 36
174 76
174 134
174 166
174 169
174 193
174 210
174 214
174 230
174 253
174 277
174 293
175 17
175 45
175 56
175 78
175 90
175 124
175 142
175 156
175 157
175 160
175 171
175 178
175 201
175 206
175 216
175 220
175 232
175 238
175 250
175 254
175 260
175 277
175 288
176 16
176 65
176 68
176 81
176 84
176 93
176 119
176 129
176 144
176 162
176 256
176 263
176 298
177 2
177 5
177 14
177 28
177 42
177 55
177 65
177 73
177 99
177 111
177 141
177 152
177 167
177 184
177 189
177 228
177 275
177 276
177 299
178 37
178 45
178 60
178 64
178 66
178 134
178 158
178 161
178 165
178 179
178 203
178 209
178 219
178 233
178 245
178 262
178 272
178 286
178 298
179 54
179 64
179 66
179 111
179 120
179 164
179 174
179 189
179 209
179 238
179 291
180 8
180 11
180 53
180 57
180 58
180 76
180 82
180 85
180 103
180 112
180 128
180 142
180 191
180 199
180 232
180 249
180 254
180 269
180 294
181 9
181 10
181 26
181 32
181 33
181 51
181 56
181 74
181 88
181 94
181 111
181 116
181 127
181 214
181 230
181 278
181 287
181 288
181 299
182 17
182 32
182 52
182 91
182 114
182 149
182 153
182 198
182 203
182 240
182 299
183 11
183 15
183 19
183 21
183 35
183 66
183 129
183 144
183 148
183 169
183 199
183 200
183 201
183 230
183 259
184 5
184 7
184 56
184 70
184 152
184 158
184 191
184 243
184 253
184 254
184 267
184 296
185 20
185 26
185 102
185 130
185 144
185 161
185 172
185 180
185 197
185 207
185 209
185 222
185 231
185 253
185 257
185 260
185 294
186 8
186 15
186 24
186 38
186 53
186 60
186 61
186 68
186 74
186 80
186 133
186 188
186 220
186 255
186 280
186 288
187 11
187 12
187 33
187 42
187 48
187 82
187 86
187 122
187 136
187 149
187 158
187 165
187 166
187 246
187 254
187 256
187 279
187 297
188 95
188 117
188 120
188 123
188 126
188 134
188 137
188 138
188 156
188 158
188 183
188 211
188 213
188 218
188 271
188 293
189 3
189 46
189 56
189 79
189 93
189 108
189 119
189 126
189 146
189 147
189 188
189 202
189 209
189 215
189 231
189 235
189 248
189 259
189 276
190 10
190 21
190 40
190 80
190 89
190 133
190 216
190 222
190 238
190 257
190 258
190 277
190 300
191 23
191 25
191 33
191 36
191 54
191 55
191 62
191 64
191 101
191 114
191 126
191 161
191 163
191 167
191 242
191 271
191 273
191 289
192 6
192 51
192 127
192 146
192 148
192 157
192 214
192 227
192 244
192 256
193 13
193 34
193 95
193 96
193 117
193 120
193 155
193 159
193 171
193 183
193 221
193 271
193 275
193 277
193 281
194 77
194 81
194 120
194 127
194 140
194 146
194 209
194 231
194 236
194 276
194 285
194 296
194 300
195 14
195 43
195 67
195 78
195 97
195 114
195 126
195 133
195 136
195 144
195 176
195 187
195 209
195 218
195 219
195 238
195 286
195 294
196 5
196 25
196 76
196 122
196 152
196 170
196 187
196 203
196 206
196 230
196 240
196 249
196 256
196 262
196 279
197 13
197 34
197 39
197 58
197 74
197 111
197 123
197 125
197 154
197 188
197 192
197 198
197 275
197 294
198 3
198 17
198 28
198 54
198 57
198 108
198 127
198 132
198 148
198 167
198 171
198 200
198 214
198 219
198 244
198 249
198 271
198 281
199 9
199 11
199 13
199 30
199 91
199 111
199 116
199 171
199 173
199 205
199 206
199 217
199 222
199 233
199 263
199 292
200 11
200 15
200 27
200 34
200 43
200 48
200 59
200 69
200 98
200 141
200 149
200 153
200 158
200 180
200 225
200 230
200 233
200 259
200 283
200 299
201 4
201 35
201 44
201 47
201 69
201 75
201 92
201 99
201 107
201 109
201 117
201 166
201 184
201 193
201 219
202 18
202 58
202 69
202 94
202 113
202 115
202 143
202 169
202 190
202 196
202 248
202 276
202 299
203 1
203 10
203 12
203 13
203 44
203 72
203 120
203 124
203 143
203 171
203 173
203 194
203 267
203 294
204 9
204 27
204 72
204 87
204 106
204 147
204 152
204 182
204 192
204 203
204 217
204 243
204 265
204 276
204 285
204 292
205 24
205 52
205 95
205 128
205 133
205 153
205 174
205 192
205 195
205 203
205 219
205 223
205 233
205 245
205 273
205 292
206 6
206 21
206 33
206 36
206 47
206 144
206 156
206 209
206 237
206 253
206 262
206 266
206 291
207 2
207 51
207 87
207 97
207 101
207 102
207 123
207 133
207 160
207 163
207 171
207 172
207 183
207 194
207 195
207 216
207 245
207 268
207 278
207 284
208 4
208 6
208 9
208 14
208 52
208 62
208 68
208 77
208 79
208 97
208 119
208 123
208 127
208 173
208 178
208 198
208 216
208 238
208 239
208 284
209 36
209 48
209 52
209 58
209 69
209 88
209 163
209 166
209 191
209 197
209 215
209 216
209 220
209 225
209 259
209 280
210 1
210 10
210 21
210 38
210 45
210 49
210 59
210 77
210 81
210 91
210 111
210 153
210 187
210 257
210 292
211 1
211 8
211 37
211 57
211 81
211 142
211 143
211 203
211 208
211 223
211 230
211 235
211 270
211 291
212 1
212 7
212 38
212 41
212 62
212 93
212 96
212 104
212 108
212 145
212 151
212 180
212 181
212 231
212 240
212 287
212 288
212 292
213 18
213 41
213 47
213 48
213 71
213 100
213 132
213 198
213 237
213 251
214 31
214 40
214 54
214 58
214 100
214 106
214 109
214 145
214 149
214 162
214 164
214 165
214 166
214 200
214 213
214 247
214 271
214 275
214 277
214 284
214 299
215 16
215 30
215 57
215 69
215 98
215 113
215 141
215 143
215 168
215 219
215 223
215 225
215 242
215 254
215 275
215 290
216 11
216 53
216 83
216 106
216 108
216 129
216 145
216 148
216 184
216 186
216 218
216 224
216 231
216 249
216 285
217 32
217 45
217 89
217 94
217 98
217 134
217 142
217 153
217 168
217 202
217 208
217 263
217 266
217 283
217 290
217 295
218 6
218 26
218 30
218 45
218 64
218 66
218 67
218 75
218 85
218 92
218 100
218 115
218 130
218 133
218 179
218 180
218 201
218 207
218 220
218 235
218 250
218 259
218 273
219 5
219 8
219 39
219 56
219 99
219 148
219 149
219 157
219 174
219 180
219 181
219 186
219 249
219 268
219 282
219 290
220 11
220 150
220 224
220 226
220 246
220 263
220 264
220 299
221 8
221 17
221 22
221 33
221 44
221 51
221 77
221 114
221 126
221 127
221 129
221 139
221 164
221 217
221 226
221 261
221 269
221 277
221 288
221 295
222 36
222 41
222 48
222 77
222 95
222 96
222 103
222 104
222 153
222 216
222 241
222 242
222 262
223 6
223 8
223 24
223 73
223 87
223 92
223 139
223 178
223 179
223 193
223 240
224 24
224 31
224 33
224 36
224 38
224 85
224 155
224 175
224 186
224 202
224 221
224 226
224 245
224 273
224 274
224 277
224 278
224 300
225 8
225 61
225 78
225 80
225 127
225 129
225 175
225 185
225 206
225 226
225 238
225 241
225 281
225 296
226 1
226 4
226 8
226 33
226 40
226 46
226 52
226 61
226 84
226 103
226 107
226 121
226 144
226 145
226 162
226 210
226 242
226 258
226 267
226 271
226 282
226 284
226 285
226 295
226 297
227 24
227 113
227 115
227 119
227 128
227 129
227 163
227 184
227 217
227 232
227 237
227 239
227 296
228 20
228 41
228 60
228 84
228 98
228 115
228 129
228 141
228 190
228 197
228 227
228 234
228 254
228 261
229 13
229 14
229 18
229 23
229 28
229 30
229 36
229 42
229 57
229 78
229 136
229 137
229 167
229 174
229 188
229 193
229 236
229 262
229 265
229 286
230 19
230 27
230 44
230 62
230 69
230 81
230 95
230 111
230 139
230 279
230 286
230 298
231 18
231 25
231 74
231 85
231 86
231 112
231 118
231 147
231 169
231 193
231 211
231 227
231 254
231 263
231 272
231 282
232 1
232 18
232 43
232 58
232 74
232 81
232 107
232 161
232 178
232 184
232 191
232 196
232 197
232 242
232 281
232 295
233 9
233 48
233 56
233 82
233 83
233 129
233 179
233 189
233 212
233 219
233 227
233 245
233 259
233 278
233 280
234 7
234 20
234 27
234 59
234 87
234 108
234 111
234 117
234 126
234 182
234 185
234 204
234 208
234 218
234 235
234 248
234 250
234 260
234 263
235 7
235 8
235 13
235 36
235 46
235 52
235 59
235 61
235 64
235 116
235 131
235 143
235 157
235 178
235 208
235 210
235 226
235 253
235 260
235 261
235 298
236 9
236 72
236 76
236 106
236 107
236 117
236 158
236 175
236 208
236 228
236 232
236 262
236 266
236 289
237 47
237 97
237 103
237 138
237 141
237 145
237 199
237 217
237 233
237 234
237 242
237 258
237 267
237 280
237 286
237 291
238 13
238 35
238 40
238 66
238 72
238 101
238 117
238 119
238 124
238 139
238 152
238 176
238 212
238 242
238 273
239 3
239 14
239 23
239 39
239 69
239 85
239 119
239 134
239 160
239 190
239 221
239 241
239 244
239 298
240 1
240 74
240 75
240 76
240 86
240 95
240 136
240 146
240 153
240 156
240 164
240 197
240 233
240 235
240 243
240 249
240 260
241 11
241 16
241 35
241 60
241 80
241 81
241 82
241 97
241 104
241 136
241 182
241 204
241 226
241 237
241 243
241 293
242 29
242 39
242 51
242 105
242 109
242 119
242 121
242 170
242 187
242 199
242 201
242 220
242 251
242 252
242 266
242 267
243 36
243 55
243 83
243 90
243 103
243 127
243 196
243 198
243 199
243 247
243 260
243 271
244 37
244 90
244 122
244 123
244 142
244 145
244 183
244 199
244 260
244 263
244 271
244 298
245 10
245 68
245 97
245 121
245 130
245 132
245 135
245 145
245 159
245 172
245 175
245 183
245 222
245 256
245 271
246 32
246 33
246 64
246 75
246 112
246 132
246 155
246 158
246 213
246 238
246 243
246 257
246 285
246 291
247 1
247 5
247 31
247 47
247 64
247 66
247 88
247 105
247 123
247 124
247 164
247 166
247 200
247 221
247 223
247 241
247 242
247 286
247 300
248 19
248 64
248 88
248 90
248 93
248 94
248 96
248 99
248 103
248 136
248 143
248 156
248 183
248 217
248 245
248 289
249 33
249 53
249 64
249 73
249 94
249 102
249 134
249 144
249 209
249 248
249 252
249 281
249 287
249 300
250 8
250 18
250 39
250 77
250 90
250 141
250 147
250 160
250 174
250 184
251 14
251 19
251 22
251 46
251 58
251 71
251 72
251 107
251 116
251 132
251 152
251 179
251 194
251 198
251 208
251 217
251 237
251 250
251 300
252 3
252 24
252 51
252 53
252 63
252 83
252 90
252 93
252 101
252 109
252 129
252 161
252 178
252 196
252 197
252 207
252 238
252 251
252 260
252 287
252 292
253 12
253 19
253 30
253 41
253 54
253 76
253 100
253 125
253 151
253 166
253 195
253 205
253 224
253 246
253 266
253 277
254 12
254 14
254 16
254 17
254 20
254 32
254 71
254 74
254 84
254 92
254 138
254 142
254 172
254 208
254 220
254 229
254 255
254 257
254 261
254 266
255 11
255 23
255 116
255 119
255 157
255 163
255 182
255 194
255 219
255 268
255 271
255 279
255 289
256 91
256 113
256 144
256 180
256 190
256 225
256 236
256 249
256 262
256 269
257 47
257 51
257 72
257 83
257 84
257 87
257 88
257 94
257 101
257 123
257 143
257 147
257 164
257 195
257 237
257 269
257 272
257 275
257 276
257 297
257 298
258 22
258 31
258 46
258 76
258 80
258 91
258 93
258 105
258 106
258 112
258 134
258 138
258 151
258 173
258 198
258 205
258 215
258 248
258 260
258 262
258 270
259 23
259 57
259 66
259 83
259 100
259 107
259 113
259 122
259 175
259 184
259 185
259 198
259 221
259 232
259 234
259 254
259 271
259 281
260 11
260 17
260 44
260 48
260 58
260 61
260 68
260 74
260 87
260 94
260 96
260 112
260 126
260 130
260 163
260 168
260 183
260 224
260 229
260 230
260 232
260 280
260 290
261 8
261 27
261 34
261 43
261 46
261 51
261 89
261 102
261 116
261 122
261 158
261 178
261 184
261 192
261 217
261 292
262 17
262 33
262 35
262 48
262 86
262 104
262 135
262 140
262 163
262 177
262 203
262 270
262 283
262 287
263 28
263 29
263 35
263 46
263 58
263 76
263 81
263 91
263 101
263 104
263 105
263 111
263 134
263 141
263 201
263 203
263 248
263 267
263 271
263 281
263 288
263 290
264 17
264 25
264 34
264 52
264 68
264 71
264 86
264 132
264 183
264 208
264 228
264 237
264 240
265 10
265 19
265 40
265 66
265 68
265 69
265 81
265 90
265 97
265 136
265 171
265 202
265 240
265 244
265 253
265 261
266 36
266 43
266 45
266 61
266 76
266 130
266 135
266 137
266 166
266 194
266 279
266 282
266 287
267 29
267 43
267 50
267 51
267 95
267 106
267 148
267 156
267 174
267 195
267 200
267 206
267 209
267 224
267 272
267 283
268 42
268 74
268 81
268 86
268 106
268 109
268 145
268 162
268 171
268 183
268 224
268 240
268 263
268 269
268 272
268 274
268 278
269 13
269 20
269 54
269 78
269 107
269 143
269 149
269 160
269 163
269 164
269 168
269 188
269 203
269 226
269 260
269 262
269 286
270 38
270 49
270 61
270 63
270 99
270 127
270 136
270 140
270 145
270 195
270 242
270 252
270 288
271 9
271 18
271 37
271 81
271 82
271 88
271 96
271 108
271 109
271 186
271 220
271 248
271 251
271 257
271 261
271 268
271 270
271 273
271 278
271 280
272 19
272 49
272 55
272 76
272 80
272 84
272 131
272 143
272 153
272 155
272 173
272 201
273 1
273 19
273 42
273 54
273 55
273 58
273 61
273 96
273 114
273 157
273 166
273 183
273 215
273 216
273 225
273 250
273 290
273 298
273 300
274 2
274 55
274 62
274 85
274 93
274 95
274 106
274 113
274 117
274 132
274 144
274 145
274 146
274 158
274 187
274 200
274 241
274 246
274 257
274 265
274 280
274 296
275 12
275 23
275 29
275 40
275 46
275 80
275 108
275 136
275 138
275 161
275 164
275 171
275 181
275 204
275 212
275 251
275 253
275 268
275 281
276 2
276 9
276 31
276 33
276 41
276 57
276 65
276 68
276 102
276 118
276 120
276 132
276 135
276 138
276 167
276 191
276 193
276 210
276 221
276 245
276 251
276 253
276 266
276 277
276 279
276 300
277 29
277 56
277 71
277 74
277 85
277 87
277 90
277 105
277 125
277 126
277 127
277 140
277 161
277 163
277 167
277 186
277 188
277 212
277 247
277 271
277 279
278 1
278 17
278 48
278 50
278 108
278 119
278 163
278 175
278 195
278 216
278 239
278 246
278 261
278 275
279 20
279 26
279 34
279 54
279 63
279 69
279 113
279 186
279 195
279 218
279 272
279 289
280 6
280 37
280 38
280 51
280 54
280 60
280 61
280 94
280 95
280 100
280 115
280 129
280 134
280 150
280 155
280 164
280 195
280 207
280 221
280 232
280 234
280 248
280 293
280 299
281 40
281 110
281 264
281 287
281 297
281 298
282 17
282 57
282 68
282 76
282 117
282 124
282 133
282 137
282 162
282 196
282 216
282 224
282 227
282 291
283 9
283 12
283 38
283 40
283 66
283 67
283 83
283 136
283 177
283 187
283 191
283 204
283 234
283 236
283 237
283 253
283 285
283 294
284 4
284 11
284 17
284 34
284 60
284 68
284 71
284 103
284 121
284 127
284 156
284 164
284 178
284 179
284 196
284 252
284 262
284 266
284 296
284 299
285 6
285 7
285 25
285 56
285 97
285 118
285 136
285 162
285 164
285 175
285 176
285 180
285 195
285 200
285 214
285 242
285 243
285 293
286 33
286 48
286 62
286 105
286 129
286 138
286 158
286 161
286 162
286 180
286 182
286 228
286 259
286 274
286 290
287 6
287 20
287 39
287 50
287 60
287 84
287 88
287 92
287 94
287 115
287 147
287 156
287 163
287 171
287 177
287 200
287 221
287 243
287 244
287 250
287 261
287 273
287 279
287 283
287 296
288 20
288 30
288 37
288 38
288 89
288 102
288 104
288 115
288 140
288 174
288 187
288 196
288 222
288 224
288 235
288 242
288 252
288 257
288 294
289 21
289 32
289 36
289 57
289 68
289 81
289 106
289 111
289 121
289 123
289 126
289 129
289 139
289 160
289 184
289 203
289 232
289 250
289 264
289 283
289 291
290 44
290 54
290 91
290 116
290 120
290 159
290 194
290 218
290 229
290 251
290 266
290 288
290 293
290 296
291 1
291 14
291 23
291 37
291 68
291 78
291 91
291 120
291 121
291 137
291 157
291 178
291 200
291 208
291 218
291 256
291 288
291 295
292 17
292 37
292 38
292 44
292 49
292 55
292 69
292 74
292 86
292 90
292 120
292 133
292 175
292 186
292 188
292 208
292 232
292 265
292 276
292 289
292 291
292 294
293 7
293 23
293 33
293 34
293 54
293 59
293 65
293 75
293 79
293 99
293 122
293 124
293 134
293 138
293 168
293 175
293 194
293 204
293 206
293 209
293 225
293 234
293 235
293 249
293 264
293 281
294 16
294 20
294 23
294 29
294 120
294 125
294 147
294 262
294 264
295 18
295 21
295 61
295 89
295 93
295 159
295 185
295 203
295 227
295 228
295 229
295 253
295 276
296 16
296 27
296 56
296 80
296 91
296 112
296 154
296 175
296 178
296 185
296 204
296 210
296 269
296 270
296 280
296 298
297 7
297 13
297 28
297 39
297 49
297 70
297 76
297 161
297 168
297 173
297 217
297 249
297 251
297 286
298 82
298 103
298 110
298 145
298 157
298 163
298 170
298 180
298 212
298 213
298 229
298 232
298 278
298 290
299 16
299 28
299 63
299 71
299 76
299 78
299 92
299 109
299 196
299 237
299 268
299 271
299 279
299 288
299 298
300 25
300 31
300 37
300 43
300 64
300 105
300 117
300 144
300 148
300 153
300 196
300 220
300 225
300 226
300 237
300 246
300 289

