200 3000
74 117 70 45 26 102 47 103 26 86 21 38 77 91 105 47 21 90 33 34 57 67 62 21 53 99 75 37 72 97 117 70 105 80 120 84 69 20 109 25 53 55 88 59 31 118 80 50 103 72 83 30 101 109 60 102 42 29 87 48 84 49 111 53 25 82 28 20 49 54 110 63 35 25 97 103 65 104 66 73 70 41 49 60 22 60 28 100 20 31 99 51 98 110 111 26 92 99 50 43 25 79 47 82 27 44 50 66 84 62 20 92 84 105 64 73 50 49 81 46 81 92 62 53 48 99 77 74 39 31 111 34 104 78 29 100 67 83 74 101 82 102 103 115 75 82 20 45 108 55 72 103 82 72 81 76 35 28 56 73 110 35 96 75 113 27 91 24 120 86 70 62 23 41 55 35 27 65 88 56 117 75 63 30 31 96 23 78 107 30 93 82 41 76 74 74 24 59 100 98 
1 10
1 51
1 99
1 109
1 116
1 125
1 127
1 149
1 170
2 1
2 25
2 30
2 51
2 90
2 106
2 125
2 134
2 166
2 176
2 194
3 14
3 17
3 31
3 39
3 63
3 96
3 102
3 108
3 142
3 149
3 172
3 180
4 34
4 38
4 41
4 44
4 65
4 77
4 79
4 90
4 94
4 127
4 145
4 146
4 153
4 178
4 184
4 194
5 3
5 27
5 57
5 58
5 79
5 130
5 145
5 161
5 186
5 188
6 8
6 18
6 20
6 37
6 43
6 44
6 45
6 48
6 55
6 62
6 113
6 120
6 123
6 141
6 150
6 159
6 161
6 182
6 188
6 189
6 194
6 199
7 13
7 27
7 31
7 50
7 58
7 59
7 76
7 91
7 94
7 101
7 115
7 133
7 134
7 135
7 141
7 148
7 152
7 162
7 165
7 166
7 192
7 199
8 68
8 82
8 98
8 123
8 128
8 142
8 173
8 179
8 180
8 191
8 194
9 6
9 19
9 30
9 51
9 80
9 96
9 107
9 114
9 115
9 157
9 167
9 169
9 173
9 180
9 197
10 18
10 28
10 34
10 42
10 71
10 131
10 138
10 139
10 152
10 171
10 177
11 21
11 39
11 42
11 52
11 82
11 92
11 106
11 111
11 125
11 139
11 142
11 143
11 188
12 46
12 51
12 56
12 60
12 66
12 71
12 77
12 83
12 114
12 118
12 146
12 151
13 9
13 23
13 27
13 31
13 32
13 43
13 78
13 83
13 84
13 87
13 91
13 94
13 108
13 110
13 113
13 143
13 151
13 157
13 184
13 197
14 8
14 11
14 39
14 55
14 62
14 75
14 100
14 101
14 105
14 116
14 122
14 124
14 125
14 136
14 141
14 161
14 162
14 179
14 184
14 188
14 190
14 195
14 196
15 18
15 31
15 39
15 41
15 53
15 84
15 88
15 101
15 116
15 117
15 131
15 143
15 147
15 151
15 155
15 168
16 17
16 65
16 71
16 72
16 80
16 91
16 100
16 101
16 105
16 106
16 115
16 144
16 154
16 156
16 181
17 38
17 41
17 42
17 46
17 73
17 93
17 98
17 105
17 107
17 120
17 122
17 126
17 130
18 34
18 79
18 106
18 125
18 128
18 130
18 138
18 178
18 181
18 199
19 36
19 53
19 66
19 67
19 76
19 83
19 93
19 97
19 120
19 128
19 136
19 145
19 164
20 27
20 35
20 38
20 48
20 67
20 76
20 83
20 111
20 129
20 145
20 161
21 35
21 46
21 55
21 60
21 77
21 119
21 124
21 130
21 142
21 148
21 150
21 153
21 181
21 185
21 187
21 190
21 198
22 10
22 14
22 19
22 20
22 28
22 71
22 73
22 88
22 92
22 93
22 98
22 110
22 114
22 123
22 125
22 138
22 151
22 176
22 188
22 197
23 20
23 36
23 64
23 71
23 75
23 77
23 97
23 112
23 123
23 139
23 170
23 190
24 11
24 16
24 52
24 60
24 63
24 74
24 94
24 109
24 113
24 148
24 170
24 180
24 193
24 194
25 7
25 26
25 50
25 60
25 85
25 88
25 94
25 109
25 139
25 140
25 144
25 152
25 169
25 173
25 179
25 188
25 191
26 6
26 13
26 19
26 41
26 46
26 66
26 68
26 69
26 74
26 79
26 90
26 100
26 106
26 119
26 139
26 164
26 166
26 186
26 189
26 194
26 197
27 22
27 25
27 57
27 58
27 61
27 104
27 121
27 130
27 146
27 160
27 177
27 194
28 3
28 30
28 36
28 52
28 58
28 73
28 91
28 92
28 102
28 104
28 108
28 131
28 150
28 158
28 166
28 177
28 190
29 9
29 10
29 33
29 35
29 39
29 73
29 90
29 92
29 104
29 123
29 125
29 133
29 143
29 144
29 148
29 152
29 153
29 157
29 161
29 162
29 181
29 191
30 3
30 11
30 24
30 29
30 65
30 73
30 92
30 99
30 114
30 138
30 145
30 163
30 175
30 185
31 1
31 4
31 12
31 28
31 68
31 82
31 87
31 90
31 102
31 114
31 132
31 150
31 163
31 185
31 193
32 22
32 28
32 38
32 47
32 52
32 57
32 66
32 71
32 94
32 95
32 111
32 117
32 126
32 127
32 138
32 194
32 195
32 196
33 11
33 16
33 31
33 36
33 38
33 68
33 87
33 91
33 140
33 143
33 163
33 171
33 183
33 190
34 19
34 44
34 67
34 71
34 82
34 84
34 121
34 124
34 147
34 154
34 178
34 183
35 25
35 31
35 32
35 47
35 94
35 125
35 139
35 145
35 153
35 157
35 160
35 170
35 176
35 179
35 195
35 197
36 3
36 11
36 22
36 25
36 30
36 38
36 45
36 51
36 66
36 71
36 91
36 108
36 115
36 124
36 140
36 142
36 143
36 165
36 168
36 171
37 10
37 33
37 79
37 81
37 82
37 86
37 103
37 104
37 118
37 140
37 145
37 186
37 192
37 194
37 195
37 200
38 8
38 10
38 16
38 19
38 30
38 31
38 45
38 48
38 65
38 70
38 77
38 83
38 85
38 95
38 96
38 102
38 133
38 135
38 137
38 143
38 163
38 175
38 183
39 7
39 8
39 18
39 30
39 37
39 43
39 67
39 81
39 90
39 102
39 106
39 109
39 112
39 128
39 153
39 158
39 193
39 199
40 21
40 32
40 35
40 43
40 54
40 72
40 97
40 105
40 114
40 125
40 128
40 140
40 166
40 167
40 170
40 176
40 178
40 183
40 189
41 20
41 27
41 37
41 63
41 82
41 83
41 115
41 119
41 129
41 136
41 152
41 158
41 162
41 170
41 178
41 186
41 195
42 19
42 58
42 74
42 79
42 110
42 114
42 146
42 157
42 175
42 187
42 192
42 199
42 200
43 2
43 10
43 14
43 19
43 48
43 65
43 67
43 91
43 92
43 100
43 110
43 124
43 157
43 158
43 160
43 164
43 179
43 186
43 192
44 1
44 26
44 28
44 33
44 50
44 52
44 65
44 66
44 73
44 79
44 83
44 106
44 132
44 148
44 159
44 165
44 176
44 183
44 193
44 198
45 5
45 10
45 23
45 24
45 25
45 31
45 35
45 37
45 96
45 114
45 131
45 133
45 144
45 150
45 174
45 186
45 200
46 25
46 36
46 68
46 100
46 107
46 118
46 127
46 157
46 166
47 13
47 37
47 40
47 51
47 52
47 58
47 64
47 66
47 71
47 112
47 119
47 121
47 143
47 147
47 157
47 168
47 188
47 192
48 18
48 27
48 33
48 36
48 46
48 50
48 55
48 67
48 80
48 106
48 117
48 118
48 125
48 137
48 152
48 160
48 161
48 174
48 175
48 198
49 3
49 27
49 30
49 36
49 43
49 54
49 60
49 68
49 77
49 97
49 98
49 126
49 137
49 188
49 194
50 10
50 43
50 60
50 64
50 94
50 98
50 120
50 134
50 151
50 161
50 163
50 180
50 186
50 194
50 199
51 6
51 7
51 8
51 25
51 30
51 32
51 41
51 54
51 57
51 60
51 67
51 107
51 110
51 113
51 114
51 118
51 123
51 160
51 166
51 174
51 181
52 12
52 31
52 40
52 45
52 75
52 79
52 84
52 103
52 111
52 130
52 176
52 183
52 189
53 5
53 11
53 73
53 74
53 91
53 97
53 115
53 166
53 175
53 197
54 13
54 22
54 44
54 46
54 68
54 73
54 85
54 95
54 97
54 115
54 123
54 164
54 167
54 185
54 197
55 4
55 43
55 75
55 76
55 81
55 131
55 144
55 150
55 151
55 159
55 160
55 195
55 200
56 21
56 28
56 29
56 54
56 58
56 64
56 72
56 89
56 91
56 112
56 133
56 153
56 154
56 161
56 166
56 171
56 176
56 177
56 195
57 19
57 37
57 38
57 56
57 91
57 92
57 102
57 118
57 122
57 136
57 162
57 175
57 185
57 191
57 197
58 16
58 20
58 26
58 53
58 54
58 68
58 76
58 86
58 116
58 117
58 160
58 171
58 179
58 188
58 194
58 196
59 5
59 8
59 13
59 21
59 86
59 92
59 124
59 132
59 155
59 163
59 168
59 172
59 194
60 7
60 19
60 34
60 46
60 79
60 96
60 98
60 112
60 123
60 131
60 134
60 149
60 164
60 172
60 185
61 18
61 33
61 58
61 62
61 69
61 108
61 118
61 124
61 165
61 166
61 189
62 16
62 57
62 59
62 66
62 88
62 95
62 99
62 105
62 107
62 144
62 152
62 177
63 7
63 51
63 54
63 70
63 84
63 88
63 131
63 134
63 150
63 169
63 194
64 4
64 7
64 21
64 30
64 49
64 57
64 78
64 124
64 137
64 144
64 167
64 181
65 5
65 40
65 45
65 50
65 74
65 82
65 102
65 108
65 135
65 143
65 154
65 177
65 182
65 183
65 196
66 17
66 38
66 49
66 65
66 81
66 85
66 90
66 104
66 109
66 118
66 126
66 135
66 168
66 181
66 186
66 188
67 7
67 59
67 64
67 70
67 104
67 123
67 138
67 179
67 190
67 196
68 3
68 32
68 41
68 69
68 137
68 147
68 151
68 159
68 163
68 171
68 178
69 8
69 31
69 33
69 56
69 106
69 115
69 116
69 122
69 123
69 146
69 175
69 182
69 198
69 200
70 3
70 5
70 12
70 16
70 31
70 36
70 72
70 111
70 113
70 117
70 119
70 147
70 153
70 178
70 187
70 188
70 193
71 5
71 9
71 37
71 39
71 48
71 55
71 57
71 58
71 75
71 87
71 123
71 153
71 158
71 165
71 181
71 189
71 198
72 13
72 24
72 26
72 37
72 62
72 73
72 111
72 113
72 138
72 161
72 164
72 170
72 173
72 188
72 190
73 1
73 11
73 35
73 47
73 79
73 83
73 156
74 11
74 20
74 44
74 81
74 105
74 125
74 146
74 147
74 152
74 159
74 160
74 186
74 189
74 193
74 195
75 63
75 67
75 72
75 76
75 80
75 87
75 97
75 110
75 116
75 136
75 139
75 143
75 152
75 169
75 175
75 176
75 187
76 9
76 56
76 61
76 67
76 90
76 133
76 140
76 153
76 154
76 166
76 168
76 174
76 179
76 189
76 195
76 196
77 26
77 30
77 50
77 62
77 89
77 114
77 136
77 139
77 157
77 187
77 196
78 4
78 16
78 50
78 51
78 52
78 62
78 71
78 90
78 91
78 113
78 120
78 127
78 149
78 154
79 7
79 21
79 63
79 89
79 107
79 108
79 114
79 118
79 126
79 146
79 166
79 180
79 186
79 189
80 22
80 36
80 52
80 67
80 68
80 76
80 149
80 174
81 2
81 46
81 61
81 65
81 85
81 89
81 90
81 97
81 101
81 113
81 120
81 130
81 131
81 136
81 148
81 151
81 191
81 199
82 23
82 27
82 29
82 59
82 63
82 67
82 81
82 101
82 108
82 138
82 166
82 169
82 170
82 173
83 10
83 18
83 27
83 36
83 57
83 80
83 85
83 143
83 148
83 155
83 164
84 42
84 60
84 68
84 71
84 93
84 108
84 113
84 142
84 164
84 165
84 168
84 170
84 171
84 198
85 15
85 18
85 61
85 82
85 88
85 109
85 114
85 136
85 145
85 148
85 158
85 173
85 183
85 185
85 196
86 9
86 10
86 42
86 49
86 60
86 89
86 101
86 104
86 106
86 133
86 155
86 176
86 194
86 196
87 20
87 27
87 58
87 59
87 73
87 78
87 125
87 131
87 136
87 159
87 173
87 186
88 7
88 9
88 16
88 17
88 38
88 44
88 55
88 57
88 59
88 81
88 82
88 87
88 93
88 115
88 122
88 127
88 147
88 158
88 163
88 173
88 179
88 189
88 197
89 10
89 12
89 15
89 26
89 34
89 46
89 63
89 110
89 120
89 127
89 144
89 198
90 6
90 20
90 79
90 93
90 96
90 105
90 111
90 117
90 160
90 163
90 185
90 191
90 197
91 80
91 82
91 114
91 116
91 136
91 161
91 193
92 8
92 24
92 64
92 82
92 86
92 101
92 110
92 118
92 126
92 141
92 157
92 168
92 188
93 9
93 10
93 34
93 36
93 39
93 43
93 59
93 62
93 67
93 69
93 80
93 103
93 144
93 155
93 159
93 184
93 186
93 196
93 199
94 14
94 23
94 60
94 62
94 70
94 128
94 145
94 146
94 152
94 153
94 159
94 172
94 184
94 188
95 30
95 35
95 51
95 67
95 112
95 115
95 123
95 129
95 151
95 165
95 174
96 19
96 24
96 25
96 26
96 40
96 42
96 50
96 59
96 75
96 87
96 110
96 114
96 121
96 124
96 139
96 182
96 186
96 188
97 13
97 30
97 34
97 36
97 38
97 45
97 46
97 55
97 71
97 112
97 130
97 138
97 144
97 148
97 149
97 152
97 158
97 163
97 170
97 180
97 197
98 18
98 34
98 46
98 59
98 77
98 93
98 105
98 110
98 135
98 153
98 156
98 172
98 178
98 184
98 186
98 188
98 198
99 32
99 46
99 52
99 71
99 86
99 101
99 102
99 104
99 115
99 133
99 149
100 2
100 22
100 27
100 36
100 58
100 60
100 73
100 106
100 110
100 113
100 122
100 155
100 164
100 188
100 193
100 196
101 2
101 4
101 29
101 34
101 43
101 60
101 61
101 65
101 77
101 90
101 125
101 127
101 136
101 146
101 173
101 174
102 6
102 24
102 49
102 59
102 68
102 76
102 80
102 95
102 105
102 133
102 150
102 158
102 167
102 176
102 188
103 15
103 34
103 46
103 50
103 65
103 80
103 82
103 88
103 97
103 105
103 111
103 116
103 121
103 124
103 125
103 148
103 151
103 155
103 174
103 184
104 2
104 26
104 30
104 32
104 50
104 60
104 144
105 11
105 15
105 19
105 23
105 36
105 63
105 89
105 91
105 114
105 137
105 158
105 166
105 170
105 185
105 190
105 198
106 7
106 27
106 31
106 47
106 58
106 95
106 96
106 119
106 120
106 160
106 163
106 165
106 166
107 1
107 4
107 5
107 33
107 58
107 61
107 64
107 80
107 103
107 117
107 126
107 136
107 139
107 160
107 170
108 2
108 32
108 42
108 43
108 73
108 87
108 121
108 132
108 178
108 184
109 6
109 9
109 16
109 26
109 45
109 70
109 92
109 132
109 167
109 179
109 186
110 3
110 5
110 12
110 39
110 45
110 50
110 52
110 54
110 56
110 74
110 81
110 83
110 86
110 101
110 112
110 116
110 121
110 124
110 127
110 130
110 148
110 152
110 163
110 200
111 9
111 14
111 18
111 24
111 55
111 64
111 78
111 80
111 89
111 108
111 130
111 134
111 136
111 146
111 151
111 152
111 155
111 160
111 196
112 6
112 7
112 15
112 50
112 59
112 80
112 83
112 90
112 91
112 101
112 113
112 120
112 130
112 151
112 156
112 172
113 11
113 17
113 41
113 58
113 90
113 103
113 106
113 107
113 115
113 124
113 131
113 135
113 141
113 167
113 168
113 171
113 176
113 179
113 184
114 3
114 24
114 39
114 70
114 78
114 86
114 135
114 163
114 166
115 29
115 38
115 44
115 52
115 57
115 90
115 157
115 159
115 172
115 189
116 12
116 18
116 31
116 53
116 68
116 85
116 87
116 90
116 111
116 121
116 149
116 156
116 158
116 163
117 2
117 39
117 69
117 73
117 99
117 116
117 132
117 141
117 153
117 177
117 179
117 186
117 194
117 200
118 9
118 17
118 31
118 39
118 65
118 73
118 85
118 86
118 95
118 97
118 99
118 102
118 107
118 115
118 144
118 155
118 160
118 163
118 172
118 173
119 15
119 23
119 30
119 43
119 56
119 65
119 79
119 107
119 108
119 136
119 146
119 155
119 159
119 179
119 191
119 195
120 2
120 10
120 23
120 29
120 43
120 59
120 61
120 70
120 75
120 79
120 84
120 85
120 99
120 119
120 130
120 140
120 178
120 186
121 21
121 32
121 44
121 54
121 61
121 69
121 113
121 178
121 189
122 9
122 20
122 64
122 74
122 77
122 84
122 114
122 124
122 136
122 139
122 145
122 158
122 193
122 196
123 20
123 26
123 33
123 39
123 41
123 87
123 94
123 103
123 109
123 113
123 117
123 129
123 131
123 146
123 171
123 177
123 180
123 190
123 191
124 3
124 4
124 26
124 27
124 69
124 74
124 81
124 94
124 126
124 142
124 148
124 149
124 150
124 161
124 187
125 7
125 21
125 23
125 33
125 38
125 41
125 46
125 57
125 62
125 64
125 110
125 111
125 133
125 141
125 148
125 155
125 164
125 175
125 177
125 190
125 191
125 198
126 31
126 54
126 58
126 78
126 89
126 101
126 104
126 115
126 133
126 148
126 164
126 172
126 181
126 184
127 16
127 18
127 23
127 62
127 72
127 80
127 92
127 96
127 119
127 122
127 141
127 157
127 163
127 164
127 169
127 187
127 191
127 193
128 4
128 31
128 45
128 53
128 61
128 65
128 91
128 107
128 148
128 159
128 176
129 30
129 31
129 34
129 35
129 53
129 74
129 92
129 105
129 156
129 160
129 162
129 176
130 64
130 69
130 83
130 91
130 116
130 126
130 132
130 136
130 149
130 151
130 182
131 1
131 7
131 13
131 14
131 17
131 31
131 50
131 61
131 89
131 91
131 109
131 117
131 157
131 161
131 175
131 198
132 1
132 7
132 12
132 45
132 54
132 66
132 95
132 103
132 125
132 139
132 149
132 184
132 197
132 200
133 18
133 23
133 37
133 46
133 71
133 80
133 92
133 108
133 174
133 200
134 15
134 30
134 122
134 131
134 141
134 165
134 174
134 176
134 185
135 14
135 26
135 56
135 61
135 74
135 101
135 102
135 122
135 146
135 160
135 178
135 185
135 194
136 3
136 15
136 16
136 54
136 66
136 93
136 120
136 137
136 155
136 179
136 181
137 37
137 59
137 66
137 74
137 78
137 93
137 125
137 131
137 159
137 169
137 178
137 199
138 46
138 48
138 50
138 54
138 57
138 68
138 83
138 84
138 94
138 98
138 127
138 131
138 140
138 143
138 150
138 153
138 175
138 195
139 12
139 15
139 17
139 19
139 27
139 74
139 76
139 89
139 97
139 99
139 105
139 126
139 134
139 136
139 152
139 161
140 1
140 6
140 9
140 11
140 18
140 21
140 28
140 34
140 41
140 48
140 52
140 92
140 109
140 191
141 17
141 26
141 66
141 80
141 81
141 86
141 89
141 133
141 140
141 144
141 149
141 150
141 165
141 168
141 195
142 4
142 15
142 24
142 29
142 40
142 49
142 60
142 77
142 80
142 99
142 100
142 114
142 137
142 140
142 171
142 185
142 199
143 7
143 9
143 20
143 31
143 37
143 43
143 52
143 60
143 61
143 62
143 70
143 72
143 77
143 78
143 93
143 102
143 110
143 132
143 147
143 152
143 160
143 162
143 176
143 187
144 5
144 44
144 49
144 91
144 115
144 133
144 143
144 148
144 167
144 178
144 194
145 44
145 58
145 90
145 113
145 120
145 121
145 139
145 140
145 158
145 186
146 22
146 29
146 33
146 39
146 73
146 76
146 85
146 86
146 99
146 100
146 103
146 104
146 112
146 115
146 117
146 130
146 160
146 183
146 194
147 25
147 35
147 55
147 60
147 107
147 111
147 117
147 123
147 133
147 166
147 168
147 171
147 181
148 50
148 52
148 146
148 159
148 179
148 199
148 200
149 29
149 33
149 61
149 66
149 86
149 100
149 115
149 127
149 139
149 145
149 154
149 166
149 170
149 188
150 58
150 131
150 148
150 155
150 161
150 166
150 188
151 10
151 14
151 26
151 28
151 46
151 57
151 60
151 61
151 73
151 76
151 79
151 80
151 86
151 87
151 88
151 90
151 94
151 106
151 121
151 143
151 162
151 166
152 14
152 18
152 28
152 39
152 61
152 68
152 95
152 100
152 162
152 167
153 7
153 8
153 11
153 24
153 34
153 67
153 69
153 112
153 114
153 122
153 124
153 126
153 152
153 179
153 183
154 22
154 28
154 43
154 61
154 70
154 82
154 85
154 98
154 109
154 116
154 127
154 132
154 137
154 140
154 148
154 155
154 157
154 158
154 176
154 179
154 186
155 3
155 8
155 9
155 21
155 74
155 92
155 107
155 113
155 121
155 126
155 127
155 139
155 180
155 183
155 188
156 3
156 8
156 44
156 67
156 68
156 71
156 84
156 102
156 108
156 113
156 137
156 148
156 152
156 157
157 2
157 45
157 64
157 70
157 75
157 81
157 95
157 103
157 119
157 122
157 142
157 144
157 151
157 166
157 176
157 177
157 178
157 180
157 200
158 4
158 9
158 12
158 21
158 36
158 45
158 48
158 61
158 73
158 75
158 80
158 93
158 103
158 106
158 110
158 136
158 137
158 144
158 149
158 161
158 164
158 198
159 9
159 12
159 22
159 41
159 63
159 90
159 92
159 103
159 108
159 110
159 111
159 117
159 142
159 155
159 156
159 158
159 176
159 182
159 193
160 1
160 36
160 37
160 49
160 101
160 116
160 123
160 134
160 137
160 149
160 150
160 169
160 175
160 181
160 185
160 192
160 198
161 1
161 3
161 8
161 15
161 35
161 41
161 54
161 60
161 76
161 78
161 93
161 97
161 120
161 123
161 125
161 127
161 152
161 184
161 199
162 3
162 5
162 23
162 30
162 43
162 47
162 80
162 84
162 92
162 100
162 101
162 102
162 111
162 112
162 114
162 122
162 125
162 131
162 146
162 160
162 170
162 171
162 176
162 185
162 193
163 8
163 19
163 40
163 62
163 65
163 77
163 132
163 166
163 186
163 189
163 190
164 13
164 20
164 75
164 76
164 103
164 108
164 134
164 141
164 146
164 149
164 186
164 191
164 195
165 11
165 14
165 24
165 40
165 51
165 57
165 60
165 63
165 67
165 76
165 83
165 90
165 125
165 132
165 135
165 142
165 149
165 152
165 154
165 170
165 196
166 4
166 23
166 29
166 37
166 58
166 65
166 72
166 93
166 102
166 104
166 115
166 123
166 134
166 136
166 156
167 4
167 10
167 29
167 38
167 63
167 75
167 91
167 93
167 100
167 105
167 112
167 114
167 134
167 137
167 153
167 155
167 179
167 186
167 196
168 10
168 22
168 25
168 26
168 40
168 51
168 60
168 104
168 110
168 135
168 142
168 151
168 161
168 189
168 195
169 5
169 12
169 16
169 20
169 22
169 36
169 53
169 77
169 98
169 106
169 112
169 131
169 132
169 135
169 139
169 141
169 159
169 179
170 2
170 6
170 18
170 20
170 21
170 31
170 38
170 39
170 42
170 67
170 68
170 79
170 104
170 116
170 122
170 124
170 125
170 130
170 132
170 133
170 134
170 191
171 1
171 5
171 6
171 25
171 79
171 86
171 93
171 109
171 136
171 137
171 139
171 146
171 193
172 2
172 9
172 11
172 17
172 21
172 31
172 38
172 39
172 62
172 66
172 96
172 138
172 140
172 157
172 166
172 167
172 171
172 177
172 178
172 179
172 187
172 190
172 197
173 16
173 31
173 34
173 42
173 46
173 65
173 69
173 83
173 115
173 121
173 128
173 131
173 150
173 159
173 163
173 180
173 183
173 190
174 10
174 20
174 26
174 61
174 67
174 70
174 79
174 88
174 89
174 91
174 122
174 137
174 146
174 150
174 161
174 162
174 166
174 194
175 26
175 35
175 37
175 41
175 76
175 85
175 108
175 112
175 121
175 122
175 132
175 153
175 178
175 192
175 195
176 37
176 51
176 62
176 70
176 73
176 78
176 82
176 84
176 110
176 144
176 153
176 156
176 164
176 167
176 174
176 175
177 30
177 49
177 95
177 96
177 112
177 131
177 153
177 173
178 74
178 80
178 90
178 96
178 127
178 136
178 146
178 161
178 174
178 194
179 2
179 17
179 19
179 23
179 29
179 30
179 47
179 53
179 71
179 80
179 85
179 86
179 90
179 91
179 94
179 95
179 98
179 107
179 115
179 123
179 125
179 130
179 132
179 139
179 194
180 12
180 13
180 36
180 38
180 43
180 47
180 61
180 102
180 110
180 139
180 143
180 146
180 169
180 170
180 174
180 178
180 187
181 25
181 28
181 70
181 77
181 84
181 99
181 115
181 132
181 163
181 197
182 13
182 26
182 31
182 34
182 45
182 47
182 54
182 77
182 83
182 102
182 111
182 117
182 118
182 128
183 19
183 42
183 43
183 96
183 118
183 125
183 130
183 145
183 160
183 191
183 194
183 198
184 9
184 16
184 21
184 23
184 25
184 27
184 32
184 44
184 69
184 79
184 90
184 105
184 116
184 120
184 122
184 133
184 144
184 191
184 193
185 2
185 7
185 17
185 33
185 34
185 52
185 55
185 92
185 112
185 164
185 188
186 9
186 21
186 44
186 76
186 85
186 89
186 92
186 107
186 110
186 138
186 149
186 180
186 192
186 195
186 199
187 46
187 63
187 92
187 106
187 149
187 150
187 151
187 160
187 178
188 2
188 23
188 35
188 50
188 52
188 78
188 137
188 141
188 153
188 182
188 193
188 195
189 2
189 19
189 47
189 82
189 117
189 120
189 125
189 137
189 160
189 161
189 180
190 15
190 18
190 27
190 37
190 42
190 46
190 57
190 71
190 131
190 139
190 186
190 191
191 3
191 6
191 7
191 13
191 33
191 66
191 73
191 93
191 94
191 101
191 107
191 109
191 115
191 126
191 132
191 133
191 136
191 137
191 154
191 189
191 192
192 22
192 26
192 50
192 56
192 68
192 88
192 97
192 120
192 126
192 129
192 140
192 179
192 193
192 194
192 199
193 5
193 20
193 45
193 54
193 61
193 89
193 106
193 118
193 123
193 132
193 146
193 156
193 166
193 169
193 185
193 194
193 197
194 12
194 54
194 61
194 70
194 75
194 113
194 121
194 148
194 151
194 189
194 200
195 13
195 15
195 31
195 52
195 54
195 72
195 90
195 104
195 117
195 127
195 137
195 160
195 173
195 192
195 194
195 199
196 5
196 19
196 21
196 24
196 43
196 46
196 53
196 60
196 62
196 72
196 89
196 95
196 97
196 99
196 108
196 116
196 131
196 141
196 174
196 184
196 187
197 17
197 19
197 36
197 39
197 48
197 76
197 92
197 106
197 108
197 109
197 114
197 120
197 147
197 167
197 188
197 199
198 1
198 3
198 20
198 37
198 55
198 59
198 73
198 90
198 110
198 114
198 121
198 123
198 190
198 196
198 197
199 17
199 43
199 126
199 134
199 149
199 183
199 184
200 10
200 16
200 20
200 26
200 39
200 49
200 52
200 82
200 95
200 98
200 109
200 188
200 195

