200 1000
43 64 35 27 116 84 102 111 111 30 89 26 83 108 99 28 104 33 108 107 107 53 43 28 119 64 46 105 97 102 105 62 27 94 38 60 101 59 97 81 61 106 102 25 28 78 109 82 60 53 63 63 81 78 86 112 71 25 23 69 69 82 51 20 51 104 94 100 82 104 55 25 55 81 24 72 29 95 118 23 91 97 30 112 84 41 102 53 106 47 45 41 39 21 102 49 76 65 86 40 41 116 45 38 64 23 65 118 29 20 112 66 113 69 74 97 52 94 98 48 46 93 34 100 87 64 72 101 95 109 50 33 119 89 50 91 112 69 63 50 33 36 66 56 40 120 46 100 117 88 43 46 55 42 50 53 73 22 71 62 91 109 105 116 119 114 90 61 24 68 87 48 114 27 48 101 34 75 38 93 90 43 99 90 76 39 60 84 92 20 56 60 67 51 87 46 45 57 120 61 
1 17
1 73
1 138
2 81
2 176
3 27
3 48
3 63
3 101
3 118
3 132
3 199
4 89
4 141
4 163
4 182
5 19
5 25
5 30
5 34
5 75
5 91
5 97
5 102
5 198
6 3
6 80
6 104
6 129
7 8
7 92
8 58
8 85
8 115
8 125
9 82
9 145
10 7
10 134
11 56
11 62
11 128
11 129
12 46
12 137
13 77
13 95
13 114
13 125
14 67
14 125
14 195
15 17
15 64
15 73
15 101
15 108
15 124
15 159
16 4
16 59
16 73
16 76
16 139
16 156
16 169
17 33
17 42
17 121
17 158
18 72
18 75
18 131
19 1
19 8
19 18
19 51
19 85
19 86
19 122
19 160
20 53
20 96
20 142
20 195
21 13
21 110
21 143
21 162
21 175
22 56
22 119
22 133
22 173
23 2
23 80
23 139
23 143
23 167
23 180
23 189
24 19
24 70
24 127
24 157
25 76
25 82
25 102
25 123
25 185
26 95
26 106
26 114
26 187
26 193
27 28
27 62
27 66
27 86
27 125
27 148
27 192
28 13
28 44
28 46
28 48
28 51
28 57
28 126
29 13
29 18
29 100
29 151
29 180
29 193
30 43
30 61
30 67
30 98
30 103
30 151
30 180
31 33
31 102
31 145
32 12
32 34
32 77
32 80
32 135
32 157
32 168
32 186
33 26
33 27
33 126
34 59
34 76
34 105
34 117
35 5
35 105
35 119
35 128
35 137
35 141
35 190
36 85
36 103
36 105
36 186
37 11
37 30
37 119
37 135
37 163
38 39
38 47
38 102
38 133
38 135
38 161
38 167
38 174
38 190
38 198
39 12
39 15
39 25
39 91
39 96
40 8
40 39
40 48
40 66
40 126
40 147
40 153
41 11
42 66
42 133
42 146
43 22
43 37
43 96
43 195
44 25
44 43
44 156
44 182
45 95
45 123
45 197
46 15
46 100
46 171
47 58
47 63
47 144
47 145
48 25
48 83
48 148
49 93
49 139
49 196
50 9
50 30
50 126
51 42
51 50
51 88
51 108
51 133
51 149
51 174
51 196
52 34
52 137
52 159
52 165
52 197
53 25
53 104
53 119
53 126
53 170
53 189
53 190
54 8
54 21
54 26
54 27
54 42
54 46
54 55
54 120
55 38
55 53
55 60
55 76
55 167
55 169
55 175
56 80
56 182
56 192
57 14
57 64
57 89
57 96
57 113
57 148
57 178
57 181
58 21
58 35
58 46
58 66
58 106
58 113
58 114
58 130
58 153
58 196
59 19
59 139
60 21
60 26
60 59
60 74
60 128
61 3
61 37
61 47
61 68
61 93
61 103
61 112
61 129
61 146
61 189
61 197
62 21
62 29
62 30
62 70
62 117
62 177
63 96
63 199
64 63
64 199
65 21
65 32
65 45
65 73
65 96
65 106
65 142
65 146
66 8
66 23
66 132
66 181
67 70
67 89
67 114
67 129
68 78
68 87
68 106
68 150
69 145
69 155
69 178
69 196
70 35
70 71
70 81
70 119
70 200
71 18
71 25
71 48
71 86
71 101
71 116
71 164
71 186
71 187
71 198
72 151
72 173
72 189
72 198
73 9
73 19
73 60
73 101
73 187
73 192
74 12
74 20
74 78
74 91
74 170
75 29
75 37
75 72
75 142
75 144
75 173
76 50
76 51
76 66
76 178
76 194
77 36
77 39
77 131
77 152
78 59
78 109
78 165
79 1
79 30
79 80
79 93
79 111
79 136
79 141
80 82
80 91
80 94
81 12
81 21
81 43
81 46
81 105
81 118
82 49
82 188
83 8
83 36
83 99
83 108
83 160
83 173
83 188
83 191
84 25
84 76
84 186
85 42
85 63
85 81
85 87
85 181
86 45
86 92
86 96
86 134
86 144
87 47
88 28
88 48
88 65
88 74
88 193
88 196
89 5
89 11
89 14
89 24
89 54
90 22
90 27
90 40
90 60
90 163
91 18
91 38
91 62
91 70
91 87
91 93
91 97
91 145
91 176
91 185
91 190
92 81
92 149
93 44
93 118
93 123
94 37
94 46
94 56
94 119
94 140
94 150
94 158
94 182
95 22
95 44
95 49
95 170
95 184
95 195
96 22
96 62
96 113
96 150
97 6
97 35
97 51
97 61
97 83
97 85
97 176
97 187
98 16
98 28
98 68
98 131
99 8
99 15
99 28
99 53
99 105
99 160
99 198
100 80
101 34
101 107
101 109
101 115
101 143
101 176
101 189
102 24
102 33
102 55
102 117
102 132
102 136
102 147
102 157
102 177
102 198
103 5
103 18
103 38
103 48
103 53
103 75
104 36
104 81
104 129
104 158
105 5
105 7
105 9
105 84
105 101
106 35
106 82
106 166
106 184
106 198
107 32
107 51
107 60
107 98
107 152
107 159
108 49
108 99
108 113
108 123
108 125
108 178
108 198
109 12
109 41
109 90
109 119
109 135
109 156
109 168
110 6
110 38
110 57
110 77
110 183
111 1
111 8
111 55
111 72
111 87
111 103
112 10
112 45
112 57
112 118
112 123
112 127
112 162
112 180
113 60
113 65
113 98
113 103
113 136
113 138
113 147
113 169
113 183
114 6
114 121
114 123
114 164
114 178
114 185
115 86
115 105
115 155
116 30
116 66
116 74
116 138
117 47
117 71
117 114
118 15
118 44
118 45
118 100
118 158
118 159
118 165
118 167
118 199
119 19
119 71
119 128
119 177
120 27
120 46
120 51
120 110
120 131
120 151
121 7
121 11
121 111
121 152
122 58
122 80
122 86
122 104
122 129
122 173
122 178
123 13
123 38
123 47
123 67
123 174
123 178
123 180
124 70
124 94
124 182
124 199
125 61
125 90
125 112
125 133
125 170
125 186
125 192
126 70
126 195
127 1
127 26
127 55
128 28
128 54
128 105
128 107
128 170
129 62
129 128
130 30
130 78
130 85
130 100
130 111
130 188
131 59
132 10
132 79
132 192
133 2
133 24
133 30
133 104
133 181
134 39
134 59
134 60
134 96
134 160
134 161
135 13
135 45
135 77
135 78
136 2
136 114
136 118
136 124
136 131
136 153
137 17
137 29
137 62
137 160
138 20
138 57
138 87
138 152
138 188
139 72
139 129
139 144
139 149
139 192
140 63
140 88
140 96
140 148
140 183
141 2
141 34
141 102
141 200
142 96
142 156
143 31
143 62
143 93
143 105
143 110
143 123
143 126
143 161
143 183
144 19
144 25
144 55
144 78
144 188
145 92
145 93
145 113
145 167
146 85
146 93
146 114
146 130
147 1
147 65
147 115
147 180
147 182
148 21
148 76
148 160
149 22
149 47
149 54
149 85
149 123
149 137
149 153
150 90
150 93
150 166
150 170
150 171
151 27
151 70
151 119
151 161
152 17
152 20
152 27
152 30
152 37
152 161
153 21
153 74
153 139
153 146
153 155
153 164
153 185
154 5
154 6
154 13
154 34
154 86
154 110
154 196
155 13
155 48
155 72
155 149
156 10
156 15
156 40
156 71
156 165
157 15
157 34
157 78
157 115
157 151
158 15
158 59
158 148
159 25
159 34
159 44
159 58
159 78
159 94
159 111
159 134
160 33
160 58
160 94
160 129
160 151
160 181
160 184
161 43
161 55
161 65
161 74
162 6
162 16
162 50
162 101
162 125
162 163
162 187
163 3
163 112
163 155
164 61
164 100
164 109
164 115
164 136
164 142
164 148
164 181
165 18
165 174
166 4
166 62
166 77
166 109
166 191
167 67
167 133
167 154
168 52
168 84
168 121
168 122
168 135
168 158
169 46
169 49
169 88
169 133
169 177
169 183
170 12
170 61
170 183
170 189
171 133
171 158
172 18
172 33
172 94
172 113
172 147
173 28
173 31
173 54
173 97
173 165
173 169
173 180
174 45
174 126
175 88
175 120
175 139
175 150
175 168
176 39
176 48
176 79
176 96
176 126
176 129
176 189
177 1
177 57
177 183
178 6
178 34
178 50
178 167
179 129
180 51
180 135
180 145
180 194
181 39
181 61
181 72
181 91
181 92
181 191
182 60
182 62
183 30
183 44
183 64
184 142
185 61
185 90
185 97
185 108
185 138
185 175
185 183
185 197
186 8
186 56
186 72
186 136
186 161
187 32
187 53
187 75
188 13
188 42
188 106
188 110
188 121
188 166
188 172
188 189
188 190
189 197
190 4
190 20
190 103
190 125
190 149
190 180
190 199
191 59
191 94
191 119
191 128
191 140
191 194
192 75
192 98
192 166
192 200
193 55
193 116
193 118
194 26
194 47
194 70
194 78
194 94
194 158
194 159
194 196
194 199
195 53
195 62
195 110
196 66
196 73
196 158
196 167
196 168
196 187
196 190
197 23
197 25
197 30
197 91
197 112
197 179
197 190
198 12
198 60
198 113
198 118
198 159
199 6
199 41
199 65
199 102
199 148
199 161
200 26
200 32
200 108
200 112
200 115
200 140
200 152

