200 3000
101 56 56 37 22 34 98 23 84 118 92 90 22 74 63 24 94 42 96 56 61 94 38 95 22 93 83 89 62 24 120 105 89 105 105 68 42 51 111 29 103 20 73 34 50 45 27 23 113 54 54 75 36 114 76 37 117 78 107 44 75 33 39 45 54 95 116 43 76 114 81 65 112 99 25 111 111 45 57 60 56 107 109 49 86 82 118 71 38 47 99 29 114 76 72 78 43 104 77 114 75 103 75 79 107 75 24 49 59 44 102 38 68 48 118 94 66 113 93 100 59 43 24 109 65 117 87 99 105 36 57 37 34 67 75 53 63 83 46 118 74 69 70 31 57 38 52 67 72 45 56 70 44 43 60 83 67 102 73 54 83 82 98 51 51 104 46 20 119 56 118 108 50 118 51 31 69 118 22 71 82 93 47 100 41 50 98 69 51 60 43 27 40 47 56 46 103 97 100 106 
1 3
1 16
1 17
1 19
1 27
1 35
1 46
1 50
1 68
1 93
1 107
1 132
1 147
1 180
1 184
2 1
2 22
2 24
2 64
2 78
2 79
2 87
2 93
2 109
2 126
2 147
2 180
2 181
3 33
3 39
3 60
3 69
3 78
3 93
3 102
3 149
3 159
3 171
3 187
3 192
4 17
4 19
4 34
4 44
4 51
4 54
4 58
4 63
4 67
4 69
4 86
4 89
4 97
4 145
4 149
4 165
4 179
4 195
5 17
5 31
5 59
5 66
5 76
5 88
5 98
5 111
5 123
5 126
5 127
5 137
5 145
5 168
5 173
6 2
6 22
6 42
6 50
6 52
6 56
6 63
6 72
6 87
6 94
6 100
6 128
6 136
6 145
6 163
6 180
6 197
7 14
7 15
7 21
7 34
7 49
7 75
7 97
7 113
7 120
7 150
7 158
7 186
8 29
8 36
8 48
8 51
8 59
8 80
8 90
8 100
8 104
8 142
8 150
8 160
8 168
8 192
9 14
9 36
9 54
9 55
9 64
9 73
9 102
9 120
9 126
9 137
9 152
9 158
9 165
9 178
9 192
10 2
10 15
10 17
10 48
10 59
10 61
10 62
10 80
10 114
10 125
10 126
10 153
10 163
10 168
10 170
11 2
11 7
11 22
11 23
11 61
11 67
11 104
11 114
11 116
11 121
11 150
11 154
11 160
11 168
11 170
11 174
11 178
12 17
12 26
12 27
12 28
12 30
12 35
12 43
12 89
12 96
12 101
12 106
12 193
12 199
13 3
13 30
13 38
13 75
13 83
13 111
13 114
13 131
13 148
13 172
13 178
13 192
13 195
14 58
14 83
14 97
14 119
14 135
14 170
15 11
15 17
15 18
15 19
15 53
15 71
15 115
15 159
15 170
15 172
15 177
15 183
15 189
16 42
16 45
16 58
16 61
16 79
16 82
16 83
16 84
16 87
16 89
16 91
16 96
16 121
16 130
16 163
17 20
17 30
17 36
17 39
17 43
17 59
17 83
17 85
17 97
17 131
17 147
18 8
18 12
18 20
18 23
18 33
18 46
18 87
18 111
18 167
18 176
18 180
18 184
19 9
19 14
19 26
19 28
19 94
19 96
19 114
19 127
19 131
19 140
19 151
19 160
19 167
20 7
20 26
20 37
20 43
20 47
20 56
20 74
20 79
20 91
20 96
20 102
20 104
20 105
20 111
20 141
20 166
20 179
20 181
20 183
20 194
21 5
21 6
21 8
21 11
21 19
21 33
21 34
21 42
21 43
21 54
21 90
21 93
21 99
21 139
21 154
21 166
21 171
21 174
21 183
21 195
22 15
22 16
22 18
22 23
22 26
22 29
22 33
22 34
22 38
22 48
22 51
22 62
22 84
22 85
22 86
22 87
22 105
22 107
22 124
22 127
22 155
22 183
22 188
23 44
23 49
23 65
23 79
23 83
23 96
23 115
23 121
23 161
23 175
23 184
23 187
23 193
23 198
24 16
24 26
24 51
24 60
24 65
24 70
24 75
24 88
24 90
24 99
24 100
24 116
24 121
24 123
24 135
24 147
24 153
24 186
25 5
25 7
25 28
25 59
25 61
25 66
25 86
25 123
25 128
25 141
25 145
25 151
25 164
25 172
25 177
25 178
25 181
25 197
26 18
26 47
26 51
26 57
26 63
26 64
26 67
26 75
26 84
26 88
26 103
26 104
26 137
26 141
26 142
26 169
26 175
26 178
26 179
26 184
26 195
26 196
27 8
27 18
27 30
27 37
27 45
27 80
27 89
27 98
27 151
27 159
27 160
27 165
27 175
27 186
27 188
27 191
27 197
28 38
28 47
28 57
28 70
28 73
28 100
28 101
28 157
28 176
28 194
29 17
29 19
29 33
29 35
29 45
29 53
29 54
29 69
29 87
29 101
29 105
29 125
29 131
29 132
29 144
29 160
29 166
29 189
30 34
30 43
30 77
30 90
30 91
30 93
30 102
30 104
30 109
30 112
30 116
30 119
30 140
30 160
30 188
30 199
31 9
31 21
31 34
31 40
31 44
31 83
31 102
31 120
31 136
31 170
31 172
31 183
31 186
31 198
31 199
32 5
32 26
32 36
32 46
32 50
32 51
32 65
32 78
32 79
32 96
32 98
32 109
32 116
32 125
32 180
32 194
32 195
32 200
33 15
33 63
33 67
33 71
33 76
33 84
33 89
33 102
33 125
33 134
33 147
33 157
33 159
33 166
33 174
33 192
33 200
34 14
34 25
34 48
34 57
34 59
34 60
34 64
34 70
34 72
34 91
34 93
34 100
34 103
34 106
34 119
34 120
34 145
34 161
34 172
34 195
35 24
35 34
35 42
35 52
35 102
35 116
35 159
35 161
35 175
35 178
35 181
35 183
35 198
36 1
36 4
36 54
36 58
36 101
36 103
36 111
36 131
36 132
36 142
36 145
36 149
36 159
36 163
36 167
36 171
36 174
36 178
36 185
37 69
37 85
37 103
37 110
37 133
37 140
37 143
37 151
37 162
37 172
37 174
37 188
38 1
38 7
38 10
38 53
38 69
38 77
38 184
38 188
38 191
38 195
38 199
39 21
39 24
39 34
39 41
39 60
39 72
39 89
39 90
39 94
39 97
39 109
39 121
39 137
39 153
39 181
40 5
40 6
40 32
40 39
40 42
40 44
40 54
40 84
40 91
40 102
40 145
40 162
40 167
40 200
41 4
41 23
41 30
41 47
41 55
41 60
41 62
41 73
41 78
41 87
41 91
41 97
41 111
41 127
41 191
41 192
41 199
42 2
42 12
42 15
42 31
42 36
42 41
42 74
42 80
42 89
42 92
42 118
42 127
42 133
42 135
42 147
42 150
42 161
42 166
42 191
42 193
43 3
43 44
43 45
43 77
43 87
43 118
43 130
43 151
43 154
43 158
43 163
43 174
43 177
43 185
43 199
44 19
44 21
44 32
44 59
44 78
44 110
44 135
44 140
44 145
44 151
44 153
44 179
44 190
44 196
44 199
45 5
45 19
45 38
45 47
45 54
45 73
45 84
45 90
45 122
45 124
45 145
45 187
45 192
45 195
45 198
46 5
46 31
46 34
46 83
46 101
46 111
46 113
46 124
46 128
46 142
46 144
46 168
46 176
46 186
46 193
47 13
47 14
47 19
47 51
47 52
47 67
47 88
47 97
47 103
47 108
47 148
47 150
47 168
47 171
47 191
47 193
47 195
48 28
48 58
48 62
48 76
48 79
48 107
48 119
48 144
48 157
48 196
49 14
49 26
49 36
49 37
49 44
49 48
49 53
49 73
49 101
49 116
49 118
49 123
49 127
49 141
49 187
49 189
50 12
50 20
50 27
50 30
50 31
50 44
50 55
50 76
50 82
50 83
50 88
50 93
50 102
50 122
50 131
50 142
50 161
50 168
50 189
51 2
51 3
51 20
51 21
51 49
51 52
51 58
51 65
51 67
51 80
51 86
51 93
51 102
51 110
51 120
51 127
51 130
51 139
51 140
51 165
51 179
51 181
52 16
52 37
52 59
52 68
52 84
52 91
52 94
52 95
52 101
52 127
52 144
52 162
52 168
52 174
52 195
53 24
53 27
53 62
53 63
53 106
53 112
53 117
53 119
53 144
53 152
53 161
53 172
54 12
54 46
54 58
54 60
54 64
54 66
54 69
54 70
54 89
54 90
54 97
54 112
54 125
54 131
54 140
54 155
54 158
54 164
54 166
54 167
54 169
54 172
54 190
54 198
55 15
55 34
55 36
55 56
55 65
55 96
55 122
55 132
55 154
55 164
55 168
55 182
55 184
56 11
56 14
56 58
56 62
56 84
56 103
56 138
56 143
56 162
57 27
57 58
57 60
57 70
57 72
57 75
57 92
57 122
57 133
57 163
58 6
58 23
58 31
58 61
58 63
58 72
58 86
58 103
58 114
58 148
58 168
58 180
59 11
59 16
59 39
59 46
59 55
59 63
59 105
59 108
59 110
59 152
59 177
60 30
60 48
60 56
60 58
60 61
60 77
60 116
60 121
60 133
60 156
60 157
60 171
60 177
60 196
61 15
61 28
61 30
61 41
61 66
61 79
61 96
61 101
61 106
61 139
61 148
61 154
61 166
61 186
62 25
62 28
62 31
62 42
62 46
62 60
62 68
62 140
62 150
62 154
62 157
62 165
62 180
62 185
62 190
63 8
63 11
63 16
63 21
63 25
63 54
63 68
63 72
63 94
63 97
63 98
63 100
63 109
63 133
63 134
63 136
63 149
63 162
63 169
63 177
63 179
63 199
64 15
64 67
64 87
64 100
64 103
64 105
64 141
64 162
64 174
64 181
65 13
65 15
65 20
65 41
65 47
65 54
65 58
65 77
65 106
65 148
65 150
65 179
65 180
66 9
66 11
66 13
66 20
66 32
66 39
66 45
66 51
66 62
66 76
66 77
66 86
66 94
66 96
66 106
66 130
66 137
66 144
66 147
66 161
66 182
66 186
66 190
67 1
67 6
67 7
67 16
67 50
67 59
67 71
67 92
67 96
67 102
67 103
67 146
67 168
67 181
67 184
68 11
68 15
68 81
68 97
68 127
68 135
68 137
68 173
68 178
68 183
69 23
69 34
69 35
69 46
69 51
69 65
69 83
69 89
69 130
69 135
69 140
69 143
69 155
70 21
70 39
70 51
70 68
70 77
70 88
70 98
70 128
70 190
70 193
70 196
71 12
71 25
71 34
71 38
71 48
71 56
71 87
71 107
71 125
71 128
71 177
71 179
71 180
72 4
72 15
72 23
72 69
72 83
72 89
72 112
72 114
72 122
72 153
72 154
72 162
72 167
72 170
72 178
72 180
72 182
72 193
73 24
73 31
73 51
73 53
73 65
73 71
73 89
73 91
73 92
73 93
73 100
73 128
73 140
73 143
73 149
73 164
73 174
74 2
74 23
74 29
74 48
74 55
74 78
74 97
74 108
74 140
74 160
74 175
74 177
75 20
75 64
75 94
75 104
75 167
75 169
75 187
75 199
76 6
76 10
76 13
76 28
76 43
76 53
76 54
76 55
76 83
76 97
76 103
76 122
76 123
76 130
76 133
76 153
76 177
76 181
76 195
77 9
77 20
77 21
77 22
77 45
77 48
77 78
77 91
77 106
77 115
77 128
77 130
77 158
77 178
77 190
78 16
78 65
78 67
78 68
78 73
78 75
78 86
78 100
78 118
78 121
78 136
78 149
78 161
78 162
78 170
78 175
78 176
78 177
78 185
79 3
79 4
79 27
79 97
79 117
79 137
79 138
79 169
79 177
79 180
79 183
79 192
80 11
80 29
80 61
80 81
80 88
80 92
80 97
80 126
80 154
80 163
80 164
80 186
80 194
81 6
81 16
81 28
81 49
81 74
81 79
81 93
81 113
81 126
81 131
81 133
81 146
81 156
81 159
81 171
81 187
82 2
82 3
82 7
82 57
82 58
82 97
82 98
82 157
82 170
82 177
82 198
83 20
83 34
83 36
83 64
83 88
83 90
83 94
83 106
83 107
83 113
83 126
83 127
83 129
83 133
83 143
83 147
83 168
83 170
83 174
83 187
84 19
84 51
84 53
84 69
84 78
84 80
84 81
84 83
84 85
84 93
84 107
84 144
84 156
84 182
85 12
85 16
85 26
85 28
85 41
85 47
85 52
85 59
85 68
85 77
85 90
85 115
85 116
85 124
85 158
85 178
85 188
85 191
85 199
86 1
86 2
86 12
86 20
86 27
86 50
86 59
86 69
86 91
86 96
86 111
86 112
86 118
86 125
86 134
86 157
86 164
86 168
86 175
86 199
87 14
87 27
87 68
87 73
87 91
87 102
87 113
87 116
87 119
87 122
87 129
87 137
87 189
87 199
88 16
88 18
88 20
88 22
88 25
88 32
88 39
88 43
88 55
88 66
88 72
88 86
88 107
88 108
88 111
88 118
88 124
88 135
88 145
88 152
88 164
88 170
88 188
88 192
89 20
89 25
89 59
89 61
89 74
89 84
89 92
89 94
89 106
89 117
89 122
89 160
89 177
89 183
89 199
90 10
90 23
90 62
90 93
90 95
90 120
90 129
90 140
90 145
90 156
90 160
90 178
90 190
91 6
91 15
91 42
91 55
91 64
91 78
91 96
91 97
91 119
91 125
91 138
91 140
91 147
91 164
91 173
91 180
91 192
91 193
91 197
92 13
92 23
92 25
92 28
92 29
92 55
92 62
92 113
92 123
92 124
92 130
92 139
92 147
92 148
92 161
92 165
92 174
92 181
92 188
92 190
93 14
93 23
93 35
93 43
93 46
93 47
93 76
93 85
93 87
93 98
93 102
93 106
93 134
93 139
93 161
93 162
93 170
93 198
94 2
94 5
94 50
94 80
94 85
94 88
94 98
94 99
94 139
94 141
94 195
95 47
95 62
95 79
95 80
95 81
95 89
95 102
95 115
95 118
95 122
95 125
95 139
95 142
95 166
95 186
96 8
96 9
96 33
96 35
96 53
96 68
96 69
96 82
96 110
96 115
96 119
96 124
96 142
96 147
96 155
96 165
96 168
96 170
96 171
96 184
96 200
97 26
97 57
97 84
97 85
97 111
97 126
97 131
97 135
97 145
97 163
97 195
98 15
98 18
98 24
98 39
98 40
98 76
98 86
98 95
98 123
98 129
98 148
98 166
98 180
98 183
98 189
98 200
99 22
99 25
99 38
99 59
99 61
99 77
99 122
99 128
99 134
99 138
99 161
100 7
100 13
100 59
100 60
100 83
100 86
100 92
100 93
100 109
100 114
100 150
100 158
100 166
101 21
101 56
101 63
101 113
101 129
101 172
101 174
102 5
102 6
102 25
102 28
102 34
102 37
102 60
102 78
102 79
102 85
102 97
102 101
102 116
102 123
102 124
102 132
102 155
102 189
103 14
103 48
103 55
103 61
103 66
103 94
103 109
103 112
103 119
103 123
103 126
103 131
103 134
103 135
103 140
103 146
103 153
104 16
104 19
104 32
104 33
104 36
104 41
104 55
104 57
104 71
104 84
104 95
104 100
104 105
104 108
104 114
104 119
104 122
104 123
104 167
104 195
104 197
105 24
105 56
105 91
105 108
105 133
105 136
105 137
105 144
105 157
105 170
105 173
106 27
106 29
106 35
106 45
106 52
106 76
106 78
106 85
106 90
106 109
106 111
106 131
106 143
106 158
106 160
106 161
107 7
107 11
107 15
107 21
107 40
107 46
107 62
107 69
107 86
107 109
107 160
107 164
107 166
107 174
107 179
107 185
107 193
107 195
108 7
108 26
108 44
108 50
108 73
108 97
108 100
108 160
108 163
108 172
108 174
108 186
108 188
109 6
109 10
109 34
109 96
109 138
109 139
109 149
110 15
110 18
110 25
110 54
110 55
110 58
110 86
110 95
110 111
110 120
110 126
110 135
110 137
110 140
110 141
110 199
111 2
111 8
111 24
111 26
111 27
111 33
111 37
111 49
111 50
111 81
111 105
111 140
111 157
111 167
111 171
111 184
112 11
112 28
112 33
112 43
112 47
112 50
112 59
112 68
112 95
112 96
112 127
112 177
112 196
113 1
113 5
113 21
113 24
113 27
113 29
113 71
113 75
113 106
113 116
113 132
113 138
113 151
113 152
113 155
113 160
113 161
113 171
113 174
113 186
113 192
113 193
113 198
114 9
114 31
114 38
114 48
114 59
114 76
114 99
114 101
114 126
114 151
114 152
114 157
114 162
114 165
114 181
114 182
114 196
114 197
115 1
115 2
115 42
115 47
115 48
115 56
115 64
115 81
115 94
115 97
115 130
115 167
116 8
116 10
116 14
116 20
116 34
116 36
116 50
116 52
116 65
116 68
116 70
116 82
116 103
116 119
116 138
116 144
116 146
117 13
117 42
117 120
117 124
117 129
117 131
117 135
117 147
117 160
117 168
117 181
117 185
117 186
117 199
118 6
118 8
118 25
118 27
118 30
118 32
118 34
118 35
118 51
118 65
118 66
118 69
118 81
118 99
118 101
118 120
118 134
118 140
118 153
118 161
118 174
118 179
119 16
119 23
119 31
119 47
119 55
119 65
119 70
119 78
119 98
119 109
119 126
119 129
119 158
119 171
119 177
119 180
119 195
120 2
120 8
120 45
120 75
120 96
120 98
120 107
120 114
120 115
120 119
120 125
120 136
120 148
120 155
120 164
120 170
120 173
120 176
120 181
120 197
121 74
121 86
121 97
121 112
121 155
121 157
121 158
121 183
121 184
122 23
122 35
122 62
122 93
122 98
122 118
122 198
123 8
123 32
123 36
123 51
123 62
123 64
123 83
123 106
123 147
123 164
123 177
123 191
124 1
124 5
124 13
124 28
124 41
124 57
124 78
124 81
124 84
124 115
124 125
124 148
124 154
124 155
124 158
124 182
124 189
124 192
124 198
125 14
125 24
125 25
125 42
125 50
125 70
125 83
125 113
125 117
125 122
125 130
125 135
125 148
125 161
125 162
125 169
125 174
125 199
125 200
126 1
126 11
126 26
126 27
126 42
126 65
126 78
126 82
126 108
126 122
126 158
127 59
127 60
127 66
127 103
127 106
127 118
127 146
127 157
127 161
127 167
127 168
127 180
127 184
127 190
128 4
128 21
128 42
128 55
128 80
128 86
128 88
128 98
128 121
128 147
128 153
128 186
128 194
128 195
128 198
129 5
129 7
129 13
129 14
129 48
129 54
129 66
129 77
129 114
129 126
129 188
130 15
130 28
130 55
130 56
130 70
130 72
130 78
130 99
130 100
130 120
130 136
130 160
131 10
131 20
131 39
131 71
131 115
131 120
131 125
131 152
131 156
131 159
131 161
131 162
131 200
132 14
132 25
132 37
132 64
132 88
132 97
132 115
132 141
132 154
132 156
132 194
132 196
133 5
133 8
133 20
133 66
133 71
133 78
133 79
133 103
133 104
133 107
133 113
133 123
133 134
133 145
133 181
133 193
133 196
134 21
134 27
134 30
134 37
134 61
134 64
134 65
134 82
134 91
134 96
134 101
134 104
134 138
134 141
134 160
134 170
134 176
134 184
134 189
134 200
135 1
135 8
135 32
135 33
135 34
135 43
135 114
135 122
135 145
135 157
135 159
135 179
135 185
135 188
136 8
136 21
136 29
136 32
136 39
136 44
136 54
136 58
136 82
136 84
136 110
136 132
136 141
136 150
136 155
136 197
137 2
137 7
137 16
137 45
137 63
137 75
137 85
137 88
137 90
137 92
137 108
137 127
137 133
137 149
137 155
137 177
137 189
138 8
138 52
138 63
138 66
138 84
138 107
138 119
138 126
138 153
138 157
138 169
138 173
138 185
138 190
139 9
139 26
139 29
139 35
139 36
139 53
139 54
139 64
139 73
139 79
139 123
139 126
139 144
139 153
139 157
139 158
139 165
139 169
139 178
139 180
140 39
140 49
140 52
140 65
140 68
140 83
140 94
140 101
140 112
140 119
140 124
140 130
140 134
140 145
140 148
140 176
140 184
140 198
141 12
141 28
141 44
141 55
141 71
141 81
141 83
141 87
141 96
141 97
141 111
141 124
141 142
141 143
141 152
141 159
141 168
141 170
142 20
142 59
142 64
142 70
142 83
142 98
142 102
142 103
142 104
142 122
142 146
142 149
142 167
142 179
142 192
143 5
143 11
143 53
143 55
143 58
143 61
143 66
143 92
143 97
143 104
143 105
143 107
143 120
143 127
143 150
143 159
143 173
143 192
144 1
144 25
144 40
144 68
144 81
144 108
144 122
144 132
144 136
144 138
144 161
144 167
144 181
144 199
145 12
145 20
145 29
145 60
145 71
145 84
145 86
145 102
145 110
145 136
145 169
145 180
146 6
146 17
146 21
146 46
146 53
146 62
146 68
146 74
146 77
146 82
146 95
146 104
146 106
146 114
146 115
146 120
146 122
146 126
146 139
146 156
146 174
147 48
147 63
147 69
147 89
147 95
147 104
147 120
147 122
147 146
147 148
147 173
147 186
148 3
148 51
148 53
148 72
148 89
148 112
148 114
148 175
148 183
148 194
148 195
148 200
149 26
149 46
149 47
149 51
149 65
149 77
149 82
149 131
149 158
149 168
149 195
150 1
150 2
150 20
150 39
150 48
150 67
150 80
150 128
150 152
150 155
150 164
150 194
151 8
151 23
151 46
151 56
151 63
151 65
151 83
151 85
151 87
151 102
151 110
151 129
151 135
151 147
151 150
151 179
152 23
152 25
152 49
152 58
152 65
152 68
152 71
152 82
152 86
152 116
152 134
152 182
152 187
152 196
153 21
153 28
153 34
153 67
153 96
153 124
153 187
153 196
154 1
154 54
154 56
154 66
154 76
154 82
154 83
154 99
154 123
154 134
154 135
154 147
154 151
154 171
155 2
155 20
155 50
155 51
155 58
155 61
155 62
155 110
155 118
155 131
155 159
155 160
155 167
156 4
156 14
156 23
156 29
156 30
156 35
156 48
156 49
156 53
156 73
156 75
156 78
156 92
156 97
156 134
156 143
156 150
156 159
156 165
156 166
156 198
157 15
157 51
157 61
157 64
157 74
157 107
157 118
157 125
158 3
158 10
158 25
158 27
158 34
158 39
158 41
158 48
158 65
158 66
158 70
158 72
158 76
158 79
158 80
158 87
158 96
158 103
158 109
158 114
158 155
158 163
158 173
158 174
159 5
159 46
159 52
159 58
159 62
159 69
159 80
159 112
159 117
159 136
159 161
159 162
159 175
159 182
160 1
160 25
160 37
160 44
160 54
160 88
160 123
160 148
160 195
161 2
161 3
161 28
161 38
161 133
161 149
161 181
161 189
161 190
162 23
162 49
162 75
162 79
162 124
162 126
162 128
162 150
162 183
163 30
163 35
163 42
163 45
163 59
163 74
163 90
163 112
163 124
163 145
163 148
163 162
163 190
163 191
163 196
164 8
164 46
164 47
164 74
164 98
164 99
164 121
164 132
164 140
164 172
164 180
164 187
164 194
165 13
165 23
165 28
165 31
165 34
165 37
165 41
165 48
165 89
165 128
165 158
165 163
165 174
165 192
166 5
166 31
166 72
166 89
166 94
166 104
166 109
166 112
166 120
166 128
166 133
166 159
166 163
166 194
166 199
167 6
167 33
167 43
167 47
167 55
167 95
167 100
167 102
167 139
167 151
167 162
167 191
167 196
167 200
168 12
168 38
168 48
168 66
168 102
168 118
168 128
168 129
168 142
168 150
168 157
168 170
168 173
168 176
168 178
168 190
169 28
169 36
169 70
169 83
169 84
169 95
169 99
169 110
169 112
169 119
169 129
169 136
169 140
169 157
169 176
169 183
169 197
170 1
170 5
170 6
170 8
170 20
170 23
170 41
170 57
170 63
170 64
170 94
170 99
170 125
170 143
170 161
170 164
170 175
170 192
170 198
171 11
171 14
171 19
171 24
171 26
171 41
171 53
171 67
171 78
171 90
171 91
171 99
171 114
171 115
171 128
171 143
171 146
171 152
172 26
172 63
172 83
172 118
172 120
172 123
172 139
172 176
172 181
173 63
173 96
173 101
173 122
173 139
173 162
173 174
173 188
174 2
174 18
174 34
174 40
174 60
174 110
174 156
174 169
174 171
174 183
175 17
175 20
175 31
175 43
175 45
175 56
175 79
175 83
175 91
175 109
175 122
175 158
175 172
175 179
175 181
176 17
176 29
176 41
176 44
176 56
176 71
176 73
176 95
176 109
176 110
176 111
176 130
176 131
176 138
176 139
176 152
176 159
176 181
176 196
177 16
177 23
177 32
177 39
177 66
177 67
177 77
177 85
177 98
177 111
177 115
177 122
177 135
177 136
178 18
178 39
178 41
178 50
178 63
178 73
178 93
178 99
178 109
178 117
178 119
178 152
178 179
178 185
179 21
179 29
179 31
179 32
179 39
179 46
179 53
179 83
179 89
179 90
179 97
179 116
179 130
179 138
179 146
179 163
180 26
180 31
180 42
180 54
180 59
180 68
180 105
180 117
180 120
180 136
180 138
180 154
180 156
180 158
180 183
180 185
180 187
181 7
181 19
181 42
181 83
181 89
181 90
181 96
181 110
181 112
181 127
181 130
181 149
181 152
181 165
181 171
181 189
181 191
182 4
182 21
182 24
182 29
182 34
182 37
182 39
182 43
182 65
182 81
182 86
182 89
182 91
182 95
182 102
182 139
182 160
182 163
182 187
182 188
182 192
183 25
183 39
183 58
183 64
183 75
183 100
183 114
183 124
183 156
183 168
183 182
183 195
184 9
184 39
184 40
184 41
184 42
184 49
184 70
184 88
184 91
184 108
184 110
184 125
184 130
184 135
184 174
184 179
184 181
185 7
185 9
185 14
185 19
185 20
185 29
185 39
185 47
185 51
185 52
185 69
185 85
185 88
185 98
185 139
185 166
186 4
186 13
186 16
186 35
186 39
186 48
186 74
186 94
186 98
186 110
186 115
186 120
186 160
186 172
186 180
186 184
186 188
187 4
187 12
187 60
187 84
187 96
187 114
187 115
187 116
187 142
187 157
187 171
187 184
188 10
188 16
188 17
188 74
188 96
188 97
188 98
188 102
188 125
188 134
188 140
188 156
188 172
189 14
189 17
189 20
189 31
189 42
189 45
189 47
189 58
189 59
189 70
189 79
189 80
189 104
189 118
189 129
189 151
189 160
189 176
189 184
190 23
190 30
190 33
190 34
190 51
190 53
190 63
190 73
190 83
190 84
190 87
190 112
190 114
190 140
190 152
190 176
190 198
191 48
191 84
191 92
191 94
191 105
191 107
191 113
191 118
191 119
191 125
191 126
191 139
191 140
191 188
191 189
192 6
192 7
192 22
192 25
192 36
192 38
192 53
192 59
192 60
192 63
192 66
192 70
192 80
192 107
192 116
192 121
192 130
192 131
192 157
192 162
192 180
192 181
192 189
193 1
193 3
193 43
193 48
193 93
193 103
193 122
193 126
193 142
194 2
194 10
194 11
194 12
194 21
194 25
194 30
194 50
194 92
194 94
194 106
194 117
194 144
194 159
194 197
194 198
195 31
195 33
195 50
195 63
195 73
195 92
195 99
195 127
195 164
195 178
195 194
196 39
196 64
196 78
196 102
196 107
196 113
196 119
196 122
196 129
196 130
196 159
196 180
197 8
197 40
197 41
197 48
197 70
197 95
197 96
197 105
197 108
197 134
197 143
197 146
197 147
197 157
197 158
197 173
197 183
197 189
197 196
198 36
198 71
198 76
198 103
198 114
198 116
198 118
198 136
198 151
198 155
198 178
198 188
198 192
199 2
199 15
199 45
199 49
199 56
199 70
199 95
199 119
199 131
199 132
199 145
199 183
200 1
200 6
200 7
200 16
200 19
200 91
200 105
200 108
200 114
200 154
200 158
200 169
200 174

