200 1000
26 115 64 88 91 22 42 33 23 32 73 51 85 72 114 76 116 32 57 119 67 71 33 108 53 23 117 113 108 29 34 63 53 38 96 44 79 44 120 92 111 113 69 25 20 87 117 69 111 88 27 81 97 89 38 48 87 47 95 65 35 69 72 108 46 49 99 99 21 25 88 47 79 23 118 89 36 103 29 21 97 65 64 37 107 63 99 74 54 100 88 114 96 91 79 31 112 82 107 113 114 71 90 30 87 44 114 110 27 114 33 68 46 58 25 29 44 40 39 66 55 117 96 48 26 72 24 56 38 91 106 53 62 60 66 21 110 84 25 33 37 91 84 69 45 55 40 111 22 39 44 90 20 57 111 53 114 81 119 22 45 75 30 102 70 67 66 86 30 21 36 26 99 26 62 103 77 101 29 117 54 111 20 74 84 116 40 44 24 84 97 95 52 59 49 46 66 22 82 103 
1 8
1 91
1 120
2 39
2 46
2 51
2 101
2 102
2 145
2 162
3 128
3 139
3 158
3 170
3 188
3 197
4 83
4 101
4 163
5 1
5 143
5 154
6 57
6 157
7 19
7 86
7 111
7 171
8 6
8 61
8 129
8 130
9 55
9 56
9 77
9 83
9 86
9 101
9 154
9 182
9 194
9 199
10 5
10 70
10 91
10 176
11 9
11 16
11 30
11 74
11 75
11 107
11 108
11 110
11 119
11 150
12 33
12 40
13 25
13 27
13 58
13 65
13 71
13 78
13 166
14 1
14 3
14 103
14 125
14 158
14 177
14 197
15 35
15 132
15 144
15 165
15 176
15 179
15 193
16 30
16 78
16 80
16 104
16 126
16 139
16 190
17 112
17 152
18 9
18 13
18 25
18 103
18 161
18 198
19 86
19 154
19 160
20 69
20 154
20 171
21 17
21 70
21 153
21 154
21 179
21 180
22 60
22 83
22 127
22 138
22 154
23 47
23 50
23 122
24 60
24 123
24 138
24 183
25 34
25 96
25 140
25 164
27 44
27 48
27 102
27 107
27 134
27 186
28 3
28 63
28 69
28 86
28 132
28 148
28 189
29 22
29 150
29 162
30 89
30 107
30 133
30 160
30 181
31 18
31 63
31 87
31 116
31 167
32 14
32 19
32 25
32 122
32 141
32 172
32 184
32 191
33 198
34 22
34 27
34 57
34 94
34 162
34 172
35 1
35 24
35 44
35 88
35 100
35 170
36 19
36 168
37 3
37 21
37 32
37 69
37 100
37 129
38 51
38 60
38 87
38 88
38 117
39 63
39 94
39 128
39 179
39 182
41 77
41 106
41 118
41 136
41 177
42 52
42 148
43 73
43 150
43 178
43 183
44 74
44 97
44 146
44 175
44 188
45 130
46 84
46 124
46 189
46 197
47 5
47 12
47 77
47 96
48 31
48 99
49 44
50 58
50 62
50 75
50 87
50 116
50 149
50 151
50 153
50 166
50 171
50 190
50 191
50 192
51 25
51 59
51 93
51 109
51 138
51 159
52 91
52 99
52 170
52 176
53 142
54 9
54 26
54 141
54 188
55 40
55 57
55 156
56 176
57 30
57 43
57 46
57 74
57 78
57 85
57 116
57 125
58 26
58 136
58 170
58 191
59 71
59 78
59 80
59 117
59 149
59 156
59 167
59 200
60 16
60 43
60 102
60 190
61 92
61 119
61 139
61 162
62 12
62 48
62 67
62 87
62 122
62 128
62 156
62 160
63 22
63 41
63 70
63 127
63 129
63 184
64 125
64 138
64 139
64 170
65 7
65 10
65 18
65 99
65 105
65 143
65 185
65 198
65 200
66 60
66 92
66 101
66 148
66 168
66 192
67 94
68 37
68 49
68 50
68 70
68 117
68 151
68 196
69 24
69 36
69 145
70 164
71 22
71 85
71 116
71 117
71 134
71 135
71 166
71 187
71 198
72 10
72 11
72 13
72 38
72 67
72 96
72 119
72 122
72 148
72 153
72 161
72 162
72 194
72 196
73 55
73 87
73 120
73 153
74 112
74 170
75 15
75 39
75 41
75 51
75 113
75 139
75 189
75 192
76 11
76 46
76 57
76 100
76 153
76 154
76 159
77 4
77 5
77 32
77 127
78 49
78 66
78 101
78 117
78 133
78 144
78 166
79 1
79 43
79 61
79 98
79 119
79 134
79 151
79 182
79 184
80 9
80 60
80 66
80 77
80 174
81 4
81 9
81 36
81 74
81 105
81 182
82 93
82 115
82 150
83 25
83 27
83 52
83 59
83 81
83 176
83 178
84 8
84 38
84 115
84 146
85 9
85 11
85 27
85 39
85 51
85 58
85 88
85 104
85 116
85 194
86 14
86 44
86 52
86 119
86 141
86 162
86 164
87 56
87 93
87 113
87 125
88 16
88 40
88 45
88 51
88 86
88 106
88 166
89 132
89 138
89 175
90 81
90 125
90 130
91 50
91 133
91 176
92 182
93 25
93 34
93 103
93 122
93 183
93 194
93 196
94 2
94 13
94 24
94 51
94 107
94 136
94 162
94 168
94 176
95 42
95 104
96 29
96 193
97 5
97 42
97 75
97 145
97 172
97 183
97 199
98 14
98 41
98 83
98 157
98 168
99 115
99 117
99 157
99 187
100 21
100 50
100 123
100 150
100 156
100 163
101 36
101 85
101 114
101 133
101 135
101 153
101 163
101 172
101 194
102 10
102 88
102 114
103 7
103 46
103 57
103 100
103 144
103 185
104 52
104 94
104 103
104 123
105 7
105 46
105 101
105 112
105 167
105 172
106 59
106 96
106 119
106 143
106 153
107 22
107 51
107 59
107 60
107 66
107 89
108 6
108 12
108 49
108 56
108 63
108 170
109 4
109 7
109 122
109 155
109 156
109 185
109 191
110 19
110 42
110 87
110 150
110 151
110 198
111 14
111 22
111 32
111 56
111 59
111 107
112 64
112 77
112 145
113 105
113 176
114 11
114 108
114 136
114 168
115 67
115 70
115 103
115 150
116 70
116 83
116 84
116 105
116 132
116 149
116 157
116 178
117 25
117 69
117 109
117 110
117 114
117 143
117 144
117 181
118 7
118 38
118 104
118 126
118 153
119 1
119 19
119 56
119 74
119 100
119 107
119 180
119 196
120 81
120 84
121 26
121 90
121 102
121 114
121 148
122 10
122 11
122 33
122 75
122 97
122 112
122 113
122 114
122 141
122 164
123 13
123 14
123 42
123 139
124 2
124 80
124 111
124 112
124 118
124 186
124 189
125 36
125 84
125 105
125 109
125 124
125 152
125 160
126 11
126 60
126 82
127 30
127 31
127 110
128 57
128 83
128 118
128 130
128 200
129 43
129 61
129 68
129 88
129 111
129 169
129 174
130 9
130 24
130 25
130 37
130 75
130 103
131 28
131 140
132 3
132 67
132 68
132 123
132 167
132 187
133 113
133 118
133 140
133 194
134 33
134 114
134 119
134 173
134 191
135 33
135 84
135 85
135 111
135 137
135 149
135 180
136 4
136 104
136 115
136 167
137 108
137 127
137 145
137 159
138 34
138 43
138 46
138 92
138 123
138 147
139 5
139 27
139 82
139 132
139 140
139 159
139 190
140 193
141 9
141 15
141 49
141 84
141 157
141 180
141 192
142 9
142 24
142 48
142 84
142 157
142 180
143 1
143 33
143 50
144 33
144 110
144 122
144 176
145 88
145 98
145 116
145 149
145 157
145 169
146 34
146 59
146 126
146 144
146 162
146 173
147 25
147 115
147 124
147 188
148 36
148 39
148 47
149 7
149 9
149 24
149 32
149 46
149 104
149 167
150 45
150 77
150 85
150 182
151 27
151 170
152 73
152 79
152 108
152 191
153 61
153 110
153 125
153 176
154 45
154 78
154 111
155 115
155 182
156 10
156 37
156 71
156 72
157 101
157 102
157 136
157 168
157 184
158 51
159 53
159 55
159 88
159 106
159 108
159 136
159 166
159 198
160 57
160 71
160 128
160 161
160 176
161 60
161 87
161 120
161 177
162 150
163 9
163 17
163 20
163 143
163 183
163 192
164 7
164 8
164 54
164 61
164 135
165 76
165 88
165 107
165 113
165 153
165 200
166 3
166 32
166 63
166 99
166 111
166 142
166 151
166 156
166 164
167 18
167 111
167 112
168 18
168 57
168 99
168 111
168 127
168 130
168 180
169 12
169 19
169 20
169 93
169 96
169 141
170 16
170 22
170 39
170 135
170 140
170 200
171 53
171 66
171 71
171 74
171 133
171 146
171 172
171 191
171 196
171 199
172 10
172 83
172 114
172 119
172 143
172 159
172 163
172 174
172 181
172 189
173 119
173 144
173 156
174 23
174 41
174 57
174 94
174 128
174 200
175 16
175 33
175 96
175 114
175 123
176 11
176 17
176 23
176 76
176 93
176 119
176 161
177 1
177 40
177 49
177 128
178 5
178 49
178 79
178 85
178 115
178 198
179 3
179 99
180 44
180 47
180 155
181 8
181 200
182 11
182 13
182 43
182 53
182 87
182 140
183 6
183 27
183 56
183 78
183 89
183 187
183 197
184 1
184 20
184 52
184 53
184 67
184 71
184 76
184 141
185 41
185 63
185 82
185 83
185 120
185 121
185 143
185 153
186 45
186 47
186 66
186 144
187 4
187 63
187 182
188 50
188 107
189 19
189 27
189 45
189 52
189 73
189 134
189 168
189 177
189 198
190 18
190 85
190 124
190 155
190 157
190 186
191 59
192 20
192 37
192 45
192 121
192 182
193 46
193 55
193 63
193 69
193 73
193 82
193 85
193 101
193 114
194 3
194 57
194 128
194 153
195 22
195 37
195 62
195 68
195 124
195 149
196 36
196 46
196 75
196 76
197 32
197 37
197 101
197 106
197 134
197 175
197 195
198 22
198 55
198 87
198 118
198 177
199 137
199 149
199 154
199 186
200 55
200 122
200 179

