300 2000
82 22 38 48 101 89 78 85 120 88 72 82 34 84 71 102 54 108 74 116 34 78 71 46 55 110 56 42 36 58 48 94 65 76 32 22 25 118 101 24 71 44 92 107 63 93 22 98 44 112 104 32 43 38 110 91 77 23 48 41 39 31 120 34 28 85 50 116 21 75 69 30 63 62 120 32 26 85 82 38 117 66 88 119 70 120 41 96 69 95 56 48 39 100 99 84 90 27 79 92 119 55 51 58 112 114 50 96 117 95 113 106 41 52 89 37 39 21 89 46 31 83 56 89 70 75 78 108 75 53 107 65 67 42 42 88 94 74 63 31 23 58 58 48 73 32 52 28 20 35 33 39 78 96 45 83 70 40 66 93 114 84 71 29 54 51 82 99 58 88 77 31 112 79 74 53 44 46 101 38 103 57 39 90 78 83 54 44 50 66 103 97 42 110 83 82 97 22 41 56 50 115 94 59 99 65 21 109 106 79 64 75 61 120 79 55 42 84 114 105 23 40 95 71 79 43 74 27 116 112 86 68 118 108 40 35 89 105 88 61 81 75 59 114 80 43 78 65 115 30 71 37 61 74 75 117 31 88 108 52 29 41 20 60 36 91 66 108 49 36 117 116 68 77 78 54 88 70 97 108 43 40 71 103 67 108 97 81 115 54 111 74 27 78 110 92 87 65 68 71 
1 21
1 25
1 42
1 49
1 69
1 74
1 156
1 167
1 208
1 272
2 16
2 25
2 36
2 38
2 53
2 135
2 285
3 50
3 118
3 134
3 161
3 231
4 26
4 55
4 64
4 189
4 225
4 250
4 283
5 4
5 6
5 9
5 10
5 51
5 88
5 145
5 146
5 159
5 206
5 270
5 275
6 20
6 82
6 148
6 164
6 230
7 55
7 72
7 168
8 25
8 95
8 113
8 141
8 192
8 197
8 206
8 245
8 249
8 262
9 10
9 130
9 137
9 210
9 211
9 221
10 54
10 65
10 90
10 133
10 238
10 270
10 277
11 46
11 80
11 85
11 117
12 7
12 38
12 50
12 97
12 133
12 202
13 24
13 25
13 66
13 79
13 93
13 192
13 219
13 244
14 157
14 158
14 178
14 194
14 232
14 275
15 52
15 86
15 112
15 149
15 155
15 159
15 190
15 214
15 277
15 291
16 27
16 98
16 100
16 118
17 94
17 128
17 167
17 256
18 19
18 45
18 98
18 253
18 278
19 58
19 75
19 153
19 211
19 225
19 253
19 285
20 110
20 128
20 168
20 194
21 65
21 73
21 92
21 108
21 111
21 137
22 2
22 56
22 138
22 169
22 238
22 252
22 261
22 282
23 28
23 44
23 46
23 73
23 146
23 204
24 35
24 99
24 100
24 130
24 248
24 260
24 272
24 288
25 58
25 59
25 124
25 157
25 285
25 296
26 14
26 36
26 50
26 117
27 87
27 110
27 113
27 131
27 132
27 233
27 290
27 297
28 17
28 72
28 94
28 95
28 97
28 110
28 137
28 256
28 262
29 6
29 17
29 43
29 70
29 77
29 92
29 101
29 162
29 241
29 298
30 10
30 17
30 84
30 89
30 170
30 183
30 205
30 269
31 14
31 41
31 93
31 111
31 286
32 90
32 127
32 161
32 165
32 226
32 270
33 67
33 107
33 156
33 183
34 1
34 44
34 63
34 160
34 183
34 223
35 26
35 246
35 263
36 39
36 83
36 146
36 188
36 246
36 267
37 65
37 100
37 149
37 171
37 218
37 241
38 7
38 59
38 92
38 111
38 125
38 182
38 208
38 243
39 5
39 6
39 26
39 113
39 114
39 117
39 266
39 269
40 1
40 145
40 182
40 214
40 230
40 248
40 299
41 5
41 8
41 86
41 96
41 124
41 146
41 178
41 247
41 254
41 262
41 278
41 284
41 292
42 18
42 109
42 164
42 243
42 267
43 27
43 59
43 83
43 129
43 165
43 214
43 250
43 294
44 79
44 104
44 110
44 119
44 151
44 171
44 238
45 24
45 34
45 67
45 161
45 188
45 227
45 259
45 299
46 4
46 146
46 187
46 258
47 58
47 132
47 158
47 174
47 224
48 56
48 82
48 115
48 294
49 53
49 75
49 136
49 173
49 202
49 208
49 228
50 21
50 242
50 245
51 11
51 33
51 85
51 144
51 248
51 286
51 288
52 41
52 83
52 153
52 214
52 215
52 263
53 39
53 40
53 75
53 150
53 151
53 189
53 270
54 6
54 32
54 69
54 189
54 199
54 250
54 267
54 278
55 20
55 40
55 141
55 172
55 231
55 293
56 42
56 111
56 183
56 209
56 216
57 94
57 115
57 128
57 239
58 44
58 86
58 91
58 146
58 195
58 247
58 256
58 297
59 12
59 56
59 87
59 117
59 148
59 181
59 247
59 277
60 152
60 227
61 4
61 24
61 60
61 93
61 145
61 147
61 166
61 215
61 270
61 274
62 83
62 110
62 193
62 201
62 281
62 286
62 289
63 66
63 265
64 60
64 180
64 271
65 85
65 185
65 191
65 235
65 253
65 271
66 102
66 113
66 126
67 97
67 129
67 184
67 238
67 270
68 19
68 51
68 70
68 92
68 104
68 105
68 110
68 149
68 165
68 243
68 262
68 264
68 289
69 6
69 20
69 97
69 108
69 153
70 2
70 7
70 8
70 20
70 21
70 67
70 204
70 207
71 80
71 108
71 229
71 250
72 93
72 178
72 182
72 207
72 288
73 27
73 225
74 170
74 178
74 261
74 276
74 279
74 286
74 291
74 295
75 17
75 92
75 115
75 125
75 157
75 160
75 245
75 250
76 19
76 23
76 32
76 65
76 84
76 92
76 111
76 119
76 172
76 196
76 216
77 7
77 39
77 42
77 68
77 80
77 82
77 113
77 120
77 188
77 196
77 231
77 249
77 289
78 3
78 7
78 39
78 58
78 152
78 256
79 29
79 91
79 112
79 117
79 126
79 133
79 278
80 1
80 33
80 43
80 83
80 130
80 223
80 247
80 274
81 6
81 15
81 23
81 72
81 156
81 207
82 18
82 78
82 108
82 147
82 217
82 226
82 260
82 284
82 299
83 25
83 106
83 163
83 251
83 255
83 278
83 285
84 18
84 70
84 103
84 133
84 165
84 195
84 223
84 229
84 234
85 26
85 74
85 208
85 235
85 236
85 277
86 108
86 161
87 109
87 111
87 152
87 167
87 253
87 300
88 106
88 199
88 220
88 226
88 285
89 187
89 210
89 248
89 254
89 263
90 46
90 123
90 133
91 37
91 38
91 57
91 92
91 94
91 187
91 202
91 247
91 257
91 276
92 7
92 60
92 106
92 129
92 204
92 295
93 64
93 82
93 83
93 276
94 38
94 65
94 66
94 103
94 125
94 189
94 231
94 232
94 254
94 259
94 276
95 26
95 37
95 56
95 136
95 224
95 258
95 276
95 294
96 5
96 37
96 47
96 54
96 72
96 134
96 144
96 150
96 157
96 231
96 236
96 247
96 284
97 91
97 120
97 181
97 207
97 283
98 34
98 43
98 54
98 58
98 105
98 184
98 223
98 289
98 296
99 64
99 86
99 134
99 159
99 170
99 292
100 249
100 264
101 97
101 103
101 108
101 161
101 164
101 218
101 226
102 44
102 48
102 57
102 95
102 165
102 277
103 129
103 138
103 147
103 166
103 214
103 300
104 80
104 95
104 112
104 163
104 216
104 258
105 91
105 116
105 166
105 274
105 276
106 31
106 174
107 37
107 114
107 121
107 133
107 263
107 286
108 22
108 30
108 90
108 136
108 198
108 284
108 297
109 20
109 44
109 55
109 187
109 210
109 235
109 253
110 212
110 220
110 224
110 251
110 252
111 179
111 188
111 239
111 275
112 30
112 230
112 252
112 285
112 298
113 6
113 42
113 68
113 134
113 135
113 182
113 266
113 297
114 57
114 80
114 102
114 168
114 173
114 249
114 278
114 288
114 296
115 12
115 102
115 103
115 211
115 259
115 296
116 10
116 25
116 32
116 41
116 82
116 173
116 200
116 206
116 261
117 25
117 35
117 52
117 94
117 131
117 139
117 151
118 12
118 76
118 177
118 193
118 207
119 87
119 97
119 126
119 128
119 181
119 210
119 221
119 253
120 45
120 176
120 202
120 226
120 249
121 135
121 235
121 248
121 265
122 36
122 71
122 104
122 124
122 145
122 170
122 208
122 214
123 38
123 54
123 84
123 95
123 105
123 127
123 172
123 181
123 226
124 1
124 11
124 54
124 274
125 15
125 42
125 234
125 273
125 298
126 116
126 196
126 211
126 230
126 261
126 296
127 28
127 60
127 72
127 136
127 145
127 151
127 164
127 168
127 185
127 210
128 24
128 42
128 78
128 181
128 218
128 235
128 239
128 249
128 271
128 274
128 293
129 172
129 248
129 271
130 28
130 38
130 85
130 229
131 29
131 118
131 120
131 153
131 162
131 274
131 291
131 300
132 23
132 71
132 91
132 102
132 106
132 139
132 160
132 218
133 33
133 49
133 58
133 121
133 200
133 204
133 233
133 243
133 272
134 6
134 65
134 98
134 112
135 24
135 51
135 75
135 151
135 217
135 228
135 239
135 244
135 257
135 297
136 12
136 90
136 138
136 140
136 211
136 270
136 280
136 286
137 52
137 57
137 85
137 105
137 140
137 144
137 216
137 237
137 258
137 292
137 296
138 30
138 151
138 208
138 261
139 1
139 49
139 124
139 161
139 262
140 22
140 26
140 31
140 52
140 96
140 130
140 210
140 233
140 255
140 278
141 4
141 41
141 44
141 61
141 62
141 151
141 152
141 176
141 244
141 259
142 18
142 36
142 148
142 280
142 300
143 41
143 119
143 156
143 288
144 7
144 29
144 120
144 138
144 178
144 224
144 247
145 96
145 153
145 161
145 173
145 189
145 216
145 233
145 264
145 282
145 298
146 6
146 17
146 108
146 183
146 264
147 32
147 34
147 49
147 55
147 136
147 217
147 257
147 289
147 295
148 73
148 103
148 109
148 160
148 209
148 221
148 272
148 281
149 22
149 59
149 112
149 121
149 171
149 218
149 250
149 263
149 279
150 124
150 158
150 200
151 76
151 142
151 219
151 284
152 25
152 59
152 125
152 129
152 146
152 251
152 283
153 2
153 37
153 176
153 199
153 212
153 259
153 267
154 22
154 99
154 113
154 127
154 129
154 131
154 242
154 274
154 286
155 228
156 34
156 105
156 183
156 297
157 21
157 23
157 56
157 67
157 77
157 110
157 216
157 290
158 4
158 40
158 58
158 68
158 137
158 142
158 238
158 276
159 44
159 122
159 189
159 286
160 104
160 159
160 266
160 299
161 164
161 185
161 271
162 19
162 62
162 110
162 135
162 144
162 191
162 211
162 275
162 278
162 300
163 1
163 5
163 6
163 40
163 132
163 139
163 153
163 164
163 264
163 273
163 278
164 66
164 80
164 128
164 201
164 210
164 225
164 243
164 244
164 262
164 275
165 11
165 18
165 50
165 60
165 247
165 292
165 295
166 14
166 62
166 63
166 115
166 122
166 170
166 174
166 192
166 204
166 299
167 6
167 32
167 35
167 77
167 182
167 241
167 277
167 288
167 289
167 298
168 13
168 171
168 236
168 290
169 47
169 107
169 129
169 247
169 286
170 66
170 137
170 169
170 184
170 266
170 271
171 90
171 113
171 151
171 238
171 269
171 297
172 36
172 85
172 107
172 116
172 142
172 201
172 223
172 229
172 257
172 267
173 21
174 88
174 168
174 200
174 248
174 280
175 137
175 252
176 7
176 62
176 126
176 130
176 132
177 11
177 70
177 74
177 88
177 252
178 13
178 235
178 276
179 33
179 38
179 83
179 130
179 213
179 273
179 287
180 4
180 182
180 209
180 225
180 264
180 271
181 22
181 90
181 120
181 188
181 232
181 244
181 264
181 280
182 79
182 80
182 115
182 164
182 246
182 248
182 277
183 73
183 274
183 289
184 17
184 42
184 66
184 79
184 102
184 161
184 203
184 205
184 211
184 213
184 247
184 292
185 15
185 27
185 98
185 105
186 52
186 160
186 222
186 230
186 240
186 246
186 250
187 16
187 24
187 35
187 66
187 121
187 182
187 230
187 245
187 250
187 285
188 6
188 59
188 70
188 191
188 202
188 299
189 7
189 97
189 210
189 224
189 241
189 255
189 265
190 45
190 66
190 133
190 142
190 164
190 203
190 227
191 19
191 27
191 88
191 89
191 180
191 266
192 33
192 104
192 120
192 170
192 176
192 189
193 7
193 132
194 75
194 124
194 150
194 174
194 231
194 279
194 294
195 9
195 42
195 118
195 126
195 165
195 220
195 265
195 291
196 25
196 44
196 48
196 60
196 105
196 138
196 163
196 186
196 232
196 242
197 57
197 119
197 185
197 245
197 282
198 42
198 141
198 175
198 206
198 216
198 264
198 295
199 103
199 105
199 130
199 134
199 212
199 220
199 266
200 24
200 27
200 137
200 183
200 268
200 300
201 25
201 40
201 70
201 127
201 180
201 233
201 256
202 54
202 63
202 77
202 85
202 99
202 126
202 134
202 176
202 291
203 67
203 69
203 76
203 79
203 130
203 141
203 159
203 243
203 293
204 56
204 121
204 122
204 150
204 221
204 296
205 24
205 33
205 63
205 65
205 86
205 122
205 125
205 210
205 223
206 4
206 20
206 108
206 158
206 222
206 243
206 247
206 270
207 11
207 61
207 93
207 154
207 175
208 65
208 89
208 202
208 277
208 281
208 300
209 164
209 200
209 226
209 252
210 4
210 41
210 50
210 55
210 57
210 96
210 131
210 169
210 187
210 241
210 264
211 73
211 143
211 160
211 171
211 200
211 295
212 34
212 55
212 67
212 97
212 142
212 257
213 8
213 37
213 89
213 200
213 214
213 243
213 246
213 280
214 12
214 68
214 87
214 140
214 176
214 275
215 3
215 132
215 248
216 2
216 7
216 32
216 35
216 72
216 93
216 103
216 112
216 252
217 173
217 237
217 269
217 296
218 27
218 43
218 58
218 141
218 195
218 217
218 240
218 242
218 297
219 122
219 134
219 135
219 158
219 176
219 189
219 216
219 230
219 281
220 63
220 94
220 99
220 108
220 118
220 134
220 204
220 239
220 267
220 286
221 12
221 66
221 170
221 174
221 206
221 252
221 262
221 296
222 9
222 26
222 88
222 107
222 116
222 300
223 37
223 106
223 157
223 159
223 218
223 269
223 291
224 35
224 64
224 136
224 165
224 202
224 249
225 157
225 253
226 93
226 113
226 151
226 298
227 83
227 144
228 72
228 186
228 280
229 22
229 48
229 70
229 73
229 83
229 132
229 143
229 147
229 178
230 22
230 52
230 114
230 180
230 215
230 251
230 278
231 89
231 92
231 117
231 199
231 226
231 281
231 291
232 18
232 26
232 76
232 89
232 218
232 239
232 249
233 38
233 137
233 161
233 218
233 251
233 259
233 265
234 39
234 44
234 54
234 56
234 98
234 100
234 106
234 175
234 198
234 211
235 35
235 48
235 158
235 187
235 253
236 43
236 44
236 82
236 189
236 228
237 73
237 183
237 187
237 205
237 234
237 276
237 280
238 5
238 6
238 56
238 103
238 146
238 203
238 216
238 220
238 228
238 243
238 258
238 276
238 297
239 51
239 61
239 90
239 144
239 152
239 224
240 17
240 24
240 131
240 169
240 183
240 217
240 221
240 269
240 284
241 3
241 120
241 158
241 259
242 181
243 19
243 85
243 99
243 137
243 202
244 41
244 234
245 91
245 115
245 116
245 127
245 208
245 225
245 238
245 265
246 124
246 144
246 245
246 258
247 67
247 89
247 262
247 282
247 286
248 58
248 157
248 204
249 20
249 38
249 97
249 106
249 157
249 261
250 6
250 15
250 92
250 106
250 174
250 181
250 222
250 255
250 273
250 284
251 32
251 56
251 63
251 122
251 270
251 299
252 70
252 96
252 176
252 179
252 195
252 211
253 11
253 126
253 210
254 67
254 240
255 16
255 77
255 110
255 177
255 179
255 213
255 246
255 285
255 290
256 22
256 120
256 131
256 133
256 175
256 221
256 255
257 41
257 48
257 185
257 258
258 38
258 75
258 97
258 118
258 135
258 175
258 208
258 262
259 86
259 123
259 160
259 174
259 182
259 192
259 212
259 213
259 219
260 30
260 78
260 89
260 92
260 99
260 118
260 148
260 157
260 162
260 293
261 13
261 30
261 67
261 69
261 96
261 170
261 177
261 272
261 297
262 70
262 89
262 142
263 90
263 118
263 126
263 135
263 160
263 165
263 204
263 256
263 269
264 6
264 8
264 25
264 58
264 64
264 72
264 109
264 130
264 135
264 167
264 171
264 214
264 219
264 220
264 260
265 65
265 253
266 21
266 25
266 77
266 93
266 126
266 133
266 135
266 139
266 228
266 235
267 6
267 112
267 119
267 134
267 203
267 212
267 215
267 224
267 244
267 269
268 24
268 93
268 137
268 176
268 182
268 270
268 286
269 17
269 28
269 126
269 142
269 216
269 291
270 4
270 83
270 187
270 240
270 241
270 288
270 293
271 2
271 4
271 30
271 60
271 126
271 197
272 185
272 196
272 232
272 281
273 68
273 70
273 100
273 134
273 147
273 201
273 271
273 293
274 126
274 139
274 150
274 188
274 191
275 43
275 55
275 80
275 83
275 236
275 256
275 268
275 286
276 20
276 51
276 73
276 198
276 202
276 231
276 246
276 263
276 269
276 286
277 32
277 38
277 58
277 106
277 129
277 149
277 172
277 179
277 210
277 227
277 299
278 47
278 103
278 108
278 160
278 226
278 243
279 173
279 202
279 210
279 222
279 262
280 67
280 69
280 90
280 151
280 245
280 246
280 262
280 270
281 41
281 54
281 55
281 84
281 123
281 143
281 153
281 224
281 264
282 29
282 44
282 74
282 97
282 224
283 18
283 130
283 167
283 182
283 202
283 208
283 225
284 180
284 195
284 207
284 212
284 214
284 233
284 254
285 42
285 54
285 59
285 85
285 108
285 175
285 193
285 202
285 224
285 261
286 11
286 70
286 91
286 97
286 111
286 163
286 205
286 237
286 244
286 250
287 3
287 9
287 61
287 140
287 185
287 193
287 215
287 280
288 42
288 106
288 109
288 131
288 134
288 201
288 247
288 265
288 292
288 293
289 39
289 50
289 118
289 164
289 190
289 194
289 202
289 213
289 227
290 28
290 29
290 36
290 114
290 142
290 200
290 213
290 224
290 265
290 276
290 298
291 1
291 139
291 277
291 278
291 279
292 27
292 40
292 60
292 89
292 100
292 135
292 150
292 233
292 283
293 26
293 38
293 77
293 119
293 130
293 178
294 8
294 25
294 45
294 54
294 159
294 164
294 207
294 235
294 237
294 287
294 289
295 12
295 22
295 34
295 59
295 78
295 81
295 112
295 128
295 132
296 4
296 74
296 101
296 123
296 130
296 135
296 151
296 181
296 262
296 286
297 13
297 21
297 117
297 236
297 299
298 32
298 86
298 126
298 144
298 163
298 260
298 288
299 71
299 97
299 105
299 149
299 173
299 227
300 42
300 73
300 118
300 127
300 146
300 199
300 269

