250 2000
63 89 108 22 115 97 95 60 31 41 103 85 76 110 64 102 69 88 24 102 36 101 93 49 105 77 23 117 80 89 90 75 74 77 82 74 36 61 99 57 67 51 42 118 42 40 66 102 90 65 81 109 75 39 34 116 30 35 77 95 81 114 86 33 72 52 33 76 47 44 26 115 49 47 67 35 68 64 24 61 22 51 51 32 59 93 67 34 71 102 108 78 46 97 115 64 30 56 102 66 39 79 35 120 67 63 24 28 103 96 49 77 44 54 63 43 97 53 114 28 78 93 72 67 27 117 25 82 52 54 88 73 109 53 76 27 120 71 117 100 31 33 89 75 101 112 104 48 83 70 119 36 73 76 55 21 68 84 51 99 115 20 54 52 102 21 100 27 97 94 53 95 38 89 81 96 91 78 98 58 118 113 98 57 30 78 83 97 104 72 57 61 62 120 43 71 106 81 32 69 58 83 40 31 103 107 24 31 49 110 72 57 30 108 66 70 104 75 76 28 97 27 80 90 110 86 24 33 53 46 75 21 25 52 29 102 94 91 94 117 90 91 59 73 44 109 94 84 88 81 
1 20
1 70
1 115
1 118
1 131
1 152
1 170
1 171
1 176
1 185
1 245
1 249
2 63
2 64
2 70
2 86
2 125
2 130
2 139
2 162
2 170
2 183
2 230
3 43
3 95
3 113
3 128
3 155
3 190
3 195
3 199
3 212
3 213
3 216
3 229
4 10
4 23
4 42
4 62
4 75
4 146
5 113
5 117
5 137
5 173
6 5
6 190
6 236
6 250
7 27
7 40
7 51
7 90
7 91
7 112
7 156
7 209
8 4
8 33
8 65
8 69
8 93
8 114
8 120
8 146
8 171
8 187
8 198
8 203
9 13
9 22
9 39
9 60
9 114
9 165
9 169
9 205
9 211
9 229
10 1
10 17
10 18
10 21
10 34
10 43
10 44
10 96
10 102
10 123
10 142
10 151
10 166
10 194
10 215
10 217
10 224
11 12
11 17
11 52
11 59
11 63
11 83
11 84
11 116
11 141
11 196
11 199
11 240
12 1
12 10
12 79
12 81
12 104
12 124
12 150
12 236
12 240
13 43
13 112
13 162
13 233
14 11
14 18
14 70
14 86
14 174
14 210
15 50
15 52
15 84
15 150
15 172
15 190
15 230
16 30
16 46
16 51
16 73
16 79
16 120
16 121
16 194
16 218
17 29
17 72
17 99
17 124
17 147
17 239
18 1
18 8
18 43
18 58
18 64
18 77
18 85
18 101
18 137
18 145
18 149
18 228
18 244
19 42
19 108
19 123
19 168
20 11
20 28
20 35
20 64
20 117
20 142
20 240
20 247
21 147
21 164
21 182
21 185
21 202
21 209
21 245
22 45
22 99
22 122
22 138
22 146
22 171
22 190
23 36
23 45
23 55
23 89
23 112
23 184
23 198
23 221
24 12
24 67
24 82
24 96
24 118
24 149
24 150
24 169
24 193
24 198
24 202
24 215
24 216
25 62
25 106
25 140
25 149
25 178
25 223
26 24
26 56
26 101
26 112
26 189
26 190
26 237
27 1
27 10
27 41
27 132
27 196
27 247
28 16
28 73
28 128
28 150
28 151
28 202
28 243
29 14
29 46
29 83
29 110
29 123
29 141
29 177
29 179
30 27
30 32
30 53
30 81
30 86
30 105
30 115
30 116
30 183
30 189
30 227
31 3
31 8
31 58
31 68
31 72
31 101
31 102
31 125
31 173
31 201
31 207
32 6
32 43
32 58
32 65
32 69
32 91
32 127
32 148
32 149
32 209
32 218
32 236
33 45
33 55
33 70
33 95
33 241
34 28
34 53
34 250
35 26
35 80
35 91
35 122
35 176
35 179
35 198
35 201
35 216
35 217
36 15
36 46
36 92
36 99
36 109
36 125
36 141
36 209
37 45
37 76
37 175
37 176
37 184
37 185
37 190
37 193
37 211
38 20
38 52
38 69
38 73
38 83
38 92
38 118
38 129
38 175
38 176
38 182
38 202
38 214
39 71
39 115
39 220
39 227
40 8
40 130
40 152
40 171
40 216
41 23
41 145
41 150
41 179
41 207
42 24
42 28
42 45
42 57
42 67
42 82
42 88
42 104
42 166
42 174
43 50
43 101
43 112
43 158
43 199
43 213
43 234
44 7
44 58
44 113
44 143
44 169
44 192
44 217
45 2
45 4
45 51
45 64
45 86
45 104
45 109
45 122
45 155
45 175
45 209
45 239
46 6
46 67
46 80
46 89
46 92
46 131
46 133
46 157
46 167
46 178
46 192
46 196
46 225
47 18
47 50
47 63
47 70
47 88
47 173
47 225
47 233
48 18
48 26
48 103
48 174
48 200
48 240
48 250
49 64
49 100
49 128
49 206
49 210
49 249
50 36
50 38
50 64
50 73
50 93
50 113
50 131
50 134
50 153
50 162
50 207
50 249
51 14
51 39
51 53
51 67
51 96
51 129
51 159
51 191
51 201
51 221
51 224
51 230
52 5
52 6
52 8
52 60
52 95
52 144
52 216
52 235
53 21
53 93
53 99
53 133
53 185
53 200
53 237
54 3
54 41
54 121
54 151
54 157
54 160
54 170
54 230
54 231
54 246
55 53
55 100
55 104
55 108
55 129
55 223
55 234
55 241
56 10
56 43
56 90
56 114
56 128
56 145
56 149
56 158
56 211
56 226
56 237
57 4
57 25
57 30
57 37
57 46
57 55
57 75
57 126
57 131
57 144
57 159
57 211
57 219
57 243
58 34
58 72
58 97
58 117
58 144
58 150
58 154
58 164
58 166
58 172
58 173
58 230
58 231
59 35
59 42
59 66
59 71
59 101
59 105
59 135
59 150
59 187
59 215
59 231
59 234
60 30
60 97
60 98
60 131
60 175
60 204
61 46
61 51
61 81
61 85
61 145
61 151
61 155
61 161
61 162
61 164
61 233
61 236
62 65
62 79
62 200
62 221
62 246
63 48
63 55
63 95
63 98
63 193
63 219
63 245
64 22
64 25
64 37
64 70
64 168
65 34
65 37
65 82
65 89
65 129
65 132
65 140
65 212
65 217
66 55
66 118
66 134
66 180
66 225
67 41
67 84
67 109
67 222
67 239
68 17
68 20
68 24
68 61
68 114
68 139
68 173
68 174
68 176
68 231
68 234
68 241
69 34
69 43
69 65
69 72
69 107
69 125
69 180
69 189
69 206
70 98
70 142
70 168
70 198
70 222
70 225
70 226
70 227
70 228
71 34
71 37
71 110
71 244
72 28
72 59
72 189
72 213
72 230
73 10
73 33
73 35
73 81
73 96
73 112
73 122
73 126
73 180
73 182
73 191
74 30
74 85
74 87
74 99
74 126
74 154
74 216
74 230
74 240
74 241
75 3
75 6
75 32
75 54
75 96
75 105
75 112
75 114
75 133
75 201
76 99
76 128
76 144
76 157
76 161
77 46
77 63
77 105
77 175
77 183
77 186
77 192
77 202
77 230
78 11
78 84
78 121
78 126
78 159
78 234
78 235
79 9
79 104
79 123
79 136
79 181
79 201
79 212
79 228
79 246
80 29
80 51
80 58
80 84
80 95
80 127
80 154
80 191
80 197
80 233
80 244
81 10
81 13
81 25
81 32
81 52
81 140
81 195
81 205
81 212
82 3
82 10
82 44
82 121
82 168
82 189
82 191
82 206
82 207
82 211
82 224
82 237
83 60
83 137
83 177
83 227
84 41
84 44
84 45
84 118
84 160
84 166
84 207
84 233
85 41
85 56
85 57
85 70
85 89
85 126
85 135
85 160
85 174
86 13
86 17
86 31
86 47
86 59
86 93
86 97
86 157
86 165
86 191
86 195
86 217
86 246
87 9
87 26
87 57
87 126
87 150
87 163
87 169
88 87
88 132
88 187
88 226
88 242
89 3
89 51
89 143
89 144
89 172
89 224
89 225
90 8
90 34
90 159
90 177
90 228
90 245
91 126
91 167
91 184
91 188
91 191
91 213
92 25
92 55
92 65
92 118
92 145
92 146
92 156
92 168
92 171
92 216
92 225
92 231
93 12
93 16
93 29
93 65
93 112
93 130
93 182
93 201
94 80
94 89
94 137
94 141
94 169
94 208
94 210
95 12
95 19
95 25
95 61
95 69
95 70
95 86
95 91
95 191
95 197
95 216
96 34
96 128
96 171
96 183
96 190
96 227
96 230
96 240
97 1
97 19
97 21
97 74
97 78
97 160
97 181
97 182
97 192
98 21
98 55
98 61
98 109
98 115
98 141
98 161
98 181
98 198
98 221
99 11
99 16
99 23
99 45
99 47
99 106
99 110
99 148
99 160
99 208
99 221
99 242
100 16
100 37
100 94
100 211
100 218
101 55
101 56
101 64
101 71
101 79
101 106
101 114
101 115
101 173
101 182
101 185
101 194
101 250
102 3
102 47
102 68
102 235
103 31
103 41
103 112
103 117
103 133
103 157
103 186
103 204
103 215
103 217
103 222
103 245
104 6
104 25
104 77
104 78
104 105
104 154
104 213
104 226
104 239
105 6
105 24
105 39
105 46
105 48
105 53
105 61
105 70
105 82
105 184
105 238
106 42
106 53
106 71
106 91
106 111
106 151
106 169
106 220
107 23
107 33
107 103
107 120
107 127
107 142
107 177
107 190
107 197
107 242
108 24
108 43
108 105
108 111
108 162
108 164
108 189
108 240
108 241
109 17
109 81
109 108
109 141
109 183
109 205
109 213
109 239
109 240
110 6
110 47
110 124
110 147
110 189
111 30
111 38
111 54
111 66
111 79
111 89
111 159
111 173
111 225
111 249
112 11
112 18
112 19
112 130
112 151
112 171
112 172
112 205
113 21
113 55
113 73
113 110
113 120
113 178
114 22
114 50
114 138
114 157
114 206
114 210
114 233
115 18
115 23
115 64
115 131
115 140
115 141
115 237
116 31
116 66
116 73
116 110
116 149
116 225
116 238
117 67
117 96
117 106
117 130
117 181
117 188
117 196
117 203
117 204
117 209
117 232
117 243
118 12
118 63
118 86
118 126
119 16
119 82
119 89
119 106
119 167
119 204
119 206
119 213
119 217
120 21
120 43
120 60
120 86
120 93
120 106
120 130
120 209
121 44
121 60
121 63
121 68
121 206
122 59
122 187
122 192
122 221
122 240
123 9
123 32
123 43
123 63
123 99
123 125
123 148
123 171
123 178
123 204
123 209
123 211
124 77
124 98
124 119
124 219
124 220
124 230
125 3
125 13
125 42
125 96
125 99
125 148
125 187
125 213
125 229
125 232
126 34
126 56
126 124
126 139
126 154
126 221
126 230
127 27
127 125
127 167
127 184
127 191
127 227
128 36
128 214
128 243
129 16
129 60
129 73
129 85
129 135
129 136
129 188
129 201
129 219
129 228
129 236
130 10
130 30
130 33
130 61
130 127
130 198
130 224
131 137
131 147
131 152
131 154
131 163
131 222
132 29
132 92
132 154
132 177
132 195
132 207
132 217
133 127
133 141
133 147
133 152
133 235
133 248
134 20
134 123
134 147
134 158
134 192
135 25
135 48
135 67
135 82
135 103
135 122
135 158
135 176
136 25
136 42
136 122
136 150
136 187
136 207
136 214
136 228
136 239
137 26
137 30
137 32
137 52
137 110
137 128
137 149
137 169
137 182
137 206
137 222
137 248
138 39
138 55
138 65
138 78
138 104
138 139
138 158
138 176
138 191
138 199
139 7
139 94
139 117
139 134
139 167
139 169
139 210
139 221
139 228
139 245
140 29
140 67
140 69
140 166
140 225
140 229
141 63
141 81
141 106
141 137
141 149
141 158
142 8
142 12
142 67
142 81
142 95
142 105
142 111
142 138
142 153
142 165
142 191
142 207
142 216
142 218
143 39
143 41
143 43
143 56
143 60
143 133
143 142
143 149
143 180
143 212
143 217
143 247
144 14
144 77
144 80
144 129
144 187
144 205
145 12
145 53
145 105
145 121
145 159
145 185
145 201
146 68
146 132
146 163
146 167
147 29
147 33
147 175
147 183
147 185
147 188
147 206
147 232
148 6
148 14
148 46
148 76
148 90
148 91
148 203
148 224
148 229
149 8
149 100
149 101
149 106
149 122
149 187
149 214
149 231
150 68
150 110
150 240
151 84
151 114
151 118
151 132
151 143
151 239
152 3
152 52
152 76
152 78
152 102
152 123
152 161
152 199
152 222
152 227
153 29
153 75
153 113
153 128
153 134
153 176
153 204
154 43
154 94
154 124
154 146
154 232
154 242
155 2
155 49
155 88
155 154
155 162
155 183
155 221
156 81
156 87
156 103
156 117
156 154
156 178
156 201
156 203
156 212
156 241
157 28
157 61
157 92
157 108
157 116
157 142
157 151
157 175
158 24
158 110
158 113
158 129
158 154
158 161
158 185
158 189
158 239
159 67
159 137
159 162
159 176
159 177
159 187
159 202
159 220
159 249
160 6
160 73
160 75
160 115
160 122
161 74
161 154
161 240
161 248
162 14
162 93
162 98
162 210
162 212
163 22
163 53
163 114
163 118
163 138
163 189
164 8
164 16
164 101
164 184
165 29
165 38
165 64
165 89
165 187
166 49
166 113
166 232
166 241
167 39
167 50
167 61
167 78
167 107
167 125
167 173
167 198
168 22
168 35
168 41
168 71
168 98
168 202
168 221
168 250
169 16
169 21
169 111
169 168
169 187
169 212
170 28
170 87
170 110
170 165
170 174
170 175
170 185
170 225
171 109
171 132
171 170
171 176
171 179
171 184
171 229
172 20
172 24
172 37
172 168
172 218
172 219
173 18
173 22
173 26
173 94
173 204
173 208
173 217
173 220
173 230
173 247
174 1
174 41
174 73
174 77
174 127
174 136
174 149
174 178
174 194
174 195
174 210
174 223
175 27
175 49
175 121
175 142
175 190
175 207
175 232
175 233
176 15
176 18
176 39
176 49
176 75
176 130
176 181
176 204
177 10
177 13
177 27
177 36
177 61
177 169
177 178
177 212
178 33
178 66
178 76
178 88
178 138
178 210
178 245
179 2
179 64
179 66
179 71
179 136
179 150
179 181
179 225
180 22
180 45
180 54
180 56
180 95
180 96
180 139
180 154
180 173
180 239
180 249
181 144
181 159
181 174
182 14
182 87
182 123
182 171
182 206
182 212
183 10
183 138
183 209
183 243
183 246
184 21
184 45
184 48
184 58
184 73
184 106
184 112
184 206
184 240
185 23
185 32
185 74
185 92
185 171
185 203
185 234
185 238
186 71
186 139
186 161
186 172
186 196
186 203
187 29
187 81
187 134
187 138
187 177
187 231
188 4
188 42
188 85
188 86
188 87
188 119
188 132
188 139
188 146
188 162
189 22
189 28
189 35
189 91
189 116
190 34
190 38
190 45
190 50
190 87
190 198
190 224
191 3
191 57
191 130
191 168
191 178
191 183
191 228
191 244
192 49
192 76
192 157
192 203
192 207
192 229
192 231
192 233
193 38
193 73
193 106
193 129
193 167
193 183
193 225
193 244
194 20
194 60
194 70
194 138
194 155
194 171
194 202
194 224
194 237
194 239
195 25
195 72
195 100
195 139
195 161
195 165
195 216
196 30
196 60
196 73
196 109
196 135
196 211
196 221
197 26
197 35
197 68
197 75
197 181
197 196
197 228
197 235
198 2
198 17
198 44
198 45
198 65
198 99
198 162
198 176
198 202
199 65
199 104
199 154
199 181
199 198
199 214
199 230
199 242
200 6
200 59
200 76
200 102
200 122
200 132
200 160
200 184
200 192
201 38
201 70
201 103
201 135
201 160
201 183
201 207
201 224
201 226
201 237
202 34
202 43
202 104
202 138
202 192
203 7
203 10
203 20
203 30
203 31
203 109
203 112
203 129
203 143
203 181
204 9
204 34
204 99
204 126
204 137
204 139
204 142
204 154
204 186
204 201
205 4
205 224
206 29
206 122
206 153
206 194
206 228
207 5
207 17
207 65
207 72
207 114
207 195
207 209
207 239
208 25
208 30
208 54
208 77
208 115
208 116
208 186
208 196
208 216
209 28
209 91
209 138
209 204
209 218
210 21
210 24
210 103
210 117
210 229
211 29
211 39
211 78
211 80
211 130
211 133
211 147
211 176
211 184
212 71
212 100
212 126
213 15
213 17
213 19
213 25
213 36
213 56
213 58
213 77
213 173
213 191
213 225
213 249
214 3
214 23
214 51
214 89
214 208
214 250
215 21
215 116
215 130
215 135
215 170
215 188
215 219
216 25
216 116
216 166
216 202
217 122
217 137
217 164
217 196
218 8
218 23
218 75
218 80
218 92
218 96
218 151
218 186
218 236
218 240
219 5
219 14
219 64
219 110
219 147
219 153
219 158
219 170
219 207
219 245
219 250
220 66
220 75
220 99
220 105
220 169
220 191
221 6
221 7
221 50
221 114
221 124
221 159
221 171
221 212
221 217
222 2
222 17
222 24
222 38
222 129
222 139
222 178
222 213
222 240
222 250
223 24
223 50
223 70
223 104
223 106
223 113
223 123
223 208
223 219
223 232
224 4
224 77
224 94
224 177
224 195
224 196
224 197
224 241
224 250
225 36
225 57
225 99
225 106
225 108
225 153
225 161
225 183
225 214
225 246
226 14
226 45
226 74
226 77
226 86
226 103
226 151
226 170
226 180
226 197
227 81
227 84
227 90
227 102
227 156
227 159
227 189
227 210
227 240
228 1
228 15
228 35
228 140
228 171
228 204
228 218
228 227
229 13
229 81
229 95
229 117
229 154
229 209
229 226
229 249
229 250
230 1
230 19
230 50
230 52
230 60
230 113
230 169
230 208
230 229
231 10
231 19
231 37
231 127
231 172
231 181
232 2
232 11
232 52
232 62
232 73
232 75
232 108
232 184
232 195
233 24
233 85
233 87
233 90
233 113
233 116
233 173
233 249
234 7
234 51
234 73
234 102
235 13
235 59
235 73
235 127
235 172
235 196
235 225
236 2
236 52
236 77
236 85
236 103
236 110
236 147
236 160
236 177
237 7
237 16
237 209
237 238
238 54
238 64
238 83
238 147
238 189
238 192
238 220
238 226
238 246
239 46
239 64
239 71
239 111
239 114
239 134
239 217
240 34
240 81
240 87
240 134
240 135
240 138
240 170
240 174
240 189
240 200
240 204
241 63
241 125
241 193
241 245
242 42
242 54
242 72
242 78
242 90
242 101
242 106
242 144
242 155
242 178
242 182
242 249
243 23
243 46
243 115
243 137
243 143
243 165
243 196
243 226
243 229
244 120
244 129
244 165
244 188
245 68
245 73
245 128
245 164
245 177
245 199
245 223
245 224
245 225
245 231
245 246
246 24
246 45
246 143
246 154
246 186
246 189
247 17
247 36
247 49
247 78
247 90
247 124
247 165
247 188
247 194
247 202
247 205
247 207
248 29
248 32
248 88
248 175
248 214
248 228
249 4
249 8
249 28
249 33
249 90
249 99
249 199
249 209
249 210
250 14
250 18
250 45
250 63
250 75
250 169
250 240

