300 500
93 99 42 28 110 107 87 84 65 27 103 108 79 36 112 37 105 27 72 27 45 103 81 23 52 36 120 22 113 29 112 74 59 81 25 54 68 83 111 98 37 76 102 55 112 39 114 114 35 30 62 36 41 57 55 27 92 101 31 60 26 111 27 76 109 80 36 68 62 34 37 66 120 79 110 103 21 48 76 108 27 25 44 60 85 114 66 55 116 78 120 32 91 24 62 91 111 34 87 108 49 110 80 68 39 42 28 72 53 51 70 81 54 46 50 42 41 107 105 50 52 28 112 78 92 67 73 119 100 98 64 68 83 96 23 31 45 62 80 95 85 56 76 101 30 70 34 26 67 98 71 90 23 46 33 82 84 30 92 58 92 53 95 115 75 47 60 117 81 53 26 84 95 45 31 115 55 105 68 43 68 84 116 64 56 114 67 70 120 62 85 79 72 92 43 95 106 21 109 104 95 47 51 41 75 116 39 57 111 35 80 74 80 33 75 66 71 34 47 102 86 28 119 33 25 75 90 43 118 49 60 34 29 105 69 41 63 87 80 50 61 86 21 111 25 90 20 25 103 37 108 107 28 87 86 119 106 81 108 120 34 71 85 22 95 44 97 113 62 111 77 102 60 28 32 42 80 102 51 83 44 35 94 21 29 80 75 76 36 113 46 93 36 40 105 46 84 50 120 32 
1 7
1 76
1 223
2 24
3 100
3 179
3 225
4 208
4 273
5 49
5 98
6 64
6 157
6 216
6 283
7 94
7 261
8 150
8 219
8 282
9 54
9 220
11 241
12 273
13 12
14 98
14 219
15 218
16 152
16 237
17 23
17 298
18 102
19 244
20 14
20 25
20 34
20 116
20 247
21 5
21 244
22 26
22 116
23 73
24 6
24 12
24 42
25 35
26 25
26 128
27 140
29 90
30 19
30 160
31 89
31 165
32 82
32 243
34 82
35 10
35 46
36 9
36 123
37 31
37 34
39 161
39 193
39 296
40 145
40 230
41 64
42 52
42 126
43 78
43 88
43 250
44 181
46 55
47 71
49 181
49 210
50 235
50 239
51 94
51 119
51 230
52 269
53 146
53 178
53 246
54 148
56 64
57 67
57 199
58 81
58 253
59 18
60 15
60 145
60 205
61 33
61 97
61 139
61 205
61 270
63 111
63 205
65 116
65 256
66 154
66 272
67 21
67 96
67 198
68 93
69 160
69 276
71 39
71 55
73 190
74 267
75 88
76 287
76 295
77 47
77 78
77 160
78 9
78 66
78 140
79 86
81 42
81 104
81 259
81 272
82 65
82 186
83 5
83 42
83 82
83 153
83 271
84 158
84 175
84 248
85 211
86 210
87 207
88 293
89 79
89 151
89 263
90 56
90 82
90 216
91 21
91 133
92 188
93 111
93 277
94 236
95 29
95 150
95 166
95 193
95 275
96 144
98 13
98 78
98 96
99 3
99 87
99 222
99 294
100 62
100 139
102 2
102 7
102 11
102 28
102 108
102 121
102 163
103 28
103 74
103 147
103 265
105 49
105 192
106 31
106 101
106 259
107 150
107 221
111 113
111 171
112 254
113 295
114 96
114 106
115 26
116 115
119 204
119 246
120 13
121 20
122 114
123 131
123 290
124 108
124 211
124 250
126 83
126 253
126 281
126 295
128 16
128 117
129 195
130 32
130 65
130 68
130 187
130 206
131 122
133 3
133 71
134 262
135 263
136 24
136 144
138 13
138 21
138 44
138 80
138 214
139 23
139 107
140 23
140 84
140 287
142 173
143 105
143 230
143 283
144 283
145 83
145 268
146 201
147 196
148 8
148 79
148 227
149 197
150 151
151 202
152 41
152 57
152 87
152 140
152 151
153 71
153 295
154 258
155 140
156 31
156 102
157 284
158 79
159 147
162 56
162 144
162 280
163 5
163 275
166 127
166 191
167 68
168 71
168 88
169 25
171 174
171 197
172 37
172 248
173 9
173 163
174 51
175 174
175 239
175 296
175 300
176 52
176 139
176 140
177 33
177 196
177 288
178 39
178 43
178 133
178 198
178 247
178 258
179 77
179 91
179 138
179 145
179 292
180 62
180 72
180 83
180 163
181 165
181 180
182 256
183 111
183 132
184 219
184 296
186 221
187 271
188 287
189 182
189 201
189 269
190 66
190 102
190 250
190 298
191 75
193 179
194 81
195 60
195 178
196 74
196 165
196 167
196 171
197 99
197 238
198 135
200 2
201 135
201 193
201 245
202 74
202 216
202 262
203 37
203 139
203 166
204 218
204 235
205 8
205 110
205 162
205 221
206 189
207 118
207 145
207 166
209 74
209 154
210 165
211 213
211 248
212 107
212 126
212 199
213 13
213 296
214 210
215 227
216 108
216 149
218 78
218 197
218 276
220 143
220 205
221 12
221 102
221 114
222 136
222 203
223 106
223 166
224 296
225 13
226 281
227 64
230 67
230 259
231 104
231 112
231 298
232 28
234 70
234 236
235 13
235 242
236 179
236 217
237 46
237 177
238 115
238 206
238 279
239 163
240 92
240 124
240 276
241 123
242 163
242 300
244 99
244 168
245 109
245 188
246 19
246 195
246 253
247 246
248 86
248 188
249 101
249 115
250 49
251 144
252 97
252 235
253 117
253 208
254 87
254 99
254 191
254 226
258 210
258 274
261 187
261 217
261 240
263 194
263 210
265 227
266 8
266 47
266 115
266 166
266 240
267 116
267 297
269 119
271 206
272 145
273 26
273 94
274 153
275 245
276 4
276 219
277 88
278 143
278 168
279 5
279 154
280 73
281 213
282 104
283 132
284 248
284 259
285 142
286 220
287 164
288 95
288 216
289 109
289 158
289 171
289 208
291 66
291 110
291 151
291 210
292 56
293 177
294 76
294 266
295 94
295 232
296 202
297 178
297 273
298 80
298 166
298 192
299 76
300 71

