250 2000
31 63 84 108 105 60 48 54 107 29 47 109 94 40 30 114 113 95 23 58 20 110 24 44 63 60 39 48 91 50 76 30 120 106 78 115 68 115 28 55 28 78 60 34 106 70 43 23 118 120 77 47 67 30 87 59 45 27 47 20 63 25 91 108 100 84 61 114 29 107 59 49 53 83 77 119 75 52 50 32 100 51 62 74 113 108 55 68 25 81 90 29 30 88 39 59 113 20 103 77 35 83 63 75 90 20 61 37 108 99 28 74 26 94 97 93 103 94 88 54 110 113 64 69 91 92 42 107 45 76 89 46 79 80 104 110 109 96 69 99 56 89 96 40 71 60 27 105 118 95 104 71 90 115 107 95 89 38 100 118 118 52 53 38 30 55 86 33 72 50 99 52 119 58 57 57 51 72 86 49 91 34 81 71 116 57 33 49 23 101 22 35 48 29 66 81 61 27 54 100 101 78 112 46 110 46 74 44 96 22 47 64 38 46 115 45 57 115 84 39 108 30 83 74 51 109 45 97 27 113 109 35 62 87 115 90 26 103 72 110 49 80 43 66 42 106 43 69 20 67 
1 73
1 121
1 177
1 217
2 7
2 16
2 69
2 141
2 180
2 227
3 11
3 74
3 105
3 106
3 124
3 215
3 216
4 19
4 22
4 63
4 94
4 111
4 132
4 144
4 171
4 189
4 202
4 244
5 20
5 28
5 35
5 49
6 15
6 53
6 101
6 117
6 133
6 170
6 194
6 195
6 208
6 216
6 227
6 229
7 19
7 35
7 72
7 80
7 159
7 173
7 224
7 234
8 13
8 15
8 32
8 54
8 61
8 105
8 112
8 124
8 128
8 135
8 139
8 219
8 220
8 228
8 232
9 7
9 22
9 28
9 54
9 106
9 213
9 223
9 225
9 230
9 249
10 246
11 66
11 75
11 125
11 137
11 172
11 246
12 52
12 66
12 141
12 147
12 240
13 5
13 74
13 119
13 120
13 138
13 167
13 246
14 30
14 74
14 90
14 153
14 168
14 200
14 225
15 22
15 32
15 42
15 89
15 98
15 102
15 103
15 122
15 142
15 183
16 30
16 31
16 39
16 110
16 195
16 213
17 137
17 145
17 153
17 224
18 42
18 90
18 111
18 126
18 140
18 153
18 181
18 208
18 227
19 8
19 31
19 38
19 53
19 116
19 135
19 182
19 192
20 104
20 109
20 122
20 138
20 203
20 220
20 240
20 241
21 79
21 129
21 229
21 233
22 33
22 51
22 67
22 91
22 102
22 113
22 118
22 176
22 178
22 200
23 10
23 12
23 84
23 90
23 110
23 136
23 137
23 140
24 6
24 25
24 95
24 96
24 111
24 118
25 19
25 95
25 111
25 115
25 212
25 238
26 63
26 66
26 76
26 129
26 133
26 178
27 56
27 77
27 84
27 128
27 141
27 186
27 216
27 232
28 12
28 26
28 39
28 52
28 53
28 159
29 1
29 21
29 24
29 35
29 59
29 83
29 114
29 129
29 164
30 61
30 83
30 155
30 158
30 179
30 185
30 186
30 217
30 225
30 245
31 33
31 67
31 74
31 134
31 164
31 245
32 20
32 37
32 76
32 82
32 85
32 149
32 165
32 196
32 216
32 221
32 237
32 240
33 8
33 17
33 64
33 88
33 95
33 122
33 142
34 11
34 35
34 69
34 88
34 89
34 104
34 106
34 112
34 165
34 231
34 236
35 15
35 18
35 80
35 142
35 190
35 206
35 234
36 37
36 45
36 51
36 65
36 146
36 231
37 44
37 95
37 119
37 129
37 132
37 162
37 171
37 177
37 224
37 230
38 36
38 93
38 110
38 142
38 145
39 19
39 69
39 103
39 131
39 178
39 183
39 213
39 227
40 8
40 110
40 171
40 185
40 200
40 202
41 18
41 33
41 56
41 76
41 104
41 133
41 149
41 150
41 152
41 203
41 218
41 224
42 50
42 99
42 110
42 140
42 145
42 146
42 211
42 227
42 240
43 18
43 35
43 60
43 84
43 94
43 113
43 164
43 169
44 6
44 40
44 86
44 87
44 113
44 143
44 144
44 155
44 192
44 211
44 223
45 35
45 42
45 64
45 91
45 94
45 140
45 156
46 2
46 54
46 66
46 70
46 90
46 143
46 209
46 231
47 5
47 28
47 68
47 76
47 118
47 135
47 149
47 153
47 164
48 90
48 123
48 133
48 192
48 250
49 27
49 150
49 184
49 218
49 225
50 3
50 17
50 31
50 33
50 103
50 124
50 144
50 227
51 17
51 18
51 33
51 53
51 75
51 89
51 90
51 95
51 98
51 109
51 158
51 163
51 187
51 189
51 194
51 220
52 18
52 58
52 82
52 88
52 93
52 127
52 188
52 215
53 14
53 17
53 18
53 60
53 73
53 113
53 127
54 3
54 29
54 120
54 127
54 219
54 224
54 230
55 4
55 15
55 17
55 27
55 105
55 170
55 249
56 25
56 26
56 30
56 146
56 153
56 181
56 204
56 227
56 241
57 134
57 146
57 156
57 166
57 205
57 214
57 236
58 4
58 12
58 28
58 55
58 57
58 119
58 124
58 169
58 190
58 193
58 205
58 208
59 21
59 30
59 41
59 94
59 122
59 151
59 194
59 195
59 245
60 16
60 133
60 193
60 221
60 228
60 237
60 248
61 19
61 50
61 52
61 81
61 176
61 192
61 225
61 227
61 231
62 18
62 38
62 93
62 133
62 135
62 147
62 163
62 175
62 176
62 229
63 44
63 123
63 167
63 169
63 172
63 188
63 239
64 38
64 131
64 139
64 140
64 174
64 193
64 220
64 222
64 223
64 237
64 239
65 16
65 66
65 99
65 144
65 146
65 211
65 217
65 229
66 59
66 104
66 114
66 123
66 147
66 188
66 215
66 217
66 228
66 243
67 10
67 30
67 46
67 58
67 94
67 107
67 151
67 163
67 187
67 196
67 226
68 13
68 41
68 128
68 130
68 140
68 154
68 155
68 188
68 196
69 76
69 108
69 126
69 167
69 189
69 191
69 200
69 215
69 232
70 3
70 30
70 92
70 106
70 112
70 113
70 132
70 241
71 51
71 65
71 68
71 126
71 153
71 157
71 185
71 241
72 46
72 51
72 79
72 92
72 154
72 184
72 195
72 215
72 220
72 240
73 11
73 19
73 51
73 95
73 117
73 144
73 182
73 218
73 221
73 234
74 24
74 45
74 215
74 241
75 56
75 83
75 126
75 146
75 166
75 169
76 72
76 127
76 128
76 156
76 168
77 44
77 59
77 64
77 110
77 112
77 115
77 126
77 148
77 177
77 226
77 246
78 10
78 27
78 70
78 115
78 116
78 128
78 164
78 202
78 248
79 2
79 24
79 49
79 208
79 218
79 228
80 9
80 25
80 39
80 56
80 67
80 81
80 88
80 95
80 115
80 116
80 142
80 167
80 199
80 206
80 248
81 14
81 18
81 107
81 125
82 16
82 45
82 103
82 105
82 147
82 163
82 195
82 199
82 212
82 219
83 17
83 34
83 52
83 56
83 106
83 160
83 168
83 202
83 221
84 28
84 50
84 120
84 153
84 162
84 177
85 2
85 33
85 56
85 101
85 122
85 158
85 167
85 184
85 219
85 230
86 46
86 91
86 191
86 214
86 223
87 9
87 16
87 49
87 108
87 205
87 207
87 223
87 225
88 3
88 11
88 76
88 100
88 139
88 165
88 189
88 237
89 16
89 42
89 54
89 55
89 77
89 117
89 198
89 203
89 232
90 8
90 57
90 61
90 81
90 120
90 155
90 176
90 208
91 72
91 219
91 238
92 54
92 61
92 100
92 154
92 163
92 170
92 190
93 2
93 23
93 25
93 57
93 90
93 123
93 129
93 139
93 189
93 241
94 3
94 23
94 41
94 54
94 58
94 68
94 95
94 99
94 105
94 109
94 150
94 183
94 192
94 201
94 214
94 216
95 22
95 36
95 199
95 242
96 1
96 19
96 33
96 37
96 44
96 62
96 66
96 141
96 142
96 144
96 183
96 185
96 233
97 44
97 49
97 77
97 100
97 136
97 175
97 176
97 195
97 200
97 228
98 14
98 24
98 31
98 87
98 129
98 151
98 174
98 178
98 196
98 229
98 230
99 3
99 25
99 80
99 82
99 125
99 143
99 167
99 168
99 170
99 187
99 188
99 200
100 56
100 64
100 87
100 111
100 113
100 122
100 139
100 149
100 158
100 160
100 164
100 234
100 249
100 250
101 31
101 75
101 106
101 111
101 112
101 134
101 148
101 149
101 165
101 166
102 9
102 16
102 70
102 76
102 85
102 98
102 125
103 16
103 17
103 27
103 28
103 37
103 102
103 116
103 135
103 136
103 141
103 166
103 235
103 236
104 29
104 35
104 77
104 85
104 100
104 125
104 170
104 182
104 185
104 248
105 16
105 144
105 161
105 203
106 7
106 14
106 36
106 57
106 82
106 135
106 150
106 187
106 202
106 244
107 9
107 120
107 159
107 175
107 180
107 202
107 209
107 224
107 235
107 241
108 44
108 57
108 74
108 94
108 155
108 203
109 43
109 76
109 148
109 171
109 176
109 226
109 246
110 6
110 27
110 113
110 169
110 218
110 228
110 230
111 17
111 27
111 31
111 43
111 93
111 141
111 147
111 196
111 250
112 16
112 144
112 152
112 178
112 212
112 229
112 241
113 5
113 20
113 83
113 126
113 165
113 180
113 197
113 239
114 9
114 11
114 15
114 18
114 35
114 58
114 136
114 140
114 228
115 5
115 70
115 84
115 86
115 157
115 211
115 222
115 227
115 234
116 57
116 65
116 112
116 127
116 142
116 160
116 193
116 231
117 28
117 31
117 62
117 63
117 69
117 75
117 84
117 93
117 112
117 139
118 25
118 52
118 60
118 64
118 99
118 125
118 220
119 95
119 106
119 133
119 136
119 141
119 150
119 151
119 156
119 159
119 187
120 22
120 47
120 72
120 93
120 97
120 143
120 146
120 151
120 163
120 179
120 181
120 190
121 60
121 92
121 95
121 119
121 141
121 153
121 229
122 46
122 77
122 87
122 99
122 133
122 198
122 216
122 241
123 11
123 56
123 61
123 76
123 81
123 94
123 148
123 152
123 181
123 187
123 193
124 25
124 37
124 56
124 97
124 98
124 237
124 238
124 243
125 18
125 51
125 53
125 117
125 138
125 142
125 158
125 163
125 195
125 213
126 21
126 62
126 72
126 87
126 136
126 241
127 16
127 20
127 50
127 55
127 56
127 68
127 122
127 200
127 228
127 242
128 18
128 35
128 48
128 136
128 157
128 193
128 235
128 236
129 23
129 42
129 162
129 175
129 184
129 222
129 250
130 50
130 87
130 103
130 105
130 122
130 180
130 190
130 197
130 202
131 2
131 61
131 74
131 88
131 125
131 167
131 177
131 178
131 240
132 5
132 42
132 69
132 136
132 167
133 37
133 42
133 83
133 143
133 159
133 174
134 52
134 77
134 85
134 94
134 121
134 122
134 188
134 200
134 243
135 39
135 48
135 55
135 56
135 100
135 117
135 131
135 191
135 201
135 213
135 228
135 240
136 31
136 40
136 105
136 152
136 220
136 222
137 15
137 72
137 189
137 191
137 193
137 223
137 240
137 241
138 27
138 42
138 105
138 113
138 134
138 168
138 208
138 211
139 39
139 72
139 86
139 96
139 127
139 174
139 219
140 1
140 6
140 16
140 44
140 109
140 167
140 220
140 243
141 32
141 86
141 169
141 178
141 211
141 220
141 221
141 227
142 49
142 51
142 95
142 183
142 191
142 204
142 209
142 228
142 236
143 68
143 87
143 92
143 119
143 174
143 202
144 15
144 42
144 63
144 182
144 183
145 18
145 51
145 99
145 140
145 218
145 224
145 232
145 243
146 14
146 16
146 68
146 158
146 168
146 250
147 48
147 109
147 166
147 185
147 197
148 57
148 61
148 78
148 130
148 144
148 162
148 167
148 169
148 177
149 49
149 71
149 130
149 141
149 166
149 180
149 226
150 15
150 91
150 114
150 204
150 221
151 29
151 165
151 171
151 179
151 192
151 222
152 8
152 10
152 97
152 98
152 154
152 164
152 167
152 180
152 208
153 19
153 33
153 51
153 95
153 184
153 193
153 217
154 14
154 61
154 66
154 90
154 153
154 211
154 213
155 11
155 34
155 38
155 88
155 178
155 191
155 209
155 219
156 11
156 54
156 80
156 173
156 183
156 243
157 60
157 63
157 74
157 139
157 143
157 172
157 209
157 224
157 229
157 231
158 26
158 28
158 44
158 50
158 132
158 149
158 185
158 189
158 200
158 217
158 237
159 4
159 15
159 34
159 117
159 123
159 226
159 232
159 235
160 12
160 18
160 58
160 68
160 104
160 122
160 128
160 227
160 233
161 2
161 45
161 62
161 89
161 90
161 92
161 120
161 142
161 159
161 207
161 212
162 62
162 66
162 68
162 138
162 197
163 43
163 47
163 81
163 94
163 118
163 156
163 221
163 231
163 237
163 244
164 36
164 89
164 195
164 211
164 230
165 70
165 74
165 126
165 132
165 142
165 153
165 171
165 202
165 221
166 91
166 97
166 152
166 201
166 245
167 48
167 62
167 92
167 119
167 122
167 176
167 209
167 249
168 118
168 152
168 205
169 50
169 90
169 129
169 181
169 236
169 240
170 74
170 129
170 158
170 185
170 220
170 223
170 230
171 7
171 36
171 62
171 135
171 203
172 59
172 110
172 182
172 226
172 237
173 6
173 15
173 25
173 51
173 62
173 161
173 183
173 229
174 19
174 32
174 37
174 71
174 97
174 126
174 196
174 213
174 224
175 4
175 128
175 135
175 145
175 215
176 4
176 9
176 52
176 59
176 169
176 188
176 198
176 205
176 215
176 248
177 15
177 19
177 44
177 166
177 184
178 66
178 124
178 125
178 126
178 130
178 133
178 138
178 148
178 166
178 174
179 22
179 32
179 43
179 54
179 56
179 73
179 98
179 104
179 115
179 129
179 175
179 185
179 196
179 206
179 216
179 222
180 11
180 40
180 57
180 71
180 98
180 198
181 62
181 106
181 224
181 250
182 28
182 60
182 64
182 93
182 118
182 157
182 162
182 245
183 28
183 44
183 146
183 158
183 211
184 48
184 54
184 76
184 79
184 122
184 150
184 231
184 235
184 243
185 45
185 61
185 152
185 176
185 178
185 199
185 204
185 243
186 50
186 53
186 56
186 59
186 71
186 99
186 152
186 182
186 194
186 202
186 207
186 215
187 11
187 39
187 102
187 126
187 155
187 157
187 168
187 178
187 202
187 204
188 42
188 86
188 140
188 168
188 180
188 187
188 206
189 37
189 62
189 120
189 181
189 208
190 61
190 113
190 131
190 164
190 182
190 198
190 199
190 246
191 37
191 130
191 133
191 139
191 162
191 192
191 221
191 234
192 24
192 58
192 59
192 62
192 113
192 125
192 130
192 169
193 19
193 80
193 129
193 139
193 156
194 29
194 77
194 91
194 159
195 44
195 105
195 155
195 226
195 245
195 248
195 250
196 1
196 36
196 81
196 131
196 145
196 157
196 159
196 165
196 171
196 178
196 181
196 192
196 202
196 204
196 219
196 239
196 244
197 9
197 47
197 122
197 165
197 218
197 238
198 19
198 29
198 100
198 110
198 138
198 146
198 152
198 159
198 171
198 186
198 236
199 36
199 140
199 143
199 243
199 249
200 5
200 119
200 150
200 162
200 231
201 11
201 18
201 54
201 58
201 59
201 104
201 120
201 121
201 184
201 230
201 244
202 41
202 42
202 68
202 76
202 81
202 91
202 98
202 129
202 214
202 224
202 238
203 11
203 133
203 164
203 221
203 232
204 77
204 109
204 149
204 198
204 211
204 244
205 25
205 31
205 46
205 52
205 64
205 74
205 116
205 125
205 155
205 190
205 226
206 2
206 25
206 63
206 73
206 74
206 98
206 113
206 114
206 121
206 157
206 200
207 5
207 35
207 93
207 96
207 118
207 147
207 173
207 179
207 194
208 2
208 25
208 31
208 77
208 78
208 82
208 114
208 123
208 136
208 144
208 158
208 192
208 199
208 226
209 81
209 113
209 152
209 195
209 250
210 3
210 13
210 48
210 199
210 208
211 12
211 24
211 112
211 122
212 80
212 116
212 137
212 151
212 203
212 250
213 56
213 67
213 94
213 122
213 127
213 128
213 156
213 197
214 17
214 26
214 43
214 116
214 120
214 131
214 196
214 229
214 239
215 15
215 22
215 29
215 35
215 36
215 48
215 78
215 109
215 172
215 204
216 13
216 17
216 74
216 77
216 116
216 136
216 156
216 163
217 3
217 98
217 126
217 145
217 157
217 184
218 7
218 19
218 95
218 149
218 177
218 186
218 202
219 1
219 3
219 26
219 29
219 86
219 116
219 121
219 132
219 151
220 42
220 43
220 46
220 55
220 56
220 106
220 142
220 145
220 185
220 189
220 249
221 44
221 54
221 88
221 149
221 234
221 237
222 18
222 67
222 90
222 166
222 242
223 52
223 95
223 215
224 1
224 13
224 114
224 127
224 147
224 176
225 20
225 98
225 125
225 187
225 199
225 201
225 206
225 238
225 242
226 16
226 21
226 33
226 47
226 87
226 189
226 215
226 217
227 40
227 62
227 122
227 134
227 178
227 225
228 1
228 32
228 54
228 93
228 98
228 169
228 171
228 172
228 198
228 203
228 210
229 4
229 47
229 122
229 126
229 236
229 238
229 245
230 30
230 155
230 209
230 228
230 246
230 247
231 16
231 82
231 114
231 134
231 153
231 176
231 206
231 215
231 229
231 234
232 10
232 33
232 40
232 124
232 130
232 156
232 158
232 170
232 194
232 231
233 5
233 31
233 49
233 56
233 113
233 172
233 177
233 183
233 239
234 12
234 13
234 29
234 32
234 63
234 203
234 206
235 61
235 69
235 80
235 114
235 116
236 17
236 22
236 25
236 28
236 30
236 88
236 125
236 156
236 192
236 208
236 222
236 248
237 75
237 94
237 142
237 185
237 202
237 215
237 220
238 60
238 64
238 76
238 84
238 93
238 144
238 168
238 184
238 213
239 24
239 51
239 55
239 56
239 89
239 117
239 167
239 236
240 14
240 109
240 112
240 130
240 150
240 179
240 193
240 202
240 227
241 19
241 48
241 58
241 89
241 92
241 109
241 116
241 139
241 154
241 175
241 188
241 226
242 38
242 44
242 85
242 165
242 209
242 245
242 247
243 48
243 69
243 177
243 200
243 231
244 47
244 50
244 81
244 87
244 94
244 107
244 116
244 133
244 203
244 224
244 243
245 3
245 62
245 76
245 109
245 205
245 207
245 246
246 73
246 81
246 82
246 118
246 201
246 210
246 228
246 243
247 69
247 80
247 198
247 223
248 5
248 30
248 32
248 82
248 113
248 171
248 174
248 182
248 211
248 233
249 66
249 120
249 154
249 179
249 182
249 248
250 5
250 24
250 133
250 162

