100 750
112 116 30 58 84 43 82 37 67 114 54 115 56 68 111 105 103 90 79 110 114 80 36 53 94 89 118 21 30 50 79 71 59 48 93 86 67 94 21 63 100 100 54 73 118 98 87 108 88 90 111 108 111 109 114 73 101 90 25 43 93 34 119 60 76 57 107 44 65 110 76 114 71 97 28 63 66 33 82 78 35 60 89 36 78 49 68 31 54 44 65 65 52 57 41 54 36 52 24 99 
1 4
1 71
1 75
1 76
2 11
2 16
2 18
2 34
3 2
3 7
3 27
3 44
3 54
3 69
3 77
4 58
4 62
4 77
4 81
4 84
5 22
5 36
5 42
5 44
5 56
5 85
5 98
6 16
6 20
6 45
6 53
6 57
6 58
6 60
6 67
6 81
6 88
6 93
6 95
7 39
7 51
7 59
7 76
7 85
7 96
8 6
8 30
8 50
8 60
8 63
8 64
8 65
8 69
8 71
9 33
9 36
9 47
9 50
9 56
9 60
9 64
9 66
9 80
10 1
10 3
10 22
10 36
10 56
10 70
11 21
11 31
11 36
11 38
11 40
11 52
11 67
11 70
11 79
11 89
12 62
12 64
12 99
13 7
13 15
13 53
13 68
13 73
13 80
14 2
14 10
14 41
14 48
14 62
15 17
15 30
15 58
15 61
15 82
16 8
16 12
16 32
16 49
16 72
17 1
17 6
17 22
17 42
17 59
17 69
17 76
17 90
17 97
18 17
18 20
18 23
18 24
18 34
18 40
18 41
18 58
18 63
18 80
18 91
18 92
19 8
19 12
19 15
19 18
19 30
19 58
19 59
19 69
19 82
19 84
20 1
20 19
20 21
20 38
20 42
20 49
20 73
20 83
20 89
21 9
21 22
21 29
21 31
21 68
21 78
21 81
22 7
22 56
22 57
22 69
22 80
22 91
22 94
22 98
23 13
23 16
23 26
23 29
23 82
23 99
24 7
24 22
24 80
24 90
25 6
25 8
25 11
25 50
25 60
25 71
25 84
25 86
25 92
26 1
26 5
26 9
26 14
26 46
26 99
27 15
27 19
27 29
27 42
27 59
27 69
27 95
28 17
28 33
28 37
28 48
28 55
29 4
29 6
29 43
29 51
29 60
29 62
29 71
29 89
30 1
30 6
30 29
30 32
30 49
30 56
30 70
30 77
31 27
31 58
31 94
32 5
32 9
32 37
32 39
32 46
32 83
32 85
32 87
32 90
32 92
33 10
33 67
33 81
33 93
34 13
34 17
34 23
34 42
34 73
35 40
35 46
35 53
35 59
35 93
36 15
36 16
36 46
36 75
36 78
36 81
36 99
37 2
37 15
37 20
37 31
37 41
37 56
37 65
37 66
37 71
38 12
38 14
38 29
38 53
38 73
38 81
38 97
39 8
39 16
39 23
39 27
39 31
39 40
39 42
39 46
39 70
39 87
39 88
40 5
40 7
40 25
40 59
40 62
40 74
40 81
40 90
40 93
41 7
41 26
41 31
41 42
41 73
41 93
42 18
42 62
42 69
42 75
42 80
43 27
43 42
43 54
43 59
43 69
43 80
43 81
43 87
44 16
44 21
44 49
44 55
44 81
44 89
45 1
45 46
45 69
45 86
46 1
46 16
46 20
46 24
46 25
46 27
46 33
46 56
46 81
46 91
47 19
47 20
47 52
47 55
47 68
47 73
47 82
47 93
47 98
48 56
48 65
48 70
48 81
48 90
48 94
48 95
49 10
49 22
49 24
50 3
50 7
50 33
50 41
50 53
50 82
50 87
51 1
51 10
51 21
51 42
51 50
51 92
51 94
51 96
52 1
52 23
52 39
52 54
52 56
52 73
52 76
52 94
53 32
53 60
53 61
53 64
53 67
53 78
53 82
54 17
54 26
54 37
54 42
54 64
54 67
54 77
54 79
54 81
55 1
55 4
55 5
55 13
55 43
55 62
55 67
55 86
56 31
56 33
56 54
56 65
56 78
56 84
57 21
57 23
57 28
57 44
57 60
57 61
57 76
57 92
58 5
58 11
58 27
58 35
58 49
58 83
58 85
58 88
58 91
59 8
59 10
59 21
59 67
59 69
59 94
59 99
60 7
60 11
60 14
60 19
60 28
60 33
60 69
60 70
60 85
60 87
61 9
61 27
61 29
61 45
61 59
61 73
61 82
61 97
62 20
62 24
62 25
62 30
62 33
62 37
62 76
62 93
63 1
63 2
63 14
63 29
63 48
63 79
63 92
63 98
64 3
64 7
64 50
64 62
64 65
65 25
65 44
65 50
65 77
66 7
66 18
66 32
66 38
66 40
66 43
66 67
66 70
66 96
67 28
67 29
67 42
67 73
67 75
67 90
68 11
68 36
68 41
68 51
68 59
68 86
68 87
68 92
68 96
69 6
69 24
69 40
69 54
69 55
69 72
69 75
69 77
69 81
69 83
69 88
69 97
70 9
70 21
70 22
70 26
70 64
70 67
70 71
70 86
70 90
70 91
71 17
71 26
71 30
71 34
71 35
71 61
71 62
71 67
71 83
72 7
72 29
72 43
72 44
72 65
72 80
73 19
73 21
73 28
73 37
73 63
73 77
73 99
74 8
74 16
74 18
74 51
74 62
74 75
75 13
75 35
75 51
75 73
75 100
76 8
76 23
76 28
76 37
76 43
76 44
76 49
76 56
76 60
76 64
76 99
77 17
77 28
77 39
77 51
77 63
77 64
77 79
77 81
77 84
77 87
77 95
77 97
78 4
78 20
78 33
78 40
78 55
78 67
78 91
78 100
79 21
79 33
79 58
79 92
79 98
80 3
80 12
80 26
80 30
80 41
80 97
81 15
81 20
81 39
81 45
81 47
81 75
81 82
81 97
82 2
82 14
82 29
82 45
82 63
82 77
82 78
83 22
83 34
83 41
83 46
83 49
83 54
83 64
83 72
83 84
83 95
84 1
84 29
84 53
84 54
84 68
84 70
85 4
85 9
85 13
85 53
85 74
85 77
85 92
86 9
86 13
86 22
86 46
86 59
86 62
86 73
86 87
87 4
87 6
87 15
87 19
87 25
87 35
87 61
87 73
87 92
87 94
87 98
88 11
88 14
88 18
88 24
88 28
88 33
88 40
88 51
88 52
88 53
88 63
88 66
88 73
88 90
89 42
89 55
89 74
89 81
89 88
89 90
89 96
89 99
90 10
90 41
90 43
90 65
90 85
91 6
91 8
91 24
91 31
91 35
91 37
91 42
91 45
91 52
91 61
91 62
92 23
92 49
92 83
92 100
93 28
93 58
93 59
93 74
93 82
93 87
93 96
94 4
94 18
94 34
94 54
94 61
94 72
94 75
95 12
95 15
95 16
95 25
95 33
95 40
95 45
95 47
95 64
95 67
95 69
95 76
95 80
95 84
95 86
95 100
96 8
96 13
96 15
96 34
96 47
96 62
96 71
96 80
97 13
97 55
97 63
97 65
97 75
97 79
97 83
97 98
97 99
98 1
98 4
98 10
98 12
98 13
98 19
98 25
98 52
98 83
98 100
99 14
99 35
99 44
99 68
99 69
99 90
100 1
100 18
100 26
100 28
100 29
100 46
100 58
100 83

