50 750
58 113 32 93 35 103 38 106 88 74 31 61 32 113 73 112 22 86 83 46 113 32 87 58 22 67 35 70 104 27 35 81 47 90 83 39 49 120 28 74 75 24 61 85 60 28 58 81 20 100 
1 2
1 4
1 7
1 11
1 14
1 17
1 18
1 19
1 20
1 36
1 37
1 42
1 45
1 47
1 50
2 6
2 11
2 14
2 16
2 20
2 24
2 25
2 26
2 27
2 31
2 38
2 43
3 5
3 8
3 13
3 15
3 28
3 29
3 35
3 50
4 10
4 11
4 12
4 16
4 18
4 20
4 21
4 23
4 25
4 27
4 31
4 34
4 35
4 37
4 40
4 41
4 42
4 44
4 45
4 47
4 48
5 4
5 10
5 14
5 15
5 17
5 18
5 23
5 24
5 26
5 33
5 40
5 42
5 45
6 1
6 3
6 5
6 10
6 11
6 16
6 19
6 20
6 23
6 25
6 26
6 28
6 31
6 33
6 36
6 39
6 41
6 45
6 48
6 49
7 3
7 5
7 6
7 11
7 15
7 17
7 22
7 24
7 25
7 29
7 36
7 39
7 43
7 46
7 48
8 1
8 9
8 12
8 17
8 18
8 19
8 22
8 23
8 24
8 25
8 29
8 31
8 33
8 36
8 37
8 42
8 44
8 47
9 1
9 2
9 5
9 6
9 7
9 10
9 12
9 15
9 16
9 18
9 22
9 26
9 27
9 30
9 32
9 33
9 40
9 42
9 48
10 1
10 2
10 8
10 13
10 15
10 18
10 20
10 22
10 24
10 29
10 33
10 34
10 35
10 36
10 40
10 50
11 10
11 18
11 19
11 22
11 27
11 28
11 29
11 34
11 35
11 39
11 40
11 43
11 44
11 49
12 1
12 6
12 21
12 22
12 28
12 30
12 33
12 36
12 37
12 38
12 39
12 43
12 45
12 49
12 50
13 1
13 2
13 5
13 6
13 7
13 9
13 11
13 19
13 23
13 25
13 27
13 37
14 3
14 11
14 12
14 13
14 16
14 24
14 28
14 32
14 34
14 35
14 37
14 42
14 43
14 48
14 49
15 4
15 12
15 16
15 19
15 21
15 27
15 31
15 34
15 37
15 40
15 48
15 50
16 1
16 3
16 5
16 7
16 13
16 20
16 24
16 29
16 36
16 39
16 40
16 42
16 45
16 46
17 2
17 3
17 10
17 11
17 12
17 13
17 21
17 24
17 25
17 36
17 40
17 41
17 42
17 46
18 3
18 6
18 12
18 14
18 19
18 20
18 26
18 27
18 28
18 29
18 34
18 39
18 42
18 45
18 48
18 50
19 2
19 5
19 12
19 16
19 17
19 20
19 30
19 33
19 34
19 36
19 38
19 43
19 46
19 50
20 5
20 8
20 9
20 14
20 22
20 23
20 24
20 26
20 27
20 32
20 33
20 37
20 39
20 44
20 49
20 50
21 1
21 2
21 8
21 9
21 14
21 18
21 19
21 20
21 31
21 32
21 33
21 36
21 40
21 43
21 44
21 46
21 48
21 50
22 1
22 5
22 19
22 29
22 30
22 31
22 32
22 33
22 36
22 39
22 41
22 42
22 43
22 47
23 1
23 3
23 7
23 9
23 11
23 12
23 14
23 15
23 17
23 18
23 19
23 21
23 26
23 31
23 34
23 40
23 43
23 46
23 47
23 49
24 3
24 4
24 11
24 13
24 15
24 18
24 19
24 23
24 27
24 33
24 34
24 36
24 44
24 47
25 1
25 3
25 11
25 12
25 21
25 22
25 23
25 24
25 28
25 32
25 33
25 34
25 35
25 36
25 37
25 38
25 41
25 43
25 44
25 46
26 1
26 4
26 8
26 12
26 24
26 29
26 32
26 34
26 35
26 38
26 42
26 43
27 3
27 5
27 6
27 7
27 8
27 12
27 14
27 17
27 21
27 22
27 25
27 26
27 28
27 29
27 39
27 42
27 46
27 50
28 2
28 10
28 17
28 20
28 23
28 26
28 32
28 34
28 37
28 38
28 41
28 46
28 47
29 1
29 2
29 6
29 9
29 14
29 23
29 25
29 33
29 35
29 36
29 38
29 40
29 42
29 47
29 49
29 50
30 2
30 6
30 7
30 10
30 20
30 24
30 27
30 28
30 32
30 38
30 44
30 45
30 47
30 48
31 1
31 5
31 11
31 12
31 13
31 16
31 17
31 19
31 20
31 25
31 29
31 30
31 32
31 43
31 46
31 48
32 4
32 8
32 11
32 12
32 13
32 15
32 16
32 17
32 18
32 19
32 23
32 35
32 40
32 41
32 42
32 43
32 50
33 11
33 13
33 16
33 17
33 18
33 23
33 26
33 27
33 28
33 30
33 32
33 37
33 40
33 41
33 46
33 49
33 50
34 1
34 5
34 13
34 17
34 22
34 27
34 33
34 38
34 44
35 5
35 7
35 12
35 15
35 18
35 24
35 27
35 30
35 33
35 39
35 43
35 49
36 3
36 4
36 14
36 15
36 31
36 35
36 38
36 42
36 43
36 46
36 47
36 50
37 2
37 3
37 9
37 18
37 19
37 21
37 29
37 32
37 38
37 39
37 41
37 42
37 43
37 44
37 46
37 47
37 48
38 4
38 6
38 7
38 10
38 17
38 18
38 20
38 21
38 32
38 35
38 40
38 42
38 47
38 49
39 1
39 2
39 3
39 4
39 5
39 9
39 15
39 19
39 23
39 24
39 28
39 29
39 33
39 34
39 41
39 42
39 48
40 6
40 7
40 8
40 12
40 18
40 24
40 26
40 30
40 34
40 35
40 36
40 39
40 41
40 44
40 48
40 49
40 50
41 1
41 3
41 10
41 14
41 15
41 16
41 20
41 24
41 26
41 30
41 35
41 38
41 42
41 44
41 45
41 47
42 6
42 7
42 11
42 15
42 21
42 28
42 31
42 44
42 45
43 3
43 5
43 8
43 9
43 17
43 18
43 27
43 30
43 33
43 34
43 38
43 39
43 41
43 44
44 1
44 2
44 6
44 7
44 10
44 12
44 14
44 23
44 26
44 29
44 32
44 33
44 38
44 49
44 50
45 2
45 7
45 11
45 13
45 20
45 22
45 23
45 26
45 28
45 29
45 34
45 35
45 38
45 39
45 43
45 48
46 1
46 2
46 4
46 5
46 10
46 11
46 12
46 18
46 20
46 22
46 26
46 32
46 34
46 40
46 41
46 43
46 44
46 47
46 48
46 49
47 2
47 5
47 7
47 9
47 11
47 13
47 17
47 18
47 20
47 21
47 27
47 31
47 32
47 45
47 49
48 8
48 16
48 23
48 24
48 27
48 28
48 29
48 33
48 34
48 36
48 41
48 42
48 43
48 44
49 8
49 17
49 18
49 21
49 26
49 27
49 37
49 42
49 45
49 50
50 2
50 4
50 7
50 9
50 16
50 23
50 24
50 26
50 37
50 38
50 39
50 42
50 43
50 45
50 48

