150 750
88 58 77 58 120 54 22 36 38 28 72 77 116 88 106 71 31 76 66 96 43 98 31 71 76 86 30 71 114 115 74 102 56 47 49 78 26 88 49 120 47 32 67 86 25 26 22 64 31 68 24 94 68 54 114 73 27 101 45 76 68 67 50 68 103 30 31 23 47 60 51 70 74 24 70 111 31 45 92 99 26 101 65 92 23 82 30 115 97 64 92 88 80 25 22 67 104 69 113 55 100 32 32 63 33 94 61 70 39 108 93 24 117 102 85 56 108 59 52 36 42 108 36 37 22 118 70 89 53 82 116 59 28 118 105 61 50 21 95 26 30 48 42 92 34 66 88 39 81 85 
1 4
1 77
1 102
1 118
1 133
1 144
2 24
2 51
2 53
2 100
2 120
3 11
3 53
3 64
3 75
3 126
3 144
4 18
4 28
4 52
4 60
4 65
4 91
4 97
4 119
4 125
5 14
5 32
5 36
5 79
5 109
5 132
6 51
6 121
6 138
7 49
7 50
7 126
7 138
8 21
8 35
8 55
8 60
8 118
8 150
9 29
9 55
9 74
9 113
9 117
10 18
10 29
10 59
10 92
11 4
11 18
11 89
11 102
12 31
12 50
12 143
13 26
13 30
13 42
13 64
13 140
14 7
14 10
14 12
14 26
14 38
14 46
14 73
14 99
15 10
15 60
15 100
15 105
15 139
15 140
16 31
16 57
16 93
16 104
17 11
17 29
17 95
17 112
17 115
17 119
18 1
18 14
18 43
18 48
18 76
18 83
19 34
19 97
19 138
19 141
20 31
20 44
20 49
20 73
20 118
20 121
20 144
21 2
21 6
21 18
21 33
21 75
21 103
22 11
22 44
22 65
22 77
22 80
23 1
23 7
23 29
23 38
23 142
23 146
24 25
24 42
24 85
24 87
24 91
24 107
24 137
25 5
25 54
25 61
25 85
25 108
25 133
26 11
26 25
27 20
27 48
27 58
27 65
27 73
27 84
27 137
28 23
28 80
28 83
28 90
28 92
28 109
28 120
28 127
29 4
29 15
29 141
30 88
30 149
31 50
31 58
31 90
32 6
32 17
32 69
32 79
32 101
32 102
32 113
32 116
32 133
32 141
33 6
33 32
33 125
34 54
34 66
34 97
34 147
35 30
35 84
35 95
35 127
36 16
36 21
36 65
36 77
36 131
36 147
37 31
38 46
38 50
38 99
38 150
39 23
39 79
39 81
39 98
39 99
40 10
40 22
40 35
40 111
40 125
40 142
40 149
41 13
41 31
41 44
41 107
41 123
41 129
41 145
42 21
42 25
42 45
42 61
42 67
42 77
42 113
42 117
42 126
43 54
43 62
43 115
43 142
44 42
44 120
45 5
45 19
45 24
45 36
45 73
45 120
45 142
46 10
46 63
46 111
46 112
46 119
47 64
47 71
47 85
47 86
48 6
48 34
48 41
48 45
49 21
49 99
49 110
49 133
50 51
50 70
50 92
50 149
51 4
51 19
51 20
51 31
51 135
51 141
52 1
52 25
52 81
52 88
52 89
52 135
53 14
53 21
53 43
53 62
54 101
54 110
55 23
55 38
55 42
55 43
55 75
55 110
55 125
56 46
56 74
56 92
56 113
56 130
57 45
57 53
57 64
57 67
57 80
57 83
57 125
58 34
58 36
58 63
58 64
58 108
58 122
59 15
59 24
59 44
59 60
59 79
60 2
60 12
60 57
60 75
60 86
60 144
61 11
61 77
61 86
62 11
62 12
62 14
62 17
62 45
62 67
62 77
62 86
63 23
63 28
63 77
63 92
63 105
63 124
64 5
64 23
64 74
64 124
64 127
64 129
65 50
65 57
65 71
65 94
65 107
65 139
66 21
66 24
66 86
66 107
66 121
67 101
67 111
67 119
67 136
67 137
67 148
68 53
68 69
68 81
68 108
69 9
69 34
69 72
70 25
70 73
70 74
70 133
70 136
70 142
71 18
71 48
71 97
71 113
72 25
72 33
72 39
72 89
72 116
72 118
72 147
73 102
73 106
73 146
74 1
74 16
74 30
74 150
75 16
75 69
75 101
75 114
75 117
75 149
76 3
76 42
76 93
76 106
76 128
77 69
77 71
77 91
77 93
77 135
78 11
78 16
78 20
78 35
78 54
78 79
78 81
78 145
79 10
79 122
79 134
80 16
80 38
80 46
80 119
80 147
81 7
81 45
81 47
81 48
81 56
81 122
81 133
82 24
82 25
82 88
82 104
82 112
82 145
83 22
83 62
83 111
83 150
84 11
84 36
84 102
84 130
84 146
86 26
86 52
86 71
86 82
87 14
87 34
87 102
87 112
88 1
88 21
88 28
88 37
88 47
88 111
88 121
88 137
88 143
89 10
89 56
89 63
89 101
89 106
90 5
90 17
90 25
90 94
90 116
90 144
91 16
91 60
91 83
91 107
91 110
91 121
91 130
92 53
92 79
92 108
93 7
93 49
93 115
93 124
93 139
94 17
94 41
94 101
94 135
94 140
95 50
95 116
95 148
96 25
96 52
96 132
96 136
97 2
97 54
97 57
97 102
97 123
97 125
97 142
98 51
98 54
98 77
98 120
98 148
99 16
99 60
99 86
99 119
99 131
100 72
100 95
101 35
101 62
101 79
101 114
101 147
102 26
102 90
102 91
102 99
102 117
102 144
103 79
103 85
104 25
104 27
105 20
105 55
105 145
106 53
106 60
107 40
107 98
107 122
107 133
107 144
108 19
108 41
108 131
109 3
109 18
109 56
109 64
109 100
109 116
110 17
110 21
110 116
111 1
111 13
111 15
111 98
111 104
111 128
112 36
112 43
112 44
112 45
112 57
112 140
112 148
113 23
113 25
113 26
113 51
113 107
114 5
114 12
114 68
114 150
115 23
115 56
115 61
115 96
115 125
115 128
116 98
116 140
117 15
117 33
117 49
118 3
118 16
118 71
118 81
118 113
118 142
119 60
119 61
119 90
119 102
119 108
120 107
120 135
120 141
121 17
121 22
121 76
121 124
122 3
122 5
122 27
122 32
122 56
122 80
122 109
122 112
123 23
123 136
124 18
124 35
124 45
124 102
124 108
125 1
125 70
125 107
125 149
126 18
126 30
126 44
126 75
126 144
127 3
127 22
128 8
128 9
128 103
128 106
128 110
128 112
128 120
128 145
129 9
129 30
129 52
129 71
129 74
129 102
130 1
130 3
130 15
130 22
130 31
130 39
130 49
130 66
130 138
130 145
131 34
131 52
131 65
131 67
131 76
131 120
131 144
132 12
132 21
132 41
132 43
132 113
132 123
132 124
132 126
132 128
132 138
133 6
133 43
133 90
133 119
134 12
134 36
135 31
135 61
135 66
135 75
135 85
135 125
136 10
136 41
136 65
136 88
136 129
136 131
137 2
137 13
137 18
137 44
137 47
137 52
137 82
137 86
138 13
138 15
138 25
138 29
138 38
138 112
138 134
139 10
139 37
139 51
139 70
139 75
139 102
139 114
140 11
140 19
140 52
140 71
140 141
141 25
141 57
141 60
142 1
142 58
142 73
142 99
142 105
142 113
142 143
143 38
143 105
143 124
144 23
145 17
145 28
145 68
145 98
145 144
146 98
146 102
146 112
147 38
147 79
147 85
148 28
148 41
148 49
148 80
148 115
148 146
148 150
149 35
149 37
149 77
149 84
150 45
150 61
150 113
150 132
150 138

