200 2000
120 97 44 37 29 35 41 51 57 38 112 59 54 52 21 30 75 55 112 120 117 85 23 22 81 59 77 53 87 54 120 73 111 56 78 59 39 55 61 70 56 43 56 47 106 93 107 34 58 101 75 51 115 92 50 21 30 26 76 119 61 48 91 87 95 114 86 99 114 57 118 110 107 33 117 114 54 94 74 62 31 76 84 61 110 67 60 30 58 23 69 34 22 79 70 28 43 41 21 79 64 57 86 86 118 47 105 64 30 95 99 46 114 102 39 85 81 108 84 108 36 36 43 99 37 120 113 106 43 113 70 114 40 88 21 76 99 36 31 64 112 120 34 50 72 30 46 91 57 99 74 66 63 21 59 119 100 116 99 67 26 99 76 42 42 51 39 98 20 117 49 103 43 83 85 31 33 101 99 98 56 82 53 41 97 50 75 62 111 94 88 93 45 20 103 107 87 54 38 116 
1 10
1 13
1 35
1 45
1 85
1 100
1 102
1 112
1 133
1 142
1 170
1 177
1 185
1 196
1 198
2 12
2 21
2 26
2 44
2 57
2 79
2 93
2 126
2 132
2 160
2 168
3 30
3 43
3 46
3 71
3 94
3 151
3 176
4 27
4 31
4 44
4 46
4 47
4 52
4 53
4 61
4 74
4 80
4 92
4 96
4 109
4 114
4 140
4 172
4 195
5 18
5 44
5 105
5 119
5 128
5 129
5 151
5 155
5 177
5 183
5 198
6 5
6 32
6 33
6 51
6 103
6 121
6 165
6 189
6 196
7 50
7 95
7 112
7 125
7 135
7 141
7 154
7 159
7 169
7 190
7 199
8 35
8 41
8 43
8 72
8 141
8 173
8 193
9 1
9 24
9 46
9 78
9 83
9 101
9 124
9 130
9 164
9 178
9 180
10 7
10 11
10 16
10 29
10 30
10 82
10 91
10 116
10 120
10 139
10 174
11 27
11 43
11 60
11 94
11 100
11 171
11 172
11 189
12 29
12 47
12 52
12 65
12 95
12 109
12 110
12 111
12 120
12 161
12 189
13 24
13 43
13 45
13 64
13 77
13 83
13 90
13 126
13 133
13 135
13 136
13 148
13 151
13 174
13 190
14 27
14 28
14 31
14 34
14 68
14 80
14 82
14 96
14 147
14 162
15 10
15 67
15 71
15 77
15 92
15 96
15 138
15 141
15 144
15 159
15 169
16 26
16 38
16 57
16 65
16 71
16 80
16 88
16 110
16 111
16 143
16 175
16 188
17 8
17 32
17 34
17 83
17 102
17 148
17 170
17 179
18 16
18 47
18 74
18 105
18 154
18 168
18 173
18 177
18 178
18 185
18 186
19 51
19 59
19 110
19 119
19 131
19 164
19 191
20 2
20 6
20 12
20 62
20 72
20 80
20 95
20 123
20 129
20 139
20 174
20 180
20 198
21 7
21 10
21 63
21 74
21 82
21 98
21 120
21 128
21 145
21 152
21 182
22 24
22 57
22 58
22 112
22 114
22 130
22 149
22 164
22 171
23 4
23 11
23 47
23 48
23 57
23 65
23 84
23 111
23 136
23 143
23 145
23 152
23 161
23 177
24 20
24 67
24 93
24 99
24 120
24 123
24 190
24 200
25 16
25 26
25 74
25 77
25 110
25 167
25 182
25 183
25 197
25 199
26 6
26 11
26 46
26 49
26 64
26 122
26 134
26 148
27 1
27 56
27 82
27 87
27 107
27 111
27 115
27 131
27 136
27 161
27 163
28 4
28 11
28 42
28 57
28 71
28 86
28 114
28 123
28 134
28 144
28 174
28 177
28 189
29 22
29 44
29 67
29 78
29 82
29 83
29 90
29 95
29 99
29 136
29 137
29 163
29 182
30 19
30 44
30 56
30 99
30 103
30 125
30 138
30 143
30 148
30 158
30 162
30 175
30 177
31 3
31 29
31 36
31 42
31 52
31 54
31 60
31 67
31 73
31 102
31 103
31 105
31 107
31 121
31 140
32 12
32 35
32 67
32 70
32 78
32 89
32 116
32 132
32 133
32 136
32 148
32 153
32 188
33 37
33 42
33 101
33 122
33 168
33 195
34 21
34 25
34 26
34 43
34 54
34 94
34 133
34 134
34 163
34 168
34 175
34 177
35 14
35 81
35 87
35 90
35 101
35 107
35 111
35 117
35 136
35 137
35 150
35 158
35 173
35 180
36 35
36 51
36 55
36 183
36 189
37 8
37 46
37 50
37 62
37 72
37 84
37 109
37 125
37 157
37 188
38 34
38 40
38 59
38 71
38 73
38 83
38 84
38 93
38 95
38 107
38 113
38 117
38 131
38 143
38 170
38 173
38 179
39 12
39 16
39 23
39 37
39 64
39 111
39 113
39 128
39 186
40 5
40 14
40 21
40 32
40 34
40 48
40 79
40 94
40 101
40 110
40 142
41 50
41 53
41 55
41 114
42 5
42 19
42 20
42 38
42 52
42 57
42 66
42 97
42 148
42 152
42 177
43 5
43 97
43 98
43 115
43 125
43 128
43 160
43 164
43 169
43 178
43 198
44 39
44 90
44 100
44 102
44 112
44 123
44 129
44 132
44 168
44 177
44 190
45 21
45 29
45 34
45 51
45 77
45 102
45 114
45 121
45 148
45 155
45 159
45 165
45 187
45 200
46 39
46 58
46 71
46 89
46 122
46 123
46 133
46 146
46 176
47 33
47 58
47 67
47 79
47 118
47 135
47 139
47 191
48 13
48 63
48 107
48 117
48 151
48 184
48 196
49 1
49 15
49 16
49 17
49 19
49 32
49 37
49 95
49 107
49 112
49 115
49 134
49 159
49 177
49 190
49 193
50 70
50 74
50 78
50 84
50 107
50 126
50 136
50 140
50 168
50 169
50 194
51 97
51 110
51 133
51 136
51 153
52 3
52 5
52 19
52 47
52 69
52 87
52 129
52 137
52 151
52 187
52 196
52 200
53 7
53 56
53 60
53 86
53 117
53 124
53 187
54 16
54 24
54 25
54 39
54 60
54 67
54 82
54 120
54 126
55 11
55 12
55 54
55 80
55 94
55 116
55 126
55 155
55 157
55 159
56 70
56 102
56 105
56 107
56 113
56 118
56 124
57 10
57 15
57 27
57 38
57 67
57 84
57 182
58 11
58 70
58 72
58 113
58 148
58 159
58 172
58 177
58 192
59 21
59 24
59 49
59 130
59 136
59 179
59 191
60 10
60 25
60 64
60 69
60 89
60 96
60 119
60 131
60 156
60 177
61 3
61 14
61 60
61 65
61 88
61 103
61 126
62 29
62 36
62 46
62 47
62 59
62 71
62 120
62 130
62 143
62 156
62 189
63 5
63 12
63 14
63 53
63 55
63 69
63 120
63 133
64 45
64 72
64 108
64 158
64 168
64 189
65 10
65 28
65 31
65 73
65 75
65 105
65 106
65 112
65 117
65 118
65 139
65 170
65 182
65 187
66 1
66 13
66 25
66 28
66 61
66 111
66 164
66 178
66 190
67 27
67 49
67 73
67 78
67 98
67 108
67 120
67 133
67 146
68 2
68 12
68 48
68 53
68 55
68 135
68 144
68 160
68 161
68 179
69 1
69 10
69 24
69 44
69 53
69 68
69 74
69 94
69 138
69 141
69 151
69 162
69 178
69 180
69 199
70 6
70 18
70 27
70 42
70 43
70 52
70 187
71 10
71 69
71 115
71 117
71 144
71 163
71 173
71 175
71 180
71 185
71 192
72 28
72 79
72 85
72 105
72 108
72 121
72 127
72 132
72 149
72 158
72 161
72 193
73 19
73 76
73 80
73 104
73 136
73 143
73 167
73 172
74 19
74 32
74 33
74 66
74 71
74 126
74 144
74 157
74 190
74 191
75 2
75 40
75 61
75 95
75 115
75 134
75 143
75 144
75 157
75 163
75 182
76 15
76 37
76 46
76 48
76 69
76 108
76 115
76 122
76 137
76 143
76 169
76 172
77 33
77 50
77 62
77 63
77 64
77 69
77 80
77 97
77 170
77 193
78 35
78 66
78 82
78 106
78 145
78 158
78 176
78 180
78 181
78 188
79 5
79 25
79 26
79 60
79 103
79 141
79 180
80 10
80 12
80 26
80 29
80 33
80 46
80 90
80 148
80 159
80 168
81 38
81 49
81 98
81 129
81 134
81 137
81 140
81 153
81 155
81 172
82 23
82 38
82 50
82 93
82 108
82 126
82 138
82 152
82 153
83 6
83 25
83 28
83 45
83 79
83 93
83 100
83 121
83 162
83 182
84 18
84 21
84 43
84 75
84 80
84 81
84 116
84 131
84 142
84 143
84 168
84 176
85 2
85 3
85 54
85 71
85 84
85 86
85 127
85 185
85 188
86 14
86 42
86 60
86 104
86 108
86 111
86 137
86 159
86 163
86 185
86 186
86 189
86 196
87 29
87 31
87 40
87 41
87 47
87 59
87 61
87 67
87 99
87 181
87 200
88 7
88 36
88 39
88 73
88 113
88 125
88 126
88 143
88 153
88 159
89 21
89 72
89 73
89 87
89 97
89 106
89 126
89 130
89 175
89 176
90 17
90 49
90 54
90 70
90 101
90 131
90 150
90 161
90 188
91 24
91 49
91 66
91 89
91 120
91 134
91 148
91 163
91 189
92 3
92 30
92 53
92 99
92 109
92 129
92 130
92 140
92 146
92 153
93 22
93 66
93 70
93 81
93 120
93 190
93 192
94 20
94 114
94 120
94 121
94 146
94 162
95 23
95 26
95 33
95 50
95 78
95 109
95 114
95 149
95 169
95 199
96 18
96 31
96 61
96 67
96 76
96 85
96 103
96 105
96 125
96 144
96 146
96 148
96 173
96 180
96 182
97 18
97 21
97 26
97 86
97 100
97 112
97 116
97 135
97 144
97 152
97 179
97 181
97 199
98 27
98 78
98 79
98 150
98 153
98 200
99 40
99 71
99 79
99 82
99 89
99 98
99 103
99 106
99 128
99 129
99 130
99 182
100 7
100 9
100 39
100 51
100 52
100 57
100 67
100 69
100 74
100 75
100 79
100 91
100 124
100 146
100 163
100 164
100 173
100 176
100 199
101 44
101 59
101 92
101 115
101 128
101 142
101 152
101 180
101 191
101 196
101 198
101 200
102 4
102 9
102 64
102 90
102 157
102 192
103 2
103 12
103 18
103 45
103 84
103 101
103 194
103 197
104 3
104 4
104 22
104 55
104 62
104 89
104 95
104 114
104 129
104 182
105 4
105 35
105 48
105 101
105 128
105 153
105 198
106 1
106 29
106 33
106 50
106 59
106 62
106 71
106 95
106 146
106 172
106 199
107 45
107 62
107 86
107 102
107 136
107 144
107 150
107 179
108 16
108 18
108 30
108 52
108 61
108 97
108 100
108 120
108 143
108 160
108 165
108 171
108 183
108 197
109 18
109 38
109 51
109 59
109 111
109 141
109 178
110 47
110 120
110 163
111 4
111 28
111 43
111 94
111 100
111 105
111 115
111 148
111 160
111 161
111 162
111 199
112 3
112 29
112 31
112 42
112 75
112 98
112 118
112 144
112 151
112 158
112 159
112 174
113 17
113 26
113 60
113 74
113 87
113 93
113 97
113 105
113 120
113 140
113 147
113 164
114 21
114 50
114 54
114 58
114 61
114 62
114 66
114 139
114 143
114 179
114 187
114 190
114 197
115 24
115 32
115 51
115 103
115 150
116 74
116 83
116 90
116 105
116 109
117 4
117 9
117 15
117 26
117 42
117 50
117 79
117 93
117 108
117 132
117 145
117 162
117 167
117 188
117 192
117 198
118 3
118 16
118 24
118 68
118 72
118 96
118 158
118 196
119 20
119 22
119 31
119 32
119 69
119 106
119 139
119 165
119 190
119 199
120 17
120 53
120 60
120 145
120 184
121 7
121 48
121 62
121 73
121 111
121 112
121 123
121 132
121 156
121 167
121 187
122 20
122 22
122 44
122 50
122 74
122 89
122 117
122 131
122 194
123 66
123 85
123 90
124 20
124 27
124 74
124 76
124 91
124 159
124 163
125 11
125 14
125 32
125 49
125 90
125 104
125 113
125 180
126 56
126 59
126 90
126 105
126 110
126 115
126 118
126 122
127 1
127 18
127 43
127 57
127 81
127 89
127 94
127 104
127 106
127 132
127 159
127 171
127 176
127 182
128 37
128 50
128 60
128 100
128 125
128 146
128 186
129 10
129 37
129 47
129 83
129 122
129 141
130 2
130 5
130 95
130 103
130 133
130 164
130 171
130 187
131 4
131 20
131 73
131 79
131 89
131 118
131 134
131 157
131 159
131 186
131 196
132 3
132 15
132 19
132 27
132 50
132 63
132 95
132 125
132 175
132 194
133 45
133 57
133 89
133 157
133 165
133 168
133 176
134 1
134 62
134 72
134 83
134 85
134 95
134 139
134 157
134 161
135 4
135 20
135 35
135 36
135 60
135 78
135 82
135 93
135 106
135 112
135 123
135 184
135 185
135 192
135 198
136 21
136 41
136 63
136 85
136 122
136 147
136 172
136 199
137 4
137 8
137 25
137 34
137 58
137 61
137 78
137 139
137 141
137 175
137 183
137 187
137 197
138 44
138 91
138 96
138 97
138 108
138 128
138 143
138 158
138 160
139 23
139 40
139 41
139 74
139 75
139 90
139 95
139 104
139 112
139 121
139 161
139 182
140 13
140 22
140 23
140 32
140 41
140 51
140 62
140 73
140 123
140 184
141 28
141 44
141 49
141 120
141 143
141 144
141 156
141 162
141 194
142 19
142 89
142 93
142 97
142 98
142 115
142 141
142 148
142 168
142 173
142 182
143 9
143 17
143 31
143 80
143 107
143 146
143 177
143 180
144 33
144 67
144 126
144 132
144 138
145 1
145 14
145 28
145 44
145 49
145 96
145 111
145 128
145 144
145 150
145 200
146 10
146 35
146 39
146 40
146 52
146 54
146 57
146 58
146 115
146 124
146 152
146 155
146 156
146 160
146 184
146 200
147 10
147 27
147 30
147 79
147 92
147 99
147 105
147 170
147 198
148 12
148 14
148 35
148 38
148 44
148 65
148 84
148 85
148 119
148 126
149 3
149 6
149 33
149 56
149 82
149 85
149 88
149 96
149 134
149 147
149 180
150 18
150 48
150 49
150 62
150 79
150 130
150 157
150 166
150 185
150 196
151 58
151 60
151 65
151 71
151 128
151 144
151 145
151 187
152 10
152 49
152 71
152 106
152 135
152 136
152 160
152 191
153 2
153 8
153 22
153 36
153 95
153 125
153 136
153 140
153 161
153 163
153 172
153 182
153 193
153 199
154 3
154 20
154 34
154 48
154 62
154 89
154 96
154 105
154 113
154 115
154 121
154 180
154 182
155 3
155 56
155 97
155 104
155 138
155 139
156 13
156 20
156 24
156 40
156 46
156 63
156 73
156 145
156 151
156 159
156 162
156 178
156 184
157 5
157 13
157 41
157 47
157 49
157 60
157 77
157 86
157 88
157 94
157 98
157 116
157 119
157 129
157 148
157 163
157 199
157 200
158 6
158 28
158 33
158 45
158 95
158 115
158 137
158 147
158 164
159 14
159 16
159 35
159 44
159 61
159 77
159 125
159 133
159 141
159 144
159 170
160 57
160 107
160 151
160 173
161 34
161 60
161 118
161 126
161 156
161 178
161 186
161 198
162 5
162 12
162 13
162 41
162 56
162 81
162 86
162 104
162 148
162 155
162 164
163 4
163 6
163 24
163 58
163 82
163 120
163 188
164 8
164 12
164 17
164 25
164 48
164 52
164 60
164 70
164 80
164 84
164 119
164 132
164 155
164 171
164 180
164 184
164 193
165 51
165 57
165 86
165 95
165 138
166 32
166 99
166 105
166 123
166 173
166 187
167 23
167 26
167 49
167 53
167 55
167 68
167 127
167 145
167 151
167 159
167 169
167 194
168 57
168 70
168 85
168 92
168 129
168 138
169 38
169 146
169 153
169 195
170 11
170 40
170 83
170 88
170 124
170 132
170 138
170 146
170 183
170 198
170 200
171 3
171 45
171 54
171 61
171 62
171 86
171 102
171 106
171 118
171 163
171 165
171 169
171 174
171 181
171 182
172 2
172 15
172 21
172 32
172 38
172 91
172 99
172 135
172 161
172 163
173 9
173 30
173 65
173 84
173 89
173 102
173 107
173 121
173 133
173 165
173 191
173 192
173 199
174 38
174 43
174 51
174 52
174 64
174 67
174 75
174 108
174 146
174 152
174 165
175 21
175 109
175 112
175 119
175 166
175 180
175 193
175 194
176 35
176 51
176 65
176 68
176 83
176 94
176 122
176 135
177 16
177 17
177 32
177 112
177 131
177 153
177 167
177 188
178 1
178 4
178 29
178 68
178 76
178 80
178 91
178 102
178 148
178 153
178 168
179 35
179 58
179 69
179 85
179 134
179 136
179 144
179 148
179 153
179 159
179 170
179 177
180 5
180 13
180 23
180 49
180 50
180 52
180 83
180 91
180 111
180 112
180 123
180 144
180 157
180 159
181 21
181 24
181 27
181 35
181 43
181 66
181 122
181 131
181 150
181 158
181 177
181 178
181 182
182 11
182 14
182 19
182 59
182 62
182 84
182 92
182 108
182 172
182 197
182 199
182 200
183 57
183 64
183 65
183 72
183 84
183 93
183 126
183 140
183 163
183 168
184 28
184 31
184 35
184 67
184 86
184 93
184 105
184 115
184 116
184 122
185 13
185 51
185 81
185 97
185 108
185 145
185 163
185 170
185 183
186 23
186 37
186 41
186 73
186 111
186 152
186 157
186 170
187 21
187 29
187 57
187 60
187 61
187 115
187 146
187 147
187 163
187 169
187 174
187 182
188 1
188 67
188 74
188 81
188 113
188 126
188 139
188 172
189 8
189 17
189 21
189 34
189 94
189 150
189 151
189 163
189 178
189 187
190 58
190 91
190 136
190 155
190 191
191 16
191 55
191 61
191 78
191 84
191 106
191 120
191 135
191 142
191 168
191 169
191 176
191 181
192 17
192 18
192 85
192 87
192 138
192 152
192 163
192 176
192 177
192 182
193 6
193 46
193 50
193 57
193 69
193 128
193 130
193 131
193 160
193 165
193 169
193 182
193 194
194 16
194 21
194 79
194 85
194 94
194 143
195 7
195 42
195 44
195 54
195 74
195 82
195 101
195 102
195 105
195 121
195 138
195 182
196 7
196 14
196 23
196 37
196 55
196 57
196 90
196 92
196 119
196 154
196 168
196 170
196 182
196 184
196 191
197 11
197 17
197 26
197 56
197 75
197 79
197 113
197 153
197 173
197 176
198 9
198 10
198 17
198 85
198 142
198 149
198 152
198 175
199 13
199 26
199 48
199 108
199 128
199 139
199 175
199 191
200 32
200 34
200 70
200 82
200 124
200 126
200 177
200 195

