200 2000
27 61 21 26 70 91 108 73 58 27 69 90 42 74 78 87 37 78 113 83 107 38 118 54 61 27 57 58 54 37 94 119 63 69 37 109 53 61 103 39 45 97 34 88 28 111 51 40 73 80 51 84 98 97 41 87 100 25 99 92 59 109 90 20 69 107 81 99 53 46 48 102 120 44 57 79 60 94 113 110 76 96 118 39 91 108 99 73 93 77 46 33 66 112 66 58 22 73 65 106 30 97 43 71 117 29 41 89 39 30 57 116 78 62 32 98 39 65 29 53 119 79 90 59 101 62 45 117 43 84 57 105 37 98 25 111 109 32 120 21 55 79 45 57 55 71 34 100 45 93 113 84 40 94 101 61 93 34 118 47 23 30 92 52 23 24 40 37 20 59 87 91 96 93 42 23 34 69 33 97 40 80 64 91 54 82 54 90 65 52 49 44 52 120 100 61 23 86 32 114 
1 53
1 85
1 115
1 136
1 141
1 148
1 152
1 173
1 187
1 190
2 18
2 23
2 96
2 151
3 1
3 12
3 26
3 45
3 114
3 138
3 144
3 156
3 167
3 186
3 192
3 196
3 200
4 28
4 29
4 47
4 69
4 73
4 82
4 85
4 88
4 130
4 179
5 6
5 32
5 38
5 47
5 55
5 64
5 89
5 95
5 101
5 111
5 133
5 145
5 181
5 183
5 188
5 189
5 196
6 4
6 35
6 64
6 85
6 88
6 109
6 146
6 156
6 158
7 9
7 18
7 38
7 61
7 83
7 86
7 91
7 92
7 107
7 146
7 168
7 187
7 199
8 43
8 76
8 78
8 144
9 16
9 27
9 56
9 84
9 86
9 87
9 92
9 109
9 110
9 119
9 138
9 173
9 195
9 199
9 200
10 2
10 14
10 21
10 22
10 34
10 37
10 48
10 81
10 87
10 100
10 140
10 159
10 160
10 182
11 29
11 65
11 71
11 73
11 121
11 125
11 137
11 188
12 4
12 43
12 49
12 56
12 110
12 134
12 171
12 183
12 192
13 48
13 54
13 93
13 99
13 100
13 130
13 162
13 170
13 172
13 178
14 23
14 25
14 57
14 59
14 71
14 79
14 97
14 123
14 133
14 143
14 153
14 190
15 12
15 90
15 117
15 119
15 129
15 139
15 144
15 162
15 188
16 1
16 8
16 12
16 22
16 25
16 81
16 101
16 113
16 129
16 200
17 5
17 23
17 82
17 96
17 153
17 166
17 172
17 184
17 193
18 65
18 93
18 108
18 112
18 115
18 132
18 137
18 161
18 176
19 3
19 42
19 58
19 70
19 71
19 95
19 104
19 113
19 141
19 156
19 159
19 169
19 173
19 175
20 13
20 17
20 34
20 79
20 113
20 155
20 196
21 67
21 68
21 104
21 143
21 200
22 15
22 33
22 37
22 38
22 46
22 79
22 113
22 164
22 172
22 177
23 15
23 34
23 72
23 82
23 124
23 140
23 154
23 155
23 157
23 161
23 166
23 179
23 186
24 1
24 16
24 66
24 115
24 125
24 144
24 158
24 172
24 177
25 1
25 36
25 63
25 97
25 119
25 143
25 149
25 152
25 165
25 188
26 45
26 78
26 82
26 139
26 145
26 163
26 168
26 173
26 196
27 29
27 81
27 90
27 95
27 106
27 115
27 117
27 195
28 14
28 70
28 98
28 100
28 121
28 172
28 193
28 199
29 1
29 2
29 10
29 55
29 68
29 71
29 113
29 132
29 160
29 163
29 190
30 22
30 36
30 69
30 109
30 116
30 156
30 162
30 169
30 186
31 5
31 12
31 24
31 39
31 41
31 63
31 113
31 137
31 145
31 189
31 192
32 6
32 17
32 24
32 54
32 139
32 150
32 172
32 199
33 3
33 39
33 44
33 57
33 73
33 125
33 154
33 179
33 180
34 13
34 14
34 53
34 113
34 132
34 135
34 158
34 166
34 193
35 25
35 61
35 81
35 91
35 100
35 105
35 106
35 114
35 166
35 167
35 187
35 188
35 189
35 194
36 12
36 40
36 83
36 86
36 97
36 124
36 142
36 148
37 6
37 15
37 45
37 102
37 107
37 133
37 161
37 172
37 175
37 177
37 200
38 31
38 36
38 85
38 92
38 154
38 186
39 19
39 25
39 78
39 130
39 155
39 164
39 168
39 172
39 197
40 11
40 12
40 22
40 43
40 94
40 98
40 103
40 122
40 136
40 163
40 171
41 27
41 49
41 92
41 100
41 110
41 112
41 150
41 155
41 189
42 16
42 32
42 39
42 86
42 107
42 118
42 119
42 181
42 195
42 197
43 1
43 29
43 31
43 56
43 62
43 110
43 122
43 127
43 129
43 131
43 166
43 173
43 175
43 180
44 21
44 26
44 38
44 50
44 53
44 109
44 167
44 181
45 14
45 19
45 28
45 32
45 42
45 85
45 86
45 131
45 146
45 174
45 195
46 11
46 12
46 21
46 42
46 56
46 60
46 100
46 111
46 137
46 190
46 195
47 44
47 81
47 121
47 146
47 158
47 161
47 174
47 180
47 187
48 7
48 57
48 92
48 146
48 181
48 193
48 194
49 10
49 11
49 14
49 30
49 34
49 43
49 48
49 69
49 70
49 120
49 122
49 140
49 142
49 157
50 13
50 14
50 64
50 67
50 90
50 104
50 116
50 139
50 144
50 148
50 154
51 37
51 60
51 75
51 105
51 163
51 186
52 68
52 92
52 98
52 146
52 149
52 179
52 180
52 181
53 64
53 67
53 75
53 103
53 165
53 167
53 185
54 5
54 72
54 74
54 110
54 114
54 138
54 158
55 14
55 50
55 76
55 81
55 88
55 117
55 126
55 137
55 165
56 24
56 64
56 71
56 77
56 100
56 164
56 167
56 169
56 171
57 10
57 29
57 38
57 54
57 62
57 80
57 98
57 112
57 140
57 151
57 164
57 168
58 36
58 50
58 79
58 81
58 82
58 94
58 122
58 124
58 179
59 30
59 93
59 102
59 105
59 113
59 188
59 190
59 196
59 200
60 11
60 47
60 90
60 103
60 124
60 161
60 181
61 12
61 17
61 41
61 42
61 45
61 68
61 96
61 97
61 101
61 113
61 141
61 189
62 12
62 24
62 31
62 50
62 63
62 74
62 125
62 127
62 137
62 156
62 191
62 194
62 199
62 200
63 13
63 14
63 24
63 79
63 120
63 136
63 143
63 190
63 196
64 7
64 32
64 77
64 87
64 89
64 94
64 127
64 141
64 152
64 183
65 3
65 12
65 27
65 31
65 40
65 99
65 113
65 143
65 159
65 170
66 31
66 43
66 59
66 90
66 93
66 111
66 114
66 121
66 123
66 139
66 164
66 173
66 174
67 20
67 39
67 81
67 100
67 127
67 134
67 138
67 153
67 170
67 196
68 34
68 72
68 83
68 86
68 87
68 90
68 116
68 134
68 139
68 171
68 187
69 12
69 16
69 27
69 44
69 47
69 50
69 68
69 84
69 106
69 135
69 148
69 171
69 177
70 6
70 12
70 39
70 57
70 91
70 100
70 121
70 122
70 124
70 140
70 142
70 153
70 155
70 156
70 169
71 5
71 27
71 33
71 81
71 101
71 134
71 146
71 151
71 152
71 157
71 171
71 185
72 8
72 22
72 24
72 36
72 44
72 52
72 69
72 78
72 94
72 99
72 104
72 116
72 147
72 153
72 169
72 172
72 176
72 191
73 58
73 76
73 92
73 93
73 112
73 123
73 165
73 189
73 199
74 28
74 31
74 71
74 72
74 86
74 93
74 196
75 38
75 158
75 179
76 30
76 47
76 68
76 81
76 127
76 129
76 177
76 195
76 196
77 18
77 25
77 50
77 66
77 101
77 111
77 145
77 151
77 162
77 174
78 31
78 50
78 93
78 126
78 166
78 184
79 25
79 67
79 73
79 127
79 135
79 145
79 147
79 156
79 196
80 7
80 8
80 21
80 49
80 126
80 127
80 129
80 185
81 24
81 32
81 33
81 36
81 63
81 79
81 83
81 100
81 116
81 143
82 5
82 39
82 84
82 105
82 119
82 163
82 167
82 169
82 171
82 177
82 178
83 55
83 76
83 101
83 115
83 118
83 164
83 167
84 2
84 36
84 45
84 51
84 63
84 92
84 114
84 126
84 157
85 13
85 27
85 35
85 47
85 49
85 126
85 137
85 142
85 145
86 17
86 50
86 92
86 95
86 119
86 128
86 145
86 180
86 193
87 21
87 69
87 113
87 117
87 125
87 135
87 137
87 138
87 139
87 146
87 157
87 164
87 172
88 2
88 3
88 5
88 22
88 52
88 73
88 78
88 93
88 135
88 149
88 193
89 3
89 9
89 54
89 55
89 61
89 68
89 107
89 108
89 109
89 131
89 138
89 158
89 162
89 165
89 184
89 197
90 7
90 53
90 55
90 62
90 65
90 91
90 106
90 142
91 51
91 85
91 136
91 177
91 181
92 28
92 69
92 74
92 160
92 192
92 194
93 30
93 91
93 137
93 173
93 194
94 8
94 89
94 125
94 126
94 196
95 4
95 12
95 51
95 52
95 74
95 97
95 136
95 137
95 141
95 176
95 197
96 41
96 44
96 55
96 60
96 100
96 107
96 119
96 133
96 146
96 152
96 154
96 172
97 18
97 48
97 71
97 77
97 114
97 116
97 121
97 137
97 173
98 9
98 10
98 34
98 53
98 66
98 89
98 91
98 100
98 131
98 140
98 142
98 145
98 160
98 182
99 3
99 16
99 33
99 54
99 71
99 81
99 83
99 92
99 102
99 159
99 176
99 197
100 2
100 42
100 58
100 69
100 86
100 91
100 125
100 139
100 175
100 200
101 7
101 9
101 34
101 62
101 69
101 81
101 132
101 133
101 162
101 165
101 166
101 175
101 180
101 191
102 9
102 30
102 57
102 65
102 70
102 74
102 88
102 117
102 124
102 164
103 4
103 9
103 18
103 20
103 32
103 45
103 71
103 83
103 84
103 89
103 97
103 112
103 125
103 160
103 165
103 172
103 188
103 189
103 198
104 15
104 28
104 39
104 52
104 59
104 86
104 96
104 142
104 153
104 158
104 159
104 161
104 173
104 183
104 198
105 8
105 55
105 57
105 63
105 71
105 136
105 163
105 171
105 176
105 191
106 14
106 20
106 49
106 61
106 66
106 80
106 82
106 86
106 88
106 163
107 16
107 29
107 35
107 62
107 97
107 99
107 125
107 160
107 196
107 199
108 27
108 84
108 152
108 161
108 183
109 49
109 68
109 70
109 75
109 86
109 104
109 157
109 158
109 190
109 194
110 14
110 23
110 28
110 64
110 80
110 84
110 100
110 109
110 120
110 136
110 193
111 83
111 88
111 107
111 146
111 159
111 161
111 162
111 179
111 184
112 5
112 9
112 14
112 40
112 42
112 58
112 77
112 88
112 102
112 104
112 118
112 145
112 185
112 194
113 6
113 36
113 54
113 55
113 89
113 146
113 170
113 185
113 187
114 8
114 13
114 14
114 22
114 27
114 95
114 134
114 141
114 170
114 172
114 174
115 20
115 47
115 53
115 58
115 77
115 91
115 95
115 118
115 129
115 137
115 157
115 162
115 193
115 197
116 35
116 48
116 58
116 84
116 108
116 111
116 117
116 122
116 160
116 165
116 171
116 190
116 192
116 198
117 8
117 41
117 45
117 52
117 72
117 80
117 100
117 101
117 144
117 162
117 169
117 180
118 11
118 55
118 96
118 102
118 116
118 145
118 173
118 175
119 6
119 8
119 33
119 34
119 55
119 74
119 81
119 83
119 95
119 107
119 115
119 151
119 168
119 175
119 196
120 13
120 17
120 41
120 45
120 84
120 149
120 160
120 180
121 7
121 54
121 55
121 65
121 86
121 100
121 104
121 113
121 117
121 138
121 175
121 190
122 17
122 28
122 36
122 65
122 79
122 98
122 119
122 120
122 121
122 143
122 148
122 165
122 180
122 189
122 198
123 7
123 11
123 21
123 43
123 60
123 95
123 104
123 109
123 117
123 188
123 197
124 2
124 12
124 25
124 29
124 35
124 43
124 95
124 98
124 158
124 171
124 179
124 183
124 194
125 22
125 34
125 71
125 95
125 115
125 148
125 151
125 169
125 179
125 191
125 199
126 16
126 20
126 57
126 96
126 98
126 113
126 139
126 146
126 149
127 4
127 26
127 27
127 50
127 75
127 78
127 97
127 100
127 103
127 108
127 137
127 162
127 200
128 18
128 22
128 55
128 81
128 111
128 142
128 173
128 184
129 13
129 66
129 87
129 141
129 152
129 173
129 175
129 191
129 193
130 37
130 101
130 126
130 159
130 194
131 10
131 14
131 16
131 25
131 30
131 34
131 48
131 56
131 114
131 134
131 152
131 169
131 191
131 194
132 1
132 65
132 73
132 79
132 142
132 162
132 164
132 167
132 168
133 4
133 35
133 38
133 76
133 85
133 106
133 124
133 163
133 183
134 24
134 32
134 40
134 84
134 104
134 122
134 157
135 2
135 4
135 65
135 100
135 106
135 140
135 147
135 158
135 171
135 189
135 197
136 6
136 50
136 69
136 71
136 76
136 82
136 87
136 106
136 119
136 127
136 146
136 187
136 189
137 6
137 75
137 81
137 92
137 107
137 123
138 2
138 7
138 22
138 71
138 74
138 97
138 107
138 129
138 172
139 14
139 19
139 20
139 37
139 59
139 78
140 30
140 111
140 114
140 115
140 131
140 159
140 168
140 173
141 10
141 31
141 74
141 75
141 76
141 130
141 132
141 147
141 155
141 163
141 175
142 6
142 9
142 21
142 39
142 44
142 58
142 93
142 111
142 118
142 135
142 149
142 170
142 194
143 22
143 44
143 54
143 69
143 102
143 113
143 114
143 129
143 130
143 148
143 160
143 164
143 198
144 4
144 5
144 22
144 30
144 123
144 124
144 138
144 143
145 58
145 76
145 81
145 89
145 92
145 108
145 116
145 146
146 14
146 31
146 32
146 43
146 54
146 60
146 149
146 166
146 179
147 19
147 38
147 42
147 56
147 92
147 97
147 100
147 134
147 142
147 149
148 3
148 17
148 77
148 85
148 167
148 173
148 189
149 32
149 41
149 90
149 145
149 175
149 200
150 15
150 23
150 35
150 88
150 89
150 92
150 95
150 114
150 181
151 9
151 14
151 104
151 106
151 114
151 120
151 128
151 160
151 170
151 182
152 9
152 23
152 24
152 27
152 31
152 45
152 82
152 92
152 142
152 179
152 190
152 194
153 2
153 49
153 58
153 63
153 64
153 80
153 93
153 98
153 101
153 141
153 155
153 158
153 178
153 184
154 17
154 39
154 64
154 89
154 115
154 127
154 159
154 173
154 185
154 197
155 65
155 75
155 98
155 198
156 15
156 23
156 64
156 65
156 82
156 116
156 138
156 140
156 143
156 160
156 179
156 194
156 196
157 13
157 18
157 27
157 39
157 57
157 58
157 76
157 110
157 122
157 139
157 173
157 181
158 9
158 65
158 74
158 121
158 126
158 143
158 168
158 174
158 179
158 191
159 23
159 37
159 60
159 66
159 70
159 90
159 110
159 112
159 157
159 160
159 179
160 26
160 33
160 55
160 88
160 99
160 129
160 173
160 188
160 194
161 17
161 42
161 64
161 72
161 73
161 88
161 100
161 178
161 181
161 183
161 192
161 193
162 54
162 125
162 128
162 143
163 15
163 22
163 28
163 38
163 52
163 63
163 64
163 87
163 93
163 97
163 102
163 103
163 131
163 140
163 149
163 154
164 24
164 75
164 96
164 97
164 104
164 106
164 123
164 140
165 32
165 97
165 112
165 134
165 141
165 143
165 150
165 151
165 175
166 28
166 48
166 51
166 64
166 79
166 89
166 91
166 95
166 116
166 145
166 171
167 2
167 12
167 21
167 69
167 97
167 102
167 137
167 140
167 175
167 184
168 1
168 65
168 70
168 78
168 84
168 95
168 96
168 102
168 135
168 138
168 143
168 146
168 190
169 5
169 8
169 24
169 39
169 75
169 118
169 163
169 191
169 194
170 1
170 6
170 53
170 131
170 157
170 179
170 190
170 194
171 4
171 15
171 27
171 54
171 66
171 90
171 91
171 100
171 106
171 118
171 119
171 130
171 198
172 36
172 38
172 71
172 77
172 91
172 93
172 111
172 115
172 130
172 135
172 136
172 139
172 159
172 169
172 171
173 30
173 39
173 56
173 82
173 101
173 113
173 142
173 199
174 3
174 12
174 13
174 25
174 46
174 72
174 73
174 100
174 122
174 143
174 155
174 162
174 173
175 27
175 79
175 102
175 114
175 124
175 156
175 157
176 11
176 39
176 84
176 85
176 110
176 118
176 135
176 138
176 139
176 151
176 167
176 173
176 175
177 2
177 20
177 38
177 53
177 63
177 79
177 101
177 129
177 140
177 167
177 172
177 178
178 6
178 36
178 84
178 120
178 137
178 185
178 192
178 195
179 22
179 63
179 69
179 176
180 5
180 10
180 20
180 29
180 35
180 37
180 39
180 61
180 108
180 112
180 128
180 138
180 163
180 196
181 4
181 7
181 51
181 61
181 76
181 80
181 88
181 105
181 107
181 112
181 133
181 143
181 152
181 167
181 168
181 170
182 78
182 86
182 88
182 108
182 118
182 125
182 162
182 181
182 194
183 103
183 134
183 138
183 143
183 153
183 189
184 98
184 102
184 122
184 139
184 197
185 79
185 98
185 128
185 139
185 141
185 171
186 26
186 63
186 70
186 93
186 96
186 104
186 139
186 149
186 154
186 169
186 181
187 44
187 74
187 116
187 138
187 151
187 154
187 160
188 28
188 76
188 115
188 116
188 137
188 199
189 69
189 75
189 96
189 104
189 108
189 132
189 134
189 153
189 156
189 186
189 191
190 33
190 45
190 49
190 54
190 58
190 62
190 74
190 77
190 79
190 105
190 106
190 130
190 138
190 158
190 178
191 7
191 25
191 54
191 79
191 96
191 99
191 112
191 147
192 20
192 51
192 77
192 91
192 113
192 119
192 148
192 158
193 16
193 30
193 39
193 43
193 44
193 73
193 103
193 119
193 130
193 137
193 155
193 181
193 200
194 32
194 56
194 101
194 107
194 150
194 154
195 2
195 44
195 52
195 60
195 107
195 135
195 141
196 24
196 27
196 36
196 54
196 58
196 83
196 89
196 115
196 126
196 130
196 159
197 15
197 34
197 44
197 58
197 60
197 64
197 107
197 111
197 120
197 128
197 137
197 148
197 163
197 193
198 19
198 31
198 36
198 41
198 59
198 84
198 121
198 147
198 186
199 52
199 90
199 97
199 118
199 120
199 127
199 146
199 184
199 190
199 191
199 197
200 50
200 64
200 88
200 97
200 102
200 150
200 166
200 173

