300 300
47 83 60 66 23 39 76 69 65 120 104 112 25 36 68 103 98 48 56 31 53 56 53 75 94 81 38 75 112 51 35 67 36 41 38 117 53 64 63 80 64 81 81 65 23 103 65 20 65 106 97 46 80 88 36 50 35 90 23 83 82 76 26 78 55 41 22 102 105 99 63 35 83 49 48 88 71 116 39 40 113 99 62 71 82 105 64 60 52 76 44 66 59 63 78 58 107 116 21 40 77 47 67 88 92 28 51 24 50 35 70 30 21 52 34 68 33 92 41 74 23 75 111 49 103 65 40 85 84 109 118 98 79 116 90 31 117 72 32 106 77 28 107 20 73 34 35 50 68 112 73 39 31 118 38 75 59 118 65 51 45 56 90 68 118 29 81 27 65 64 103 49 52 98 36 47 77 88 103 96 38 89 72 58 109 36 60 90 106 59 87 82 112 105 53 95 111 57 113 91 69 22 114 75 118 34 109 44 75 57 66 40 55 82 113 30 76 54 104 73 116 41 52 67 43 40 118 61 42 115 91 68 72 111 117 96 103 56 39 98 96 60 27 75 93 20 37 80 82 36 21 69 29 30 112 45 66 106 73 47 110 63 90 46 60 107 60 85 88 43 116 94 111 89 119 63 100 39 24 46 59 111 114 28 90 76 44 120 80 23 64 91 45 31 63 44 83 73 72 89 
2 252
5 24
5 100
5 256
6 247
7 38
8 208
9 284
10 268
11 191
11 258
13 17
13 226
13 287
14 152
15 281
16 70
17 5
17 85
18 209
18 289
19 35
21 14
21 18
21 272
22 284
23 79
23 194
24 27
24 57
24 111
26 185
30 98
31 202
32 291
33 283
35 120
38 227
38 284
41 246
45 187
45 233
45 265
46 1
46 71
47 64
47 83
49 21
49 76
51 284
53 42
55 268
56 119
56 160
57 171
57 226
58 93
58 159
58 277
58 293
59 11
60 190
61 173
61 190
61 235
63 83
63 103
64 153
65 108
65 226
67 91
69 123
69 142
74 191
77 232
78 166
79 163
79 236
81 94
81 141
82 19
82 221
83 148
83 150
83 177
83 269
84 44
85 210
87 80
87 103
89 194
90 107
90 206
91 4
92 108
93 5
95 204
95 265
96 9
97 261
102 66
102 217
104 95
104 173
104 279
105 233
106 33
106 149
107 40
109 85
109 163
111 126
112 22
112 80
114 81
114 116
115 35
116 64
117 4
118 23
119 145
120 248
121 53
121 112
121 126
121 212
123 11
124 90
124 112
124 170
124 299
125 294
126 213
127 22
132 129
133 266
134 113
134 152
135 21
135 146
137 50
137 287
139 249
141 290
143 149
143 199
143 262
144 98
144 175
145 71
145 192
145 217
146 25
146 47
147 255
149 72
149 151
151 204
151 279
152 259
154 286
155 198
156 21
157 118
157 169
157 215
158 194
159 98
159 239
160 84
160 85
162 202
162 205
162 271
164 148
164 267
165 166
168 227
169 248
170 99
170 151
170 266
172 42
172 155
173 176
174 46
174 169
174 216
175 129
177 206
178 75
179 257
184 115
186 190
186 238
187 238
187 278
188 203
192 28
192 129
192 190
193 28
193 163
194 129
194 148
195 219
197 66
197 126
197 235
198 218
199 45
199 190
201 7
203 215
204 5
206 50
206 83
206 126
206 180
206 282
206 290
209 95
210 153
210 189
214 225
215 38
215 263
217 223
218 1
219 157
220 146
221 272
222 250
225 171
228 150
229 32
231 294
232 59
232 214
233 199
234 108
236 166
238 231
242 76
242 167
242 276
243 31
244 197
247 51
248 21
248 148
248 187
248 294
249 33
249 171
253 58
253 182
253 196
253 268
254 118
255 42
258 120
258 165
262 201
262 212
262 247
263 213
264 5
265 134
266 27
266 157
268 280
270 78
270 246
271 136
271 139
272 269
273 181
275 179
275 216
277 243
277 279
279 223
281 49
281 183
282 226
282 238
283 150
283 241
284 75
284 260
287 31
288 191
288 198
291 221
292 47
292 213
292 246
297 138
299 288

