150 2000
74 112 114 35 111 104 84 112 68 80 71 72 79 50 95 103 70 96 25 93 97 21 42 100 38 24 31 100 49 21 29 110 80 93 101 68 79 70 76 51 85 95 105 43 55 111 92 90 37 55 64 34 24 45 74 24 68 57 82 34 90 116 99 70 20 85 53 67 80 23 69 25 71 45 57 103 39 105 50 84 103 120 47 47 28 93 81 119 116 97 69 52 119 23 111 103 69 69 75 64 117 102 86 73 56 59 98 67 80 28 52 53 92 96 65 84 58 72 108 69 110 109 34 83 88 103 113 70 62 110 67 30 52 54 34 44 94 90 48 45 25 42 51 67 32 73 118 78 85 28 
1 4
1 10
1 30
1 33
1 52
1 74
1 77
1 81
1 87
1 132
1 138
2 38
2 48
2 53
2 59
2 64
2 67
2 72
2 116
2 136
2 148
2 150
3 18
3 26
3 28
3 30
3 46
3 94
3 137
4 8
4 20
4 35
4 41
4 51
4 54
4 59
4 73
4 83
4 116
4 117
4 133
5 3
5 29
5 47
5 76
5 92
5 117
6 5
6 29
6 30
6 33
6 36
6 40
6 49
6 59
6 93
6 97
6 101
6 130
6 132
6 150
7 3
7 5
7 6
7 12
7 24
7 31
7 79
7 80
7 114
7 119
7 127
7 138
7 147
8 19
8 24
8 30
8 34
8 44
8 54
8 56
8 64
8 75
8 81
8 89
8 111
8 115
8 116
8 120
8 130
8 144
8 149
9 6
9 25
9 36
9 42
9 59
9 75
9 100
9 102
9 113
9 133
9 149
9 150
10 9
10 12
10 20
10 44
10 53
10 86
10 94
10 101
10 108
10 128
10 133
10 143
11 50
11 68
11 82
11 97
11 116
11 145
11 149
12 15
12 18
12 34
12 35
12 37
12 48
12 49
12 77
12 106
12 116
12 119
12 132
13 9
13 12
13 27
13 119
13 132
13 133
13 134
13 143
14 18
14 35
14 41
14 55
14 61
14 66
14 68
14 75
14 97
14 98
14 105
14 113
14 131
14 133
14 135
14 137
14 149
15 3
15 4
15 13
15 21
15 35
15 36
15 43
15 45
15 53
15 59
15 93
15 119
15 121
15 138
15 144
15 150
16 1
16 40
16 41
16 48
16 49
16 52
16 65
16 75
16 79
16 86
16 103
16 104
16 110
16 117
16 121
16 122
16 139
16 141
16 148
17 4
17 73
17 78
17 82
17 91
17 97
17 101
17 109
17 118
17 126
17 135
17 137
17 141
18 1
18 4
18 11
18 17
18 39
18 46
18 81
18 88
18 100
18 121
19 4
19 10
19 16
19 26
19 27
19 43
19 89
19 92
19 95
19 103
19 104
19 126
19 128
19 142
19 144
19 146
20 15
20 31
20 33
20 38
20 39
20 54
20 62
20 77
20 80
20 82
20 98
20 102
20 129
20 130
20 139
21 7
21 16
21 42
21 48
21 50
21 64
21 67
21 70
21 76
21 100
21 129
21 136
21 145
21 150
22 34
22 77
22 81
22 88
22 104
22 110
22 114
22 147
23 38
23 39
23 43
23 53
23 65
23 108
23 143
24 2
24 6
24 18
24 23
24 26
24 34
24 36
24 41
24 49
24 50
24 85
24 95
24 104
24 113
24 120
24 139
24 141
24 142
25 15
25 21
25 31
25 34
25 52
25 57
25 71
25 76
25 81
25 85
25 96
25 112
25 131
25 142
25 148
25 150
26 7
26 8
26 9
26 41
26 60
26 84
26 100
26 103
26 120
26 146
26 147
27 8
27 52
27 59
27 75
27 83
27 91
27 94
27 101
27 122
27 129
27 131
27 133
28 5
28 15
28 22
28 27
28 30
28 35
28 38
28 55
28 58
28 67
28 82
28 107
28 116
28 124
28 126
28 141
28 142
29 4
29 9
29 13
29 71
29 82
29 93
29 94
29 108
29 139
30 14
30 29
30 46
30 51
30 65
30 66
30 67
30 101
30 115
30 120
30 135
30 138
31 21
31 43
31 51
31 52
31 54
31 63
31 70
31 94
31 95
31 104
31 124
31 146
32 15
32 34
32 41
32 57
32 60
32 90
32 100
32 101
32 103
32 112
32 121
32 130
33 12
33 21
33 39
33 44
33 48
33 59
33 62
33 77
33 100
33 102
33 107
33 116
33 137
34 9
34 28
34 31
34 44
34 55
34 86
34 93
34 111
34 112
34 113
34 124
34 127
34 138
35 23
35 43
35 49
35 57
35 87
35 96
35 98
35 100
35 134
36 1
36 16
36 35
36 39
36 81
36 95
36 98
36 104
36 143
37 21
37 31
37 38
37 71
37 81
37 87
37 92
37 112
37 116
37 134
37 143
38 25
38 27
38 39
38 65
38 68
38 83
38 94
38 121
38 130
38 136
38 149
39 5
39 37
39 43
39 51
39 56
39 60
39 79
39 82
39 94
39 100
39 103
39 109
39 119
39 133
40 20
40 50
40 59
40 67
40 83
40 96
40 116
40 123
41 12
41 45
41 70
41 78
41 79
41 118
41 125
42 14
42 23
42 41
42 78
42 84
42 93
42 114
42 115
42 122
42 130
42 133
42 144
42 145
43 3
43 7
43 9
43 12
43 25
43 28
43 44
43 53
43 78
43 92
43 94
43 106
43 113
43 125
43 127
43 140
43 150
44 17
44 24
44 28
44 35
44 76
44 148
45 17
45 40
45 50
45 53
45 63
45 74
45 88
45 95
45 101
45 122
45 123
45 137
45 143
46 4
46 5
46 16
46 19
46 29
46 40
46 43
46 45
46 54
46 73
46 76
46 82
46 99
46 115
46 126
46 146
46 148
47 8
47 14
47 39
47 51
47 53
47 56
47 73
47 81
47 92
47 100
47 117
47 128
47 132
47 137
47 142
47 149
48 13
48 14
48 15
48 20
48 22
48 30
48 39
48 41
48 42
48 61
48 70
48 74
48 77
48 78
48 86
48 92
48 103
48 113
48 116
48 118
48 119
48 129
48 132
49 37
49 46
49 55
49 88
49 90
49 91
49 94
49 109
50 6
50 7
50 14
50 15
50 32
50 39
50 54
50 55
50 56
50 61
50 82
50 104
50 114
50 125
50 132
51 43
51 68
51 80
51 88
51 122
51 142
52 10
52 28
52 38
52 39
52 43
52 55
52 93
52 94
52 126
52 127
53 18
53 41
53 59
53 65
53 68
53 72
53 86
53 106
53 107
53 117
53 120
53 129
53 139
53 142
54 3
54 6
54 11
54 19
54 34
54 37
54 39
54 66
54 97
54 99
54 109
54 117
54 118
54 136
54 143
54 150
55 20
55 35
55 36
55 41
55 44
55 53
55 63
55 67
55 70
55 97
55 108
55 116
55 127
55 129
55 143
55 144
55 146
56 13
56 18
56 43
56 45
56 83
56 99
56 113
56 125
56 143
56 147
57 1
57 7
57 15
57 16
57 39
57 43
57 44
57 45
57 55
57 89
57 107
57 110
57 123
57 126
57 129
57 142
57 143
58 8
58 16
58 27
58 29
58 54
58 71
58 89
58 101
58 104
58 109
58 121
58 123
58 128
58 144
59 45
59 57
59 71
59 79
59 80
59 103
59 104
59 114
59 129
59 135
59 141
60 1
60 2
60 6
60 7
60 15
60 18
60 23
60 29
60 43
60 46
60 53
60 73
60 76
60 77
60 88
60 90
60 98
60 101
60 112
60 113
60 138
60 144
61 19
61 27
61 31
61 80
61 89
61 102
61 114
61 115
61 123
61 124
61 140
62 5
62 6
62 7
62 18
62 27
62 32
62 46
62 72
62 98
62 108
62 112
62 118
62 134
63 2
63 9
63 11
63 17
63 24
63 27
63 35
63 38
63 44
63 50
63 56
63 67
63 99
63 122
63 145
64 1
64 9
64 16
64 19
64 22
64 23
64 30
64 42
64 47
64 67
64 68
64 77
64 82
64 101
64 130
64 145
65 11
65 15
65 29
65 42
65 43
65 72
65 78
65 85
65 88
65 149
66 4
66 5
66 7
66 8
66 19
66 33
66 50
66 56
66 63
66 64
66 92
66 97
66 103
66 110
66 118
66 135
66 148
67 7
67 13
67 34
67 41
67 58
67 60
67 70
67 94
67 122
67 137
67 146
68 6
68 9
68 21
68 22
68 26
68 59
68 66
68 89
68 95
68 118
68 129
68 137
68 149
69 13
69 15
69 31
69 71
69 96
69 109
69 114
69 127
69 139
70 8
70 11
70 24
70 30
70 56
70 59
70 60
70 68
70 92
70 94
70 102
70 118
70 121
71 1
71 4
71 11
71 13
71 20
71 33
71 64
71 70
71 79
71 80
71 117
71 125
71 131
71 140
71 145
72 3
72 15
72 19
72 24
72 30
72 32
72 33
72 39
72 49
72 67
72 75
72 80
72 97
72 115
72 116
72 120
72 126
72 136
73 12
73 19
73 20
73 29
73 50
73 52
73 62
73 81
73 110
73 113
73 116
73 149
74 3
74 21
74 30
74 51
74 64
74 72
74 109
74 130
74 145
74 149
75 17
75 39
75 44
75 48
75 51
75 93
75 99
75 117
75 120
75 144
75 149
76 7
76 13
76 14
76 23
76 26
76 34
76 40
76 43
76 49
76 50
76 51
76 74
76 102
76 110
76 120
76 133
77 5
77 9
77 41
77 44
77 61
77 97
77 110
77 112
77 139
77 141
77 148
78 12
78 34
78 45
78 52
78 85
78 90
78 100
78 110
78 111
78 113
78 122
78 144
79 6
79 8
79 25
79 46
79 55
79 57
79 61
79 65
79 87
79 88
79 103
79 127
79 131
79 147
79 148
80 11
80 22
80 28
80 39
80 40
80 48
80 49
80 63
80 75
80 85
80 94
80 112
80 113
80 133
80 136
80 137
80 138
81 3
81 7
81 41
81 42
81 51
81 62
81 67
81 68
81 71
81 80
81 101
81 129
81 140
82 1
82 22
82 45
82 57
82 61
82 63
82 73
82 76
82 84
82 92
82 107
82 136
83 7
83 8
83 12
83 14
83 17
83 19
83 22
83 47
83 58
83 63
83 77
83 104
83 107
83 126
83 131
83 143
84 34
84 68
84 101
84 122
85 2
85 6
85 15
85 26
85 50
85 58
85 69
85 74
85 98
85 112
85 116
85 117
85 130
85 132
85 142
86 14
86 25
86 29
86 41
86 44
86 49
86 61
86 64
86 79
86 123
87 13
87 18
87 20
87 23
87 48
87 53
87 54
87 58
87 69
87 71
87 75
87 80
87 83
87 85
87 98
87 102
87 105
87 111
87 130
87 138
88 1
88 4
88 12
88 52
88 68
88 74
88 85
88 91
88 92
88 98
88 124
88 145
88 148
89 24
89 45
89 74
89 111
89 119
89 126
90 7
90 13
90 19
90 20
90 23
90 43
90 51
90 64
90 65
90 68
90 73
90 114
90 115
90 133
90 139
90 140
91 3
91 4
91 35
91 39
91 45
91 78
91 105
91 114
91 129
91 134
91 138
92 7
92 16
92 21
92 33
92 42
92 51
92 56
92 64
92 84
92 93
92 98
92 103
92 112
92 130
92 148
93 8
93 19
93 22
93 28
93 44
93 49
93 51
93 95
93 96
93 106
93 112
93 117
93 121
93 124
93 132
93 146
94 1
94 15
94 32
94 47
94 59
94 63
94 72
94 77
94 81
94 88
94 89
94 102
94 110
94 115
94 128
95 4
95 7
95 13
95 22
95 26
95 32
95 43
95 54
95 57
95 67
95 71
95 74
95 114
95 116
95 137
95 140
96 5
96 23
96 36
96 37
96 45
96 50
96 52
96 58
96 73
96 78
96 134
96 136
97 8
97 12
97 16
97 34
97 35
97 47
97 76
97 78
97 99
97 100
97 116
97 117
97 119
97 143
98 21
98 23
98 30
98 38
98 56
98 58
98 69
98 83
98 91
98 110
98 132
98 134
98 137
98 144
99 2
99 7
99 23
99 27
99 28
99 33
99 38
99 40
99 55
99 69
99 106
99 116
99 126
99 135
99 140
99 148
100 2
100 43
100 68
100 70
100 75
100 76
100 79
100 124
100 125
100 128
100 146
101 2
101 9
101 33
101 53
101 80
101 85
101 110
101 120
101 132
102 17
102 29
102 30
102 35
102 45
102 47
102 73
102 77
102 80
102 91
102 106
102 135
102 136
102 141
102 150
103 1
103 6
103 7
103 30
103 35
103 38
103 52
103 54
103 71
103 72
103 89
103 111
103 112
103 114
103 119
103 120
103 121
103 139
104 28
104 34
104 80
104 85
104 86
104 92
104 93
104 96
104 107
104 115
104 122
104 128
104 140
104 141
105 2
105 12
105 19
105 27
105 29
105 56
105 57
105 71
105 76
105 81
105 99
105 103
105 134
105 148
106 30
106 31
106 33
106 44
106 46
106 50
106 54
106 55
106 65
106 80
106 90
106 119
106 123
106 127
107 7
107 50
107 52
107 75
107 84
107 87
107 88
107 94
107 112
107 133
108 8
108 16
108 52
108 61
108 65
108 69
108 75
108 80
108 94
108 115
108 136
108 145
109 18
109 27
109 41
109 45
109 86
109 94
109 102
109 104
109 108
109 118
109 138
109 146
109 148
110 4
110 9
110 23
110 48
110 53
110 81
110 90
110 95
110 112
110 118
110 130
110 131
110 133
111 3
111 23
111 27
111 29
111 38
111 42
111 50
111 55
111 67
111 75
111 90
111 114
111 127
111 134
112 7
112 13
112 19
112 49
112 65
112 71
112 88
112 94
112 105
112 108
112 113
112 119
112 134
112 137
112 145
113 16
113 22
113 27
113 44
113 67
113 71
113 75
113 91
113 95
113 120
114 9
114 16
114 33
114 41
114 44
114 53
114 73
114 76
114 79
114 81
114 82
114 94
114 107
114 115
114 119
114 122
114 133
114 148
115 1
115 4
115 6
115 7
115 10
115 11
115 13
115 33
115 44
115 68
115 71
115 75
115 89
115 118
115 124
115 125
115 139
115 142
116 16
116 18
116 23
116 45
116 50
116 53
116 65
116 115
116 128
116 139
117 2
117 3
117 12
117 19
117 24
117 28
117 30
117 31
117 33
117 45
117 46
117 48
117 50
117 56
117 65
117 77
117 108
117 125
117 135
117 143
117 147
118 1
118 9
118 11
118 16
118 19
118 21
118 24
118 44
118 46
118 49
118 56
118 59
118 76
118 90
118 92
118 98
118 111
118 113
118 125
119 26
119 82
119 99
119 101
119 115
119 129
119 141
119 149
120 7
120 59
120 64
120 66
120 70
120 73
120 81
120 100
120 112
120 122
120 127
120 136
120 149
121 3
121 27
121 43
121 61
121 90
121 91
121 94
121 99
121 109
121 113
121 120
121 147
122 2
122 13
122 32
122 33
122 49
122 60
122 66
122 77
122 109
122 134
122 137
122 138
122 139
122 146
122 148
123 3
123 13
123 15
123 20
123 22
123 30
123 31
123 50
123 73
123 78
123 80
123 91
123 103
123 117
123 141
124 16
124 24
124 30
124 37
124 42
124 81
124 104
124 112
124 131
124 136
125 2
125 30
125 60
125 70
125 87
125 88
125 90
125 99
125 110
125 112
125 122
125 124
125 128
126 13
126 18
126 23
126 43
126 50
126 60
126 63
126 65
126 103
126 113
126 119
126 123
126 124
126 127
126 140
127 2
127 3
127 10
127 15
127 19
127 22
127 25
127 29
127 36
127 65
127 68
127 71
127 75
127 84
127 98
127 105
127 121
127 128
127 129
127 134
127 150
128 1
128 4
128 7
128 15
128 41
128 52
128 86
128 88
128 106
128 108
128 124
128 145
129 6
129 23
129 39
129 47
129 74
129 80
129 126
129 135
129 145
130 2
130 5
130 15
130 29
130 48
130 60
130 66
130 67
130 78
130 84
130 88
130 93
130 99
130 104
130 125
131 23
131 31
131 41
131 45
131 49
131 63
131 86
131 90
131 100
131 108
131 119
131 120
132 20
132 28
132 58
132 63
132 76
132 110
132 111
132 117
132 125
132 131
133 26
133 33
133 36
133 43
133 49
133 51
133 56
133 64
133 67
133 75
133 79
133 84
133 88
133 95
133 101
133 112
133 131
133 141
133 143
133 147
134 23
134 25
134 28
134 29
134 41
134 43
134 69
134 70
134 72
134 78
134 93
134 94
134 118
134 126
134 128
134 137
134 138
135 20
135 25
135 40
135 51
135 58
135 65
135 72
135 78
135 94
135 105
135 115
135 120
135 126
135 148
136 10
136 20
136 33
136 37
136 58
136 60
136 67
136 70
136 86
136 105
136 115
136 138
137 13
137 15
137 50
137 69
137 74
137 86
137 91
137 115
137 144
137 149
137 150
138 5
138 9
138 17
138 25
138 29
138 33
138 37
138 55
138 59
138 69
138 74
138 95
138 102
138 104
138 108
138 112
138 117
138 128
139 6
139 12
139 23
139 32
139 56
139 67
139 80
139 86
139 87
139 95
139 100
139 108
139 123
139 124
139 130
139 148
140 15
140 16
140 23
140 26
140 31
140 33
140 37
140 44
140 64
140 67
140 69
140 70
140 83
140 105
140 106
140 118
140 119
140 123
140 127
140 131
140 141
140 144
141 6
141 7
141 27
141 31
141 37
141 42
141 47
141 54
141 58
141 62
141 63
141 78
141 79
141 91
141 94
141 98
141 103
141 110
141 116
141 127
141 128
141 134
141 142
142 11
142 17
142 22
142 33
142 54
142 64
142 74
142 76
142 100
142 105
142 112
142 114
142 119
142 125
142 137
142 147
143 14
143 15
143 20
143 24
143 28
143 29
143 42
143 68
143 99
143 118
143 119
143 129
143 131
143 146
144 12
144 22
144 50
144 52
144 68
144 103
144 109
144 116
144 125
144 142
144 148
145 7
145 20
145 32
145 33
145 34
145 38
145 49
145 61
145 77
145 79
145 93
145 109
145 115
145 118
145 119
145 123
145 131
145 142
146 40
146 53
146 73
146 78
146 97
146 115
146 120
146 128
146 136
146 145
147 1
147 10
147 35
147 44
147 59
147 64
147 92
147 132
147 143
148 4
148 8
148 13
148 27
148 30
148 63
148 72
148 83
148 100
148 106
148 107
148 113
148 121
148 131
148 134
149 4
149 42
149 51
149 69
149 89
149 113
149 114
149 115
149 126
149 133
149 140
149 150
150 1
150 17
150 30
150 33
150 45
150 51
150 55
150 60
150 66
150 67
150 70
150 80
150 84
150 89
150 106
150 107
150 112
150 133

