250 250
35 76 108 107 108 34 98 90 68 28 72 87 102 46 22 96 33 74 90 47 108 118 56 48 27 115 32 92 62 114 46 39 87 33 48 94 33 54 28 53 115 86 44 97 37 84 77 34 110 70 20 120 106 120 102 106 56 112 21 85 83 118 88 119 27 38 120 102 112 41 62 111 104 68 38 82 68 107 47 117 26 38 84 109 111 72 106 41 26 58 31 119 52 71 93 20 104 41 84 63 43 30 49 93 91 117 103 73 111 56 54 23 67 75 30 41 62 83 33 20 90 42 68 115 77 37 114 79 115 93 22 111 64 106 91 26 92 73 59 51 61 91 86 93 110 66 38 58 34 94 89 102 30 85 91 72 36 44 116 104 96 50 84 81 97 62 29 117 48 86 28 33 23 51 24 63 95 57 61 83 24 109 38 81 101 97 37 48 90 102 70 32 39 74 29 40 108 80 95 76 46 92 112 29 61 61 64 33 81 64 85 53 30 26 69 94 61 105 67 118 37 50 119 41 28 90 64 26 66 81 89 20 28 64 48 102 33 37 63 69 43 57 58 21 61 25 78 114 114 86 
1 26
4 99
5 92
5 171
7 152
8 56
8 148
8 248
9 5
9 193
12 51
13 25
15 53
17 72
17 154
18 130
18 205
20 159
21 88
22 33
22 221
24 49
25 67
26 92
26 184
26 218
26 231
28 42
28 225
31 15
32 83
33 37
33 49
34 179
34 246
35 13
35 182
36 44
36 185
36 232
40 10
43 152
44 100
44 166
45 111
45 176
46 159
48 14
48 109
49 202
49 209
50 80
50 88
51 58
51 145
52 2
57 220
58 15
61 4
61 35
61 233
62 5
64 25
64 36
64 82
65 20
66 176
68 25
69 104
70 115
70 218
71 107
71 154
73 152
73 207
73 218
75 27
75 103
77 160
79 204
79 249
81 52
82 222
83 80
83 229
86 11
86 153
87 235
89 131
91 77
91 170
91 229
93 21
93 167
95 190
96 124
96 238
97 151
98 142
100 99
101 38
101 200
103 169
104 80
105 140
106 242
107 179
109 174
110 62
110 183
113 157
114 152
115 135
115 234
115 250
117 78
122 144
123 127
124 77
124 181
126 189
126 245
127 68
127 149
127 189
128 213
129 124
131 46
132 198
133 166
133 185
137 120
137 124
138 250
139 51
141 128
143 24
144 23
144 69
145 28
145 50
146 174
147 61
147 139
147 226
148 240
148 248
149 28
150 209
150 249
151 249
153 4
153 111
153 217
153 226
154 74
155 64
156 9
159 86
160 200
163 22
164 56
166 215
167 107
167 236
169 42
169 64
169 199
170 12
171 98
172 162
172 215
174 211
174 240
175 200
177 164
177 208
177 210
178 208
180 51
180 89
181 87
182 140
182 189
184 53
184 78
184 243
185 213
186 85
188 91
189 65
189 122
190 46
191 24
192 73
192 219
193 45
193 62
194 36
194 74
197 247
198 145
199 121
200 145
201 107
202 101
202 187
204 36
205 96
206 12
206 24
207 54
207 84
208 14
208 73
210 120
211 62
211 237
215 71
215 89
215 102
216 238
217 146
219 75
220 198
221 47
221 194
223 92
223 118
224 122
224 207
225 220
226 232
228 4
229 162
232 120
233 146
235 15
236 180
237 206
238 134
238 144
240 213
243 209
244 179
246 173
247 194
249 15
249 23
249 222

