300 2000
116 89 24 59 77 45 97 76 38 65 27 65 25 41 82 107 78 39 84 20 48 109 22 44 82 110 56 44 87 45 27 59 66 53 42 91 103 64 109 115 96 87 93 106 44 96 107 23 71 43 34 36 78 38 44 41 73 111 39 43 96 28 37 40 24 61 115 50 48 87 92 70 79 102 67 36 32 51 91 42 92 31 81 40 27 66 42 31 48 28 61 120 109 83 45 29 36 25 51 105 76 29 67 116 112 69 65 47 53 46 103 29 110 44 53 89 104 30 58 105 108 69 82 34 43 46 85 82 74 35 29 50 32 43 95 31 51 82 24 71 113 37 104 90 62 76 74 117 36 72 115 72 69 82 26 27 50 53 99 79 103 61 54 43 85 116 41 98 68 94 60 63 86 112 62 37 38 44 102 104 66 60 27 36 51 107 34 84 110 77 108 99 29 57 107 50 74 33 97 32 107 54 34 114 53 37 36 101 45 41 25 21 59 117 22 84 76 106 38 62 120 44 29 81 116 40 69 50 103 82 113 70 24 52 30 92 120 85 89 101 110 54 71 87 108 104 89 47 115 20 31 27 118 76 44 31 55 26 89 50 52 34 25 65 51 38 35 67 29 98 36 84 89 35 74 65 88 91 37 93 110 65 40 91 102 95 118 49 45 28 85 30 87 104 50 105 61 69 103 65 
1 71
1 75
1 131
1 140
2 29
2 33
2 38
2 81
2 98
2 114
2 235
3 9
3 14
3 48
3 56
3 167
3 229
3 231
4 12
4 105
4 152
4 170
4 254
5 184
5 191
5 218
5 221
6 12
6 82
6 105
6 137
6 246
6 250
6 285
7 43
7 69
7 131
7 183
7 191
7 257
7 271
8 90
8 119
9 25
9 49
9 60
9 113
9 160
9 196
9 225
9 259
9 273
9 278
10 54
10 92
10 154
10 163
10 171
10 250
10 253
10 279
10 282
11 23
11 35
11 49
11 69
11 179
11 194
11 295
12 76
12 146
12 152
12 175
12 187
13 38
13 66
13 158
13 160
13 262
14 31
14 39
14 57
14 153
14 202
15 2
15 3
15 62
15 64
15 147
15 165
15 218
15 234
15 236
15 268
15 286
16 31
16 46
16 53
16 103
16 140
16 195
16 215
16 256
16 276
16 277
17 36
17 67
17 68
17 123
17 167
17 219
18 137
18 155
18 164
18 195
18 202
18 233
18 272
18 298
19 16
19 20
19 24
19 30
19 87
19 130
19 137
19 165
19 197
20 11
20 22
20 52
20 91
20 134
20 180
20 204
20 256
21 48
21 116
21 165
21 211
21 281
22 38
22 76
22 200
22 231
22 290
22 292
23 161
23 176
23 198
23 256
23 272
23 280
23 298
24 40
24 47
24 114
24 124
24 135
24 173
24 232
25 66
25 136
25 138
25 171
25 190
26 53
26 119
26 149
27 23
27 52
27 125
27 148
27 278
28 47
28 241
29 4
29 94
29 171
29 228
29 244
29 246
30 15
30 35
30 53
30 57
30 79
30 89
30 123
30 133
30 152
30 200
30 201
30 219
30 245
31 4
31 62
31 148
31 151
31 191
31 200
31 212
31 220
31 271
31 280
32 22
32 83
32 101
32 144
32 147
32 150
32 161
32 166
32 195
32 207
32 216
33 44
33 71
33 87
33 188
34 102
34 144
34 222
34 231
34 243
34 293
35 4
35 41
35 98
35 113
35 116
35 153
35 254
36 41
36 44
36 132
36 172
36 184
36 185
36 219
36 222
36 247
36 295
36 297
37 20
37 100
37 101
37 105
37 272
37 288
38 14
38 43
38 111
38 175
38 199
38 243
38 259
38 288
38 293
39 270
39 271
40 70
40 92
40 114
40 197
40 232
40 250
40 261
40 281
41 6
41 54
41 65
41 111
41 173
41 186
41 222
41 292
42 197
42 213
42 225
42 233
42 239
43 59
43 108
43 138
43 230
44 69
44 96
44 104
44 156
44 161
44 174
44 193
44 217
44 269
44 285
45 17
45 56
45 140
45 214
46 43
46 66
46 71
46 90
46 174
46 211
46 272
46 291
47 11
47 13
47 70
47 149
47 212
47 219
48 111
48 112
48 136
48 146
48 161
48 198
48 240
49 13
49 97
49 118
49 176
49 208
49 256
49 299
50 43
50 115
50 159
50 166
50 179
50 221
50 229
51 6
51 63
51 89
51 139
51 231
52 13
52 72
52 79
52 94
52 105
52 260
53 106
53 187
53 200
54 37
54 45
54 48
54 66
54 108
54 168
54 236
54 300
55 2
55 68
55 74
55 104
55 187
55 227
55 285
55 288
56 11
56 71
56 74
56 148
56 172
56 188
56 197
57 52
57 135
57 166
57 189
57 240
57 284
57 294
57 298
58 89
58 99
58 113
58 150
58 198
58 224
58 243
59 155
59 175
59 197
59 272
59 282
60 57
60 130
60 143
60 173
60 218
60 256
60 273
61 72
61 121
61 162
61 213
61 221
61 227
61 292
61 293
62 51
62 84
62 136
62 210
62 243
63 45
63 66
63 122
63 159
63 211
63 273
63 281
64 118
64 121
64 140
64 201
64 214
64 252
64 275
64 285
65 62
65 80
65 135
65 136
65 170
65 173
65 225
65 239
66 145
66 216
66 218
67 56
67 68
67 100
67 193
68 61
68 84
68 86
68 151
68 185
68 206
68 246
68 273
68 275
69 19
69 51
69 52
69 63
69 91
69 100
69 267
69 284
70 12
70 79
70 114
70 118
70 124
70 157
70 173
71 48
71 83
71 96
71 152
71 172
71 176
71 218
71 231
71 277
72 202
72 239
72 269
73 61
73 64
73 154
73 242
73 255
73 257
74 37
74 50
74 68
74 72
74 107
74 140
74 156
74 267
74 281
75 9
75 26
75 28
75 40
75 48
75 53
75 89
75 106
75 180
75 224
75 251
75 264
75 296
76 7
76 57
76 127
76 137
76 151
77 56
77 149
77 159
77 195
77 198
77 204
77 219
77 272
77 298
78 30
78 81
78 209
78 211
78 249
78 294
79 242
79 259
79 275
79 282
80 23
80 33
80 51
80 53
80 158
80 171
80 236
81 58
81 68
81 122
81 205
81 257
82 106
82 186
83 18
83 26
83 120
83 210
83 281
84 49
84 78
84 79
84 86
84 90
84 131
84 214
84 227
84 233
84 245
84 255
85 6
85 67
85 72
85 78
85 81
85 210
85 257
85 273
85 283
85 296
86 67
86 98
86 101
86 164
86 200
86 222
86 286
87 264
87 268
87 271
87 277
88 46
88 71
88 187
88 193
88 212
88 226
89 46
89 78
89 81
89 114
89 189
89 194
89 216
89 260
89 268
90 92
90 111
90 128
91 28
91 216
92 57
92 141
92 142
92 148
92 201
92 249
92 257
92 274
93 8
93 177
93 267
93 268
94 66
94 68
94 143
94 159
94 168
94 173
94 176
94 219
94 220
94 247
94 261
94 274
95 6
95 229
95 237
96 65
96 86
96 107
96 139
96 155
96 204
96 244
96 254
96 272
97 65
97 71
97 149
97 185
97 195
97 230
97 233
97 258
97 272
98 31
98 93
98 132
98 222
98 293
99 34
99 46
99 88
99 120
99 209
99 286
99 294
100 51
100 57
100 62
100 151
100 171
100 252
100 288
101 9
101 19
101 142
101 163
101 215
102 8
102 70
102 107
102 128
103 11
103 186
103 204
103 241
104 20
104 41
104 61
104 78
104 87
104 209
105 9
105 62
105 119
105 188
105 189
105 203
105 258
105 259
105 278
105 286
106 32
106 46
106 49
106 120
106 182
106 218
106 223
106 295
107 27
107 80
107 115
107 118
107 199
107 252
107 257
107 274
107 279
107 294
107 295
107 298
108 24
108 25
109 5
109 46
109 56
109 86
109 108
109 131
109 140
109 148
109 174
109 226
109 280
109 282
110 36
110 38
110 72
110 101
110 150
110 201
110 210
110 233
110 292
110 297
111 78
111 104
111 130
111 136
111 197
111 255
111 258
111 259
112 2
112 65
112 200
112 276
113 29
113 82
113 85
113 136
113 137
113 148
113 188
114 27
114 35
114 94
114 173
114 180
114 203
114 262
114 282
114 293
115 45
115 165
115 240
115 246
115 296
116 48
116 74
116 102
116 144
116 149
116 193
116 217
116 271
116 282
117 16
117 26
117 31
117 171
117 192
117 230
117 249
117 264
118 110
118 143
118 145
118 200
118 226
118 231
119 294
120 35
120 81
120 88
120 115
120 134
120 205
120 223
121 33
121 67
121 118
121 203
122 90
122 102
122 111
122 151
122 216
122 217
122 219
123 35
123 68
123 127
123 266
124 31
124 89
124 94
124 232
125 20
125 97
125 168
125 200
125 212
125 257
125 297
125 300
126 32
126 125
126 136
126 151
126 244
127 21
127 62
127 74
127 85
127 106
127 193
127 228
127 278
128 18
128 28
128 37
128 55
128 65
128 150
128 186
128 240
128 243
129 27
129 63
129 81
129 160
129 197
129 221
129 231
129 269
130 9
130 57
130 115
130 186
130 219
131 81
131 91
131 116
131 144
131 145
131 173
131 191
131 210
131 225
131 242
131 271
132 142
133 166
133 248
133 264
134 24
134 45
134 68
134 111
134 175
134 187
134 236
134 282
135 5
135 20
135 102
135 114
135 115
135 124
135 210
135 229
135 239
135 293
136 146
136 199
136 219
137 69
137 81
137 123
137 128
137 182
137 214
137 243
138 19
138 24
138 73
138 170
138 191
138 193
138 232
139 112
139 122
139 174
139 206
140 2
140 50
140 63
140 106
140 124
140 181
140 237
141 7
141 21
141 46
141 60
141 69
141 76
141 183
141 201
141 238
141 244
141 249
141 250
142 8
142 54
142 59
142 82
142 117
142 126
142 131
142 201
142 266
143 14
143 51
143 59
143 124
143 155
143 185
143 217
143 221
143 279
143 284
144 72
144 223
144 277
144 292
145 22
145 101
145 103
145 147
145 224
145 295
146 11
146 39
146 63
146 90
146 95
146 127
146 162
146 164
146 211
146 221
146 230
147 9
147 68
147 97
147 170
147 208
147 223
147 254
148 105
148 159
148 163
148 199
148 200
148 225
148 245
148 293
149 20
149 92
149 293
150 44
150 71
150 86
150 92
150 146
150 176
150 249
151 27
151 49
151 117
151 123
151 134
151 192
151 197
151 217
152 39
152 149
152 157
152 207
152 208
152 211
152 270
152 283
152 292
153 12
153 32
153 68
153 84
153 115
153 193
154 7
154 14
154 93
154 125
154 196
154 223
154 289
154 299
155 71
155 72
155 163
155 196
155 218
155 224
155 254
155 264
155 275
155 281
156 6
156 7
156 14
156 54
156 82
156 113
156 130
156 137
156 210
156 214
156 233
157 37
157 84
157 155
157 164
157 289
158 122
158 218
158 268
159 29
159 102
159 156
159 267
160 8
160 49
160 64
160 171
160 175
160 189
160 281
160 290
160 300
161 8
161 16
161 65
161 90
161 197
161 260
161 266
162 18
162 30
162 50
162 56
162 87
162 169
162 183
162 208
162 241
162 293
163 17
163 22
163 34
163 42
163 59
163 109
163 126
163 138
163 158
163 225
163 250
163 285
164 87
164 113
164 137
164 143
164 147
164 155
164 231
165 84
165 108
165 208
165 236
166 6
166 134
166 161
166 189
166 205
166 220
166 237
166 240
166 277
167 8
167 19
167 121
167 139
167 197
168 6
168 19
168 58
168 93
168 110
168 122
168 136
168 214
168 236
168 262
168 269
169 30
169 41
169 82
169 125
169 140
169 168
169 174
169 195
169 209
169 212
169 225
169 287
170 45
170 77
170 129
170 169
170 199
170 272
171 4
171 53
171 95
171 107
171 217
171 238
171 250
172 152
172 256
173 33
173 111
173 156
173 268
174 7
174 55
174 89
174 128
174 204
174 237
174 299
175 37
175 84
175 117
175 146
175 266
175 281
176 2
176 19
176 47
176 52
176 96
176 160
176 168
176 273
177 19
177 58
177 66
177 146
177 184
177 187
177 211
177 212
177 231
177 268
177 270
178 18
178 31
178 52
178 61
178 71
178 153
178 267
179 108
179 142
179 240
179 267
179 279
180 87
180 116
180 181
180 239
181 59
181 160
181 174
181 182
182 7
182 10
182 30
182 51
182 52
182 71
182 88
182 142
182 220
182 277
182 281
182 290
183 27
183 29
183 54
183 60
183 133
183 140
183 232
183 259
183 273
184 72
184 102
184 107
184 148
184 154
185 40
185 63
185 107
185 166
185 198
185 297
186 61
186 94
186 112
187 30
187 80
187 93
187 194
188 73
188 288
189 45
189 48
189 103
189 226
189 231
189 295
190 26
190 181
190 274
190 286
190 300
191 106
191 171
191 210
191 224
191 275
192 21
192 48
193 66
193 131
193 215
193 226
194 76
194 78
194 169
194 220
194 240
195 5
195 120
195 126
195 131
195 152
195 238
195 240
196 16
196 54
196 85
196 118
196 128
196 142
196 152
196 181
196 208
196 235
196 257
196 266
196 282
197 15
197 71
197 105
197 108
197 177
197 182
197 205
197 209
197 219
197 254
197 299
198 15
198 88
198 117
198 129
198 264
199 22
199 64
199 181
199 184
199 231
199 297
199 300
200 37
200 165
200 186
200 248
200 299
201 23
201 78
201 83
201 90
201 218
201 233
201 278
202 26
202 75
202 84
202 168
202 212
202 285
203 67
203 176
203 268
204 9
204 67
204 145
204 201
204 226
204 265
204 283
205 138
205 139
205 164
205 176
205 214
205 224
205 260
205 270
206 32
206 64
206 171
206 234
206 242
206 289
207 31
207 62
207 97
207 101
207 146
207 149
207 158
207 227
207 232
207 265
207 287
208 34
208 36
208 125
208 137
208 156
208 217
208 228
208 252
208 266
208 276
208 290
209 86
209 179
210 77
210 112
210 117
210 188
210 272
211 71
211 122
211 229
211 231
211 251
211 298
212 52
212 64
212 184
212 203
212 249
212 272
213 193
213 214
213 257
214 18
214 48
214 70
214 83
214 113
214 129
214 245
215 11
215 20
215 45
215 70
215 97
215 148
215 156
215 300
216 46
216 50
216 81
216 119
216 128
216 129
216 270
216 278
216 283
216 285
217 89
217 142
217 150
217 176
217 183
217 234
217 299
218 45
218 70
218 148
218 235
218 275
219 46
219 60
219 185
219 295
220 34
220 77
220 80
220 105
220 132
220 179
220 193
221 6
221 32
221 73
221 94
221 97
221 122
221 135
221 172
221 200
221 235
222 2
222 249
222 265
222 280
222 291
223 66
223 88
223 152
223 172
223 232
224 37
224 292
225 5
225 18
225 60
225 104
225 233
225 294
226 35
226 43
226 75
226 128
226 230
226 266
226 293
227 6
227 33
227 126
227 217
227 233
227 239
227 261
228 21
228 33
228 70
228 102
228 243
228 259
228 285
229 13
229 26
229 51
229 62
229 82
229 87
229 182
229 202
229 206
229 213
229 298
230 5
230 21
230 41
230 120
230 290
231 68
231 150
231 268
232 178
232 228
232 230
232 257
232 270
233 13
233 199
233 228
233 229
233 261
233 282
234 68
234 73
234 167
234 171
234 176
234 189
234 208
234 275
235 34
235 139
235 253
235 255
235 275
235 289
236 101
236 150
236 171
236 172
236 179
236 262
236 270
236 285
237 41
237 49
237 107
237 108
237 143
237 145
237 147
237 192
237 199
237 200
237 280
238 74
238 163
238 261
238 270
238 276
239 64
239 105
239 161
239 187
239 256
240 8
240 53
240 54
240 149
240 177
240 201
240 271
241 46
241 55
241 60
241 94
241 118
241 172
241 189
241 194
241 247
241 270
242 39
242 163
242 169
242 191
242 199
243 97
243 114
243 142
243 155
243 255
243 282
244 17
244 98
244 116
244 165
244 166
244 247
244 257
244 262
245 11
245 50
245 53
245 99
245 111
245 165
245 185
245 188
245 233
245 236
245 242
246 87
246 135
246 140
246 184
246 190
246 262
247 106
247 163
247 167
247 242
247 254
247 266
248 40
248 62
248 161
248 171
248 295
249 200
249 226
249 238
250 2
250 156
250 293
251 45
251 79
251 265
252 71
252 95
252 190
252 231
252 266
252 277
253 23
253 49
253 85
253 121
253 122
253 127
254 19
254 44
254 114
254 159
254 252
255 26
255 34
255 101
255 115
255 129
255 246
255 251
255 263
256 5
256 62
256 149
256 167
256 203
256 213
256 248
256 251
256 269
256 285
257 5
257 8
257 43
257 112
257 128
257 136
257 170
257 194
257 201
257 227
257 238
257 246
257 292
257 293
258 64
258 169
258 186
258 230
259 40
259 64
259 71
259 106
259 294
260 131
260 160
260 296
261 72
261 98
261 118
261 144
261 269
261 272
261 300
262 28
262 58
262 138
262 164
262 269
263 36
263 187
264 5
264 15
264 33
264 42
264 63
264 64
264 83
264 107
264 138
264 159
264 300
265 21
265 55
265 91
265 108
265 273
266 211
266 227
266 267
266 293
267 20
267 32
267 72
267 127
267 171
267 192
267 196
267 255
267 258
268 30
268 62
268 74
268 94
268 102
268 119
268 159
268 165
268 206
268 217
268 254
268 256
268 265
268 285
269 4
269 125
269 190
269 289
270 45
270 297
271 73
271 136
271 159
271 195
271 221
271 257
271 268
271 272
271 290
271 299
272 26
272 185
272 269
273 88
273 170
273 189
273 209
273 231
273 278
274 3
274 50
274 56
274 147
274 156
274 167
274 187
274 197
274 203
274 246
274 265
274 287
274 293
274 300
275 38
275 219
275 298
276 156
276 163
276 222
276 298
277 20
277 114
277 178
277 229
277 246
278 14
278 76
278 79
278 197
278 210
278 285
278 292
278 294
278 300
279 8
279 55
279 86
279 124
279 194
279 208
279 259
279 268
280 10
280 61
280 80
280 121
280 123
280 173
280 223
280 242
281 33
281 85
281 110
281 149
281 181
281 202
281 207
281 246
281 273
282 46
282 64
282 110
282 189
282 285
283 75
283 110
283 195
283 208
283 249
284 19
284 52
284 182
285 31
285 46
285 53
285 88
285 147
285 272
285 284
286 6
286 80
286 119
286 209
286 235
286 278
286 284
286 296
287 25
287 38
287 45
287 58
287 90
287 256
287 266
288 25
288 30
288 88
288 163
288 200
288 262
288 298
289 15
289 17
289 20
289 84
289 109
289 188
289 191
290 25
290 171
290 180
290 183
290 232
291 29
291 76
291 87
291 106
291 292
292 18
292 32
292 113
292 118
292 160
292 170
292 191
292 194
292 221
292 231
292 262
292 298
293 48
293 71
293 90
293 115
293 137
293 197
293 206
293 208
293 219
293 295
294 3
294 172
294 210
294 279
295 6
295 18
295 29
295 50
295 86
295 120
295 139
295 163
295 213
296 4
296 25
296 43
296 91
296 110
296 173
296 186
296 188
296 252
296 288
297 8
297 33
297 49
297 126
297 151
297 175
297 178
297 197
297 265
298 70
298 90
298 97
298 207
298 232
298 250
299 13
299 86
299 111
299 173
299 188
299 235
299 261
299 262
299 267
299 272
300 6
300 74
300 91
300 207
300 233

