50 500
87 52 42 88 76 54 20 102 51 50 58 79 35 59 110 49 62 52 119 113 50 21 78 29 68 81 89 63 105 47 30 74 51 40 79 39 25 51 85 111 78 85 52 32 107 91 114 62 52 37 
1 8
1 9
1 11
1 19
1 23
1 24
1 33
1 35
1 41
2 5
2 10
2 12
2 22
2 24
2 36
2 42
3 4
3 12
3 13
3 29
3 30
3 38
3 46
3 50
4 6
4 15
4 17
4 25
4 28
4 33
4 34
4 44
4 45
5 3
5 4
5 6
5 7
5 10
5 11
5 17
5 18
5 31
5 47
6 1
6 13
6 14
6 18
6 22
6 26
6 31
6 37
6 40
6 44
6 47
6 50
7 2
7 3
7 8
7 12
7 15
7 24
7 32
7 35
7 39
7 42
7 45
8 6
8 13
8 15
8 21
8 27
8 40
8 45
8 49
9 7
9 10
9 13
9 16
9 33
9 36
9 37
9 43
10 1
10 16
10 19
10 31
10 32
10 33
10 34
10 35
10 47
10 49
10 50
11 3
11 4
11 6
11 7
11 8
11 10
11 12
11 14
11 15
11 20
11 26
11 29
11 31
11 39
11 43
11 48
12 6
12 8
12 13
12 17
12 19
12 20
12 23
12 33
12 34
12 35
12 36
12 37
12 44
12 47
13 1
13 2
13 5
13 11
13 17
13 27
13 35
13 49
13 50
14 2
14 9
14 19
14 25
14 31
15 9
15 14
15 20
15 24
15 25
15 31
15 32
15 33
15 36
15 49
15 50
16 3
16 4
16 12
16 14
16 15
16 32
16 42
16 47
17 1
17 6
17 8
17 16
17 19
17 23
17 30
17 40
17 42
17 48
17 50
18 2
18 4
18 8
18 9
18 12
18 13
18 17
18 30
18 31
18 44
18 48
19 3
19 7
19 26
19 27
19 32
19 37
19 41
19 43
19 44
19 49
20 17
20 29
20 35
20 37
20 39
20 40
20 42
20 44
20 48
20 49
21 1
21 11
21 15
21 17
21 19
21 25
21 36
21 41
21 42
21 45
21 46
22 8
22 11
22 12
22 20
22 21
22 29
22 33
22 34
22 35
22 42
22 48
23 18
23 25
23 29
23 30
23 34
23 38
23 47
23 49
24 9
24 21
24 33
24 36
24 46
24 48
24 49
25 3
25 8
25 9
25 10
25 19
25 20
25 24
25 30
25 32
25 34
25 35
25 39
25 41
25 42
25 47
26 1
26 13
26 14
26 16
26 17
26 22
26 28
26 30
26 31
26 45
27 2
27 3
27 10
27 14
27 15
27 16
27 34
27 35
27 39
27 44
27 47
28 2
28 5
28 6
28 8
28 9
28 11
28 17
28 18
28 36
28 37
28 39
28 41
28 45
28 48
28 50
29 1
29 4
29 7
29 8
29 16
29 17
29 21
29 24
29 33
29 34
29 35
30 4
30 9
30 11
30 19
30 21
30 24
30 28
30 31
30 32
30 34
30 35
30 36
30 40
30 43
30 46
31 3
31 8
31 9
31 21
31 34
31 46
32 1
32 6
32 11
32 13
32 14
32 20
32 26
32 28
32 34
32 38
32 39
32 44
32 50
33 28
33 30
33 38
33 48
34 15
34 18
34 36
34 37
34 39
34 42
34 46
35 2
35 15
35 16
35 18
35 33
35 44
35 45
35 49
36 1
36 5
36 19
36 26
36 35
36 39
36 43
36 46
36 47
36 48
37 1
37 2
37 11
37 13
37 21
37 24
37 27
37 35
37 39
37 43
37 44
37 48
38 4
38 9
38 16
38 24
38 25
38 46
38 49
39 1
39 2
39 4
39 10
39 18
39 21
39 29
39 31
39 38
40 1
40 4
40 5
40 9
40 22
40 27
40 31
40 32
40 34
40 37
40 38
40 39
40 46
40 47
40 49
40 50
41 15
41 20
41 32
41 33
41 38
41 48
42 1
42 4
42 9
42 10
42 12
42 15
42 24
42 31
42 33
42 40
42 49
43 14
43 16
43 18
43 20
43 21
43 22
43 28
43 29
43 31
43 39
43 40
43 47
44 2
44 7
44 9
44 13
44 16
44 17
44 21
44 25
44 26
44 31
44 41
44 42
44 46
44 48
44 50
45 2
45 9
45 13
45 14
45 20
45 23
45 25
45 31
45 33
45 43
45 50
46 1
46 2
46 4
46 6
46 7
46 11
46 12
46 15
46 16
46 20
46 22
46 45
47 7
47 9
47 13
47 14
47 22
47 31
47 44
47 45
47 49
48 1
48 5
48 6
48 12
48 27
48 31
48 40
49 3
49 6
49 12
49 21
49 28
49 30
49 39
49 48
50 12
50 26
50 36
50 38
50 41

