150 2000
72 104 105 48 86 73 28 27 30 79 78 33 54 23 35 64 57 80 52 99 25 95 55 86 116 54 50 118 23 39 56 53 55 49 53 56 45 42 53 65 41 89 56 46 39 50 82 65 22 27 46 23 110 105 71 55 106 39 113 73 30 48 97 88 109 41 21 24 45 73 25 93 87 55 53 37 93 120 23 98 33 85 111 33 105 58 88 21 21 118 97 44 51 107 95 56 58 63 108 110 42 119 68 107 73 90 44 88 25 70 99 31 99 21 56 78 83 49 103 90 99 59 104 92 39 78 28 80 107 48 43 82 77 53 26 105 31 35 103 119 77 44 57 57 73 52 95 73 45 27 
1 15
1 16
1 30
1 48
1 55
1 65
1 74
1 77
1 78
1 91
1 127
1 138
2 18
2 21
2 25
2 41
2 42
2 43
2 46
2 53
2 79
2 83
2 84
2 88
2 97
2 101
2 117
2 122
2 134
2 145
3 17
3 26
3 29
3 50
3 67
3 84
3 103
3 108
3 111
3 127
4 26
4 53
4 74
4 79
4 95
4 96
4 118
4 119
4 127
4 134
4 135
4 145
5 15
5 31
5 37
5 40
5 43
5 45
5 46
5 48
5 56
5 64
5 81
5 85
5 108
5 116
5 117
5 129
5 146
6 26
6 27
6 28
6 30
6 43
6 88
6 99
6 129
6 140
6 144
6 148
7 2
7 3
7 6
7 11
7 32
7 44
7 65
7 80
7 85
7 93
7 101
7 128
7 143
8 33
8 41
8 65
8 82
8 85
8 89
8 99
8 100
8 111
8 118
8 121
8 124
8 130
8 137
9 2
9 5
9 23
9 26
9 58
9 91
9 96
9 106
9 108
9 110
9 114
9 129
9 139
10 13
10 26
10 27
10 32
10 36
10 57
10 64
10 66
10 82
10 108
10 117
10 122
11 2
11 4
11 8
11 18
11 39
11 51
11 55
11 56
11 86
11 97
11 114
11 115
11 117
11 119
11 120
11 132
11 143
11 144
11 148
12 2
12 9
12 16
12 28
12 35
12 43
12 46
12 56
12 60
12 61
12 77
12 79
12 83
12 87
12 90
12 113
12 117
12 126
12 135
13 38
13 39
13 44
13 47
13 73
13 84
13 96
13 98
13 104
13 110
13 130
14 4
14 19
14 20
14 33
14 47
14 58
14 68
14 82
14 101
14 121
14 142
15 16
15 17
15 23
15 29
15 52
15 57
15 120
15 125
15 144
15 149
16 37
16 73
16 80
16 100
16 113
16 124
16 126
16 128
17 6
17 7
17 8
17 21
17 23
17 28
17 37
17 44
17 56
17 59
17 75
17 86
17 89
17 133
17 145
18 4
18 7
18 10
18 23
18 27
18 43
18 46
18 48
18 53
18 54
18 60
18 61
18 68
18 84
18 87
18 88
18 106
18 110
18 130
18 136
18 145
19 7
19 27
19 30
19 40
19 42
19 45
19 68
19 70
19 76
19 108
19 109
19 110
19 111
19 115
19 121
19 122
20 2
20 6
20 12
20 32
20 38
20 39
20 84
20 101
20 102
20 124
20 132
20 135
21 5
21 9
21 18
21 50
21 57
21 59
21 77
21 81
21 102
21 106
21 131
21 147
22 6
22 29
22 35
22 37
22 40
22 42
22 47
22 82
22 98
22 114
22 118
22 122
22 128
22 131
22 136
22 140
22 144
23 44
23 62
23 63
23 69
23 80
23 85
23 86
23 118
23 122
23 129
23 133
23 134
23 142
23 148
24 6
24 42
24 45
24 61
24 71
24 85
24 99
24 117
24 136
25 5
25 24
25 28
25 36
25 47
25 83
25 114
25 127
25 137
26 32
26 35
26 51
26 61
26 62
26 82
26 97
26 116
26 117
26 132
26 141
26 145
27 15
27 24
27 37
27 38
27 43
27 45
27 52
27 68
27 71
27 89
27 107
27 126
27 142
28 4
28 30
28 38
28 48
28 50
28 73
28 84
28 85
28 100
28 106
28 108
28 114
28 125
28 138
28 142
29 4
29 5
29 35
29 40
29 94
29 98
29 108
29 110
29 111
29 124
30 3
30 4
30 5
30 17
30 52
30 61
30 71
30 77
30 88
30 102
30 127
30 136
30 143
30 146
31 1
31 45
31 55
31 59
31 94
31 99
31 113
31 121
31 138
32 8
32 16
32 24
32 28
32 50
32 65
32 79
32 86
32 122
32 150
33 13
33 22
33 25
33 39
33 71
33 77
33 106
33 119
33 128
33 144
34 12
34 14
34 25
34 33
34 37
34 58
34 66
34 67
34 91
34 98
34 104
34 111
34 115
34 135
34 137
34 139
34 147
35 6
35 10
35 19
35 28
35 46
35 51
35 53
35 82
35 99
35 102
35 103
35 108
35 111
35 117
35 124
35 125
35 131
35 138
35 140
35 143
36 16
36 20
36 52
36 77
36 90
36 101
36 107
36 108
37 9
37 11
37 33
37 38
37 41
37 76
37 89
37 111
37 116
37 134
38 10
38 49
38 50
38 59
38 64
38 68
38 72
38 81
38 94
38 103
38 105
38 139
38 148
38 150
39 1
39 12
39 17
39 22
39 32
39 36
39 38
39 46
39 48
39 84
39 98
39 108
39 109
39 118
39 120
39 148
40 2
40 9
40 11
40 26
40 42
40 47
40 60
40 65
40 77
40 92
40 101
40 105
40 113
40 135
41 14
41 60
41 75
41 79
41 82
41 88
41 93
41 99
41 109
41 118
41 119
41 138
41 139
41 149
42 11
42 28
42 34
42 45
42 51
42 61
42 69
42 75
42 80
42 107
42 124
42 125
42 132
42 133
42 139
43 49
43 51
43 65
43 69
43 103
43 105
43 112
43 141
43 142
44 43
44 90
44 94
44 119
44 141
44 145
45 18
45 23
45 32
45 53
45 56
45 57
45 66
45 68
45 75
45 117
45 127
45 144
45 148
46 8
46 14
46 17
46 26
46 64
46 74
46 77
46 122
46 130
46 137
46 140
47 1
47 9
47 23
47 38
47 48
47 89
47 93
47 122
47 128
47 132
47 138
47 146
48 4
48 6
48 8
48 9
48 15
48 45
48 50
48 65
48 70
48 81
48 83
48 86
48 95
48 102
48 114
48 121
48 122
48 123
49 9
49 12
49 13
49 29
49 32
49 33
49 37
49 52
49 59
49 65
49 104
49 109
49 131
49 134
49 145
49 146
50 17
50 24
50 25
50 31
50 45
50 63
50 77
50 101
50 104
50 115
50 116
50 133
50 139
50 143
51 17
51 54
51 70
51 107
51 121
51 125
51 140
51 150
52 3
52 12
52 20
52 44
52 50
52 55
52 59
52 62
52 70
52 71
52 75
52 78
52 82
52 93
52 102
52 121
52 124
52 131
52 136
52 149
53 6
53 28
53 39
53 50
53 70
53 79
53 92
53 107
53 108
53 131
53 132
53 137
53 138
53 146
54 7
54 9
54 14
54 23
54 31
54 47
54 62
54 83
54 91
54 94
54 99
54 116
54 121
54 130
54 141
54 143
55 23
55 26
55 28
55 43
55 64
55 66
55 72
55 80
55 123
55 141
56 28
56 35
56 44
56 52
56 55
56 61
56 65
56 71
56 79
56 95
56 129
56 142
57 3
57 17
57 26
57 27
57 31
57 43
57 49
57 52
57 58
57 106
57 109
57 112
57 117
57 126
57 130
57 131
57 139
57 141
58 5
58 33
58 39
58 43
58 59
58 86
58 88
58 98
58 116
58 126
58 127
58 132
58 134
58 138
59 15
59 18
59 19
59 45
59 46
59 66
59 68
59 91
59 99
59 101
59 105
59 107
59 121
59 140
59 141
59 148
60 1
60 2
60 15
60 17
60 20
60 59
60 66
60 85
60 93
60 96
60 107
60 110
60 118
60 122
60 128
61 4
61 39
61 49
61 83
61 91
61 101
61 137
61 139
61 143
62 3
62 19
62 28
62 42
62 53
62 70
62 72
62 75
62 77
62 112
62 125
62 148
62 149
63 32
63 39
63 45
63 51
63 59
63 76
63 81
63 105
63 110
63 111
63 132
63 135
64 2
64 4
64 13
64 17
64 24
64 27
64 43
64 56
64 63
64 76
64 95
64 109
64 121
64 122
64 123
65 10
65 23
65 50
65 51
65 53
65 86
65 93
65 95
65 118
65 130
65 147
65 150
66 8
66 15
66 35
66 44
66 54
66 73
66 98
66 107
66 129
67 21
67 38
67 76
67 101
67 106
67 121
67 122
67 123
67 125
67 134
67 149
68 29
68 32
68 33
68 41
68 43
68 48
68 52
68 63
68 84
68 109
68 115
68 123
68 136
68 150
69 10
69 14
69 36
69 38
69 46
69 56
69 83
69 86
69 89
69 90
69 104
69 120
69 132
70 21
70 26
70 44
70 56
70 59
70 60
70 63
70 65
70 67
70 94
70 145
70 150
71 3
71 17
71 28
71 31
71 35
71 57
71 59
71 64
71 66
71 91
71 100
71 115
71 116
71 130
71 135
71 139
71 144
72 15
72 16
72 33
72 73
72 79
72 86
72 97
72 98
72 103
72 118
72 137
72 144
72 149
73 5
73 32
73 45
73 48
73 52
73 70
73 71
73 78
73 83
73 89
73 91
74 16
74 31
74 50
74 61
74 62
74 71
74 104
74 139
75 7
75 12
75 23
75 27
75 31
75 38
75 66
75 111
75 117
75 119
75 126
75 133
75 137
75 142
75 144
75 147
75 149
76 6
76 8
76 31
76 43
76 51
76 73
76 130
76 135
76 138
76 141
76 147
77 8
77 9
77 10
77 11
77 15
77 25
77 29
77 49
77 68
77 69
77 74
77 80
77 82
77 98
77 110
78 15
78 16
78 17
78 27
78 42
78 47
78 56
78 57
78 69
78 81
78 89
78 104
78 120
78 124
78 127
78 137
79 3
79 10
79 26
79 34
79 37
79 43
79 52
79 63
79 71
79 90
79 99
79 122
79 139
80 8
80 9
80 17
80 21
80 46
80 58
80 65
80 71
80 72
80 83
80 88
80 93
80 102
80 105
80 110
80 126
81 33
81 40
81 52
81 129
82 9
82 11
82 19
82 29
82 44
82 48
82 65
82 71
82 72
82 73
82 75
82 76
82 79
82 84
82 94
82 103
82 108
82 109
82 116
82 134
82 140
83 1
83 5
83 6
83 14
83 18
83 42
83 49
83 50
83 60
83 64
83 65
83 77
83 79
83 82
83 87
83 89
83 108
83 116
83 140
84 12
84 34
84 47
84 54
84 57
84 100
84 103
84 117
84 123
84 148
85 35
85 65
85 76
85 78
85 87
86 4
86 31
86 42
86 43
86 55
86 67
86 79
86 105
86 111
86 122
86 144
87 5
87 15
87 34
87 39
87 49
87 56
87 57
87 80
87 114
87 115
87 121
87 127
87 128
87 147
88 23
88 61
88 71
88 93
88 112
88 115
88 121
88 130
89 4
89 14
89 18
89 29
89 42
89 64
89 72
89 75
89 86
89 97
89 99
89 103
89 129
90 19
90 46
90 58
90 61
90 62
90 64
90 77
90 99
90 115
90 117
90 120
90 121
90 130
90 133
91 2
91 13
91 23
91 38
91 46
91 51
91 63
91 70
91 78
91 96
92 23
92 28
92 36
92 46
92 50
92 63
92 68
92 73
92 88
92 94
92 97
92 101
92 102
92 117
93 1
93 8
93 13
93 14
93 16
93 18
93 26
93 40
93 54
93 78
93 81
93 91
93 112
93 114
93 140
94 10
94 28
94 47
94 50
94 85
94 101
94 106
94 111
94 112
94 121
94 133
94 144
95 13
95 18
95 21
95 22
95 38
95 67
95 117
95 136
95 146
96 1
96 6
96 14
96 15
96 16
96 22
96 37
96 50
96 63
96 68
96 105
96 136
97 3
97 6
97 43
97 44
97 55
97 67
97 79
97 83
97 85
97 91
97 101
97 116
97 121
97 122
97 124
97 126
97 128
97 133
97 135
97 136
97 138
97 146
97 147
98 1
98 4
98 7
98 10
98 16
98 19
98 20
98 25
98 26
98 28
98 31
98 47
98 68
98 70
98 76
98 89
98 93
98 101
98 123
98 131
98 137
98 149
99 32
99 42
99 74
99 81
99 86
99 101
99 104
99 110
100 6
100 7
100 10
100 18
100 24
100 43
100 49
100 59
100 60
100 63
100 66
100 79
100 83
100 85
100 90
100 92
100 95
100 110
100 121
100 136
100 144
100 146
101 17
101 22
101 33
101 34
101 42
101 52
101 72
101 73
101 131
101 135
101 137
101 150
102 1
102 3
102 22
102 39
102 40
102 64
102 67
102 73
102 85
102 107
102 111
102 126
102 128
102 132
102 149
103 2
103 10
103 11
103 13
103 30
103 71
103 97
103 100
103 102
103 107
103 124
103 130
103 149
104 2
104 21
104 23
104 38
104 41
104 43
104 55
104 56
104 60
104 63
104 85
104 86
104 94
104 112
104 119
104 130
104 135
104 142
104 143
104 149
105 9
105 14
105 35
105 53
105 54
105 74
105 89
105 94
105 107
105 114
105 126
105 144
106 2
106 16
106 20
106 29
106 43
106 62
106 64
106 76
106 77
106 99
106 102
106 145
107 1
107 14
107 17
107 19
107 22
107 35
107 48
107 57
107 90
107 91
107 114
107 115
107 127
107 130
107 132
107 149
108 14
108 31
108 37
108 49
108 51
108 62
108 67
108 93
108 114
108 118
108 134
108 135
109 4
109 5
109 13
109 20
109 25
109 29
109 48
109 53
109 58
109 67
109 73
109 91
109 103
109 104
109 114
109 117
109 122
109 131
109 137
110 4
110 23
110 78
110 79
110 86
110 112
110 118
110 121
110 134
110 145
111 21
111 38
111 42
111 51
111 56
111 57
111 70
111 72
111 103
111 108
111 120
111 136
112 2
112 10
112 24
112 27
112 31
112 52
112 69
112 75
112 83
112 115
112 122
112 126
112 133
113 4
113 7
113 23
113 29
113 49
113 55
113 90
113 111
113 130
113 138
113 143
114 71
114 73
114 74
114 79
114 91
114 95
114 98
114 104
114 118
114 121
114 123
115 1
115 23
115 24
115 40
115 55
115 70
115 75
115 77
115 79
115 86
115 98
115 104
115 111
115 113
115 116
115 123
115 126
115 148
116 10
116 12
116 22
116 27
116 28
116 42
116 52
116 73
116 80
116 84
116 93
116 100
116 101
116 137
116 144
117 1
117 7
117 14
117 61
117 76
117 77
117 78
117 81
117 96
117 107
117 125
117 127
117 136
118 31
118 36
118 44
118 47
118 58
118 76
118 89
118 99
118 100
118 112
118 144
119 1
119 19
119 21
119 58
119 59
119 64
119 74
119 111
119 114
119 117
119 137
120 2
120 8
120 13
120 16
120 37
120 59
120 65
120 76
120 79
120 85
120 102
120 105
121 6
121 9
121 24
121 26
121 28
121 55
121 56
121 65
121 66
121 86
121 96
121 107
121 108
121 118
121 134
121 140
121 150
122 40
122 52
122 66
122 70
122 76
122 84
122 92
122 93
122 104
122 137
122 142
122 145
123 2
123 9
123 15
123 21
123 56
123 85
123 118
123 129
123 142
124 1
124 5
124 11
124 25
124 30
124 34
124 43
124 57
124 69
124 77
124 82
124 83
124 108
124 134
124 146
125 9
125 26
125 39
125 41
125 45
125 56
125 60
125 83
125 111
126 13
126 18
126 32
126 120
126 123
127 16
127 18
127 46
127 48
127 52
127 55
127 102
127 104
127 108
127 115
127 118
127 131
127 143
128 1
128 5
128 20
128 48
128 51
128 70
128 80
128 91
128 93
128 94
128 100
128 108
128 125
128 139
128 141
128 145
128 150
129 12
129 13
129 19
129 33
129 38
129 48
129 60
129 61
129 69
129 72
129 77
129 79
129 90
129 95
129 97
129 98
129 113
129 119
129 121
129 132
129 133
129 139
130 9
130 39
130 44
130 56
130 58
130 62
130 67
130 82
130 87
130 95
130 116
130 126
130 132
130 134
130 137
130 139
130 149
131 2
131 24
131 25
131 33
131 36
131 47
131 64
131 73
131 88
131 112
131 114
131 134
131 146
131 150
132 2
132 46
132 62
132 67
132 78
132 93
132 118
132 125
133 15
133 16
133 34
133 37
133 40
133 43
133 51
133 54
133 72
133 92
133 96
133 114
133 122
133 127
133 143
133 144
134 6
134 27
134 34
134 36
134 51
134 52
134 69
134 77
134 79
134 91
134 98
134 106
134 112
134 133
134 138
134 148
135 30
135 39
135 43
135 73
135 78
135 98
135 117
135 127
135 136
135 149
136 9
136 20
136 21
136 27
136 55
136 56
136 61
136 74
136 90
136 99
136 101
136 102
136 105
136 110
136 144
136 146
137 2
137 7
137 12
137 17
137 20
137 32
137 40
137 49
137 54
137 67
137 84
137 89
137 95
137 100
137 105
137 120
137 145
138 7
138 8
138 12
138 26
138 27
138 30
138 34
138 48
138 70
138 74
138 75
138 79
138 85
138 109
138 123
138 125
138 127
138 128
138 147
139 8
139 12
139 13
139 25
139 53
139 55
139 58
139 86
139 102
139 127
139 140
139 147
140 11
140 13
140 37
140 45
140 54
140 58
140 89
141 12
141 13
141 22
141 41
141 49
141 64
141 68
141 74
141 83
141 93
141 100
141 101
141 116
141 117
141 121
141 143
142 24
142 26
142 42
142 45
142 52
142 54
142 58
142 72
142 79
142 86
142 88
142 100
142 124
142 130
142 138
143 5
143 12
143 28
143 45
143 53
143 75
143 80
143 94
143 126
143 136
143 149
144 4
144 24
144 40
144 49
144 67
144 81
144 95
144 96
144 110
144 123
144 141
144 143
144 150
145 3
145 14
145 41
145 58
145 65
145 91
145 102
145 104
146 6
146 22
146 35
146 55
146 61
146 92
146 102
146 110
146 125
146 147
146 150
147 12
147 17
147 25
147 26
147 31
147 33
147 46
147 49
147 51
147 55
147 57
147 59
147 61
147 73
147 95
147 98
147 100
147 108
147 129
147 150
148 3
148 8
148 32
148 37
148 54
148 60
148 61
148 71
148 82
148 90
148 103
148 106
148 110
148 111
148 116
148 126
148 142
149 40
149 42
149 43
149 47
149 56
149 68
149 87
149 88
149 89
149 101
149 115
149 119
149 123
149 127
149 138
150 31
150 47
150 49
150 52
150 55
150 80
150 81
150 93
150 95
150 105
150 108
150 113
150 116
150 118

