100 2000
34 83 97 30 67 47 27 55 66 76 59 56 83 79 31 108 28 24 70 32 100 112 101 72 54 39 68 65 47 56 24 59 82 77 62 76 117 111 30 30 34 105 94 47 77 84 87 112 106 105 37 64 96 110 57 50 78 69 22 56 72 101 110 34 89 36 86 40 117 63 50 30 112 22 92 65 61 23 93 116 48 109 36 26 100 104 29 108 27 51 102 87 104 36 52 21 78 78 42 93 
1 4
1 18
1 30
1 35
1 37
1 39
1 40
1 51
1 52
1 55
1 59
1 61
1 62
1 70
1 74
1 76
1 79
1 85
1 88
1 92
1 97
1 100
2 6
2 13
2 24
2 31
2 32
2 39
2 51
2 57
2 62
2 70
2 71
2 72
2 73
2 81
2 94
2 97
3 15
3 27
3 28
3 35
3 38
3 39
3 43
3 45
3 46
3 52
3 56
3 57
3 59
3 66
3 70
3 72
3 75
3 79
3 90
3 97
3 99
4 2
4 3
4 9
4 10
4 16
4 17
4 26
4 28
4 29
4 35
4 36
4 37
4 42
4 49
4 54
4 59
4 80
4 81
4 96
4 97
4 98
4 99
5 4
5 10
5 11
5 13
5 22
5 24
5 26
5 36
5 48
5 50
5 63
5 74
5 81
5 84
5 86
5 87
5 91
6 1
6 4
6 18
6 20
6 22
6 31
6 34
6 36
6 55
6 56
6 57
6 65
6 67
6 77
6 85
6 87
6 90
6 92
6 97
6 99
7 2
7 3
7 20
7 24
7 36
7 37
7 50
7 53
7 61
7 65
7 67
7 68
7 90
8 1
8 3
8 6
8 15
8 17
8 19
8 24
8 26
8 27
8 30
8 32
8 37
8 47
8 48
8 52
8 54
8 55
8 65
8 79
8 82
8 100
9 2
9 6
9 8
9 11
9 17
9 19
9 22
9 24
9 26
9 31
9 36
9 47
9 62
9 65
9 68
9 69
9 73
9 76
9 82
9 85
9 93
9 98
10 2
10 3
10 11
10 16
10 18
10 19
10 20
10 22
10 23
10 28
10 41
10 46
10 48
10 53
10 57
10 59
10 65
10 67
10 68
10 69
10 73
10 76
10 78
10 81
10 83
10 89
10 91
10 93
10 100
11 3
11 4
11 19
11 20
11 28
11 35
11 42
11 46
11 52
11 61
11 62
11 64
11 71
11 72
11 75
11 81
11 84
11 97
12 7
12 13
12 16
12 18
12 23
12 34
12 37
12 39
12 43
12 51
12 54
12 55
12 70
12 75
12 76
12 83
12 84
12 89
12 91
12 95
13 4
13 21
13 25
13 38
13 45
13 62
13 70
13 71
13 75
13 78
13 83
13 86
13 89
13 97
14 8
14 16
14 23
14 25
14 27
14 28
14 30
14 31
14 39
14 40
14 43
14 54
14 61
14 67
14 74
14 78
14 81
14 83
15 12
15 13
15 19
15 23
15 40
15 46
15 49
15 54
15 57
15 60
15 65
15 71
15 73
15 75
15 76
15 77
15 81
15 90
15 99
16 8
16 15
16 17
16 21
16 24
16 29
16 30
16 31
16 34
16 39
16 45
16 55
16 61
16 68
16 73
16 76
16 83
16 88
16 91
16 98
16 99
16 100
17 5
17 10
17 15
17 18
17 24
17 25
17 37
17 47
17 48
17 49
17 51
17 53
17 54
17 57
17 60
17 62
17 68
17 81
17 91
17 93
17 99
18 5
18 7
18 8
18 9
18 15
18 27
18 39
18 40
18 46
18 62
18 63
18 64
18 67
18 71
18 76
18 77
18 79
18 80
18 81
18 83
18 84
18 86
18 97
19 5
19 6
19 13
19 14
19 25
19 32
19 40
19 57
19 59
19 60
19 67
19 74
19 86
19 94
19 95
19 100
20 9
20 16
20 28
20 42
20 54
20 55
20 57
20 59
20 60
20 63
20 64
20 65
20 66
20 79
20 87
20 91
20 92
20 93
20 94
21 1
21 2
21 7
21 8
21 10
21 11
21 20
21 26
21 33
21 35
21 44
21 47
21 55
21 72
21 73
21 77
21 91
21 97
21 98
21 99
22 3
22 8
22 14
22 17
22 19
22 27
22 28
22 32
22 35
22 41
22 50
22 66
22 69
22 71
22 78
22 80
22 84
22 89
22 92
22 93
23 1
23 7
23 8
23 16
23 17
23 22
23 26
23 32
23 38
23 48
23 50
23 63
23 69
23 74
23 76
23 77
23 80
23 82
23 91
23 95
23 99
24 10
24 25
24 27
24 28
24 36
24 43
24 45
24 47
24 53
24 56
24 60
24 63
24 78
24 85
24 89
24 92
24 93
24 96
25 5
25 10
25 11
25 12
25 20
25 22
25 23
25 49
25 55
25 56
25 59
25 60
25 80
25 82
25 84
25 88
25 89
25 97
25 98
26 1
26 10
26 11
26 13
26 22
26 24
26 25
26 27
26 43
26 44
26 53
26 61
26 66
26 67
26 68
26 74
26 83
26 93
26 96
27 5
27 10
27 20
27 25
27 28
27 31
27 40
27 41
27 54
27 58
27 60
27 65
27 73
27 76
27 83
27 87
27 100
28 1
28 6
28 7
28 12
28 17
28 41
28 49
28 60
28 65
28 70
28 75
28 90
29 1
29 5
29 6
29 8
29 10
29 14
29 17
29 18
29 22
29 23
29 25
29 26
29 31
29 35
29 40
29 42
29 56
29 63
29 64
29 65
29 67
29 73
29 74
29 80
29 82
29 88
29 91
29 98
29 100
30 2
30 10
30 13
30 15
30 17
30 19
30 29
30 36
30 41
30 50
30 56
30 57
30 60
30 66
30 69
30 73
30 80
30 89
30 91
30 92
30 100
31 1
31 5
31 15
31 17
31 21
31 23
31 28
31 33
31 36
31 37
31 41
31 44
31 45
31 70
31 79
31 82
31 84
31 87
31 88
31 92
32 1
32 31
32 38
32 39
32 40
32 54
32 56
32 68
32 69
32 70
32 80
32 91
32 92
33 2
33 6
33 17
33 32
33 36
33 40
33 46
33 51
33 54
33 59
33 60
33 72
33 91
33 96
33 98
33 99
34 2
34 10
34 11
34 13
34 20
34 26
34 27
34 33
34 37
34 40
34 46
34 47
34 48
34 50
34 54
34 57
34 66
34 67
34 68
34 70
34 76
34 87
34 93
34 96
34 99
35 10
35 15
35 19
35 23
35 25
35 26
35 28
35 33
35 34
35 47
35 49
35 55
35 64
35 68
35 69
35 70
35 71
35 73
35 78
35 83
35 88
35 93
35 95
35 98
36 2
36 8
36 11
36 19
36 21
36 23
36 38
36 45
36 48
36 49
36 52
36 57
36 62
36 73
36 74
36 79
36 81
36 82
36 84
36 92
36 93
36 96
37 2
37 3
37 10
37 19
37 20
37 26
37 32
37 40
37 41
37 43
37 61
37 68
37 72
37 85
37 87
37 91
37 96
37 97
38 14
38 21
38 25
38 30
38 39
38 44
38 47
38 48
38 49
38 51
38 54
38 62
38 64
38 71
38 72
38 75
38 78
38 87
38 88
38 89
38 94
38 96
38 97
38 98
39 6
39 17
39 21
39 23
39 24
39 25
39 30
39 33
39 36
39 43
39 47
39 52
39 56
39 63
39 68
39 76
39 80
39 83
39 93
39 96
39 100
40 2
40 3
40 9
40 13
40 21
40 26
40 36
40 47
40 67
40 72
40 77
40 82
40 95
40 96
40 97
40 98
41 1
41 3
41 4
41 6
41 7
41 9
41 15
41 26
41 29
41 32
41 34
41 39
41 42
41 43
41 47
41 50
41 53
41 63
41 65
41 73
41 76
41 78
41 89
41 97
41 100
42 7
42 15
42 23
42 25
42 45
42 54
42 55
42 57
42 58
42 60
42 66
42 70
42 74
42 75
42 76
42 79
42 80
42 84
42 89
42 93
43 5
43 6
43 11
43 17
43 21
43 23
43 25
43 27
43 28
43 31
43 38
43 40
43 45
43 51
43 52
43 74
43 86
43 89
43 94
43 95
43 98
44 6
44 7
44 18
44 19
44 20
44 29
44 30
44 35
44 52
44 57
44 59
44 65
44 68
44 74
44 79
44 84
44 86
44 91
44 95
44 100
45 6
45 8
45 15
45 21
45 25
45 30
45 34
45 37
45 39
45 40
45 54
45 61
45 63
45 66
45 71
45 78
45 87
45 98
46 5
46 16
46 29
46 30
46 36
46 40
46 41
46 42
46 43
46 45
46 51
46 67
46 70
46 73
46 80
46 81
46 83
46 86
46 87
46 96
46 100
47 2
47 5
47 12
47 16
47 19
47 25
47 26
47 27
47 30
47 42
47 58
47 60
47 69
47 79
47 81
47 82
47 83
47 84
47 90
48 1
48 12
48 24
48 25
48 27
48 35
48 37
48 49
48 50
48 52
48 53
48 54
48 59
48 65
48 66
48 67
48 73
48 82
48 83
48 88
48 93
48 96
49 5
49 9
49 18
49 26
49 29
49 34
49 37
49 39
49 40
49 45
49 50
49 54
49 60
49 62
49 64
49 69
49 74
49 75
49 81
49 83
49 86
49 89
50 1
50 15
50 19
50 24
50 27
50 37
50 38
50 42
50 45
50 47
50 56
50 64
50 66
50 69
50 71
50 78
50 88
50 90
50 96
50 97
50 100
51 7
51 13
51 19
51 20
51 22
51 28
51 30
51 32
51 47
51 54
51 64
51 66
51 73
51 79
51 82
51 90
51 92
51 96
52 6
52 7
52 14
52 17
52 19
52 22
52 23
52 24
52 31
52 34
52 37
52 38
52 42
52 45
52 46
52 55
52 69
52 79
52 81
52 82
52 85
52 88
52 92
52 94
52 97
53 8
53 12
53 21
53 27
53 30
53 35
53 45
53 47
53 51
53 60
53 71
53 73
53 76
53 78
53 82
53 91
53 94
54 2
54 3
54 5
54 10
54 18
54 22
54 29
54 35
54 37
54 39
54 55
54 56
54 66
54 70
54 72
54 75
54 82
54 85
54 88
54 92
54 93
55 17
55 23
55 26
55 27
55 29
55 36
55 39
55 45
55 47
55 48
55 50
55 56
55 58
55 69
55 79
55 86
55 88
55 91
55 93
56 2
56 9
56 21
56 45
56 46
56 49
56 52
56 58
56 66
56 67
56 69
56 71
56 78
56 79
56 84
56 87
56 89
56 92
56 94
56 96
56 100
57 8
57 18
57 27
57 33
57 39
57 45
57 46
57 50
57 53
57 55
57 59
57 72
57 84
57 89
57 93
57 94
57 95
57 99
57 100
58 1
58 2
58 3
58 8
58 9
58 12
58 26
58 31
58 33
58 35
58 38
58 43
58 49
58 50
58 51
58 59
58 68
58 72
58 84
58 92
58 100
59 7
59 16
59 17
59 22
59 24
59 32
59 41
59 52
59 62
59 65
59 69
59 72
59 85
59 87
59 99
60 3
60 5
60 7
60 16
60 18
60 22
60 31
60 32
60 35
60 36
60 38
60 44
60 50
60 52
60 65
60 67
60 68
60 72
60 76
60 77
60 88
60 89
60 96
60 100
61 3
61 5
61 9
61 13
61 17
61 20
61 22
61 27
61 29
61 35
61 36
61 38
61 46
61 49
61 50
61 51
61 54
61 56
61 59
61 67
61 71
61 74
61 78
61 86
61 87
61 92
61 96
62 3
62 6
62 8
62 10
62 12
62 15
62 16
62 20
62 23
62 27
62 34
62 37
62 40
62 42
62 43
62 45
62 52
62 60
62 61
62 63
62 67
62 68
62 72
62 76
62 94
62 97
63 8
63 9
63 11
63 25
63 27
63 35
63 40
63 50
63 53
63 56
63 57
63 59
63 72
63 80
63 83
63 88
63 93
63 94
63 96
63 98
64 2
64 3
64 12
64 16
64 26
64 28
64 33
64 52
64 53
64 62
64 65
64 67
64 70
64 71
64 77
64 81
64 83
64 98
65 2
65 5
65 19
65 26
65 31
65 37
65 42
65 46
65 55
65 58
65 62
65 63
65 75
65 78
65 81
65 92
65 95
65 96
65 97
65 99
66 2
66 5
66 9
66 12
66 17
66 19
66 27
66 31
66 44
66 46
66 52
66 55
66 59
66 71
66 77
66 81
66 89
66 92
66 94
66 96
67 12
67 16
67 20
67 24
67 25
67 35
67 36
67 41
67 49
67 65
67 71
67 72
67 78
67 93
68 4
68 5
68 6
68 28
68 46
68 51
68 54
68 55
68 56
68 57
68 59
68 65
68 66
68 69
68 71
68 78
68 95
68 100
69 2
69 5
69 12
69 21
69 24
69 29
69 37
69 45
69 53
69 57
69 61
69 72
69 74
69 87
69 90
69 96
69 100
70 6
70 7
70 8
70 10
70 11
70 18
70 19
70 23
70 25
70 30
70 36
70 40
70 43
70 55
70 63
70 65
70 67
70 79
70 81
70 83
70 85
70 93
71 1
71 9
71 12
71 16
71 23
71 29
71 32
71 36
71 40
71 43
71 49
71 52
71 57
71 59
71 60
71 62
71 70
71 72
71 73
71 77
71 78
71 80
71 88
71 93
71 95
72 10
72 17
72 29
72 31
72 34
72 35
72 36
72 39
72 41
72 45
72 47
72 51
72 52
72 78
72 85
72 90
72 93
72 97
72 100
73 40
73 42
73 47
73 52
73 54
73 58
73 64
73 76
73 77
73 80
73 87
73 89
73 91
73 99
74 2
74 6
74 8
74 11
74 24
74 35
74 38
74 46
74 53
74 55
74 56
74 59
74 60
74 67
74 70
74 71
74 72
74 79
74 87
74 93
75 4
75 24
75 29
75 30
75 31
75 41
75 47
75 50
75 59
75 71
75 72
75 74
75 76
75 82
75 86
75 88
75 94
75 95
75 99
76 6
76 13
76 20
76 21
76 22
76 32
76 43
76 49
76 56
76 58
76 68
76 96
77 1
77 3
77 8
77 9
77 17
77 26
77 29
77 32
77 34
77 43
77 53
77 57
77 63
77 70
77 72
77 76
77 84
77 86
77 92
77 98
77 99
78 1
78 3
78 6
78 12
78 19
78 30
78 31
78 39
78 42
78 44
78 48
78 55
78 60
78 64
78 90
78 95
79 13
79 26
79 32
79 33
79 43
79 45
79 46
79 49
79 57
79 66
79 69
79 77
79 82
79 91
79 92
80 2
80 3
80 7
80 13
80 15
80 36
80 38
80 43
80 47
80 51
80 53
80 54
80 56
80 61
80 68
80 72
80 75
80 78
80 87
81 25
81 27
81 29
81 30
81 32
81 33
81 35
81 37
81 41
81 45
81 51
81 55
81 56
81 59
81 61
81 62
81 67
81 68
81 75
81 79
81 90
81 93
82 3
82 10
82 12
82 13
82 14
82 18
82 32
82 33
82 41
82 49
82 57
82 70
82 74
82 78
82 96
83 1
83 5
83 6
83 11
83 15
83 24
83 28
83 36
83 41
83 42
83 43
83 52
83 53
83 59
83 60
83 62
83 72
83 74
83 77
83 82
83 86
83 90
83 92
83 93
83 95
83 99
84 3
84 10
84 14
84 17
84 24
84 37
84 50
84 52
84 54
84 59
84 61
84 68
84 70
84 73
84 74
84 78
84 82
84 83
84 94
84 97
85 4
85 15
85 21
85 23
85 30
85 31
85 34
85 35
85 41
85 42
85 47
85 50
85 56
85 61
85 69
85 71
85 73
85 78
85 79
85 81
85 95
85 98
86 1
86 2
86 10
86 11
86 12
86 25
86 26
86 31
86 39
86 42
86 47
86 50
86 54
86 73
86 76
86 79
86 81
86 85
86 98
87 3
87 14
87 16
87 21
87 23
87 43
87 55
87 63
87 66
87 68
87 70
87 71
87 78
87 86
87 88
87 91
87 95
88 6
88 7
88 8
88 9
88 10
88 11
88 17
88 20
88 21
88 23
88 26
88 27
88 32
88 43
88 47
88 51
88 62
88 65
88 68
88 72
88 74
88 77
88 78
88 81
88 83
88 85
88 95
88 97
88 98
89 2
89 8
89 14
89 15
89 23
89 27
89 28
89 31
89 47
89 54
89 59
89 61
89 65
89 67
89 68
89 72
89 74
89 75
89 82
89 87
89 90
89 95
89 100
90 11
90 12
90 18
90 19
90 20
90 21
90 24
90 25
90 30
90 37
90 38
90 39
90 40
90 43
90 44
90 45
90 46
90 48
90 53
90 56
90 61
90 64
90 66
90 76
90 80
90 88
90 91
90 92
91 3
91 14
91 34
91 38
91 41
91 42
91 43
91 48
91 50
91 63
91 65
91 67
91 68
91 70
91 88
91 94
91 98
92 4
92 7
92 11
92 12
92 16
92 18
92 33
92 34
92 43
92 69
92 71
92 75
92 81
92 86
92 87
92 94
92 99
93 1
93 16
93 19
93 21
93 23
93 29
93 31
93 32
93 37
93 40
93 47
93 50
93 51
93 52
93 53
93 60
93 66
93 84
93 85
93 87
93 94
93 98
94 1
94 5
94 10
94 22
94 36
94 41
94 46
94 48
94 50
94 55
94 58
94 60
94 70
94 72
94 77
94 79
94 96
95 1
95 2
95 3
95 9
95 11
95 14
95 15
95 22
95 36
95 42
95 49
95 50
95 51
95 55
95 79
95 84
95 96
95 99
96 1
96 6
96 7
96 8
96 9
96 11
96 15
96 25
96 35
96 41
96 44
96 59
96 62
96 68
96 73
96 75
96 77
96 79
96 89
96 92
96 93
96 99
97 9
97 17
97 22
97 23
97 32
97 34
97 42
97 46
97 48
97 49
97 51
97 58
97 75
97 85
97 86
97 95
97 99
98 6
98 10
98 11
98 13
98 15
98 24
98 52
98 55
98 59
98 62
98 65
98 71
98 72
98 78
98 79
98 81
98 89
98 95
99 2
99 5
99 8
99 14
99 19
99 22
99 38
99 41
99 43
99 45
99 48
99 55
99 56
99 63
99 66
99 71
99 72
99 74
99 78
99 81
99 84
99 88
99 90
99 93
99 100
100 2
100 4
100 9
100 15
100 17
100 23
100 24
100 32
100 33
100 36
100 38
100 42
100 45
100 47
100 54
100 55
100 67
100 74
100 76
100 78
100 79
100 84
100 86
100 91
100 95
100 96
100 97

