300 300
84 93 118 102 34 98 29 41 85 40 31 63 37 94 112 67 30 108 52 46 29 76 66 60 103 72 20 115 33 25 102 112 44 97 97 91 70 58 83 53 25 55 76 26 45 58 22 99 107 100 51 107 27 46 100 42 52 72 92 48 31 64 51 50 89 100 84 52 101 83 83 85 54 101 31 35 65 91 65 63 31 65 98 109 49 52 46 26 69 37 53 52 119 80 115 63 24 46 64 39 42 25 99 105 111 112 36 93 25 75 61 69 72 28 72 44 114 46 44 61 112 97 98 82 89 26 115 33 22 71 102 120 108 36 120 112 62 69 57 39 38 46 74 38 23 61 62 28 100 84 104 97 118 61 54 83 95 104 79 71 78 46 31 58 24 110 118 51 37 32 86 47 37 103 73 81 46 114 48 107 58 42 66 25 83 62 48 94 66 113 57 92 21 119 99 80 98 82 106 49 27 82 95 105 75 73 21 34 67 75 87 30 84 36 96 45 114 69 89 51 44 96 108 98 119 69 64 118 81 52 49 28 27 92 29 98 58 30 100 51 112 83 99 114 112 46 22 117 101 45 29 106 70 95 115 48 60 104 119 67 36 23 22 113 54 28 82 67 51 32 84 41 72 45 81 23 73 115 117 27 60 65 32 38 92 63 43 116 86 110 109 119 116 38 93 32 109 28 74 91 
1 137
1 206
2 131
3 133
5 296
9 198
9 228
12 237
13 239
14 6
17 70
18 114
19 117
20 109
21 140
21 198
21 291
22 82
22 237
24 57
24 272
26 214
27 138
28 240
28 290
29 117
30 240
31 130
31 210
32 235
33 77
33 130
33 165
34 95
34 123
34 244
35 284
36 9
36 109
36 297
38 15
38 210
38 294
41 74
41 92
41 278
42 215
42 246
43 73
43 171
43 204
43 250
44 266
45 7
45 111
45 154
46 106
46 128
49 60
50 205
51 140
52 213
52 226
53 69
54 34
54 129
55 7
56 91
58 96
59 207
59 242
62 143
63 94
65 295
67 194
68 62
68 280
72 166
73 198
74 241
75 26
79 292
80 22
81 97
81 148
81 241
82 98
84 217
85 50
87 17
87 138
87 169
87 191
88 67
88 77
91 38
92 240
94 91
95 161
95 285
96 92
96 164
98 13
98 71
99 155
99 205
100 65
100 126
101 136
103 188
103 210
110 288
111 67
111 107
112 22
112 167
113 148
115 15
120 36
121 6
121 181
122 100
123 180
124 221
124 286
126 127
126 138
127 246
130 2
130 162
133 88
134 179
134 251
135 48
137 88
137 148
138 72
138 151
139 22
140 283
142 217
146 6
148 151
149 42
151 2
151 33
152 189
152 241
153 236
153 251
154 223
154 244
155 121
155 201
155 218
156 215
157 9
157 145
160 207
160 282
162 11
164 174
165 58
166 16
167 289
168 220
168 276
168 284
169 215
170 54
171 83
173 8
175 58
176 126
177 55
177 71
178 72
180 46
180 262
183 55
183 102
183 155
185 152
186 197
186 206
186 286
189 73
190 211
190 219
193 36
193 135
194 43
194 182
195 282
198 153
198 160
202 273
203 1
203 85
203 239
204 11
205 90
206 112
206 138
206 281
207 12
207 155
209 69
212 151
213 277
214 38
214 99
215 23
215 140
215 255
216 147
217 14
217 78
218 87
219 282
220 144
225 13
225 91
225 168
226 191
230 219
232 174
234 103
234 207
236 124
237 180
238 55
238 211
239 64
242 16
246 16
247 225
247 227
248 282
249 181
250 54
251 23
251 44
253 5
254 209
255 87
258 245
258 283
258 300
259 252
260 26
260 50
261 201
261 263
262 222
263 175
265 251
267 58
269 106
269 118
269 142
269 199
270 74
271 5
271 61
272 17
273 84
273 142
273 201
274 14
274 78
274 185
274 188
274 241
275 280
275 295
279 140
280 132
280 153
280 156
281 65
282 229
285 88
285 272
285 290
288 173
288 250
289 269
289 298
290 211
291 194
291 267
291 281
292 110
292 150
292 297
293 219
298 275
299 198
300 277

