250 500
76 28 59 49 94 117 28 64 37 28 34 35 36 66 89 21 70 33 72 120 110 54 92 44 111 35 117 114 77 28 54 64 119 63 85 29 98 48 44 115 25 20 47 94 25 78 97 110 51 82 84 93 46 68 88 92 88 73 45 99 59 66 63 40 74 39 26 71 33 69 49 36 113 25 95 63 63 112 117 84 20 115 46 39 62 91 62 57 33 59 97 62 58 22 57 76 34 42 41 68 39 34 119 92 90 22 63 70 78 67 63 110 41 68 96 42 90 57 70 91 59 97 80 82 46 93 38 69 87 104 103 120 56 110 117 109 78 22 27 110 64 29 93 54 78 94 85 106 91 87 114 69 88 73 55 62 99 114 70 93 51 74 105 78 94 85 70 91 116 32 115 113 96 83 55 103 98 113 96 59 112 76 103 56 90 72 42 72 119 91 120 56 90 76 32 20 100 24 54 78 78 45 69 79 95 58 32 93 108 35 92 92 25 61 63 118 91 111 83 99 24 107 25 59 88 68 114 31 43 32 20 59 106 74 108 46 80 35 114 71 40 114 80 68 104 84 27 120 79 31 
1 229
2 18
3 164
4 16
4 30
4 66
4 147
5 100
5 105
5 169
6 19
6 104
6 141
6 162
7 79
7 122
7 206
7 212
8 73
8 179
8 189
9 71
9 122
9 212
10 104
10 127
10 136
10 137
10 176
11 18
11 22
11 95
11 184
11 239
12 128
12 184
13 79
15 78
18 176
20 6
20 13
20 187
21 46
21 90
21 124
21 235
22 50
22 216
23 152
24 193
24 244
26 144
26 173
26 185
26 227
27 161
29 58
29 192
30 72
30 96
30 120
31 45
31 145
31 184
31 217
32 17
32 19
32 112
32 203
33 24
33 142
33 194
34 21
35 209
35 248
36 21
36 217
37 78
37 117
37 234
38 51
38 236
39 224
40 125
40 158
40 172
41 203
42 54
42 167
42 237
43 65
43 95
43 103
45 10
45 144
46 143
47 111
47 149
47 228
47 242
48 112
49 24
50 181
50 242
51 88
52 43
53 4
53 101
53 169
53 222
53 235
54 238
55 44
55 115
56 76
56 127
57 6
57 8
57 60
57 190
58 12
58 21
58 34
58 129
59 220
60 194
61 12
62 130
62 212
63 200
64 195
64 205
64 210
65 24
65 133
66 84
66 186
67 24
67 222
67 242
68 47
68 193
69 203
70 30
70 52
70 67
70 95
70 212
71 101
71 103
71 214
71 249
72 218
74 203
74 219
76 4
76 148
76 186
76 214
77 7
77 23
77 105
77 140
77 170
78 72
78 162
79 102
79 183
79 221
80 15
80 123
80 130
82 35
82 75
83 31
83 84
83 150
83 180
84 2
84 11
84 88
85 114
86 74
86 83
88 12
88 103
89 16
89 75
89 110
89 111
90 153
90 250
91 150
92 77
92 154
92 209
93 139
94 134
94 224
94 247
95 234
96 19
96 80
96 132
96 149
96 193
97 147
99 59
101 66
101 104
102 19
102 67
102 174
102 184
103 29
104 44
104 57
105 142
106 8
106 36
106 61
107 47
107 48
108 24
108 56
109 94
109 138
109 234
110 34
110 42
110 200
110 227
111 91
111 94
111 115
111 129
112 60
114 87
114 99
114 237
115 77
115 145
116 18
116 228
116 243
117 55
117 209
117 224
117 236
117 246
118 42
118 88
118 171
120 50
120 187
121 85
122 136
122 235
123 42
123 103
123 114
123 169
124 79
124 249
125 202
126 1
126 244
127 142
128 241
130 5
130 89
130 143
130 240
131 17
131 56
131 180
131 186
132 108
132 167
132 174
132 199
133 8
133 201
133 228
134 123
134 169
134 172
134 246
135 35
136 21
136 134
137 14
137 53
137 244
139 228
139 249
140 80
140 120
141 179
142 112
142 117
144 39
144 40
144 122
145 100
146 83
147 8
147 244
148 85
148 179
149 197
149 217
150 158
151 30
151 188
152 86
152 160
152 212
153 58
154 46
154 75
154 133
155 62
155 175
156 31
157 75
158 133
159 33
159 122
159 140
160 6
160 139
160 147
161 130
161 132
162 20
162 72
162 73
162 146
162 163
163 131
165 129
166 24
166 199
168 11
168 58
168 139
168 157
169 69
169 186
170 14
170 24
170 168
170 234
171 152
171 225
172 17
172 100
172 165
172 192
173 41
173 181
174 179
175 77
175 193
175 196
178 33
178 42
178 71
181 73
181 210
181 227
183 247
184 221
185 202
185 245
187 166
188 211
189 39
189 124
189 146
189 216
191 24
191 111
191 161
191 228
193 95
194 93
195 38
195 151
195 235
196 20
196 82
196 130
197 139
197 236
198 146
200 169
201 57
201 185
203 160
204 180
204 217
204 223
205 112
205 193
206 72
206 203
207 165
208 70
208 80
208 93
208 141
208 232
209 132
209 133
210 46
210 101
210 104
211 72
211 94
211 100
212 20
212 43
212 236
213 119
213 157
214 95
214 153
216 3
216 70
217 73
217 130
218 60
218 194
219 158
220 82
221 123
221 146
222 170
222 202
223 42
223 64
224 98
224 161
225 22
226 13
227 221
227 239
228 246
229 29
229 77
229 95
229 123
229 215
229 236
230 82
231 29
231 79
231 164
232 83
232 87
232 128
232 237
232 240
233 59
234 201
235 12
235 58
236 64
236 96
237 88
237 161
237 173
238 43
238 44
238 142
238 192
239 144
239 200
240 18
240 59
241 190
241 201
242 112
242 156
242 163
243 10
243 104
243 182
244 212
244 239
245 21
246 136
246 146
246 163
247 170
248 42
249 150
249 227

