150 1000
56 75 52 58 98 28 48 64 38 37 38 48 39 50 66 98 38 85 64 112 82 27 85 64 49 61 89 28 96 28 104 102 51 105 62 67 98 98 110 47 42 45 29 59 20 67 35 118 40 20 115 81 80 119 29 113 46 108 77 37 111 53 119 116 67 77 107 38 61 107 112 43 60 117 73 88 71 87 80 71 45 48 101 45 84 55 71 68 101 64 103 96 106 89 26 80 21 23 76 89 48 42 108 76 85 72 47 78 46 86 64 29 66 105 85 50 58 21 118 89 59 117 28 77 112 93 62 89 22 25 90 32 88 37 103 106 60 38 23 39 39 91 68 56 54 85 103 78 109 23 
1 5
1 18
1 23
1 53
1 85
1 89
1 112
1 118
1 131
1 144
2 13
2 61
2 64
2 70
2 96
2 121
3 51
3 54
3 72
3 93
3 134
3 149
4 17
4 34
4 84
4 89
4 128
5 9
5 29
5 34
5 40
5 54
5 56
5 57
5 68
5 73
5 125
6 3
6 16
6 17
6 24
6 27
6 39
6 80
6 84
6 86
6 114
6 137
7 2
7 42
7 68
7 98
7 122
7 135
7 137
8 1
8 32
8 94
8 99
8 101
8 102
8 103
8 118
9 12
9 23
9 36
9 55
9 68
9 75
9 77
9 84
9 93
9 105
9 136
10 51
10 82
10 104
10 115
10 140
11 32
11 33
11 68
11 101
11 125
11 150
12 17
12 18
12 34
12 82
12 106
12 116
12 133
12 138
13 20
13 43
13 64
13 76
13 80
13 126
13 138
14 40
14 70
14 74
14 124
15 20
15 40
15 44
15 63
15 71
15 76
15 92
16 14
16 17
16 24
16 63
16 69
16 103
17 19
17 48
17 66
17 74
17 101
17 120
17 129
18 2
18 3
18 49
18 54
18 74
18 122
18 137
18 150
19 15
19 25
19 32
19 88
19 114
19 139
20 29
20 61
20 82
20 97
20 106
20 118
21 39
21 55
21 67
21 82
21 94
21 105
21 108
21 127
21 140
21 147
22 18
22 76
22 136
23 22
23 42
23 104
23 108
23 125
23 137
23 143
24 20
24 76
24 131
25 20
25 37
25 43
25 69
25 74
25 78
25 90
25 123
26 33
26 53
26 66
26 73
26 81
26 113
26 116
26 119
26 127
27 14
27 15
27 18
27 21
27 58
27 78
28 15
28 25
28 29
28 64
28 71
28 72
28 83
28 109
28 115
28 118
28 130
28 131
28 149
29 16
29 26
29 63
29 92
29 135
30 19
30 33
30 100
30 103
30 137
30 143
31 17
31 58
31 60
31 84
31 88
31 90
31 107
32 43
32 91
32 93
32 99
32 103
32 141
32 147
33 15
33 23
33 54
33 57
33 79
33 93
33 108
33 117
33 130
33 140
33 146
34 67
34 84
35 20
35 44
35 92
35 96
35 109
35 116
35 117
35 123
35 148
36 43
36 67
36 88
36 98
36 134
37 3
37 20
37 34
37 51
37 62
37 67
37 92
37 100
38 43
38 63
38 68
39 5
39 30
39 50
39 57
39 71
39 97
39 111
40 28
40 33
40 82
40 128
41 29
41 32
41 74
41 80
41 119
41 147
42 27
42 40
42 49
42 63
42 66
42 68
42 102
43 24
43 60
43 73
43 113
43 115
43 125
43 127
43 148
44 43
44 60
44 102
44 105
44 131
44 132
45 17
45 37
45 70
45 77
45 119
45 124
45 128
46 15
46 18
46 20
46 34
46 44
46 101
46 110
47 11
47 22
47 23
47 28
47 45
47 82
47 93
47 139
48 2
48 16
48 42
48 66
49 23
49 58
50 9
50 34
50 40
50 60
50 64
50 81
50 85
50 113
50 122
50 142
51 12
51 53
51 72
51 119
51 126
51 132
51 144
52 3
52 63
52 66
52 96
53 18
53 49
53 121
54 9
54 15
54 71
54 75
54 109
54 114
55 42
55 49
55 72
55 85
55 87
55 95
55 127
56 13
56 15
56 30
56 54
56 60
56 83
56 109
56 147
57 34
57 77
57 95
57 110
58 38
58 43
58 54
58 77
58 84
58 102
58 112
58 118
58 127
58 136
59 8
59 12
59 16
59 24
59 57
59 61
59 62
59 80
59 82
59 85
59 103
59 127
59 147
60 9
60 25
60 36
60 79
60 98
60 107
60 115
60 118
60 123
60 132
60 134
61 4
61 48
61 99
61 120
61 126
61 138
62 5
62 36
62 137
63 7
63 11
63 30
63 57
63 117
63 147
64 73
64 78
64 83
64 93
64 114
64 133
65 6
65 32
65 50
65 86
65 90
65 91
65 100
65 105
65 122
65 124
65 143
65 148
66 2
66 9
66 23
66 29
66 61
66 68
66 110
66 112
66 122
66 126
67 27
67 39
67 68
67 110
67 130
68 56
68 96
68 111
68 112
68 129
69 20
69 41
69 47
69 58
69 88
69 97
69 98
69 100
69 106
69 122
69 142
70 18
70 20
70 26
70 39
70 49
70 67
70 71
70 78
70 82
70 91
71 74
71 86
71 97
71 106
71 121
71 127
71 134
71 142
72 10
72 49
72 70
72 119
73 34
73 62
73 68
73 80
73 87
73 93
73 100
74 47
74 55
74 56
74 59
74 94
74 100
74 109
75 20
75 32
75 51
75 55
75 58
75 137
76 6
76 28
76 31
76 37
76 75
76 84
76 88
76 119
76 147
77 1
77 76
77 105
77 120
77 134
78 15
78 96
78 106
78 107
78 150
79 13
79 29
79 42
79 45
79 58
79 93
79 121
79 124
80 26
80 35
80 37
80 76
80 84
80 89
81 12
81 23
81 39
81 49
81 65
81 78
81 95
81 109
82 1
82 19
82 31
82 68
82 114
82 139
83 10
83 29
83 48
83 49
83 58
83 66
83 78
83 130
83 131
84 16
84 23
84 92
84 102
84 118
84 128
84 130
85 11
85 27
85 53
85 62
85 73
85 87
85 96
85 102
85 122
85 132
86 2
86 26
86 33
86 46
86 94
86 137
87 11
87 14
87 40
87 45
87 83
87 98
87 128
87 132
87 145
88 4
88 11
88 22
88 46
88 50
88 60
88 64
88 85
88 146
89 23
89 94
89 127
90 29
90 49
90 58
90 83
90 88
90 100
90 126
90 130
91 4
91 29
91 30
91 51
91 61
91 71
91 133
91 134
91 146
92 71
92 79
92 80
92 83
92 91
92 98
92 110
92 119
93 18
93 132
94 23
94 44
94 45
94 87
94 131
94 139
95 24
95 28
95 38
95 62
95 80
95 87
95 137
96 1
96 5
96 20
96 29
96 46
96 77
96 100
96 123
96 141
96 145
97 28
97 115
97 126
98 18
98 44
98 49
98 75
98 124
98 136
98 139
98 140
99 13
99 29
99 37
99 84
100 13
100 14
100 34
100 49
100 51
100 60
100 71
100 95
100 129
100 133
100 141
101 3
101 76
101 77
101 104
101 105
102 2
102 6
102 36
102 74
102 86
102 115
102 148
103 9
103 18
103 85
103 110
103 131
103 134
103 136
104 142
104 147
105 31
105 33
105 36
105 56
105 73
105 110
105 121
106 18
106 51
106 52
106 66
106 70
106 126
106 130
106 134
106 138
107 50
107 61
107 85
107 109
107 117
107 121
107 150
108 20
108 34
108 83
108 88
108 92
108 100
108 148
109 12
109 17
109 37
109 52
109 78
109 96
109 98
110 3
110 11
110 33
110 40
110 79
110 100
110 101
110 111
110 114
110 132
111 13
111 27
111 40
111 44
111 63
111 117
112 6
112 29
112 32
112 36
112 41
112 98
112 105
112 114
112 118
112 124
112 129
113 10
113 45
113 56
113 88
113 95
113 125
113 136
114 23
114 37
114 56
114 138
114 145
115 19
115 47
115 67
115 91
115 95
115 131
116 4
116 5
116 8
116 37
116 39
116 49
116 75
116 83
116 148
117 4
117 14
117 73
117 129
117 130
117 145
118 29
118 30
118 61
119 1
119 42
119 77
119 86
119 129
120 83
120 134
120 142
121 8
121 17
121 24
121 37
121 50
121 65
121 90
121 92
121 128
122 105
123 18
123 30
123 149
124 10
124 12
124 16
124 23
124 40
124 61
124 92
124 125
124 146
125 8
125 19
125 49
125 58
125 96
125 100
125 137
125 144
126 5
126 19
126 65
126 77
126 100
126 109
126 120
126 130
127 66
127 76
127 78
127 96
127 142
128 14
128 15
128 80
128 95
128 118
129 2
129 63
129 64
129 69
129 76
129 84
129 91
129 104
129 109
129 118
129 123
130 30
130 75
130 77
130 103
130 122
130 129
131 16
131 62
131 73
131 93
131 111
131 132
131 150
132 1
132 6
132 92
132 122
132 140
133 68
133 93
133 107
133 114
133 131
134 33
134 48
134 73
134 101
134 123
135 11
135 23
135 27
135 36
135 58
135 70
135 79
136 8
136 10
136 35
136 39
136 73
136 80
136 124
136 141
137 121
138 4
138 14
138 32
138 74
138 78
138 100
138 107
138 134
138 140
138 147
139 41
139 53
139 56
139 61
139 64
139 99
139 118
139 131
140 9
140 17
140 127
140 142
140 144
140 149
141 53
141 63
141 112
141 128
141 139
142 29
142 38
142 64
142 144
142 150
143 2
143 10
144 11
144 78
144 133
144 137
145 52
145 99
146 27
146 139
147 33
147 46
147 66
147 73
147 77
147 79
147 95
147 103
147 120
147 136
147 141
147 142
148 60
148 67
148 89
148 90
148 98
148 100
149 58
149 77
149 82
149 98
149 144
150 3
150 54
150 56
150 101

