300 1000
36 97 95 117 104 101 82 24 90 118 106 23 46 54 109 60 65 110 118 75 119 72 74 97 25 23 65 54 108 71 119 99 57 120 85 115 44 56 46 51 27 54 65 100 99 74 71 64 71 70 56 66 86 66 102 66 80 72 84 32 117 34 22 25 97 98 53 112 20 24 30 114 86 55 71 25 55 98 95 23 48 73 110 37 103 87 70 60 99 97 40 109 112 81 73 86 44 34 77 43 118 25 50 57 110 100 92 21 84 52 84 87 53 120 113 52 70 107 83 39 49 57 104 72 75 26 23 78 64 111 59 29 91 58 97 93 58 120 74 77 115 24 41 65 41 100 106 39 22 106 91 49 74 35 25 70 93 36 30 110 30 82 46 80 117 63 100 76 87 44 72 51 27 21 76 87 113 92 65 31 41 34 41 45 85 38 48 114 50 101 22 36 25 42 76 69 40 72 63 38 87 115 42 75 77 113 85 90 66 40 79 29 92 46 73 97 40 75 23 64 112 56 23 113 38 107 92 50 96 78 37 77 108 43 100 27 63 114 61 31 58 105 25 28 83 79 86 71 56 28 38 101 34 114 93 30 107 72 22 70 65 75 119 42 20 30 109 45 93 26 74 82 45 53 79 30 35 65 34 47 103 29 78 109 89 51 57 27 97 25 46 27 72 60 38 104 49 115 116 62 
1 12
1 49
1 69
1 135
1 220
1 242
1 259
1 279
2 50
2 134
2 192
2 200
2 251
2 286
3 91
3 105
3 122
3 201
3 234
3 254
3 275
4 218
4 247
5 124
5 194
5 255
5 288
5 292
5 299
6 141
6 142
6 214
6 271
7 110
7 122
7 185
7 194
7 246
8 114
8 154
8 173
8 251
9 28
9 31
9 50
9 118
9 149
9 191
10 34
10 78
10 80
10 221
11 8
11 243
12 6
12 64
12 78
12 93
12 142
12 150
12 160
12 242
13 1
13 99
13 214
13 283
14 27
14 178
15 176
15 231
16 25
16 182
16 242
16 271
17 94
17 105
17 121
17 233
17 243
18 17
18 231
19 27
19 93
19 202
21 20
21 130
21 132
22 1
22 156
23 146
23 153
23 207
23 210
23 228
23 276
25 10
25 34
25 95
25 104
25 148
26 196
26 220
27 18
27 179
27 242
27 253
27 264
27 268
27 289
28 252
29 5
29 219
30 158
30 282
31 272
32 104
32 137
33 124
33 174
34 16
34 35
34 50
34 151
34 159
34 286
34 294
34 298
35 98
35 100
35 121
35 128
36 2
36 29
36 112
36 278
37 10
37 93
37 273
38 16
38 156
38 213
38 249
38 266
39 71
39 139
39 282
40 38
41 38
41 91
41 107
41 162
41 188
41 241
42 50
42 54
42 115
42 220
42 230
42 250
42 268
43 100
43 178
43 239
43 270
44 75
44 81
44 83
44 130
44 148
44 240
45 8
45 67
45 100
46 203
46 207
46 237
47 58
47 113
47 122
47 144
47 223
48 34
48 44
48 121
48 259
49 40
49 48
50 28
51 45
51 159
51 178
51 195
51 235
51 249
51 261
52 75
52 114
52 280
53 49
53 86
53 107
53 186
53 228
53 254
54 23
54 139
54 147
54 223
55 200
56 36
56 73
57 7
57 10
57 72
57 79
57 122
57 187
58 3
58 9
58 90
58 91
58 218
58 223
59 209
59 210
60 16
60 53
60 144
60 177
60 276
61 271
61 281
62 49
62 190
62 231
63 17
63 26
63 82
63 251
63 263
64 2
64 112
64 189
64 190
64 242
64 257
64 285
65 5
66 73
66 156
66 179
66 198
66 284
67 151
67 156
67 207
68 118
68 229
68 292
69 3
69 252
69 259
69 286
70 138
70 147
70 188
71 12
71 59
71 75
71 158
71 159
71 191
71 295
72 51
72 243
72 245
73 16
73 300
74 130
74 219
74 275
75 198
75 295
77 79
77 94
78 49
78 160
78 244
80 17
80 69
80 191
80 202
80 216
80 252
81 34
81 42
81 53
81 91
81 121
81 174
81 272
82 116
82 173
83 6
83 189
84 64
84 150
84 184
84 220
84 261
84 273
84 274
85 3
85 44
85 66
85 72
85 176
85 197
85 254
86 6
86 44
86 137
86 207
87 239
88 42
88 145
88 204
88 244
88 249
88 262
88 293
89 5
89 126
89 155
90 27
90 96
90 226
91 9
91 169
91 192
91 265
92 78
92 162
92 243
93 5
93 25
93 54
93 239
94 15
94 107
94 189
94 193
94 228
95 194
95 209
95 217
95 279
96 158
96 165
96 211
96 239
96 279
98 78
98 245
99 21
99 91
99 104
99 112
99 234
99 266
100 167
100 296
101 243
102 91
102 198
103 97
104 260
104 281
104 299
105 76
105 124
105 238
106 98
106 181
106 237
107 57
107 193
107 252
108 19
108 237
109 4
109 38
109 112
110 12
110 91
110 128
110 141
111 238
112 7
112 78
112 104
112 113
112 115
112 244
113 25
113 50
113 92
114 42
114 58
114 285
114 299
115 19
115 124
115 195
115 232
116 120
116 163
116 264
117 6
117 76
117 166
117 190
117 223
117 294
118 32
118 59
118 111
118 203
118 254
118 259
118 283
119 15
119 21
119 53
119 92
120 81
120 103
120 127
121 50
121 90
121 158
121 176
121 288
121 295
122 100
122 102
122 174
122 186
122 284
123 105
123 287
124 50
124 100
124 295
125 103
125 173
125 297
126 25
126 124
126 247
126 283
127 198
127 236
128 5
129 1
129 170
129 238
130 105
130 296
131 101
131 185
132 27
132 142
133 27
134 193
134 199
134 234
135 22
135 73
135 110
135 120
135 227
135 291
136 221
137 80
137 106
137 275
138 114
138 283
139 189
139 256
141 142
141 169
141 241
142 125
142 274
143 63
143 97
143 142
144 108
144 114
144 214
145 33
145 130
146 34
146 248
147 172
147 204
147 276
148 189
148 300
149 64
149 103
150 189
150 218
151 28
151 94
151 143
151 157
151 174
151 232
152 7
152 180
152 289
152 297
153 20
153 204
153 208
153 235
154 28
154 62
154 78
154 183
155 35
155 86
155 106
156 104
156 157
156 223
157 62
157 288
158 103
158 238
158 294
159 31
159 204
159 245
160 21
160 273
160 290
161 244
161 263
161 272
162 149
162 230
162 254
162 265
162 267
163 5
163 96
163 223
163 276
164 9
164 18
164 35
164 40
164 64
164 86
164 122
164 193
164 221
164 279
165 127
165 146
165 173
165 238
167 97
167 128
167 142
167 189
167 266
167 273
168 148
169 157
169 186
170 38
170 54
170 152
170 172
171 12
171 88
171 135
171 180
171 254
172 89
173 40
173 46
173 114
173 137
173 188
173 189
173 217
174 63
174 64
174 148
175 68
175 148
175 254
176 106
176 169
176 297
177 57
177 248
178 82
178 199
178 248
178 290
179 68
179 97
179 139
179 249
180 10
181 162
181 263
182 44
182 97
182 147
182 161
182 172
182 204
182 254
182 263
183 34
183 81
184 25
184 95
184 202
185 24
185 63
185 67
185 73
185 170
186 141
186 149
186 272
187 76
187 139
187 172
187 173
187 294
188 77
188 240
188 278
189 183
190 44
190 49
190 50
190 56
190 82
190 139
190 185
190 290
191 146
191 300
192 28
192 38
192 44
192 45
192 259
192 263
192 272
193 50
193 109
193 124
193 129
193 161
193 285
194 8
194 53
194 77
194 154
194 188
195 16
195 90
195 95
195 188
195 207
196 52
196 166
196 182
196 187
196 253
196 255
196 286
197 123
197 201
197 253
198 4
199 206
200 19
200 59
200 229
201 134
201 167
202 71
203 117
204 45
204 242
205 153
205 195
205 269
206 31
206 228
206 285
207 96
207 136
207 187
207 220
208 55
208 111
208 115
208 248
208 257
208 286
209 89
209 251
210 31
210 36
210 114
210 239
210 300
211 103
211 149
211 226
211 268
211 279
212 75
212 76
212 144
212 148
212 168
213 63
213 144
213 157
213 210
213 273
214 237
214 247
214 275
214 286
215 53
216 97
216 105
216 211
216 234
216 293
217 45
217 152
217 199
217 270
218 84
218 254
218 285
219 259
219 274
220 150
221 178
221 280
222 295
223 50
223 69
223 193
223 260
224 26
224 190
224 192
225 152
225 196
225 238
225 286
226 40
226 163
226 177
227 21
227 282
227 292
228 40
228 230
228 238
228 240
228 258
229 69
229 71
230 14
230 25
230 45
230 127
230 187
230 209
230 213
230 218
230 252
231 83
231 123
231 180
231 200
232 93
232 277
233 18
233 46
233 104
233 116
234 66
234 88
234 138
234 233
234 252
234 283
235 41
235 137
235 206
236 143
236 212
236 287
237 5
237 178
237 288
238 250
239 137
239 142
239 153
239 225
240 268
241 105
241 111
241 150
241 151
242 86
242 203
243 199
243 219
243 278
244 115
244 145
244 291
244 297
245 18
245 57
245 77
245 169
246 73
246 275
247 93
247 200
248 205
249 45
249 55
249 64
249 183
249 231
250 1
250 119
250 192
250 243
250 286
251 31
251 123
252 24
252 124
252 191
253 181
253 271
254 33
254 152
254 179
255 45
255 273
255 276
255 291
256 68
256 171
256 212
256 234
257 18
257 162
257 201
257 271
259 37
260 29
260 146
260 221
261 54
261 87
261 90
261 93
261 185
262 23
262 117
262 142
262 254
262 299
263 137
263 177
264 217
265 16
266 104
267 183
267 220
267 295
268 49
268 111
269 62
269 92
269 237
270 164
271 97
271 125
271 129
272 20
272 73
272 134
272 189
272 236
273 260
274 48
274 229
275 16
275 146
275 207
275 238
275 269
276 216
277 35
277 111
277 117
277 221
278 95
278 185
278 239
278 283
279 65
279 133
279 263
279 294
280 19
280 47
280 110
280 193
282 234
282 239
283 109
283 232
284 136
284 178
284 199
285 17
285 42
285 142
285 158
285 237
286 62
286 111
286 222
286 223
288 234
289 62
289 73
289 216
289 273
290 5
290 148
290 205
290 279
291 237
291 242
291 284
292 48
292 79
293 40
293 181
293 187
294 16
294 94
295 231
296 79
296 106
296 122
297 12
297 16
298 44
298 87
298 103
298 139
298 187
299 103
299 152
299 220
300 84
300 87
300 107

