200 2000
30 100 65 60 38 46 48 90 117 54 80 49 90 87 21 37 58 86 86 90 36 39 27 69 120 44 58 32 33 100 68 91 116 98 72 60 45 108 83 103 54 65 89 89 100 35 99 68 65 31 93 63 100 26 38 106 82 115 55 62 50 104 84 110 110 51 55 60 55 70 50 22 69 59 63 39 32 37 34 90 111 28 99 117 21 81 91 22 99 28 59 58 77 22 36 111 63 98 101 75 66 79 119 67 118 32 48 83 23 44 76 88 36 107 65 33 98 21 52 47 70 60 113 86 35 52 94 68 81 24 37 108 85 60 63 32 35 86 76 105 107 37 75 53 50 67 64 101 56 37 45 48 119 119 91 54 91 22 57 91 35 91 118 72 28 96 117 103 36 27 55 102 105 60 39 36 86 28 83 70 71 75 64 38 60 20 89 95 30 39 81 56 20 76 20 89 79 51 22 41 
1 18
1 24
1 30
1 33
1 38
1 64
1 68
1 95
1 113
1 126
1 127
1 150
1 176
2 28
2 73
2 75
2 85
2 92
2 129
2 178
3 5
3 21
3 23
3 37
3 88
3 93
3 167
3 172
3 184
4 2
4 27
4 64
4 118
4 126
4 134
4 189
5 13
5 20
5 31
5 77
5 89
5 96
5 100
5 101
5 132
5 138
5 184
6 1
6 3
6 27
6 35
6 58
6 62
6 66
6 135
6 140
6 152
6 197
7 19
7 49
7 107
7 116
7 120
7 122
7 162
7 173
7 177
7 186
7 187
7 192
8 53
8 71
8 139
8 155
8 157
8 185
9 15
9 26
9 63
9 105
9 115
9 119
9 132
9 134
9 155
9 160
9 166
9 173
9 189
10 16
10 21
10 27
10 38
10 63
10 80
10 86
10 124
10 160
10 163
11 29
11 66
11 98
11 143
11 146
11 181
12 10
12 91
12 101
12 131
12 179
12 191
12 192
13 9
13 10
13 28
13 49
13 57
13 58
13 62
13 76
13 97
14 29
14 56
14 57
14 69
14 72
14 80
14 116
14 129
14 156
14 180
15 32
15 37
15 55
15 63
15 78
15 82
15 88
15 119
15 140
15 142
15 157
15 160
15 200
16 30
16 65
16 77
16 83
16 98
16 158
16 161
16 176
16 182
16 188
16 191
17 46
17 125
17 140
17 186
17 196
18 13
18 29
18 41
18 59
18 61
18 92
18 102
18 108
18 120
18 134
18 150
18 162
18 164
19 8
19 10
19 28
19 33
19 41
19 51
19 68
19 109
19 110
19 143
19 168
19 172
20 18
20 100
20 142
20 143
20 177
20 186
21 8
21 39
21 51
21 60
21 95
21 126
21 141
21 174
21 179
22 2
22 64
22 70
22 82
22 89
22 100
22 113
22 136
22 137
22 152
22 163
22 180
22 186
22 189
23 28
23 38
23 49
23 53
23 63
23 85
23 86
23 92
23 104
23 144
23 160
23 172
23 199
24 8
24 37
24 53
24 54
24 65
24 81
24 98
24 99
24 125
24 131
24 133
24 143
24 145
24 153
24 169
24 176
24 197
25 3
25 40
25 41
25 121
25 159
25 177
26 11
26 24
26 60
26 73
26 100
26 115
26 118
26 126
26 128
26 133
26 163
26 195
27 2
27 33
27 56
27 117
27 164
27 175
27 189
28 9
28 20
28 39
28 77
28 83
28 84
28 93
28 105
28 113
28 115
28 123
29 27
29 41
29 43
29 45
29 49
29 54
29 85
29 102
29 115
29 125
29 169
29 183
29 200
30 8
30 15
30 26
30 28
30 31
30 62
30 76
30 135
30 138
30 152
30 173
30 192
31 10
31 14
31 41
31 55
31 60
31 72
31 92
31 108
31 134
31 151
31 170
31 191
31 197
32 8
32 21
32 31
32 40
32 80
32 89
32 94
32 105
32 137
32 152
32 157
32 166
33 41
33 85
33 86
33 170
34 2
34 4
34 18
34 19
34 42
34 121
34 144
34 152
34 154
34 162
34 173
34 197
35 19
35 31
35 32
35 55
35 61
35 68
35 124
35 143
35 162
35 192
35 194
36 87
36 99
36 114
36 120
36 135
36 148
36 173
36 178
36 196
37 107
37 127
37 140
38 22
38 49
38 56
38 132
38 147
39 44
39 73
39 81
39 87
39 88
39 98
39 104
39 155
39 163
40 118
40 120
40 140
40 145
40 149
40 166
41 27
41 39
41 43
41 44
41 130
41 159
41 160
42 18
42 64
42 99
42 109
42 141
42 151
42 158
42 162
42 171
43 50
43 56
43 60
43 70
43 84
43 123
43 129
43 130
43 131
43 141
43 163
44 31
44 45
44 80
44 89
44 111
44 131
44 158
45 17
45 81
45 100
45 121
45 141
45 166
45 179
46 28
46 64
46 112
46 127
46 145
47 16
47 19
47 25
47 57
47 62
47 72
47 80
47 102
47 155
47 195
48 17
48 28
48 54
48 74
48 119
48 144
49 8
49 37
49 55
49 76
49 88
49 97
49 108
49 119
49 148
49 162
49 169
49 177
49 187
50 25
50 47
50 61
50 97
50 141
50 148
50 150
50 164
50 171
51 60
51 63
51 70
51 79
51 88
51 141
51 147
51 149
51 158
51 168
51 191
52 4
52 11
52 32
52 37
52 49
52 95
52 129
52 165
53 5
53 14
53 27
53 102
53 117
53 126
53 127
53 178
53 183
53 188
53 197
54 1
54 16
54 28
54 45
54 55
54 103
54 110
54 177
55 8
55 32
55 42
55 56
55 57
55 84
55 118
55 165
56 8
56 18
56 49
56 66
56 86
56 99
56 100
56 102
56 193
57 26
57 34
57 35
57 54
57 77
57 102
57 106
57 108
57 158
57 191
57 197
58 25
58 31
58 80
58 81
58 96
58 107
58 156
58 163
58 182
59 28
59 31
59 33
59 34
59 48
59 64
59 88
59 127
59 164
59 191
60 62
60 78
60 102
60 103
60 108
60 125
60 128
60 183
61 30
61 31
61 53
61 62
61 72
61 80
61 90
61 91
61 101
61 130
61 176
61 195
62 16
62 26
62 27
62 33
62 38
62 49
62 56
62 77
62 90
62 125
62 152
62 193
62 199
63 21
63 43
63 59
63 112
63 121
63 122
63 191
63 195
64 21
64 27
64 28
64 36
64 87
64 93
64 94
64 134
64 185
65 5
65 18
65 28
65 36
65 43
65 45
65 66
65 84
65 85
65 97
65 153
65 164
65 177
65 189
66 7
66 13
66 42
66 46
66 51
66 52
66 60
66 83
66 100
66 150
66 158
66 173
67 3
67 15
67 35
67 52
67 54
67 57
67 73
67 151
67 188
68 2
68 8
68 26
68 72
68 78
68 132
68 147
68 160
68 164
68 191
69 58
69 76
69 92
69 101
69 192
70 78
70 85
70 89
70 97
70 115
70 130
70 174
71 4
71 51
71 68
71 80
71 97
71 126
71 197
72 35
72 77
72 87
72 107
73 22
73 30
73 53
73 60
73 62
73 69
73 74
73 92
73 98
73 113
73 119
73 121
73 138
73 141
73 153
73 190
74 21
74 71
74 91
74 108
74 126
74 143
74 166
74 192
75 38
75 42
75 86
75 96
75 126
75 154
75 161
75 186
76 24
76 67
76 72
76 79
76 95
76 197
77 3
77 33
77 54
77 68
77 73
77 80
77 100
77 116
77 168
77 194
77 200
78 18
78 40
78 90
78 98
78 119
78 122
78 142
78 180
78 190
79 15
79 16
79 27
79 36
79 39
79 49
79 60
79 89
79 97
79 100
79 106
79 110
79 117
79 143
79 160
79 161
79 172
79 180
79 192
80 35
80 37
80 45
80 51
80 67
80 94
80 100
80 106
80 144
80 181
81 18
81 20
81 31
81 34
81 59
81 71
81 76
81 126
81 141
81 148
81 153
81 161
81 169
81 171
81 185
82 4
82 125
82 127
82 138
82 157
82 171
83 5
83 15
83 46
83 120
83 142
83 150
83 180
84 7
84 16
84 29
84 39
84 54
84 81
84 160
84 163
84 182
84 192
85 16
85 21
85 32
85 55
85 59
85 64
85 93
85 94
85 101
85 111
85 118
85 148
85 151
85 197
86 51
86 54
86 57
86 63
86 105
86 113
86 139
86 156
87 17
87 46
87 59
87 60
87 67
87 74
87 90
87 104
87 114
87 130
87 151
87 176
87 182
87 186
87 196
88 4
88 17
88 55
88 60
88 78
88 83
88 173
88 178
88 185
88 197
89 4
89 37
89 43
89 57
89 75
89 78
89 87
89 92
89 108
89 115
89 124
89 134
89 168
89 180
89 184
89 190
89 196
90 3
90 5
90 18
90 25
90 34
90 54
90 126
90 144
90 161
90 189
90 194
91 35
91 56
91 62
91 90
91 103
91 113
91 125
91 126
91 132
91 137
91 185
91 186
92 3
92 38
92 52
92 74
92 101
92 102
92 113
92 121
92 163
92 181
92 186
93 23
93 29
93 90
93 114
93 138
93 142
93 169
93 193
93 195
94 90
94 108
94 119
94 135
94 139
94 148
94 174
94 189
94 192
95 13
95 51
95 54
95 63
95 87
95 126
95 131
95 173
96 2
96 17
96 23
96 52
96 63
96 70
96 86
96 99
96 113
96 133
96 151
96 163
96 172
96 173
96 187
96 199
97 1
97 14
97 16
97 17
97 35
97 45
97 57
97 58
97 115
97 120
97 126
97 127
97 137
97 140
97 157
97 158
97 163
97 180
98 40
98 44
98 58
98 122
98 143
98 145
98 159
98 186
99 5
99 57
99 91
99 118
99 130
99 148
100 29
100 46
100 48
100 62
100 72
100 82
100 108
100 116
100 135
100 140
101 72
101 73
101 106
101 107
101 137
101 175
101 187
102 6
102 22
102 27
102 39
102 42
102 59
102 73
102 129
102 139
102 180
102 197
103 28
103 30
103 44
103 58
103 197
104 1
104 13
104 28
104 29
104 32
104 40
104 44
104 81
104 111
104 130
104 167
104 183
105 1
105 44
105 54
105 104
105 108
105 135
105 145
105 150
105 162
105 174
106 9
106 14
106 16
106 21
106 27
106 32
106 38
106 53
106 59
106 60
106 83
106 114
106 118
106 120
106 124
106 127
106 140
107 14
107 19
107 62
107 64
107 106
107 120
107 157
107 189
107 192
107 197
108 46
108 55
108 112
108 135
108 155
108 157
108 183
108 188
108 189
109 16
109 58
109 88
109 92
109 98
109 101
109 102
109 139
109 155
109 187
110 6
110 32
110 39
110 76
110 78
110 82
110 122
110 126
110 149
110 161
110 168
110 189
111 29
111 33
111 34
111 63
111 110
111 192
112 2
112 9
112 49
112 52
112 67
112 72
112 76
112 94
112 97
112 129
112 141
112 173
112 179
112 196
113 10
113 12
113 17
113 50
113 60
113 76
113 82
113 112
113 158
113 160
113 173
114 5
114 19
114 71
114 80
114 116
114 129
114 143
114 150
114 165
114 192
114 198
115 11
115 21
115 25
115 31
115 43
115 46
115 76
115 98
115 108
115 153
115 160
115 169
115 187
115 195
116 4
116 20
116 23
116 28
116 40
116 55
116 80
116 106
116 120
116 131
116 154
116 175
116 180
116 187
117 82
117 113
117 132
117 135
118 18
118 27
118 65
118 67
118 74
118 79
118 92
118 131
118 138
119 3
119 8
119 25
119 33
119 41
119 44
119 51
119 63
119 67
119 122
119 127
119 165
119 176
120 31
120 41
120 66
120 80
120 95
120 105
120 142
120 179
120 193
121 3
121 6
121 38
121 77
121 89
121 96
121 102
121 103
121 132
121 134
121 136
121 152
121 165
121 178
121 197
122 2
122 15
122 28
122 114
122 124
122 140
122 195
122 197
123 1
123 15
123 44
123 98
123 149
123 154
123 159
123 160
123 177
123 182
123 190
124 64
124 65
124 80
124 82
124 100
124 120
124 179
125 6
125 13
125 33
125 37
125 42
125 44
125 83
125 167
125 178
126 12
126 28
126 37
126 48
126 61
126 87
126 136
126 149
126 153
126 163
126 182
126 192
126 194
127 29
127 40
127 56
127 70
127 71
127 86
127 101
127 103
127 180
128 1
128 18
128 43
128 53
128 58
128 69
128 82
128 92
128 126
128 133
128 164
129 23
129 40
129 80
129 81
129 96
129 117
129 131
129 140
129 141
129 166
129 184
130 1
130 19
130 39
130 42
130 48
130 63
130 89
130 123
130 135
130 136
131 11
131 26
131 54
131 58
131 60
131 92
131 112
131 177
131 186
131 190
132 23
132 57
132 75
132 100
132 102
132 158
132 172
132 196
133 14
133 22
133 67
133 71
133 110
133 120
133 131
133 136
133 170
133 174
133 185
134 84
134 86
134 99
134 105
134 118
134 126
134 164
134 173
134 174
134 190
135 46
135 82
135 93
135 124
135 154
135 170
135 174
136 52
136 56
136 82
136 146
136 185
137 49
137 52
137 65
137 69
137 71
137 72
137 94
137 98
137 103
137 133
137 136
137 160
137 187
138 16
138 17
138 63
138 66
138 75
138 85
138 117
138 125
138 152
138 161
138 162
139 57
139 78
139 87
139 93
139 126
139 131
139 174
139 176
139 187
139 192
139 194
140 28
140 68
140 78
140 102
140 145
140 153
140 164
140 171
141 12
141 17
141 88
141 111
141 152
141 154
141 163
141 188
142 22
142 35
142 56
142 80
142 86
142 113
142 128
142 140
142 151
143 14
143 21
143 32
143 45
143 48
143 71
143 75
143 93
143 113
143 119
143 133
143 150
143 178
144 3
144 13
144 17
144 24
144 62
144 66
144 78
144 88
144 94
144 98
144 126
144 130
144 145
144 155
144 163
144 196
145 12
145 19
145 36
145 63
145 76
145 110
145 167
146 27
146 29
146 31
146 51
146 53
146 59
146 81
146 99
146 124
146 147
146 154
146 170
146 171
147 8
147 10
147 14
147 27
147 73
147 192
148 3
148 58
148 136
148 172
148 199
149 2
149 16
149 20
149 76
149 86
149 101
149 118
149 124
149 160
149 166
149 177
150 10
150 17
150 22
150 41
150 88
150 96
150 117
150 132
150 144
150 149
150 178
151 41
151 72
151 83
151 86
151 95
151 104
151 120
151 156
152 51
152 87
152 100
152 115
152 122
152 128
152 132
152 139
152 147
152 154
152 165
153 31
153 47
153 61
153 90
153 97
153 105
153 112
153 120
153 124
153 147
153 181
154 18
154 29
154 42
154 56
154 90
154 148
154 172
154 177
154 180
154 194
154 196
155 21
155 74
155 79
155 96
155 142
155 147
155 175
156 36
156 38
156 71
156 116
156 133
156 146
156 183
156 187
157 14
157 20
157 23
157 31
157 62
157 78
157 134
158 25
158 26
158 79
158 139
158 148
158 155
158 171
158 192
158 200
159 53
159 73
159 82
159 87
159 95
159 132
159 161
159 188
160 37
160 47
160 55
160 63
160 72
160 74
160 80
160 81
160 120
160 161
160 192
161 23
161 37
161 47
161 63
161 82
161 89
161 91
161 121
161 152
162 1
162 38
162 39
162 65
162 98
162 108
162 123
162 141
162 146
162 155
162 171
162 188
162 196
163 33
163 44
163 55
163 60
163 94
163 145
163 151
163 170
163 192
163 198
164 14
164 19
164 25
164 57
164 64
164 78
164 123
164 132
164 185
165 6
165 41
165 66
165 75
165 138
165 149
165 153
165 170
165 183
166 2
166 17
166 33
166 38
166 63
166 155
167 8
167 49
167 51
167 52
167 55
167 86
167 87
167 93
167 98
167 109
167 115
167 131
167 150
167 189
168 14
168 48
168 93
168 111
168 149
168 152
168 174
168 182
169 15
169 18
169 54
169 90
169 109
169 114
169 155
170 2
170 3
170 5
170 27
170 28
170 50
170 59
170 63
170 65
170 78
170 79
170 83
170 100
170 107
170 134
170 138
170 145
170 147
170 166
170 178
171 16
171 23
171 113
171 128
171 129
171 152
171 179
171 181
171 191
172 22
172 61
172 85
172 103
172 111
172 116
172 136
172 155
172 170
172 193
173 33
173 71
173 81
173 99
173 114
173 128
173 137
173 143
173 181
173 200
174 6
174 13
174 31
174 40
174 89
174 136
174 138
174 147
174 170
174 177
175 19
175 42
175 48
175 49
175 56
175 77
175 103
175 117
175 120
175 126
175 160
175 162
175 166
175 167
175 168
175 180
175 187
176 23
176 42
176 47
176 64
176 69
176 77
176 112
176 146
176 178
177 3
177 17
177 44
177 96
177 101
177 103
177 116
177 153
177 159
177 179
177 193
178 17
178 26
178 33
178 34
178 35
178 54
178 62
178 78
178 98
178 116
178 117
178 119
178 152
178 171
178 199
179 16
179 22
179 28
179 34
179 54
179 64
179 69
179 95
179 98
179 121
179 173
179 192
179 196
179 199
180 17
180 26
180 65
180 81
180 101
180 107
180 113
180 119
180 122
180 144
180 149
180 169
180 195
181 29
181 44
181 66
181 69
181 74
181 86
181 142
181 194
182 8
182 73
182 80
182 95
182 98
182 99
182 109
182 133
182 144
182 185
183 2
183 11
183 19
183 24
183 37
183 95
183 110
183 111
183 114
183 122
183 138
183 147
183 148
183 168
183 181
183 195
184 34
184 38
184 62
184 69
184 70
184 108
184 148
184 159
185 5
185 29
185 57
185 65
185 100
185 103
185 139
185 165
186 8
186 10
186 18
186 28
186 44
186 67
186 78
186 90
186 100
186 101
186 112
186 118
186 125
186 171
186 183
186 197
186 200
187 16
187 36
187 88
187 105
187 128
187 131
187 151
188 11
188 59
188 78
188 94
188 96
188 99
188 118
188 128
188 136
188 182
189 7
189 21
189 49
189 53
189 91
189 127
189 133
190 3
190 12
190 16
190 35
190 52
190 69
190 149
190 162
190 171
190 194
191 18
191 20
191 28
191 47
191 73
191 85
191 109
191 116
191 152
191 161
191 197
192 3
192 5
192 43
192 75
192 121
192 134
192 168
192 182
193 36
193 46
193 48
193 51
193 99
193 124
193 143
193 152
193 161
194 8
194 42
194 44
194 113
194 117
194 122
194 144
194 151
194 169
194 171
194 195
195 56
195 74
195 86
195 141
195 146
195 158
195 164
195 179
195 185
195 189
196 7
196 13
196 71
196 84
196 90
196 98
196 123
196 126
196 130
196 152
196 155
196 175
196 189
197 104
197 117
197 137
197 156
197 199
198 60
198 76
198 78
198 127
198 149
198 175
198 178
199 5
199 7
199 17
199 37
199 52
199 67
199 68
199 85
199 92
199 112
199 114
200 2
200 7
200 23
200 37
200 41
200 70
200 140
200 159
200 166
200 177
200 182
200 188

