300 3000
110 66 100 33 45 111 93 48 69 58 118 27 94 64 79 53 34 79 65 76 27 35 94 46 116 114 99 46 90 103 51 76 93 112 103 81 101 59 91 95 41 100 27 95 93 119 62 41 58 99 74 115 115 116 50 110 111 57 29 61 119 22 87 71 71 45 108 35 94 66 42 111 45 25 90 90 110 44 110 68 114 67 87 60 77 56 104 27 37 90 95 33 109 27 34 77 103 95 70 27 74 23 46 107 110 89 76 97 24 24 85 103 37 27 75 52 102 73 58 54 53 52 111 115 116 41 41 39 65 27 87 95 38 32 43 101 33 113 22 35 47 118 72 50 84 46 50 115 92 59 20 116 114 103 74 117 21 49 108 105 64 101 31 79 43 98 70 83 58 66 84 21 59 89 69 46 81 33 89 70 80 72 20 62 81 47 21 79 89 39 21 24 44 58 73 55 106 48 96 66 31 46 110 45 33 45 77 80 45 39 84 48 72 27 119 60 91 20 108 21 68 97 30 50 81 39 59 21 109 120 49 34 52 44 94 70 57 29 49 64 106 60 85 83 27 63 102 55 64 105 88 99 41 89 92 60 49 83 103 26 25 77 75 89 97 85 108 102 36 33 71 73 41 51 119 90 109 66 47 77 105 43 24 113 70 46 114 120 65 67 37 30 54 61 65 58 120 37 76 33 
1 2
1 57
1 63
1 68
1 121
1 124
1 193
1 222
1 234
1 272
1 287
2 9
2 20
2 25
2 40
2 46
2 67
2 82
2 106
2 111
2 252
3 21
3 36
3 81
3 93
3 187
3 268
3 270
3 279
4 9
4 52
4 58
4 123
4 163
4 199
4 217
4 272
5 2
5 19
5 36
5 50
5 59
5 116
5 133
5 161
5 202
5 208
5 209
5 213
5 256
5 285
6 24
6 126
6 175
6 197
6 280
6 289
6 292
6 297
7 13
7 33
7 195
7 226
7 300
8 3
8 68
8 86
8 115
8 167
8 182
8 200
8 236
8 238
8 245
8 263
8 264
8 291
9 23
9 64
9 97
9 113
9 132
9 156
9 176
10 40
10 54
10 78
10 135
10 144
10 147
10 152
11 49
11 82
11 88
11 131
11 176
11 228
11 242
12 17
12 22
12 37
12 62
12 68
12 113
12 130
12 147
12 149
12 151
12 187
12 227
12 256
12 261
12 299
13 10
13 59
13 69
13 81
13 119
13 129
13 137
13 164
13 166
13 201
13 211
13 245
13 251
14 2
14 24
14 31
14 56
14 83
14 113
14 148
14 182
14 183
14 293
15 76
15 81
15 108
15 110
15 125
15 186
15 234
16 14
16 17
16 83
16 87
16 134
16 175
16 176
16 288
16 299
17 11
17 44
17 85
17 146
17 187
17 209
17 267
17 290
17 294
18 50
18 126
18 197
18 203
18 249
18 291
19 17
19 56
19 65
19 74
19 98
19 146
19 212
19 235
19 257
19 270
20 35
20 60
20 103
20 105
20 143
20 178
20 212
20 216
20 240
20 259
21 150
21 161
21 223
21 280
21 291
22 24
22 101
22 106
22 124
22 181
22 228
22 241
22 247
23 70
23 88
23 96
23 193
23 203
23 218
23 260
23 288
24 38
24 87
24 105
24 113
24 123
24 241
24 261
25 12
25 17
25 23
25 74
25 81
25 105
25 151
25 155
25 229
25 257
25 285
26 38
26 49
26 51
26 53
26 54
26 83
26 97
26 193
26 232
26 245
26 261
26 271
26 290
27 165
27 195
27 199
27 224
28 52
28 60
28 151
28 154
28 201
28 222
28 241
28 244
29 6
29 47
29 62
29 90
29 121
29 158
29 168
29 176
29 194
29 219
29 221
29 259
29 274
30 10
30 41
30 51
30 100
30 211
30 212
30 217
30 234
30 244
30 271
30 283
30 291
31 7
31 8
31 13
31 20
31 46
31 65
31 67
31 73
31 76
31 126
31 140
31 143
31 198
32 30
32 47
32 49
32 56
32 113
32 138
32 150
32 154
32 160
32 182
32 213
32 217
32 227
32 229
32 258
33 22
33 46
33 88
33 96
33 113
33 189
33 196
33 208
33 258
33 293
34 9
34 46
34 100
34 107
34 113
34 120
34 129
34 146
34 186
34 201
34 233
34 239
34 265
35 43
35 49
35 54
35 123
35 143
35 151
35 190
35 194
35 245
35 256
35 278
35 284
36 17
36 70
36 90
36 99
36 118
36 126
36 197
37 5
37 13
37 29
37 90
37 141
37 149
37 170
37 171
37 180
37 196
37 264
38 45
38 81
38 158
38 206
38 239
38 285
38 292
39 10
39 61
39 69
39 105
39 185
39 187
39 190
39 221
39 243
39 249
39 252
39 276
40 24
40 32
40 97
40 98
40 177
40 195
40 223
40 225
40 260
40 262
40 274
40 283
41 34
41 63
41 114
41 115
41 129
41 139
41 148
41 227
41 272
41 297
42 11
42 63
42 98
42 107
42 142
42 157
42 176
42 203
42 243
42 290
42 296
43 77
43 103
43 138
43 178
43 188
43 198
43 203
43 217
43 247
44 11
44 132
44 171
44 214
44 215
44 280
45 1
45 54
45 60
45 61
45 103
45 135
45 154
45 191
45 203
45 225
45 231
45 242
45 272
45 286
45 290
46 16
46 49
46 50
46 55
46 59
46 60
46 93
46 98
46 110
46 127
46 203
46 290
46 292
47 9
47 59
47 89
47 122
47 135
47 147
47 152
47 162
47 168
47 181
47 183
47 201
47 204
47 241
47 257
47 283
48 7
48 12
48 15
48 70
48 94
48 101
48 151
48 203
48 213
48 215
48 286
48 290
49 5
49 39
49 40
49 104
49 151
49 189
49 260
49 292
50 48
50 53
50 64
50 72
50 107
50 124
50 145
50 168
50 175
50 232
50 290
50 293
50 297
51 22
51 28
51 40
51 44
51 58
51 82
51 98
51 100
51 127
51 143
51 146
51 166
51 186
51 187
51 198
51 208
51 217
51 219
51 241
51 244
51 281
52 10
52 15
52 21
52 50
52 51
52 72
52 76
52 98
52 184
52 211
52 231
52 262
53 17
53 30
53 72
53 86
53 108
53 136
53 154
53 175
53 219
53 260
53 288
53 297
54 23
54 88
54 96
54 101
54 113
54 182
54 184
54 188
54 203
54 257
54 282
55 22
55 44
55 104
55 128
55 130
55 205
55 224
55 230
55 235
55 268
55 273
56 12
56 78
56 101
56 139
56 154
56 200
56 221
56 222
56 236
56 250
56 252
56 300
57 12
57 20
57 24
57 50
57 119
57 139
57 142
57 233
57 239
57 256
57 275
57 296
58 28
58 69
58 96
58 129
58 163
58 168
58 174
58 197
58 201
58 227
58 236
58 237
59 126
59 142
59 164
59 253
59 265
59 279
60 88
60 139
60 143
60 173
60 187
60 244
60 259
60 280
61 112
61 137
61 157
61 177
61 180
61 195
61 219
61 225
61 230
62 121
62 128
62 135
62 172
62 227
62 235
62 256
62 293
63 5
63 62
63 71
63 97
63 119
63 150
63 168
63 186
63 231
63 234
63 245
63 292
63 293
63 300
64 3
64 48
64 183
64 198
65 43
65 81
65 108
65 215
65 234
65 240
65 275
65 295
66 20
66 35
66 40
66 59
66 115
66 123
66 131
66 162
66 179
66 190
66 192
66 205
66 237
66 281
66 293
67 50
67 60
67 65
67 190
67 203
67 246
67 247
67 256
67 275
68 6
68 11
68 38
68 73
68 75
68 82
68 106
68 122
68 225
68 243
68 277
69 27
69 71
69 74
69 87
69 124
69 216
69 217
69 280
70 37
70 123
70 130
70 135
70 143
70 158
70 202
70 251
70 265
70 281
71 58
71 99
71 114
71 116
71 168
71 200
71 225
72 23
72 25
72 40
72 119
72 129
72 196
72 205
72 207
72 216
72 239
72 277
73 22
73 43
73 91
73 94
73 100
73 131
73 150
73 165
73 220
74 60
74 145
74 165
74 197
74 217
74 238
75 22
75 36
75 67
75 125
75 136
75 197
75 204
75 214
75 232
75 237
75 240
75 263
75 270
75 279
76 56
76 66
76 68
76 82
76 120
76 216
76 220
76 242
76 245
76 279
76 280
76 293
77 14
77 78
77 81
77 108
77 121
77 122
77 138
77 212
77 238
77 269
77 278
78 79
78 140
78 155
78 230
78 239
78 264
79 4
79 5
79 57
79 106
79 119
79 151
79 153
79 171
79 184
79 204
79 208
79 223
79 225
79 255
79 266
79 284
79 299
80 30
80 112
80 165
80 204
80 266
81 33
81 45
81 120
81 134
81 157
81 230
81 252
81 288
82 39
82 64
82 71
82 83
82 88
82 121
82 194
82 209
82 232
82 244
82 267
83 3
83 101
83 103
83 132
83 229
83 231
83 258
83 285
84 9
84 153
84 180
84 224
84 231
84 270
84 299
84 300
85 46
85 58
85 65
85 133
85 212
86 5
86 51
86 69
86 87
86 121
86 161
86 178
86 209
86 288
87 34
87 58
87 83
87 100
87 119
87 131
87 143
87 156
87 215
87 220
87 273
87 278
87 289
88 10
88 40
88 49
88 73
88 77
88 80
88 87
88 92
88 94
88 133
88 149
88 191
88 246
88 261
88 276
88 296
89 67
89 74
89 90
89 101
89 190
89 213
89 281
89 292
89 297
90 5
90 16
90 104
90 130
90 131
90 132
90 150
90 186
91 13
91 42
91 52
91 59
91 69
91 93
91 128
91 135
91 136
91 189
91 200
91 242
92 76
92 110
92 126
92 135
92 163
92 194
92 195
92 211
92 239
92 270
93 75
93 98
93 101
93 161
93 171
93 192
93 206
93 234
93 278
94 26
94 47
94 171
94 251
94 286
95 6
95 106
95 119
95 138
95 173
95 210
95 280
96 9
96 69
96 95
96 122
96 128
96 141
96 180
96 219
96 227
96 231
96 258
96 292
97 57
97 173
97 190
97 282
97 293
98 17
98 61
98 70
98 89
98 200
98 251
98 256
99 3
99 13
99 48
99 197
99 222
100 13
100 48
100 72
100 110
100 149
101 11
101 62
101 116
101 118
101 154
101 162
101 169
101 231
101 233
101 244
101 271
101 274
102 11
102 117
102 131
102 150
102 187
102 234
102 278
102 285
102 288
103 111
103 126
103 206
103 251
103 268
103 280
104 11
104 14
104 46
104 105
104 167
104 217
104 272
104 277
104 291
105 37
105 55
105 134
105 190
105 209
105 224
105 265
105 267
105 288
106 28
106 46
106 132
106 247
106 248
106 253
106 272
107 61
107 63
107 65
107 96
107 97
107 99
107 176
107 187
107 231
107 284
107 298
108 56
108 101
108 125
108 146
108 161
108 182
108 199
108 257
109 31
109 33
109 50
109 59
109 97
109 98
109 124
109 181
109 215
109 216
109 218
109 238
109 251
109 270
109 275
110 79
110 88
110 118
110 155
110 156
110 170
110 175
110 178
110 180
110 207
110 222
110 262
110 268
110 284
110 293
110 294
111 44
111 79
111 129
111 225
111 243
112 6
112 58
112 71
112 87
112 104
112 139
112 176
112 203
112 204
112 219
113 27
113 123
113 124
113 147
113 170
113 180
113 205
113 214
113 263
114 49
114 57
114 80
114 98
114 134
114 162
114 167
114 185
115 11
115 33
115 63
115 112
115 141
115 146
115 147
115 171
115 184
115 185
115 204
115 237
115 247
115 251
116 31
116 43
116 44
116 62
116 102
116 123
116 156
116 168
116 180
116 263
116 287
117 28
117 29
117 65
117 67
117 75
117 169
117 222
117 253
117 277
117 280
118 6
118 86
118 97
118 125
118 148
118 201
118 210
118 259
118 260
118 274
118 293
119 31
119 107
119 114
119 132
119 232
119 236
119 265
120 38
120 118
120 121
120 155
120 178
121 16
121 43
121 50
121 52
121 98
121 135
121 155
121 226
122 5
122 21
122 60
122 104
122 119
122 152
122 257
122 276
123 32
123 54
123 118
123 156
123 181
123 208
123 247
123 286
124 2
124 8
124 213
124 216
124 263
124 293
125 79
125 122
125 138
125 140
125 141
125 214
125 221
125 235
125 292
126 8
126 45
126 64
126 86
126 130
126 176
126 194
126 249
126 293
127 11
127 12
127 21
127 26
127 36
127 141
127 214
127 216
127 231
127 236
127 247
127 248
127 282
128 4
128 38
128 54
128 122
128 206
128 212
128 228
128 254
128 271
128 275
128 289
129 4
129 17
129 157
129 196
129 214
129 235
129 253
130 16
130 31
130 50
130 73
130 106
130 138
130 175
130 227
130 238
130 250
130 266
131 67
131 83
131 96
131 107
131 113
131 155
131 156
131 194
131 236
131 262
131 266
131 285
132 3
132 40
132 61
132 77
132 81
132 93
132 146
132 165
132 167
132 172
132 299
133 9
133 41
133 44
133 67
133 75
133 97
133 112
133 128
133 138
133 149
133 163
133 166
133 167
133 188
133 191
133 196
133 228
133 241
133 250
133 259
133 265
133 288
133 291
133 295
134 21
134 28
134 96
134 125
134 176
134 187
134 201
134 251
135 60
135 77
135 119
135 128
135 131
135 195
135 208
135 251
135 261
135 281
136 6
136 8
136 62
136 67
136 103
136 130
136 142
136 199
136 200
136 251
136 289
137 53
137 95
137 98
137 117
137 124
137 133
137 149
137 171
137 181
137 232
137 242
137 276
138 51
138 52
138 88
138 131
138 149
138 155
138 168
138 193
138 232
138 234
138 249
138 267
138 278
138 293
138 296
139 67
139 83
139 98
139 104
139 184
139 188
139 222
139 253
139 256
139 288
139 299
140 80
140 90
140 116
140 169
140 193
140 223
140 260
140 263
140 291
140 293
140 297
141 41
141 50
141 104
141 140
141 168
141 186
141 208
141 295
141 296
141 300
142 41
142 66
142 132
142 210
142 213
142 219
142 227
142 239
142 279
142 280
143 16
143 21
143 74
143 107
143 120
143 125
143 177
143 192
143 222
143 239
143 296
144 128
144 135
144 222
144 226
144 262
145 99
145 110
145 133
145 144
145 183
145 191
145 202
145 215
145 216
145 228
145 300
146 11
146 41
146 55
146 58
146 73
146 89
146 93
146 106
146 126
146 169
146 177
146 230
146 263
146 298
147 26
147 27
147 151
147 191
147 202
147 261
147 273
147 291
147 294
148 29
148 47
148 68
148 69
148 88
148 112
148 122
148 135
148 176
148 199
148 217
148 235
148 256
148 272
149 98
149 225
149 270
149 281
149 284
149 291
150 50
150 96
150 104
150 157
150 165
150 167
150 176
150 227
150 263
151 10
151 20
151 55
151 111
151 174
151 196
151 202
151 232
151 238
151 243
151 263
151 284
152 15
152 23
152 28
152 53
152 141
152 176
152 187
152 203
152 227
152 258
152 287
153 8
153 54
153 114
153 118
153 137
153 158
153 174
153 246
153 265
153 292
154 41
154 71
154 77
154 113
154 138
154 159
154 173
154 241
154 243
154 271
154 277
154 280
154 292
155 8
155 17
155 28
155 32
155 68
155 102
155 109
155 133
155 145
155 152
155 183
155 214
156 24
156 30
156 38
156 42
156 49
156 51
156 58
156 106
156 208
156 212
156 216
156 249
156 254
156 263
156 275
157 24
157 65
157 116
157 124
157 139
157 160
157 174
157 190
157 223
157 237
157 240
157 246
157 277
158 1
158 5
158 21
158 107
158 119
158 123
158 151
158 192
158 210
158 243
158 263
159 79
159 84
159 102
159 111
159 138
159 153
159 207
159 215
159 237
159 269
159 277
160 36
160 55
160 59
160 71
160 119
160 223
160 271
160 296
160 300
161 13
161 40
161 48
161 55
161 165
161 168
162 10
162 20
162 68
162 91
162 104
162 160
163 15
163 37
163 41
163 81
163 93
163 95
163 144
163 193
163 195
163 246
163 249
163 266
164 7
164 57
164 95
164 143
164 159
164 211
164 265
164 282
164 297
165 2
165 16
165 57
165 64
165 90
165 126
165 129
165 184
165 193
165 221
165 269
165 275
165 291
166 30
166 128
166 138
166 184
166 224
166 268
167 2
167 17
167 27
167 53
167 106
167 142
167 158
167 171
167 181
167 190
167 202
167 247
167 266
167 296
168 6
168 23
168 34
168 67
168 68
168 69
168 83
168 89
168 98
168 108
168 209
168 212
168 266
169 30
169 50
169 51
169 67
169 96
169 176
169 189
169 194
169 197
169 226
169 270
170 2
170 9
170 50
170 59
170 128
170 150
170 157
170 224
170 244
170 260
170 261
170 279
170 282
170 289
171 41
171 80
171 100
171 105
171 113
171 140
171 143
171 192
171 197
171 204
171 209
171 269
171 295
172 15
172 51
172 70
172 127
172 133
172 136
172 141
172 142
172 278
172 296
173 28
173 69
173 103
173 109
173 112
173 117
173 131
173 140
173 145
173 166
173 191
173 193
173 200
173 236
173 281
174 12
174 89
174 152
174 175
174 184
174 203
174 257
175 44
175 66
175 88
175 125
175 153
175 232
175 237
175 259
175 279
176 23
176 66
176 159
176 185
177 4
177 7
177 25
177 39
177 56
177 73
177 81
177 86
177 99
177 168
177 187
177 213
177 223
177 289
178 119
178 176
178 207
178 251
179 18
179 73
179 122
179 198
179 255
179 256
179 281
179 283
180 39
180 50
180 54
180 159
180 176
180 223
180 241
180 264
180 289
181 8
181 33
181 35
181 82
181 124
181 187
181 200
181 202
181 213
181 222
181 260
181 274
182 37
182 43
182 59
182 78
182 79
182 137
182 260
182 288
182 290
183 5
183 28
183 95
183 115
183 120
183 128
183 140
183 148
183 161
183 193
183 219
183 228
183 232
183 268
184 11
184 36
184 41
184 56
184 64
184 198
184 203
184 240
184 270
184 277
185 4
185 5
185 84
185 123
185 156
185 167
185 226
185 244
185 266
185 277
186 1
186 76
186 107
186 115
186 125
186 130
186 250
186 292
187 53
187 69
187 111
187 115
187 124
187 139
187 166
187 173
187 185
187 195
187 203
187 237
188 30
188 67
188 154
188 157
188 182
188 200
188 204
188 208
188 252
188 262
188 281
188 297
189 26
189 27
189 178
189 179
189 211
189 222
189 239
189 248
189 264
189 281
189 291
190 34
190 120
190 141
190 151
190 160
190 164
190 192
190 227
190 238
190 259
191 43
191 56
191 57
191 86
191 101
191 113
191 118
191 153
191 211
191 217
191 227
192 36
192 107
192 149
192 188
192 215
192 223
192 253
192 270
192 292
193 7
193 8
193 13
193 24
193 31
193 46
193 78
193 82
193 92
193 98
193 195
193 196
193 218
193 232
193 264
193 283
193 293
193 300
194 8
194 20
194 25
194 51
194 55
194 156
194 187
194 206
194 213
194 262
194 279
194 293
194 299
195 2
195 28
195 87
195 142
195 175
195 181
195 258
195 278
195 293
195 300
196 29
196 42
196 67
196 75
196 89
196 94
196 116
196 136
196 187
196 218
196 223
196 229
196 267
197 38
197 57
197 69
197 73
197 107
197 130
197 295
198 85
198 96
198 100
198 106
198 125
198 138
198 166
198 168
198 270
198 300
199 36
199 93
199 128
200 34
200 38
200 103
200 111
200 142
200 243
200 254
201 1
201 20
201 66
201 83
201 89
201 142
201 165
201 202
201 215
201 228
202 29
202 43
202 55
202 142
202 162
202 165
202 190
202 206
202 267
202 277
202 295
202 296
203 40
203 73
203 81
203 191
203 205
203 216
203 221
203 262
204 18
204 27
204 186
204 206
204 279
204 291
205 3
205 34
205 78
205 104
205 199
205 201
205 231
205 254
205 265
205 294
206 27
206 44
206 64
206 75
206 88
206 101
206 108
206 114
206 182
206 253
206 254
206 262
207 43
207 49
207 52
207 68
207 121
207 266
207 299
208 4
208 27
208 39
208 46
208 58
208 160
208 165
208 195
208 196
208 239
208 243
209 22
209 24
209 103
209 114
209 217
209 253
209 266
209 298
210 26
210 43
210 44
210 45
210 68
210 74
210 79
210 108
210 136
210 137
210 242
210 284
211 16
211 19
211 58
211 103
211 153
211 173
211 175
211 263
211 278
212 46
212 114
212 133
212 184
212 247
212 266
212 293
213 62
213 106
213 120
213 145
213 167
213 184
213 200
213 222
214 11
214 21
214 25
214 28
214 40
214 77
214 122
214 130
214 189
214 202
214 204
214 210
214 220
214 250
214 294
215 46
215 104
215 127
215 141
215 143
215 256
215 282
215 287
216 38
216 43
216 83
216 118
216 129
216 194
216 198
216 220
216 267
217 2
217 44
217 79
217 118
217 248
217 263
217 285
218 3
218 32
218 62
218 76
218 87
218 99
218 135
218 217
218 240
218 259
218 281
218 300
219 7
219 36
219 50
219 82
219 95
219 138
219 147
219 190
219 281
220 34
220 93
220 124
220 179
220 208
220 273
220 288
220 290
221 107
221 120
221 159
221 174
221 177
221 255
221 271
221 291
221 292
222 44
222 69
222 129
222 142
222 186
222 188
222 265
223 2
223 16
223 25
223 34
223 48
223 63
223 84
223 211
223 233
223 244
224 26
224 37
224 101
224 110
224 125
224 135
224 136
224 143
224 163
224 197
224 219
224 233
224 251
224 272
225 2
225 65
225 76
225 92
225 157
225 221
225 224
225 231
225 254
225 268
225 271
225 285
225 291
225 294
226 41
226 44
226 59
226 155
226 247
226 295
227 9
227 34
227 49
227 98
227 99
227 186
227 232
227 269
228 33
228 37
228 39
228 55
228 66
228 161
228 189
228 231
229 31
229 88
229 104
229 110
229 128
229 130
229 152
229 184
229 252
229 267
229 270
229 296
230 4
230 35
230 36
230 57
230 117
230 125
230 173
230 211
230 215
231 21
231 59
231 89
231 98
231 106
231 121
231 129
231 132
231 159
231 254
231 259
231 278
232 100
232 207
232 243
232 246
232 296
232 299
233 103
233 244
233 257
233 262
233 268
233 276
233 278
233 286
233 287
234 3
234 16
234 70
234 131
234 166
234 205
234 242
235 8
235 84
235 137
235 138
235 200
235 213
236 41
236 48
236 60
236 62
236 98
236 140
236 190
236 229
236 276
236 298
237 40
237 67
237 74
237 125
237 138
237 167
237 180
237 238
237 254
237 294
238 85
238 99
238 108
238 117
238 123
238 152
238 169
238 187
238 202
238 271
238 288
239 6
239 79
239 106
239 125
239 155
239 159
239 175
239 190
239 224
240 4
240 8
240 58
240 127
240 248
240 279
241 80
241 81
241 97
241 112
241 120
241 151
241 249
241 274
242 28
242 64
242 73
242 101
242 147
242 245
242 260
242 270
243 41
243 51
243 66
243 78
243 82
243 144
243 210
243 221
243 233
243 235
243 258
243 285
244 11
244 36
244 40
244 73
244 83
244 114
244 136
244 197
244 220
244 231
244 271
244 279
245 73
245 74
245 78
245 79
245 83
245 102
245 136
245 145
245 175
245 207
245 256
245 286
246 99
246 126
246 234
246 288
247 25
247 48
247 66
247 102
247 126
247 208
247 234
247 298
248 37
248 79
248 108
248 153
248 180
248 259
248 287
249 27
249 115
249 149
249 150
249 183
249 231
249 243
249 255
249 284
250 36
250 42
250 68
250 94
250 118
250 140
250 141
250 147
250 170
250 172
250 173
250 194
250 201
250 222
250 228
250 282
250 291
251 6
251 7
251 11
251 44
251 49
251 80
251 168
251 221
251 269
252 10
252 37
252 53
252 71
252 153
252 169
252 216
252 285
253 9
253 24
253 26
253 28
253 45
253 131
253 176
253 195
253 198
253 218
253 221
253 243
253 269
253 277
254 6
254 15
254 28
254 79
254 112
254 147
254 165
254 199
254 232
254 244
254 248
254 256
255 3
255 7
255 9
255 40
255 75
255 123
255 137
255 140
255 181
255 191
255 197
255 224
255 251
256 97
256 118
256 135
256 138
256 180
256 214
256 275
256 293
257 24
257 142
257 146
257 149
257 203
257 205
257 210
257 236
257 239
257 292
258 16
258 38
258 42
258 45
258 68
258 147
258 227
258 271
258 280
259 16
259 32
259 40
259 41
259 68
259 74
259 92
259 97
259 189
259 198
259 246
260 15
260 24
260 35
260 60
260 71
260 94
260 119
260 158
260 227
260 236
261 67
261 124
261 154
261 164
261 190
261 198
261 200
261 229
262 1
262 13
262 14
262 26
262 35
262 43
262 51
262 98
262 118
262 128
262 152
262 153
262 259
262 287
263 17
263 63
263 89
263 120
263 129
263 132
263 181
263 208
263 219
263 227
263 278
264 55
264 61
264 115
264 118
264 129
264 146
264 160
264 233
264 247
264 271
265 49
265 93
265 108
265 284
266 13
266 24
266 27
266 29
266 55
266 83
266 151
266 203
266 249
266 276
266 293
266 296
267 16
267 53
267 69
267 79
267 86
267 95
267 152
267 156
267 184
267 258
267 274
267 277
268 11
268 115
268 190
268 192
268 197
268 223
268 243
268 246
268 281
269 6
269 25
269 28
269 58
269 151
269 186
269 190
269 219
269 293
270 30
270 43
270 54
270 226
271 108
271 122
271 123
271 124
271 131
271 142
271 146
271 149
271 180
271 223
272 21
272 116
272 130
272 131
272 134
272 200
272 214
272 235
272 240
272 249
272 297
273 24
273 61
273 155
273 172
273 262
274 52
274 103
274 107
274 149
274 179
274 180
274 198
274 200
274 222
275 7
275 82
275 112
275 178
275 246
275 257
275 292
275 296
275 299
275 300
276 16
276 73
276 74
276 82
276 136
276 152
276 199
276 229
276 235
276 263
276 267
276 288
277 9
277 40
277 69
277 83
277 89
277 102
277 109
277 220
277 258
277 289
277 299
278 3
278 22
278 34
278 70
278 100
278 187
278 193
278 198
278 200
278 214
278 281
279 19
279 60
279 98
279 106
279 115
279 122
279 132
279 138
279 140
279 174
279 241
279 263
279 268
279 291
280 5
280 9
280 10
280 11
280 72
280 81
280 189
280 195
280 206
280 226
280 233
280 273
280 278
281 17
281 25
281 71
281 77
281 102
281 127
281 145
281 244
282 59
282 111
282 154
282 195
282 208
282 226
282 235
282 243
282 254
282 262
282 280
283 1
283 45
283 53
283 87
283 92
283 93
283 102
283 112
283 122
283 128
283 229
283 294
283 299
284 13
284 19
284 53
284 72
284 90
284 120
284 160
284 192
284 208
284 241
284 261
284 281
285 10
285 16
285 40
285 69
285 72
285 78
285 107
285 123
285 130
285 193
285 197
285 254
285 270
285 299
286 120
286 150
286 166
286 170
286 180
286 192
286 228
286 273
286 300
287 22
287 36
287 37
287 40
287 51
287 58
287 91
287 119
287 121
287 130
287 183
287 240
287 280
287 296
287 299
288 14
288 24
288 57
288 62
288 94
288 100
288 125
288 145
288 146
288 165
288 236
288 268
289 30
289 51
289 53
289 61
289 179
289 189
289 192
289 264
290 40
290 49
290 79
290 94
290 175
290 178
290 195
290 277
290 296
291 106
291 121
291 163
291 172
291 195
291 227
292 28
292 55
292 80
292 90
292 131
292 139
292 150
292 213
292 258
292 269
293 9
293 19
293 20
293 21
293 30
293 32
293 67
293 75
293 146
293 257
293 258
293 262
293 274
293 276
293 278
294 50
294 81
294 117
294 119
294 126
294 240
294 255
295 33
295 37
295 59
295 80
295 97
295 123
295 227
295 240
295 273
295 281
295 288
296 31
296 63
296 134
296 152
296 186
296 215
296 228
296 233
296 241
296 283
296 297
297 24
297 55
297 94
297 97
297 111
297 135
297 136
297 191
297 241
297 281
298 4
298 61
298 72
298 125
298 169
298 178
298 180
298 215
298 260
298 261
298 263
298 276
298 280
298 294
298 300
299 2
299 24
299 37
299 50
299 56
299 77
299 130
299 152
299 162
299 163
299 171
299 221
299 223
299 266
299 289
300 70
300 191
300 192
300 272
300 288

