250 750
39 63 69 75 74 27 58 76 99 95 119 62 105 68 79 52 76 60 68 58 99 52 88 42 68 45 70 36 83 40 116 72 50 78 97 85 21 43 105 42 117 112 60 28 98 107 119 94 116 87 65 80 59 37 87 20 76 91 69 56 95 54 24 101 43 39 92 41 81 55 39 73 34 66 96 108 90 73 36 40 53 88 34 29 74 23 75 101 88 87 105 59 118 64 29 55 81 23 48 115 21 64 100 30 69 99 81 102 78 35 32 59 49 26 29 112 71 39 60 116 72 109 88 109 23 70 21 45 77 115 26 52 31 71 22 117 68 95 28 45 97 95 82 51 58 24 44 101 60 104 64 70 108 100 40 39 42 73 90 54 100 58 42 78 59 53 103 76 79 55 106 22 43 116 21 21 50 83 22 96 104 120 107 52 79 36 113 87 72 80 111 30 120 78 50 114 108 95 85 25 117 22 38 76 25 36 105 87 22 71 46 33 54 66 46 81 33 118 107 44 117 61 71 32 80 59 107 24 94 90 55 52 22 69 108 97 90 60 98 38 81 32 31 91 46 48 45 92 112 113 
1 40
1 55
1 215
2 79
2 82
2 115
3 44
3 147
3 231
4 18
4 49
4 68
4 158
5 221
6 224
7 57
7 188
7 193
8 59
8 103
8 120
8 191
9 28
9 43
9 208
10 71
10 183
10 200
11 6
11 16
11 65
11 114
11 147
11 152
11 217
12 83
12 163
12 180
12 197
13 52
13 130
13 213
14 99
14 189
14 235
14 247
15 3
15 94
15 135
16 23
16 26
16 182
17 49
17 71
17 75
18 74
18 197
18 211
19 32
19 104
20 168
21 54
21 113
21 134
21 140
21 193
22 133
23 37
23 73
23 207
24 98
24 145
24 175
24 179
24 202
24 222
25 191
26 7
26 120
26 132
26 173
27 7
28 3
28 33
28 39
28 56
29 51
29 164
30 105
30 134
30 151
30 234
31 51
31 79
31 159
31 198
31 209
32 11
32 97
32 153
32 159
32 248
33 112
34 56
34 208
35 12
35 105
35 218
35 233
36 6
36 125
36 183
37 46
37 130
37 131
37 156
37 180
37 188
37 198
38 34
38 100
38 113
38 155
39 105
39 149
39 215
40 5
40 14
40 62
40 122
40 138
40 179
40 241
41 12
41 27
41 116
42 2
42 24
43 22
43 64
43 72
43 107
43 150
43 191
43 212
43 239
44 75
44 204
45 56
45 120
45 134
45 217
46 17
46 86
46 243
47 88
47 106
47 149
47 236
48 93
48 131
48 135
49 14
49 72
49 96
50 4
50 78
50 134
50 141
50 225
51 16
51 45
51 97
51 100
51 151
51 209
51 210
52 112
53 111
53 168
54 85
54 231
55 34
56 18
56 121
56 157
56 190
57 74
57 125
57 176
57 201
58 31
58 117
58 118
58 127
59 6
59 104
60 42
60 94
61 38
61 45
61 164
61 187
61 190
62 83
63 1
64 39
64 59
64 66
65 117
66 128
66 179
68 15
68 59
68 105
68 123
68 224
69 14
70 11
70 44
70 124
71 31
72 7
72 228
73 3
73 53
73 184
74 20
74 197
74 206
74 248
75 220
75 231
76 45
76 66
76 217
77 167
77 187
77 245
78 39
78 89
78 111
78 170
78 180
79 34
79 96
80 122
80 144
81 59
82 95
82 162
82 200
82 233
83 16
83 137
83 170
83 226
84 109
85 48
85 184
85 220
86 9
86 153
86 155
86 228
86 236
87 14
87 71
87 144
87 158
88 68
88 144
88 169
88 190
88 207
89 70
89 84
89 175
90 119
90 121
91 42
91 45
93 53
93 60
93 181
93 227
94 106
94 167
95 25
95 62
95 169
95 187
95 235
96 33
96 99
97 41
97 87
97 119
97 236
98 39
98 48
98 53
98 59
98 62
98 136
98 154
99 20
99 23
99 45
99 121
99 183
99 186
100 71
100 81
100 159
101 183
102 19
102 59
102 116
102 214
102 225
103 19
103 128
103 166
103 183
103 243
103 246
104 85
104 100
105 34
105 36
105 71
105 94
105 135
106 245
107 96
107 147
107 175
107 187
108 36
108 94
108 149
109 74
109 156
109 241
110 79
110 137
111 126
111 204
112 9
112 87
112 136
112 145
112 184
113 51
113 78
113 102
113 135
113 207
114 125
114 169
114 190
115 11
115 54
115 116
115 122
116 39
116 143
116 169
116 209
117 98
117 128
117 197
118 240
119 109
119 183
120 48
120 247
121 9
121 27
121 93
122 42
122 154
122 232
123 13
123 78
123 102
123 177
123 200
123 218
123 239
124 135
124 195
124 213
124 215
125 62
125 188
126 56
126 75
126 115
126 210
127 29
127 38
127 159
127 193
128 69
128 189
130 117
131 33
131 145
131 197
131 242
132 60
132 176
133 183
134 195
135 179
135 185
135 220
136 125
137 15
137 64
137 172
137 241
137 250
138 14
138 42
139 61
139 129
139 191
140 9
140 40
140 47
140 64
140 104
140 106
141 7
141 67
141 189
142 48
143 40
143 55
143 70
143 161
143 243
144 104
144 148
144 169
144 207
145 82
145 186
145 207
146 17
146 34
146 60
146 82
147 118
147 144
148 38
148 169
149 183
150 45
150 71
150 90
151 90
152 114
152 132
153 26
153 81
153 219
154 202
154 218
155 45
155 145
156 208
156 212
157 22
157 24
157 51
157 63
157 129
158 88
158 137
158 152
158 156
159 13
159 15
159 29
159 64
159 65
159 115
160 124
160 178
160 216
161 34
161 98
162 59
162 134
162 172
164 102
165 41
165 43
165 56
165 236
166 177
168 54
168 101
168 225
169 239
169 246
170 165
171 12
171 21
171 60
171 89
171 108
171 145
171 184
172 155
172 196
173 122
173 145
173 210
173 234
174 39
174 56
174 202
175 15
175 88
176 128
176 164
176 213
177 88
178 63
178 119
178 123
178 233
179 218
180 55
180 77
180 236
181 83
181 119
181 137
181 175
182 25
182 54
183 60
184 35
184 105
184 159
185 28
185 84
186 109
186 110
187 143
188 11
188 23
188 129
188 215
189 63
189 82
190 26
190 59
190 202
190 218
191 125
191 228
192 64
193 16
193 73
193 129
194 5
194 6
194 154
194 158
194 188
194 225
196 82
196 130
196 158
197 29
197 66
198 44
198 55
198 185
199 18
199 108
200 32
200 38
200 154
200 157
201 42
201 225
202 244
203 6
203 32
203 112
203 163
203 176
204 3
204 120
204 129
204 203
204 239
205 47
205 51
205 166
205 175
205 200
205 210
206 44
206 213
207 15
207 87
207 116
208 15
208 56
208 88
208 102
208 147
208 217
209 208
210 200
210 221
210 240
211 59
211 84
211 153
211 154
211 205
212 89
213 170
213 211
214 8
214 211
214 249
215 79
215 241
216 51
217 12
217 44
217 118
217 147
217 220
218 63
218 116
218 207
219 121
220 10
220 15
220 22
220 24
220 26
220 211
221 115
221 132
222 167
222 234
223 115
223 191
223 225
223 233
224 113
224 136
224 188
225 32
225 94
226 5
226 28
226 43
226 65
227 110
227 183
228 42
228 53
228 63
228 135
228 148
228 156
228 161
229 17
229 25
231 43
231 48
231 124
231 245
232 172
232 188
233 179
233 246
234 26
234 38
234 121
234 176
235 25
235 183
235 184
235 227
235 244
236 57
236 114
236 211
237 188
238 42
238 204
239 5
239 25
239 54
239 121
239 216
239 234
240 22
240 81
240 174
241 24
241 46
241 192
241 213
242 65
242 68
242 102
242 105
242 201
242 221
243 40
243 89
243 204
244 20
244 183
244 214
245 13
245 15
245 22
245 215
245 224
245 234
246 122
247 22
247 105
247 126
247 136
247 238
248 38
248 105
248 121
249 116
249 154
249 225
250 177

