300 2000
25 80 22 103 68 44 60 115 70 36 112 29 76 84 48 55 29 41 43 84 51 70 109 44 47 42 91 113 32 118 66 84 81 61 46 90 26 41 40 86 86 118 58 78 44 78 63 67 83 91 67 96 83 91 74 89 79 112 37 73 42 87 47 35 51 86 94 82 87 56 93 70 51 117 90 114 91 41 46 52 66 59 93 111 117 52 52 104 20 32 103 51 93 26 27 55 73 74 64 111 100 85 91 103 64 82 41 28 44 32 43 95 103 61 93 109 91 111 118 44 103 80 100 119 50 116 29 43 118 97 56 21 33 31 54 59 71 57 63 97 24 66 27 60 60 89 21 68 43 89 29 59 109 119 100 50 30 84 51 119 119 47 60 60 77 49 105 106 66 60 40 59 53 26 120 75 74 117 107 87 81 46 94 106 117 24 57 112 118 101 95 48 22 59 114 87 26 107 72 62 106 85 34 92 82 30 20 63 39 26 119 87 46 96 89 119 74 98 61 108 68 62 42 118 89 56 111 41 29 54 39 44 118 36 21 27 78 32 78 30 96 72 87 52 65 62 37 50 36 81 86 61 26 115 98 83 68 80 64 63 44 64 108 98 89 83 108 116 21 70 94 69 93 75 65 98 50 35 26 92 53 74 85 96 100 49 116 65 60 73 37 112 106 68 111 33 62 23 85 104 
1 29
1 35
1 95
1 102
1 144
1 194
1 283
2 88
2 169
2 182
2 195
2 283
3 12
3 22
3 44
3 222
3 297
4 24
4 120
4 194
4 212
4 217
4 247
5 11
5 31
5 43
5 53
5 99
5 127
5 131
5 294
6 51
6 64
6 161
6 256
6 294
7 54
7 62
7 129
7 148
7 208
7 274
7 283
8 4
8 12
8 42
8 50
8 102
8 189
8 194
8 201
8 219
8 274
8 282
9 17
9 170
9 247
9 287
9 289
10 22
10 59
10 151
10 198
11 3
11 60
11 89
11 94
11 112
11 195
12 25
12 41
12 61
12 73
12 74
12 98
12 192
12 200
12 230
12 292
13 14
13 28
13 73
13 111
13 121
13 123
13 138
13 187
13 267
14 9
14 84
14 87
14 127
14 177
14 211
14 232
14 240
14 287
15 11
15 52
15 55
15 126
15 157
15 200
15 298
16 53
16 83
16 114
16 140
16 143
16 147
16 163
16 210
16 215
16 284
16 292
17 20
17 34
17 48
17 101
17 141
17 163
17 169
17 197
17 276
17 300
18 80
18 107
18 130
18 160
18 166
18 209
18 211
18 261
18 285
19 64
19 71
19 91
19 102
19 113
19 115
19 188
19 249
19 269
20 85
20 134
20 158
20 178
20 187
20 190
20 195
20 203
21 4
21 14
21 169
21 182
21 185
21 288
22 9
22 45
22 125
22 150
22 176
22 222
22 267
23 27
23 152
23 167
23 202
23 208
23 222
23 229
23 234
23 250
24 142
24 198
24 267
24 280
25 10
25 14
25 65
25 88
25 91
25 101
25 231
25 234
26 45
26 165
26 174
26 176
27 54
27 83
27 155
27 223
27 237
27 248
27 274
27 275
27 288
28 52
28 81
28 153
28 203
28 238
28 286
29 15
29 89
29 153
29 194
30 278
30 285
31 2
31 10
31 33
31 39
31 140
31 216
31 225
31 257
32 39
32 51
32 57
32 70
32 114
32 190
32 229
32 276
33 32
33 71
33 91
33 102
33 146
33 161
33 181
33 258
33 270
33 299
34 52
34 64
34 116
34 121
34 132
34 260
34 274
35 12
35 113
35 214
35 221
36 57
36 100
36 163
36 239
36 261
36 275
36 297
37 98
37 99
37 134
37 209
37 229
37 291
37 300
38 37
38 52
38 77
38 101
38 126
38 163
38 209
38 238
38 265
38 279
39 27
39 74
39 131
39 148
39 195
39 287
39 288
40 33
40 41
40 58
40 135
40 157
40 162
40 217
40 252
40 265
40 279
40 296
41 152
41 169
42 7
42 10
42 52
42 58
42 274
43 44
43 138
43 187
43 191
43 259
43 260
44 10
44 66
44 106
44 125
44 210
44 226
44 227
44 287
45 106
45 118
45 157
45 221
45 225
46 53
46 122
46 164
46 169
46 198
46 211
46 213
46 248
46 272
46 277
47 3
47 78
47 116
47 126
47 131
47 164
47 174
47 204
47 266
47 283
47 293
47 299
48 11
48 16
48 49
48 86
48 160
49 16
49 18
49 41
49 105
49 109
49 158
49 188
50 1
50 15
50 33
50 52
50 131
50 166
50 204
50 231
50 252
50 266
50 289
51 33
51 49
51 62
51 127
51 156
51 159
51 293
52 9
52 10
52 99
52 118
52 204
52 208
52 209
52 211
53 7
53 128
53 153
53 155
53 218
53 252
53 273
53 294
54 36
54 84
54 100
54 104
54 121
54 154
54 157
54 161
54 172
54 215
54 229
54 262
55 10
55 57
55 253
55 278
56 21
56 35
56 109
56 135
56 157
56 196
56 203
56 205
56 226
56 265
57 44
57 90
57 242
57 263
57 296
58 15
58 23
58 24
58 125
58 142
58 157
58 205
59 88
59 149
59 171
59 187
59 208
59 220
59 255
59 285
59 288
60 65
60 136
60 162
60 203
60 244
60 278
61 64
61 118
61 129
62 158
62 166
62 173
62 190
62 214
62 224
62 244
62 247
63 10
63 26
63 53
63 58
63 117
63 127
63 136
64 25
64 66
64 231
64 277
64 278
64 293
64 295
65 5
65 79
65 80
65 106
65 122
65 185
65 198
65 199
65 219
65 242
65 247
65 294
66 185
66 240
66 247
66 258
66 259
66 265
66 271
67 19
67 22
67 23
67 34
67 59
67 71
67 80
67 152
67 208
68 45
68 67
68 69
68 72
68 138
68 170
68 179
68 216
69 57
69 102
69 142
69 218
69 267
69 281
69 291
70 60
70 62
70 112
70 238
70 286
70 291
71 42
71 119
71 148
71 149
71 157
71 194
71 232
71 235
71 265
71 283
72 62
72 95
72 105
72 220
72 232
73 31
73 171
73 264
74 93
74 135
74 147
74 206
74 210
74 240
75 53
75 105
75 200
75 263
76 36
76 53
76 55
76 57
76 84
76 125
76 138
76 154
76 219
76 271
76 289
76 292
77 139
77 176
77 182
78 70
78 92
78 162
78 187
78 255
78 283
79 81
79 201
79 247
80 32
80 63
80 111
80 162
80 194
80 200
80 267
81 8
81 60
81 170
81 255
81 261
82 1
82 3
82 50
82 66
82 97
82 106
82 156
82 182
83 100
83 129
83 158
83 273
83 274
83 293
84 104
84 172
84 219
84 253
84 294
85 17
85 117
85 149
85 164
85 167
85 229
85 267
86 12
86 55
86 110
86 228
86 292
87 24
87 96
87 219
87 267
88 20
88 29
88 63
88 82
88 136
88 161
88 170
88 181
88 188
88 223
88 229
89 97
89 127
89 149
89 211
89 300
90 5
90 10
90 19
90 117
90 128
90 234
90 274
90 281
91 13
91 27
91 50
91 53
91 166
91 171
91 222
91 275
91 278
91 285
92 29
92 33
92 40
92 114
92 170
92 180
92 220
92 286
93 85
93 119
93 134
93 136
93 141
93 143
93 200
93 217
93 222
93 246
93 247
93 272
94 27
94 73
94 95
94 129
94 143
94 155
94 169
94 172
94 234
94 264
94 273
95 4
95 9
95 20
95 41
95 55
95 58
95 84
95 101
95 105
95 106
95 148
95 160
95 253
95 257
96 45
96 68
96 92
96 259
97 17
97 70
97 71
97 75
97 142
97 154
97 191
97 200
97 217
98 17
98 45
98 84
98 107
98 136
98 197
98 228
99 21
99 22
99 97
100 1
100 41
100 93
100 155
100 240
100 251
100 288
101 33
101 85
101 112
101 145
101 162
101 296
102 59
102 112
102 117
102 160
102 240
103 14
103 25
103 50
103 105
103 128
103 232
103 235
103 257
103 291
103 298
104 2
104 24
104 70
104 173
104 213
104 222
104 224
104 239
104 274
105 16
105 33
105 107
105 116
105 163
105 291
106 1
106 26
106 43
106 245
106 267
107 49
107 136
107 187
107 238
107 252
108 60
108 69
108 91
108 141
108 169
108 195
108 217
108 228
108 252
108 277
108 300
109 85
109 199
109 280
110 20
110 67
110 94
110 120
110 139
110 194
110 265
110 281
111 98
111 105
111 112
111 133
111 136
111 138
111 154
111 173
111 211
111 260
111 292
112 8
112 10
112 23
112 77
112 84
112 148
112 212
112 222
112 243
113 5
113 6
113 7
113 36
113 42
113 100
113 285
114 76
114 155
114 169
114 204
114 206
115 9
115 59
115 77
115 261
116 15
116 90
116 165
116 177
116 281
117 17
117 60
117 181
117 220
117 264
117 298
118 30
118 78
118 88
118 125
118 200
118 232
119 24
119 80
119 129
119 154
119 299
120 6
120 85
120 86
120 96
120 235
120 237
120 241
121 94
121 125
121 184
121 201
121 242
122 23
122 88
122 103
122 149
122 206
122 239
122 263
123 24
123 52
123 115
123 146
123 154
123 273
123 286
124 28
124 47
124 82
124 108
124 130
124 210
124 211
124 239
124 248
125 56
125 86
125 141
125 184
125 241
125 252
125 273
125 282
126 37
126 127
126 179
126 204
127 1
127 32
127 115
127 178
127 183
127 215
127 225
128 143
128 168
128 184
128 199
128 264
128 275
128 280
129 137
129 139
129 176
129 191
129 249
129 266
130 43
130 93
130 251
130 257
131 8
131 45
131 48
131 60
131 133
131 177
131 178
131 239
131 295
132 5
132 26
132 37
132 125
132 146
132 287
132 288
132 291
133 36
133 49
133 95
133 108
133 188
134 8
134 88
134 142
134 158
134 196
134 201
134 215
134 217
134 237
134 245
134 271
135 29
135 54
135 67
135 95
135 123
135 134
135 215
135 244
135 271
136 18
136 37
136 50
136 62
136 83
136 115
136 238
137 2
137 18
137 33
137 59
137 113
137 118
137 290
138 38
138 102
138 108
138 252
138 300
139 40
139 46
139 81
139 92
139 191
139 226
139 244
140 216
140 296
141 85
141 152
142 104
142 110
142 220
142 228
142 262
142 279
143 9
143 47
143 61
143 63
143 142
143 190
143 241
143 286
144 81
144 99
144 120
144 139
144 201
145 23
145 44
145 77
145 82
145 91
145 122
145 174
145 241
146 49
146 118
146 120
146 157
146 186
146 260
146 261
146 281
147 62
147 66
147 110
147 117
147 119
147 171
147 229
147 237
147 240
147 278
148 26
148 27
148 74
148 109
148 142
148 166
148 187
148 188
148 235
148 266
148 273
148 274
149 17
149 120
149 209
149 254
149 268
149 278
150 48
150 156
150 163
150 211
150 230
151 82
151 84
151 114
151 146
151 198
151 217
151 248
152 18
152 24
152 76
152 86
152 114
152 271
152 274
152 289
153 7
153 92
153 97
153 130
153 144
153 269
154 5
154 66
154 75
154 84
154 110
154 144
154 178
154 229
154 275
155 46
155 52
155 82
155 124
155 143
155 154
155 178
155 246
155 283
155 298
156 166
156 204
156 245
156 247
157 26
157 108
157 115
157 171
157 273
158 16
158 19
158 80
158 88
158 124
158 150
158 170
158 209
158 225
159 2
159 27
159 40
159 83
159 137
159 138
159 227
159 249
159 256
159 290
160 91
160 101
160 179
160 192
160 196
160 204
160 254
160 278
160 287
160 294
161 10
161 43
161 56
161 248
161 285
162 115
162 212
162 213
162 284
163 23
163 112
163 113
163 122
163 193
163 212
163 236
163 246
163 280
164 22
164 29
164 30
164 71
164 114
164 167
164 174
164 195
164 198
164 249
164 252
164 298
165 124
165 148
165 164
165 169
165 210
165 272
166 44
166 100
166 114
166 118
166 143
166 188
166 210
166 279
167 27
167 63
167 118
167 122
167 255
168 49
168 78
168 100
168 126
168 131
168 185
168 238
168 262
169 52
169 64
169 180
169 250
170 13
170 32
170 174
170 205
170 265
170 299
171 3
171 4
171 29
171 101
171 168
171 273
171 279
172 55
172 116
172 157
172 258
172 286
173 8
173 12
173 71
173 83
173 118
173 200
173 216
173 233
173 277
174 130
174 219
174 273
175 4
175 85
175 108
175 115
175 134
175 219
175 222
175 281
176 16
176 49
176 67
176 114
176 126
176 217
176 239
176 293
177 28
177 31
177 46
177 84
177 152
177 290
177 297
178 22
178 71
178 85
178 186
178 260
178 289
179 3
179 12
179 65
179 157
179 185
180 6
180 54
180 100
180 122
180 199
180 208
181 47
181 115
181 209
181 243
182 152
182 208
182 288
183 1
183 9
183 24
183 53
183 167
183 247
183 262
183 282
184 35
184 42
184 74
184 77
184 80
184 140
185 84
185 122
185 140
185 181
185 202
185 261
186 41
186 51
186 59
186 99
186 104
186 110
186 119
186 158
186 195
187 71
187 85
187 136
187 142
187 182
187 200
188 1
188 12
188 54
188 142
188 163
188 236
188 291
189 22
189 34
189 54
189 69
189 70
189 75
189 89
189 165
189 176
189 273
190 10
190 27
190 31
190 153
190 207
190 208
191 5
191 49
191 90
191 99
191 183
191 250
192 88
192 96
192 163
193 8
193 126
193 199
193 201
193 283
194 23
194 59
194 64
194 218
194 254
194 262
194 291
195 4
195 23
195 101
195 111
195 150
195 172
195 178
195 218
196 39
196 57
196 167
196 277
196 282
197 50
197 63
197 83
197 85
197 266
198 21
198 25
198 237
199 4
199 35
199 133
199 209
199 245
199 247
200 84
200 87
200 126
200 128
200 175
200 218
200 240
200 244
200 259
201 99
201 176
201 205
201 220
202 220
203 75
203 120
203 199
203 209
204 83
204 121
204 128
204 190
204 277
205 77
205 82
205 90
205 196
205 249
205 295
206 79
206 142
206 179
207 10
207 15
207 73
207 120
207 138
207 217
207 271
208 73
208 126
208 127
208 134
208 153
208 163
208 174
208 231
208 278
208 299
209 11
209 106
209 107
209 145
209 151
209 168
209 247
209 262
210 4
210 6
210 9
210 39
210 101
210 141
210 194
210 196
211 37
211 158
211 160
211 167
211 199
211 234
211 254
211 258
211 260
212 9
212 22
212 24
212 65
212 118
212 142
212 191
212 198
212 228
213 6
213 34
213 110
213 154
213 227
213 230
213 233
213 235
213 293
214 81
214 103
214 172
214 173
214 182
215 55
215 58
215 122
215 196
215 221
216 60
216 259
217 19
217 62
217 66
217 194
217 204
217 230
217 242
218 40
218 45
218 62
218 189
218 234
219 14
219 29
219 43
219 261
219 271
219 273
219 294
220 22
220 78
220 115
220 166
220 193
220 261
220 265
221 22
221 28
221 126
221 136
221 191
221 204
221 242
221 243
222 21
222 119
222 121
222 209
222 260
222 289
223 112
223 138
223 156
223 159
223 221
223 270
224 15
224 23
224 31
224 91
224 106
224 165
224 228
224 291
224 299
225 41
225 179
226 57
226 125
226 130
226 138
226 224
226 269
227 12
227 13
227 162
227 184
227 198
227 236
227 269
228 22
228 269
228 290
229 137
230 36
230 96
230 151
231 43
231 58
231 133
231 154
231 166
231 209
231 263
232 55
232 82
232 86
232 90
232 112
232 147
232 171
232 179
232 212
233 123
233 139
233 159
233 171
233 217
233 255
234 4
234 33
234 75
234 83
234 106
234 125
234 141
234 237
234 271
235 19
235 74
235 210
235 223
235 258
235 275
236 5
236 51
236 79
236 100
236 123
237 32
237 58
237 85
237 131
237 149
237 205
237 259
237 280
238 12
238 50
238 144
238 177
238 216
238 272
239 16
239 183
239 216
240 10
240 22
240 28
240 29
240 71
240 75
240 178
240 230
240 282
241 76
241 136
241 140
241 257
242 8
242 16
242 34
242 61
242 248
242 268
243 5
243 16
243 63
243 104
243 143
243 209
244 14
244 26
244 55
244 67
244 163
244 192
245 37
245 120
245 157
245 164
245 167
245 204
245 275
246 17
246 39
246 72
246 106
246 118
246 169
246 200
246 206
246 220
247 193
247 241
247 275
247 300
248 14
248 24
248 86
248 112
248 128
248 145
248 152
248 195
248 197
248 234
248 268
249 21
249 33
249 79
249 94
249 128
249 136
249 188
249 294
250 20
250 22
250 241
250 287
251 18
251 45
251 51
251 135
251 164
251 280
252 28
252 120
252 267
253 11
253 40
253 46
253 87
253 220
253 238
253 247
253 248
253 276
253 285
254 16
254 32
254 53
254 65
254 77
254 112
254 118
254 163
254 169
254 179
254 183
254 202
254 268
254 274
254 280
255 104
255 107
256 83
256 88
256 117
256 146
256 150
256 157
256 162
256 202
256 209
256 259
257 76
257 220
257 244
258 9
258 48
258 82
258 107
258 239
259 33
259 151
259 219
259 274
260 15
260 188
260 216
260 235
260 280
261 35
261 55
261 100
261 213
261 248
262 88
262 100
262 112
262 113
262 213
262 226
262 228
262 236
262 238
262 277
263 23
263 33
263 34
263 100
263 113
263 284
264 1
264 67
264 170
264 267
265 11
265 55
265 147
265 178
265 182
265 213
265 250
265 276
265 298
266 103
266 113
266 199
266 240
267 12
267 53
267 133
267 149
267 255
267 265
268 37
268 45
268 82
268 109
268 187
268 250
268 295
269 3
269 36
269 80
269 108
269 155
269 156
269 184
269 191
270 124
270 193
270 234
271 89
271 115
271 126
271 140
271 297
272 71
272 191
272 243
272 263
273 2
273 41
273 54
273 86
273 127
273 187
273 204
273 231
273 232
273 258
274 9
274 21
274 32
274 35
274 94
274 99
274 105
274 116
274 173
274 206
274 252
275 17
275 76
275 81
275 129
275 290
276 48
276 63
276 76
276 80
276 103
276 149
276 157
276 238
277 68
277 107
277 111
277 136
277 152
277 156
277 279
278 18
278 113
278 132
278 191
278 222
278 226
278 235
278 242
279 15
279 31
279 150
279 157
279 175
279 186
279 205
279 225
280 1
280 66
280 207
280 229
280 238
280 263
281 160
281 169
281 192
281 289
282 14
282 39
282 58
282 64
282 86
282 119
282 140
282 163
282 175
282 207
282 299
283 57
283 188
283 242
284 123
284 200
284 217
284 266
284 286
285 126
285 145
285 147
285 159
285 254
286 8
286 18
287 50
287 208
288 93
288 133
288 143
288 155
288 233
288 242
289 43
289 154
289 163
289 269
290 125
290 187
290 223
290 234
290 253
290 254
290 282
291 10
291 80
291 111
291 118
291 254
291 262
291 272
292 4
292 27
292 74
292 90
292 97
292 142
292 223
292 228
292 275
292 281
293 30
293 58
293 73
293 121
293 248
293 272
293 274
293 285
294 16
294 118
294 183
295 85
295 139
295 154
295 162
295 218
295 235
296 149
296 177
296 237
296 290
297 28
297 164
297 168
297 236
297 240
297 246
297 264
298 96
298 137
298 157
298 189
298 219
298 225
298 226
299 21
299 35
299 209
299 215
299 231
300 83
300 88
300 101
300 128
300 218
300 251

