150 500
25 112 92 116 38 25 89 37 76 26 59 68 36 91 105 31 37 82 102 95 20 98 54 21 91 103 46 114 31 41 105 55 83 37 83 76 103 37 61 45 103 99 22 30 23 60 86 93 58 69 85 115 40 37 82 43 41 37 67 21 31 109 96 62 39 100 31 56 35 74 108 44 110 69 42 110 74 94 32 65 110 96 28 21 91 37 111 50 81 120 111 80 36 78 76 46 62 116 67 21 89 42 39 45 31 105 21 35 73 34 40 35 75 53 61 117 89 21 89 72 106 118 77 38 88 76 72 67 22 52 81 64 68 104 31 110 90 99 20 114 29 64 51 21 66 100 34 97 47 32 
1 7
1 109
1 148
2 44
2 65
2 103
2 113
3 24
3 39
3 96
4 34
4 56
4 81
4 145
5 43
5 77
5 89
5 129
6 41
6 60
7 9
7 43
7 47
8 10
8 38
8 99
8 104
8 118
9 50
9 84
9 103
9 112
9 129
9 137
10 20
10 30
10 33
10 79
10 84
11 76
11 84
11 137
12 24
12 28
12 58
12 105
12 138
13 50
13 75
13 90
13 108
13 128
14 70
14 107
14 116
15 5
15 24
15 25
15 91
15 108
15 139
15 142
16 37
16 103
16 106
16 112
16 119
17 60
17 89
17 104
17 138
18 57
19 100
19 126
20 86
21 40
21 46
21 97
22 11
22 33
22 45
22 51
23 121
23 147
23 149
24 53
24 64
24 66
24 117
24 119
25 87
25 117
25 150
26 28
26 111
26 142
27 18
27 100
29 1
29 21
29 34
29 42
29 73
30 31
30 123
30 132
30 142
31 13
31 88
31 104
32 39
32 114
33 15
33 81
33 99
33 138
33 147
34 6
34 11
34 26
34 147
35 11
35 126
35 133
35 149
36 46
36 56
36 58
36 75
36 140
37 26
37 103
39 11
39 85
39 100
41 100
42 14
42 93
43 127
43 150
44 40
44 77
44 93
44 107
45 68
45 83
45 85
45 102
45 147
46 28
46 43
46 55
46 96
47 19
47 26
47 89
47 92
47 93
47 94
47 143
49 11
49 40
49 42
49 59
49 80
49 88
49 110
50 27
50 119
50 128
50 131
51 62
51 82
52 5
52 24
52 122
53 23
53 30
53 77
53 105
54 6
54 38
54 68
54 96
54 110
55 32
55 96
55 125
55 127
55 129
55 133
55 139
56 47
56 68
56 87
56 119
56 148
57 81
58 23
58 37
58 51
58 53
58 115
58 137
59 17
59 65
59 78
59 82
59 94
59 150
60 10
60 14
60 61
60 81
60 102
61 51
61 52
62 25
62 45
62 47
62 53
62 138
63 2
63 67
63 119
64 7
64 65
64 125
65 68
65 97
65 101
65 105
65 130
65 145
66 1
66 128
66 134
66 145
67 12
67 29
68 2
68 20
68 99
69 3
69 10
69 29
69 61
69 127
70 12
70 64
70 136
71 61
71 65
71 83
71 103
72 84
73 88
73 103
74 48
74 143
75 57
75 71
76 87
76 108
76 144
77 26
78 54
78 62
79 116
80 53
81 9
81 49
81 132
81 138
82 35
82 56
82 93
82 123
82 128
83 110
83 129
83 145
84 1
84 4
84 70
84 97
85 73
86 24
86 68
86 137
87 27
87 39
87 78
88 35
88 36
88 50
88 79
88 98
89 9
89 10
89 25
89 30
89 31
89 64
89 75
89 101
89 108
89 134
90 6
91 51
91 57
91 82
91 111
91 129
92 122
92 147
93 3
93 8
93 76
93 80
93 117
93 142
94 40
94 42
94 84
94 124
94 140
95 6
96 74
96 129
97 75
97 76
97 87
97 120
97 140
97 147
98 48
98 75
98 123
98 131
98 135
98 150
99 9
99 64
99 129
100 6
100 33
100 49
100 138
100 147
101 46
101 63
102 57
102 80
103 7
103 48
103 57
103 76
103 112
104 95
105 16
105 18
105 100
105 115
106 55
107 68
107 83
107 89
107 95
107 112
108 95
108 119
109 72
109 100
110 8
110 35
110 53
110 104
110 116
110 128
111 72
111 136
112 2
112 5
113 27
113 130
114 41
114 43
114 47
114 62
114 72
115 48
115 131
116 64
117 50
117 128
118 68
118 76
118 80
118 86
118 103
119 19
119 33
119 52
119 90
119 111
119 146
120 9
120 37
120 38
120 51
120 64
121 94
122 28
122 29
122 34
122 96
122 134
122 140
123 45
124 61
125 68
125 106
125 129
125 141
126 5
126 44
126 45
126 118
126 141
127 33
127 66
127 75
127 146
129 3
129 89
129 92
129 111
130 102
131 8
132 72
132 89
132 104
133 103
134 22
134 105
135 35
135 47
135 59
136 22
137 55
137 94
138 15
138 19
138 64
138 114
139 3
139 82
139 89
140 25
140 38
140 75
140 83
141 13
141 144
142 25
142 43
142 73
143 2
143 14
143 18
143 23
143 41
143 76
143 117
143 121
144 52
144 89
144 91
144 140
144 148
145 2
145 113
146 25
146 85
146 125
147 2
147 64
147 80
147 82
148 2
148 35
148 63
148 105
148 119
149 19
149 53
150 1
150 124
150 135

