200 3000
96 78 36 78 85 116 97 53 48 90 60 87 94 21 31 91 47 85 59 91 115 89 34 95 49 120 74 57 86 64 109 84 41 41 119 95 33 58 27 68 115 27 77 90 89 81 79 54 36 110 117 36 59 72 101 107 28 44 29 52 20 42 36 120 22 114 93 102 95 107 82 82 24 92 79 89 32 43 104 66 47 88 78 39 102 99 37 94 59 23 22 69 31 115 107 100 103 112 81 116 45 103 52 86 25 97 26 98 60 106 100 55 110 68 54 24 83 73 20 106 37 43 73 26 39 28 119 107 22 96 23 89 70 35 51 23 118 117 80 117 77 83 95 21 114 85 90 50 73 34 23 25 62 24 95 111 106 23 120 54 47 111 87 66 92 35 78 65 36 73 77 23 65 112 24 117 107 53 68 116 63 82 86 33 110 54 65 63 74 101 66 65 99 117 102 71 118 31 33 62 
1 4
1 9
1 13
1 30
1 32
1 37
1 40
1 66
1 79
1 105
1 113
1 114
1 136
1 185
1 188
1 191
2 1
2 9
2 10
2 13
2 37
2 65
2 90
2 112
2 122
2 133
2 135
2 140
2 141
2 153
2 176
2 190
2 194
3 5
3 19
3 63
3 94
3 101
3 118
3 128
3 138
3 153
3 167
4 15
4 22
4 38
4 42
4 46
4 51
4 54
4 67
4 92
4 106
4 112
4 119
4 131
4 136
4 143
4 147
4 170
4 179
4 180
5 10
5 17
5 20
5 26
5 31
5 47
5 61
5 65
5 107
5 118
5 141
5 153
5 159
5 180
5 190
5 194
5 198
6 3
6 16
6 19
6 20
6 48
6 51
6 80
6 100
6 101
6 136
6 138
6 142
6 146
6 149
6 159
6 177
7 3
7 18
7 34
7 69
7 81
7 94
7 125
7 141
7 147
7 154
7 186
7 187
7 188
7 197
8 15
8 23
8 30
8 64
8 75
8 91
8 95
8 106
8 153
9 21
9 58
9 83
9 87
9 99
9 103
9 119
9 140
9 151
9 166
9 183
9 193
9 200
10 7
10 16
10 51
10 55
10 64
10 85
10 121
10 141
10 155
10 173
11 7
11 9
11 28
11 29
11 45
11 46
11 53
11 57
11 63
11 66
11 74
11 94
11 141
11 152
11 156
12 19
12 22
12 49
12 50
12 62
12 73
12 80
12 89
12 103
12 137
12 144
12 149
12 159
12 186
13 3
13 6
13 33
13 49
13 71
13 102
13 104
13 105
13 111
13 118
13 129
13 131
13 135
13 136
13 138
13 161
14 7
14 11
14 29
14 37
14 57
14 63
14 71
14 73
14 75
14 77
14 85
14 112
14 113
14 138
14 141
14 142
14 161
14 168
14 180
15 1
15 42
15 80
15 125
15 130
15 153
15 154
15 160
15 190
15 195
16 30
16 43
16 72
16 74
16 75
16 100
16 106
16 109
16 115
16 141
16 144
16 145
16 156
16 162
16 176
16 191
16 194
17 1
17 24
17 25
17 50
17 52
17 53
17 60
17 70
17 90
17 94
17 159
17 164
17 174
17 184
17 194
18 5
18 30
18 49
18 53
18 63
18 67
18 76
18 80
18 91
18 93
18 115
18 123
18 125
18 127
18 144
18 153
18 172
18 175
18 192
18 193
19 8
19 11
19 27
19 33
19 37
19 45
19 48
19 71
19 105
19 116
19 135
19 136
19 150
19 163
19 170
19 199
20 14
20 21
20 27
20 34
20 55
20 57
20 61
20 63
20 84
20 99
20 111
20 116
20 121
20 122
20 127
20 139
20 140
20 149
20 153
20 165
20 175
20 189
20 193
21 6
21 22
21 35
21 52
21 58
21 116
21 136
21 140
21 167
21 168
21 188
22 5
22 23
22 30
22 32
22 39
22 46
22 66
22 79
22 85
22 149
22 172
22 184
22 185
22 200
23 3
23 14
23 17
23 26
23 28
23 31
23 48
23 59
23 63
23 77
23 79
23 98
23 111
23 118
23 135
23 145
23 171
24 53
24 100
24 104
24 114
24 126
24 132
24 134
24 165
24 169
24 175
24 200
25 1
25 9
25 18
25 28
25 48
25 51
25 58
25 63
25 73
25 82
25 98
25 102
25 108
25 110
25 126
25 147
25 149
25 163
25 175
25 182
26 2
26 22
26 29
26 38
26 45
26 55
26 61
26 67
26 87
26 93
26 95
26 104
26 107
26 109
26 119
26 121
26 139
26 150
26 151
26 152
26 164
26 169
27 94
27 110
27 118
27 130
27 136
27 141
27 152
27 161
27 186
27 193
27 194
27 197
28 1
28 4
28 7
28 16
28 54
28 63
28 65
28 90
28 95
28 97
28 107
28 115
28 117
28 123
28 142
28 151
28 169
28 172
29 21
29 61
29 73
29 86
29 109
29 114
29 118
29 129
29 172
29 180
29 182
29 186
30 9
30 49
30 59
30 71
30 73
30 135
30 142
30 171
30 195
30 200
31 1
31 13
31 15
31 41
31 53
31 54
31 75
31 81
31 83
31 89
31 92
31 99
31 144
31 182
32 11
32 23
32 43
32 44
32 46
32 48
32 70
32 88
32 119
32 126
32 130
32 150
32 182
32 189
32 195
33 12
33 28
33 35
33 55
33 77
33 78
33 87
33 91
33 101
33 115
33 118
33 137
33 165
33 170
33 183
33 189
33 192
33 200
34 4
34 11
34 12
34 33
34 44
34 47
34 50
34 51
34 67
34 88
34 103
34 113
34 151
34 160
34 161
34 172
34 187
34 194
34 198
35 9
35 10
35 16
35 18
35 44
35 51
35 69
35 74
35 93
35 102
35 119
35 141
35 165
35 198
35 199
36 2
36 9
36 32
36 37
36 56
36 62
36 101
36 133
36 141
36 142
36 155
36 158
36 162
36 167
36 190
37 26
37 35
37 55
37 57
37 69
37 70
37 86
37 87
37 97
37 115
37 127
37 139
37 160
37 178
37 186
37 199
38 1
38 11
38 43
38 44
38 48
38 50
38 67
38 70
38 85
38 101
38 106
38 112
38 116
38 121
38 122
38 140
38 151
38 157
39 17
39 20
39 31
39 32
39 34
39 43
39 66
39 68
39 88
39 97
39 99
39 116
39 131
39 144
39 145
39 160
39 163
39 167
39 173
39 175
39 195
39 199
40 19
40 25
40 34
40 48
40 52
40 59
40 60
40 70
40 87
40 107
41 11
41 20
41 27
41 59
41 60
41 93
41 100
41 104
41 108
41 114
41 135
41 149
41 166
41 170
41 182
42 23
42 30
42 40
42 54
42 70
42 77
42 85
42 92
42 93
42 94
42 106
42 169
42 175
42 186
42 188
42 195
43 2
43 15
43 33
43 59
43 96
43 99
43 102
43 126
43 128
43 133
43 171
43 175
43 190
44 12
44 18
44 20
44 24
44 36
44 49
44 59
44 63
44 67
44 73
44 78
44 88
44 96
44 102
44 122
44 134
44 139
44 143
44 144
44 155
44 193
45 12
45 52
45 54
45 67
45 81
45 116
45 119
45 120
45 133
45 143
45 146
45 153
45 167
45 179
46 28
46 30
46 42
46 47
46 73
46 80
46 88
46 93
46 100
46 107
46 114
46 120
46 125
46 128
46 151
46 153
46 154
46 155
46 179
46 190
46 194
47 3
47 15
47 22
47 38
47 43
47 44
47 71
47 90
47 148
47 150
47 154
47 162
47 181
48 21
48 55
48 68
48 69
48 70
48 110
48 116
48 120
48 136
48 152
48 163
48 169
48 177
48 182
48 192
49 20
49 23
49 26
49 33
49 38
49 54
49 62
49 63
49 71
49 99
49 100
49 102
49 109
49 110
49 115
49 125
49 144
49 155
49 168
49 171
49 180
49 182
49 186
49 190
49 199
50 13
50 60
50 91
50 99
50 109
50 123
50 128
50 146
50 147
50 153
50 154
50 165
50 173
50 180
50 197
51 1
51 9
51 21
51 53
51 54
51 58
51 59
51 63
51 85
51 92
51 93
51 125
51 142
51 169
51 187
51 193
51 196
51 198
52 11
52 12
52 34
52 46
52 53
52 64
52 86
52 93
52 99
52 131
52 143
52 146
52 148
52 174
52 175
52 178
52 181
52 185
52 190
52 195
52 197
53 6
53 7
53 8
53 13
53 21
53 97
53 104
53 123
53 132
53 160
53 173
53 194
54 32
54 37
54 55
54 59
54 69
54 72
54 79
54 100
54 107
54 123
54 153
54 154
54 181
54 193
55 80
55 81
55 111
55 119
55 123
55 126
55 127
55 149
55 152
55 186
55 192
56 10
56 11
56 14
56 31
56 65
56 67
56 82
56 87
56 120
56 129
56 132
56 143
56 144
56 147
56 149
56 154
56 163
56 170
56 171
56 189
57 1
57 12
57 17
57 24
57 34
57 40
57 107
57 133
57 140
57 179
57 182
57 185
58 2
58 13
58 22
58 24
58 35
58 44
58 66
58 75
58 99
58 101
58 134
58 150
58 156
58 176
58 181
58 186
58 194
59 20
59 56
59 57
59 67
59 78
59 83
59 85
59 97
59 109
59 136
59 148
59 178
59 188
60 24
60 29
60 37
60 45
60 76
60 107
60 111
60 118
60 159
60 166
60 181
60 198
61 2
61 22
61 23
61 35
61 39
61 40
61 50
61 69
61 71
61 96
61 108
61 152
61 160
61 180
62 2
62 54
62 67
62 81
62 91
62 117
62 171
62 191
62 197
63 22
63 24
63 34
63 42
63 47
63 88
63 91
63 99
63 104
63 113
63 115
63 129
63 135
63 143
63 188
63 189
63 193
64 7
64 30
64 47
64 49
64 50
64 51
64 63
64 67
64 73
64 102
64 103
64 113
64 121
64 184
64 193
65 14
65 41
65 42
65 46
65 58
65 60
65 75
65 83
65 90
65 125
65 138
65 154
65 173
65 174
65 193
65 196
65 197
66 21
66 42
66 62
66 64
66 76
66 85
66 111
66 115
66 119
66 128
66 131
66 134
66 178
66 183
67 29
67 52
67 65
67 68
67 76
67 95
67 99
67 116
67 126
67 128
67 164
67 171
67 175
67 178
67 190
68 4
68 9
68 24
68 45
68 65
68 66
68 99
68 110
68 116
68 144
68 160
68 177
69 5
69 8
69 11
69 12
69 13
69 19
69 34
69 72
69 111
69 117
69 121
69 130
69 146
69 149
69 150
69 152
69 174
70 1
70 30
70 33
70 50
70 86
70 87
70 100
70 182
70 184
71 6
71 28
71 54
71 60
71 62
71 96
71 97
71 145
71 163
71 164
71 166
71 188
71 197
71 198
72 27
72 47
72 56
72 83
72 103
72 112
72 126
72 135
72 138
72 154
72 161
72 174
72 194
73 2
73 7
73 49
73 82
73 95
73 102
73 105
73 107
73 109
73 121
73 124
73 162
73 175
73 177
73 189
74 3
74 21
74 23
74 49
74 56
74 58
74 60
74 86
74 87
74 89
74 91
74 92
74 113
74 123
74 127
74 154
74 180
74 184
74 195
75 19
75 44
75 50
75 95
75 97
75 124
75 174
75 176
75 192
76 44
76 73
76 81
76 100
76 111
76 112
76 122
76 123
76 129
76 147
76 149
76 164
76 169
76 181
76 197
77 9
77 30
77 43
77 44
77 45
77 56
77 67
77 90
77 93
77 97
77 101
77 109
77 137
77 144
77 150
77 160
77 166
78 2
78 11
78 15
78 24
78 71
78 75
78 88
78 101
78 112
78 116
78 132
78 157
78 163
78 173
78 186
79 2
79 7
79 29
79 33
79 40
79 67
79 69
79 76
79 77
79 84
79 116
79 130
79 138
79 142
79 149
79 170
79 174
79 177
79 186
79 189
79 195
79 197
79 198
80 19
80 32
80 54
80 91
80 121
80 126
80 131
80 142
80 143
80 148
80 155
80 175
80 177
80 188
81 21
81 42
81 44
81 47
81 71
81 77
81 98
81 99
81 102
81 125
81 140
81 157
81 171
81 176
81 198
82 4
82 16
82 75
82 81
82 94
82 103
82 109
82 114
82 123
82 127
82 137
82 148
82 156
82 182
82 187
83 49
83 74
83 76
83 79
83 101
83 126
83 148
83 151
83 155
83 170
83 195
84 22
84 36
84 38
84 39
84 58
84 63
84 72
84 111
84 117
84 118
84 133
84 145
84 149
84 150
84 166
84 188
85 1
85 3
85 11
85 36
85 39
85 40
85 53
85 60
85 61
85 62
85 67
85 69
85 83
85 91
85 112
85 126
85 130
85 146
85 181
85 198
86 4
86 9
86 28
86 48
86 53
86 59
86 64
86 78
86 79
86 96
86 112
86 125
86 129
86 168
86 170
86 200
87 34
87 36
87 61
87 62
87 85
87 96
87 103
87 108
87 111
87 123
87 143
87 169
87 172
87 180
87 185
87 200
88 67
88 73
88 77
88 132
88 141
88 177
88 190
88 197
89 4
89 11
89 15
89 45
89 58
89 72
89 77
89 85
89 86
89 99
89 100
89 111
89 113
89 115
89 119
89 139
89 146
89 158
89 191
90 18
90 31
90 38
90 48
90 50
90 52
90 63
90 87
90 88
90 94
90 96
90 113
90 127
90 165
90 172
90 195
91 1
91 6
91 13
91 15
91 43
91 49
91 83
91 86
91 95
91 99
91 101
91 106
91 107
91 112
91 113
91 118
91 121
91 155
91 166
91 167
91 168
91 169
91 183
91 200
92 2
92 23
92 27
92 28
92 65
92 67
92 71
92 84
92 113
92 136
92 142
92 152
92 189
93 31
93 32
93 57
93 102
93 134
93 142
93 147
93 165
93 168
93 188
93 194
94 9
94 22
94 57
94 105
94 114
94 115
94 142
94 156
94 165
94 178
94 195
95 16
95 22
95 47
95 52
95 79
95 88
95 103
95 107
95 126
95 129
95 131
95 132
95 143
95 184
95 188
95 196
96 1
96 11
96 16
96 17
96 31
96 34
96 40
96 46
96 59
96 77
96 79
96 82
96 84
96 102
96 104
96 109
96 123
96 127
96 140
96 159
96 173
96 196
97 2
97 3
97 18
97 21
97 24
97 89
97 96
97 113
97 123
97 124
97 127
97 142
97 149
97 156
97 188
97 198
98 13
98 22
98 41
98 49
98 65
98 76
98 161
98 179
98 188
98 192
99 11
99 54
99 76
99 88
99 106
99 132
99 139
99 143
99 160
99 188
99 192
100 17
100 29
100 79
100 85
100 86
100 90
100 94
100 95
100 98
100 101
100 104
100 116
100 129
100 145
100 147
100 156
100 173
100 191
100 198
100 200
101 8
101 15
101 54
101 73
101 82
101 84
101 105
101 107
101 118
101 137
101 145
101 177
101 181
102 7
102 10
102 28
102 42
102 45
102 53
102 90
102 94
102 135
102 144
102 166
102 199
103 8
103 14
103 22
103 23
103 27
103 51
103 85
103 100
103 106
103 122
103 124
103 139
103 142
103 144
103 154
103 187
103 189
103 199
104 3
104 20
104 30
104 49
104 74
104 101
104 115
104 121
104 123
104 126
104 134
104 146
104 152
104 181
104 188
104 195
105 6
105 27
105 34
105 52
105 55
105 87
105 98
105 139
105 147
105 150
105 157
105 163
105 192
106 6
106 14
106 26
106 79
106 83
106 127
106 163
107 13
107 19
107 34
107 37
107 39
107 49
107 69
107 89
107 90
107 100
107 115
107 152
107 161
107 167
107 184
107 187
107 188
107 194
107 196
107 197
108 5
108 30
108 33
108 54
108 125
108 188
108 198
109 19
109 24
109 30
109 31
109 43
109 44
109 51
109 68
109 87
109 113
109 129
109 130
109 159
109 179
109 188
109 191
109 197
110 17
110 37
110 53
110 60
110 63
110 76
110 81
110 84
110 124
110 162
110 184
111 44
111 46
111 48
111 63
111 73
111 112
111 126
111 139
111 159
111 161
111 172
111 176
111 191
111 193
112 15
112 19
112 28
112 44
112 53
112 74
112 80
112 82
112 87
112 93
112 94
112 98
112 101
112 104
112 110
112 123
112 132
112 133
112 145
112 166
112 182
113 13
113 16
113 30
113 32
113 40
113 49
113 80
113 101
113 110
113 115
113 118
113 136
113 138
113 160
113 168
113 192
114 3
114 15
114 17
114 21
114 22
114 30
114 45
114 67
114 69
114 73
114 85
114 113
114 115
114 129
114 160
114 174
114 175
115 11
115 15
115 41
115 51
115 69
115 76
115 135
115 138
115 142
115 153
115 163
115 176
115 179
115 191
116 3
116 60
116 64
116 86
116 111
116 125
116 158
116 163
116 170
116 174
116 181
116 194
117 12
117 15
117 37
117 66
117 73
117 78
117 83
117 90
117 95
117 101
117 111
117 113
117 165
117 168
117 170
117 186
118 12
118 19
118 36
118 49
118 74
118 80
118 95
118 117
118 128
118 140
118 161
118 182
118 192
119 2
119 16
119 29
119 34
119 71
119 82
119 84
119 93
119 95
119 127
119 129
119 140
119 160
119 163
119 164
119 195
120 18
120 55
120 68
120 73
120 89
120 90
120 98
120 118
120 140
120 158
120 177
120 188
120 194
120 198
121 19
121 35
121 40
121 88
121 89
121 116
121 131
121 154
121 181
121 182
122 56
122 62
122 88
122 89
122 96
122 97
122 121
122 139
122 153
122 168
122 170
122 174
122 185
122 199
123 12
123 22
123 33
123 34
123 52
123 67
123 78
123 83
123 108
123 141
123 151
123 152
123 185
123 186
123 196
124 3
124 4
124 8
124 11
124 18
124 20
124 23
124 45
124 49
124 88
124 96
124 127
124 192
124 193
124 200
125 12
125 29
125 40
125 48
125 58
125 73
125 92
125 98
125 107
125 114
125 128
125 137
125 148
125 149
125 178
125 182
125 186
126 22
126 35
126 37
126 56
126 60
126 77
126 79
126 103
126 106
126 152
126 158
126 185
126 187
126 197
126 199
127 26
127 53
127 65
127 80
127 132
127 148
127 156
127 160
127 165
127 183
127 187
128 24
128 37
128 44
128 65
128 75
128 96
128 99
128 106
128 121
128 135
128 139
128 142
128 145
128 155
128 181
128 184
128 193
128 194
128 197
129 14
129 24
129 26
129 33
129 48
129 49
129 51
129 74
129 110
129 147
129 149
129 166
129 168
129 185
129 188
129 189
129 197
130 4
130 41
130 42
130 46
130 55
130 63
130 66
130 88
130 100
130 115
130 121
130 127
130 152
130 166
130 172
131 46
131 53
131 71
131 84
131 92
131 94
131 107
131 124
131 130
131 140
131 175
131 191
131 198
132 51
132 77
132 92
132 102
132 103
132 118
132 119
132 158
132 161
132 166
132 169
132 180
132 185
132 197
133 29
133 40
133 63
133 108
133 109
133 111
133 118
133 139
133 150
133 156
133 158
133 169
133 173
133 176
133 184
134 2
134 22
134 31
134 45
134 76
134 86
134 95
134 102
134 128
134 155
134 187
135 14
135 22
135 47
135 57
135 64
135 79
135 96
135 103
135 120
135 130
135 151
135 168
136 41
136 75
136 82
136 99
136 101
136 103
136 107
136 132
136 148
136 177
136 196
137 6
137 42
137 49
137 51
137 53
137 56
137 58
137 60
137 66
137 68
137 76
137 94
137 150
137 159
137 162
137 164
137 166
137 172
137 173
137 177
137 194
138 17
138 21
138 32
138 45
138 61
138 62
138 66
138 69
138 86
138 87
138 102
138 103
138 111
138 120
138 122
138 134
138 164
138 196
139 6
139 17
139 28
139 42
139 53
139 69
139 84
139 90
139 92
139 95
139 97
139 119
139 127
139 147
139 167
139 169
139 170
139 172
139 183
140 5
140 7
140 30
140 37
140 47
140 49
140 62
140 63
140 103
140 121
140 150
140 155
140 168
140 189
141 37
141 55
141 61
141 73
141 81
141 94
141 100
141 145
141 157
141 159
141 164
141 167
141 173
142 45
142 59
142 62
142 65
142 68
142 106
142 110
142 118
142 147
142 149
142 176
142 185
143 7
143 24
143 75
143 78
143 96
143 117
143 124
143 133
143 138
143 171
143 178
143 183
143 193
143 198
144 20
144 22
144 69
144 71
144 86
144 99
144 111
144 128
144 138
144 140
144 148
144 154
144 160
144 163
144 164
144 190
144 198
145 34
145 76
145 79
145 82
145 87
145 109
145 114
145 116
145 144
145 158
145 163
145 165
145 168
145 188
145 194
145 199
146 5
146 19
146 20
146 22
146 34
146 44
146 47
146 57
146 59
146 68
146 92
146 101
146 115
146 128
146 159
146 171
146 172
146 173
146 175
146 176
146 180
146 189
146 199
147 6
147 9
147 38
147 54
147 72
147 78
147 109
147 149
147 162
147 165
147 169
147 194
147 199
148 1
148 7
148 9
148 22
148 56
148 97
148 105
148 106
148 110
148 114
148 116
148 123
148 131
148 133
148 139
148 140
148 156
148 171
148 172
148 173
148 186
148 187
149 3
149 24
149 28
149 39
149 63
149 68
149 75
149 83
149 88
149 93
149 137
149 143
149 185
150 6
150 37
150 39
150 53
150 60
150 62
150 76
150 90
150 93
150 109
150 115
150 136
150 141
150 149
150 185
150 187
150 189
151 1
151 27
151 43
151 44
151 52
151 81
151 93
151 101
151 105
151 114
151 127
151 137
151 139
151 146
151 149
151 161
151 172
151 178
152 1
152 7
152 13
152 32
152 46
152 58
152 90
152 98
152 128
152 135
152 143
152 148
152 196
152 198
153 4
153 11
153 12
153 19
153 25
153 36
153 67
153 71
153 89
153 93
153 105
153 121
153 123
153 157
153 165
153 172
153 174
153 200
154 27
154 57
154 75
154 81
154 88
154 90
154 101
154 105
154 117
154 129
154 157
154 163
154 166
154 183
154 188
155 55
155 60
155 62
155 65
155 67
155 81
155 111
155 113
155 127
155 133
155 136
155 146
155 149
155 180
156 3
156 10
156 18
156 23
156 24
156 56
156 60
156 72
156 84
156 106
156 116
156 125
156 140
156 155
156 172
156 177
156 197
157 26
157 33
157 34
157 63
157 64
157 80
157 85
157 148
157 152
157 159
157 172
157 182
157 185
158 3
158 4
158 9
158 16
158 19
158 30
158 47
158 48
158 58
158 61
158 67
158 71
158 79
158 106
158 134
158 140
158 148
158 180
158 185
158 195
158 199
159 29
159 38
159 58
159 150
159 167
159 171
159 173
160 8
160 64
160 65
160 94
160 107
160 112
160 128
160 156
160 198
160 200
161 2
161 40
161 90
161 105
161 127
161 137
161 142
161 143
161 150
161 152
161 165
161 169
161 178
162 19
162 32
162 51
162 58
162 62
162 107
162 116
162 119
162 127
162 134
162 136
162 144
162 155
162 159
162 175
162 177
163 13
163 37
163 41
163 50
163 52
163 63
163 69
163 84
163 114
163 137
163 146
163 148
163 167
163 179
164 46
164 50
164 59
164 123
164 126
164 143
164 149
164 150
164 173
164 175
164 187
164 188
165 2
165 11
165 37
165 40
165 48
165 56
165 59
165 64
165 76
165 83
165 100
165 132
165 136
165 149
165 184
165 187
166 5
166 19
166 28
166 32
166 68
166 72
166 76
166 78
166 85
166 98
166 115
166 133
166 146
166 157
166 188
167 2
167 6
167 19
167 20
167 23
167 31
167 43
167 46
167 48
167 49
167 65
167 93
167 96
167 110
167 117
167 162
167 175
167 181
167 188
167 197
168 6
168 10
168 11
168 17
168 30
168 39
168 41
168 42
168 54
168 63
168 75
168 88
168 95
168 116
168 120
168 132
168 179
168 192
168 193
168 196
169 4
169 15
169 18
169 20
169 39
169 55
169 88
169 105
169 107
169 130
169 142
169 155
169 187
170 20
170 21
170 23
170 25
170 28
170 52
170 57
170 72
170 73
170 81
170 85
170 87
170 89
170 106
170 119
170 142
170 145
170 150
170 165
170 171
170 184
171 48
171 66
171 68
171 93
171 96
171 103
171 110
171 113
171 114
171 116
171 121
171 130
171 147
171 153
171 160
172 5
172 10
172 12
172 59
172 65
172 127
172 152
172 154
172 163
172 170
172 175
172 194
173 1
173 3
173 16
173 32
173 35
173 68
173 86
173 90
173 138
173 153
173 171
173 192
174 19
174 42
174 59
174 60
174 63
174 96
174 103
174 121
174 133
174 188
175 9
175 16
175 17
175 49
175 53
175 64
175 76
175 81
175 104
175 123
175 124
175 135
175 136
175 153
175 166
175 200
176 12
176 29
176 50
176 77
176 121
176 136
176 157
176 164
176 193
177 15
177 24
177 89
177 102
177 104
177 122
177 153
177 166
177 169
177 175
177 176
177 191
178 24
178 45
178 48
178 56
178 57
178 102
178 139
178 142
178 149
178 175
178 179
178 195
179 11
179 14
179 30
179 47
179 50
179 58
179 59
179 68
179 86
179 87
179 89
179 100
179 105
179 122
179 133
179 135
179 139
179 143
179 148
179 158
179 169
179 185
179 194
179 195
180 7
180 20
180 56
180 71
180 114
180 117
180 120
180 125
180 165
180 178
180 183
181 32
181 71
181 86
181 122
181 129
181 136
181 157
181 177
181 179
181 195
181 199
182 4
182 35
182 45
182 60
182 83
182 94
182 102
182 113
182 135
182 169
182 174
182 181
183 1
183 35
183 61
183 101
183 113
183 115
183 117
183 122
183 165
183 179
184 16
184 20
184 54
184 62
184 87
184 108
184 154
184 155
185 4
185 37
185 45
185 49
185 58
185 72
185 77
185 81
185 96
185 110
185 139
185 167
185 171
185 174
185 175
186 4
186 14
186 30
186 47
186 62
186 69
186 80
186 83
186 84
186 90
186 104
186 105
186 155
186 161
186 190
186 193
187 4
187 11
187 28
187 43
187 84
187 87
187 92
187 95
187 123
187 160
187 163
187 167
187 176
188 44
188 47
188 70
188 72
188 106
188 115
188 117
188 122
188 128
188 131
188 136
188 138
188 143
188 150
188 156
188 184
188 192
189 1
189 37
189 38
189 47
189 61
189 76
189 81
189 85
189 100
189 107
189 127
189 128
189 136
189 147
189 151
190 27
190 59
190 66
190 73
190 77
190 121
190 139
190 145
190 152
190 162
190 173
190 187
191 8
191 18
191 27
191 57
191 71
191 74
191 79
191 84
191 87
191 90
191 95
191 117
191 134
191 147
191 161
191 163
191 170
191 183
191 185
191 190
191 194
191 200
192 5
192 6
192 14
192 32
192 44
192 53
192 58
192 59
192 86
192 103
192 104
192 107
192 133
192 138
192 140
192 170
192 180
192 200
193 1
193 28
193 39
193 48
193 60
193 79
193 101
193 121
193 125
193 141
193 152
193 198
194 7
194 12
194 24
194 38
194 41
194 73
194 77
194 80
194 84
194 89
194 113
194 125
194 139
194 160
194 180
194 184
194 196
195 2
195 22
195 34
195 63
195 72
195 76
195 103
195 109
195 120
195 143
195 160
195 177
195 193
196 20
196 25
196 27
196 39
196 48
196 85
196 93
196 97
196 108
196 110
196 112
196 148
197 1
197 24
197 26
197 30
197 33
197 41
197 49
197 68
197 80
197 87
197 98
197 102
197 117
197 134
197 136
197 138
197 150
197 157
197 166
197 169
197 185
197 188
197 199
198 8
198 24
198 64
198 74
198 110
198 130
198 142
198 159
198 164
198 166
198 169
198 178
198 188
198 191
199 17
199 62
199 65
199 88
199 93
199 118
199 148
199 150
199 151
199 179
199 187
200 20
200 36
200 39
200 45
200 49
200 61
200 80
200 88
200 126
200 162
200 163
200 167
200 183
200 196

