150 500
77 27 108 22 75 86 57 73 27 52 103 22 68 45 35 50 44 74 104 68 83 106 80 62 26 37 96 32 44 98 38 60 78 98 86 34 25 67 47 64 57 96 63 52 22 28 110 60 30 27 109 72 58 55 20 33 32 33 91 46 104 93 50 79 101 48 76 52 77 111 63 69 22 49 103 82 77 114 120 70 82 90 24 49 56 54 88 23 92 64 54 60 43 39 38 98 115 36 73 29 56 87 70 46 97 48 87 60 92 116 29 118 73 105 109 93 113 108 73 90 48 104 29 61 24 24 59 37 101 78 34 114 30 42 35 119 37 54 85 24 37 76 86 50 90 65 116 64 90 66 
1 4
1 59
1 110
1 144
2 12
2 20
2 44
2 108
2 110
2 116
2 141
3 142
4 25
4 35
5 11
5 38
5 48
5 61
5 128
6 2
6 19
6 99
6 138
7 57
7 100
7 122
8 50
8 99
9 38
9 79
9 127
10 36
10 131
11 143
12 21
12 23
12 60
13 88
13 100
13 102
13 128
14 72
15 91
15 97
16 37
16 39
16 44
16 71
16 80
17 2
17 105
18 4
18 23
18 150
19 100
20 38
20 42
21 83
21 122
21 132
22 33
22 69
22 77
22 111
22 139
23 3
23 84
23 133
24 60
24 67
24 69
24 127
25 18
25 74
25 136
26 116
27 26
27 58
27 84
27 95
28 9
28 39
28 46
28 52
28 80
28 145
29 26
29 53
29 77
29 92
29 135
30 115
30 119
30 150
31 12
31 24
31 104
32 89
33 42
33 62
33 74
33 147
34 8
34 64
34 135
34 143
35 11
35 63
35 92
35 121
35 142
36 34
37 10
37 34
37 63
37 99
37 145
37 147
38 70
38 104
38 117
38 121
39 47
40 2
40 7
40 47
40 60
40 119
40 146
40 147
41 24
41 132
42 77
42 102
42 133
42 146
43 18
43 111
43 147
44 1
44 49
44 51
44 56
44 68
45 36
45 54
45 98
45 113
45 150
46 26
46 41
46 120
47 57
47 124
48 9
48 19
48 20
48 24
48 32
48 61
48 122
48 147
49 2
49 31
49 39
49 98
49 125
49 130
50 16
50 35
50 45
51 86
51 93
52 64
52 73
52 87
52 105
52 125
52 140
53 59
53 66
53 74
53 111
54 13
54 21
54 32
54 36
54 77
54 149
55 16
55 41
55 70
55 129
56 64
57 137
58 15
59 3
59 15
59 21
61 32
62 87
62 108
62 129
62 136
62 149
63 15
63 21
63 38
63 54
63 66
63 87
63 120
63 126
64 90
64 106
64 141
64 144
65 19
65 55
66 18
66 33
66 88
66 111
66 118
67 19
68 56
68 115
68 124
68 137
69 38
69 67
70 62
70 73
70 74
70 78
70 86
70 138
70 139
70 148
71 51
71 99
71 141
72 24
72 110
73 107
73 131
74 14
74 39
74 100
74 137
75 115
76 4
76 9
76 52
76 58
76 104
76 107
77 32
77 64
77 97
77 112
78 3
78 30
78 44
78 50
78 96
78 147
79 12
79 88
79 94
79 130
80 47
80 52
80 86
81 72
81 120
82 141
83 4
83 12
83 125
83 131
84 64
84 75
84 140
85 15
86 36
86 68
86 84
87 38
87 72
87 77
87 102
87 116
88 53
89 3
89 61
89 74
89 91
89 149
90 14
90 26
90 49
90 50
90 125
90 142
91 5
91 10
91 53
91 121
92 60
92 64
93 68
93 106
94 55
94 93
94 96
94 102
95 15
95 98
96 7
96 26
96 85
96 105
97 69
99 32
99 48
99 139
100 4
100 68
100 93
100 125
100 127
100 132
101 66
101 68
101 92
102 136
103 19
103 30
103 33
103 113
103 135
103 147
104 5
104 27
104 71
104 77
104 88
104 136
105 11
105 75
106 21
106 47
106 79
106 127
106 141
107 18
107 114
107 150
108 59
109 22
109 68
109 79
109 83
109 87
110 54
110 83
111 47
111 71
111 109
112 36
112 110
112 144
113 38
113 44
113 69
113 98
113 116
113 132
114 41
114 79
114 93
114 121
114 146
115 69
115 79
117 40
117 50
118 6
118 25
118 28
118 31
118 46
118 81
118 93
118 99
119 8
119 84
119 118
120 99
121 118
121 124
121 127
122 86
122 90
123 47
123 89
123 137
126 101
127 16
127 55
127 74
127 118
127 129
128 53
128 89
128 110
128 139
129 45
129 78
129 90
129 111
130 43
130 107
130 109
130 136
130 138
131 77
131 98
131 132
132 9
132 128
133 31
133 34
133 89
133 115
134 12
134 52
134 74
134 150
135 6
135 36
135 102
135 131
136 24
136 35
136 138
137 7
137 28
137 49
137 113
137 118
137 125
137 143
138 23
138 24
138 86
138 112
139 69
140 30
140 67
140 112
141 53
141 61
141 132
142 73
142 114
142 125
143 13
143 83
143 93
143 117
143 138
144 65
144 120
144 121
144 141
145 58
145 107
146 3
146 45
147 3
147 34
147 141
147 146
148 69
148 103
148 116
149 45
149 64
149 119
149 120
150 9
150 12
150 13
150 28
150 65
150 108
150 130
150 146

