300 2000
30 38 72 42 76 118 57 102 71 68 82 113 36 95 99 72 101 27 109 103 34 26 77 65 47 117 48 26 110 28 77 85 27 100 32 37 77 101 44 36 26 107 83 41 50 30 103 30 109 84 20 28 104 81 30 38 83 44 76 114 81 100 108 42 42 59 37 39 50 113 70 54 79 38 85 77 31 85 77 85 74 64 80 38 50 88 66 100 111 109 92 45 48 99 86 75 109 111 47 114 83 43 59 41 76 60 94 55 29 69 98 28 94 75 112 78 63 51 57 119 59 53 62 94 39 21 42 41 94 70 26 72 35 116 59 64 52 112 26 88 31 93 72 74 36 48 42 95 51 44 120 97 73 52 70 68 120 68 113 115 84 90 63 115 57 48 119 29 40 29 79 97 51 97 113 73 97 106 66 90 101 99 106 106 113 82 35 68 45 106 61 109 94 92 42 87 31 77 70 116 113 30 114 43 108 53 109 68 86 69 75 77 117 23 119 119 92 53 22 115 44 80 83 98 23 112 87 78 103 97 65 23 72 94 27 81 26 117 79 71 65 71 81 76 106 67 62 51 108 26 54 86 56 46 78 52 86 69 35 84 27 61 88 44 84 41 44 48 61 104 57 61 99 89 108 80 93 65 106 64 118 23 39 83 27 24 110 73 82 102 69 91 80 74 58 49 52 117 88 77 
1 2
1 125
1 151
1 188
1 206
1 213
1 223
2 58
2 132
2 215
2 246
2 281
3 2
3 60
3 69
3 80
3 143
3 144
3 180
3 208
3 285
4 16
4 59
4 129
4 139
4 151
4 194
4 236
4 282
5 9
5 30
5 54
5 56
5 131
5 141
5 281
6 7
6 92
6 106
6 133
6 230
6 237
6 257
6 262
7 125
7 194
7 209
7 231
7 240
8 67
8 84
8 191
8 202
8 235
8 236
8 259
8 291
9 31
9 114
9 175
9 241
9 276
10 32
10 92
10 130
10 174
10 205
10 238
10 242
10 257
10 269
11 3
11 45
11 76
11 109
11 281
11 296
12 3
12 4
12 9
12 16
12 87
12 139
12 158
12 165
12 177
12 236
12 270
12 276
12 296
13 14
13 79
13 80
13 98
13 112
13 133
13 139
13 242
13 286
14 39
14 87
14 92
14 133
14 137
14 239
14 246
15 97
15 172
15 174
15 211
15 223
15 228
15 249
15 276
16 25
16 28
16 37
16 41
16 60
16 163
16 174
16 175
16 252
17 19
17 36
17 247
17 287
18 4
18 5
18 24
18 96
18 214
18 299
19 34
19 104
19 138
19 152
19 172
19 196
20 119
20 142
20 159
20 188
20 226
20 293
21 22
21 59
21 70
21 88
21 97
21 134
21 212
21 270
21 299
22 4
22 9
22 41
22 181
22 261
23 51
23 68
23 111
23 156
23 161
23 168
23 176
23 218
23 242
24 17
24 36
24 82
24 168
24 249
24 289
24 296
25 2
25 58
25 63
25 89
25 100
25 134
25 179
25 210
25 288
26 56
26 158
26 165
26 201
27 2
27 87
27 162
27 168
27 188
27 198
28 75
28 88
28 90
28 98
28 133
28 136
28 165
28 195
28 206
29 19
29 50
29 57
29 62
29 190
29 194
30 10
30 32
30 58
30 61
30 83
30 96
30 151
30 183
30 193
30 253
30 254
30 268
31 23
31 53
31 147
31 152
31 245
32 5
32 61
32 71
32 91
32 113
32 140
33 12
33 87
33 90
33 127
33 141
33 191
33 230
33 248
33 267
34 13
34 27
34 32
34 162
34 194
34 209
34 211
34 214
34 257
34 295
35 33
35 91
35 146
35 196
35 215
36 8
36 54
36 80
36 164
36 263
36 286
36 294
37 10
37 17
37 39
37 46
37 92
37 110
37 145
37 150
37 168
37 173
37 228
37 261
38 53
38 78
38 83
38 116
38 217
38 269
39 78
39 80
39 86
39 136
39 245
39 270
39 291
39 298
40 164
40 171
40 182
40 186
40 253
40 283
40 285
41 38
41 39
41 140
41 174
41 190
41 223
41 231
41 257
41 299
42 43
42 132
42 138
42 180
42 216
42 297
42 298
42 299
43 51
43 80
43 111
43 217
43 238
43 248
44 40
44 105
44 290
45 102
45 121
45 129
45 148
45 155
45 160
45 300
46 20
46 58
46 87
46 138
46 150
46 191
46 217
47 8
47 29
47 84
47 190
48 63
48 83
48 86
48 126
48 138
48 222
48 296
49 77
49 85
49 140
49 141
49 154
49 193
49 207
50 5
50 22
50 44
50 86
50 92
50 109
50 124
50 181
50 257
50 270
50 285
51 110
51 137
51 203
51 229
52 116
52 177
52 219
52 268
53 14
53 16
53 84
53 108
53 137
53 179
53 213
53 251
53 277
54 235
55 14
55 212
55 213
56 38
56 51
56 73
56 120
56 158
56 211
56 274
57 17
57 18
57 36
57 55
57 103
57 112
57 276
57 284
58 32
58 123
58 135
58 164
58 188
58 245
58 285
59 99
59 117
59 121
59 126
59 252
59 281
60 110
60 128
60 130
60 188
60 284
61 27
61 47
61 58
61 200
61 225
61 283
61 299
62 44
62 126
62 187
62 204
62 268
62 281
63 19
63 113
63 191
63 223
63 237
63 300
64 26
64 33
64 94
64 103
64 117
64 215
64 263
65 12
65 34
65 121
65 186
65 194
65 217
66 17
66 85
66 99
66 158
66 229
66 254
67 18
67 156
67 159
67 165
68 72
68 77
68 126
68 154
68 175
68 213
68 231
68 244
68 298
69 42
69 51
69 106
69 109
69 122
69 150
69 163
69 167
69 168
69 190
69 205
69 221
69 240
69 287
70 34
70 36
70 42
70 84
70 98
70 102
70 111
70 179
70 195
70 235
70 251
71 35
71 68
72 8
72 10
72 41
72 62
72 78
72 79
72 118
72 252
73 51
73 81
74 46
74 170
74 220
74 254
75 14
75 42
75 242
76 26
76 40
76 66
76 73
76 115
76 155
76 193
76 229
76 231
76 300
77 14
77 63
77 98
77 113
77 137
77 139
77 200
78 112
78 114
78 175
78 206
79 5
79 14
79 114
79 153
79 168
80 152
80 214
80 256
80 259
81 93
81 162
81 262
81 271
82 29
82 79
82 90
82 99
82 104
82 109
82 118
82 135
82 157
82 231
83 85
83 135
83 149
83 173
83 207
83 215
83 222
83 298
84 97
84 111
84 151
84 154
84 166
84 296
85 73
85 81
85 82
85 276
85 291
86 22
86 45
86 95
86 147
86 240
87 78
87 80
88 16
88 259
88 279
89 93
89 114
89 124
89 202
90 99
90 105
90 167
90 225
90 294
91 40
91 174
91 217
91 231
92 81
92 99
92 106
92 191
92 219
92 276
93 30
93 33
93 70
93 86
93 122
93 123
93 160
93 202
93 268
93 284
94 8
94 88
94 92
94 93
94 159
94 210
94 234
94 258
94 260
94 297
95 103
95 113
95 123
95 130
95 184
95 198
95 289
96 25
96 210
96 258
96 264
97 32
97 65
97 98
97 118
97 228
97 234
97 243
98 92
98 101
98 233
98 258
98 299
99 29
99 56
99 136
99 147
99 181
99 213
99 242
99 286
99 292
99 297
100 43
100 97
100 136
100 243
100 268
100 299
101 12
101 104
101 145
101 150
101 174
101 197
101 204
101 255
102 85
102 100
102 130
102 238
102 261
103 65
103 88
103 97
103 172
103 184
103 193
103 214
104 93
104 110
104 142
104 148
104 152
104 166
104 171
105 18
105 24
105 79
105 137
105 216
105 265
106 12
106 29
106 47
106 64
106 68
106 264
106 290
107 35
107 38
107 90
107 99
107 298
108 3
108 9
108 32
108 64
108 91
108 93
108 95
108 97
108 99
108 114
108 131
108 196
108 250
108 298
109 55
109 67
109 117
109 139
109 219
109 295
110 19
110 46
110 69
110 97
110 111
110 114
110 119
110 185
110 203
111 1
111 53
111 64
111 184
111 231
111 276
112 41
112 99
112 100
112 221
112 234
113 38
113 88
113 124
113 127
113 237
113 253
113 288
114 132
114 271
114 272
114 289
115 14
115 118
115 164
115 189
115 221
115 270
116 1
116 4
116 68
116 71
116 91
116 117
116 161
116 166
116 184
116 253
117 6
117 23
117 83
117 191
117 210
117 261
118 43
118 49
118 55
118 157
118 281
119 54
119 60
119 191
119 244
119 282
119 286
120 52
120 81
120 83
120 117
120 166
120 172
120 173
120 175
120 229
120 232
120 299
121 31
121 43
121 52
121 147
121 220
122 3
122 41
122 45
122 153
122 216
122 233
123 40
123 43
123 116
123 125
123 175
124 2
124 35
124 95
124 105
124 111
124 117
124 154
124 215
124 217
124 276
125 8
125 26
125 50
125 119
125 150
125 212
125 235
125 273
126 18
126 83
126 123
126 140
126 173
126 295
127 36
127 72
127 118
127 199
127 235
127 248
127 290
128 61
128 98
128 127
128 190
128 193
128 258
129 9
129 15
129 35
129 49
129 148
129 295
130 26
130 61
130 110
130 190
130 193
130 287
131 99
131 100
131 155
131 221
132 28
132 48
132 51
132 148
132 194
132 266
132 284
133 12
133 213
133 253
134 37
134 62
134 65
134 99
134 114
134 216
134 254
134 270
134 278
135 116
135 122
135 123
135 168
135 248
135 263
135 282
135 297
135 298
136 17
136 171
136 184
136 290
137 30
137 45
137 256
137 265
138 58
138 187
138 218
138 254
139 195
139 284
140 6
140 132
140 176
140 184
140 190
140 230
140 277
141 91
141 115
141 184
141 189
141 262
142 76
142 98
142 102
142 197
142 265
142 266
143 61
143 102
143 104
143 123
143 141
143 142
143 155
143 181
143 191
143 194
143 266
144 81
144 131
144 162
144 198
144 210
144 232
144 266
144 268
145 4
145 9
145 18
145 59
145 83
145 102
145 104
145 108
145 114
145 131
145 136
145 212
145 220
146 113
147 73
147 195
147 218
147 253
147 264
147 271
147 280
148 32
148 47
148 77
148 95
148 183
148 234
149 112
149 156
149 167
149 190
149 208
149 213
149 260
150 1
150 60
150 68
150 105
150 109
150 192
150 194
150 271
150 286
151 51
151 117
151 126
151 141
151 201
151 247
151 248
151 283
152 45
152 57
152 58
152 91
152 113
152 128
152 168
152 170
152 177
152 279
152 300
153 58
153 91
153 141
154 103
154 110
154 213
154 250
155 3
155 17
155 26
155 104
155 177
155 261
155 273
156 27
156 78
156 146
156 157
156 158
156 164
156 172
156 207
156 260
157 71
157 136
157 177
157 205
158 42
158 118
158 122
158 175
158 195
158 203
158 206
159 7
159 101
159 108
159 147
159 183
159 234
159 237
159 284
160 28
160 38
160 94
160 155
160 158
160 168
160 203
160 236
160 273
161 34
161 59
161 74
161 81
161 85
161 90
161 115
161 140
161 143
161 188
161 238
161 273
162 106
162 114
162 138
162 197
162 203
162 265
162 283
163 89
163 181
163 225
163 241
164 21
164 35
164 195
164 196
165 48
165 55
165 68
165 115
165 125
165 127
165 159
165 186
165 193
165 260
165 269
166 1
166 58
166 134
166 140
166 162
166 196
166 250
167 47
167 48
167 71
167 142
167 162
167 226
168 63
168 128
168 132
168 239
168 247
169 34
169 47
169 74
169 89
169 146
169 201
169 231
169 271
170 29
170 55
170 56
170 58
170 100
170 111
170 140
170 148
170 163
170 231
170 250
171 31
171 101
171 121
171 140
171 156
171 180
171 294
172 39
172 70
172 83
172 102
172 104
172 165
172 185
172 269
172 270
173 278
173 298
174 6
174 63
174 231
174 248
174 265
175 28
175 62
175 115
175 117
175 137
175 151
175 211
175 212
175 248
175 282
176 28
176 36
176 45
176 154
176 174
176 186
176 267
176 273
177 57
177 81
177 144
177 146
177 198
177 204
177 220
177 228
178 166
178 189
178 190
179 196
179 239
179 260
179 284
180 11
180 52
180 246
180 247
180 265
181 17
182 72
182 128
182 181
182 184
182 243
183 3
183 9
183 46
183 51
183 116
183 126
183 162
183 202
183 281
184 87
184 238
184 278
185 21
185 33
185 82
185 132
185 214
186 31
186 43
186 92
186 157
186 197
186 223
187 40
187 55
187 126
187 151
187 178
187 181
187 235
187 296
188 19
188 162
189 43
189 57
189 172
189 202
189 211
189 213
190 16
190 49
190 109
190 131
190 143
190 148
190 165
190 170
191 62
191 65
191 147
191 268
192 7
192 20
192 165
192 245
192 286
192 294
193 40
193 80
193 110
193 116
193 127
193 160
193 199
193 292
194 85
194 128
194 136
194 201
194 264
194 275
195 6
195 31
195 37
195 153
195 163
195 242
195 281
196 3
196 18
196 40
196 61
196 74
196 102
196 116
196 134
196 159
196 162
196 167
196 180
196 227
196 240
197 61
197 64
197 117
197 208
197 234
198 3
198 108
198 194
198 229
198 231
198 248
198 278
199 26
199 49
199 86
199 186
199 228
199 251
199 285
200 14
200 114
200 184
200 238
201 166
202 6
202 79
202 153
202 157
202 219
202 255
203 12
203 38
203 40
203 101
203 109
203 138
203 224
203 294
204 36
204 77
204 104
204 133
204 207
204 253
204 258
205 80
205 131
205 164
205 180
205 209
205 217
205 290
206 23
206 123
206 169
206 190
206 290
207 18
207 27
207 81
207 136
207 188
207 196
207 279
208 4
208 67
208 164
208 174
208 191
208 221
208 234
208 260
208 263
208 269
209 12
209 47
209 112
209 143
209 155
209 176
209 261
209 273
210 20
210 33
210 42
210 70
210 121
210 151
210 174
210 246
210 276
211 7
211 36
211 84
211 108
211 128
211 141
211 182
211 183
211 196
211 233
211 239
211 253
211 257
212 24
212 108
212 120
212 174
212 186
212 202
212 214
212 255
213 20
213 72
213 75
213 174
213 251
213 254
213 256
213 286
214 22
214 45
214 53
214 236
215 48
215 61
215 114
215 131
215 281
216 20
216 63
216 104
216 115
216 160
216 180
216 209
216 236
216 237
217 83
217 134
217 187
217 236
217 298
218 54
218 78
218 108
218 109
218 114
218 143
218 181
218 277
218 296
219 15
219 27
219 48
219 55
219 136
219 200
220 70
220 171
220 181
220 188
220 245
220 257
221 5
221 87
221 126
221 154
221 220
221 275
221 284
222 13
222 45
222 105
222 124
222 197
222 237
222 261
223 119
223 126
223 154
223 159
223 199
223 233
223 240
223 258
224 30
224 31
224 110
224 164
224 273
224 277
224 279
225 48
225 54
225 116
225 137
225 219
225 231
225 254
226 13
226 97
226 198
227 110
227 159
227 225
227 283
228 9
228 16
228 77
228 82
228 93
228 104
228 218
228 232
229 42
229 116
229 123
229 134
229 208
229 235
229 260
230 35
230 85
230 206
230 212
230 215
230 218
230 242
230 257
230 277
231 20
231 43
231 94
231 112
231 115
231 116
231 140
231 151
231 153
231 160
231 192
231 197
231 222
231 277
232 8
232 18
232 45
232 154
232 184
232 240
232 282
232 291
233 75
233 87
233 187
234 50
234 61
234 264
235 50
235 131
235 140
235 148
235 160
235 193
235 218
235 227
235 268
236 99
236 235
237 42
237 58
237 112
237 198
237 203
237 256
237 288
238 48
238 59
238 72
238 133
238 159
238 239
238 242
238 269
239 52
239 83
239 105
239 121
239 124
239 125
239 159
239 172
239 182
239 241
240 54
240 66
240 68
240 105
240 197
240 261
240 290
241 35
241 46
241 115
241 122
241 179
241 190
241 262
241 268
242 19
242 89
242 93
242 124
242 125
242 176
242 196
242 269
243 23
243 54
243 71
243 84
243 96
243 159
243 255
243 264
244 44
244 76
244 116
244 133
244 228
244 231
244 296
245 56
245 141
245 184
245 247
245 294
246 80
246 81
246 91
246 163
246 167
246 212
246 271
247 1
247 33
247 66
247 106
247 271
248 10
248 21
248 25
248 37
248 57
248 63
248 129
248 203
248 208
248 273
249 70
249 104
249 117
249 189
249 206
249 214
249 245
249 279
250 10
250 68
250 104
250 181
250 192
250 274
251 9
251 45
251 77
251 110
251 119
251 190
251 195
251 198
252 32
252 35
252 42
252 44
252 94
252 100
252 107
252 122
252 221
252 238
252 246
252 279
252 296
253 9
253 21
253 52
253 144
253 186
253 227
254 6
254 25
254 36
254 77
254 120
254 122
254 126
254 182
254 266
254 292
255 51
255 274
256 1
256 19
256 130
256 203
256 244
257 70
257 134
257 146
257 195
257 293
258 17
258 19
258 72
258 112
258 191
258 252
258 296
259 26
259 112
259 191
259 215
259 227
259 248
259 272
260 9
260 22
260 116
260 140
260 191
260 230
261 5
261 27
261 106
261 198
261 250
261 255
261 262
261 292
262 26
262 46
262 54
262 95
262 109
262 130
262 209
262 215
262 266
262 292
263 27
263 31
263 77
263 86
263 91
263 167
263 187
263 200
263 215
263 224
263 247
264 33
264 112
264 247
265 123
266 25
266 105
266 111
266 125
267 18
267 75
267 105
267 127
267 131
267 140
267 165
267 174
267 256
267 292
268 135
268 299
269 45
269 47
269 142
269 162
269 200
269 212
269 263
270 74
270 211
270 238
270 275
271 35
271 69
271 92
271 102
271 177
272 46
272 87
272 108
272 153
272 177
272 192
272 234
272 238
272 294
273 26
273 57
273 114
274 24
274 28
274 30
274 40
274 49
274 139
274 184
274 238
274 247
274 289
275 12
275 95
275 149
275 231
275 248
276 7
276 53
276 207
276 249
276 251
277 29
277 113
277 183
277 185
277 197
277 238
277 286
278 34
278 244
278 261
279 25
279 35
279 111
279 179
279 214
279 231
280 122
280 146
280 184
280 232
280 276
280 290
281 16
281 91
281 110
282 34
282 40
282 43
282 76
282 80
282 122
282 183
282 186
282 205
282 211
282 244
282 250
282 299
283 48
283 82
283 168
283 203
283 298
284 41
284 135
284 166
284 202
284 282
285 6
285 48
285 90
285 148
285 164
285 179
285 188
285 281
286 12
286 164
286 210
286 216
286 275
287 8
287 27
287 32
287 41
287 71
287 148
287 182
287 183
287 200
287 296
287 299
288 118
288 299
289 29
289 31
289 70
289 83
289 170
289 177
289 218
289 266
289 270
289 298
290 77
290 90
290 182
290 244
290 274
291 3
291 18
291 152
291 178
291 226
291 241
291 276
291 288
291 290
292 12
292 64
292 84
292 153
293 15
293 64
293 95
293 176
293 199
293 270
293 272
293 282
293 285
293 299
294 8
294 79
294 102
294 134
294 147
294 247
295 82
295 85
295 102
295 108
295 112
295 144
295 173
295 254
296 18
296 66
296 78
296 89
296 97
296 120
296 170
296 174
296 183
296 190
296 207
297 32
297 129
298 24
298 71
298 98
298 265
298 270
298 300
299 15
299 37
299 90
299 152
299 216
299 220
299 255
299 270
300 111
300 149
300 161
300 173
300 188
300 191
300 282

