250 250
55 94 119 46 86 33 35 32 41 100 85 76 82 63 71 21 73 61 51 47 54 86 72 43 42 49 22 22 85 20 86 58 21 87 82 21 54 36 49 26 81 28 66 96 106 44 62 68 64 30 69 50 28 88 44 68 51 22 117 91 113 83 85 92 96 34 75 70 106 113 58 92 78 96 51 39 36 81 119 57 26 94 52 86 113 81 80 100 74 65 41 94 97 69 110 107 24 30 101 75 91 31 112 103 37 56 61 38 22 63 82 36 85 25 57 99 109 44 51 66 45 30 116 55 118 45 55 87 69 117 79 107 47 80 115 104 58 38 62 102 31 115 103 94 38 112 65 82 107 67 109 45 78 66 108 105 78 52 113 75 88 46 118 54 32 57 101 44 88 50 118 28 43 27 54 70 67 43 72 90 109 44 53 113 57 59 38 117 98 109 64 41 54 66 53 64 46 69 96 67 85 90 111 102 34 70 63 47 91 107 42 120 27 93 45 40 34 75 69 115 96 68 112 97 61 42 25 40 91 83 67 110 101 34 101 116 55 95 21 114 77 43 105 112 36 39 52 45 50 38 
2 195
4 70
5 61
6 41
6 184
7 18
7 111
9 63
10 189
10 235
12 246
13 242
15 247
16 174
17 26
17 209
17 218
18 116
19 161
20 73
21 116
22 92
22 110
24 84
24 122
25 173
29 150
32 103
33 21
35 46
36 66
37 15
38 12
40 211
41 83
49 117
50 108
51 27
52 85
52 90
53 212
56 101
56 190
57 83
57 175
58 142
59 83
59 218
60 56
60 104
62 198
63 156
63 180
65 110
66 44
66 180
68 50
69 160
69 188
70 8
70 187
74 140
74 220
75 107
75 228
77 152
80 134
82 231
87 42
87 88
87 183
91 47
91 182
92 97
93 138
93 234
93 235
94 30
98 99
100 11
103 154
103 210
104 164
106 44
106 119
106 122
108 217
110 208
111 194
112 199
113 112
113 221
114 32
114 120
115 31
116 84
116 85
117 191
118 5
118 60
120 148
121 125
122 203
123 27
123 83
123 163
124 59
126 173
126 178
127 165
128 241
130 48
130 58
131 133
132 144
132 161
133 160
134 2
134 192
135 74
138 24
138 68
140 102
141 11
141 74
141 228
142 135
142 182
144 146
144 230
145 136
146 55
147 55
147 232
151 29
151 134
151 171
151 186
153 169
153 184
153 215
156 80
157 64
158 82
158 90
158 226
159 52
159 176
160 53
160 157
161 114
161 166
163 154
165 212
167 196
168 14
168 98
169 162
169 235
170 177
170 203
171 61
172 134
173 55
174 46
176 69
176 81
178 198
178 235
179 128
182 63
182 132
184 49
184 83
184 130
185 66
185 159
189 233
190 85
190 122
190 225
191 175
192 93
192 101
193 100
195 45
196 236
198 239
199 46
199 65
199 86
199 139
200 17
200 142
201 157
202 21
202 64
202 214
203 222
204 32
204 85
205 250
207 41
210 84
210 131
210 199
213 115
215 104
216 12
216 25
216 172
217 118
217 248
218 47
219 114
219 124
222 24
222 174
222 176
223 84
224 46
225 170
226 48
226 154
227 244
228 245
230 82
230 139
231 21
232 98
232 214
233 102
233 216
235 32
236 55
237 207
238 89
240 40
240 246
241 13
241 75
241 143
242 163
243 49
243 62
243 229
244 55
244 132
245 44
250 202

