200 250
110 26 116 51 78 67 90 90 40 52 35 35 50 101 117 22 50 116 60 27 87 48 93 104 74 107 116 116 37 63 26 103 72 100 57 71 71 64 92 89 26 21 102 35 47 49 49 70 63 93 106 37 113 104 37 103 45 91 87 29 75 41 32 20 79 52 52 66 32 37 67 21 78 83 71 57 41 31 58 103 20 73 26 99 69 88 116 44 43 118 77 45 95 32 93 22 34 79 120 105 102 103 34 42 36 83 73 37 61 46 43 79 59 40 111 117 48 44 62 106 51 112 69 66 21 41 44 66 98 45 23 89 96 26 116 118 117 75 104 64 84 65 60 88 57 91 90 39 106 88 30 99 90 29 116 46 84 54 28 41 33 75 90 83 31 61 106 77 30 32 93 82 62 44 104 92 75 26 64 24 47 120 82 56 117 65 118 42 42 73 28 68 109 20 72 120 33 84 95 102 
2 55
3 2
3 9
3 122
3 128
4 1
6 27
6 179
7 173
8 182
9 84
9 110
9 187
10 17
10 165
10 198
11 174
12 104
14 33
15 9
15 137
16 67
16 82
16 99
17 64
17 184
18 196
20 92
20 197
21 88
24 96
24 100
24 119
24 169
25 134
26 49
26 53
27 157
29 45
29 143
30 91
31 81
31 190
34 121
35 175
36 179
38 98
38 195
40 97
43 198
44 89
45 95
45 120
46 150
48 70
50 193
51 123
52 37
52 43
53 35
53 63
53 148
53 163
54 130
56 175
56 189
59 104
59 157
61 85
62 48
62 191
63 26
65 66
68 32
69 19
69 38
69 115
72 31
72 115
72 168
74 179
75 73
76 184
77 51
77 120
77 126
78 25
78 113
78 199
79 77
79 92
80 12
81 56
81 151
83 80
85 101
85 149
86 104
86 127
86 137
87 25
87 46
87 58
87 65
87 119
87 176
89 14
89 187
91 11
91 28
91 51
91 108
91 144
92 26
93 117
96 8
97 15
98 56
100 94
102 39
102 162
105 42
105 195
106 12
106 38
106 61
109 129
109 156
109 165
111 119
112 45
112 167
114 55
114 80
114 108
116 42
119 123
119 128
120 28
120 52
122 141
123 36
125 34
125 96
125 158
125 177
125 189
126 67
127 35
127 41
127 116
127 124
127 144
128 166
128 195
129 22
129 96
129 110
129 132
129 137
130 24
131 85
132 149
132 189
132 195
134 65
134 161
135 195
137 157
138 48
139 67
139 181
140 42
140 76
140 85
140 150
140 174
144 153
144 200
145 92
145 106
145 170
145 197
147 1
147 37
148 87
149 76
150 198
151 39
151 123
151 148
152 6
153 12
153 145
154 76
155 2
156 66
157 21
157 50
158 31
159 61
159 118
159 158
162 139
163 72
163 74
163 84
164 71
164 144
165 44
167 114
169 52
172 193
173 31
173 40
174 119
175 152
176 45
176 161
177 110
177 168
179 174
180 23
180 49
180 69
180 87
181 37
182 13
183 5
183 150
184 157
184 177
185 99
186 68
189 35
189 55
190 54
191 118
192 49
193 80
193 181
194 169
195 16
195 62
195 134
198 72
199 115
199 165
200 102
200 135

