150 2000
63 21 52 54 35 113 20 63 79 108 25 45 35 44 56 106 48 40 79 84 112 59 82 37 56 31 66 84 25 81 62 24 43 69 55 26 29 108 63 55 61 86 116 94 67 38 79 116 110 58 87 96 119 45 94 58 96 21 42 71 63 107 94 72 106 41 50 49 55 48 84 56 46 110 112 118 91 47 112 44 61 65 84 119 62 71 56 51 95 72 90 81 85 75 106 98 108 99 22 39 81 81 108 52 64 24 83 98 79 22 120 29 106 57 109 34 42 93 73 21 30 105 107 106 90 86 33 77 54 71 60 55 66 87 107 63 52 57 32 86 59 64 79 23 87 107 108 25 80 73 
1 5
1 12
1 17
1 24
1 30
1 49
1 53
1 57
1 60
1 64
1 72
1 88
1 113
1 114
1 120
1 121
1 122
1 126
1 137
1 142
1 144
2 8
2 16
2 21
2 31
2 34
2 41
2 56
2 57
2 64
2 73
2 80
2 85
2 100
2 110
2 116
2 118
2 121
2 124
3 25
3 29
3 51
3 60
3 73
3 74
3 93
3 119
3 126
3 136
4 10
4 11
4 15
4 51
4 57
4 58
4 69
4 73
4 78
4 85
4 110
4 116
4 126
4 134
4 139
5 9
5 14
5 20
5 22
5 42
5 51
5 67
5 88
5 116
5 123
6 20
6 24
6 34
6 37
6 46
6 54
6 59
6 66
6 67
6 72
6 77
6 115
6 119
6 128
6 131
7 12
7 19
7 31
7 44
7 48
7 50
7 61
7 80
7 84
7 116
8 15
8 19
8 22
8 25
8 27
8 29
8 30
8 40
8 48
8 50
8 56
8 60
8 64
8 81
8 82
8 140
9 13
9 15
9 23
9 28
9 43
9 54
9 94
9 106
9 108
9 111
9 126
9 137
9 148
10 13
10 15
10 37
10 41
10 43
10 61
10 65
10 84
10 90
10 91
10 111
10 117
10 148
11 1
11 9
11 14
11 34
11 41
11 67
11 75
11 80
11 83
11 92
11 102
11 104
11 108
11 113
11 120
11 129
11 145
12 40
12 49
12 53
12 90
12 91
12 102
12 114
12 122
12 140
13 24
13 32
13 38
13 55
13 60
13 62
13 78
13 79
13 81
13 88
13 95
13 111
13 115
13 123
13 124
13 142
13 149
14 21
14 32
14 37
14 41
14 42
14 65
14 85
14 91
14 105
14 111
14 133
14 140
15 23
15 26
15 27
15 39
15 63
15 67
15 73
15 75
15 81
15 83
15 118
16 10
16 13
16 21
16 29
16 57
16 69
16 81
16 82
16 86
16 89
16 114
16 124
16 127
16 130
16 135
16 139
17 4
17 6
17 14
17 19
17 20
17 32
17 46
17 48
17 71
17 77
17 95
17 106
17 107
17 109
17 112
17 131
17 150
18 1
18 3
18 10
18 68
18 69
18 86
18 89
18 90
18 92
18 111
18 142
19 4
19 14
19 15
19 20
19 33
19 44
19 45
19 51
19 71
19 79
19 83
19 87
19 97
19 98
19 100
19 135
19 137
19 142
20 8
20 15
20 53
20 73
20 83
20 84
20 85
20 87
20 98
20 102
20 141
20 148
21 3
21 22
21 23
21 37
21 50
21 64
21 89
21 109
21 111
22 9
22 25
22 30
22 33
22 35
22 51
22 57
22 60
22 62
22 97
22 98
22 150
23 7
23 8
23 24
23 35
23 41
23 54
23 66
23 75
23 84
23 85
23 116
23 118
23 122
23 125
23 128
23 131
23 149
24 8
24 9
24 32
24 59
24 72
24 78
24 103
24 106
24 111
24 115
24 117
24 132
24 142
24 144
24 146
25 5
25 21
25 37
25 44
25 55
25 74
25 79
25 86
25 87
25 91
25 117
25 133
25 150
26 7
26 13
26 41
26 51
26 60
26 65
26 78
26 87
26 89
26 95
26 118
26 122
26 125
26 146
27 20
27 49
27 71
27 85
27 88
27 93
27 100
27 107
27 134
27 138
27 139
27 147
28 15
28 30
28 34
28 62
28 68
28 72
28 89
28 93
28 96
28 116
28 128
28 139
28 144
28 148
28 149
29 5
29 17
29 20
29 46
29 63
29 70
29 80
29 83
29 85
29 100
29 104
29 115
29 141
30 4
30 9
30 20
30 51
30 52
30 61
30 64
30 68
30 82
30 94
30 99
30 101
30 122
30 132
30 140
30 145
31 9
31 17
31 21
31 29
31 30
31 33
31 35
31 50
31 51
31 53
31 96
31 104
31 119
31 125
31 131
31 133
31 141
31 147
32 8
32 11
32 25
32 33
32 62
32 65
32 71
32 78
32 104
32 108
32 134
32 141
32 145
33 11
33 34
33 54
33 65
33 79
33 109
33 111
33 133
34 7
34 19
34 21
34 31
34 35
34 59
34 61
34 80
34 96
34 106
34 113
34 131
34 133
34 134
34 135
34 142
34 149
35 1
35 2
35 20
35 47
35 56
35 58
35 67
35 68
35 70
35 119
35 123
35 150
36 19
36 48
36 67
36 81
36 93
36 111
36 119
36 120
36 121
36 122
36 129
36 145
37 5
37 8
37 31
37 35
37 48
37 56
37 60
37 80
37 95
37 102
37 105
37 110
37 119
37 125
37 126
37 148
38 2
38 24
38 37
38 52
38 68
38 80
38 87
38 93
38 96
38 113
38 130
38 133
38 134
38 149
39 51
39 70
39 74
39 104
39 115
40 2
40 13
40 14
40 27
40 43
40 45
40 63
40 64
40 76
40 78
40 99
40 111
40 132
40 143
40 148
41 6
41 8
41 9
41 29
41 31
41 37
41 44
41 47
41 58
41 61
41 93
41 101
41 103
41 122
41 129
41 132
41 134
41 141
42 15
42 17
42 27
42 29
42 30
42 31
42 32
42 43
42 63
42 65
42 70
42 83
42 93
42 95
42 96
42 108
42 115
42 129
42 146
42 149
43 18
43 27
43 29
43 44
43 51
43 53
43 59
43 72
43 81
43 102
43 111
43 112
43 136
43 142
44 21
44 22
44 23
44 28
44 45
44 50
44 76
44 95
44 97
44 105
44 117
44 122
44 129
45 9
45 11
45 14
45 24
45 26
45 33
45 41
45 52
45 71
45 73
45 81
45 91
45 107
45 113
45 128
45 142
45 144
46 15
46 52
46 63
46 69
46 84
46 94
46 126
46 129
46 133
46 140
47 11
47 17
47 21
47 23
47 38
47 49
47 66
47 69
47 72
47 78
47 87
47 99
47 109
47 126
47 127
47 128
47 129
47 140
47 145
48 3
48 12
48 43
48 53
48 75
48 76
48 92
48 113
48 115
48 121
48 124
48 125
48 140
48 147
49 4
49 10
49 16
49 29
49 31
49 60
49 66
49 75
49 99
49 100
49 113
49 136
50 1
50 9
50 19
50 37
50 41
50 52
50 67
50 81
50 90
50 95
50 103
50 120
50 130
50 144
50 145
51 24
51 50
51 69
51 81
51 82
51 94
51 125
51 131
51 137
51 146
51 147
52 8
52 17
52 18
52 19
52 24
52 28
52 39
52 40
52 66
52 71
52 75
52 96
52 106
52 109
52 125
52 135
52 139
52 140
52 143
52 147
53 5
53 6
53 13
53 28
53 61
53 68
53 93
53 98
53 102
53 131
54 11
54 21
54 42
54 101
54 102
54 108
54 118
54 120
54 133
54 142
55 24
55 26
55 41
55 52
55 53
55 63
55 76
55 116
55 141
55 145
55 148
56 5
56 63
56 65
56 68
56 73
56 79
56 82
56 86
56 89
56 100
56 113
56 115
56 117
56 121
56 124
56 126
56 131
56 146
57 17
57 30
57 37
57 38
57 47
57 50
57 52
57 70
57 74
57 82
57 83
57 102
57 104
57 108
57 109
57 118
57 121
57 127
57 133
57 142
58 2
58 7
58 31
58 45
58 62
58 66
58 80
58 92
58 94
59 3
59 8
59 12
59 33
59 39
59 40
59 50
59 64
59 71
59 85
59 95
59 103
59 107
59 137
59 142
59 150
60 14
60 54
60 59
60 80
60 83
60 84
60 87
60 88
60 99
60 101
60 104
60 105
60 108
60 110
60 127
60 138
60 141
60 147
61 2
61 12
61 16
61 18
61 29
61 31
61 51
61 77
61 78
61 82
61 101
61 107
61 125
61 131
61 137
61 140
62 19
62 38
62 39
62 49
62 59
62 73
62 78
62 91
62 92
62 94
62 105
62 121
62 137
62 140
62 145
63 6
63 12
63 14
63 18
63 19
63 23
63 58
63 78
63 80
63 90
63 91
63 98
63 116
63 125
63 126
63 148
63 149
64 20
64 23
64 26
64 28
64 38
64 45
64 47
64 58
64 66
64 67
64 72
64 78
64 80
64 89
64 92
64 97
64 100
64 133
64 135
64 136
64 140
64 145
65 37
65 62
65 70
65 78
65 85
65 93
65 96
65 122
65 142
65 143
66 20
66 35
66 43
66 53
66 63
66 72
66 80
66 90
66 96
66 108
66 114
66 128
66 137
67 9
67 17
67 32
67 38
67 42
67 53
67 62
67 65
67 76
67 96
67 113
67 130
67 137
67 141
67 144
67 147
68 10
68 39
68 47
68 52
68 60
68 65
68 75
68 77
68 98
68 116
68 117
68 133
69 1
69 55
69 74
69 76
69 82
69 97
69 103
69 112
69 122
69 127
69 131
69 135
69 136
70 31
70 59
70 67
70 78
70 84
70 87
70 92
70 139
71 2
71 65
71 74
71 77
71 113
71 117
71 125
71 128
71 135
71 136
71 141
72 17
72 32
72 63
72 101
72 132
72 142
73 5
73 10
73 25
73 35
73 55
73 72
73 85
73 127
73 139
74 1
74 6
74 7
74 15
74 17
74 28
74 33
74 45
74 54
74 65
74 66
74 75
74 77
74 80
74 81
74 85
74 105
74 120
74 125
74 126
74 131
75 19
75 29
75 33
75 46
75 54
75 57
75 73
75 93
75 95
75 108
75 113
75 126
75 134
76 1
76 8
76 24
76 28
76 35
76 36
76 80
76 95
76 98
76 110
76 130
76 132
76 147
77 4
77 11
77 16
77 37
77 45
77 46
77 48
77 52
77 56
77 73
77 78
77 104
77 108
77 112
77 120
77 121
77 131
77 132
77 136
77 144
78 8
78 25
78 30
78 34
78 36
78 57
78 76
78 88
78 95
78 96
78 103
78 112
78 129
78 137
78 144
79 3
79 16
79 39
79 42
79 45
79 51
79 55
79 62
79 94
79 107
79 117
79 132
79 136
79 143
80 9
80 49
80 70
80 72
80 88
80 111
81 4
81 25
81 39
81 60
81 66
81 67
81 79
81 80
81 82
81 83
81 89
81 90
81 91
81 95
81 100
81 104
81 108
81 109
81 111
82 7
82 36
82 45
82 62
82 86
82 99
82 122
82 124
82 136
82 148
83 21
83 27
83 47
83 55
83 71
83 72
83 125
83 129
84 14
84 28
84 37
84 53
84 56
84 64
84 66
84 78
84 80
84 81
84 95
84 96
84 111
84 138
85 11
85 30
85 41
85 49
85 64
85 76
85 81
85 98
85 103
85 128
85 132
85 138
85 145
86 2
86 6
86 7
86 30
86 34
86 44
86 55
86 65
86 66
86 68
86 71
86 92
86 111
86 112
86 148
87 7
87 17
87 71
87 72
87 91
87 97
87 101
87 112
87 114
87 115
87 116
87 125
87 132
87 145
88 6
88 8
88 15
88 21
88 24
88 28
88 35
88 40
88 51
88 62
88 69
88 89
88 94
88 102
88 114
88 116
88 130
88 133
88 149
89 12
89 13
89 30
89 45
89 61
89 76
89 123
89 130
90 3
90 20
90 29
90 32
90 36
90 46
90 69
90 84
90 101
90 119
90 129
90 137
90 145
91 13
91 22
91 57
91 59
91 60
91 100
91 114
91 123
91 135
92 19
92 23
92 34
92 52
92 71
92 74
92 81
92 84
92 91
92 98
92 99
92 106
92 111
92 120
92 137
93 13
93 14
93 18
93 84
93 96
93 135
93 136
94 21
94 28
94 29
94 39
94 63
94 90
94 106
94 110
94 137
95 3
95 12
95 30
95 32
95 35
95 83
95 88
95 106
95 109
95 113
95 116
95 121
95 123
95 140
95 143
96 10
96 15
96 18
96 62
96 79
96 90
96 113
96 146
97 8
97 20
97 34
97 46
97 71
97 77
97 86
97 108
97 126
97 140
98 11
98 18
98 26
98 32
98 33
98 43
98 52
98 57
98 59
98 95
98 96
98 109
98 112
98 133
98 147
98 148
98 150
99 10
99 18
99 46
99 73
99 94
99 96
99 102
99 103
99 137
99 147
100 7
100 20
100 22
100 25
100 30
100 42
100 82
100 83
100 86
100 99
100 103
100 106
100 120
100 135
100 139
100 143
101 3
101 13
101 22
101 33
101 45
101 64
101 77
101 88
101 93
101 98
101 116
101 126
101 137
101 141
101 143
102 13
102 18
102 22
102 28
102 32
102 42
102 55
102 67
102 118
102 119
102 145
102 148
103 14
103 23
103 30
103 34
103 42
103 49
103 64
103 89
103 90
103 118
103 123
103 126
104 12
104 15
104 19
104 23
104 35
104 38
104 44
104 54
104 59
104 69
104 72
104 80
104 86
104 96
104 116
104 117
104 135
105 20
105 29
105 38
105 54
105 56
105 72
105 82
105 85
105 86
105 101
105 127
105 139
106 5
106 28
106 40
106 42
106 45
106 69
106 72
106 85
106 96
106 122
107 8
107 14
107 22
107 24
107 32
107 39
107 47
107 60
107 64
107 70
107 87
107 93
107 102
107 120
107 123
107 127
107 129
107 145
107 150
108 18
108 22
108 41
108 53
108 78
108 92
108 101
108 106
108 139
108 140
108 141
108 149
109 22
109 27
109 36
109 39
109 45
109 49
109 54
109 71
109 83
109 91
109 94
109 97
109 111
109 147
110 8
110 27
110 32
110 35
110 45
110 53
110 54
110 58
110 86
110 87
110 92
110 100
110 108
110 117
110 121
110 129
111 1
111 22
111 23
111 30
111 31
111 58
111 100
111 104
111 113
111 115
111 118
111 127
111 145
112 23
112 28
112 51
112 56
112 80
112 89
112 91
112 94
112 124
112 125
112 126
112 142
112 143
113 18
113 21
113 33
113 43
113 51
113 62
113 70
113 74
113 78
113 92
113 102
113 103
113 112
113 123
113 127
113 137
114 9
114 25
114 60
114 68
114 80
114 89
114 112
114 141
114 147
114 149
115 7
115 15
115 37
115 43
115 47
115 51
115 52
115 68
115 70
115 73
115 85
115 102
115 105
115 110
115 114
115 117
115 122
115 124
115 126
115 135
115 141
116 10
116 14
116 32
116 56
116 58
116 71
116 97
116 99
116 102
116 127
117 2
117 22
117 52
117 57
117 69
117 72
117 85
117 87
117 91
117 92
118 16
118 41
118 63
118 72
118 73
118 90
118 96
119 5
119 19
119 23
119 26
119 38
119 58
119 67
119 73
119 96
119 105
119 127
119 128
119 145
119 149
120 10
120 26
120 37
120 41
120 66
120 78
120 96
120 102
120 103
120 108
120 111
120 114
121 7
121 18
121 21
121 27
121 63
121 66
121 83
121 97
121 107
121 124
122 3
122 18
122 32
122 34
122 46
122 78
122 88
122 89
122 92
122 101
122 105
122 107
123 1
123 3
123 14
123 18
123 27
123 48
123 49
123 66
123 70
123 88
123 98
123 100
123 117
123 125
123 138
124 1
124 4
124 21
124 75
124 141
125 8
125 10
125 21
125 43
125 49
125 53
125 56
125 62
125 80
125 85
125 98
125 111
125 118
125 124
125 129
125 132
126 36
126 55
126 61
126 66
126 71
126 87
126 105
126 121
126 125
126 141
127 1
127 12
127 48
127 72
127 75
127 103
127 112
127 142
127 146
127 149
128 7
128 12
128 24
128 26
128 31
128 48
128 52
128 58
128 74
128 78
128 79
128 80
128 87
128 91
128 92
128 101
128 116
128 126
128 134
128 146
129 1
129 9
129 13
129 70
129 76
129 126
129 149
130 6
130 19
130 26
130 41
130 42
130 43
130 45
130 73
130 119
130 123
130 127
130 133
130 139
131 15
131 104
131 114
131 115
131 119
131 120
131 121
131 126
131 127
131 148
132 6
132 9
132 16
132 37
132 42
132 43
132 55
132 62
132 90
132 91
132 92
132 104
132 143
133 17
133 37
133 47
133 104
133 106
133 114
133 125
133 127
133 138
134 24
134 35
134 36
134 48
134 65
134 66
134 84
134 96
134 122
134 124
134 131
134 133
134 136
134 139
135 46
135 54
135 61
135 105
135 113
135 122
135 138
135 141
135 150
136 25
136 32
136 35
136 36
136 37
136 59
136 60
136 88
136 97
136 120
136 129
137 14
137 32
137 38
137 43
137 50
137 57
137 60
137 72
137 82
137 83
137 93
137 107
137 111
137 129
137 146
137 149
138 8
138 9
138 13
138 20
138 28
138 46
138 55
138 70
138 72
138 86
138 93
138 105
138 129
138 131
139 15
139 19
139 26
139 30
139 34
139 35
139 40
139 47
139 54
139 60
139 64
139 77
139 98
139 143
140 9
140 26
140 65
140 96
140 98
140 131
140 148
141 3
141 12
141 24
141 25
141 40
141 45
141 57
141 86
141 92
141 100
141 104
141 110
141 121
141 138
141 139
142 2
142 10
142 32
142 33
142 50
142 70
142 75
142 81
142 82
142 102
142 106
142 136
143 4
143 28
143 33
143 42
143 44
143 62
143 94
143 107
143 122
143 147
144 12
144 13
144 17
144 27
144 31
144 37
144 39
144 43
144 65
144 72
144 74
144 79
144 92
144 97
144 105
144 140
144 145
144 150
145 14
145 18
145 28
145 52
145 79
145 81
145 83
145 89
145 95
145 96
145 112
145 114
145 116
145 122
145 141
145 148
146 2
146 14
146 16
146 27
146 44
146 48
146 59
146 63
146 68
146 69
146 105
146 107
146 123
146 133
147 5
147 30
147 39
147 42
147 62
147 64
147 84
147 100
147 107
147 113
147 131
147 146
147 149
148 2
148 30
148 58
148 73
148 78
148 85
148 87
148 111
148 122
148 126
148 135
148 136
149 9
149 22
149 36
149 37
149 39
149 58
149 73
149 74
149 78
149 107
149 122
149 130
149 145
150 5
150 24
150 27
150 31
150 46
150 51
150 67
150 71
150 76
150 91
150 103
150 108
150 114
150 138
150 140
150 141

