300 2000
50 34 116 63 33 84 54 42 110 117 82 60 50 90 69 65 56 91 63 29 69 36 31 59 87 32 118 32 39 80 91 61 68 73 92 97 41 93 97 69 78 93 72 71 52 94 65 22 37 49 64 106 37 90 75 54 106 118 52 59 72 26 118 45 103 58 49 95 91 45 120 54 107 70 108 103 103 25 23 38 30 89 74 67 91 87 94 74 84 102 101 90 56 104 62 32 83 90 71 22 96 62 67 27 104 78 87 37 42 36 106 118 34 101 108 66 51 29 20 44 76 47 119 40 49 33 30 117 53 49 102 102 48 83 29 23 38 20 95 20 49 31 63 34 69 101 94 31 28 112 32 119 116 76 115 37 63 103 24 32 91 41 69 91 67 29 74 107 108 79 113 67 36 62 60 111 77 68 59 87 106 57 27 94 104 75 65 97 61 70 28 110 70 113 57 80 104 68 81 50 65 22 37 109 114 40 72 90 43 63 119 46 113 84 92 95 110 112 54 31 83 56 75 112 69 84 46 42 115 60 88 62 107 103 102 38 31 65 90 53 68 25 22 47 37 22 77 96 96 104 71 95 33 72 66 49 45 90 27 88 97 38 44 85 79 60 43 28 73 54 91 110 20 85 111 43 27 65 61 91 37 101 50 52 35 55 113 78 96 47 106 65 28 67 107 100 75 71 67 50 
1 150
1 161
1 191
1 243
2 12
2 57
2 90
2 96
2 175
2 258
2 292
3 7
3 8
3 98
3 128
3 276
3 287
3 290
3 299
4 38
4 56
4 118
4 119
4 121
4 153
4 184
4 280
5 73
5 76
5 82
5 122
5 147
5 213
5 237
5 273
5 281
6 21
6 73
6 106
6 115
6 235
7 40
7 55
7 82
7 91
7 171
8 11
8 62
8 101
8 124
8 207
8 272
8 278
9 16
9 99
9 170
10 39
10 48
10 86
10 178
10 181
10 195
10 197
10 209
10 217
10 239
10 251
11 34
11 76
11 164
11 202
11 228
11 233
11 241
11 261
12 3
12 46
12 75
12 90
12 133
12 136
12 182
12 297
13 20
13 30
13 43
13 155
13 156
13 184
13 288
14 109
14 114
14 138
14 143
14 164
14 215
14 222
14 259
15 30
15 56
15 62
15 89
15 104
15 111
15 118
15 195
15 212
15 215
15 220
15 243
15 264
16 12
16 36
16 108
16 155
16 168
16 176
16 205
16 297
17 77
17 90
17 105
17 131
17 163
17 227
17 228
17 268
17 294
18 23
18 31
18 48
18 50
18 82
18 120
18 150
18 200
18 233
18 252
18 263
18 288
19 6
19 7
19 65
19 198
19 225
20 75
20 79
20 92
20 131
20 138
20 158
21 40
21 42
21 61
21 67
21 77
21 153
21 237
21 256
21 285
21 290
22 61
22 63
22 81
22 88
22 122
22 127
22 240
23 5
23 99
23 194
23 265
23 300
24 2
24 105
24 148
24 162
24 164
24 176
24 210
24 254
24 278
24 295
25 34
25 64
25 114
25 164
25 219
25 284
25 300
26 34
26 53
26 64
26 94
26 99
26 214
27 9
27 116
27 201
27 202
27 208
27 225
28 16
28 30
28 80
28 207
28 229
28 298
29 36
29 69
29 136
30 150
30 155
30 187
30 281
31 16
31 57
31 110
31 167
31 178
32 19
32 96
32 139
32 155
32 171
32 181
32 185
32 210
32 211
33 10
33 67
33 123
33 153
33 190
33 216
33 254
34 6
34 23
34 81
34 114
34 182
34 205
34 216
35 27
35 110
35 113
35 125
35 146
35 162
35 242
35 263
35 280
36 23
36 39
36 52
36 94
36 95
36 98
36 139
36 170
36 181
36 254
36 262
37 9
37 74
37 125
37 218
37 221
37 273
37 274
38 48
38 92
38 99
38 211
38 248
38 283
38 287
39 9
39 45
39 55
39 94
39 105
39 153
39 196
39 200
39 293
39 294
40 58
40 94
40 221
40 224
40 267
40 286
41 10
41 55
41 88
41 145
41 159
41 200
41 204
41 207
41 293
42 15
42 65
42 129
42 227
42 285
42 291
43 142
43 193
43 212
43 243
43 276
43 290
43 297
44 27
44 50
44 66
44 197
44 205
44 215
44 273
44 289
45 3
45 28
45 36
45 55
45 102
45 116
45 142
45 159
45 234
45 245
46 14
46 29
46 68
46 77
46 101
46 123
46 149
46 187
46 205
46 207
46 220
46 238
46 268
47 7
47 25
47 117
47 127
47 154
47 171
47 204
47 225
47 269
48 36
48 68
48 274
49 19
49 35
49 83
49 86
49 123
49 128
49 175
50 43
50 62
50 166
50 237
50 262
51 175
51 230
51 254
51 284
51 287
52 26
52 40
52 109
52 116
52 117
52 177
52 179
52 183
52 195
52 270
52 277
53 3
53 4
53 36
53 157
53 295
54 6
54 7
54 23
54 28
54 128
54 205
54 224
54 270
55 19
55 31
55 69
55 72
55 160
55 196
55 248
55 267
55 293
56 1
56 9
56 76
56 105
56 130
56 280
56 288
56 294
56 297
57 75
57 164
57 169
57 174
57 183
57 211
57 213
57 234
57 239
57 289
58 187
58 198
58 206
58 257
58 298
59 4
59 58
59 62
59 90
60 44
60 71
60 115
60 153
60 157
60 273
60 277
61 31
61 38
61 43
61 56
61 114
61 118
61 145
61 166
61 239
61 298
62 23
62 26
62 90
62 93
62 95
62 97
62 106
63 7
63 15
63 27
63 37
63 43
63 70
63 114
63 140
63 170
63 216
63 276
64 151
64 162
64 280
65 196
65 268
66 54
66 59
66 67
66 126
66 298
67 49
67 145
67 150
67 208
67 213
67 214
67 296
68 26
68 94
68 167
68 266
69 80
69 86
69 172
69 179
69 263
69 265
69 274
69 275
69 279
69 295
70 28
70 33
70 78
70 91
70 161
70 183
70 202
70 211
70 228
70 281
71 16
71 30
71 52
71 110
71 111
71 118
71 124
71 138
71 203
71 233
71 244
72 42
72 112
72 196
72 222
72 228
72 235
72 240
72 248
73 79
73 100
73 192
73 227
74 32
74 36
74 97
74 104
74 122
74 177
74 183
74 208
74 254
75 25
75 58
75 198
75 204
75 268
75 278
76 55
76 258
77 27
77 44
77 53
77 55
77 118
77 144
77 232
77 296
78 77
78 93
78 146
78 237
78 281
79 109
79 115
79 137
79 160
79 180
80 11
80 43
80 191
80 223
80 267
80 288
81 71
81 185
81 190
81 250
82 122
82 212
82 268
83 89
83 124
83 249
83 275
83 288
84 91
84 169
84 189
84 202
84 292
84 297
85 72
85 80
85 142
85 179
86 15
86 40
86 143
86 144
86 145
86 211
87 33
87 42
87 84
87 107
87 147
87 232
87 274
88 244
88 247
88 292
89 84
89 105
89 112
89 126
89 128
89 134
89 146
89 169
89 187
89 243
89 255
89 297
90 33
90 34
90 35
90 105
90 154
90 163
90 178
90 267
90 287
90 292
91 69
91 78
91 90
91 204
91 225
91 241
91 292
91 296
92 51
92 182
92 214
92 222
93 140
93 218
94 9
94 42
94 139
94 241
95 21
95 151
95 168
95 172
95 188
95 203
96 39
96 62
96 78
96 119
96 128
96 145
96 161
96 185
97 129
97 131
97 176
97 246
98 11
98 148
98 149
98 153
98 155
98 237
98 296
99 100
99 126
99 154
100 36
100 79
100 94
100 149
100 170
100 257
101 11
101 43
101 48
101 55
101 107
101 148
101 170
101 199
101 205
102 19
102 22
102 25
102 82
102 103
102 274
102 296
103 38
103 95
103 106
103 130
103 159
103 227
103 235
103 266
104 180
104 205
104 214
104 257
104 289
104 300
105 66
105 102
106 5
106 58
106 61
106 64
106 76
106 77
106 80
106 137
106 235
106 261
107 5
107 28
107 62
107 102
107 139
107 144
107 146
107 178
107 213
107 223
107 262
107 269
108 9
108 11
108 41
108 118
108 134
108 180
108 210
108 241
108 282
108 290
109 51
109 101
109 141
109 170
109 259
110 2
110 14
110 200
110 233
110 268
110 271
110 278
110 287
111 16
111 46
111 82
111 272
111 274
112 42
112 76
112 95
112 175
112 178
112 189
112 297
113 73
113 81
113 137
113 138
113 174
113 181
113 260
113 294
114 17
114 99
114 213
114 220
114 234
114 247
115 32
115 277
116 1
116 53
116 106
116 115
117 43
117 179
117 206
117 207
117 224
117 293
118 76
118 107
118 135
118 217
119 36
119 77
119 122
119 130
119 168
119 177
119 281
119 292
119 297
120 101
120 109
120 181
120 247
120 254
120 266
120 280
120 285
121 34
121 116
121 153
121 168
121 202
121 227
121 244
122 16
122 35
122 47
122 93
122 146
122 154
122 171
122 283
123 8
123 34
123 200
123 268
124 63
124 73
124 141
124 178
124 216
124 281
124 296
125 25
125 123
125 204
125 224
125 239
125 272
125 294
126 21
126 35
126 106
126 133
126 183
127 41
127 76
127 125
127 141
127 166
127 179
127 181
127 281
128 92
128 179
128 186
128 266
128 273
128 285
129 141
129 165
129 183
129 190
129 203
129 229
129 239
129 291
130 6
130 78
130 123
131 64
131 75
131 156
131 295
131 298
132 24
132 54
132 60
132 181
132 184
133 94
133 116
133 198
134 22
134 94
134 144
134 166
134 265
135 91
135 117
135 174
135 183
135 189
135 231
136 153
136 157
136 242
136 292
136 295
137 81
137 140
137 236
137 263
137 272
137 276
138 17
138 73
138 110
138 237
138 246
138 281
139 105
139 198
139 218
140 21
140 94
140 108
140 151
140 245
140 282
141 37
141 102
141 154
141 189
141 190
142 21
142 265
143 6
143 52
143 59
143 62
143 67
143 69
143 121
143 183
143 191
143 201
144 11
144 195
144 201
144 277
145 47
145 65
145 212
145 230
146 3
146 36
146 60
146 134
147 204
147 249
148 53
148 115
148 238
148 254
148 289
148 298
149 48
149 94
149 124
149 146
149 182
149 200
149 241
149 254
149 300
150 131
150 161
150 243
150 292
151 29
151 56
151 72
151 152
151 161
151 182
151 241
151 291
152 35
152 78
152 81
152 113
152 266
152 294
153 7
153 122
153 133
153 148
153 171
153 228
153 243
153 280
154 8
154 23
154 204
154 279
155 2
155 81
155 193
155 202
155 275
155 296
156 6
156 153
156 236
156 287
157 9
157 16
157 30
157 43
157 68
157 73
157 101
157 117
157 137
157 145
157 164
157 211
157 230
157 253
158 19
158 67
158 114
158 122
158 156
158 177
158 275
159 69
159 97
159 108
159 187
159 220
159 222
159 282
160 28
160 58
160 110
160 187
160 270
161 4
161 28
161 43
161 103
161 120
161 130
161 134
161 157
161 180
161 276
162 25
162 154
162 158
162 280
163 46
163 48
163 108
163 204
163 259
164 8
164 47
164 99
164 105
164 111
164 138
164 290
165 82
165 83
166 60
166 63
166 83
166 96
166 163
166 225
166 262
167 13
167 24
167 27
167 35
167 37
167 58
167 94
167 125
167 243
167 254
167 272
167 283
167 298
168 31
168 122
168 199
168 262
168 271
168 274
168 298
169 90
169 108
169 198
169 226
169 260
169 290
169 300
170 8
170 10
170 28
170 31
170 105
170 283
171 17
171 39
171 51
171 65
171 74
171 103
171 115
171 118
171 149
171 192
171 239
171 284
172 4
172 20
172 75
172 77
172 89
172 171
172 226
173 14
173 44
173 86
173 171
173 262
173 300
174 65
174 100
174 130
174 171
174 228
174 261
174 294
175 61
175 113
175 134
175 147
175 157
175 291
175 292
175 294
176 86
176 88
176 115
176 151
176 183
176 190
176 243
176 264
177 2
177 76
177 87
177 104
177 118
177 209
177 224
177 250
178 51
178 72
178 95
178 135
178 176
178 227
178 255
178 290
178 296
179 9
179 12
179 36
179 37
179 97
179 166
179 209
179 225
180 36
180 130
180 194
180 237
180 247
181 9
181 21
181 170
181 225
181 275
182 29
182 69
182 134
182 137
182 152
182 153
182 183
183 27
183 50
183 68
183 85
183 120
183 156
183 255
183 257
183 268
184 48
184 92
184 122
184 131
184 138
184 143
184 215
184 267
185 3
185 30
185 142
185 192
185 233
186 116
186 135
186 172
186 178
186 184
186 187
186 274
187 21
187 33
187 70
187 76
187 91
187 157
187 163
187 181
188 23
188 60
188 104
188 109
188 130
188 134
188 199
189 16
189 67
189 122
189 156
189 170
189 181
189 224
189 233
190 32
190 88
190 158
190 161
190 252
190 273
190 284
191 3
191 18
191 69
191 86
191 144
191 161
191 187
191 253
191 277
192 79
192 107
192 195
192 196
192 216
192 233
192 293
193 17
193 61
193 105
193 131
193 136
193 161
193 223
193 233
193 246
193 260
193 285
194 3
194 269
194 294
194 295
194 299
195 8
195 14
195 81
195 122
195 172
195 188
195 261
196 5
197 16
197 57
197 111
197 131
197 210
197 224
197 251
197 258
197 265
198 8
198 123
198 138
198 152
198 212
199 6
199 11
199 86
199 146
199 246
200 27
200 46
200 138
200 222
201 68
201 71
201 254
202 23
202 110
202 214
202 219
202 232
202 260
202 296
203 115
203 122
203 157
203 159
203 164
203 245
203 283
204 5
204 29
204 53
204 62
204 121
204 249
204 297
205 20
205 132
205 164
205 212
206 106
206 107
206 129
206 207
206 294
207 56
207 145
207 171
207 188
207 201
208 13
208 22
208 26
208 82
208 92
208 121
208 143
208 144
208 222
208 232
208 272
208 298
209 6
209 12
209 22
209 38
209 95
209 101
209 153
209 162
209 171
209 178
209 281
209 299
210 103
210 157
210 244
210 254
210 263
211 34
211 88
211 198
211 200
211 206
212 41
212 46
212 54
212 81
212 85
212 123
212 238
213 30
213 31
213 32
213 36
213 108
213 122
213 200
213 202
214 68
214 107
214 118
214 297
215 90
215 144
215 190
215 220
215 275
216 13
216 14
216 56
216 72
216 80
216 81
216 120
216 129
216 137
216 239
216 287
217 123
217 151
217 152
217 155
217 181
217 215
217 216
217 239
217 255
218 14
218 71
218 111
218 205
219 64
219 176
219 277
220 79
220 119
220 156
220 197
220 223
220 277
221 36
221 87
221 136
221 230
221 291
221 300
222 58
222 110
222 117
222 228
222 231
223 2
223 18
223 33
223 160
223 165
223 213
223 248
224 35
224 57
224 89
224 99
224 110
224 127
224 179
224 290
225 42
225 146
225 239
226 41
226 58
226 59
226 233
226 270
227 67
227 74
227 159
227 163
227 203
227 219
227 232
227 239
227 259
228 9
228 50
228 194
228 249
228 283
228 288
229 10
229 15
229 23
229 109
229 165
229 222
229 263
230 3
230 7
230 10
230 20
230 94
230 171
230 181
230 236
230 246
231 88
231 96
231 156
231 177
231 181
232 40
232 63
232 136
232 168
232 179
232 210
232 229
232 299
233 51
233 81
233 148
233 177
233 180
233 198
233 202
233 212
234 101
234 165
234 197
234 213
234 250
234 262
234 300
235 30
235 171
235 252
235 269
235 294
236 3
236 6
236 34
236 41
236 59
236 108
236 115
236 144
236 153
236 187
236 246
237 22
237 118
237 160
237 172
237 213
237 241
237 246
237 259
237 287
238 52
238 76
238 87
238 119
238 128
238 129
238 154
238 164
238 171
238 190
238 283
238 291
239 52
239 87
239 95
239 188
239 189
239 192
239 223
239 289
240 4
240 87
240 108
240 163
240 185
240 186
240 223
240 226
240 270
240 281
240 282
241 101
241 117
241 197
241 213
241 236
241 248
242 178
242 180
242 234
242 269
243 5
243 59
243 123
243 157
243 233
243 270
243 288
244 39
244 57
244 126
244 131
244 147
244 156
244 189
244 223
244 231
245 42
245 69
245 131
245 152
245 222
245 240
245 256
246 90
246 116
246 186
246 248
246 299
247 16
247 17
247 62
247 82
247 92
247 100
247 123
247 224
247 237
247 253
248 85
248 112
248 144
248 146
248 214
248 273
249 10
249 14
249 49
249 51
249 123
249 145
249 162
249 184
249 222
249 254
249 288
250 36
250 135
250 139
250 145
250 182
250 183
251 76
251 166
251 218
251 276
252 2
252 32
252 40
252 88
252 167
252 283
253 39
253 74
253 100
253 162
253 186
253 189
253 242
253 244
253 251
253 263
253 276
254 5
254 105
254 181
254 216
254 266
255 13
255 94
255 189
256 7
256 8
256 25
256 48
256 69
256 72
256 202
256 251
257 107
257 111
257 274
257 290
258 144
258 179
258 252
258 276
258 289
259 199
259 232
259 282
260 1
260 7
260 70
260 93
260 98
260 137
260 152
260 209
260 263
260 286
260 297
261 32
261 33
261 39
261 56
261 176
261 287
261 296
262 5
262 21
262 33
262 54
262 90
262 97
262 275
263 7
263 105
263 119
263 227
263 239
263 256
263 297
264 4
264 6
264 9
264 47
264 112
264 127
264 138
264 174
264 210
264 254
264 282
265 21
265 58
265 80
265 91
265 147
265 193
265 202
265 250
265 290
266 126
266 131
266 292
267 67
267 111
267 151
267 160
267 178
267 234
267 238
267 253
267 278
267 281
268 8
268 59
268 71
268 172
268 193
268 249
268 280
269 12
269 55
269 70
269 116
269 120
269 128
269 178
269 197
269 221
269 259
269 266
270 18
270 34
270 44
270 93
271 141
271 161
272 12
272 61
272 106
272 191
272 214
272 223
273 33
273 109
273 110
273 158
273 159
273 189
273 195
273 295
274 34
274 165
275 78
275 90
275 142
275 146
275 188
275 278
275 288
276 16
276 49
276 52
276 83
276 90
276 101
276 112
276 216
276 236
276 265
276 286
277 17
277 37
277 81
277 86
277 235
277 284
278 64
278 121
278 134
278 184
278 266
278 276
279 3
279 4
279 71
279 81
279 174
279 182
279 203
280 19
280 98
280 124
280 131
280 150
280 215
280 284
280 288
280 291
281 166
281 175
281 202
281 248
281 256
281 290
282 6
282 63
282 64
282 114
282 120
282 150
282 170
283 11
283 18
283 37
283 62
283 72
283 100
283 266
284 4
284 53
284 165
285 11
285 26
285 104
285 140
285 186
286 2
286 70
286 93
286 96
286 111
286 155
286 156
286 240
286 270
287 9
287 124
287 138
287 151
287 183
287 233
287 299
288 44
288 73
288 181
288 225
288 246
288 268
288 286
289 166
290 69
290 90
290 129
290 149
290 183
290 211
290 220
290 249
290 292
291 142
291 189
292 47
292 106
292 158
292 209
293 15
293 38
293 80
293 116
293 200
293 230
294 4
294 14
294 19
294 28
294 131
295 14
295 52
295 75
295 90
295 160
295 212
295 293
296 76
296 107
296 109
296 192
296 265
296 298
297 65
297 101
297 111
297 145
297 180
297 243
297 290
298 9
298 68
298 152
298 244
299 147
299 161
299 183
299 187
299 195
300 75
300 82
300 101
300 190
300 201
300 248
300 268
300 283

