150 3000
23 118 111 77 109 110 71 89 37 25 104 64 46 29 113 74 31 51 74 29 81 102 36 110 62 110 24 94 86 93 69 58 73 93 48 24 22 36 95 58 37 75 106 116 100 46 77 76 28 106 102 112 63 22 95 48 94 59 76 90 78 84 83 46 84 57 89 70 90 88 37 72 66 80 48 56 62 69 36 105 79 105 118 115 59 54 86 82 47 71 22 49 26 98 79 58 100 110 79 47 48 59 69 75 23 89 82 59 59 62 85 109 20 103 119 103 57 84 94 98 119 82 36 91 67 45 29 110 95 90 30 107 67 33 62 82 107 55 99 37 63 45 112 48 112 55 92 35 60 90 
1 2
1 8
1 18
1 21
1 41
1 52
1 54
1 57
1 61
1 63
1 67
1 90
1 100
1 111
1 112
1 113
1 115
1 125
1 126
1 127
1 132
1 135
2 3
2 4
2 20
2 24
2 29
2 40
2 41
2 45
2 48
2 51
2 53
2 61
2 66
2 70
2 73
2 74
2 79
2 80
2 83
2 89
2 102
2 118
2 127
2 133
2 140
2 142
2 150
3 7
3 14
3 19
3 21
3 28
3 41
3 51
3 54
3 58
3 68
3 70
3 71
3 91
3 104
3 111
3 121
3 125
3 128
3 140
3 149
3 150
4 3
4 33
4 44
4 51
4 79
4 80
4 91
4 92
4 98
4 103
4 128
4 131
4 138
4 141
4 146
5 9
5 24
5 25
5 30
5 49
5 50
5 58
5 60
5 61
5 67
5 75
5 88
5 92
5 100
5 108
5 116
5 121
5 131
6 14
6 18
6 20
6 22
6 39
6 42
6 49
6 56
6 59
6 68
6 84
6 86
6 117
6 123
6 127
6 129
6 138
6 140
6 150
7 4
7 5
7 24
7 35
7 54
7 60
7 63
7 66
7 78
7 80
7 87
7 90
7 97
7 99
7 105
7 111
7 119
7 132
7 135
7 137
7 147
8 4
8 23
8 35
8 39
8 40
8 47
8 59
8 64
8 65
8 69
8 79
8 80
8 83
8 101
8 108
8 122
8 124
8 125
8 126
8 127
8 146
8 150
9 6
9 19
9 22
9 41
9 55
9 70
9 71
9 78
9 83
9 119
9 125
9 134
9 140
10 1
10 3
10 28
10 37
10 67
10 74
10 83
10 97
10 101
10 103
10 104
10 105
10 126
10 127
10 134
10 139
11 5
11 7
11 10
11 12
11 22
11 26
11 29
11 31
11 44
11 47
11 48
11 53
11 59
11 67
11 68
11 76
11 77
11 80
11 95
11 104
11 107
11 110
11 119
11 120
11 125
11 126
11 128
11 133
11 139
11 145
12 2
12 4
12 10
12 13
12 14
12 17
12 21
12 35
12 37
12 43
12 47
12 68
12 73
12 83
12 89
12 100
12 110
12 120
12 123
12 128
12 131
12 132
12 138
12 140
12 141
12 146
13 3
13 6
13 9
13 11
13 18
13 21
13 32
13 39
13 56
13 57
13 66
13 73
13 79
13 87
13 89
13 93
13 97
13 100
13 117
13 127
13 136
14 7
14 15
14 22
14 30
14 42
14 43
14 45
14 46
14 49
14 61
14 78
14 79
14 80
14 91
14 92
14 97
14 98
14 101
14 102
14 124
14 136
14 141
14 145
14 147
15 8
15 12
15 17
15 22
15 28
15 38
15 52
15 55
15 57
15 65
15 71
15 72
15 81
15 83
15 102
15 109
15 113
15 125
15 127
15 131
15 133
16 3
16 19
16 20
16 29
16 36
16 41
16 45
16 50
16 52
16 63
16 64
16 71
16 73
16 81
16 85
16 102
16 109
16 117
16 146
16 150
17 7
17 11
17 21
17 38
17 40
17 66
17 68
17 73
17 77
17 81
17 90
17 92
17 93
17 111
17 113
17 116
17 131
17 146
18 5
18 7
18 9
18 19
18 22
18 39
18 60
18 72
18 76
18 79
18 87
18 91
18 113
18 117
18 118
18 119
18 134
18 139
18 146
19 5
19 15
19 32
19 41
19 43
19 58
19 73
19 84
19 88
19 93
19 99
19 100
19 118
19 120
19 122
19 128
19 135
19 137
19 144
19 146
19 149
20 23
20 46
20 53
20 60
20 64
20 69
20 81
20 90
20 99
20 105
20 106
20 107
20 110
20 113
20 114
20 120
20 127
20 139
20 146
20 148
21 7
21 18
21 20
21 35
21 44
21 45
21 49
21 51
21 56
21 72
21 81
21 85
21 92
21 95
21 100
21 105
21 106
21 111
21 113
21 118
21 120
21 127
21 132
21 136
21 142
21 143
22 20
22 31
22 34
22 49
22 59
22 74
22 80
22 84
22 89
22 95
22 101
22 112
22 115
22 123
22 138
23 11
23 13
23 25
23 30
23 38
23 40
23 47
23 50
23 52
23 56
23 60
23 62
23 90
23 99
23 126
23 132
23 137
23 139
24 11
24 23
24 25
24 30
24 34
24 36
24 46
24 82
24 101
24 104
24 114
24 116
24 119
24 121
24 123
24 134
24 144
24 149
25 2
25 3
25 6
25 8
25 14
25 17
25 20
25 28
25 38
25 45
25 46
25 47
25 49
25 60
25 67
25 73
25 78
25 90
25 100
25 105
25 112
25 115
25 119
25 129
25 132
25 134
25 138
25 140
25 150
26 12
26 16
26 24
26 42
26 43
26 45
26 58
26 64
26 65
26 70
26 72
26 84
26 86
26 87
26 109
26 117
26 120
26 121
26 122
26 125
26 136
26 147
27 9
27 19
27 20
27 29
27 32
27 39
27 44
27 50
27 62
27 66
27 68
27 74
27 76
27 81
27 93
27 96
27 111
27 112
27 127
27 133
27 142
28 2
28 18
28 23
28 41
28 47
28 52
28 59
28 62
28 68
28 73
28 83
28 86
28 91
28 94
28 95
28 96
28 97
28 100
28 111
28 122
28 136
29 1
29 6
29 13
29 15
29 17
29 21
29 22
29 24
29 26
29 30
29 31
29 40
29 44
29 45
29 46
29 49
29 50
29 64
29 67
29 73
29 108
29 109
29 124
29 136
29 138
29 144
30 8
30 9
30 11
30 19
30 20
30 26
30 39
30 41
30 44
30 45
30 48
30 49
30 56
30 77
30 79
30 80
30 82
30 84
30 86
30 89
30 98
30 116
30 118
30 128
30 130
30 142
31 17
31 19
31 20
31 25
31 36
31 41
31 45
31 46
31 47
31 48
31 51
31 66
31 69
31 93
31 95
31 101
31 149
32 10
32 14
32 26
32 30
32 38
32 39
32 40
32 49
32 79
32 82
32 92
32 94
32 98
32 105
32 109
32 113
32 119
32 124
32 125
32 128
32 133
32 145
32 147
33 7
33 18
33 31
33 39
33 49
33 66
33 70
33 71
33 99
33 107
33 137
33 138
33 146
33 149
33 150
34 3
34 33
34 64
34 71
34 76
34 77
34 110
34 117
34 123
34 125
34 130
34 132
34 136
34 139
34 143
35 2
35 13
35 32
35 42
35 46
35 49
35 62
35 69
35 79
35 85
35 88
35 127
35 130
35 142
36 1
36 6
36 10
36 39
36 42
36 69
36 73
36 74
36 79
36 82
36 83
36 93
36 105
36 115
36 121
36 128
36 148
37 20
37 21
37 27
37 40
37 43
37 59
37 62
37 76
37 77
37 81
37 83
37 86
37 101
37 108
37 112
37 119
37 135
37 142
38 2
38 11
38 20
38 28
38 33
38 40
38 42
38 45
38 50
38 55
38 70
38 74
38 77
38 86
38 89
38 92
38 115
38 121
38 123
38 130
38 133
38 141
38 149
39 3
39 9
39 12
39 14
39 17
39 26
39 31
39 44
39 49
39 51
39 54
39 55
39 56
39 62
39 63
39 83
39 91
39 111
39 115
39 117
39 126
39 128
39 129
39 132
39 149
40 3
40 10
40 12
40 20
40 24
40 35
40 50
40 51
40 58
40 63
40 83
40 85
40 89
40 104
40 107
40 111
40 114
40 123
40 124
40 149
41 11
41 18
41 22
41 32
41 59
41 63
41 69
41 70
41 73
41 78
41 79
41 81
41 89
41 96
41 102
41 109
41 119
41 124
41 149
41 150
42 7
42 18
42 19
42 23
42 29
42 31
42 34
42 39
42 41
42 44
42 47
42 64
42 65
42 74
42 76
42 95
42 97
42 112
42 115
42 123
42 132
42 142
42 143
42 144
42 146
42 149
43 1
43 6
43 10
43 15
43 20
43 21
43 29
43 32
43 52
43 60
43 72
43 80
43 115
43 129
43 131
43 141
43 146
43 148
44 2
44 10
44 16
44 31
44 35
44 37
44 43
44 56
44 61
44 75
44 78
44 80
44 86
44 87
44 95
44 96
44 107
44 108
44 146
45 11
45 13
45 23
45 42
45 60
45 69
45 77
45 91
45 102
45 112
45 114
45 134
45 137
45 147
46 3
46 4
46 5
46 8
46 12
46 13
46 16
46 28
46 30
46 45
46 55
46 58
46 75
46 92
46 95
46 112
46 113
46 144
47 4
47 7
47 10
47 16
47 22
47 29
47 30
47 36
47 43
47 52
47 69
47 77
47 80
47 88
47 92
47 98
47 101
47 106
47 107
47 114
47 115
47 117
47 121
47 124
47 148
48 3
48 7
48 8
48 12
48 19
48 32
48 33
48 39
48 41
48 45
48 50
48 59
48 62
48 78
48 81
48 106
48 110
48 113
48 120
48 128
48 145
48 146
49 16
49 19
49 38
49 45
49 46
49 69
49 70
49 73
49 74
49 75
49 82
49 98
49 102
49 103
49 107
49 110
49 117
49 134
49 149
49 150
50 6
50 8
50 14
50 55
50 57
50 67
50 75
50 76
50 80
50 84
50 91
50 100
50 101
50 105
50 109
50 113
50 118
50 120
50 126
50 133
50 139
50 145
51 1
51 10
51 13
51 15
51 37
51 43
51 53
51 60
51 67
51 71
51 73
51 85
51 88
51 90
51 92
51 94
51 97
51 99
51 111
51 117
51 128
51 129
51 134
51 137
51 141
51 143
52 3
52 18
52 35
52 38
52 45
52 46
52 49
52 57
52 58
52 63
52 64
52 65
52 66
52 83
52 91
52 111
52 115
52 118
52 119
52 122
52 131
53 7
53 28
53 30
53 43
53 63
53 67
53 81
53 82
53 90
53 93
53 94
53 111
53 112
53 119
53 121
53 122
53 128
53 137
53 138
53 143
53 150
54 6
54 16
54 19
54 20
54 25
54 40
54 44
54 45
54 46
54 47
54 49
54 50
54 68
54 76
54 82
54 83
54 107
54 115
54 116
54 118
54 122
54 131
55 5
55 6
55 10
55 17
55 24
55 31
55 53
55 63
55 85
55 86
55 89
55 114
55 120
55 123
55 136
55 143
56 1
56 4
56 10
56 11
56 17
56 18
56 26
56 31
56 45
56 52
56 60
56 62
56 65
56 66
56 67
56 83
56 87
56 92
56 99
56 103
56 114
56 122
56 129
56 147
56 150
57 17
57 25
57 30
57 51
57 62
57 65
57 67
57 69
57 76
57 79
57 88
57 99
57 102
57 105
57 124
57 130
57 143
57 146
58 6
58 9
58 14
58 15
58 23
58 28
58 31
58 34
58 35
58 37
58 51
58 55
58 56
58 59
58 60
58 65
58 67
58 68
58 73
58 79
58 80
58 89
58 91
58 98
58 137
58 143
58 146
59 2
59 4
59 7
59 14
59 17
59 34
59 35
59 38
59 44
59 46
59 49
59 63
59 70
59 79
59 83
59 94
59 101
59 106
59 118
60 17
60 34
60 35
60 44
60 53
60 62
60 70
60 72
60 78
60 81
60 83
60 120
60 121
60 130
60 132
60 139
61 8
61 9
61 16
61 34
61 41
61 46
61 47
61 49
61 58
61 59
61 69
61 71
61 72
61 73
61 94
61 97
61 106
61 112
61 118
61 136
61 140
61 141
61 147
61 150
62 6
62 7
62 10
62 16
62 21
62 26
62 29
62 31
62 40
62 45
62 51
62 64
62 69
62 73
62 80
62 82
62 88
62 97
62 101
62 108
62 114
62 116
62 127
62 137
62 138
62 139
62 149
63 13
63 20
63 28
63 29
63 65
63 88
63 91
63 99
63 100
63 103
63 113
63 130
63 135
63 148
63 149
64 22
64 31
64 32
64 37
64 51
64 56
64 72
64 75
64 79
64 81
64 82
64 95
64 101
64 114
64 115
64 122
64 134
64 139
64 144
64 145
64 146
65 1
65 4
65 14
65 16
65 44
65 55
65 68
65 69
65 74
65 81
65 82
65 84
65 106
65 127
65 129
65 139
66 10
66 32
66 39
66 48
66 59
66 72
66 83
66 87
66 96
66 100
66 113
66 128
66 147
67 7
67 22
67 32
67 60
67 63
67 65
67 66
67 80
67 82
67 96
67 101
67 104
67 108
67 114
67 115
67 123
68 4
68 5
68 10
68 35
68 46
68 67
68 69
68 75
68 81
68 89
68 94
68 96
68 130
68 140
69 2
69 6
69 11
69 13
69 23
69 30
69 34
69 38
69 39
69 50
69 60
69 72
69 77
69 80
69 82
69 95
69 96
69 103
69 127
69 132
69 139
69 149
70 16
70 23
70 24
70 30
70 44
70 51
70 61
70 68
70 77
70 113
70 117
70 121
70 122
70 134
70 136
70 139
70 146
70 148
71 5
71 6
71 47
71 57
71 64
71 80
71 82
71 85
71 97
71 104
71 109
71 114
71 119
71 126
71 128
71 148
72 8
72 12
72 23
72 30
72 35
72 36
72 42
72 47
72 49
72 52
72 65
72 70
72 89
72 107
72 108
72 112
72 116
72 122
72 126
72 132
72 146
72 148
73 11
73 23
73 24
73 27
73 31
73 34
73 38
73 60
73 65
73 71
73 79
73 91
73 93
73 97
73 98
73 99
73 105
73 111
73 112
73 132
73 134
73 135
73 137
73 148
73 149
74 3
74 4
74 7
74 8
74 19
74 28
74 34
74 40
74 41
74 43
74 51
74 58
74 59
74 68
74 90
74 127
74 129
74 137
74 143
75 16
75 29
75 30
75 32
75 34
75 54
75 78
75 98
75 111
75 112
75 115
75 134
75 137
75 150
76 4
76 6
76 8
76 20
76 43
76 45
76 65
76 70
76 72
76 75
76 83
76 91
76 95
76 101
76 103
76 109
76 128
76 131
76 148
77 1
77 7
77 27
77 31
77 33
77 35
77 48
77 52
77 61
77 65
77 66
77 72
77 76
77 79
77 84
77 86
77 91
77 104
77 105
77 110
77 114
77 121
77 138
77 143
77 146
78 3
78 12
78 33
78 37
78 40
78 59
78 62
78 73
78 76
78 79
78 98
78 105
78 108
78 120
78 132
78 134
78 136
79 7
79 12
79 15
79 17
79 19
79 21
79 26
79 28
79 43
79 44
79 49
79 74
79 98
79 103
79 105
79 109
79 130
80 3
80 9
80 10
80 23
80 28
80 31
80 35
80 37
80 38
80 39
80 40
80 48
80 52
80 56
80 61
80 73
80 81
80 86
80 87
80 100
80 103
80 110
80 116
80 120
80 122
80 123
80 127
80 133
81 1
81 10
81 19
81 32
81 35
81 66
81 86
81 88
81 94
81 102
81 105
81 108
81 112
81 117
81 124
81 127
81 129
81 145
82 1
82 5
82 6
82 9
82 11
82 12
82 16
82 21
82 23
82 33
82 39
82 42
82 47
82 58
82 73
82 77
82 89
82 93
82 100
82 107
82 121
82 131
82 144
83 6
83 19
83 20
83 22
83 23
83 24
83 25
83 27
83 35
83 38
83 42
83 53
83 86
83 88
83 97
83 100
83 110
83 111
83 122
83 124
83 125
83 129
83 131
83 136
83 138
83 145
84 5
84 11
84 20
84 33
84 37
84 45
84 60
84 64
84 75
84 80
84 91
84 96
84 100
84 105
84 112
84 115
84 123
84 125
84 139
85 2
85 7
85 19
85 23
85 30
85 34
85 37
85 42
85 44
85 58
85 63
85 64
85 68
85 77
85 79
85 80
85 82
85 83
85 108
85 114
85 120
85 130
85 134
85 138
86 1
86 2
86 7
86 10
86 22
86 32
86 50
86 63
86 64
86 74
86 76
86 79
86 122
86 125
86 132
86 139
87 8
87 9
87 16
87 34
87 37
87 40
87 53
87 54
87 64
87 68
87 74
87 76
87 79
87 83
87 88
87 102
87 104
87 109
87 119
87 123
87 125
87 133
87 138
87 147
87 148
87 150
88 48
88 50
88 55
88 60
88 70
88 84
88 85
88 101
88 102
88 108
88 113
88 118
88 125
88 128
88 136
88 139
88 149
89 28
89 29
89 36
89 47
89 54
89 57
89 60
89 63
89 65
89 70
89 80
89 84
89 86
89 90
89 101
89 113
89 118
89 127
89 129
89 131
89 132
89 137
89 150
90 4
90 10
90 16
90 24
90 36
90 45
90 58
90 61
90 80
90 101
90 105
90 111
90 143
90 149
91 10
91 23
91 38
91 41
91 48
91 49
91 56
91 60
91 68
91 69
91 71
91 74
91 89
91 96
91 97
91 103
91 112
91 114
91 123
91 127
91 132
92 31
92 35
92 40
92 52
92 58
92 59
92 65
92 66
92 68
92 70
92 74
92 81
92 85
92 89
92 109
92 112
92 122
92 128
92 132
92 143
93 3
93 4
93 8
93 15
93 16
93 33
93 34
93 42
93 67
93 71
93 88
93 90
93 97
93 99
93 111
93 118
93 121
93 141
93 147
94 6
94 10
94 17
94 29
94 31
94 34
94 36
94 47
94 74
94 76
94 82
94 83
94 86
94 102
94 103
94 106
94 110
94 111
94 127
94 136
94 140
94 144
94 150
95 24
95 33
95 60
95 62
95 72
95 82
95 88
95 89
95 97
95 106
95 114
95 132
95 141
96 11
96 12
96 17
96 18
96 26
96 42
96 45
96 55
96 57
96 59
96 61
96 62
96 129
96 130
97 1
97 23
97 31
97 32
97 49
97 50
97 56
97 60
97 79
97 82
97 88
97 106
97 108
97 112
97 114
97 115
97 132
97 150
98 6
98 9
98 25
98 52
98 63
98 74
98 90
98 92
98 117
98 127
98 136
98 142
98 148
99 3
99 15
99 21
99 35
99 37
99 45
99 50
99 55
99 58
99 61
99 67
99 69
99 89
99 91
99 96
99 102
99 111
99 124
99 128
99 144
100 14
100 20
100 26
100 34
100 40
100 41
100 48
100 55
100 60
100 62
100 69
100 81
100 89
100 102
100 115
100 117
100 125
100 131
100 140
101 1
101 7
101 20
101 33
101 36
101 38
101 54
101 56
101 95
101 97
101 104
101 108
101 115
101 118
101 141
101 145
102 20
102 27
102 32
102 39
102 40
102 53
102 65
102 67
102 68
102 71
102 76
102 79
102 84
102 89
102 95
102 96
102 101
102 113
102 114
102 125
102 136
102 140
103 2
103 8
103 19
103 27
103 28
103 33
103 46
103 53
103 59
103 62
103 66
103 67
103 75
103 84
103 93
103 96
103 98
103 101
103 126
103 137
103 146
103 148
104 2
104 8
104 12
104 25
104 28
104 38
104 54
104 72
104 76
104 91
104 94
104 99
104 106
104 107
104 119
104 123
104 124
104 130
104 138
104 149
105 5
105 8
105 31
105 35
105 40
105 47
105 54
105 66
105 80
105 83
105 86
105 94
105 114
105 124
105 130
105 143
105 144
106 1
106 2
106 6
106 30
106 31
106 35
106 38
106 54
106 57
106 63
106 68
106 70
106 79
106 83
106 87
106 91
106 98
106 101
106 107
106 110
106 116
106 139
106 145
106 147
107 3
107 7
107 10
107 12
107 16
107 30
107 38
107 39
107 59
107 63
107 74
107 76
107 94
107 99
107 102
107 113
107 123
107 130
107 141
107 145
108 11
108 15
108 31
108 34
108 35
108 59
108 63
108 68
108 75
108 80
108 99
108 117
108 118
108 119
108 136
108 137
109 13
109 21
109 25
109 30
109 49
109 52
109 57
109 63
109 65
109 110
109 113
109 137
109 145
110 6
110 9
110 19
110 27
110 31
110 38
110 53
110 63
110 67
110 93
110 96
110 99
110 136
110 138
110 144
110 145
111 6
111 13
111 14
111 18
111 37
111 41
111 43
111 45
111 46
111 48
111 55
111 69
111 71
111 72
111 74
111 76
111 79
111 85
111 117
111 144
112 2
112 9
112 10
112 21
112 30
112 56
112 60
112 65
112 70
112 83
112 117
112 118
112 126
112 139
112 142
112 146
112 149
113 3
113 8
113 19
113 26
113 29
113 38
113 40
113 54
113 58
113 67
113 69
113 91
113 92
113 96
113 111
113 124
113 131
113 137
113 146
113 147
113 149
114 6
114 19
114 25
114 32
114 35
114 44
114 60
114 75
114 79
114 88
114 94
114 99
114 103
114 104
114 110
114 112
114 115
114 120
114 137
114 146
114 148
115 14
115 18
115 23
115 26
115 33
115 53
115 66
115 86
115 87
115 129
115 132
115 134
115 144
115 145
115 148
116 4
116 6
116 14
116 19
116 22
116 25
116 47
116 52
116 60
116 65
116 66
116 68
116 76
116 79
116 86
116 120
116 121
116 141
117 1
117 7
117 9
117 12
117 19
117 21
117 22
117 31
117 38
117 43
117 52
117 67
117 73
117 74
117 97
117 101
117 103
117 113
117 136
117 137
117 143
117 147
117 148
118 7
118 12
118 17
118 20
118 23
118 36
118 37
118 49
118 63
118 69
118 72
118 78
118 83
118 91
118 92
118 96
118 97
118 111
118 119
118 130
118 138
118 139
118 145
119 3
119 4
119 8
119 16
119 23
119 27
119 28
119 35
119 42
119 43
119 45
119 60
119 66
119 72
119 75
119 76
119 82
119 95
119 112
119 113
119 114
119 115
119 130
119 135
119 139
120 34
120 51
120 63
120 65
120 68
120 74
120 87
120 106
120 131
120 136
120 150
121 4
121 10
121 13
121 16
121 18
121 20
121 28
121 29
121 31
121 37
121 40
121 50
121 54
121 57
121 61
121 76
121 86
121 89
121 91
121 99
121 113
121 114
121 118
121 120
121 123
121 124
121 129
121 130
121 137
121 138
121 148
122 11
122 24
122 34
122 43
122 59
122 66
122 74
122 93
122 95
122 109
122 117
122 121
122 125
122 133
122 143
122 147
123 8
123 11
123 18
123 28
123 49
123 57
123 59
123 62
123 71
123 72
123 73
123 74
123 75
123 83
123 108
123 111
123 141
123 143
124 1
124 4
124 13
124 15
124 27
124 30
124 39
124 43
124 49
124 54
124 68
124 73
124 77
124 84
124 100
124 136
124 143
124 148
125 6
125 16
125 24
125 33
125 40
125 41
125 46
125 53
125 55
125 56
125 58
125 60
125 64
125 66
125 79
125 90
125 97
125 109
125 128
125 132
125 136
125 140
126 13
126 15
126 18
126 30
126 42
126 66
126 75
126 79
126 80
126 82
126 86
126 93
126 109
126 114
126 115
126 117
126 118
126 130
126 137
126 144
126 147
127 5
127 30
127 32
127 38
127 42
127 45
127 61
127 67
127 79
127 87
127 100
127 111
127 117
127 118
127 129
127 147
128 22
128 42
128 43
128 49
128 65
128 67
128 80
128 81
128 100
128 107
128 109
128 115
128 118
128 127
129 1
129 8
129 10
129 12
129 16
129 27
129 31
129 46
129 52
129 55
129 68
129 70
129 71
129 82
129 84
129 88
129 91
129 98
129 100
129 110
129 116
129 124
129 132
129 140
130 4
130 6
130 10
130 15
130 19
130 22
130 32
130 36
130 70
130 71
130 75
130 87
130 91
130 114
130 132
130 133
130 134
130 138
130 142
130 143
131 1
131 13
131 16
131 20
131 22
131 36
131 50
131 58
131 59
131 67
131 74
131 93
131 98
131 107
131 112
131 127
131 129
132 4
132 9
132 13
132 14
132 19
132 35
132 43
132 44
132 70
132 76
132 77
132 103
132 104
132 109
132 116
132 119
132 120
132 122
132 124
132 131
132 135
132 141
132 150
133 17
133 20
133 41
133 48
133 55
133 79
133 82
133 84
133 97
133 101
133 108
133 112
133 136
133 139
133 150
134 20
134 30
134 32
134 36
134 37
134 44
134 55
134 56
134 68
134 71
134 72
134 79
134 86
134 90
134 93
134 98
134 108
134 110
134 119
134 125
134 126
134 133
134 148
135 20
135 21
135 23
135 25
135 27
135 31
135 36
135 41
135 45
135 46
135 51
135 57
135 68
135 71
135 79
135 81
135 83
135 90
135 91
135 107
135 108
135 109
135 117
135 128
135 143
135 148
136 7
136 8
136 18
136 20
136 23
136 30
136 32
136 36
136 42
136 45
136 49
136 59
136 99
136 107
136 130
136 134
136 135
136 143
136 149
137 1
137 9
137 10
137 20
137 38
137 47
137 57
137 68
137 81
137 84
137 98
137 100
137 107
137 116
137 128
137 130
138 5
138 20
138 26
138 39
138 48
138 49
138 51
138 56
138 67
138 69
138 82
138 84
138 95
138 102
138 107
138 126
138 131
138 141
138 143
138 145
138 148
139 27
139 28
139 36
139 37
139 48
139 49
139 67
139 74
139 80
139 103
139 104
139 124
140 8
140 11
140 27
140 34
140 37
140 42
140 45
140 60
140 62
140 66
140 71
140 78
140 79
140 80
140 90
140 107
140 109
140 116
140 122
140 123
140 126
140 143
141 8
141 10
141 16
141 18
141 25
141 27
141 32
141 36
141 39
141 40
141 42
141 53
141 58
141 59
141 64
141 68
141 76
141 81
141 89
141 96
141 97
141 99
141 104
141 114
141 121
141 137
142 4
142 7
142 10
142 15
142 31
142 32
142 34
142 44
142 49
142 55
142 57
142 72
142 74
142 90
142 103
142 107
142 111
142 116
142 121
142 126
142 143
143 2
143 22
143 24
143 25
143 26
143 30
143 41
143 44
143 62
143 70
143 79
143 81
143 104
143 137
144 3
144 38
144 40
144 43
144 49
144 52
144 56
144 62
144 65
144 92
144 95
144 100
144 102
144 103
144 129
144 134
144 138
144 148
145 1
145 2
145 44
145 54
145 63
145 65
145 85
145 86
145 88
145 89
145 94
145 112
145 116
145 120
145 128
145 135
145 147
145 149
146 6
146 9
146 14
146 15
146 23
146 36
146 38
146 39
146 62
146 66
146 68
146 108
146 109
146 136
146 138
146 139
147 9
147 10
147 12
147 17
147 19
147 36
147 46
147 52
147 55
147 63
147 78
147 79
147 80
147 86
147 95
147 98
147 100
147 101
147 112
147 115
147 130
147 133
147 137
147 139
147 140
148 2
148 13
148 14
148 22
148 28
148 29
148 32
148 33
148 48
148 54
148 57
148 68
148 79
148 86
148 94
148 105
148 111
148 120
148 125
148 129
148 141
148 142
148 149
149 4
149 5
149 8
149 14
149 21
149 22
149 28
149 34
149 35
149 45
149 50
149 59
149 60
149 65
149 76
149 78
149 86
149 97
149 103
149 106
149 120
149 130
149 134
149 137
149 143
149 144
150 11
150 18
150 20
150 23
150 32
150 40
150 48
150 55
150 60
150 72
150 73
150 78
150 85
150 91
150 92
150 98
150 101
150 103
150 105
150 109
150 113
150 119
150 121
150 124
150 125
150 142
150 148

