300 2000
58 36 35 42 75 99 21 108 109 76 98 119 63 94 92 52 46 39 111 117 106 102 106 56 105 25 31 95 100 119 67 80 62 101 81 96 32 110 40 91 30 32 50 89 81 84 92 41 42 64 60 110 114 35 69 74 77 25 52 27 62 79 55 46 96 27 108 99 80 66 27 115 111 110 77 88 71 107 50 49 106 65 86 38 73 44 67 101 98 84 60 47 112 49 100 37 96 22 57 22 74 91 58 67 95 27 31 76 104 106 64 32 56 70 76 35 62 54 55 37 85 84 80 58 63 87 112 30 75 116 38 37 34 28 63 117 51 87 45 73 89 74 112 105 111 78 22 38 102 117 105 86 115 72 79 68 33 34 95 38 64 108 113 67 105 35 91 42 109 25 61 21 94 69 35 44 43 44 114 109 31 42 70 78 106 57 66 62 53 102 41 48 113 44 44 92 100 24 30 102 66 73 88 100 77 114 87 38 120 53 72 43 20 76 37 105 109 24 79 32 28 81 85 45 47 108 63 81 102 68 36 106 80 29 106 86 86 95 82 21 74 69 22 74 105 67 45 55 45 99 94 24 48 49 75 63 100 88 118 118 107 21 109 78 114 26 57 103 80 36 104 111 110 104 87 27 98 24 22 105 71 29 75 31 102 62 107 67 56 23 47 34 113 78 21 24 70 111 37 94 
1 153
1 195
1 239
1 286
1 293
2 18
2 56
2 80
2 234
2 298
3 74
3 179
3 194
4 93
4 112
4 210
4 237
4 287
5 2
5 56
5 57
5 113
5 132
5 144
5 166
5 266
6 73
6 104
6 138
6 188
6 210
6 299
7 5
7 54
7 160
7 169
7 203
7 211
7 247
8 38
8 100
8 107
8 156
8 212
9 56
9 136
9 189
9 243
10 64
10 66
10 120
10 167
10 259
11 30
11 111
11 186
11 210
11 223
11 230
11 239
11 265
11 288
12 82
12 84
12 154
12 254
12 285
13 27
13 173
13 299
14 154
14 210
14 261
15 40
15 50
15 120
15 150
15 225
16 58
16 98
16 136
16 152
16 214
17 65
17 161
17 280
17 297
18 51
18 214
18 249
18 287
19 39
19 104
19 111
19 134
19 149
19 152
19 236
19 261
19 275
20 29
20 69
20 198
20 213
20 267
20 278
21 10
21 35
21 101
21 143
21 186
21 190
21 221
21 233
22 15
22 17
22 39
22 68
22 113
22 154
22 159
22 259
23 72
23 110
23 128
23 239
23 240
23 279
24 165
24 187
24 224
25 39
25 105
25 124
25 165
25 282
26 123
26 158
26 177
26 202
26 207
26 259
27 36
27 88
27 96
27 185
28 85
28 137
28 149
28 150
28 164
28 210
28 223
28 236
28 276
29 2
29 30
29 47
29 51
29 141
29 154
29 236
29 246
29 270
29 284
29 293
30 80
30 91
30 95
30 205
30 247
30 282
31 3
31 36
31 84
31 99
31 126
31 157
31 220
31 254
31 297
32 39
32 65
32 77
32 135
32 175
32 179
32 194
32 217
32 244
33 111
33 120
33 133
33 185
33 191
33 289
34 15
34 110
34 148
34 157
34 168
34 169
34 195
34 231
34 245
34 263
34 272
34 288
35 59
35 90
35 96
35 147
35 165
35 216
35 233
35 237
36 47
36 67
36 120
36 136
36 175
36 185
36 219
36 229
36 288
37 10
37 95
37 115
37 133
37 153
37 188
37 199
37 210
37 213
37 216
37 242
38 28
38 71
38 160
38 168
38 236
38 287
38 289
39 20
39 52
39 55
39 62
39 93
39 136
39 222
39 223
39 273
40 115
40 120
40 239
40 264
40 266
40 297
41 30
41 39
41 69
41 117
41 183
41 260
41 270
41 275
41 292
42 2
42 3
42 7
42 69
42 71
42 120
42 151
42 222
42 263
43 27
43 31
43 92
43 178
43 197
44 280
45 114
45 118
45 290
46 14
46 51
46 129
46 186
46 207
46 235
47 87
47 94
47 110
47 140
47 166
47 171
47 281
48 2
48 122
48 213
49 52
49 79
49 112
50 17
50 20
50 89
50 108
50 131
50 177
50 199
50 241
50 300
51 68
51 92
51 117
51 188
51 267
51 269
51 273
52 72
52 102
52 171
52 272
53 178
53 187
53 233
53 240
53 248
54 13
54 49
54 89
54 95
54 115
54 202
54 259
55 13
55 60
55 103
55 106
55 160
55 200
55 277
56 7
56 76
56 91
56 159
57 29
57 31
57 64
57 137
57 151
57 176
57 212
57 248
58 36
58 44
58 64
58 71
58 128
58 215
58 217
58 234
58 249
58 294
59 12
59 131
59 152
59 172
59 253
60 46
60 93
60 112
60 201
60 224
60 235
60 268
60 273
61 9
61 21
61 45
61 81
61 129
61 159
61 170
61 189
61 212
62 17
62 47
62 80
62 177
62 224
63 39
63 85
63 92
63 136
63 140
63 192
64 6
64 83
64 113
64 142
64 175
64 180
64 186
64 236
64 265
65 20
65 56
65 91
65 155
65 209
65 225
65 241
66 29
66 43
66 45
66 52
66 53
66 134
66 158
66 245
67 34
67 41
67 59
67 104
67 116
67 168
67 176
67 215
67 252
67 268
68 28
68 31
68 108
68 109
68 114
68 122
68 284
69 33
69 66
69 211
69 224
69 283
70 18
70 30
70 35
70 47
70 52
70 84
70 89
70 107
70 134
70 170
70 198
70 225
70 240
71 67
71 212
71 281
71 295
71 299
72 51
72 73
72 168
72 180
72 208
72 254
72 283
72 294
73 99
73 144
73 225
74 183
74 257
74 259
74 278
74 299
75 72
75 90
75 91
75 129
75 161
75 165
75 180
75 223
76 238
76 258
76 270
76 279
76 295
77 25
77 52
77 94
77 282
78 2
78 5
78 62
78 136
78 283
78 297
79 39
79 41
79 64
79 111
79 129
79 154
79 155
79 219
80 58
80 61
80 82
80 138
80 151
80 210
80 285
81 70
81 104
81 107
81 166
81 199
81 230
81 254
81 265
81 288
82 71
82 117
82 139
82 194
82 221
82 270
82 292
83 41
83 69
83 90
83 248
83 289
83 294
84 30
84 46
84 113
84 134
84 230
84 265
84 269
85 14
85 134
85 138
85 166
85 209
85 282
86 9
86 26
86 31
86 35
86 45
86 51
86 69
86 82
86 105
86 110
86 173
86 200
86 235
86 253
87 37
87 58
87 174
87 268
87 270
88 28
88 31
88 67
88 86
88 97
88 107
88 138
88 276
89 1
89 19
89 34
89 42
89 100
89 161
89 249
89 297
90 30
90 66
90 74
90 105
90 164
90 165
90 255
91 28
91 59
91 97
91 201
91 232
91 244
91 254
91 296
92 91
92 93
92 111
92 114
92 152
92 204
92 234
92 250
92 265
92 284
93 8
93 46
93 76
93 82
93 206
93 251
93 253
93 266
93 282
94 69
94 114
94 128
94 155
94 210
94 263
94 272
95 8
95 42
95 47
95 50
95 232
95 268
95 280
95 298
96 16
96 29
96 43
96 97
96 236
96 242
96 243
96 247
96 281
97 4
97 40
97 58
97 59
97 129
97 239
97 242
97 251
98 51
98 163
99 15
99 84
99 203
99 215
99 239
99 276
100 10
100 18
100 23
100 41
100 75
100 170
101 7
101 12
101 157
101 164
101 170
101 203
101 217
101 268
102 268
102 275
103 33
103 45
103 70
103 173
103 184
103 187
103 211
104 4
104 51
104 129
104 170
104 189
104 192
104 201
104 249
104 289
105 29
105 74
105 75
105 222
105 259
105 263
105 279
106 56
106 98
106 119
106 181
106 184
106 189
107 33
107 294
108 21
108 62
108 83
108 123
108 146
108 199
108 202
108 265
109 79
109 147
109 151
109 212
110 100
110 114
110 177
110 270
110 292
111 53
111 63
111 152
111 160
111 201
111 221
111 242
111 271
111 295
112 3
112 21
112 44
112 45
112 68
112 137
112 150
112 185
112 196
112 198
112 244
113 29
113 106
113 125
113 147
113 193
113 202
114 90
114 123
114 132
114 144
114 147
114 175
114 181
114 220
114 236
114 295
115 17
115 66
115 69
115 93
115 257
115 285
116 63
116 83
116 110
116 129
116 173
116 225
116 244
117 14
117 52
117 63
117 78
117 156
117 167
117 170
117 291
118 8
118 10
118 21
118 22
118 230
118 260
119 113
119 196
119 205
120 50
120 73
120 97
120 107
120 113
120 215
120 216
120 259
121 5
121 66
121 85
121 115
121 120
121 126
121 169
121 186
121 247
122 7
122 49
122 79
122 138
122 144
122 253
122 272
123 12
123 17
123 102
123 151
123 170
123 254
123 279
124 87
124 128
124 159
124 161
124 162
124 185
124 227
124 263
125 49
125 65
125 94
125 163
125 203
125 263
126 27
126 90
126 92
126 224
126 237
126 261
126 265
126 293
127 70
127 72
127 77
127 158
127 258
127 265
127 277
127 292
128 19
128 89
128 162
128 207
128 245
128 284
129 18
129 123
129 148
129 167
129 189
129 205
129 208
129 239
129 292
130 42
130 245
130 289
131 16
131 34
131 77
131 113
131 136
131 199
131 234
131 238
131 269
132 34
132 103
132 204
132 212
133 4
133 12
133 27
133 140
133 254
133 284
134 162
134 183
134 249
134 273
134 294
135 3
135 20
135 173
135 183
135 269
136 11
136 23
136 52
136 60
136 125
136 128
136 190
136 196
136 264
136 271
137 2
137 60
137 87
137 109
137 144
137 210
137 230
137 241
138 30
138 72
138 78
138 124
138 153
138 217
138 249
138 299
139 10
139 30
139 136
139 140
139 146
139 172
139 197
139 298
140 23
140 66
140 128
140 204
140 213
140 250
140 266
140 275
141 4
141 46
141 97
141 177
141 203
141 264
142 19
142 138
142 173
142 185
142 264
142 270
142 292
143 15
143 109
143 131
143 250
143 280
144 35
144 44
144 189
144 208
144 243
145 40
145 85
145 89
145 90
145 97
145 117
145 204
145 282
146 196
146 218
147 28
147 63
147 116
147 120
147 135
147 155
147 236
147 294
148 5
148 67
148 116
148 209
148 233
148 292
148 294
149 39
149 100
149 227
150 2
150 19
150 46
150 92
150 176
150 227
150 251
150 294
151 11
151 111
151 124
151 187
151 194
151 209
151 246
152 14
152 34
152 42
152 79
152 90
152 156
152 159
153 181
153 220
154 23
154 72
154 141
154 183
154 247
155 124
155 159
155 168
155 169
155 192
155 203
155 214
156 7
156 18
156 43
156 53
156 105
156 195
156 196
156 197
156 254
156 271
157 22
157 274
157 284
158 23
158 28
158 153
158 229
158 255
159 3
159 85
159 95
159 116
159 138
159 267
159 280
161 29
161 31
161 59
161 71
161 98
161 158
161 183
161 294
162 63
162 111
162 159
162 184
163 17
163 27
163 32
163 41
163 44
163 107
163 126
163 159
163 161
163 199
163 251
164 65
164 91
164 110
164 135
164 184
165 3
165 100
165 220
165 232
165 268
165 271
165 299
165 300
166 131
167 83
167 95
167 97
167 104
167 139
167 189
167 196
167 234
167 273
167 275
167 279
168 23
168 118
168 192
168 243
169 1
169 4
169 73
169 75
169 90
169 213
169 285
170 107
170 120
170 192
170 274
170 282
171 31
171 61
171 97
171 120
172 52
172 149
172 155
172 208
172 215
172 218
172 233
172 251
172 272
173 63
173 130
174 34
174 97
174 149
174 179
174 190
174 209
175 65
175 91
175 109
175 124
175 237
175 276
175 296
175 300
176 115
176 120
176 239
176 253
176 267
177 6
177 52
177 220
177 228
177 244
177 248
178 93
178 105
178 115
178 162
178 208
178 242
179 4
179 20
179 51
179 122
179 138
179 147
179 188
179 217
179 228
180 2
180 38
180 43
180 47
180 101
180 111
180 157
180 204
180 221
180 240
180 261
180 262
181 43
181 47
181 51
181 72
181 83
181 107
181 155
181 215
181 279
181 286
182 13
182 64
182 93
182 136
182 189
183 16
183 31
183 38
183 85
183 220
183 242
183 248
183 297
184 43
184 217
184 237
184 250
185 6
185 52
185 99
185 147
185 197
186 1
186 52
186 88
186 95
186 122
186 215
186 246
186 267
186 274
186 286
186 294
187 25
187 161
187 193
187 241
188 125
188 217
188 249
188 255
188 273
189 12
189 51
189 77
189 96
189 137
189 141
189 179
189 187
189 192
189 233
190 58
190 72
190 94
190 101
190 104
190 156
190 198
190 202
190 263
191 40
191 72
191 90
191 95
191 213
192 47
192 65
192 93
192 118
192 154
192 159
192 174
192 232
193 4
193 103
193 123
193 223
193 239
193 248
193 255
193 276
194 44
194 98
194 148
194 170
194 258
195 57
195 93
195 95
195 210
195 232
195 261
196 21
196 72
196 90
196 205
196 289
197 26
197 46
197 66
197 73
197 182
197 201
197 207
197 215
197 261
198 36
198 47
198 101
198 110
198 135
198 158
198 186
198 230
198 239
198 268
199 165
199 180
199 216
199 259
200 46
200 138
200 139
200 241
201 9
201 36
201 157
201 185
201 210
201 239
202 7
202 9
202 17
202 21
202 61
202 86
202 98
202 126
202 204
202 210
202 220
202 267
203 13
203 17
203 90
203 96
203 107
203 218
204 52
204 191
204 275
205 9
205 16
205 46
205 59
205 268
206 34
206 116
206 125
206 132
206 141
206 157
206 182
206 280
206 290
207 5
207 39
207 71
207 72
207 215
207 227
207 231
207 251
207 253
207 286
208 95
208 139
208 206
208 210
208 231
208 257
208 282
208 284
208 296
209 67
209 187
209 196
209 240
210 139
210 154
210 178
210 205
211 24
211 101
211 120
211 185
211 200
211 223
212 49
212 102
212 172
212 197
212 207
212 217
212 247
212 262
213 3
213 18
213 46
213 85
213 166
213 248
213 255
213 287
214 11
214 24
214 35
214 37
214 103
214 112
214 143
214 160
215 23
215 155
215 164
215 263
216 3
216 112
216 131
216 168
216 196
216 203
216 206
216 215
216 237
217 50
217 56
217 64
217 66
217 127
217 204
217 286
218 2
218 31
218 109
218 148
218 173
218 181
218 256
219 2
219 12
219 32
219 125
219 164
219 270
219 276
220 26
220 34
220 78
220 83
220 121
220 148
220 219
220 243
220 265
220 267
220 274
221 112
221 192
221 207
221 259
221 284
221 288
222 3
222 12
222 43
222 90
222 111
222 118
222 148
222 214
222 261
222 277
222 282
223 107
223 129
223 131
223 169
223 225
223 243
224 33
224 124
224 153
224 186
224 279
224 289
225 16
225 88
225 105
225 123
225 198
225 275
225 280
226 114
226 209
227 32
227 43
227 134
227 165
227 171
227 289
228 1
228 12
228 26
228 27
228 33
228 85
228 98
228 147
228 149
228 178
228 200
229 11
229 100
229 179
229 239
229 256
229 270
230 59
230 63
230 210
230 218
230 229
230 269
231 26
231 119
231 194
231 210
231 227
231 242
231 273
232 39
232 130
232 134
232 255
232 275
233 8
233 143
233 180
233 202
234 115
234 132
234 139
234 200
234 212
234 246
234 290
235 20
235 84
235 183
235 201
235 211
235 243
236 10
236 46
236 75
236 144
236 161
236 186
236 190
236 197
237 33
237 58
237 72
237 248
237 258
237 259
237 277
237 293
238 30
238 70
238 197
238 212
238 281
238 297
238 298
239 8
239 86
239 177
239 295
239 296
240 100
240 142
240 156
240 296
241 79
241 131
241 153
241 159
241 207
241 212
241 243
241 297
242 34
242 53
242 87
242 184
242 224
242 229
242 235
242 256
242 258
243 53
243 54
243 125
243 127
243 203
243 240
243 250
243 258
243 271
244 39
244 163
244 182
244 224
244 271
244 291
244 292
245 4
245 138
245 142
245 216
245 267
246 11
246 81
246 104
246 208
246 211
247 15
247 35
247 36
247 95
247 130
247 196
247 204
248 79
248 87
248 107
248 121
248 147
248 173
248 240
248 268
248 269
248 285
249 74
249 206
250 16
250 80
250 148
250 156
250 249
251 123
251 195
251 206
251 262
251 271
252 44
252 96
252 98
252 120
252 121
252 127
252 134
252 148
252 154
252 155
252 239
252 241
252 253
252 275
253 35
253 105
253 205
253 219
254 166
254 200
254 207
255 18
255 52
255 70
255 108
255 157
255 168
255 210
255 215
256 19
256 36
256 105
256 121
256 131
256 148
256 276
256 299
257 172
258 12
258 21
258 56
258 71
258 152
258 156
258 199
258 206
258 278
258 292
259 13
259 47
259 113
259 179
259 181
259 191
260 19
260 40
260 60
260 119
260 142
260 166
260 220
260 227
260 263
260 281
260 284
260 295
261 42
261 68
261 85
261 135
261 157
261 246
262 13
262 52
262 94
262 97
262 114
262 147
263 121
263 157
263 177
263 290
264 43
264 84
264 173
264 181
264 215
264 253
264 262
264 265
264 299
265 5
265 6
265 12
265 31
265 158
265 208
265 295
266 138
266 174
266 175
266 186
267 3
267 101
267 135
267 206
267 240
267 241
268 68
268 110
268 120
268 150
268 163
268 191
268 200
269 6
269 106
269 275
270 68
270 83
270 132
270 163
270 167
270 193
270 198
270 204
270 293
271 61
271 81
271 95
271 105
271 192
271 208
271 248
272 45
272 89
272 136
272 173
272 255
273 124
273 175
273 228
274 5
274 89
274 192
274 197
274 229
274 295
275 29
275 40
275 84
275 192
275 214
275 266
275 276
276 17
276 38
276 90
276 105
276 119
276 145
276 146
276 158
276 164
276 253
276 287
277 46
277 94
277 182
277 213
277 255
278 103
278 174
278 182
278 195
278 222
278 235
279 9
279 20
279 68
279 114
279 117
279 209
279 212
279 216
280 21
280 241
281 78
281 129
281 132
281 185
281 186
281 202
281 207
281 221
281 225
281 274
282 91
282 103
282 119
282 143
282 161
282 178
282 279
283 25
283 103
283 117
283 231
283 254
283 263
283 271
284 7
284 61
284 102
284 117
284 154
284 193
284 196
284 229
285 22
285 32
285 91
285 150
285 168
285 183
285 186
285 229
286 5
286 9
286 120
286 185
286 200
286 212
287 62
287 69
287 92
287 107
287 125
287 149
287 201
287 206
288 85
288 89
288 141
289 143
289 228
289 231
289 238
289 242
289 287
290 31
290 104
290 176
290 260
290 282
290 284
291 1
291 4
291 12
291 28
291 38
291 49
291 96
291 198
291 226
291 275
291 298
292 26
292 46
292 90
292 141
292 150
292 205
292 215
292 279
292 286
292 293
293 28
293 187
293 192
293 195
293 241
293 269
294 23
294 57
294 66
294 102
294 126
294 137
294 145
294 184
294 191
294 279
295 24
295 37
295 100
295 118
295 135
295 148
295 187
295 190
295 194
295 221
295 258
296 61
296 84
296 104
296 224
297 8
297 11
297 70
297 86
297 103
297 204
297 215
297 234
297 292
298 9
298 22
298 32
298 33
298 98
298 118
298 175
298 264
298 287
299 7
299 143
299 177
299 243
299 293
300 13
300 104
300 157
300 182
300 199
300 221
300 262
300 288

