250 1000
31 43 53 75 104 84 85 55 27 76 80 71 112 104 49 20 37 28 64 45 46 53 68 51 57 26 27 97 62 82 103 57 58 56 90 29 28 120 50 69 82 50 69 68 36 73 70 71 102 109 110 118 87 108 41 59 59 100 73 73 53 55 32 57 105 31 59 103 54 57 102 21 58 47 52 46 41 76 103 62 112 73 68 119 88 83 37 40 59 27 20 60 99 60 78 70 112 108 66 105 27 116 81 44 105 34 102 116 33 64 105 80 76 49 98 76 21 107 103 115 93 112 102 52 82 29 22 102 37 75 93 112 32 48 52 115 75 109 38 23 27 53 34 103 101 89 64 111 41 39 42 80 120 68 82 32 99 69 68 97 117 40 83 71 28 70 36 76 86 74 60 83 102 69 27 99 39 100 111 61 32 47 76 43 111 88 21 111 101 58 68 64 106 76 58 33 86 33 24 34 113 69 103 58 98 83 83 92 80 41 57 96 51 70 77 109 24 37 98 118 104 120 97 115 84 40 72 64 70 64 109 65 42 79 107 61 109 96 92 76 70 106 112 48 117 31 84 43 62 35 
1 43
1 91
1 94
1 161
1 163
1 184
2 100
2 123
2 228
3 62
3 126
3 179
3 208
3 212
3 229
4 76
4 141
4 221
4 226
5 36
5 76
5 111
5 194
5 214
6 23
6 72
6 128
6 152
6 202
6 209
7 44
7 119
7 133
7 152
7 212
8 13
8 113
8 161
8 204
9 145
10 73
10 88
10 156
11 81
11 205
12 53
12 89
12 158
13 34
13 82
13 88
13 121
13 159
13 236
14 143
14 151
14 215
15 26
15 135
15 220
16 40
16 63
16 88
16 108
16 162
17 51
17 78
17 108
17 194
17 228
17 233
18 37
18 250
19 49
19 97
19 100
19 105
19 212
20 16
20 25
20 40
20 114
20 146
20 147
20 248
21 87
21 124
21 133
21 136
21 171
21 202
21 203
21 217
22 154
22 156
22 167
22 170
22 198
22 216
22 219
23 29
23 43
23 66
23 109
23 120
23 157
24 44
24 47
24 54
24 69
24 215
26 81
26 92
26 97
26 186
26 188
27 9
27 108
27 218
27 231
28 162
28 191
28 235
29 24
29 75
29 83
29 109
29 119
29 146
29 150
29 214
30 34
30 70
31 15
31 108
31 134
31 193
31 200
31 217
31 225
32 141
32 151
33 7
33 41
33 120
33 241
34 24
34 50
34 93
34 139
34 162
34 212
35 52
35 118
35 135
35 190
36 20
36 30
36 61
36 81
36 158
37 22
37 45
37 48
37 152
37 162
38 58
38 61
38 223
39 19
39 29
39 48
39 80
39 96
39 234
40 62
40 143
40 173
40 248
41 61
41 101
41 179
41 222
42 50
42 149
43 17
43 40
43 108
43 239
44 34
44 139
44 151
45 164
45 214
46 12
46 24
46 161
46 219
47 73
47 145
47 213
47 220
48 58
48 110
48 113
48 136
48 203
49 64
49 89
49 125
50 122
50 155
51 179
51 236
52 71
52 207
52 221
52 245
53 68
53 81
53 85
53 143
53 163
53 206
54 42
54 136
54 192
54 234
55 64
55 85
55 105
55 106
55 177
55 221
56 2
56 155
56 176
56 219
56 223
57 25
57 70
57 84
57 104
57 123
58 3
58 5
58 111
58 174
59 25
59 53
59 57
59 63
60 38
60 155
61 51
61 91
61 167
61 190
61 205
61 210
62 77
62 160
62 166
62 188
63 22
63 39
64 16
64 23
64 35
64 80
64 98
64 174
64 226
64 241
65 2
65 203
66 104
66 107
66 111
67 6
67 28
67 31
67 50
67 51
67 200
68 66
69 169
69 181
69 212
69 217
70 32
70 134
71 14
71 109
71 237
72 204
73 21
73 26
73 54
73 117
73 129
73 208
74 203
75 20
75 106
75 115
75 191
76 33
76 113
76 205
76 243
77 31
77 109
77 230
78 56
78 137
78 159
79 35
79 147
79 203
80 43
80 52
80 58
80 154
81 13
81 46
81 64
81 77
81 209
81 223
81 247
82 47
82 90
82 92
82 246
83 167
83 214
83 218
83 228
84 32
84 36
84 67
84 107
84 153
85 51
85 111
85 123
86 8
86 98
86 113
86 140
88 5
88 114
88 204
88 210
89 20
89 44
89 51
89 163
89 173
90 9
90 59
90 217
90 231
91 81
91 181
91 214
91 223
92 38
92 55
92 64
92 109
92 137
92 163
92 175
92 203
93 20
94 16
94 90
94 133
94 202
94 209
95 28
95 69
95 160
95 227
96 20
96 74
96 177
96 188
96 211
96 232
96 238
98 82
98 212
99 8
99 31
99 68
99 122
99 133
99 144
99 245
100 92
100 201
101 45
102 152
102 166
102 168
102 170
102 173
103 157
103 189
104 22
104 113
104 158
105 18
105 33
105 39
105 79
105 100
105 128
105 161
105 241
106 163
106 197
106 217
106 242
107 108
107 114
107 162
107 246
108 59
108 177
108 197
109 88
109 165
109 186
110 26
110 77
111 25
111 90
111 130
112 58
112 96
112 109
112 149
112 158
112 222
113 13
113 36
113 101
114 17
114 75
114 122
114 137
114 161
114 169
114 197
115 15
115 23
115 113
115 172
115 202
116 14
116 40
116 112
116 143
117 1
117 48
117 76
117 155
117 172
117 192
117 194
117 227
118 49
118 89
119 143
119 144
119 182
120 17
120 40
120 174
120 200
120 236
120 242
120 248
121 38
121 59
121 112
121 152
121 153
121 161
121 203
121 204
121 231
122 47
122 167
123 94
123 170
123 221
123 233
124 24
124 117
124 183
124 230
125 23
125 52
125 63
125 75
125 130
125 136
125 143
126 54
126 100
126 139
126 203
126 215
127 36
127 45
127 182
128 3
128 24
128 143
128 146
128 150
128 160
128 205
128 218
129 121
129 153
129 219
130 41
130 50
130 75
130 92
130 146
130 241
131 11
132 77
133 17
134 22
134 30
135 34
135 59
135 115
135 125
135 228
136 61
136 103
136 147
136 160
136 189
136 210
136 213
136 233
137 14
137 117
137 178
137 224
138 5
138 137
138 165
138 212
138 230
139 7
139 54
139 100
139 223
139 233
140 84
140 91
140 147
140 243
141 104
141 156
141 208
141 250
142 62
142 86
142 95
142 96
142 133
142 213
143 22
143 23
143 105
144 19
144 84
144 156
144 171
144 193
144 247
145 144
145 165
145 181
146 27
146 51
146 52
146 93
146 99
146 185
146 205
147 6
147 8
147 34
148 12
148 48
148 84
148 139
149 58
149 88
149 147
149 199
149 210
150 13
150 62
150 74
150 157
150 170
151 50
151 127
151 209
151 224
151 229
151 237
152 55
152 208
152 222
152 231
153 41
153 71
153 103
153 216
154 1
154 98
154 234
155 18
155 162
156 78
156 120
156 128
156 159
156 175
157 12
157 17
157 75
157 125
157 231
158 4
158 98
158 133
158 167
159 161
159 178
160 74
160 103
160 126
160 137
160 171
160 222
160 229
161 187
162 81
162 121
162 200
162 246
163 6
163 149
163 190
163 222
164 77
164 103
164 123
164 204
165 44
165 119
165 190
165 242
166 121
166 160
166 243
167 175
167 184
167 204
168 4
168 41
168 77
168 91
169 104
169 217
170 7
170 63
170 175
170 214
170 246
171 49
171 57
171 80
171 166
171 189
173 8
173 44
173 69
173 244
174 24
174 44
174 56
174 182
174 215
175 27
175 31
175 59
175 76
175 89
175 160
176 29
176 86
176 132
177 64
177 171
177 179
177 185
177 248
178 140
178 250
179 36
179 71
179 191
180 22
181 7
181 9
181 16
181 65
181 93
182 31
182 62
182 83
182 173
183 157
184 45
184 79
184 215
185 4
185 55
186 19
186 184
186 199
187 61
188 53
189 47
189 48
189 142
189 145
189 147
189 183
189 216
190 17
190 111
190 132
191 65
191 106
191 152
191 161
191 197
192 113
192 186
193 122
193 130
193 139
193 147
193 217
194 157
195 30
195 182
195 203
195 208
195 249
196 23
196 54
196 95
196 136
196 191
197 12
197 67
197 68
197 92
197 131
198 13
198 99
198 109
198 178
198 217
199 40
199 45
199 195
199 204
200 18
200 47
200 111
200 124
200 173
200 213
201 84
201 207
202 111
203 64
203 67
203 71
203 83
203 172
204 67
204 107
204 149
204 181
204 190
204 232
206 50
206 61
206 165
207 10
207 41
207 182
207 193
208 74
208 165
209 33
209 82
209 119
209 194
209 239
210 39
210 146
210 147
210 184
210 241
211 178
211 183
212 27
212 66
212 87
212 249
213 7
213 108
213 171
214 88
214 96
214 164
214 186
215 57
215 106
215 180
216 27
216 172
216 229
217 2
217 8
217 159
217 238
218 116
218 189
218 200
218 215
219 94
219 196
219 236
220 21
220 92
220 165
220 246
221 31
221 242
222 24
222 143
222 221
223 15
223 26
223 55
223 75
223 84
223 248
224 8
224 27
224 167
224 215
225 94
225 166
225 177
226 107
226 110
226 149
227 16
227 107
227 239
228 23
228 93
228 156
228 166
228 181
228 243
228 247
229 39
229 52
229 84
229 136
231 21
231 122
231 138
231 243
232 102
232 128
232 160
232 196
232 200
232 247
233 25
233 42
233 69
233 88
233 89
233 113
233 165
234 24
234 102
234 112
234 131
235 67
235 157
235 220
235 224
235 233
236 82
236 112
236 128
236 214
237 10
237 37
237 43
237 96
237 125
237 202
237 239
237 243
237 246
238 8
238 45
238 139
238 171
238 224
239 9
239 157
239 166
239 174
239 193
240 45
240 97
240 152
240 158
240 180
240 192
240 249
241 23
241 139
241 178
242 12
242 73
242 85
242 132
242 171
242 245
243 172
243 234
244 51
244 228
245 7
245 34
245 231
245 233
246 31
246 41
246 72
246 112
246 183
246 194
247 103
247 248
248 5
248 11
248 78
248 157
248 240
249 61
249 65
249 98
249 137
249 230
250 12
250 84
250 117
250 239

