200 250
25 101 104 57 92 68 67 67 74 89 32 96 31 97 82 79 74 54 73 34 41 112 101 73 24 50 99 79 94 95 92 81 21 111 55 92 53 90 44 21 47 104 64 68 45 74 51 95 71 87 79 67 105 23 59 77 99 23 54 34 117 47 110 38 97 64 115 91 118 71 56 88 35 99 64 112 94 71 30 111 82 36 90 77 72 31 68 66 60 58 111 89 83 35 39 108 81 23 76 86 97 99 66 116 84 75 50 22 78 58 119 101 104 39 79 60 67 30 38 30 68 34 61 36 39 110 102 81 76 20 27 77 120 118 45 58 64 56 58 112 69 75 27 112 20 104 88 56 20 69 99 60 52 24 118 75 95 50 98 94 46 88 107 100 31 43 94 93 75 81 100 26 36 58 119 36 84 91 32 115 104 25 81 85 33 100 101 36 47 91 99 60 114 47 52 85 102 88 87 67 
1 157
1 177
1 189
3 134
4 194
5 45
6 199
7 31
7 57
7 86
8 50
9 52
9 61
10 156
12 66
13 152
14 112
14 173
16 196
17 86
17 122
18 43
18 64
18 176
20 2
20 167
21 11
21 179
22 51
24 2
25 53
29 24
29 173
30 21
31 5
31 157
32 188
33 14
33 161
33 200
34 38
36 70
37 21
37 181
38 14
38 144
39 182
40 107
40 147
41 46
41 87
41 128
41 149
41 161
44 6
47 54
48 23
48 84
51 144
52 154
53 50
53 52
53 62
53 174
55 33
56 95
57 24
57 180
58 56
59 168
60 5
60 112
60 144
61 146
62 33
62 147
63 37
63 121
63 132
64 113
64 185
65 5
65 145
66 88
67 8
69 119
70 122
73 68
74 34
74 83
75 16
75 102
75 118
76 161
77 82
77 123
79 20
79 131
80 67
81 103
81 126
81 151
82 131
83 35
83 139
85 137
85 180
86 30
87 44
88 69
88 177
89 3
89 60
89 87
89 92
90 153
92 187
93 14
93 117
94 140
95 84
96 182
97 93
98 96
98 193
99 1
100 62
100 115
101 86
101 154
102 153
103 96
103 144
105 38
105 65
107 191
108 87
110 144
111 33
111 187
112 195
113 152
114 163
116 1
116 154
116 184
118 3
119 4
119 109
119 128
120 10
120 196
121 52
123 17
123 111
124 36
124 85
125 116
126 130
126 135
127 18
130 51
131 179
131 200
133 32
134 35
134 163
135 105
135 194
136 156
137 25
137 100
138 4
139 108
141 100
142 106
142 125
144 96
144 120
144 146
145 8
145 60
145 152
146 35
146 113
146 171
148 44
148 162
150 112
150 199
151 144
154 30
155 2
155 27
156 52
156 56
156 151
157 81
157 174
158 72
158 107
159 115
162 158
163 99
163 116
163 173
164 13
165 35
166 192
167 52
168 32
168 37
168 127
169 132
170 44
171 174
172 93
173 49
175 52
177 100
178 27
178 152
178 167
179 192
180 68
180 76
181 69
181 193
184 49
185 15
185 161
186 180
187 11
188 11
188 171
189 106
190 47
190 127
190 180
191 114
192 79
193 76
193 162
195 134
195 159
196 38
196 118
197 20
198 153
199 142

