100 100
93 113 69 53 105 27 32 95 36 118 108 55 58 77 54 72 100 99 91 20 45 77 26 83 67 74 23 98 76 70 32 23 41 52 30 24 48 64 48 52 120 32 112 38 112 53 77 52 85 116 47 82 84 89 106 42 45 47 77 64 102 43 99 28 82 97 28 115 87 120 90 60 33 114 44 20 84 95 22 68 100 89 62 88 86 24 59 40 113 119 91 89 43 117 108 38 116 81 84 34 
1 5
1 51
2 68
3 77
4 23
5 79
5 85
7 37
7 48
10 31
11 3
11 68
11 87
12 8
14 5
19 45
24 3
24 13
24 53
24 77
24 84
26 17
26 22
28 18
30 10
30 32
30 82
31 17
31 72
34 46
36 99
37 54
40 72
41 7
41 17
41 45
41 66
44 8
45 60
46 15
46 28
47 57
50 85
50 86
51 36
51 44
53 96
58 1
58 47
58 75
59 17
59 27
60 23
61 47
62 70
63 82
66 37
67 8
67 22
67 39
67 71
68 19
68 85
68 93
69 24
69 90
70 29
70 61
71 34
71 82
71 89
71 95
72 59
74 6
75 26
76 55
78 30
81 15
82 83
83 2
83 4
84 52
84 73
84 83
85 14
85 36
85 93
86 97
87 27
87 36
91 17
91 20
93 13
93 57
95 1
97 40
99 1
99 55
99 64
100 68

