300 1000
95 36 78 50 50 64 69 62 74 118 45 74 39 21 78 118 31 109 33 118 37 57 109 46 96 80 94 38 112 67 96 44 81 22 24 24 37 49 21 54 56 57 21 41 82 105 58 98 33 37 43 22 77 38 66 80 63 108 107 59 96 83 95 56 65 59 116 37 90 94 91 48 104 117 27 30 26 31 113 117 99 68 72 48 83 63 110 69 74 87 63 110 107 90 22 111 54 63 112 97 75 25 75 66 75 48 66 44 24 41 81 40 70 80 25 120 54 21 116 75 73 110 91 96 69 74 119 101 107 94 31 93 79 102 73 101 66 88 31 51 95 27 67 102 23 79 41 67 82 58 114 26 100 45 64 24 98 31 115 113 98 118 88 63 120 78 95 53 93 99 55 30 36 37 64 42 42 47 37 73 96 34 67 100 105 67 23 31 48 35 88 113 79 80 64 20 100 60 89 114 71 118 42 45 113 98 33 31 51 81 35 65 104 93 29 45 103 97 114 34 87 118 82 64 29 28 25 56 50 83 101 34 112 70 37 117 34 47 97 104 68 79 94 20 25 52 82 89 94 98 74 63 80 28 53 113 29 71 62 93 82 26 99 66 62 64 22 106 71 24 39 56 85 28 33 49 115 51 76 31 68 34 43 21 74 61 83 65 21 64 23 36 110 37 52 81 103 35 47 109 
1 40
1 131
1 255
2 193
2 240
2 290
3 1
3 64
3 205
4 127
4 170
5 2
5 112
5 179
5 258
7 116
7 124
7 181
8 204
8 247
8 274
9 20
9 75
9 171
9 181
9 191
9 224
10 200
10 274
10 291
10 294
11 124
11 263
12 154
12 273
13 137
13 293
14 74
14 96
14 194
14 204
15 80
15 158
16 140
16 178
17 190
17 223
17 271
18 14
18 61
18 102
18 119
18 135
18 292
19 73
19 153
19 255
20 96
20 259
21 48
21 145
21 151
22 130
23 114
23 174
24 117
25 61
25 135
25 203
25 216
25 218
25 261
25 290
26 194
26 251
27 5
27 166
28 52
28 95
28 235
29 10
29 76
29 107
29 116
29 228
29 233
29 240
30 152
30 202
31 38
31 76
31 130
31 161
31 186
31 260
32 103
32 154
32 189
32 201
33 29
33 105
33 131
33 204
34 142
35 46
36 287
37 59
38 129
39 296
40 8
40 11
40 75
40 157
40 234
40 284
41 38
41 299
42 71
42 73
43 12
43 79
43 89
43 97
43 271
43 292
44 12
44 45
44 171
44 175
45 4
45 65
45 105
45 111
45 114
45 216
45 300
46 141
46 144
46 159
46 211
47 53
47 118
47 124
47 152
47 240
47 253
47 291
48 43
48 142
49 218
49 240
49 289
50 16
50 37
50 167
50 185
50 211
50 267
51 127
51 216
51 219
52 4
52 9
52 113
52 175
52 226
52 299
53 120
53 278
54 2
54 64
54 94
54 131
55 28
57 62
57 214
57 276
58 12
58 177
58 237
59 24
59 62
59 168
59 187
60 102
60 190
60 263
61 63
61 97
61 106
61 111
61 133
61 251
62 210
62 228
63 35
63 82
63 115
63 121
63 163
63 276
64 44
64 51
64 226
64 259
65 163
66 81
66 91
66 153
66 162
66 227
66 295
67 45
67 185
68 2
68 48
68 65
68 292
69 81
69 85
69 88
69 105
69 117
69 183
69 214
69 288
70 72
70 271
71 253
72 110
72 217
73 174
73 250
73 277
74 5
74 157
74 162
74 203
74 285
75 249
76 130
76 163
77 57
77 198
77 256
78 197
79 121
79 141
79 147
79 175
79 237
79 269
80 91
80 136
80 187
80 198
81 47
82 15
82 96
82 114
82 125
82 136
82 183
83 28
83 41
83 58
83 77
83 84
83 166
83 182
83 277
84 300
85 119
85 189
85 214
85 298
86 115
87 76
87 94
87 158
87 204
87 260
87 272
87 290
88 68
88 193
88 205
88 229
89 74
89 119
89 131
89 136
89 167
90 197
91 42
91 82
91 110
91 118
91 164
91 256
92 8
92 57
92 58
92 169
93 84
93 223
93 247
93 252
94 173
94 183
95 10
95 71
95 283
96 73
96 217
97 213
97 242
98 47
98 51
98 92
98 97
98 248
98 275
99 12
99 110
99 129
99 134
99 160
99 225
99 259
100 218
100 297
101 111
101 259
102 191
102 253
102 282
103 100
103 125
104 69
104 113
104 256
105 8
105 175
106 80
106 143
106 163
107 52
107 106
107 110
108 29
108 286
109 76
109 99
109 214
109 238
110 46
110 119
110 191
110 245
110 248
110 249
111 95
111 141
112 22
112 40
112 53
112 95
112 107
112 281
113 13
114 66
114 84
114 217
114 246
114 257
115 33
115 102
116 25
116 257
116 274
116 298
117 151
117 176
117 213
118 77
118 94
118 166
118 205
118 237
118 270
118 300
119 205
119 208
120 153
120 158
120 184
120 190
120 242
120 264
121 48
121 235
122 72
122 83
122 213
122 255
122 298
123 61
123 79
123 152
123 200
125 88
125 204
126 8
126 134
126 140
126 247
126 265
127 76
128 236
129 19
129 210
130 136
130 170
130 236
131 9
131 197
132 7
132 50
132 119
132 176
132 181
133 8
133 36
133 43
133 190
133 287
134 41
134 140
134 166
134 210
135 148
135 156
136 75
136 87
136 138
136 214
137 112
137 169
138 37
138 60
138 134
138 158
138 236
139 12
139 86
139 163
139 298
139 299
140 138
140 217
140 225
140 240
140 277
141 1
141 27
141 53
141 121
141 202
141 205
142 44
142 61
142 154
142 232
142 296
143 93
143 125
143 164
143 168
143 206
143 271
144 33
144 57
144 118
144 156
144 224
144 267
145 126
145 156
146 30
146 53
146 143
146 175
146 237
147 170
147 276
147 277
148 2
148 94
148 262
148 288
149 76
149 146
149 156
150 22
150 219
151 57
151 143
151 165
151 300
152 78
152 83
152 104
152 128
153 2
153 69
153 144
153 265
154 201
155 15
155 25
155 81
155 131
156 32
156 225
157 92
158 49
158 82
158 99
158 126
158 134
159 156
159 175
160 128
160 133
160 152
160 180
160 182
160 292
161 211
161 293
162 12
162 42
162 77
162 182
162 256
162 276
163 147
163 265
164 105
164 191
165 99
165 154
165 157
165 278
166 22
166 42
166 72
166 272
167 74
167 172
168 22
168 149
168 291
169 71
169 97
169 108
170 74
170 252
170 262
171 70
172 64
172 187
172 226
173 41
173 44
173 106
173 289
174 35
174 39
174 180
174 290
175 123
176 39
176 94
176 223
176 284
177 47
177 116
177 181
177 257
179 144
179 151
179 231
180 90
180 94
181 33
181 70
181 106
181 219
182 49
182 108
182 227
182 231
182 279
183 136
183 239
183 253
183 259
184 215
184 292
185 59
185 62
185 85
185 127
185 163
185 180
185 183
185 275
186 226
186 250
187 254
187 282
187 285
188 9
188 78
188 134
189 123
189 206
189 266
190 24
190 49
190 95
190 101
190 284
191 66
191 67
191 80
191 96
191 183
191 280
192 4
192 19
192 78
192 132
192 194
192 222
193 69
193 118
194 153
194 182
194 231
194 241
194 265
194 274
195 52
195 82
195 104
195 134
195 135
195 283
195 295
196 17
196 72
196 240
196 249
197 213
198 16
198 33
198 37
198 76
199 38
199 84
199 96
199 269
200 84
200 141
200 148
200 255
201 64
201 103
201 137
201 277
202 250
203 22
203 172
203 265
203 266
204 40
204 60
204 219
205 77
205 94
205 121
205 203
205 251
206 88
206 182
206 188
206 200
206 264
206 269
206 284
207 62
207 83
207 287
207 291
208 53
208 254
209 19
209 119
209 208
209 241
210 24
210 30
210 47
210 247
211 25
211 31
211 37
212 120
212 149
213 62
213 66
213 135
213 200
214 40
214 120
214 137
214 264
215 137
215 196
215 286
216 71
216 78
216 257
217 100
217 250
217 276
218 23
218 52
218 151
218 292
219 54
219 260
219 279
220 24
220 153
221 14
221 89
221 117
221 218
222 213
222 216
222 234
224 120
224 132
224 200
224 282
225 20
225 126
225 241
225 245
226 21
226 93
228 44
228 152
229 6
229 55
229 84
230 20
230 163
230 250
231 133
231 178
231 180
231 260
232 68
232 102
232 157
232 193
233 214
234 152
234 218
234 270
234 297
235 136
235 165
235 180
235 219
235 238
235 262
235 298
236 16
236 87
236 122
236 150
236 185
237 107
238 151
238 267
239 101
239 138
239 142
239 203
240 9
240 18
240 68
240 129
240 245
241 153
241 260
242 85
242 108
243 13
243 18
243 20
243 46
244 13
244 74
244 239
245 10
245 101
245 165
245 203
246 97
246 219
246 287
247 265
248 42
248 195
249 86
250 20
250 61
250 74
250 147
250 197
252 45
252 165
253 39
253 94
253 124
253 249
254 4
254 42
254 216
255 85
255 120
255 137
255 146
255 156
255 173
255 244
256 109
256 112
256 242
257 32
257 45
257 62
257 130
257 215
257 227
257 237
258 41
258 164
258 215
258 233
259 3
259 13
259 186
259 286
259 287
260 19
260 233
260 289
261 165
262 57
263 98
263 172
263 220
264 2
264 11
264 82
264 209
264 250
265 24
265 175
266 213
266 241
267 85
267 149
267 200
267 245
267 249
268 173
268 179
268 219
268 249
269 31
269 230
269 278
270 217
270 243
270 278
270 299
271 100
271 223
272 27
272 102
272 192
272 224
273 62
273 155
274 6
274 239
274 254
274 299
275 17
275 60
275 76
275 207
276 87
276 237
277 13
277 38
277 281
278 108
278 241
279 107
279 166
279 237
279 297
280 15
280 57
280 207
280 263
280 284
281 25
281 56
281 70
281 95
281 139
282 58
282 118
283 74
283 113
283 179
284 251
284 271
285 14
285 15
285 55
285 148
285 237
286 45
286 70
286 97
287 172
287 235
288 12
288 132
288 214
288 292
289 166
289 226
289 288
289 296
290 6
290 53
290 112
291 5
291 137
291 263
291 295
292 77
292 126
292 146
292 238
293 15
293 121
293 128
293 270
294 116
294 153
294 167
294 190
294 290
295 89
296 9
296 202
297 105
297 131
297 228
298 83
298 127
298 173
299 175
300 74
300 79
300 123

