100 100
71 74 119 84 30 113 44 64 40 58 101 23 54 73 73 46 35 114 91 67 26 50 33 65 30 70 47 73 88 77 24 76 117 70 34 47 60 111 42 94 83 49 85 34 105 47 61 99 108 97 69 86 92 97 22 22 107 84 113 81 60 115 24 108 112 22 31 82 74 118 94 98 42 40 107 42 28 25 82 105 90 105 96 59 43 96 70 53 39 68 73 54 88 62 111 84 34 66 44 61 
1 61
1 95
2 88
3 39
3 57
5 7
7 79
8 83
9 12
12 99
13 81
18 12
19 29
21 1
21 38
22 31
22 61
23 52
23 79
25 74
26 22
26 92
27 55
28 26
30 90
31 99
32 86
33 25
33 61
35 23
36 22
37 77
40 53
40 56
43 35
43 59
44 10
45 48
45 63
46 38
46 48
46 50
46 71
46 84
47 52
47 56
49 18
49 53
49 87
50 11
50 30
52 75
52 85
54 8
54 51
54 72
55 41
56 71
56 89
57 23
57 89
58 84
59 17
61 77
62 87
63 87
64 53
64 61
67 3
67 9
67 76
67 82
69 94
70 22
70 91
74 71
74 78
75 18
75 77
75 85
75 89
76 34
76 60
78 42
79 70
82 12
82 47
85 96
86 27
87 65
88 89
89 93
90 80
92 48
95 72
95 97
96 8
96 97
97 1
97 49

