300 3000
35 85 64 65 118 119 54 44 37 119 22 99 51 115 107 46 40 114 108 70 43 106 49 96 35 54 76 55 71 33 109 100 48 70 38 94 45 20 47 45 94 34 85 115 37 109 86 106 30 89 56 52 109 102 61 101 32 107 50 46 55 65 105 29 38 61 34 85 117 73 84 97 74 105 54 47 32 105 97 78 64 98 61 63 36 102 113 52 40 87 44 101 119 82 79 38 65 113 80 102 44 45 105 31 39 99 110 55 111 67 63 51 22 116 92 58 70 36 34 88 108 69 20 51 107 76 39 82 115 37 52 27 23 58 20 21 58 32 112 64 30 72 88 37 104 46 94 57 52 99 81 20 54 118 107 86 25 94 29 30 23 34 33 47 93 83 84 57 59 20 95 61 107 65 25 39 101 60 52 84 90 84 106 92 76 91 48 92 57 114 64 82 62 109 78 43 37 96 34 101 83 96 98 103 62 43 81 55 21 25 73 92 111 113 100 33 42 59 92 100 42 27 60 62 114 110 117 102 63 39 112 53 104 120 109 114 104 50 105 31 62 96 79 71 76 101 120 92 72 116 85 116 57 120 50 44 115 34 42 53 59 55 55 96 107 22 112 25 34 74 108 112 77 91 116 89 118 28 80 51 34 103 56 51 120 107 117 100 105 53 52 67 70 65 81 80 45 30 26 36 
1 2
1 196
1 232
1 262
2 36
2 102
2 176
2 179
2 186
2 198
2 239
2 289
2 297
2 299
3 49
3 55
3 81
3 94
3 97
3 142
3 148
3 176
3 205
3 216
3 219
3 261
3 279
4 22
4 88
4 116
4 149
4 176
4 207
4 222
4 250
4 257
5 22
5 102
5 115
5 176
5 197
5 213
5 228
5 265
5 298
6 28
6 35
6 50
6 98
6 107
6 114
6 140
6 155
6 186
6 215
6 242
6 268
6 271
6 296
6 299
7 15
7 31
7 38
7 49
7 56
7 65
7 69
7 93
7 99
7 144
7 156
7 161
7 235
7 265
7 280
8 73
8 99
8 119
8 142
8 145
8 163
8 201
8 225
8 253
8 280
8 284
9 1
9 25
9 74
9 81
9 83
9 144
9 199
9 201
9 298
9 299
10 41
10 42
10 51
10 56
10 135
10 158
10 223
10 291
10 296
11 41
11 61
11 68
11 99
11 206
11 211
11 249
11 262
11 300
12 5
12 7
12 30
12 39
12 146
12 148
12 201
12 225
12 241
12 289
12 297
13 7
13 25
13 37
13 78
13 102
13 113
13 142
13 166
13 204
13 249
14 48
14 91
14 214
14 231
14 269
14 270
15 25
15 51
15 59
15 106
15 112
15 120
15 172
15 226
15 240
16 15
16 52
16 78
16 85
16 152
16 180
16 214
16 247
16 257
17 2
17 55
17 67
17 120
17 140
17 227
17 255
17 288
18 1
18 12
18 22
18 46
18 60
18 171
18 194
19 41
19 88
19 104
19 125
19 161
19 236
19 252
19 260
20 17
20 35
20 131
20 136
20 211
20 227
20 229
20 247
20 279
20 280
20 291
21 15
21 17
21 39
21 49
21 63
21 118
21 128
22 17
22 19
22 43
22 54
22 86
22 102
22 103
22 117
22 121
22 152
22 178
22 181
22 212
22 220
22 240
22 262
22 271
22 285
23 13
23 14
23 65
23 70
23 163
23 194
23 207
23 232
23 236
23 272
23 281
23 292
24 27
24 55
24 62
24 111
24 134
24 199
24 206
24 266
25 159
25 198
25 266
25 269
25 296
26 8
26 9
26 83
26 104
26 144
26 165
26 199
26 250
26 257
26 266
26 288
27 36
27 39
27 70
27 79
27 117
27 127
27 174
28 71
28 111
28 121
28 145
28 179
28 215
28 220
28 221
28 236
28 241
28 271
28 294
29 9
29 43
29 84
29 90
29 97
29 121
29 136
29 160
29 195
29 288
30 117
30 119
30 133
30 154
30 168
30 184
30 205
30 252
30 298
31 14
31 39
31 87
31 94
31 99
31 106
31 161
31 174
31 195
31 210
31 226
31 237
31 269
32 50
32 51
32 80
32 118
32 131
32 160
32 165
32 189
32 190
32 265
32 271
32 280
32 286
33 17
33 39
33 62
33 65
33 75
33 113
33 153
33 176
33 264
33 283
34 4
34 35
34 44
34 97
34 141
34 142
34 146
34 170
34 198
35 17
35 44
35 223
35 251
36 9
36 26
36 61
36 84
36 97
36 121
36 136
36 176
36 225
36 228
36 290
37 21
37 24
37 74
37 94
37 105
37 126
37 135
37 172
37 179
37 190
37 192
37 248
37 287
38 70
38 90
38 117
38 124
38 145
38 189
38 221
38 226
39 2
39 16
39 25
39 36
39 63
39 113
39 179
39 293
40 11
40 13
40 14
40 17
40 27
40 37
40 84
40 140
40 210
40 245
40 270
41 15
41 21
41 35
41 50
41 64
41 65
41 77
41 89
41 96
41 109
41 115
41 130
41 180
41 243
42 59
42 88
42 158
42 182
42 195
42 225
43 19
43 57
43 137
43 142
43 217
43 238
43 248
43 293
44 6
44 26
44 56
44 60
44 73
44 101
44 158
44 187
44 195
44 201
44 240
44 244
44 271
44 284
45 35
45 82
45 83
45 270
46 91
46 145
46 153
46 157
46 161
46 242
47 8
47 57
47 59
47 60
47 73
47 108
47 117
47 251
47 300
48 11
48 26
48 33
48 87
48 137
48 250
48 258
49 9
49 45
49 75
49 78
49 89
49 111
49 141
49 196
49 237
49 260
50 4
50 18
50 29
50 53
50 63
50 74
50 96
50 153
50 170
50 230
50 250
50 262
50 278
51 3
51 27
51 90
51 98
51 236
51 250
52 4
52 28
52 166
52 177
52 197
52 200
52 275
53 1
53 55
53 62
53 159
53 172
53 230
53 234
53 271
54 1
54 14
54 84
54 93
54 97
54 149
54 178
54 223
54 285
55 9
55 31
55 54
55 63
55 83
55 89
55 100
55 120
55 184
55 190
55 200
55 204
56 28
56 67
56 98
56 196
56 251
56 278
57 8
57 16
57 34
57 98
57 144
57 190
57 192
57 212
57 236
57 275
57 289
58 20
58 23
58 47
58 51
58 79
58 126
58 137
58 181
58 203
58 209
58 217
58 236
58 239
58 277
58 283
59 16
59 40
59 66
59 67
59 71
59 96
59 135
59 188
59 210
59 214
59 216
60 37
60 58
60 86
60 134
60 143
60 159
60 165
60 173
60 189
60 238
60 267
60 289
61 7
61 26
61 33
61 77
61 87
61 105
61 125
61 203
61 208
61 237
61 263
61 265
61 280
62 2
62 38
62 50
62 82
62 104
62 135
62 178
62 233
62 234
62 240
62 242
62 254
62 257
62 283
63 17
63 65
63 94
63 103
63 108
63 109
63 133
63 176
63 190
63 266
63 274
63 280
64 19
64 58
64 59
64 60
64 73
64 77
64 124
64 180
64 198
64 276
64 289
65 4
65 19
65 21
65 30
65 38
65 55
65 229
65 238
65 246
65 288
65 295
66 11
66 15
66 68
66 98
66 111
66 167
66 247
66 291
67 12
67 66
67 77
67 79
67 80
67 94
67 122
67 151
67 157
67 172
67 173
67 243
67 251
68 16
68 56
68 122
68 136
68 139
68 224
68 226
68 279
68 297
69 5
69 114
69 144
69 168
69 220
69 224
69 235
69 237
70 16
70 65
70 69
70 93
70 108
70 116
70 195
70 217
70 220
70 236
70 278
70 298
70 300
71 22
71 25
71 43
71 78
71 85
71 89
71 95
71 125
71 135
71 145
71 148
71 192
71 202
71 207
71 258
71 277
72 9
72 24
72 45
72 49
72 71
72 87
72 103
72 108
72 136
72 137
72 174
72 180
72 188
73 11
73 32
73 33
73 75
73 112
73 212
73 216
73 219
73 270
74 2
74 46
74 79
74 108
74 121
74 159
74 171
74 204
74 233
74 239
74 258
74 276
74 281
74 283
75 8
75 11
75 16
75 37
75 59
75 60
75 86
75 119
75 171
75 193
75 223
75 225
75 228
75 236
75 246
75 281
75 295
76 41
76 63
76 231
76 253
76 268
76 300
77 8
77 55
77 79
77 91
77 101
77 107
77 152
77 175
77 179
77 263
77 270
77 291
78 37
78 72
78 74
78 77
78 103
78 141
78 150
78 172
78 216
78 266
78 274
78 276
78 285
79 17
79 30
79 49
79 116
79 133
79 184
79 202
79 238
79 242
79 244
79 273
80 40
80 71
80 78
80 82
80 96
80 105
80 149
80 150
80 157
80 227
80 263
80 293
81 2
81 37
81 45
81 76
81 171
81 204
81 209
81 232
81 251
81 283
82 38
82 92
82 141
82 168
82 202
82 218
82 221
82 227
83 17
83 70
83 77
83 119
83 163
83 194
83 206
83 290
84 12
84 64
84 83
84 118
84 126
84 138
84 175
84 186
84 202
84 224
84 226
84 265
85 15
85 66
85 74
85 116
85 147
85 296
86 50
86 63
86 66
86 71
86 112
86 155
86 181
86 272
87 9
87 85
87 130
87 162
87 178
87 183
87 187
87 189
87 257
87 288
88 20
88 64
88 82
88 124
89 39
89 148
89 205
89 229
90 17
90 23
90 72
90 111
90 127
90 135
90 139
90 143
90 156
90 265
90 276
90 292
91 24
91 64
91 95
91 136
91 143
91 152
91 153
91 161
91 224
91 263
92 119
92 154
92 182
92 185
92 228
92 272
92 278
93 12
93 38
93 43
93 56
93 98
93 134
93 164
93 232
93 256
93 266
94 83
94 95
94 145
94 164
94 213
94 231
94 285
94 294
95 17
95 55
95 56
95 70
95 99
95 138
95 165
95 229
95 280
96 9
96 13
96 49
96 154
96 185
96 260
96 288
97 55
97 96
97 103
97 110
97 124
97 132
97 153
97 186
97 222
97 258
98 8
98 37
98 54
98 75
98 252
98 271
98 281
99 2
99 34
99 39
99 52
99 113
99 138
99 177
99 199
99 202
99 204
99 221
99 226
99 265
99 287
100 68
100 114
100 161
100 183
100 233
100 250
100 285
101 34
101 50
101 60
101 82
101 85
101 128
101 139
101 145
102 1
102 26
102 27
102 35
102 121
102 127
102 146
102 159
102 227
102 235
102 291
103 49
103 85
103 105
103 119
103 154
103 188
103 222
103 227
103 270
104 20
104 30
104 157
104 169
104 270
105 2
105 16
105 17
105 21
105 121
105 130
105 184
105 205
105 207
105 228
105 259
105 267
105 280
106 59
106 65
106 82
106 114
106 119
106 144
106 165
106 250
106 253
107 19
107 27
107 105
107 156
107 196
107 198
107 206
107 245
107 255
107 266
107 269
107 290
108 46
108 55
108 80
108 181
108 185
108 192
108 217
108 218
108 280
108 282
109 64
109 72
109 142
109 151
109 184
109 185
109 190
109 203
109 226
109 235
109 299
110 1
110 18
110 37
110 63
110 90
110 174
110 241
110 259
110 280
111 67
111 73
111 127
111 187
111 211
111 233
111 300
112 13
112 43
112 108
112 113
112 115
112 189
112 263
112 277
112 297
113 36
113 47
113 48
113 51
113 63
113 77
113 132
113 150
113 183
113 203
113 208
113 210
113 223
113 252
113 253
113 270
113 278
113 292
114 2
114 39
114 56
114 71
114 126
114 180
114 269
114 293
114 298
115 36
115 99
115 160
115 182
115 198
115 215
115 226
115 246
115 266
116 8
116 77
116 78
116 98
116 99
116 120
116 147
116 219
116 268
117 68
117 93
117 141
117 154
117 170
117 238
117 260
117 276
117 296
117 300
118 3
118 15
118 28
118 43
118 80
118 107
118 116
118 124
118 125
118 126
118 133
118 158
118 248
118 255
118 285
118 292
119 23
119 44
119 121
119 128
119 129
119 142
119 145
119 173
119 246
120 10
120 49
120 91
120 101
120 108
120 110
120 147
120 155
120 161
120 164
120 205
120 216
120 237
120 248
120 285
120 289
120 298
121 25
121 31
121 59
121 67
121 81
121 89
121 91
121 183
121 185
121 196
121 199
121 239
121 258
121 269
122 54
122 71
122 89
122 153
122 193
122 272
122 273
122 275
122 280
122 282
123 12
123 24
123 40
123 101
123 103
123 118
123 125
123 191
123 205
123 225
123 228
123 236
123 243
123 260
123 273
123 293
124 4
124 10
124 19
124 31
124 56
124 154
124 155
124 158
124 211
124 219
124 260
125 21
125 54
125 63
125 122
125 164
125 235
125 291
126 22
126 154
126 184
126 221
126 248
127 43
127 78
127 98
127 104
127 109
127 156
127 159
127 160
127 176
127 204
128 28
128 31
128 32
128 45
128 93
128 150
128 154
128 212
128 225
128 231
128 249
128 256
128 289
128 293
129 24
129 40
129 109
129 117
129 141
129 158
129 196
129 210
129 227
129 241
129 273
130 31
130 85
130 90
130 119
130 131
130 133
130 155
130 191
130 203
130 213
130 239
130 295
130 296
131 3
131 79
131 93
131 159
131 262
132 39
132 45
132 123
132 129
132 166
132 187
132 215
132 230
132 271
132 280
132 290
132 298
133 10
133 16
133 41
133 47
133 81
133 171
133 214
133 251
134 48
134 92
134 103
134 180
134 247
134 251
134 252
134 277
135 5
135 89
135 111
135 127
135 159
135 161
135 187
135 193
135 228
135 236
135 251
135 257
135 269
135 289
136 37
136 50
136 53
136 62
136 83
136 90
136 130
136 206
136 276
136 282
137 23
137 38
137 55
137 99
137 108
137 157
137 195
137 286
138 1
138 13
138 43
138 69
138 94
138 130
138 149
138 185
138 237
139 39
139 42
139 114
139 163
139 206
139 213
139 226
139 284
140 36
140 46
140 52
140 62
140 151
140 262
140 264
141 21
141 52
141 57
141 66
141 153
141 213
141 228
141 288
142 42
142 139
142 246
142 258
142 283
142 293
143 70
143 110
143 127
143 152
143 185
143 198
144 53
144 100
144 118
144 126
144 182
144 224
144 272
144 273
145 47
145 54
145 79
145 106
145 142
145 168
145 186
145 195
145 226
145 251
145 257
145 273
145 275
145 298
146 2
146 116
146 160
146 170
146 204
146 222
146 239
146 293
146 297
147 20
147 92
147 95
147 121
147 131
147 135
147 149
147 161
147 163
147 195
147 202
147 211
147 282
147 294
147 296
148 68
148 82
148 103
148 112
148 113
148 130
148 136
148 180
148 197
148 274
148 275
148 281
148 289
149 17
149 20
149 74
149 78
149 86
149 107
149 110
149 148
149 173
149 242
149 252
149 256
149 292
150 13
150 25
150 34
150 91
150 121
150 188
150 203
150 260
150 271
151 28
151 40
151 105
151 164
151 233
151 250
152 11
152 49
152 65
152 88
152 96
152 120
152 127
152 145
152 151
152 239
152 249
153 24
153 34
153 139
153 165
153 251
153 265
153 273
153 291
154 6
154 37
154 40
154 56
154 280
155 22
155 63
155 72
155 75
155 90
155 100
155 115
155 181
155 194
155 240
155 248
156 50
156 76
156 121
156 180
156 220
156 228
156 273
156 277
156 287
156 297
157 3
157 5
157 38
157 55
157 64
157 85
157 90
157 151
157 162
157 173
157 195
157 279
157 295
158 29
158 64
158 69
158 94
158 103
158 104
158 115
158 157
158 180
158 207
158 227
158 272
159 31
159 43
159 64
159 68
159 71
159 108
159 110
159 211
159 229
159 231
159 242
159 243
159 270
159 299
160 26
160 44
160 62
160 99
160 100
160 101
160 130
160 268
160 299
161 34
161 50
161 78
161 87
161 125
161 165
161 216
161 265
162 24
162 47
162 72
162 82
162 85
162 93
162 133
162 144
162 169
162 186
162 190
162 201
162 284
163 16
163 46
163 50
163 81
163 103
163 131
163 171
163 176
163 205
163 220
163 245
163 250
163 269
163 291
164 10
164 11
164 21
164 27
164 39
164 51
164 83
164 90
164 115
164 122
164 128
164 138
164 180
164 254
165 22
165 27
165 35
165 47
165 57
165 83
165 94
165 99
165 200
165 213
165 214
165 267
166 6
166 23
166 53
166 128
166 170
166 212
166 223
166 237
166 240
166 241
166 289
167 25
167 144
167 150
167 180
167 262
168 7
168 34
168 73
168 83
168 136
168 143
168 155
168 174
168 205
168 280
169 26
169 49
169 63
169 151
169 170
169 283
170 134
170 141
170 149
170 230
171 37
171 45
171 67
171 76
171 137
171 152
171 180
171 185
171 291
172 77
172 86
172 136
172 160
172 161
172 179
172 205
172 208
172 228
172 235
172 265
173 71
173 106
173 180
173 205
173 225
173 238
174 6
174 24
174 101
174 117
174 195
175 11
175 148
175 151
175 165
175 179
175 200
175 231
175 234
175 271
176 35
176 51
176 65
176 138
176 170
176 212
176 230
176 243
176 255
177 1
177 86
177 92
177 93
177 103
177 126
177 133
177 155
177 161
177 217
177 226
177 272
178 8
178 10
178 11
178 134
178 179
178 189
178 190
178 192
178 213
178 224
178 243
179 10
179 24
179 59
179 145
179 148
179 230
179 282
180 26
180 82
180 105
180 108
180 142
180 176
180 220
180 254
180 259
180 265
180 279
181 89
181 94
181 126
181 127
181 150
181 159
181 177
181 188
181 206
181 216
181 243
181 250
181 259
181 276
181 288
182 18
182 31
182 34
182 146
182 152
182 183
182 195
182 198
182 233
182 244
182 262
183 17
183 31
183 52
183 64
183 107
183 192
183 196
183 212
183 268
183 291
184 17
184 83
184 102
184 149
184 163
184 192
184 202
184 217
184 266
184 279
184 282
184 285
185 29
185 36
185 41
185 50
185 73
185 94
185 106
185 129
185 131
185 144
185 154
185 198
185 203
186 3
186 13
186 83
186 115
186 154
186 176
186 184
186 198
186 204
186 244
186 264
186 273
187 48
187 97
187 100
187 127
187 130
187 136
187 233
187 268
187 276
187 294
188 10
188 28
188 76
188 80
188 101
188 124
188 172
188 242
188 249
188 262
188 273
188 277
189 21
189 51
189 92
189 104
189 110
189 160
189 191
189 209
189 224
189 292
190 39
190 52
190 145
190 151
190 186
190 256
191 85
191 149
191 153
191 178
191 215
191 235
191 257
191 270
191 279
191 281
192 7
192 16
192 28
192 68
192 160
192 168
192 194
192 209
192 210
192 223
192 235
192 276
192 289
193 8
193 25
193 36
193 70
193 102
193 129
193 168
193 171
193 219
193 225
193 250
193 266
193 270
193 289
194 1
194 52
194 101
194 207
194 221
194 236
194 247
194 269
194 280
194 289
195 120
195 138
195 140
195 186
195 235
195 256
195 257
195 260
196 2
196 39
196 58
196 84
196 98
196 118
196 133
196 173
196 184
196 227
196 238
196 262
197 12
197 46
197 70
197 134
197 139
197 174
197 215
197 244
197 291
198 50
198 62
198 70
198 77
198 86
198 95
198 111
198 130
198 137
198 144
198 158
198 174
198 202
198 222
198 228
198 237
198 263
198 266
198 294
199 6
199 45
199 109
199 115
199 138
199 140
199 149
199 152
199 153
199 192
199 208
199 213
199 244
199 269
199 293
200 22
200 63
200 127
200 163
200 243
201 42
201 43
201 57
201 101
201 191
201 214
201 229
201 245
201 276
201 300
202 32
202 123
202 126
202 130
202 185
202 214
202 247
202 279
202 291
202 298
203 41
203 93
203 95
203 102
203 126
203 139
203 177
203 236
203 259
204 44
204 47
204 89
204 103
204 173
204 189
204 233
204 244
204 272
204 281
205 8
205 34
205 41
205 61
205 77
205 115
205 195
205 197
205 226
205 257
205 276
206 17
206 33
206 44
206 55
206 70
206 78
206 80
206 160
206 170
206 175
206 179
206 185
206 195
206 245
206 286
207 50
207 52
207 106
207 116
207 124
207 128
207 141
207 170
207 204
207 294
208 33
208 99
208 118
208 165
208 216
208 219
208 241
208 258
208 260
208 283
209 96
209 116
209 125
209 136
209 198
209 204
209 279
209 300
210 1
210 20
210 103
210 167
210 193
210 221
210 231
210 257
211 50
211 155
211 156
211 182
211 268
211 297
211 299
212 25
212 117
212 150
212 185
212 254
213 23
213 63
213 76
213 128
213 154
213 197
213 214
213 255
213 293
214 40
214 44
214 76
214 124
214 137
214 149
214 164
214 178
214 274
215 1
215 40
215 71
215 78
215 83
215 134
215 149
215 189
215 240
215 243
215 247
215 256
215 265
215 300
216 11
216 21
216 72
216 104
216 108
216 191
216 259
216 263
216 284
217 3
217 7
217 18
217 19
217 79
217 89
217 94
217 116
217 132
217 144
217 191
217 198
217 241
217 282
218 19
218 102
218 117
218 121
218 133
218 165
218 176
218 184
218 193
218 203
218 210
218 245
218 277
218 288
219 8
219 44
219 109
219 140
219 181
219 194
219 201
219 221
219 228
219 230
219 234
219 249
220 13
220 26
220 32
220 59
220 79
220 260
221 35
221 52
221 57
221 167
221 188
221 200
222 5
222 58
222 91
222 159
222 175
222 203
222 278
222 292
223 3
223 9
223 24
223 66
223 89
223 98
223 115
223 135
223 153
223 174
223 191
223 216
223 273
223 285
223 290
224 8
224 12
224 54
224 70
224 120
224 124
224 154
224 164
224 173
224 198
224 225
224 248
224 287
225 76
225 97
225 124
225 130
225 184
225 186
225 192
225 209
225 220
225 233
226 14
226 47
226 79
226 133
226 169
226 178
226 198
226 211
226 265
227 6
227 54
227 57
227 188
227 206
228 3
228 7
228 8
228 10
228 33
228 46
228 50
228 161
228 250
228 260
228 292
228 295
229 49
229 79
229 84
229 140
229 153
229 165
229 169
229 185
229 207
229 223
229 265
229 266
230 15
230 38
230 63
230 113
230 115
230 135
230 143
230 150
230 152
230 186
231 3
231 17
231 28
231 93
231 118
231 147
231 176
231 188
231 190
231 209
231 220
231 227
232 46
232 88
232 137
232 152
232 176
232 181
232 204
232 207
232 266
232 281
232 293
233 50
233 56
233 58
233 88
233 149
233 177
233 181
233 216
233 254
233 275
234 115
234 124
234 140
234 163
234 182
234 190
234 209
234 226
234 270
234 285
235 6
235 12
235 72
235 85
235 134
235 185
235 194
235 231
235 257
235 280
235 295
236 22
236 82
236 83
236 94
236 98
236 102
236 104
236 160
236 173
236 186
236 248
237 25
237 40
237 87
237 93
237 104
237 175
237 201
237 227
237 250
237 298
238 190
238 250
238 265
239 40
239 45
239 125
239 154
239 159
239 177
239 222
239 253
239 272
240 3
240 8
240 58
240 85
240 103
240 104
240 129
240 149
240 180
240 183
240 192
240 198
240 219
240 223
240 230
240 231
240 238
240 254
240 278
240 286
240 294
240 297
241 63
241 120
241 125
241 143
241 170
241 187
241 189
241 207
241 213
241 218
241 221
241 247
241 298
242 42
242 74
242 96
242 108
242 134
242 212
242 239
242 247
242 268
242 291
243 3
243 95
243 146
243 230
243 288
244 57
244 63
244 74
244 102
244 127
244 177
244 203
244 215
244 222
244 300
245 60
245 175
245 187
245 204
245 247
245 293
245 299
246 3
246 19
246 117
246 235
246 237
246 271
246 276
246 279
246 300
247 14
247 99
247 119
247 123
247 129
247 170
247 171
247 181
247 200
247 220
247 244
247 294
248 6
248 20
248 62
248 75
248 179
248 208
248 231
248 247
248 249
248 257
248 282
249 68
249 81
249 100
249 120
249 123
249 202
249 210
249 213
249 253
249 279
250 12
250 14
250 29
250 33
250 35
250 40
250 42
250 61
250 75
250 133
250 143
250 153
250 171
250 207
250 211
250 213
250 220
250 252
251 18
251 52
251 77
251 86
251 112
251 169
251 182
251 203
252 53
252 76
252 105
252 117
252 223
252 245
252 260
252 277
253 31
253 34
253 75
253 146
253 174
253 208
253 269
253 276
253 290
253 293
254 30
254 50
254 52
254 81
254 134
254 141
254 194
254 215
254 238
255 11
255 14
255 33
255 45
255 85
255 87
255 92
255 138
255 142
255 170
255 200
255 201
255 211
255 279
256 15
256 38
256 58
256 105
256 127
256 137
256 152
256 172
256 198
256 207
256 222
256 289
256 294
257 78
257 118
257 121
257 157
257 161
257 189
257 199
257 219
257 220
257 258
258 36
258 91
258 92
258 127
258 149
258 176
258 183
258 238
258 260
259 13
259 20
259 25
259 82
259 88
259 126
259 174
259 179
259 207
259 227
259 273
260 12
260 85
260 99
260 122
260 125
260 200
260 202
260 226
260 259
260 268
260 276
261 32
261 54
261 65
261 83
261 201
261 230
261 271
261 284
262 52
262 88
262 93
262 142
262 211
262 239
262 249
262 263
262 286
263 47
263 59
263 88
263 144
263 169
263 191
263 200
263 281
264 4
264 51
264 59
264 69
264 113
264 164
264 179
264 241
264 268
264 276
264 278
264 291
264 294
265 39
265 140
265 221
265 227
265 285
266 72
266 109
266 294
267 32
267 61
267 70
267 88
267 136
267 206
267 259
268 4
268 118
268 168
269 42
269 45
269 74
269 91
269 125
269 155
269 221
269 228
269 247
269 291
270 18
270 23
270 26
270 81
270 101
270 119
270 145
270 172
270 187
270 202
270 236
271 23
271 24
271 94
271 101
271 102
271 112
271 137
271 156
271 165
271 181
271 260
272 6
272 14
272 117
272 154
272 185
272 186
272 211
272 224
272 229
272 231
272 270
273 16
273 28
273 75
273 107
273 147
273 166
273 174
273 183
273 216
273 236
273 255
274 10
274 106
274 147
274 189
275 12
275 16
275 22
275 44
275 67
275 82
275 99
275 128
275 131
275 153
275 253
275 255
275 258
275 267
275 280
276 14
276 50
276 57
276 66
276 139
276 228
276 291
277 11
277 33
277 65
277 163
277 206
277 207
277 238
277 265
277 288
278 1
278 97
278 120
278 129
278 183
278 205
278 209
278 232
278 246
278 271
278 300
279 21
279 24
279 48
279 70
279 79
279 99
279 125
279 204
279 241
279 271
279 275
280 187
280 190
280 212
280 218
280 251
280 261
280 262
280 274
280 299
281 12
281 16
281 51
281 128
281 155
281 160
281 162
281 221
281 240
281 265
281 267
281 291
282 56
282 152
282 159
282 166
282 180
282 249
282 274
282 276
282 296
283 71
283 131
283 149
283 152
283 183
283 188
283 232
283 248
284 49
284 73
284 106
284 142
284 174
284 193
284 233
285 14
285 15
285 19
285 24
285 50
285 60
285 92
285 99
285 102
285 126
285 132
285 139
285 160
285 175
285 246
285 252
286 18
286 22
286 40
286 68
286 76
286 126
286 132
286 186
286 198
286 228
286 250
286 293
287 21
287 41
287 72
287 85
287 140
287 151
287 167
287 175
287 199
287 200
287 272
288 73
288 167
288 182
288 200
288 214
288 226
288 230
288 256
288 270
289 29
289 142
289 144
289 232
289 258
289 285
289 297
290 24
290 89
290 106
290 115
290 177
290 196
290 227
290 228
290 276
291 80
291 99
291 107
291 158
291 232
291 245
291 271
292 35
292 37
292 59
292 63
292 108
292 116
292 163
292 164
292 205
292 251
292 255
292 257
292 267
292 270
292 278
292 293
293 35
293 56
293 60
293 95
293 101
293 112
293 149
293 187
293 195
293 209
293 238
293 265
293 266
293 281
294 15
294 41
294 45
294 76
294 80
294 97
294 251
294 258
295 15
295 37
295 46
295 87
295 104
295 137
295 153
295 164
295 182
295 249
295 293
296 43
296 74
296 173
296 180
296 215
296 225
296 288
297 38
297 47
297 73
297 98
297 172
297 193
297 194
297 234
298 88
298 183
299 25
299 42
299 91
299 111
299 128
299 138
299 152
299 179
299 184
299 218
299 226
299 293
300 27
300 41
300 48
300 51
300 60
300 80
300 139
300 165
300 206
300 207
300 219
300 242
300 257

