100 500
78 70 32 113 35 112 72 79 65 94 113 89 39 63 35 109 93 86 21 29 108 76 77 94 36 44 67 56 66 59 80 49 47 108 65 70 93 42 88 105 43 54 98 69 98 24 106 42 28 109 41 20 94 29 119 61 90 55 119 22 102 63 103 64 49 24 79 75 31 66 51 96 67 48 79 109 24 78 90 68 30 59 112 119 76 62 41 47 21 67 64 87 24 41 102 113 98 94 62 50 
1 3
1 13
1 20
1 25
1 44
1 53
1 89
1 91
1 98
1 100
2 4
2 6
2 20
2 21
2 61
3 18
3 22
3 26
3 56
3 66
3 68
3 77
5 59
5 65
6 24
7 6
7 10
7 48
7 62
7 70
7 80
7 97
8 10
8 14
8 41
8 68
8 82
8 95
9 11
9 67
9 74
9 97
10 29
10 31
10 39
10 62
10 66
10 94
10 97
11 12
11 21
11 26
11 37
11 92
12 93
12 94
13 15
13 37
13 76
13 85
13 86
14 10
14 13
14 32
14 40
14 43
14 48
14 63
14 80
15 7
15 51
15 54
15 65
15 67
15 80
15 84
16 17
16 21
16 71
17 23
18 5
18 60
19 5
19 9
19 45
19 54
19 62
19 76
19 100
20 4
20 68
20 94
21 39
21 41
21 57
21 74
21 100
22 11
22 39
22 46
22 67
23 8
23 64
24 31
24 46
24 50
24 67
24 72
24 80
25 11
25 18
25 20
25 21
25 27
25 37
25 51
26 12
26 40
26 47
26 57
26 60
26 65
26 87
26 88
26 92
27 1
27 3
27 11
27 35
27 64
27 79
28 16
28 33
28 55
28 66
28 77
29 18
29 85
30 16
30 40
30 50
30 95
31 9
31 13
31 14
31 43
31 72
31 73
32 12
32 24
32 35
32 57
32 63
33 18
33 34
33 70
33 78
34 36
35 14
35 17
35 20
35 48
35 59
35 79
36 2
36 63
36 68
36 72
36 94
37 4
37 7
37 40
37 50
37 75
37 86
38 17
38 47
38 57
38 68
38 69
38 70
38 72
38 79
39 17
39 91
40 13
40 32
40 50
40 64
40 84
40 88
41 1
41 53
42 25
42 29
42 31
42 62
42 85
42 98
43 51
43 74
43 88
43 90
44 57
44 79
45 25
45 33
45 64
45 90
45 94
46 23
46 25
46 55
46 78
46 92
47 1
47 13
47 33
47 91
48 2
48 25
48 27
48 76
49 6
49 25
49 47
49 52
49 65
49 68
49 78
49 91
49 93
49 94
50 5
50 33
50 34
51 4
51 20
51 35
51 48
51 66
51 81
51 89
51 92
52 22
52 38
52 53
52 61
52 80
52 86
53 9
53 10
53 11
53 21
53 28
53 35
53 47
53 49
54 59
54 93
55 5
55 45
55 68
55 83
55 100
56 12
56 54
56 83
56 98
57 3
57 4
57 6
57 14
57 17
57 39
57 66
57 82
58 2
58 6
58 74
58 80
58 99
59 22
59 74
60 5
60 9
60 17
60 71
60 91
61 9
61 29
61 70
61 76
62 18
62 66
62 78
62 81
62 90
63 58
63 75
64 8
64 9
64 39
64 47
64 52
64 72
65 16
65 53
65 56
65 66
66 4
66 38
67 23
67 28
67 39
67 45
67 68
67 78
67 86
67 100
68 2
68 6
68 35
68 81
68 100
69 25
69 26
69 30
69 35
69 76
70 1
70 2
70 40
70 56
70 94
71 17
71 18
71 19
71 20
71 28
71 31
71 56
71 91
71 92
71 98
72 77
72 89
72 91
72 99
73 11
73 79
74 7
74 17
74 35
74 65
74 91
75 19
75 39
75 43
75 62
75 92
76 27
76 31
76 56
76 71
76 88
76 91
76 93
77 23
77 44
77 56
77 99
78 1
78 20
78 25
78 32
78 41
78 55
78 81
79 9
79 21
79 81
80 13
80 22
80 27
81 16
81 21
81 29
81 80
81 87
81 97
81 99
82 7
82 20
82 40
82 100
83 30
83 32
84 9
84 22
84 46
84 51
84 58
85 34
85 45
85 62
85 63
85 72
85 81
86 4
86 27
86 31
86 33
86 44
86 61
86 65
86 76
86 85
86 92
87 19
87 27
87 33
87 74
87 84
88 2
88 15
88 46
88 61
88 72
89 14
89 15
89 16
89 17
89 36
89 63
89 69
89 80
89 90
89 99
90 6
90 22
90 53
90 59
91 19
91 37
91 55
91 61
91 69
91 82
91 99
92 38
92 73
93 14
93 36
93 72
93 81
94 21
94 34
94 62
94 64
94 72
94 86
94 92
95 66
95 80
95 83
95 91
95 92
96 13
96 16
96 29
96 33
96 37
96 38
96 75
96 80
96 86
97 32
97 39
97 42
97 58
97 70
97 73
97 74
97 85
98 4
98 11
98 21
98 69
98 70
98 82
99 98
100 10
100 18
100 27
100 30
100 41
100 57
100 58
100 72

