200 2000
82 37 32 84 88 96 54 64 51 42 115 88 91 79 117 120 71 85 46 43 78 91 47 94 30 118 65 120 52 31 43 59 75 99 85 87 40 86 42 87 72 61 84 24 21 40 33 62 78 102 93 108 58 57 23 59 63 85 84 62 119 79 107 27 54 118 101 77 80 37 26 25 31 60 97 37 34 52 105 33 109 56 27 102 75 27 68 59 31 79 62 54 110 108 101 96 45 59 90 21 49 113 107 66 67 120 101 36 44 28 48 88 70 78 31 83 34 76 41 65 110 39 120 88 62 92 53 48 89 95 43 76 94 49 46 54 89 96 101 67 82 47 78 120 103 63 68 120 37 52 47 89 63 100 60 81 103 84 31 65 111 45 85 20 98 103 38 31 105 64 43 32 29 55 56 35 102 55 38 78 113 56 96 27 65 88 81 40 70 45 100 85 116 53 64 76 44 48 68 42 
1 2
1 4
1 12
1 19
1 21
1 34
1 52
1 68
1 71
1 109
1 155
1 164
1 197
2 9
2 10
2 23
2 41
2 42
2 49
2 52
2 56
2 61
2 72
2 73
2 79
2 92
2 103
2 108
2 114
2 117
2 124
3 58
3 65
3 75
3 91
3 126
3 128
3 149
3 152
3 163
3 167
3 183
3 195
4 5
4 20
4 36
4 57
4 71
4 98
4 114
4 150
4 197
5 10
5 32
5 43
5 49
5 58
5 66
5 86
5 88
5 90
5 132
6 10
6 13
6 15
6 17
6 27
6 38
6 48
6 73
6 77
6 105
6 161
6 193
7 1
7 46
7 51
7 63
7 107
7 136
7 143
7 150
7 171
7 176
7 182
8 12
8 63
8 70
8 92
8 114
8 121
8 130
8 138
8 140
8 150
8 191
9 15
9 77
9 101
9 142
9 171
9 188
10 13
10 21
10 86
10 145
10 159
10 171
10 183
11 28
11 48
11 57
11 77
11 106
11 140
11 173
11 174
12 45
12 58
12 79
12 89
12 110
12 143
12 177
12 199
13 25
13 43
13 69
13 78
13 140
13 184
14 32
14 34
14 46
14 115
14 122
14 134
14 147
14 151
14 196
14 199
15 7
15 28
15 36
15 61
15 64
15 69
15 87
15 100
15 125
15 187
16 4
16 6
16 41
16 57
16 63
16 92
16 118
16 137
16 165
17 60
17 68
17 70
17 81
17 128
17 162
17 168
17 169
17 172
17 178
17 188
17 196
18 7
18 15
18 70
18 129
18 185
19 34
19 40
19 44
19 59
19 94
19 126
19 131
19 170
19 190
20 74
20 79
20 84
20 111
20 139
20 149
20 151
20 154
20 191
21 44
21 112
21 130
21 131
21 144
21 158
22 5
22 16
22 17
22 49
22 61
22 66
22 78
22 97
22 143
22 191
23 7
23 25
23 49
23 54
23 73
23 89
23 103
23 126
23 138
23 148
23 149
23 163
23 171
24 14
24 16
24 38
24 48
24 76
24 89
24 110
24 133
24 142
24 144
24 177
24 186
24 197
25 40
25 43
25 58
25 75
25 95
25 199
26 10
26 67
26 103
26 121
26 149
26 180
26 184
26 198
26 200
27 32
27 57
27 78
27 138
27 139
27 148
27 178
28 9
28 18
28 36
28 49
28 72
28 75
28 76
28 91
28 134
28 155
28 158
28 160
28 178
29 4
29 7
29 9
29 28
29 30
29 53
29 58
29 79
29 133
29 183
29 188
30 34
30 63
30 82
30 87
30 133
30 162
30 175
30 180
30 194
31 97
31 117
31 119
31 138
31 139
31 154
31 179
32 6
32 13
32 75
32 76
32 81
32 101
32 111
32 183
33 49
33 50
33 110
33 142
33 148
33 158
33 172
33 187
33 188
34 7
34 39
34 43
34 64
34 65
34 79
34 114
34 152
34 173
34 199
35 37
35 59
35 125
35 158
35 168
35 169
36 3
36 29
36 35
36 42
36 46
36 47
36 124
36 174
36 175
37 63
37 76
37 106
37 108
37 163
37 165
37 167
37 171
38 13
38 41
38 43
38 79
38 88
38 120
38 141
38 169
38 170
38 176
38 195
39 5
39 16
39 24
39 43
39 60
39 62
39 74
39 78
39 114
39 135
39 149
39 192
39 193
39 200
40 8
40 20
40 24
40 32
40 38
40 43
40 51
40 56
40 82
40 84
40 113
40 134
40 136
40 158
40 177
41 13
41 23
41 24
41 26
41 67
41 111
41 121
41 132
41 134
41 141
41 143
41 144
41 185
41 199
42 8
42 33
42 43
42 63
42 76
42 93
42 97
42 109
42 119
42 128
42 136
42 137
42 148
43 26
43 59
43 65
43 69
43 75
43 108
43 121
43 125
43 158
43 159
43 198
44 10
44 11
44 16
44 20
44 33
44 45
44 74
44 114
44 131
44 151
44 170
44 174
44 181
44 186
45 27
45 28
45 43
45 77
45 146
45 162
45 170
45 178
45 191
46 26
46 28
46 31
46 59
46 91
46 96
46 106
46 140
47 16
47 33
47 58
47 59
47 66
47 80
47 126
47 140
47 148
47 153
47 182
47 186
47 193
48 21
48 22
48 53
48 72
48 109
48 172
48 185
48 191
49 4
49 10
49 32
49 39
49 45
49 73
49 129
49 149
49 150
49 151
49 166
49 180
49 189
50 25
50 26
50 47
50 75
50 130
50 167
50 181
51 70
51 81
51 82
51 87
51 109
51 118
51 128
51 146
51 149
51 192
52 8
52 42
52 54
52 113
52 118
52 158
52 160
52 167
52 170
52 176
52 181
52 182
53 16
53 17
53 20
53 39
53 43
53 78
53 86
53 88
53 113
53 116
53 124
53 143
53 159
53 173
54 15
54 112
54 132
54 184
55 14
55 44
55 60
55 116
55 121
55 136
55 139
55 144
55 187
56 9
56 50
56 75
56 123
57 1
57 5
57 12
57 40
57 63
57 74
57 79
57 113
57 133
57 137
57 158
57 165
58 15
58 21
58 30
58 37
58 71
58 91
58 115
58 119
58 128
58 146
59 20
59 31
59 50
59 56
59 69
59 73
59 84
59 89
59 116
59 158
60 4
60 24
60 67
60 68
60 87
60 125
60 142
60 189
60 197
61 17
61 49
61 73
61 87
61 92
61 97
61 148
61 155
61 161
61 171
61 173
61 180
61 183
62 36
62 43
62 72
62 85
62 114
62 131
62 132
62 135
62 146
62 168
62 172
62 181
62 186
63 49
63 50
63 74
63 78
63 91
63 97
63 133
63 173
63 190
63 195
63 199
64 49
64 50
64 88
65 10
65 21
65 46
65 68
65 70
65 83
65 112
65 119
65 141
65 190
65 198
66 38
66 40
66 107
66 136
66 165
66 183
67 11
67 14
67 28
67 64
67 107
67 111
67 120
67 124
67 151
67 193
68 42
68 55
68 71
68 86
68 108
68 110
68 139
68 173
68 186
69 12
69 47
69 55
69 58
69 113
69 135
69 171
70 10
70 19
70 26
70 43
70 94
70 104
70 146
70 165
71 17
71 45
71 47
71 66
71 76
71 83
71 86
71 95
71 106
71 111
71 125
71 128
71 132
71 150
71 151
71 159
71 165
71 179
72 40
72 56
72 59
72 96
72 103
72 116
72 144
72 146
72 167
72 174
72 186
73 53
73 70
73 77
73 102
73 116
73 125
73 154
73 163
73 170
73 194
73 197
74 32
74 51
74 54
74 66
74 77
74 82
74 88
74 93
74 174
74 199
75 14
75 15
75 21
75 52
75 58
75 59
75 74
75 91
75 106
75 110
75 123
75 138
75 150
76 29
76 67
76 95
76 107
76 143
76 149
76 164
76 181
76 182
77 10
77 24
77 37
77 55
77 56
77 63
77 78
77 110
77 112
77 123
77 129
77 173
77 174
78 14
78 28
78 35
78 102
78 112
78 116
78 121
78 124
78 139
78 161
78 185
78 198
79 42
79 56
79 58
79 65
79 68
79 113
79 119
79 139
79 164
80 6
80 23
80 26
80 37
80 39
80 75
80 92
80 103
80 128
80 137
80 189
81 37
81 90
81 138
81 146
81 156
81 157
81 175
81 176
81 191
82 1
82 7
82 10
82 25
82 53
82 67
82 77
82 86
82 90
82 106
82 144
82 155
82 159
82 168
82 184
82 187
82 199
83 12
83 27
83 84
83 87
83 120
83 125
83 174
83 182
84 1
84 15
84 77
84 97
84 116
84 121
84 122
84 131
84 166
85 11
85 13
85 32
85 105
85 107
85 148
85 172
85 177
86 12
86 15
86 21
86 23
86 41
86 79
86 93
86 135
86 138
86 175
86 185
86 190
87 52
87 73
87 121
87 125
87 128
87 135
88 2
88 47
88 79
88 116
88 122
88 137
88 154
89 4
89 8
89 10
89 72
89 79
89 114
89 181
90 12
90 35
90 84
90 87
90 99
90 111
90 120
90 185
91 13
91 21
91 29
91 33
91 95
91 116
91 123
91 146
91 166
91 176
92 11
92 17
92 31
92 47
92 48
92 126
92 144
92 155
92 157
93 5
93 13
93 20
93 48
93 175
93 186
94 17
94 18
94 36
94 38
94 51
94 98
94 114
94 134
94 161
94 193
94 196
95 1
95 14
95 44
95 97
95 137
95 146
95 181
95 194
96 73
96 102
96 103
96 121
96 170
96 172
96 179
96 184
97 4
97 58
97 65
97 67
97 72
97 90
97 102
97 106
97 118
97 140
97 152
97 167
97 175
97 182
97 184
98 1
98 11
98 53
98 78
98 110
98 136
98 175
99 27
99 39
99 55
99 62
99 73
99 92
99 97
99 100
99 110
99 125
99 150
99 164
99 192
100 16
100 37
100 41
100 54
100 64
100 72
100 145
100 147
100 148
100 165
100 200
101 72
101 116
101 141
101 181
101 186
102 10
102 13
102 21
102 51
102 60
102 94
102 113
102 125
102 170
103 52
103 67
103 73
103 194
104 4
104 8
104 25
104 82
104 93
104 94
104 109
104 120
104 136
104 190
104 197
105 12
105 30
105 57
105 62
105 68
105 70
105 134
105 153
105 159
105 164
105 178
105 193
106 9
106 25
106 63
106 65
106 73
106 89
106 110
106 130
106 139
106 159
106 181
106 183
106 187
106 191
106 192
106 200
107 18
107 21
107 22
107 35
107 63
107 68
107 81
107 86
107 92
107 104
107 108
107 139
107 141
107 154
107 170
107 187
108 15
108 17
108 19
108 29
108 34
108 41
108 63
108 65
108 87
108 105
108 106
108 133
108 150
108 152
108 155
108 167
108 177
108 197
109 30
109 54
109 86
109 92
109 93
109 132
109 144
109 147
109 166
109 176
109 196
110 1
110 17
110 26
110 29
110 30
110 125
110 127
110 148
110 188
110 189
111 1
111 2
111 6
111 8
111 29
111 37
111 50
111 62
111 88
111 105
111 137
111 138
111 161
112 17
112 27
112 146
112 176
112 178
113 5
113 31
113 35
113 47
113 62
113 143
113 152
113 160
113 167
113 169
114 55
114 64
114 76
114 84
114 99
114 145
114 153
114 156
114 193
114 194
115 7
115 31
115 62
115 97
115 108
115 130
115 148
116 1
116 31
116 32
116 49
116 61
116 83
116 105
116 114
116 125
116 134
116 136
116 140
116 167
116 174
117 5
117 9
117 21
117 28
117 32
117 46
117 91
117 92
117 93
117 132
117 147
117 189
117 190
118 8
118 39
118 46
118 79
118 92
118 106
118 158
118 183
118 187
118 190
118 195
119 35
119 39
119 87
119 98
119 130
119 174
119 181
119 196
120 8
120 33
120 50
120 88
120 89
120 107
120 115
120 119
120 146
120 148
121 4
121 40
121 50
121 61
121 64
121 67
121 89
121 116
121 135
121 156
121 199
122 9
122 27
122 37
122 87
122 95
122 116
122 145
122 159
122 166
123 76
123 109
123 128
123 155
123 161
123 193
123 194
123 198
123 200
124 1
124 12
124 24
124 29
124 40
124 41
124 46
124 52
124 71
124 82
124 103
124 106
124 111
124 113
124 149
124 155
125 8
125 18
125 39
125 96
125 164
125 174
125 187
126 12
126 17
126 34
126 43
126 91
126 106
126 125
126 132
126 137
126 141
126 146
126 191
127 19
127 35
127 99
127 138
127 189
128 52
128 89
128 120
128 154
128 156
129 11
129 42
129 48
129 117
129 168
130 7
130 53
130 66
130 75
130 135
130 136
130 158
130 160
130 191
131 12
131 22
131 59
131 135
131 150
131 179
131 198
132 12
132 37
132 42
132 72
132 79
132 85
132 100
132 101
132 112
132 127
132 131
132 194
133 8
133 32
133 35
133 66
133 78
133 83
133 102
133 117
133 121
133 151
134 4
134 80
134 115
134 125
134 127
134 131
134 143
134 158
134 175
134 180
135 60
135 85
135 115
135 140
135 181
135 190
135 200
136 13
136 16
136 23
136 31
136 94
136 108
136 121
136 143
136 175
136 199
137 4
137 19
137 29
137 32
137 51
137 65
137 100
137 102
137 131
137 143
137 169
137 175
137 196
138 29
138 42
138 49
138 50
138 71
138 101
138 114
138 135
138 137
138 143
138 163
138 165
138 166
138 173
138 187
139 36
139 63
139 67
139 74
139 82
139 89
139 133
139 136
139 148
139 158
139 163
139 178
139 182
139 194
140 17
140 21
140 23
140 37
140 49
140 53
140 60
140 113
140 128
140 136
140 146
140 179
140 182
141 11
141 14
141 32
141 44
141 69
141 93
141 97
141 109
141 123
141 195
141 197
142 1
142 25
142 54
142 78
142 85
142 113
142 114
142 130
142 133
142 135
142 167
142 195
143 1
143 42
143 43
143 51
143 67
143 107
143 126
143 128
143 147
144 11
144 12
144 29
144 104
144 111
144 117
144 146
144 153
144 168
144 179
144 191
144 195
145 20
145 44
145 93
145 97
145 117
145 171
145 173
145 195
145 199
146 8
146 23
146 36
146 80
146 93
146 94
146 102
146 182
147 37
147 66
147 99
147 110
147 118
147 138
147 142
147 148
147 177
148 19
148 22
148 26
148 53
148 56
148 62
148 69
148 132
148 170
148 178
148 183
148 190
148 200
149 29
149 83
149 89
149 106
149 109
149 115
149 143
149 174
149 198
150 50
150 76
150 82
150 83
150 98
150 112
150 118
150 133
150 157
150 165
150 177
150 188
150 189
150 191
150 193
151 10
151 69
151 74
151 104
151 136
152 39
152 40
152 49
152 61
152 80
152 123
152 127
152 138
152 185
153 4
153 84
153 100
153 106
153 137
153 158
153 178
153 184
153 191
154 44
154 55
154 57
154 69
154 71
154 74
154 86
154 96
154 120
154 124
154 127
154 130
154 160
154 175
155 23
155 85
155 89
155 93
155 147
155 196
156 10
156 83
156 88
156 172
156 193
156 197
157 6
157 26
157 52
157 55
157 85
157 111
157 125
157 131
157 153
157 182
157 186
158 1
158 4
158 9
158 34
158 36
158 60
158 92
158 125
158 170
158 173
158 183
158 187
158 199
158 200
159 17
159 21
159 26
159 48
159 96
159 127
159 178
160 10
160 80
160 103
160 132
160 151
160 152
160 199
160 200
161 16
161 53
161 91
161 119
161 147
161 158
161 194
162 22
162 29
162 32
162 63
162 68
162 83
162 116
162 118
162 121
162 149
162 169
162 192
163 4
163 71
163 75
163 76
163 96
163 113
163 129
163 134
163 135
163 194
164 31
164 51
164 81
164 100
164 130
164 140
164 195
164 200
165 1
165 11
165 13
165 17
165 67
165 79
165 82
165 91
165 151
166 18
166 31
166 46
166 128
166 145
166 147
166 154
166 182
166 186
166 198
167 5
167 161
167 162
168 1
168 13
168 19
168 31
168 46
168 61
168 67
168 125
168 146
168 159
169 12
169 29
169 41
169 43
169 67
169 85
169 118
169 133
169 143
169 149
169 184
170 12
170 25
170 30
170 50
170 65
170 77
170 106
170 117
170 139
170 152
170 167
170 176
170 183
171 1
171 59
171 72
171 87
171 94
171 169
172 6
172 23
172 35
172 41
172 47
172 73
172 83
172 103
172 129
172 143
172 152
172 165
173 2
173 13
173 36
173 50
173 67
173 84
173 97
173 102
173 119
173 125
173 136
173 139
173 198
174 4
174 14
174 46
174 48
174 58
174 142
174 180
174 196
175 21
175 24
175 38
175 43
175 56
175 75
175 89
175 99
175 118
175 124
175 135
175 165
175 181
176 36
176 43
176 74
176 89
176 125
176 165
177 28
177 58
177 63
177 64
177 75
177 95
177 119
177 124
177 160
177 195
178 12
178 35
178 52
178 62
178 64
178 66
178 83
178 88
178 156
178 166
178 182
178 187
178 194
179 16
179 18
179 22
179 28
179 29
179 54
179 62
179 92
179 112
179 125
179 138
179 145
179 151
179 170
179 186
180 12
180 18
180 31
180 35
180 63
180 88
180 91
180 146
181 26
181 37
181 65
181 96
181 112
181 130
181 131
181 139
181 146
181 150
181 187
182 6
182 18
182 24
182 27
182 49
182 168
182 199
183 4
183 26
183 35
183 64
183 74
183 82
183 101
183 114
183 127
183 150
183 185
184 3
184 11
184 31
184 32
184 34
184 79
184 147
184 156
184 160
184 188
185 13
185 35
185 37
185 53
185 62
185 68
185 97
185 106
185 119
185 122
185 138
185 141
185 149
185 173
185 186
185 199
186 1
186 7
186 23
186 35
186 42
186 63
186 77
186 89
186 109
186 135
186 141
186 142
186 175
186 188
187 1
187 39
187 65
187 84
187 128
187 142
187 154
187 189
187 192
187 198
188 28
188 39
188 51
188 55
188 70
188 123
188 126
188 159
188 183
189 30
189 40
189 47
189 148
189 158
189 185
189 196
190 4
190 12
190 30
190 42
190 62
190 66
190 74
190 85
190 100
190 113
190 155
190 172
191 6
191 16
191 28
191 84
191 87
191 88
191 92
191 99
191 105
191 119
191 123
191 134
191 142
191 163
191 172
191 178
191 186
192 1
192 18
192 26
192 27
192 49
192 68
192 73
192 95
192 165
192 193
193 13
193 26
193 27
193 37
193 77
193 78
193 88
193 133
194 31
194 49
194 67
194 87
194 89
194 97
194 127
194 131
194 183
194 187
194 189
195 14
195 71
195 93
195 130
195 160
196 46
196 59
196 74
196 128
196 132
196 133
196 146
196 165
196 178
196 183
196 184
196 191
197 8
197 63
197 77
197 78
197 97
197 127
197 133
198 4
198 14
198 19
198 63
198 72
198 77
198 86
198 89
198 97
198 127
198 155
198 159
198 167
199 3
199 30
199 109
199 118
199 128
199 137
199 157
200 41
200 62
200 68
200 136
200 138
200 153
200 156
200 181

