250 250
88 75 53 98 35 27 107 32 103 82 23 95 30 40 78 26 61 23 71 65 112 87 104 83 58 35 69 47 74 76 59 24 40 98 52 46 58 45 34 63 78 57 87 104 106 34 107 30 43 120 31 84 96 26 101 72 48 49 37 39 64 78 79 119 58 52 120 63 72 116 82 92 57 78 77 116 77 25 46 24 20 37 38 96 110 91 52 116 88 62 109 111 53 46 43 82 54 43 32 56 76 87 109 71 46 63 82 112 46 71 37 44 116 44 111 105 20 106 53 83 94 75 59 75 49 92 108 22 66 76 41 38 85 45 113 39 81 31 64 101 87 112 52 54 44 96 86 99 24 70 48 97 58 45 65 49 80 64 38 38 92 85 48 31 43 87 61 110 77 101 47 81 55 99 112 81 72 91 106 103 84 50 85 111 95 25 34 108 111 23 108 43 81 67 107 36 43 45 86 100 55 64 92 77 93 67 106 74 99 63 50 58 61 102 38 43 45 95 44 96 102 56 36 24 39 34 101 61 105 65 48 67 90 24 44 84 60 104 64 108 99 110 35 33 44 45 35 101 55 55 
1 27
2 54
2 119
2 142
2 212
7 39
10 149
11 162
12 161
12 185
13 139
13 235
14 92
17 35
17 150
17 222
18 226
19 16
19 168
21 152
21 201
22 46
24 92
26 192
27 51
29 192
29 234
30 193
35 7
36 211
37 181
37 216
39 38
40 222
44 144
45 89
46 42
46 154
47 59
47 134
47 143
48 204
49 82
49 92
50 86
54 140
55 24
56 211
57 23
58 92
59 171
60 126
61 29
61 188
63 1
63 205
63 248
64 56
65 7
65 144
66 149
66 215
67 198
69 206
70 100
72 36
73 169
74 224
74 226
75 163
75 187
76 197
77 16
78 137
79 21
79 106
81 202
81 226
83 87
83 180
84 124
84 209
84 214
85 222
87 112
87 115
87 145
87 241
88 38
88 42
89 28
90 48
90 80
90 191
91 45
92 163
92 193
93 16
94 145
95 207
95 224
97 235
98 11
98 236
99 48
100 86
100 250
101 90
102 56
102 75
103 104
105 61
106 201
106 230
107 183
110 146
111 29
111 208
112 4
112 33
113 100
114 240
115 204
116 117
120 125
120 129
121 212
122 125
122 155
124 78
125 177
130 29
130 181
131 13
132 161
133 157
133 233
133 238
134 167
134 215
135 142
138 249
142 12
142 94
143 49
143 227
145 3
146 32
146 40
147 123
149 104
149 200
150 68
151 69
153 41
153 65
153 250
154 164
156 204
156 245
157 134
157 162
157 223
158 132
158 196
158 230
160 89
160 121
160 137
160 183
160 184
163 144
163 173
163 244
164 145
165 179
166 148
166 152
169 215
170 44
170 152
173 34
173 247
176 102
176 214
177 134
177 198
182 129
183 186
184 119
185 36
186 40
186 161
187 35
187 58
188 44
188 81
188 220
188 232
189 202
189 220
190 102
192 169
192 199
193 248
195 229
197 74
197 180
198 38
198 208
199 136
201 189
202 28
202 203
205 170
206 5
206 10
208 217
210 198
212 138
217 118
218 184
220 196
220 217
221 144
221 240
224 142
224 189
224 214
225 126
229 118
229 134
230 225
231 164
233 11
233 23
233 212
235 27
235 107
235 224
236 20
239 200
240 12
241 203
242 21
243 208
244 211
245 39
249 24
249 137

