150 250
70 62 109 78 68 63 69 40 31 71 73 108 23 57 35 58 95 102 75 24 48 57 38 95 32 96 52 114 82 76 57 120 93 114 77 63 81 73 102 21 107 88 96 64 62 83 23 45 24 44 110 57 97 29 42 74 26 73 37 98 79 69 102 53 57 59 49 90 54 72 34 50 76 99 80 38 55 59 75 95 41 42 64 20 58 27 86 86 61 97 70 31 31 48 105 45 52 33 69 60 34 70 86 99 84 73 32 80 68 102 57 51 67 30 67 59 40 99 68 109 113 24 120 86 29 30 35 70 36 105 104 38 22 100 23 78 31 62 83 60 22 55 75 97 20 21 68 52 73 57 
1 99
2 88
2 96
2 127
2 138
3 84
3 102
4 14
4 58
5 104
6 70
7 59
8 40
8 90
8 126
9 26
10 75
10 82
11 78
11 114
12 45
13 25
13 123
14 10
14 60
14 82
15 64
15 87
16 58
17 5
17 68
17 112
18 111
19 23
20 17
21 7
21 47
22 141
23 55
24 16
25 37
25 75
25 96
26 91
26 92
26 140
27 13
28 8
28 21
28 27
28 44
28 149
29 5
29 107
30 85
30 148
32 134
34 33
34 44
34 126
34 145
35 27
35 96
36 12
36 97
37 6
37 28
37 130
38 135
40 12
41 45
41 92
42 54
42 101
43 82
44 16
44 48
44 114
44 116
45 99
46 57
47 119
47 143
48 92
49 69
49 141
49 149
50 107
52 112
53 39
53 97
53 119
53 149
53 150
54 138
55 130
56 131
56 145
57 72
57 121
58 39
60 19
60 49
60 99
60 130
61 60
62 46
62 80
62 132
63 121
63 127
64 19
64 61
64 125
65 134
66 41
66 124
67 42
69 82
69 116
70 41
70 106
72 22
72 108
73 22
74 44
76 108
77 24
77 121
78 37
79 41
79 111
80 26
80 28
80 97
82 122
83 9
83 124
84 87
85 6
85 103
85 117
87 63
87 139
88 13
88 69
88 87
91 111
91 133
92 6
92 40
93 42
93 71
93 77
93 96
93 141
93 149
95 134
96 112
97 19
97 27
97 35
98 59
98 113
101 70
101 77
101 114
101 115
101 134
101 136
102 19
102 50
102 56
102 117
105 142
108 17
108 109
108 143
109 18
109 77
109 81
109 117
109 143
110 90
110 103
110 114
111 106
112 45
112 114
113 57
113 128
113 144
114 17
114 63
115 29
117 125
118 81
119 26
120 57
120 114
121 100
121 124
121 125
122 143
123 104
124 8
125 75
126 94
127 38
127 46
128 17
128 30
128 79
128 114
128 147
129 4
130 79
131 143
132 39
134 72
134 130
135 67
136 8
136 98
137 35
137 53
137 103
138 5
138 125
139 57
139 147
142 69
144 52
144 129
144 146
145 7
145 31
145 54
145 137
146 23
147 32
147 48
147 54
148 88
149 23
149 90
149 110
150 4
150 31
150 110

