50 250
50 74 68 54 45 94 23 47 111 28 85 102 59 52 29 48 113 27 114 37 102 21 86 88 23 24 48 98 112 27 110 114 113 86 46 39 25 117 71 40 103 71 75 73 116 45 76 26 98 20 
1 19
1 31
1 36
1 38
2 14
2 26
3 20
3 23
3 27
4 20
4 25
4 46
5 2
5 18
5 23
5 27
5 28
5 38
5 46
5 48
6 8
6 19
6 29
6 32
6 42
6 50
7 1
7 10
7 11
7 22
8 5
8 27
9 3
9 11
9 17
9 37
10 26
11 1
11 14
11 20
11 23
11 28
11 30
12 3
12 6
12 10
12 33
12 37
13 7
13 9
13 19
13 26
13 28
13 40
14 8
14 16
14 26
14 38
14 49
15 6
15 12
15 14
15 19
15 21
15 27
15 33
15 36
15 50
16 6
16 9
16 10
16 18
16 23
17 33
17 35
17 36
17 37
17 44
18 2
18 12
19 22
19 26
19 39
20 13
20 43
20 47
21 25
22 1
22 3
22 36
22 47
22 48
23 13
23 43
23 49
24 12
24 18
24 23
24 32
24 47
25 28
25 33
26 3
26 4
26 16
26 22
26 28
26 36
26 39
26 45
27 4
27 6
28 8
28 9
28 23
28 37
28 41
28 43
28 44
29 16
29 18
29 25
29 47
30 3
30 9
30 12
30 20
30 27
30 36
30 37
30 40
30 44
31 2
31 10
31 19
31 26
32 2
32 29
32 38
33 3
33 7
33 16
33 21
33 22
33 34
33 41
34 7
34 17
34 21
34 35
35 24
35 36
35 41
35 45
35 49
36 4
36 19
36 34
36 42
36 44
37 13
37 27
37 47
38 7
38 8
38 26
38 28
38 36
38 39
38 44
39 1
39 9
39 10
39 11
39 14
39 25
39 47
40 2
40 3
40 4
40 9
40 12
40 39
40 42
40 44
40 47
41 11
41 12
41 24
41 26
41 44
41 46
42 17
42 26
42 28
42 31
42 33
42 34
42 38
42 47
43 3
43 10
43 11
43 17
43 29
43 30
43 46
43 49
43 50
44 1
44 14
44 39
45 5
45 6
45 20
45 22
45 29
45 30
45 47
46 31
47 3
47 11
47 17
47 18
47 21
47 26
47 27
47 31
47 34
47 35
47 41
48 7
48 8
48 31
48 35
49 6
49 19
49 22
49 26
49 33
49 45
50 4
50 5
50 8
50 13
50 14
50 21
50 30
50 37
50 48

