150 1000
71 51 22 80 115 29 58 113 44 62 96 54 49 83 86 78 33 73 76 65 82 49 109 32 95 62 38 98 111 83 65 113 116 56 84 83 83 115 113 22 98 69 22 21 86 68 69 41 69 69 75 109 48 66 60 50 51 75 83 73 58 77 92 118 28 55 44 114 119 117 66 92 80 67 75 40 65 98 22 100 50 116 52 68 70 117 82 24 113 35 96 96 88 35 87 41 28 45 94 94 53 42 84 73 44 84 47 107 60 98 85 23 116 65 62 64 30 83 43 25 41 87 90 77 100 89 77 69 54 97 23 105 37 51 81 78 70 40 93 25 42 120 54 35 23 76 66 71 117 62 
1 10
1 26
1 57
1 59
1 67
1 100
1 122
1 145
2 87
2 108
2 123
3 24
3 80
3 88
3 105
3 107
3 141
4 8
4 14
4 24
4 29
4 33
4 39
4 48
4 65
4 79
4 114
5 23
5 50
5 99
5 125
5 135
6 22
6 53
6 89
6 113
6 150
7 27
7 34
7 55
7 91
7 97
7 103
7 116
8 30
8 32
8 48
8 61
8 80
8 96
8 99
8 115
8 133
9 17
9 44
9 50
10 38
10 75
10 82
10 147
11 63
11 77
11 93
11 102
11 146
12 5
12 19
12 33
12 52
12 78
12 90
12 112
12 140
13 63
13 85
13 95
13 112
13 129
14 32
14 54
14 86
14 109
15 43
15 64
15 65
15 82
15 95
15 107
16 46
16 49
16 55
16 95
16 104
16 112
16 121
16 131
16 146
17 10
17 15
17 25
17 29
17 32
17 76
17 80
17 106
17 111
17 113
17 142
17 147
18 4
18 6
18 10
18 16
18 29
18 39
18 51
18 61
18 74
18 109
18 114
18 126
18 127
19 22
19 30
19 46
19 47
19 50
19 89
19 119
19 122
19 129
20 63
20 102
20 128
21 17
21 28
21 32
21 39
21 52
21 92
21 115
21 116
21 148
22 3
22 11
22 26
22 44
23 3
23 89
23 95
24 15
24 40
24 51
24 58
24 75
24 82
24 86
24 94
24 137
24 148
25 6
25 19
25 35
25 61
25 133
26 18
26 91
26 94
26 101
27 67
28 7
28 17
28 30
28 33
28 49
28 75
28 95
28 116
28 123
28 142
29 13
29 46
29 105
29 108
29 123
29 135
29 140
29 141
30 51
30 107
30 142
31 8
31 32
31 36
31 37
31 51
31 52
31 62
31 91
31 128
31 130
31 131
31 150
32 4
32 65
32 89
32 105
32 126
33 15
33 21
33 94
33 103
34 45
34 54
34 81
34 97
34 122
34 127
34 150
35 15
35 32
35 50
35 59
35 61
35 121
35 123
35 129
35 142
36 49
36 60
36 68
36 80
36 83
36 102
36 106
36 139
37 59
37 75
37 91
37 94
37 112
37 132
38 50
38 65
38 69
38 86
38 111
38 116
38 124
38 145
39 6
39 9
39 38
39 48
39 54
39 114
39 116
39 148
40 2
40 62
40 71
40 107
40 116
40 129
40 135
41 10
41 58
41 59
42 9
42 12
42 34
42 128
43 74
43 89
43 132
43 133
43 141
43 146
44 13
44 19
44 59
44 67
44 72
44 82
44 88
44 121
45 23
45 137
46 37
46 70
46 111
46 114
46 116
46 139
46 148
47 6
47 14
47 41
47 72
47 88
47 147
48 2
48 13
48 98
48 101
49 9
49 11
49 12
49 77
49 97
49 120
50 25
50 34
50 44
50 67
50 68
50 78
50 131
51 1
51 4
51 32
51 72
51 117
51 131
52 8
52 59
52 80
52 105
52 115
53 24
53 27
53 44
53 47
53 61
53 69
53 74
53 123
53 140
53 144
54 16
54 29
54 38
54 48
54 96
54 107
54 120
54 135
54 141
54 148
55 27
55 29
55 66
55 123
55 142
56 89
57 13
57 21
57 60
57 74
57 78
57 109
57 125
57 137
58 15
58 42
58 48
58 132
58 137
58 150
59 53
59 55
59 75
59 88
59 93
59 120
59 121
60 31
60 43
60 105
60 123
60 150
61 51
61 77
61 112
61 145
62 14
62 52
62 109
62 118
62 147
63 5
63 14
63 52
63 59
63 119
63 120
63 128
64 14
64 88
64 95
64 138
65 25
65 60
65 71
65 129
65 143
66 114
67 37
67 55
67 58
67 108
67 121
67 136
68 20
68 61
68 80
68 84
68 97
68 99
68 102
68 127
68 130
68 135
68 148
69 20
69 67
69 85
70 19
70 22
70 40
70 51
70 102
70 111
71 10
71 103
71 106
71 125
72 19
72 23
72 61
72 111
72 130
73 2
73 74
73 82
73 115
73 119
73 123
73 126
73 133
73 141
74 42
74 44
74 92
74 125
74 136
75 14
75 38
75 62
75 64
75 71
75 93
75 102
75 110
75 121
76 7
76 27
76 41
76 111
76 112
76 114
76 122
76 131
76 132
76 148
77 140
78 10
78 20
78 41
78 42
78 47
78 49
78 56
78 113
78 117
78 124
79 78
79 96
79 101
79 135
80 14
80 70
80 95
80 96
80 100
80 106
80 112
80 131
80 138
81 5
81 44
81 62
81 70
81 77
81 132
81 145
82 48
82 56
82 59
82 71
82 80
82 94
82 96
83 6
83 15
83 49
83 60
83 133
84 6
84 47
84 105
84 116
84 118
84 146
84 147
85 30
85 43
85 47
85 96
85 121
85 134
86 9
86 16
86 63
86 72
86 85
86 109
86 138
86 141
86 146
87 10
87 22
87 42
87 57
87 68
87 70
87 84
87 129
87 138
87 141
87 146
88 15
88 67
88 73
88 77
88 91
88 97
89 16
89 20
89 58
89 86
89 111
89 149
90 14
90 32
90 46
90 72
90 87
90 138
91 32
91 34
91 50
91 66
91 117
91 128
92 6
92 31
92 37
92 61
92 77
92 97
92 103
92 121
92 129
92 147
93 40
93 53
93 57
93 70
93 102
93 141
93 144
94 7
94 92
95 22
95 61
95 70
95 84
95 130
96 26
96 29
96 40
96 66
96 131
97 8
97 33
97 40
97 54
97 70
97 104
97 111
97 119
98 2
98 38
98 111
98 125
98 126
98 132
99 4
99 13
99 133
100 25
100 44
100 56
100 60
100 78
100 118
100 134
101 34
101 46
101 72
101 75
101 80
101 99
101 103
101 105
101 109
101 113
101 144
102 7
102 53
102 60
102 62
102 64
102 71
102 77
102 81
102 110
102 124
103 13
103 48
103 67
103 80
103 111
104 1
104 8
104 34
104 53
105 10
105 19
105 37
105 43
105 74
105 87
105 95
105 113
105 135
106 22
106 24
106 40
106 46
106 48
106 53
106 79
106 135
106 136
107 53
107 73
107 150
108 21
108 24
108 63
108 72
109 21
109 28
109 66
109 104
109 134
110 37
110 41
110 98
110 105
110 127
110 130
110 135
111 6
111 36
111 53
111 101
111 110
111 113
111 138
111 141
112 2
112 30
112 71
112 79
113 30
113 38
113 42
113 47
113 48
113 52
113 63
113 67
113 72
113 84
113 86
113 92
113 143
114 11
114 20
114 21
114 24
114 35
114 48
114 97
114 100
114 128
114 133
114 136
114 149
115 18
115 37
115 47
115 58
115 64
115 83
115 87
116 27
116 53
116 58
116 71
116 81
116 83
116 96
117 17
117 31
117 45
118 4
118 11
118 71
118 122
118 142
118 145
118 148
118 149
119 1
119 10
119 18
119 20
119 23
119 57
119 79
119 106
119 117
120 1
120 19
120 34
120 103
120 104
120 109
120 111
120 149
121 22
121 49
121 54
122 10
122 23
122 41
122 70
122 73
122 75
122 79
122 98
122 129
122 138
123 11
123 43
123 70
123 75
123 80
123 91
123 106
123 128
124 42
124 104
124 146
125 111
125 120
125 144
126 25
126 28
126 38
126 39
126 52
126 53
126 86
126 88
126 112
126 120
126 140
127 3
127 9
127 38
127 71
127 97
127 99
128 37
128 55
128 61
128 75
128 83
128 134
128 146
128 148
129 6
129 20
129 32
129 34
129 38
129 68
129 71
129 120
129 125
129 145
130 24
130 26
130 30
130 46
130 57
130 66
130 109
130 122
130 139
130 145
131 8
131 10
131 27
131 29
131 34
131 59
131 68
131 84
131 101
131 148
132 26
132 32
132 49
132 51
132 52
132 72
132 73
132 80
132 97
133 64
133 66
133 143
134 21
134 46
135 6
135 7
135 32
135 33
135 34
135 89
135 96
135 123
135 130
135 134
135 137
136 5
136 8
136 19
136 66
136 124
136 135
137 10
137 15
137 39
137 41
137 77
137 95
137 105
137 113
137 116
138 20
138 65
138 73
138 82
138 97
138 102
138 113
139 42
139 45
139 92
139 101
139 119
139 134
140 1
140 7
140 39
140 44
140 70
140 78
140 86
140 114
140 116
140 117
141 24
141 45
141 55
141 63
141 69
141 105
141 114
141 118
141 125
142 22
142 32
142 51
142 83
142 89
142 115
142 119
142 128
142 140
142 147
143 59
143 101
143 108
143 116
143 126
143 130
144 6
144 16
144 27
144 30
144 37
144 69
144 77
144 113
144 138
145 25
145 35
145 90
145 92
146 18
146 42
146 63
146 64
146 69
146 74
146 88
146 104
146 131
146 137
146 139
147 9
147 12
147 29
147 30
147 59
147 68
147 72
147 95
147 134
147 136
148 38
148 41
148 74
148 85
148 122
148 135
148 142
149 1
149 12
149 34
149 36
149 42
149 58
149 94
149 115
149 150
150 1
150 32
150 46
150 64
150 84
150 137

