200 250
32 111 20 75 45 90 38 110 79 96 80 60 33 87 76 25 30 82 53 66 56 80 80 99 29 102 31 80 90 37 96 65 100 22 38 47 52 79 22 93 22 27 107 73 63 51 54 93 112 39 29 68 45 82 84 119 20 53 99 97 86 103 77 37 23 72 57 48 73 83 77 82 61 27 104 109 41 58 110 93 96 69 34 96 62 75 95 68 31 35 66 84 52 60 79 57 98 40 100 20 103 110 119 117 29 86 115 69 117 71 26 65 94 62 98 67 29 99 41 47 94 98 84 115 69 74 103 113 75 49 43 80 42 104 37 115 66 92 69 77 29 55 42 67 44 37 93 70 103 35 25 96 86 54 94 28 93 105 61 44 59 108 39 95 114 114 35 75 35 61 84 85 41 32 31 24 31 53 38 117 45 40 72 105 109 30 50 37 98 49 21 76 24 113 85 111 93 60 90 97 
2 108
3 42
3 188
4 145
5 68
7 28
7 37
7 70
7 162
11 112
12 27
12 143
13 153
14 18
14 95
15 37
17 4
17 85
21 94
22 185
23 107
23 162
24 97
24 156
24 162
24 178
24 182
26 140
27 6
27 119
28 103
29 67
29 129
30 48
30 156
30 188
31 27
32 1
32 137
33 199
34 96
35 181
35 193
36 126
36 175
37 20
37 76
38 26
38 176
40 21
40 31
40 181
41 142
42 69
42 140
44 187
45 35
45 97
45 168
46 24
46 41
46 52
47 160
49 127
50 75
50 88
52 11
52 164
53 22
55 12
55 75
55 106
55 117
56 19
58 43
60 23
61 118
63 81
64 36
65 45
65 76
65 120
65 127
66 23
67 68
67 91
67 110
69 153
70 68
71 37
71 49
72 87
72 150
73 117
75 1
75 28
76 3
76 78
77 49
77 52
78 53
79 65
80 14
80 165
82 115
83 148
83 179
84 104
84 187
85 22
85 40
86 31
86 145
87 84
89 92
90 21
91 150
94 32
95 50
96 130
96 148
96 161
97 72
99 72
100 121
100 137
102 156
103 52
103 89
103 111
103 154
104 20
105 75
105 142
107 10
109 185
110 88
111 6
113 141
114 116
114 183
115 25
115 142
116 30
117 98
117 116
118 77
119 10
120 174
121 86
122 6
124 158
124 173
125 111
126 152
127 107
128 168
128 197
129 174
130 37
131 5
132 20
132 32
132 151
132 182
132 189
133 71
135 145
136 149
137 134
138 69
138 98
138 160
140 102
141 19
141 148
141 161
142 107
142 199
146 57
146 153
146 156
148 58
148 200
149 16
150 20
150 112
150 140
151 118
152 1
154 34
154 163
154 170
155 49
155 149
156 26
157 52
157 148
158 13
158 100
158 129
158 186
159 14
161 9
161 21
161 170
161 185
164 127
166 156
167 99
167 163
168 181
169 177
171 41
171 127
172 49
172 131
173 98
175 104
176 86
177 30
177 176
179 2
179 54
180 67
181 143
181 195
182 98
183 137
185 35
185 36
185 199
186 167
186 189
187 5
187 139
188 54
188 103
189 61
189 114
191 165
192 9
194 7
194 156
195 165
196 21
197 54
198 50
200 1
200 112

