200 2000
60 115 90 107 50 52 36 79 95 53 42 36 34 67 34 102 95 59 87 71 64 99 120 40 20 91 70 71 31 89 115 41 114 110 29 30 50 94 53 55 71 68 81 107 113 58 78 89 42 34 81 95 88 63 38 23 40 95 99 101 120 71 37 70 103 83 85 71 71 50 26 97 25 84 62 24 25 64 71 84 76 116 56 53 48 44 68 65 40 84 117 94 62 21 116 66 90 28 77 114 56 71 35 106 42 86 95 44 61 27 63 38 34 59 35 115 87 72 93 32 70 102 120 75 65 24 58 25 118 87 60 107 57 65 113 110 117 51 73 55 106 29 50 92 64 30 78 111 76 33 50 68 68 86 64 54 90 71 57 47 115 67 40 26 118 33 47 52 94 85 102 96 112 22 27 99 105 74 109 54 111 81 71 71 78 61 39 95 96 81 20 62 97 102 71 72 24 76 99 71 
1 39
1 50
1 53
1 55
1 62
1 103
1 122
1 132
1 191
1 194
1 195
2 20
2 31
2 54
2 77
2 101
2 109
2 114
2 121
2 122
2 155
2 159
2 170
2 172
2 195
3 26
3 43
3 48
3 54
3 64
3 130
3 136
3 139
3 149
3 161
3 170
3 175
3 176
3 181
3 192
4 19
4 40
4 43
4 48
4 58
4 61
4 66
4 108
4 115
4 118
4 159
4 168
4 191
5 25
5 38
5 67
5 160
5 187
5 194
6 12
6 18
6 33
6 39
6 57
6 66
6 138
6 159
6 173
6 177
6 180
7 3
7 46
7 111
7 158
7 166
7 172
7 187
7 195
8 2
8 27
8 80
8 103
8 163
8 189
8 195
8 199
9 6
9 11
9 33
9 67
9 81
9 82
9 86
9 117
9 145
9 150
9 163
10 21
10 48
10 54
10 94
10 110
10 136
10 140
10 153
10 156
10 193
10 199
11 4
11 10
11 12
11 19
11 88
11 90
11 92
11 96
11 127
11 129
11 156
11 171
11 189
12 30
12 98
12 100
12 116
12 131
12 146
12 165
12 200
13 35
13 45
13 76
13 111
13 114
13 127
13 128
13 131
13 141
13 149
13 162
13 185
14 6
14 18
14 30
14 36
14 43
14 64
14 74
14 78
14 83
14 130
14 141
14 143
14 194
15 14
15 20
15 48
15 58
15 81
15 90
15 117
15 149
15 167
16 34
16 56
16 78
16 115
16 125
16 141
16 161
16 171
16 174
16 177
17 7
17 24
17 25
17 32
17 52
17 61
17 66
17 91
17 145
17 149
17 174
18 36
18 90
18 104
18 174
18 191
18 200
19 15
19 26
19 46
19 55
19 58
19 86
19 93
19 119
19 138
19 147
19 178
19 195
19 200
20 12
20 28
20 108
20 115
20 143
20 154
20 168
20 192
21 13
21 37
21 55
21 76
21 82
21 85
21 92
21 112
21 118
21 128
22 19
22 41
22 56
22 70
22 173
23 13
23 35
23 41
23 51
23 63
23 64
23 65
23 96
23 136
23 156
23 158
23 189
23 191
23 199
24 8
24 56
24 83
24 93
24 98
24 100
24 128
24 147
24 154
25 14
25 35
25 40
25 50
25 109
25 130
25 152
26 60
26 64
26 84
26 138
26 158
26 175
26 199
27 6
27 12
27 28
27 80
27 83
27 93
27 95
27 104
27 115
27 161
27 177
28 6
28 19
28 30
28 38
28 56
28 78
28 118
28 136
28 180
29 13
29 22
29 49
29 88
29 94
29 170
30 56
30 96
30 104
30 115
30 155
30 157
30 190
31 9
31 10
31 22
31 25
31 78
31 82
31 96
31 101
31 104
31 113
31 114
31 117
31 131
31 140
31 148
31 151
31 159
32 14
32 75
32 84
32 85
32 112
32 123
32 146
32 148
32 162
32 168
32 177
33 13
33 14
33 24
33 42
33 51
33 54
33 62
33 65
33 66
33 80
33 102
33 186
34 49
34 66
34 68
34 81
34 89
34 117
34 126
34 130
34 144
34 162
34 167
34 192
35 21
35 47
35 77
35 89
35 137
35 139
35 146
35 199
36 30
36 38
36 60
36 71
36 72
36 107
36 123
36 142
36 146
36 157
36 167
36 177
36 182
37 8
37 9
37 29
37 90
37 93
37 94
37 113
37 149
37 197
38 19
38 25
38 83
38 97
38 99
38 107
38 137
38 140
38 143
38 163
38 177
38 183
38 188
38 197
39 17
39 26
39 42
39 48
39 50
39 54
39 143
39 151
39 161
39 171
39 174
39 198
40 18
40 35
40 43
40 78
40 82
40 106
40 125
40 126
40 137
40 152
40 154
40 166
40 178
40 194
41 31
41 48
41 62
41 69
41 86
41 93
41 107
41 117
41 135
41 161
41 194
41 198
42 21
42 35
42 48
42 56
42 65
42 111
42 112
42 137
42 143
42 172
42 198
43 15
43 48
43 78
43 96
43 103
43 161
44 16
44 25
44 32
44 60
44 114
44 123
44 135
44 143
44 168
44 171
45 6
45 86
45 112
45 120
45 121
45 152
45 163
45 167
45 189
45 191
46 1
46 20
46 29
46 67
46 112
46 118
46 119
46 148
46 154
46 173
47 38
47 39
47 57
47 86
47 120
47 143
47 190
47 194
47 195
48 7
48 20
48 33
48 56
48 59
48 77
48 80
48 82
48 122
48 131
48 136
48 137
48 145
48 147
49 4
49 27
49 28
49 52
49 99
49 125
49 138
49 155
49 156
49 168
49 173
49 178
49 186
49 187
50 43
50 59
50 85
50 88
50 99
50 119
50 124
50 156
50 173
51 16
51 20
51 42
51 52
51 55
51 63
51 64
51 88
51 98
51 131
51 143
51 150
51 155
51 161
51 171
51 172
51 175
52 67
52 88
52 90
52 110
52 119
52 129
52 135
52 136
52 165
52 191
52 196
52 198
53 11
53 12
53 16
53 32
53 50
53 73
53 101
53 105
53 111
53 118
53 122
53 137
53 156
54 51
54 57
54 65
54 74
54 78
54 85
54 112
54 116
54 134
54 174
54 199
55 22
55 24
55 43
55 101
55 109
55 120
55 122
55 127
55 135
55 150
55 155
55 162
55 177
56 5
56 25
56 44
56 62
56 137
57 3
57 14
57 32
57 37
57 46
57 78
57 102
57 111
57 172
57 184
58 31
58 34
58 49
58 80
58 141
58 146
59 1
59 14
59 19
59 40
59 45
59 52
59 85
59 100
59 128
59 164
59 177
59 186
59 193
60 5
60 17
60 19
60 31
60 47
60 50
60 72
60 83
60 109
60 187
60 188
61 23
61 30
61 84
61 92
61 101
61 112
61 151
62 2
62 9
62 28
62 37
62 49
62 68
62 82
62 86
62 94
62 120
62 133
62 156
62 157
62 164
63 5
63 8
63 13
63 18
63 26
63 29
63 36
63 41
63 59
63 62
63 77
63 120
63 126
63 168
63 174
64 7
64 10
64 31
64 34
64 37
64 42
64 101
64 114
64 148
64 171
64 173
64 178
64 184
64 188
64 200
65 103
65 132
65 181
65 196
66 15
66 36
66 41
66 80
66 92
66 130
66 137
66 142
67 21
67 25
67 32
67 54
67 70
67 76
67 77
67 83
67 88
67 104
67 130
67 141
67 161
67 162
67 167
67 178
67 186
67 191
68 16
68 73
68 81
68 87
68 91
68 105
68 114
68 156
68 182
68 184
68 185
68 194
69 10
69 11
69 30
69 56
69 60
69 72
69 129
69 137
69 151
69 154
69 163
69 164
70 25
70 45
70 48
70 79
70 93
70 96
70 146
71 21
71 37
71 69
71 111
71 116
71 137
72 8
72 42
72 68
72 77
72 82
72 102
72 116
72 158
72 159
72 167
73 24
73 41
73 71
73 77
73 99
73 109
73 128
73 148
73 190
73 195
74 15
74 19
74 51
74 62
74 71
74 97
74 124
74 132
74 160
74 163
74 173
74 188
75 23
75 178
75 192
76 9
76 84
76 87
76 96
76 180
77 7
77 19
77 23
77 61
77 129
77 194
78 9
78 26
78 33
78 77
78 85
78 86
78 97
78 120
78 142
78 181
78 199
79 44
79 74
79 120
79 122
79 131
79 134
79 139
79 149
79 173
80 1
80 13
80 16
80 84
80 89
80 95
80 105
80 148
80 152
80 154
81 78
81 80
81 101
81 103
81 117
81 130
81 148
81 158
81 160
81 176
82 15
82 30
82 32
82 44
82 45
82 144
83 53
83 62
83 64
83 66
83 81
83 112
83 132
83 140
83 158
83 162
83 170
83 182
83 188
84 5
84 9
84 13
84 30
84 34
84 52
84 66
84 75
84 83
84 90
84 91
84 98
84 103
84 148
84 150
84 159
84 197
85 5
85 41
85 45
85 46
85 56
85 61
85 69
85 92
85 97
85 129
85 137
85 146
85 188
85 194
86 11
86 52
86 61
86 68
86 77
86 80
86 93
86 105
86 109
86 161
86 162
86 175
87 1
87 4
87 42
87 79
87 110
87 169
87 176
87 182
87 198
88 5
88 26
88 76
88 77
88 84
88 102
88 192
89 11
89 22
89 25
89 69
89 98
89 106
89 112
89 117
89 136
89 141
89 160
89 200
90 8
90 14
90 25
90 70
90 85
90 121
90 126
90 154
90 168
90 169
90 195
91 1
91 10
91 26
91 35
91 76
91 80
91 109
91 134
91 169
92 27
92 53
92 58
92 119
92 130
92 155
93 10
93 31
93 42
93 85
93 115
93 143
93 163
93 187
94 6
94 42
94 46
94 59
94 90
94 98
94 121
94 134
94 150
94 166
94 191
95 17
95 78
95 85
95 92
95 117
95 119
95 153
95 162
95 163
95 175
96 8
96 29
96 59
96 68
96 77
96 102
96 103
96 122
96 145
97 6
97 7
97 55
97 77
97 84
97 110
97 111
97 128
97 139
97 141
97 178
97 198
98 9
98 18
98 38
98 65
98 66
98 90
98 104
98 118
99 29
99 41
99 75
99 78
99 91
99 93
99 154
99 192
100 3
100 21
100 40
100 45
100 67
100 73
100 92
100 113
100 123
100 146
100 154
100 157
100 159
100 160
100 195
100 200
101 36
101 49
101 70
101 124
101 127
101 157
101 192
101 196
101 197
102 17
102 29
102 51
102 59
102 85
102 190
103 9
103 14
103 30
103 38
103 74
103 144
103 169
103 172
103 173
103 185
103 193
104 7
104 10
104 17
104 22
104 71
104 88
104 140
104 171
104 184
105 45
105 69
105 72
105 94
105 133
105 158
105 161
105 168
106 37
106 59
106 68
106 102
106 178
106 194
107 15
107 42
107 55
107 69
107 131
107 149
107 159
107 163
108 21
108 63
108 78
108 83
108 89
108 160
108 164
108 166
109 4
109 19
109 27
109 53
109 57
109 82
109 88
109 110
109 128
109 189
109 198
110 5
110 27
110 53
110 107
110 111
110 142
110 153
111 14
111 48
111 59
111 64
111 68
111 70
111 77
111 94
111 136
111 150
111 195
112 36
112 40
112 44
112 82
112 91
112 102
112 123
112 126
112 148
112 159
112 195
113 3
113 10
113 19
113 26
113 28
113 46
113 61
113 70
113 123
113 156
113 163
113 186
114 16
114 39
114 59
114 69
114 73
114 82
114 87
114 110
114 112
114 148
114 164
114 166
115 13
115 34
115 94
115 108
115 121
115 154
115 195
116 21
116 47
116 56
116 65
116 67
116 117
116 122
116 124
116 142
116 188
117 8
117 16
117 24
117 30
117 50
117 100
117 120
117 126
117 167
117 176
117 179
118 3
118 20
118 23
118 37
118 65
118 71
118 74
118 103
118 124
118 141
118 165
118 182
119 18
119 31
119 37
119 106
119 113
119 140
119 177
119 196
120 33
120 54
120 84
120 104
120 106
120 107
120 137
121 8
121 100
121 105
121 150
121 151
121 180
121 186
122 14
122 28
122 50
122 60
122 67
122 86
122 110
122 147
122 151
122 187
122 199
123 51
123 110
123 166
123 173
123 177
123 198
124 10
124 27
124 29
124 49
124 52
124 55
124 90
124 95
124 96
124 143
124 157
125 25
125 41
125 76
125 87
125 108
125 117
125 119
125 152
125 161
125 176
126 48
126 49
126 61
126 65
126 77
126 89
126 119
126 137
126 139
126 152
127 2
127 27
127 28
127 73
127 90
127 103
127 123
127 138
127 141
127 143
127 147
127 189
128 7
128 54
128 64
128 66
128 85
128 96
128 99
128 182
129 23
129 30
129 38
129 104
129 113
129 120
129 164
130 1
130 8
130 22
130 53
130 63
130 65
130 77
130 104
130 128
130 131
130 172
130 183
130 186
130 198
131 4
131 86
131 118
131 125
131 134
131 145
131 171
131 174
131 177
132 9
132 12
132 13
132 31
132 46
132 48
132 82
132 101
132 121
132 124
132 129
133 14
133 15
133 16
133 51
133 96
133 110
133 137
133 171
133 172
134 10
134 16
134 37
134 50
134 68
134 104
134 119
134 129
134 140
134 162
134 173
134 177
134 188
134 189
134 193
135 21
135 38
135 79
135 84
135 118
135 142
135 157
136 15
136 38
136 45
136 55
136 58
136 124
136 163
136 164
136 196
137 6
137 47
137 58
137 61
137 93
137 114
137 141
137 151
137 152
138 27
138 53
138 133
138 143
138 147
138 184
139 45
139 109
139 140
139 174
140 87
140 115
140 124
140 159
140 189
140 190
141 33
141 65
141 77
141 110
141 123
141 128
141 179
142 15
142 35
142 41
142 46
142 47
142 51
142 88
142 95
142 112
142 144
143 22
143 28
143 57
143 87
143 134
143 167
143 170
144 39
144 49
144 72
144 101
144 107
144 118
144 122
144 137
144 157
144 165
144 167
144 173
144 182
145 36
145 60
145 61
145 68
145 70
146 7
146 16
146 19
146 45
146 105
146 119
146 149
146 170
146 179
147 22
147 79
147 118
147 128
147 144
147 146
147 175
147 190
147 198
148 52
148 78
148 79
148 131
148 164
148 167
148 193
149 27
149 32
149 41
149 61
149 82
149 94
149 95
149 138
149 144
149 176
149 189
150 7
150 31
150 53
150 68
150 70
150 100
150 103
150 125
150 147
150 156
150 158
150 174
151 54
151 59
151 74
151 92
151 110
151 120
151 139
151 143
151 171
151 188
152 33
152 78
152 142
152 159
153 22
153 31
153 48
153 60
153 102
153 114
153 128
153 144
153 147
153 160
153 162
153 170
153 194
154 7
154 33
154 42
154 53
154 86
154 106
154 172
154 187
155 4
155 34
155 36
155 79
155 80
155 97
155 125
155 135
155 140
155 143
155 144
155 161
155 170
155 171
155 174
155 190
156 1
156 36
156 40
156 41
156 56
156 84
156 99
156 101
156 114
156 117
156 122
156 123
156 157
156 178
157 4
157 16
157 17
157 29
157 31
157 41
157 57
157 160
157 163
157 175
157 200
158 61
158 63
158 69
158 73
158 79
158 124
158 131
158 139
158 143
158 176
158 185
159 1
159 15
159 24
159 34
159 51
159 53
159 58
159 67
159 90
159 117
159 118
159 124
159 146
159 156
159 161
159 168
159 188
160 13
160 43
160 48
160 52
160 85
160 101
160 103
160 111
160 115
160 144
160 146
161 9
161 26
161 37
161 40
161 57
161 61
161 92
161 100
161 101
161 103
161 108
161 112
161 141
161 147
161 148
161 173
161 190
162 2
162 4
162 23
162 31
162 73
162 81
162 161
162 194
163 33
163 46
163 62
163 90
163 92
163 100
163 106
163 165
163 172
163 174
163 193
164 3
164 11
164 31
164 99
164 100
164 102
164 118
164 140
164 158
164 184
164 190
165 11
165 15
165 42
165 46
165 73
165 76
165 96
165 104
165 107
165 116
165 123
165 147
165 157
165 172
165 181
165 194
166 1
166 10
166 14
166 23
166 28
166 87
166 104
166 115
166 116
166 129
166 171
166 172
167 4
167 6
167 99
167 175
167 200
168 9
168 31
168 108
168 126
168 134
168 145
168 193
169 5
169 13
169 29
169 34
169 58
169 67
169 68
169 81
169 96
169 131
169 133
169 194
170 5
170 12
170 64
170 73
170 76
170 85
170 94
170 122
170 126
170 136
170 147
170 156
170 183
170 195
170 196
171 56
171 81
171 99
171 105
171 127
171 147
171 160
171 189
171 190
172 8
172 21
172 24
172 65
172 66
172 74
172 94
172 98
172 100
172 107
172 125
172 159
172 200
173 5
173 7
173 25
173 85
173 180
173 190
174 35
174 48
174 77
174 142
174 177
174 181
174 182
174 189
175 16
175 38
175 40
175 79
175 116
175 118
175 127
175 173
175 180
176 65
176 69
176 83
176 169
177 25
177 29
177 31
177 35
177 75
177 78
177 94
177 103
177 138
177 146
177 154
178 10
178 31
178 80
178 113
178 125
178 158
178 167
178 196
178 197
179 3
179 6
179 34
179 48
179 50
179 53
179 57
179 94
179 105
179 108
179 125
179 161
179 181
179 198
180 18
180 21
180 26
180 42
180 49
180 77
180 82
180 106
180 114
180 130
181 2
181 9
181 23
181 86
181 116
181 117
181 150
181 193
181 198
182 6
182 9
182 19
182 32
182 47
182 62
182 82
182 91
182 102
182 137
182 146
182 183
183 22
183 25
183 100
183 137
183 144
183 155
184 1
184 23
184 38
184 70
184 74
184 108
184 113
184 152
184 179
185 2
185 58
185 79
185 80
185 113
185 143
185 145
185 159
185 162
185 171
185 180
186 4
186 10
186 45
186 50
186 53
186 65
186 86
186 89
186 91
186 93
186 102
186 107
186 127
186 151
186 178
186 187
186 191
187 13
187 15
187 62
187 67
187 104
187 121
187 128
187 135
187 137
187 159
187 160
187 169
187 191
188 136
188 155
188 162
188 169
188 178
188 190
188 193
189 34
189 50
189 65
189 101
189 117
189 139
189 146
189 158
190 49
190 111
190 126
191 20
191 32
191 50
191 115
191 143
191 158
192 22
192 37
192 60
192 66
192 94
192 118
192 136
192 137
192 139
192 145
192 149
192 156
192 176
192 190
192 200
193 13
193 15
193 27
193 28
193 36
193 39
193 41
193 54
193 65
193 97
193 102
193 117
194 38
194 50
194 61
194 96
194 105
194 122
194 176
195 30
195 50
195 66
195 67
195 69
195 99
195 171
196 71
196 102
196 127
196 129
196 165
196 190
197 3
197 18
197 25
197 106
197 111
197 152
197 180
198 2
198 44
198 82
198 171
198 196
199 9
199 34
199 47
199 51
199 92
199 94
199 99
199 108
199 114
199 116
199 117
199 159
200 6
200 20
200 21
200 27
200 31
200 41
200 63
200 83
200 91
200 105
200 133
200 142
200 149
200 174
200 188

