100 2000
79 100 34 68 85 110 61 46 94 100 53 30 117 101 61 23 38 87 120 60 97 47 22 21 114 38 58 50 104 106 59 51 34 49 20 25 71 62 80 104 104 88 73 71 80 119 88 93 40 60 65 102 113 55 94 71 94 53 80 119 21 119 49 31 80 109 79 95 75 120 23 56 111 105 113 99 53 116 58 80 51 76 52 34 90 27 56 47 109 34 49 57 91 77 38 79 82 21 62 97 
1 3
1 4
1 6
1 9
1 10
1 18
1 20
1 22
1 27
1 31
1 33
1 36
1 42
1 43
1 44
1 45
1 46
1 50
1 51
1 52
1 55
1 56
1 58
1 60
1 62
1 65
1 66
1 68
1 75
1 79
1 92
1 95
2 6
2 16
2 23
2 30
2 31
2 32
2 33
2 36
2 39
2 43
2 51
2 62
2 83
2 87
2 94
2 99
3 10
3 11
3 12
3 19
3 23
3 24
3 25
3 29
3 42
3 45
3 48
3 52
3 55
3 60
3 61
3 66
3 70
3 74
3 78
3 83
3 85
3 91
3 97
4 3
4 6
4 9
4 10
4 12
4 14
4 17
4 20
4 23
4 31
4 33
4 35
4 58
4 59
4 68
4 70
4 75
4 77
4 80
4 84
4 88
4 89
4 98
5 1
5 6
5 9
5 11
5 17
5 19
5 21
5 22
5 30
5 31
5 47
5 48
5 52
5 56
5 60
5 61
5 64
5 71
5 81
5 95
5 96
6 9
6 12
6 13
6 25
6 31
6 45
6 53
6 58
6 61
6 63
6 71
6 77
6 78
6 85
6 86
6 87
6 88
6 93
6 94
7 1
7 15
7 22
7 23
7 25
7 27
7 42
7 44
7 47
7 49
7 50
7 60
7 66
7 70
7 72
7 87
7 89
7 90
7 95
7 97
8 2
8 3
8 4
8 6
8 13
8 17
8 36
8 47
8 49
8 55
8 56
8 62
8 65
8 73
8 84
8 87
8 90
8 91
8 94
9 7
9 16
9 17
9 19
9 30
9 38
9 42
9 47
9 55
9 62
9 68
9 76
9 78
9 80
9 83
9 84
9 87
9 90
9 91
9 92
9 93
9 97
10 5
10 23
10 24
10 27
10 33
10 34
10 37
10 53
10 56
10 61
10 62
10 64
10 65
10 72
10 80
10 81
10 83
10 93
10 94
10 97
11 1
11 2
11 4
11 8
11 18
11 27
11 29
11 34
11 37
11 54
11 59
11 68
11 74
11 75
11 83
11 94
11 95
12 18
12 23
12 24
12 25
12 33
12 45
12 49
12 53
12 57
12 58
12 59
12 60
12 61
12 65
12 66
12 69
12 72
12 74
12 78
12 79
12 84
12 91
12 93
13 4
13 12
13 23
13 26
13 28
13 33
13 52
13 53
13 54
13 57
13 66
13 69
13 71
13 76
13 78
13 79
13 84
13 85
13 88
13 89
13 95
13 100
14 2
14 6
14 10
14 13
14 17
14 24
14 31
14 33
14 38
14 47
14 59
14 60
14 61
14 65
14 67
14 84
14 85
14 86
14 93
14 95
14 97
15 17
15 18
15 19
15 33
15 37
15 38
15 43
15 51
15 52
15 54
15 56
15 64
15 68
15 73
15 75
15 76
15 79
15 86
16 3
16 4
16 8
16 13
16 15
16 22
16 27
16 28
16 33
16 51
16 55
16 56
16 57
16 65
16 68
16 76
16 77
16 82
16 85
16 95
16 96
16 100
17 2
17 3
17 7
17 16
17 25
17 29
17 32
17 33
17 45
17 46
17 49
17 51
17 57
17 58
17 77
17 83
17 90
18 3
18 6
18 8
18 9
18 21
18 25
18 28
18 35
18 36
18 42
18 43
18 51
18 54
18 57
18 66
18 71
18 85
18 86
18 92
18 97
19 4
19 8
19 12
19 14
19 26
19 46
19 59
19 72
19 79
19 83
19 87
19 94
19 97
19 99
20 2
20 7
20 8
20 10
20 17
20 27
20 33
20 34
20 35
20 41
20 48
20 55
20 60
20 65
20 71
20 73
20 77
21 14
21 15
21 29
21 30
21 32
21 38
21 41
21 42
21 46
21 48
21 59
21 67
21 69
21 73
21 79
21 81
21 89
21 96
22 9
22 11
22 13
22 20
22 21
22 25
22 38
22 41
22 53
22 54
22 59
22 62
22 65
22 69
22 71
22 78
22 79
22 82
22 87
22 89
22 90
22 99
23 14
23 15
23 30
23 32
23 34
23 35
23 36
23 47
23 48
23 54
23 58
23 68
23 80
23 89
23 90
23 97
23 98
24 7
24 11
24 16
24 21
24 32
24 35
24 38
24 41
24 44
24 46
24 47
24 49
24 63
24 69
24 71
24 72
24 78
24 80
24 83
24 87
24 89
24 90
24 91
25 10
25 15
25 16
25 27
25 32
25 40
25 48
25 51
25 52
25 61
25 94
25 99
26 7
26 8
26 11
26 21
26 23
26 24
26 33
26 36
26 39
26 40
26 52
26 55
26 73
26 83
26 90
26 93
26 100
27 4
27 14
27 31
27 36
27 37
27 46
27 49
27 52
27 56
27 67
27 81
27 85
27 97
27 100
28 4
28 6
28 10
28 27
28 34
28 37
28 40
28 41
28 42
28 45
28 46
28 49
28 51
28 53
28 55
28 58
28 60
28 64
28 70
28 77
28 85
28 89
28 94
28 95
28 97
29 5
29 9
29 10
29 12
29 13
29 22
29 27
29 35
29 41
29 47
29 49
29 53
29 54
29 63
29 66
29 68
29 75
29 86
29 88
29 93
29 100
30 10
30 12
30 16
30 20
30 22
30 26
30 27
30 33
30 35
30 37
30 46
30 48
30 51
30 52
30 56
30 58
30 63
30 67
30 69
30 71
30 73
30 74
30 90
30 93
30 98
31 3
31 7
31 8
31 13
31 17
31 18
31 20
31 24
31 25
31 39
31 40
31 44
31 47
31 50
31 51
31 61
31 68
31 74
31 78
31 84
31 85
31 87
31 95
32 3
32 5
32 7
32 8
32 18
32 37
32 41
32 46
32 48
32 54
32 58
32 72
32 73
32 76
32 78
32 86
32 88
32 96
32 97
32 100
33 3
33 6
33 18
33 22
33 27
33 32
33 38
33 40
33 48
33 54
33 57
33 59
33 63
33 88
33 91
33 95
33 97
34 1
34 3
34 8
34 17
34 21
34 25
34 26
34 29
34 33
34 43
34 44
34 49
34 51
34 57
34 71
34 73
34 78
34 80
34 90
34 100
35 1
35 3
35 12
35 15
35 16
35 22
35 31
35 33
35 41
35 42
35 47
35 48
35 50
35 60
35 66
35 73
35 74
35 78
35 79
35 86
35 87
35 91
35 94
36 3
36 7
36 10
36 24
36 31
36 38
36 42
36 43
36 48
36 57
36 72
36 83
36 91
36 96
37 3
37 9
37 18
37 22
37 29
37 31
37 33
37 34
37 36
37 44
37 46
37 49
37 57
37 63
37 65
37 66
37 67
37 74
37 83
37 89
37 93
37 94
37 96
37 97
38 1
38 4
38 7
38 8
38 12
38 16
38 19
38 27
38 40
38 48
38 49
38 54
38 55
38 56
38 64
38 73
38 74
38 76
38 84
38 85
38 87
38 89
38 90
39 3
39 9
39 12
39 13
39 14
39 17
39 18
39 19
39 27
39 35
39 48
39 50
39 51
39 58
39 62
39 67
39 78
39 89
39 91
39 92
39 95
39 96
39 100
40 1
40 2
40 3
40 6
40 8
40 13
40 18
40 19
40 21
40 24
40 27
40 32
40 35
40 36
40 44
40 53
40 62
40 69
40 70
40 71
40 77
40 80
40 86
40 88
40 90
40 93
40 96
40 97
41 5
41 12
41 13
41 14
41 25
41 26
41 37
41 47
41 51
41 59
41 65
41 67
41 71
41 85
41 93
41 95
42 5
42 6
42 11
42 12
42 15
42 16
42 19
42 25
42 31
42 32
42 43
42 53
42 55
42 59
42 63
42 67
42 75
42 80
42 84
42 85
42 90
42 91
42 97
42 100
43 6
43 11
43 13
43 21
43 25
43 28
43 30
43 33
43 35
43 37
43 40
43 41
43 44
43 49
43 58
43 63
43 64
43 67
43 73
43 74
43 78
43 80
43 83
43 85
43 86
43 91
43 92
43 93
44 2
44 9
44 12
44 15
44 25
44 28
44 29
44 32
44 38
44 42
44 50
44 52
44 54
44 56
44 57
44 60
44 65
44 81
44 95
44 97
45 8
45 10
45 15
45 16
45 22
45 23
45 33
45 34
45 35
45 40
45 51
45 55
45 57
45 58
45 62
45 64
45 66
45 68
45 70
45 73
45 79
45 84
45 87
45 88
45 89
45 94
45 98
45 99
46 6
46 14
46 16
46 22
46 29
46 31
46 38
46 39
46 41
46 44
46 47
46 48
46 50
46 51
46 53
46 55
46 70
46 79
46 82
46 88
46 89
46 92
47 3
47 11
47 12
47 21
47 25
47 30
47 33
47 37
47 38
47 42
47 44
47 51
47 54
47 65
47 66
47 67
47 72
47 75
47 81
47 88
47 91
47 92
47 95
47 97
47 98
47 99
48 4
48 6
48 7
48 8
48 9
48 11
48 13
48 14
48 16
48 17
48 22
48 27
48 28
48 43
48 45
48 50
48 56
48 59
48 68
48 87
48 88
48 90
48 99
49 2
49 3
49 4
49 6
49 16
49 18
49 20
49 21
49 26
49 33
49 35
49 40
49 41
49 48
49 58
49 63
49 66
49 76
49 81
49 83
49 84
49 87
49 96
49 97
50 5
50 10
50 13
50 17
50 21
50 32
50 52
50 61
50 62
50 64
50 65
50 66
50 69
50 74
50 80
50 81
50 91
50 93
50 99
51 3
51 8
51 13
51 21
51 24
51 36
51 40
51 58
51 64
51 68
51 76
51 77
51 81
51 92
51 99
52 6
52 16
52 18
52 19
52 22
52 24
52 32
52 42
52 43
52 47
52 54
52 56
52 60
52 61
52 62
52 63
52 73
52 81
52 86
53 4
53 15
53 16
53 20
53 23
53 38
53 41
53 63
53 66
53 72
53 81
53 95
54 3
54 6
54 10
54 14
54 19
54 21
54 36
54 37
54 48
54 50
54 60
54 66
54 67
54 68
54 71
54 80
55 4
55 14
55 19
55 21
55 22
55 23
55 24
55 25
55 27
55 29
55 34
55 47
55 48
55 54
55 59
55 73
55 75
55 76
55 81
55 85
55 86
55 88
55 91
56 2
56 11
56 13
56 17
56 28
56 29
56 31
56 42
56 43
56 46
56 49
56 50
56 58
56 64
56 65
56 66
56 72
56 73
56 74
56 76
56 80
56 81
56 82
56 92
57 14
57 20
57 22
57 23
57 25
57 28
57 35
57 48
57 51
57 54
57 60
57 61
57 62
57 65
57 68
57 71
57 84
57 87
57 91
58 2
58 3
58 5
58 9
58 13
58 29
58 36
58 44
58 46
58 48
58 57
58 62
58 72
58 83
58 88
58 97
58 99
59 1
59 5
59 7
59 9
59 26
59 27
59 28
59 34
59 35
59 38
59 46
59 47
59 51
59 63
59 64
59 69
59 70
59 80
59 85
59 95
60 4
60 6
60 13
60 15
60 19
60 22
60 23
60 25
60 34
60 38
60 50
60 63
60 66
60 70
60 75
60 78
60 89
60 92
60 95
60 99
60 100
61 4
61 17
61 18
61 19
61 20
61 22
61 27
61 28
61 34
61 51
61 58
61 62
61 67
61 72
61 74
61 76
61 78
61 83
61 88
61 92
62 13
62 20
62 23
62 35
62 43
62 47
62 51
62 53
62 59
62 64
62 70
62 71
62 80
62 88
62 89
62 90
63 1
63 4
63 7
63 8
63 13
63 17
63 18
63 20
63 25
63 28
63 31
63 32
63 46
63 51
63 71
63 72
63 76
63 82
63 85
63 92
64 2
64 7
64 8
64 11
64 13
64 16
64 22
64 24
64 33
64 36
64 40
64 53
64 55
64 70
64 79
64 81
64 83
64 84
64 89
64 92
64 96
64 99
64 100
65 3
65 19
65 24
65 28
65 31
65 36
65 45
65 46
65 48
65 62
65 66
65 71
65 78
65 79
65 81
65 88
65 90
65 98
66 6
66 8
66 9
66 10
66 17
66 22
66 23
66 26
66 30
66 32
66 42
66 51
66 55
66 64
66 73
66 76
66 81
66 83
66 89
66 91
66 94
66 98
67 7
67 29
67 33
67 40
67 46
67 48
67 53
67 56
67 59
67 63
67 68
67 71
67 73
67 75
67 77
67 84
67 89
67 91
67 96
68 3
68 10
68 13
68 18
68 25
68 26
68 36
68 39
68 49
68 53
68 56
68 60
68 61
68 66
68 70
68 77
68 79
68 85
68 87
68 88
68 91
68 98
68 100
69 4
69 6
69 19
69 27
69 36
69 37
69 38
69 41
69 44
69 49
69 70
69 89
69 98
70 13
70 14
70 15
70 18
70 26
70 30
70 31
70 33
70 47
70 49
70 53
70 56
70 57
70 58
70 61
70 65
70 67
70 75
70 78
70 87
70 90
70 100
71 1
71 7
71 12
71 16
71 19
71 27
71 32
71 66
71 72
71 78
71 80
71 84
71 93
71 96
71 97
71 98
72 3
72 5
72 8
72 14
72 20
72 23
72 25
72 29
72 33
72 37
72 39
72 42
72 51
72 52
72 66
72 76
72 78
72 85
72 90
72 91
73 13
73 33
73 36
73 37
73 41
73 42
73 48
73 54
73 60
73 69
73 78
73 79
73 83
73 86
73 88
74 6
74 15
74 21
74 22
74 27
74 29
74 36
74 46
74 48
74 55
74 57
74 70
74 71
74 72
74 73
74 78
74 82
74 98
75 17
75 24
75 25
75 30
75 32
75 44
75 45
75 49
75 52
75 54
75 59
75 63
75 65
75 69
75 71
75 76
75 81
75 85
75 93
75 96
76 1
76 4
76 5
76 7
76 8
76 12
76 14
76 20
76 21
76 23
76 27
76 28
76 34
76 35
76 39
76 43
76 60
76 70
76 84
76 85
76 95
77 2
77 8
77 10
77 15
77 18
77 26
77 35
77 37
77 38
77 48
77 50
77 56
77 58
77 62
77 64
77 70
77 73
77 84
77 89
77 91
77 92
77 94
77 95
78 1
78 19
78 20
78 21
78 45
78 54
78 57
78 59
78 77
78 80
78 88
78 89
78 93
78 96
78 98
79 6
79 9
79 10
79 17
79 20
79 24
79 29
79 33
79 34
79 41
79 44
79 48
79 55
79 75
79 76
79 78
80 1
80 7
80 14
80 15
80 27
80 28
80 48
80 68
80 69
80 70
80 76
80 88
80 89
81 6
81 7
81 8
81 9
81 11
81 14
81 22
81 32
81 35
81 43
81 58
81 60
81 72
81 80
81 88
81 98
81 99
82 1
82 2
82 5
82 11
82 12
82 17
82 21
82 25
82 26
82 31
82 33
82 38
82 41
82 45
82 47
82 59
82 80
82 88
82 95
82 100
83 5
83 18
83 23
83 40
83 41
83 44
83 50
83 53
83 56
83 57
83 60
83 62
83 63
83 67
83 69
83 75
83 82
83 91
83 92
84 2
84 10
84 18
84 19
84 20
84 22
84 26
84 29
84 32
84 33
84 39
84 40
84 43
84 44
84 52
84 60
84 65
84 68
84 69
84 74
84 81
84 86
84 93
84 100
85 1
85 2
85 8
85 9
85 21
85 22
85 25
85 32
85 33
85 34
85 37
85 44
85 45
85 49
85 52
85 53
85 58
85 61
85 64
85 67
85 70
85 77
85 82
85 87
86 3
86 5
86 7
86 8
86 11
86 13
86 23
86 28
86 38
86 39
86 45
86 51
86 62
86 65
86 92
86 93
86 98
86 99
87 1
87 15
87 23
87 28
87 30
87 34
87 39
87 40
87 42
87 43
87 56
87 59
87 64
87 74
87 75
87 76
87 78
87 83
87 86
87 89
88 18
88 19
88 21
88 22
88 23
88 24
88 28
88 52
88 54
88 56
88 57
88 59
88 67
88 69
88 77
88 85
88 95
89 1
89 6
89 10
89 31
89 33
89 34
89 41
89 50
89 55
89 79
89 82
89 85
89 90
89 94
89 95
89 98
90 1
90 11
90 13
90 15
90 21
90 27
90 43
90 77
90 87
90 92
90 97
91 17
91 18
91 21
91 38
91 41
91 44
91 45
91 49
91 53
91 54
91 73
91 74
91 80
91 84
91 85
91 87
91 90
92 2
92 3
92 14
92 17
92 27
92 28
92 30
92 31
92 34
92 35
92 36
92 38
92 52
92 65
92 70
92 76
92 80
92 82
92 84
92 87
92 96
93 3
93 17
93 22
93 25
93 31
93 33
93 38
93 44
93 46
93 47
93 49
93 55
93 56
93 57
93 59
93 60
93 63
93 65
93 97
94 4
94 12
94 13
94 14
94 17
94 18
94 23
94 31
94 34
94 38
94 43
94 50
94 51
94 54
94 56
94 65
94 70
94 75
94 85
94 87
94 90
94 91
95 2
95 4
95 6
95 10
95 17
95 22
95 25
95 29
95 40
95 43
95 45
95 63
95 64
95 68
95 70
95 72
95 78
95 85
95 97
95 99
96 1
96 4
96 9
96 14
96 15
96 18
96 23
96 24
96 34
96 38
96 43
96 50
96 52
96 56
96 61
96 62
96 70
96 72
96 79
96 91
97 1
97 4
97 8
97 11
97 17
97 25
97 34
97 38
97 46
97 48
97 53
97 55
97 59
97 63
97 65
97 68
97 72
97 75
97 79
97 80
97 94
98 6
98 10
98 12
98 13
98 17
98 29
98 35
98 37
98 38
98 39
98 40
98 42
98 46
98 48
98 51
98 57
98 60
98 63
98 75
98 76
98 82
98 83
98 85
98 93
98 95
98 100
99 9
99 10
99 11
99 14
99 17
99 18
99 20
99 28
99 29
99 35
99 38
99 41
99 56
99 59
99 61
99 63
99 65
99 66
99 68
99 73
99 74
99 75
99 77
99 88
100 2
100 8
100 12
100 28
100 35
100 40
100 41
100 45
100 47
100 53
100 55
100 56
100 57
100 65
100 71
100 74
100 75
100 88
100 96
100 99

