100 250
94 83 47 105 110 90 83 98 55 95 54 112 82 120 37 50 67 41 39 57 34 86 91 59 72 56 87 32 72 23 115 69 61 86 95 112 50 113 45 110 75 118 28 76 47 83 56 62 96 79 98 42 42 77 92 90 116 101 101 31 27 109 104 33 35 37 92 98 39 100 34 84 105 33 112 24 110 47 42 117 105 67 71 100 85 36 84 36 97 57 85 72 114 81 58 114 106 25 98 80 
1 59
1 65
1 71
2 3
2 97
3 16
3 82
4 9
4 56
4 83
4 90
5 24
5 25
5 34
5 59
5 91
6 58
7 1
7 29
7 67
8 55
8 66
9 33
9 49
10 17
10 67
10 96
11 9
11 81
12 65
13 33
14 16
14 18
14 34
14 42
14 67
14 93
15 13
15 47
15 52
16 12
16 19
16 59
16 75
16 88
17 99
18 8
19 46
19 86
20 6
20 22
20 49
20 61
20 68
20 88
21 28
22 27
23 26
24 20
24 45
24 47
24 52
24 64
25 83
25 100
26 11
26 34
26 61
26 94
27 31
27 38
27 66
27 69
28 64
28 71
29 1
29 32
29 48
29 55
31 53
31 65
31 78
31 84
33 24
34 54
34 86
35 34
35 37
35 85
36 11
36 21
36 94
36 95
37 41
37 54
37 70
37 93
38 30
38 49
38 62
38 77
39 21
40 25
40 65
41 34
42 79
43 30
43 33
43 64
44 8
44 25
44 30
44 76
44 84
45 5
45 14
45 23
45 49
46 7
46 11
46 54
47 13
47 35
47 36
47 78
48 19
48 68
50 84
51 67
52 11
52 20
52 71
52 98
52 100
53 22
54 62
55 6
56 42
56 46
56 49
56 72
57 66
57 84
59 28
60 16
60 25
60 90
61 35
61 42
61 58
61 99
62 47
62 49
62 50
64 29
64 50
65 21
65 37
65 78
65 95
67 18
68 26
69 10
69 60
70 11
71 24
71 26
71 81
72 7
72 68
73 9
73 21
73 76
74 7
74 19
74 60
75 1
75 3
75 28
75 39
75 46
75 58
75 79
76 2
76 54
77 15
77 70
78 61
78 79
78 82
78 100
79 19
79 85
80 82
81 21
81 22
81 24
81 29
81 82
82 21
82 61
83 39
83 71
83 84
84 65
85 60
85 63
85 67
85 93
86 46
86 58
87 28
87 45
87 52
88 26
88 33
88 80
89 76
89 77
89 88
90 46
90 66
90 99
91 22
91 45
91 47
92 5
92 15
92 20
92 34
92 76
93 66
94 5
94 48
94 52
94 63
95 33
95 99
96 70
96 83
97 46
97 65
97 96
98 9
98 21
98 79
98 92
99 45
99 54
100 87

