150 500
76 42 20 104 26 106 85 99 87 112 76 30 32 101 117 98 50 115 37 89 31 42 39 120 51 87 70 37 52 35 34 69 62 54 39 96 103 92 74 27 100 29 99 98 112 79 93 93 97 109 58 101 101 67 32 59 61 28 45 100 110 88 42 21 64 20 26 91 75 26 29 39 89 45 96 68 66 58 74 38 116 115 113 111 26 81 22 42 57 42 63 77 78 104 35 93 62 35 86 82 39 100 91 35 79 80 55 101 58 30 45 101 51 83 109 41 102 81 117 45 88 108 96 87 37 54 54 109 80 115 70 30 59 37 33 86 39 52 43 60 109 101 114 46 95 68 71 115 64 57 
1 106
1 126
2 49
3 6
3 43
3 49
3 97
3 116
4 54
4 99
4 120
4 126
5 38
5 66
5 69
5 131
5 140
6 28
6 58
9 13
9 47
9 74
9 146
9 147
10 56
10 123
11 50
11 89
12 80
12 125
12 136
12 150
13 75
14 66
14 107
15 46
15 48
15 72
15 82
16 10
16 47
16 66
17 111
17 150
18 95
18 109
19 72
19 76
19 89
20 83
21 8
21 41
21 51
21 132
22 39
23 9
23 12
23 58
23 62
23 81
23 82
24 6
24 10
24 34
24 42
24 88
24 130
25 131
25 143
26 80
26 94
27 18
27 87
27 103
28 19
28 20
28 22
28 77
28 118
28 121
29 13
29 48
29 49
29 50
29 131
29 145
30 69
30 94
30 126
30 150
31 41
31 57
31 117
32 22
32 38
32 68
32 87
32 100
32 136
33 17
33 51
33 71
33 138
33 144
35 42
35 105
36 121
36 138
37 18
37 95
38 37
38 141
39 63
39 74
39 105
39 109
39 143
40 19
41 18
41 72
41 122
42 16
42 76
42 109
43 16
43 102
43 130
44 45
44 56
44 59
45 70
45 100
45 111
45 139
46 30
46 92
46 95
46 127
47 97
47 123
48 38
48 41
48 94
48 117
48 139
48 147
49 52
49 123
49 146
50 74
51 47
51 67
51 133
52 11
52 60
53 5
53 96
53 134
54 30
54 34
54 79
55 89
57 51
57 80
57 89
58 9
58 69
58 77
58 92
59 10
59 24
60 10
61 59
61 87
61 102
61 134
61 140
62 44
62 111
62 140
63 58
63 117
63 123
63 132
63 146
64 11
64 12
64 150
65 99
65 108
65 130
65 137
66 56
66 118
67 26
67 93
67 96
67 146
68 31
68 72
68 100
69 31
69 71
70 33
70 34
70 78
70 93
70 142
71 53
71 56
71 106
71 107
72 83
72 118
73 57
73 58
73 63
73 69
73 74
73 86
73 114
73 135
74 17
75 19
75 28
75 30
75 43
75 78
75 124
76 33
76 34
76 112
76 139
77 20
77 21
78 6
78 9
78 17
78 124
78 132
79 106
79 110
79 112
79 149
80 4
80 27
80 39
80 43
80 50
81 33
81 41
81 57
81 83
81 107
81 113
82 14
82 16
82 105
83 78
84 43
84 112
84 148
85 50
85 95
85 132
86 35
86 41
86 67
87 38
87 137
87 144
88 9
88 34
88 109
88 110
89 4
89 15
89 72
90 13
90 85
90 105
91 18
91 29
91 31
91 46
91 106
91 128
92 24
92 42
92 73
92 82
92 140
93 7
93 97
93 107
93 108
93 109
93 136
94 29
94 68
94 69
94 83
95 7
95 23
95 60
95 83
96 3
96 32
96 45
96 63
96 104
96 110
96 115
97 11
97 21
97 25
97 102
97 139
98 59
98 68
98 88
98 118
99 35
99 66
99 94
100 104
100 117
100 131
101 21
101 44
101 52
101 140
102 62
103 25
103 80
104 66
105 13
105 15
105 19
105 54
106 41
106 114
106 131
106 140
107 10
107 11
107 12
107 20
107 22
107 76
107 128
107 142
108 3
108 83
108 92
109 24
109 27
109 65
110 1
110 9
110 29
110 39
110 60
110 70
111 64
111 84
112 63
112 115
112 124
113 27
113 40
113 150
114 21
114 36
114 48
114 77
114 113
114 121
114 127
116 53
116 104
117 11
117 35
117 42
117 49
118 6
118 24
118 31
118 81
118 122
118 136
119 22
119 84
120 71
120 72
120 79
120 99
120 124
120 125
120 148
120 150
122 22
122 87
122 126
122 139
123 16
123 91
123 105
123 112
123 149
124 104
126 8
126 41
126 77
127 22
127 110
128 14
128 89
128 116
128 144
129 26
129 35
129 144
130 23
130 31
130 49
130 77
130 90
131 7
131 113
132 41
132 53
132 86
132 147
133 17
133 74
133 91
134 23
134 57
134 66
134 121
135 2
135 6
135 74
135 84
135 97
135 113
135 129
136 70
136 79
136 98
136 146
137 37
137 51
137 53
137 54
138 22
138 30
138 61
138 89
138 143
139 4
139 87
139 94
140 12
140 126
140 129
141 17
142 18
142 68
143 9
143 11
143 22
143 38
143 90
143 129
144 1
144 41
144 61
144 90
144 109
145 7
145 50
145 109
145 112
146 57
146 79
146 120
147 135
148 4
148 71
148 79
148 140
148 142
149 32
149 78
149 134
150 49
150 58
150 138

