150 1000
76 74 110 37 45 28 106 39 101 87 90 43 71 114 52 112 78 36 107 83 82 73 79 64 45 107 101 21 76 24 103 91 109 62 96 108 119 107 50 53 96 65 100 45 71 25 26 107 42 85 38 66 109 115 65 20 119 101 58 94 59 78 93 50 78 75 78 63 31 86 44 68 68 74 53 120 79 34 75 24 101 22 86 85 71 87 98 118 74 21 119 82 38 40 37 36 67 68 22 89 47 97 68 52 105 98 90 92 39 116 66 26 91 104 111 105 40 85 26 111 75 114 44 37 78 27 53 95 90 97 32 107 105 54 114 41 82 104 105 38 34 29 66 62 97 113 103 118 75 98 
1 16
1 74
1 76
1 80
1 85
1 125
2 7
2 41
2 49
2 84
2 89
2 97
2 101
3 18
3 35
3 50
3 80
3 91
3 102
3 118
3 147
4 40
5 13
5 22
5 25
5 27
5 63
5 96
5 109
6 18
6 105
6 134
6 149
7 22
7 90
7 131
8 15
8 26
8 30
8 49
8 55
8 56
8 70
9 46
9 55
9 109
9 116
10 25
10 31
10 52
10 72
10 100
10 108
11 28
11 29
11 56
11 73
11 105
11 136
11 150
12 4
12 14
12 17
12 55
12 65
12 85
12 103
12 115
12 133
12 139
12 149
13 17
13 41
13 76
13 81
13 83
13 93
13 94
13 110
14 20
14 31
14 37
14 53
14 84
14 86
14 93
14 130
14 131
15 5
15 20
15 55
15 75
15 92
15 93
15 148
16 7
16 31
16 59
16 74
16 83
17 2
17 42
17 45
17 48
17 52
17 86
17 139
18 48
18 64
18 82
18 100
18 112
18 119
18 133
18 150
19 28
19 41
19 45
19 49
19 77
19 106
19 113
19 124
19 131
20 1
20 30
20 34
20 88
20 101
20 111
20 134
20 142
20 143
21 17
21 38
21 81
21 87
21 102
21 140
21 147
22 4
22 11
22 14
22 77
22 89
22 107
22 118
22 129
22 135
22 146
23 42
23 47
23 53
23 79
23 96
23 100
23 120
23 129
24 83
24 90
24 147
25 76
25 121
25 127
25 138
26 27
26 75
26 81
26 83
26 87
26 88
26 148
27 31
27 58
27 78
27 82
28 12
28 49
28 116
28 137
28 147
29 5
29 31
29 46
29 48
29 83
29 88
29 129
30 15
30 50
30 119
30 136
31 41
31 44
31 63
31 95
31 127
31 139
32 5
32 61
32 71
33 30
33 44
33 55
33 90
33 92
34 24
34 66
34 72
34 74
34 87
34 123
34 126
35 7
35 40
35 42
35 60
35 81
35 117
36 32
36 64
36 88
36 89
36 105
36 124
37 48
37 68
37 99
37 127
37 133
37 149
38 3
38 8
38 12
38 13
38 41
38 94
38 100
38 129
38 148
39 6
39 32
39 38
39 70
39 110
39 111
39 114
39 131
40 31
40 37
40 92
40 99
40 112
40 130
40 132
41 1
41 37
41 43
41 52
41 106
41 130
41 148
42 6
42 78
42 94
42 104
42 120
42 127
42 134
42 145
43 73
43 118
44 14
44 30
44 42
44 132
45 12
45 14
45 16
45 31
45 40
45 46
45 58
45 149
46 39
46 48
46 51
46 54
46 58
46 68
46 77
46 82
46 130
46 141
47 3
47 39
47 40
47 49
47 54
47 81
47 101
47 106
47 122
47 133
48 13
48 22
48 61
48 63
48 92
48 109
48 129
49 1
49 42
49 46
49 95
49 104
49 130
50 20
50 28
50 62
50 101
50 116
50 118
50 132
50 135
51 3
51 7
51 29
51 32
51 70
51 102
51 117
51 121
52 6
52 22
52 72
52 90
52 101
52 129
53 24
53 37
53 77
53 103
54 10
54 32
54 84
54 117
54 131
54 136
55 26
55 80
55 91
55 120
55 144
56 17
56 76
56 81
56 126
56 147
57 4
57 6
57 14
57 35
57 58
57 64
57 106
57 136
58 1
58 17
58 96
58 115
58 122
58 124
59 29
59 43
59 76
59 84
59 85
59 95
59 107
59 117
59 147
60 20
60 56
60 117
60 146
61 9
61 63
61 88
61 91
61 96
61 118
61 143
62 2
62 17
62 40
62 51
62 70
62 80
62 88
62 91
62 124
63 20
63 40
63 51
63 66
63 72
63 116
63 148
64 69
64 89
65 27
65 36
65 60
65 91
65 105
65 111
65 136
66 14
66 27
66 48
66 56
66 64
66 82
66 119
66 147
67 26
67 28
67 29
67 48
67 72
67 87
67 109
67 133
68 22
68 54
68 115
68 127
69 35
69 61
69 87
69 138
70 11
70 12
70 73
70 78
70 116
70 137
71 84
71 105
71 128
71 144
72 25
72 47
72 141
73 21
73 37
73 46
73 49
73 60
73 61
73 102
73 118
74 66
74 73
74 84
74 104
74 126
74 134
74 150
75 55
75 77
75 93
75 102
76 28
76 30
76 36
76 41
76 42
76 53
76 65
76 108
76 124
76 144
77 1
77 4
77 35
77 40
77 78
77 95
77 98
77 124
77 131
78 1
78 29
78 39
78 41
78 44
78 101
78 117
78 121
78 141
79 2
79 19
79 29
79 60
79 84
79 92
79 100
79 122
80 41
80 74
80 95
80 108
80 109
80 135
80 139
81 28
81 103
81 121
81 122
81 125
82 42
82 81
82 97
82 98
82 137
82 144
83 55
83 78
83 122
83 132
83 149
84 1
84 5
84 20
84 48
84 73
84 75
84 113
85 7
85 26
85 29
85 49
85 82
85 89
85 122
85 143
86 7
86 15
86 41
86 78
86 92
86 98
86 101
86 106
86 122
86 127
87 30
87 39
87 74
88 4
88 17
88 19
88 65
88 77
88 79
88 110
89 7
89 20
89 66
90 12
90 20
90 39
90 75
90 88
91 8
91 10
91 26
91 28
91 37
91 43
91 84
91 102
91 123
91 150
92 61
92 64
92 67
92 88
92 107
92 112
92 123
92 134
93 21
93 34
93 49
93 53
93 54
93 67
93 83
93 98
93 102
93 125
93 128
93 129
93 135
93 139
93 141
93 143
94 68
94 76
94 78
94 79
94 89
94 124
95 18
95 24
95 28
95 39
95 41
95 52
95 67
95 89
95 92
95 108
95 145
96 6
96 16
96 53
96 85
96 110
96 119
96 136
96 148
97 15
97 29
97 47
97 60
97 76
97 126
97 127
98 1
98 11
98 45
98 135
99 10
99 35
99 38
99 59
99 84
99 105
99 123
99 127
100 5
100 32
100 78
100 99
101 58
101 72
101 104
101 117
102 28
102 32
102 46
102 65
102 67
102 127
102 134
103 9
103 21
103 116
103 120
103 124
103 126
103 140
104 66
104 80
104 91
104 100
104 122
104 124
105 4
105 21
105 34
105 87
105 118
105 129
106 4
106 6
106 10
106 11
106 34
106 39
106 53
106 82
106 99
106 144
107 30
107 115
107 123
108 25
108 30
108 40
108 52
108 109
108 115
108 119
109 1
109 19
109 29
109 44
109 61
109 84
109 122
110 81
110 93
110 112
110 127
111 24
111 58
111 67
111 71
111 106
111 112
111 115
112 30
112 53
112 79
112 122
113 4
113 6
113 35
113 53
113 70
113 77
113 97
113 148
114 14
114 18
114 59
114 69
114 102
114 116
114 139
115 7
115 21
115 28
115 48
115 101
115 104
115 118
115 141
116 1
116 19
116 69
116 80
116 84
116 118
116 131
117 1
117 44
117 62
117 70
117 76
117 81
117 86
117 133
117 139
117 140
118 8
118 44
118 76
118 98
118 131
118 149
119 1
119 112
119 129
119 145
120 7
120 13
120 24
120 45
120 66
120 111
120 148
121 6
121 77
122 18
122 59
122 71
122 101
122 108
122 139
123 5
123 41
123 52
123 66
123 77
123 110
123 112
124 4
124 12
124 24
124 37
124 44
124 45
124 68
124 90
124 98
124 111
124 119
124 145
125 30
125 48
125 67
125 78
125 84
125 114
126 4
126 30
126 67
126 86
126 100
126 116
126 141
127 14
127 23
127 28
127 33
127 58
127 79
127 89
127 93
127 112
128 11
128 32
128 64
128 67
128 74
128 100
128 107
128 125
128 137
128 146
129 9
129 30
129 83
129 112
130 2
130 17
130 24
130 25
130 33
130 62
130 78
130 135
131 18
131 27
131 66
131 91
131 93
132 18
132 32
132 64
132 73
132 94
133 21
133 30
133 32
133 96
133 110
133 115
134 23
134 67
134 77
135 2
135 10
135 16
135 26
135 37
135 43
135 52
135 66
135 149
136 3
136 33
136 36
136 43
136 106
136 126
136 131
137 14
137 29
137 59
137 64
137 68
137 71
137 103
138 4
138 12
138 34
138 89
138 105
138 107
138 123
138 125
138 134
139 3
139 23
139 58
139 62
139 69
139 92
139 120
139 128
140 43
140 44
140 55
140 61
140 88
140 90
140 96
140 112
140 135
140 139
141 2
141 12
141 50
141 56
141 61
141 71
141 77
141 81
141 89
141 121
141 142
142 62
142 78
142 80
142 104
143 5
143 17
143 18
143 33
143 43
143 70
143 75
143 91
143 102
143 105
143 120
143 122
143 129
143 137
143 144
144 23
144 56
144 63
144 67
144 77
144 81
144 94
144 97
145 11
145 46
145 56
145 63
145 126
145 138
146 19
146 31
146 44
146 62
146 68
146 118
146 148
147 32
147 34
147 128
148 16
148 24
148 102
149 2
149 34
149 46
149 56
149 65
149 97
149 100
149 126
149 143
149 147
150 12
150 93
150 94
150 106
150 123
150 146

