250 1000
34 109 67 86 52 91 120 63 89 20 114 37 58 62 79 64 118 81 99 52 96 107 97 104 87 100 23 66 94 33 51 30 75 97 65 59 115 88 41 98 104 60 45 58 112 112 74 65 53 58 58 93 60 72 33 71 67 114 118 80 69 31 29 118 120 93 44 78 30 92 31 99 51 120 27 90 52 120 25 54 70 73 63 100 94 42 90 24 62 104 50 68 51 99 81 53 71 32 22 79 79 87 72 59 98 112 31 77 36 54 87 67 29 40 27 71 60 79 96 38 26 60 23 81 22 42 75 51 54 95 48 57 70 45 48 117 118 114 54 92 62 59 45 35 55 65 21 81 91 42 60 72 104 29 113 77 51 115 58 26 85 79 62 54 118 111 42 36 84 79 101 104 61 53 69 63 51 79 42 118 58 40 114 89 73 75 65 57 67 57 67 82 76 58 48 32 91 120 98 45 90 55 102 27 99 114 120 28 104 115 56 42 73 74 94 86 66 104 71 50 48 37 69 117 28 51 115 84 60 119 83 71 78 64 100 32 78 88 62 64 77 38 48 119 54 106 71 51 67 48 
1 17
1 44
1 50
2 7
2 22
2 177
3 86
3 164
4 27
4 110
4 149
4 206
4 232
4 238
5 2
5 38
5 44
5 155
5 164
5 188
5 199
6 42
6 50
6 211
7 3
7 52
7 87
7 94
7 110
7 149
7 246
8 61
8 74
8 85
8 163
8 226
9 155
9 181
9 183
9 212
9 250
10 16
10 32
10 73
10 74
10 135
10 171
10 188
10 244
11 181
11 187
11 196
11 239
12 39
12 78
13 25
13 83
13 94
13 168
14 19
14 116
14 132
15 46
15 95
15 102
15 122
15 191
16 5
16 111
16 172
16 182
17 62
18 78
18 82
18 177
18 208
19 89
19 231
20 8
20 14
20 60
20 126
21 18
21 95
21 134
21 201
22 49
22 79
22 90
22 91
22 109
22 122
22 174
23 56
23 58
23 72
23 215
23 227
23 235
24 5
24 97
24 137
24 198
24 208
25 19
25 36
25 54
25 73
25 112
25 188
26 56
26 179
26 249
27 34
27 40
27 65
27 222
28 41
28 125
29 27
29 65
29 93
29 200
30 28
30 201
30 229
31 40
31 67
31 169
31 190
32 97
32 104
32 196
33 29
33 75
33 119
33 152
33 159
34 4
34 84
34 91
34 236
35 1
35 163
35 193
36 90
36 117
36 216
36 223
37 27
38 9
38 95
38 162
38 199
38 218
39 120
39 157
39 182
39 243
40 112
40 177
40 225
40 244
41 1
41 64
41 67
41 138
41 162
41 240
42 32
42 68
42 196
43 7
43 53
43 119
43 214
44 77
44 131
44 182
45 24
45 40
45 52
45 54
45 150
45 210
46 101
46 188
46 238
47 35
47 37
47 226
49 38
49 79
49 83
49 159
50 48
50 88
50 91
50 130
50 155
50 209
51 100
51 136
51 214
52 29
52 156
52 188
53 2
53 188
53 230
53 244
54 73
54 149
54 152
55 8
55 16
55 198
55 225
56 99
56 161
57 2
57 18
57 68
57 206
58 33
58 70
58 104
58 106
58 125
58 158
58 179
59 13
59 45
59 58
59 101
59 160
60 150
61 159
61 170
61 239
62 39
62 73
62 114
62 148
62 165
62 246
63 19
63 38
63 180
64 155
64 231
65 86
65 108
65 123
65 187
65 236
65 238
66 55
66 69
66 122
66 124
66 138
66 208
67 11
67 57
67 69
67 74
67 134
68 81
68 136
68 190
68 219
69 58
69 161
69 173
70 42
70 117
70 154
70 232
71 24
71 121
71 167
71 215
72 177
72 189
72 225
73 84
74 35
74 37
74 91
74 202
75 50
75 60
75 96
75 160
76 25
76 44
76 68
76 69
76 99
76 229
77 137
77 168
77 196
78 19
78 110
78 156
78 233
79 8
79 37
79 98
79 141
80 4
80 137
81 47
82 128
82 154
82 175
82 211
83 70
83 90
83 123
83 168
83 174
84 5
84 31
84 99
84 129
84 159
84 216
84 227
85 35
85 192
86 1
86 16
86 90
86 104
86 219
87 62
87 86
87 210
87 218
87 249
88 42
88 122
88 138
89 16
89 144
89 182
89 245
90 63
90 68
90 172
91 20
91 203
92 8
92 145
92 154
93 181
93 219
94 35
94 113
94 182
94 226
94 235
94 245
95 18
95 45
95 142
95 147
95 168
95 183
95 191
95 204
96 29
96 119
96 143
97 35
97 69
97 129
98 40
98 84
98 144
98 162
99 75
99 97
99 107
99 112
99 120
99 141
99 161
99 226
99 246
100 93
100 249
101 87
101 95
101 96
101 161
102 62
102 80
102 109
102 163
102 232
102 237
103 25
103 54
103 59
103 73
103 147
103 159
103 218
103 243
104 2
104 250
105 11
105 69
105 108
105 138
105 152
105 202
106 34
106 35
106 56
106 65
106 116
106 122
106 148
106 154
106 180
106 181
106 197
107 29
107 71
107 125
107 162
108 42
108 87
108 102
108 139
109 21
109 25
109 171
109 210
110 66
110 69
110 136
110 162
110 184
111 2
111 203
112 79
112 168
113 5
113 245
114 73
114 106
114 147
115 233
116 169
117 39
117 86
117 120
117 171
117 216
118 2
118 48
118 94
118 143
118 154
118 188
118 194
119 6
119 23
119 54
119 148
119 152
120 3
120 13
120 30
120 89
120 153
120 157
120 182
120 195
120 216
121 47
121 105
121 188
122 30
122 34
122 99
122 114
122 181
122 203
123 175
123 241
124 23
124 36
124 43
124 80
125 51
125 69
125 79
125 209
126 44
127 14
127 67
127 90
127 166
128 159
128 170
128 239
129 66
129 156
130 75
130 135
130 200
130 225
130 235
130 245
130 248
131 51
131 191
131 220
132 63
132 117
132 173
133 33
134 212
135 3
135 78
135 98
135 121
135 123
135 137
135 168
135 172
135 199
135 244
136 131
136 182
137 71
137 158
137 244
137 245
138 110
138 113
138 147
139 43
139 111
141 26
141 94
141 102
141 152
141 153
141 246
142 22
142 63
142 100
142 104
143 70
144 46
144 50
144 99
145 9
145 10
145 30
145 41
145 125
145 133
145 142
145 149
145 208
146 45
146 46
146 72
146 156
146 237
147 12
147 24
147 25
147 137
147 223
148 15
148 96
148 239
149 45
149 199
149 235
150 18
150 20
150 33
150 46
150 67
150 69
150 94
150 180
151 43
151 72
151 131
152 76
152 211
153 241
154 20
154 241
155 60
155 75
155 137
156 75
156 80
156 183
156 186
157 61
157 239
158 7
158 8
158 70
158 129
158 199
158 209
158 239
159 55
159 104
159 141
159 175
159 211
160 33
160 67
160 97
161 179
161 247
162 23
162 71
162 196
162 200
162 221
162 240
163 1
163 94
163 137
163 149
163 209
164 107
164 128
164 178
164 241
165 13
165 27
165 93
165 126
165 228
166 159
167 5
167 160
168 4
168 11
168 171
168 226
168 235
168 242
169 103
169 131
169 149
169 207
170 124
170 167
170 188
170 189
171 15
171 88
171 122
171 126
171 128
171 152
171 153
172 63
172 83
173 118
173 161
173 226
173 241
174 45
174 85
174 106
174 163
174 223
175 174
175 231
176 4
176 118
176 125
176 190
176 198
176 218
176 248
177 10
177 24
177 99
177 124
177 128
177 154
177 201
177 223
178 16
178 159
178 184
179 39
179 86
179 143
179 240
180 2
180 19
182 108
182 130
182 165
182 191
183 113
183 172
183 200
183 243
184 1
184 54
184 123
184 185
184 201
185 78
185 123
185 150
185 170
185 207
185 217
186 127
186 178
187 47
187 80
187 98
187 102
187 105
187 114
187 127
187 231
188 228
189 67
189 139
189 147
189 160
189 177
190 7
190 9
190 70
190 93
190 97
190 165
191 23
191 28
191 94
191 178
192 124
192 126
192 147
192 170
192 239
193 5
193 19
193 23
193 26
193 62
193 104
193 143
193 149
194 21
194 56
194 104
194 130
194 165
194 182
195 99
195 140
196 30
196 133
196 181
196 205
196 217
197 45
197 114
197 190
197 227
197 236
198 6
198 22
198 40
198 77
198 99
198 138
198 239
199 83
199 153
200 208
201 26
201 57
201 66
201 84
201 102
201 109
201 193
202 7
202 14
202 28
202 34
202 40
202 200
202 209
203 4
203 36
203 169
203 206
204 15
204 71
204 170
205 49
205 181
206 90
206 95
207 69
207 74
207 87
207 152
208 55
208 99
208 144
208 186
209 40
209 82
209 110
209 152
209 232
210 4
210 25
210 63
210 66
210 121
210 183
210 227
211 35
211 55
211 77
211 110
211 157
211 210
211 220
211 221
211 245
212 15
212 41
212 70
212 84
212 110
212 175
212 217
213 18
213 128
213 132
213 163
214 76
214 77
214 78
214 101
214 164
214 213
215 169
215 194
215 199
215 204
215 229
216 5
216 45
216 86
216 167
216 205
217 117
218 81
218 180
218 183
219 37
219 194
220 9
220 25
220 30
220 55
220 139
220 143
220 151
221 97
221 159
221 206
222 94
222 133
223 179
223 213
224 235
225 46
225 162
225 219
225 243
226 192
227 64
227 172
227 181
227 231
228 20
228 41
228 56
228 83
228 86
228 94
228 120
228 160
228 233
229 18
229 78
229 118
229 200
230 91
230 140
231 65
231 84
231 179
232 7
232 116
232 142
232 144
232 172
232 173
232 238
232 248
233 2
233 27
233 38
233 125
233 140
233 150
233 212
234 101
234 126
235 54
235 156
235 186
236 183
236 212
236 235
237 84
237 131
237 160
238 36
238 89
238 206
238 210
239 40
239 73
239 99
239 238
240 62
240 98
240 127
241 17
241 42
241 74
241 162
242 12
242 38
242 60
242 145
242 197
242 220
243 187
244 6
244 44
244 153
244 173
244 224
245 154
245 200
245 214
246 34
246 50
246 118
246 169
246 210
246 218
247 49
247 78
247 100
247 111
247 141
247 210
248 128
249 5
250 158
250 233

