150 150
71 103 79 97 93 65 104 114 25 85 88 21 26 101 62 79 80 70 30 37 31 39 99 118 22 20 65 25 97 49 36 107 109 103 86 74 111 62 117 86 85 40 21 45 27 85 58 61 115 96 30 26 120 62 120 111 37 92 26 51 42 118 36 118 90 120 20 107 112 119 26 116 79 95 28 39 42 110 50 120 50 33 108 69 32 109 49 72 76 34 57 111 54 107 58 62 67 81 102 20 71 71 72 85 108 53 34 58 99 30 77 80 116 87 60 60 53 48 103 44 34 79 101 51 77 54 63 59 22 99 76 78 20 111 70 102 102 24 80 53 98 52 66 86 26 80 116 81 49 114 
1 21
1 72
2 86
3 91
3 107
3 147
4 9
4 13
5 8
6 18
7 54
8 1
8 142
9 67
11 20
12 29
12 84
12 128
12 135
13 43
14 128
17 1
20 9
20 64
21 28
21 63
22 24
22 52
22 58
24 50
24 132
26 114
29 148
30 48
31 28
31 57
33 81
34 56
35 15
35 80
35 109
36 35
37 13
37 75
37 142
37 145
39 132
40 34
40 42
42 54
43 126
44 91
46 148
47 102
52 10
54 82
55 22
55 131
57 81
58 7
58 48
61 109
61 133
62 65
62 110
63 53
65 36
70 89
71 7
71 81
72 110
73 139
74 44
76 75
76 78
77 81
77 110
80 39
81 27
81 80
81 134
82 30
82 85
83 3
85 7
85 79
85 113
87 74
89 23
92 66
93 121
94 45
95 2
97 10
97 56
98 47
98 104
102 2
102 114
103 3
105 3
105 98
105 111
107 17
107 139
108 74
111 100
111 104
112 75
112 86
113 134
113 135
114 54
114 72
115 11
115 21
115 113
117 51
118 28
118 72
120 114
120 140
121 100
123 2
124 109
125 34
126 10
126 84
126 93
126 119
127 73
127 109
128 119
131 127
131 142
133 56
133 86
134 33
134 131
136 53
137 99
142 66
143 39
143 112
143 114
144 104
145 84
146 140
148 72
148 93

