50 250
105 101 81 33 87 69 82 66 99 111 35 66 113 112 46 29 41 118 73 84 56 93 112 92 110 52 21 38 106 117 67 38 39 46 67 52 88 48 42 116 37 108 111 113 104 83 94 118 49 61 
1 8
1 12
1 44
2 1
2 10
2 16
2 19
2 31
2 33
2 34
2 40
2 44
3 13
3 26
4 12
4 20
4 41
4 43
4 44
5 21
5 39
6 3
6 35
6 36
6 42
7 4
7 14
7 31
7 32
7 39
7 44
8 2
8 6
8 13
8 25
8 46
9 3
9 8
9 11
9 16
9 17
9 30
9 37
9 46
10 45
10 50
11 2
11 16
11 26
11 29
11 36
12 10
12 24
12 31
12 32
12 37
12 46
12 48
13 4
13 15
13 20
13 26
13 37
14 5
14 22
14 24
14 36
14 37
14 45
15 5
15 36
16 24
16 31
16 35
16 38
16 44
16 46
17 37
17 38
17 42
17 50
18 7
18 16
18 17
18 38
18 39
18 49
18 50
19 1
19 3
19 14
19 20
19 37
19 38
19 47
20 6
20 18
20 21
20 25
20 27
20 28
20 36
20 38
20 43
20 45
21 2
21 11
21 30
21 44
22 4
22 21
22 27
22 29
22 32
23 2
23 4
23 8
23 19
23 26
23 36
23 37
24 5
24 7
24 25
25 3
25 26
25 35
25 46
26 6
26 12
26 16
26 22
26 47
27 1
27 8
27 11
27 19
27 28
27 41
28 6
28 7
28 25
28 41
28 50
29 1
29 2
29 4
29 23
29 36
29 42
29 44
30 18
31 9
31 13
31 17
31 21
31 22
31 24
31 25
31 34
31 44
31 45
32 14
32 23
32 39
33 6
33 12
33 29
33 34
33 39
33 42
34 3
34 4
34 27
34 38
34 40
35 8
35 15
35 23
35 27
35 32
35 44
36 1
36 22
36 24
36 39
36 40
36 46
38 15
38 23
38 40
38 50
39 9
39 19
39 20
39 25
39 43
40 13
40 20
40 21
40 28
40 42
41 14
41 17
41 25
42 10
42 14
42 15
42 44
42 48
43 7
43 22
43 46
43 50
45 18
45 24
45 25
45 34
45 36
45 37
45 42
46 5
46 11
46 13
46 31
46 38
46 42
46 49
47 8
47 11
47 34
48 1
48 7
48 14
48 15
48 17
48 33
49 8
49 15
49 30
49 32
49 34
49 37
49 40
50 2
50 21
50 22
50 31
50 32
50 37

