200 250
97 89 115 42 60 88 29 46 112 74 102 106 35 112 53 23 39 63 110 25 36 95 85 37 86 83 44 79 45 104 89 58 102 97 35 54 103 99 43 44 99 82 104 57 51 99 70 55 26 111 27 46 108 72 64 56 50 93 67 111 74 95 96 48 68 91 89 25 94 63 24 108 59 41 60 33 94 28 109 113 88 83 98 43 110 112 47 33 101 36 39 60 117 86 52 80 99 100 77 72 99 44 115 87 57 74 104 56 96 20 92 69 107 63 96 53 32 40 78 58 30 65 105 64 71 96 60 65 76 105 119 104 72 53 44 54 23 33 44 100 116 59 100 75 21 94 78 79 28 48 38 81 66 92 62 77 104 22 25 21 111 76 78 52 49 21 77 110 78 43 25 45 25 56 64 104 84 117 105 72 61 34 114 35 45 55 81 70 117 66 26 75 70 70 50 54 75 83 56 58 
1 3
1 51
2 9
3 64
5 6
5 78
6 115
6 130
9 71
9 93
10 164
12 44
13 175
16 91
17 2
17 58
18 142
18 180
19 164
19 173
21 124
22 12
23 173
26 1
27 174
27 189
27 200
28 18
28 30
31 84
33 135
33 143
33 146
33 174
34 10
34 40
35 7
35 19
36 81
37 172
40 173
40 198
41 47
43 22
43 182
43 184
45 13
45 73
46 137
46 166
47 180
49 9
49 96
51 165
52 71
52 77
54 62
55 71
55 188
56 178
56 184
57 45
59 92
60 5
60 77
61 111
61 157
63 88
63 100
64 110
67 47
68 26
68 83
71 32
71 177
72 16
72 45
72 164
73 25
73 32
74 59
74 109
74 134
75 141
75 184
76 181
78 12
78 189
79 29
80 27
80 135
80 164
81 152
83 59
83 122
86 84
86 123
86 177
89 15
89 192
90 146
90 190
91 166
92 4
93 24
93 53
93 144
94 32
94 161
94 184
96 124
96 136
98 14
99 48
99 158
99 175
100 49
100 78
100 103
100 145
102 143
103 49
104 36
104 84
104 169
105 96
107 38
107 49
107 85
108 62
108 72
108 129
109 42
110 35
110 78
110 100
110 112
111 35
111 64
112 1
112 56
113 4
113 54
114 162
114 189
115 75
115 104
116 30
117 97
117 198
118 83
118 174
120 74
120 87
120 157
123 117
123 152
123 197
124 40
125 151
126 17
128 61
130 84
130 166
133 34
134 45
134 171
135 57
135 71
135 162
136 11
136 46
136 99
137 32
138 17
138 19
139 15
139 30
139 136
140 32
140 180
141 180
143 32
143 50
145 28
145 91
146 179
147 88
148 70
148 140
150 159
150 194
151 37
152 135
152 178
153 90
158 44
159 84
159 92
160 39
161 153
161 175
163 56
164 86
166 178
167 37
167 107
167 164
168 8
168 35
168 121
168 153
169 58
169 70
170 19
170 120
171 66
173 118
177 75
177 146
177 156
178 42
179 29
179 162
181 150
182 24
182 196
183 64
183 82
184 35
184 81
184 146
186 144
187 72
187 199
188 62
188 97
188 179
189 47
189 61
189 102
190 117
193 104
193 152
198 6
198 73
198 184
199 134
199 188
200 183

