200 500
28 111 96 45 23 21 37 20 50 101 40 94 64 97 59 53 106 58 105 116 76 96 83 88 51 86 61 118 39 92 23 22 106 51 59 56 31 39 111 95 118 82 117 63 35 50 25 111 85 78 100 24 78 84 20 36 100 80 90 96 86 71 51 68 119 104 72 102 20 52 114 23 120 116 24 45 32 83 49 26 65 69 30 24 62 65 118 118 30 110 33 85 79 73 118 49 69 61 32 86 87 113 22 23 29 120 109 59 85 77 85 109 40 107 98 64 52 62 66 66 64 92 38 114 98 80 91 102 34 85 83 110 81 82 29 118 120 54 43 71 98 67 77 104 36 98 47 40 89 89 20 76 100 114 102 100 73 110 58 63 82 32 118 90 47 92 27 35 35 91 49 83 21 63 50 75 60 72 109 54 54 32 26 65 55 95 60 87 30 34 88 115 94 101 38 110 66 63 108 85 
1 57
1 75
2 183
3 108
3 200
4 102
4 130
4 151
5 54
5 90
6 62
6 70
6 102
6 158
7 9
7 77
7 136
8 92
9 36
9 52
10 146
10 152
11 155
11 200
12 19
12 121
12 166
13 65
13 83
13 152
13 180
14 3
14 57
14 105
14 125
14 192
15 66
15 146
15 198
16 21
16 37
16 108
16 113
16 178
17 6
18 61
18 81
18 96
18 101
18 137
19 21
19 32
20 30
20 59
21 22
21 57
21 110
22 26
22 45
22 50
22 142
23 67
23 81
23 169
24 164
25 49
26 63
26 66
26 86
26 88
27 8
27 104
27 164
27 191
29 98
29 121
30 19
31 89
32 37
32 49
32 108
32 188
34 10
34 192
35 69
35 93
35 147
35 152
36 104
36 115
36 141
36 182
37 13
37 29
37 136
37 151
37 174
38 85
38 136
39 31
40 144
40 166
40 195
41 19
41 187
43 103
44 21
44 169
45 6
45 52
45 79
45 82
45 128
46 2
47 59
48 121
50 49
50 52
51 168
51 198
52 6
52 87
53 7
53 41
53 47
53 138
54 10
54 96
55 41
55 135
55 154
55 159
55 180
56 87
56 110
57 150
58 89
58 168
59 64
59 166
60 43
61 97
61 144
61 154
62 38
62 155
62 165
63 90
63 113
63 143
64 19
64 23
64 58
64 98
64 111
64 148
64 189
65 16
65 41
65 121
65 150
66 126
67 11
67 109
67 120
67 156
68 10
68 120
68 142
69 50
70 29
70 78
70 179
71 91
72 18
72 83
72 150
73 34
73 65
74 29
74 63
74 66
74 109
74 137
75 171
75 184
76 39
76 75
77 53
77 62
78 55
78 138
78 199
79 48
79 81
79 152
79 186
80 38
80 145
80 153
80 192
81 65
82 28
83 88
83 158
84 154
85 10
86 198
88 2
88 47
89 11
89 165
89 183
90 3
90 42
90 133
91 1
92 49
92 52
92 79
92 131
92 157
93 73
93 144
93 154
94 11
94 32
94 100
94 163
95 21
95 102
96 22
96 77
96 127
96 173
96 182
97 3
97 80
97 134
98 100
98 115
98 200
99 90
100 112
101 86
101 179
101 195
102 105
102 114
102 158
103 21
103 109
103 196
104 6
104 141
105 26
105 49
106 169
106 181
106 190
106 191
107 127
108 196
109 6
109 38
110 16
110 59
110 112
110 122
110 183
111 37
111 160
112 154
113 94
113 106
114 28
114 34
114 44
114 60
114 65
114 165
114 173
114 183
115 9
115 165
115 196
116 6
117 160
118 65
118 112
118 136
118 181
119 74
119 80
119 102
119 186
120 113
120 152
121 8
122 103
122 176
123 46
123 74
123 91
123 180
124 93
124 129
124 135
125 49
125 62
125 78
125 126
125 144
126 52
126 92
126 151
126 176
127 14
127 31
127 176
128 26
128 117
128 177
129 45
129 71
129 85
129 185
130 72
130 77
130 112
130 196
131 47
131 72
131 114
131 186
132 127
133 17
133 134
134 35
134 70
134 171
134 186
135 107
135 128
135 139
136 115
136 157
137 28
137 99
138 26
138 36
139 23
139 112
140 91
140 125
141 40
142 24
142 199
143 34
143 76
143 104
143 111
144 3
144 116
144 169
145 54
145 116
145 167
145 196
146 45
146 47
146 192
147 2
147 29
147 69
147 100
147 160
148 152
148 196
149 37
149 90
149 121
149 174
151 72
151 73
152 138
152 156
153 14
153 52
153 63
153 191
154 63
154 89
154 91
154 147
155 47
155 103
155 131
155 141
155 152
155 197
157 51
157 85
157 151
158 37
158 130
158 175
158 193
159 37
159 69
160 103
160 150
162 109
162 129
162 167
162 183
163 108
164 20
164 135
164 157
165 182
166 67
167 99
168 92
168 101
168 140
168 156
169 33
169 43
170 121
171 29
171 155
172 83
172 111
172 142
173 34
173 148
174 70
175 27
175 85
175 110
176 56
176 120
177 4
177 59
177 108
177 139
178 89
179 12
179 146
179 151
179 160
180 17
180 60
180 193
181 8
181 36
181 51
181 58
181 61
181 173
182 39
182 92
182 94
182 197
183 105
183 180
184 134
185 59
185 95
185 173
185 178
187 74
188 15
188 49
188 51
188 169
188 197
190 20
190 23
192 29
193 27
193 43
193 48
193 195
194 164
195 61
195 124
195 199
196 120
197 163
197 172
197 184
198 121
198 164
198 177
199 43
199 110
199 164
199 189

