200 500
113 97 69 48 29 43 83 64 73 35 90 101 68 46 115 75 90 120 96 44 28 103 28 39 71 43 55 73 97 110 93 116 100 73 90 113 65 95 58 95 81 25 88 36 99 47 24 105 105 58 50 33 98 59 82 55 120 99 59 63 42 86 99 58 29 58 49 27 31 62 61 104 49 93 64 30 97 41 29 23 114 86 65 69 21 62 25 35 61 31 102 74 33 69 91 104 104 65 95 47 39 66 60 85 30 33 120 101 77 106 77 52 49 105 21 40 25 27 75 78 58 49 35 32 96 26 23 32 48 61 99 79 87 20 61 44 94 41 106 42 104 55 35 77 115 49 105 31 63 35 50 38 84 39 41 117 70 40 89 111 52 84 104 112 29 45 94 102 51 32 24 81 93 73 45 29 119 43 43 56 26 91 114 78 64 23 101 57 21 92 83 77 68 77 77 74 80 41 60 35 
1 5
1 93
1 148
1 162
2 175
3 66
4 91
5 11
5 19
6 36
6 50
6 183
7 3
7 33
8 134
9 59
9 68
9 106
9 110
9 145
9 149
9 162
9 176
10 55
10 124
10 182
11 162
12 41
12 187
13 4
13 26
13 77
13 86
13 91
13 123
14 44
15 170
16 154
17 46
18 48
18 165
21 47
21 63
23 146
23 194
24 53
24 109
25 170
26 67
26 194
27 49
27 55
27 121
27 139
27 173
28 140
29 4
29 112
29 198
30 44
30 91
30 158
31 4
31 42
31 81
31 122
33 90
33 110
33 135
33 136
36 82
37 1
37 120
38 98
38 138
38 188
39 45
39 160
39 189
40 93
40 133
41 94
41 144
41 154
41 162
42 61
42 200
43 22
44 9
45 9
45 80
45 131
45 177
47 34
47 129
48 12
48 54
48 105
48 136
49 13
49 97
49 103
49 121
49 159
51 77
51 132
53 84
53 93
53 95
53 171
54 25
54 169
55 65
55 106
55 136
55 183
56 166
56 196
57 2
57 40
57 137
57 159
58 86
58 168
59 45
60 81
60 182
61 177
62 76
62 118
64 16
64 31
64 56
64 82
64 87
65 1
65 28
65 160
66 40
66 130
66 191
66 198
67 3
67 17
67 163
68 11
68 69
68 121
68 125
68 162
68 193
69 87
69 97
69 200
70 67
70 154
72 46
72 189
73 127
73 177
73 190
73 196
74 11
74 32
74 49
74 50
74 59
74 63
74 117
74 197
75 32
75 118
75 121
75 124
75 199
76 45
76 131
77 35
77 75
77 88
77 178
78 115
78 158
79 81
79 147
80 7
80 41
80 56
81 28
81 58
81 96
81 112
83 27
83 50
83 127
84 11
84 48
84 63
84 132
85 64
85 90
86 19
86 22
86 188
87 49
87 59
87 135
87 155
88 111
88 142
88 179
89 48
89 124
90 13
90 53
90 82
91 83
92 67
92 117
92 132
92 177
93 123
94 28
94 45
94 73
94 108
94 118
94 132
94 193
95 43
95 167
95 174
96 27
96 90
96 121
97 2
97 116
98 108
98 193
99 73
99 79
99 180
100 48
100 113
100 128
100 151
101 14
101 105
101 128
101 142
102 177
103 97
103 123
105 11
105 15
105 57
105 192
106 72
106 145
106 166
107 123
108 9
108 182
109 123
111 40
111 103
111 118
111 150
112 43
112 144
114 143
115 36
116 106
117 5
117 17
117 65
117 80
117 150
117 168
118 6
118 27
119 111
119 182
119 197
120 2
120 6
120 22
121 3
121 100
122 130
122 133
123 60
123 82
123 177
124 148
125 116
126 14
127 48
128 28
129 117
129 122
129 180
130 77
130 134
130 139
131 54
131 109
132 28
132 177
133 75
133 189
134 72
134 105
134 160
135 45
135 121
136 29
136 89
136 130
137 28
137 56
137 121
137 197
138 7
138 67
138 82
138 164
139 1
139 196
140 11
140 43
140 116
140 120
141 76
141 91
142 47
142 190
143 25
143 111
143 130
143 161
143 178
144 25
144 34
144 36
144 38
144 114
145 68
145 114
145 146
146 15
146 148
146 183
146 185
147 25
147 39
147 123
148 20
148 27
148 46
148 78
149 7
149 48
149 99
149 100
150 32
150 46
151 9
151 33
151 80
151 115
151 168
151 175
151 196
152 22
152 70
152 120
152 179
153 37
154 76
156 64
157 4
157 20
157 98
157 130
158 81
158 133
159 14
159 128
160 86
160 96
160 162
160 173
160 193
161 4
161 38
161 176
162 59
162 133
163 98
163 110
163 154
164 60
164 110
164 188
165 4
165 30
165 88
165 127
165 176
166 114
166 128
167 33
167 38
167 198
168 4
168 22
169 14
169 17
169 121
169 135
169 142
169 194
170 35
170 142
170 144
170 145
171 21
171 39
171 69
171 142
171 192
172 12
172 69
172 81
173 7
173 85
173 190
174 34
174 51
174 75
174 116
175 92
175 119
175 159
176 4
176 20
176 26
177 94
179 91
179 173
180 62
180 65
180 85
181 3
181 14
181 16
181 86
182 6
182 94
183 15
183 160
184 20
184 62
184 113
184 196
186 150
187 186
188 95
189 78
189 105
190 119
191 112
191 159
191 161
191 178
192 8
192 180
193 125
193 137
193 178
194 60
194 155
194 188
195 15
195 62
195 80
196 40
196 100
197 130
198 8
198 60
198 70
199 3
199 61
199 84
199 114
200 91
200 118
200 168

