250 5000
78 34 30 109 62 69 53 52 69 90 41 68 92 114 72 114 57 120 53 114 97 45 35 42 84 103 48 95 84 64 20 25 44 91 62 66 54 34 68 106 78 49 28 41 43 40 81 107 120 78 85 39 45 40 46 50 93 75 81 93 104 35 49 30 55 117 74 88 97 22 28 51 75 44 65 21 95 53 29 78 53 98 104 117 72 53 56 47 52 45 86 80 109 100 111 43 35 61 64 117 97 105 94 107 35 87 89 63 75 49 40 21 23 90 85 52 96 62 67 21 48 66 55 73 86 73 36 109 67 75 47 48 94 62 62 27 37 75 112 106 66 102 69 57 118 86 80 84 29 73 50 60 110 29 120 60 54 74 102 120 53 104 68 79 45 50 112 57 52 48 68 32 73 21 58 32 117 59 20 107 24 21 29 47 101 68 36 79 76 27 45 36 31 57 59 101 33 38 56 108 51 79 65 40 53 98 57 55 71 111 92 23 111 93 113 22 95 56 83 73 103 100 48 96 103 106 82 43 51 38 27 72 103 56 87 96 24 79 42 86 64 38 67 98 102 84 75 59 100 33 
1 48
1 51
1 70
1 85
1 95
1 107
1 145
1 146
1 151
1 183
1 186
1 189
1 192
1 202
1 242
1 250
2 9
2 16
2 25
2 31
2 74
2 82
2 88
2 102
2 106
2 110
2 115
2 124
2 125
2 134
2 138
2 148
2 152
2 167
2 170
2 180
2 198
2 202
2 210
2 235
2 237
2 241
3 5
3 17
3 42
3 43
3 70
3 81
3 96
3 99
3 112
3 122
3 164
3 176
3 184
3 201
3 210
3 215
3 217
3 219
3 242
4 24
4 40
4 70
4 75
4 96
4 100
4 104
4 129
4 135
4 141
4 156
4 177
4 179
4 205
4 211
4 213
5 18
5 32
5 46
5 59
5 65
5 84
5 90
5 97
5 148
5 172
5 173
5 174
5 184
5 185
5 186
5 212
5 223
5 228
5 235
6 2
6 5
6 19
6 121
6 126
6 128
6 144
6 155
6 160
6 181
6 213
6 216
7 6
7 18
7 31
7 33
7 38
7 53
7 60
7 62
7 70
7 71
7 95
7 102
7 110
7 120
7 132
7 133
7 134
7 138
7 143
7 152
7 178
7 191
7 209
7 222
7 233
7 245
8 2
8 5
8 12
8 15
8 21
8 36
8 45
8 94
8 124
8 141
8 168
8 183
8 206
8 216
8 217
8 219
8 231
8 248
9 25
9 26
9 29
9 52
9 68
9 70
9 86
9 95
9 107
9 123
9 131
9 134
9 142
9 148
9 184
9 233
9 239
9 249
10 6
10 15
10 17
10 19
10 43
10 44
10 65
10 84
10 85
10 123
10 124
10 131
10 132
10 141
10 161
10 176
10 186
10 192
10 194
10 201
10 212
10 224
10 229
10 235
11 6
11 9
11 45
11 53
11 54
11 97
11 113
11 135
11 143
11 161
11 175
11 200
11 214
11 230
11 250
12 10
12 19
12 30
12 33
12 41
12 66
12 73
12 102
12 125
12 133
12 143
12 147
12 166
12 185
12 187
12 192
12 202
12 204
12 208
12 213
12 219
12 229
12 241
13 3
13 5
13 12
13 24
13 28
13 29
13 49
13 53
13 92
13 98
13 136
13 137
13 155
13 163
13 189
13 207
13 219
13 224
13 236
14 10
14 12
14 77
14 85
14 94
14 98
14 109
14 112
14 124
14 162
14 172
14 180
14 183
14 206
14 224
14 227
14 240
15 19
15 39
15 50
15 55
15 62
15 70
15 78
15 79
15 112
15 115
15 119
15 139
15 161
15 196
15 205
15 232
15 235
15 249
16 6
16 26
16 31
16 44
16 86
16 97
16 107
16 108
16 123
16 134
16 158
16 162
16 169
16 197
16 211
16 220
16 243
16 244
17 26
17 27
17 39
17 41
17 42
17 43
17 75
17 92
17 103
17 148
17 171
17 177
17 179
17 191
17 211
17 218
17 223
17 233
18 24
18 25
18 26
18 28
18 29
18 51
18 59
18 62
18 72
18 79
18 130
18 139
18 140
18 142
18 159
18 168
18 176
18 190
18 200
18 234
18 236
18 242
18 249
19 17
19 22
19 49
19 79
19 128
19 163
19 181
19 217
19 227
19 242
19 244
19 250
20 1
20 33
20 35
20 46
20 49
20 56
20 75
20 85
20 87
20 93
20 94
20 102
20 131
20 162
20 180
20 194
20 195
20 196
20 200
20 212
20 235
20 236
20 239
21 1
21 16
21 42
21 49
21 56
21 71
21 78
21 92
21 115
21 130
21 133
21 140
21 152
21 156
21 167
21 176
21 208
21 226
21 243
22 10
22 25
22 27
22 64
22 74
22 82
22 97
22 99
22 103
22 115
22 123
22 125
22 128
22 130
22 137
22 138
22 140
22 143
22 145
22 150
22 177
22 188
22 191
22 198
22 204
22 210
22 237
22 250
23 16
23 17
23 20
23 30
23 34
23 57
23 63
23 72
23 75
23 76
23 82
23 86
23 113
23 124
23 132
23 135
23 144
23 154
23 155
23 171
23 178
23 194
23 210
23 232
23 238
24 26
24 34
24 50
24 100
24 114
24 116
24 190
24 194
24 196
24 201
24 221
24 228
24 244
25 3
25 21
25 30
25 35
25 42
25 57
25 79
25 104
25 105
25 126
25 193
25 209
25 232
25 240
25 241
26 2
26 40
26 49
26 59
26 71
26 78
26 98
26 104
26 133
26 147
26 151
26 169
26 190
26 196
26 204
26 219
26 228
26 230
26 248
27 10
27 16
27 29
27 33
27 37
27 42
27 48
27 51
27 66
27 74
27 92
27 105
27 111
27 122
27 142
27 155
27 156
27 163
27 166
27 174
27 189
27 213
27 218
27 234
27 241
27 242
28 4
28 16
28 103
28 121
28 140
28 152
28 167
28 171
28 180
28 199
28 200
28 223
28 230
28 241
28 248
29 20
29 24
29 42
29 51
29 54
29 58
29 60
29 74
29 101
29 123
29 125
29 186
29 223
29 226
29 233
29 236
29 237
29 239
29 243
29 247
30 27
30 34
30 61
30 65
30 68
30 85
30 111
30 120
30 127
30 129
30 136
30 138
30 163
30 172
30 207
30 209
30 213
30 224
30 229
31 36
31 59
31 95
31 102
31 108
31 112
31 121
31 135
31 152
31 165
31 173
31 175
31 215
31 216
31 235
31 240
32 30
32 41
32 61
32 84
32 85
32 98
32 113
32 143
32 145
32 148
32 152
32 153
32 154
32 160
32 179
32 185
32 194
32 209
32 224
32 235
32 244
33 35
33 49
33 52
33 54
33 64
33 73
33 76
33 87
33 92
33 115
33 146
33 164
33 165
33 205
33 213
34 4
34 26
34 45
34 64
34 71
34 89
34 97
34 122
34 128
34 144
34 174
34 187
34 189
34 193
34 199
34 204
34 208
34 215
34 230
34 236
35 1
35 12
35 24
35 40
35 46
35 49
35 66
35 75
35 76
35 135
35 136
35 137
35 152
35 162
35 174
35 193
35 198
35 201
35 215
35 216
35 227
35 235
36 6
36 13
36 22
36 27
36 38
36 39
36 67
36 71
36 90
36 93
36 109
36 138
36 146
36 188
36 199
36 212
36 222
36 241
36 244
36 245
37 13
37 18
37 35
37 41
37 60
37 64
37 88
37 89
37 92
37 140
37 154
37 162
37 168
37 173
37 176
37 183
37 190
37 218
37 224
37 226
37 239
38 40
38 52
38 63
38 76
38 102
38 107
38 109
38 117
38 130
38 159
38 167
38 168
38 169
38 172
38 175
38 179
38 180
38 185
38 205
38 224
38 225
38 233
38 244
38 248
39 8
39 30
39 41
39 43
39 46
39 52
39 86
39 114
39 115
39 117
39 128
39 130
39 137
39 161
39 204
39 227
39 231
39 245
39 246
40 8
40 13
40 39
40 73
40 104
40 107
40 115
40 126
40 149
40 155
40 190
40 203
40 221
40 228
41 33
41 99
41 111
41 115
41 118
41 124
41 130
41 138
41 160
41 170
41 193
42 6
42 13
42 39
42 40
42 47
42 61
42 69
42 72
42 85
42 130
42 151
42 165
42 176
42 188
42 194
42 197
42 249
43 19
43 42
43 56
43 59
43 88
43 91
43 99
43 102
43 119
43 122
43 125
43 155
43 160
43 187
43 195
43 196
43 207
43 208
43 209
43 220
43 225
43 243
44 12
44 18
44 27
44 29
44 35
44 45
44 46
44 50
44 79
44 81
44 115
44 123
44 139
44 160
44 179
44 193
44 203
44 213
44 230
45 7
45 33
45 36
45 42
45 52
45 55
45 56
45 61
45 79
45 80
45 81
45 112
45 118
45 143
45 146
45 161
45 163
45 178
45 199
45 205
45 210
45 217
45 224
45 249
46 4
46 13
46 24
46 28
46 42
46 60
46 70
46 72
46 89
46 91
46 108
46 117
46 127
46 138
46 159
46 175
46 178
46 185
46 186
46 221
46 225
46 230
46 248
47 25
47 67
47 72
47 82
47 83
47 91
47 95
47 101
47 102
47 117
47 121
47 129
47 146
47 147
47 160
47 167
47 187
47 194
47 199
47 201
47 216
47 243
48 10
48 11
48 12
48 13
48 14
48 16
48 34
48 53
48 77
48 78
48 98
48 114
48 130
48 144
48 150
48 157
48 165
48 175
48 176
48 180
48 182
48 187
48 189
48 210
48 219
48 235
48 245
48 249
49 34
49 58
49 68
49 95
49 104
49 140
49 169
49 174
49 202
49 213
49 226
49 229
50 21
50 38
50 68
50 76
50 79
50 85
50 87
50 89
50 113
50 117
50 122
50 126
50 129
50 132
50 162
50 166
50 183
50 187
50 199
50 200
50 219
50 237
50 246
51 13
51 25
51 62
51 66
51 76
51 108
51 118
51 128
51 130
51 170
51 174
51 185
51 203
51 204
51 211
51 216
52 4
52 11
52 17
52 19
52 27
52 69
52 79
52 85
52 94
52 112
52 138
52 139
52 152
52 153
52 187
52 210
52 216
52 218
52 222
52 237
52 249
53 17
53 38
53 40
53 46
53 56
53 71
53 78
53 82
53 92
53 105
53 116
53 121
53 128
53 140
53 153
53 157
53 159
53 163
53 185
53 200
53 244
54 13
54 23
54 45
54 49
54 74
54 78
54 79
54 80
54 118
54 124
54 126
54 132
54 153
54 154
54 169
54 185
54 187
54 190
54 196
54 205
54 207
54 210
54 230
55 12
55 21
55 43
55 62
55 73
55 82
55 89
55 90
55 92
55 104
55 111
55 120
55 145
55 149
55 176
55 180
55 191
55 215
55 229
55 235
55 242
55 245
55 247
56 18
56 24
56 40
56 52
56 54
56 62
56 74
56 79
56 85
56 99
56 123
56 133
56 148
56 150
56 153
56 156
56 160
56 170
56 176
56 186
56 199
56 209
56 212
56 229
56 247
57 7
57 19
57 48
57 52
57 53
57 124
57 145
57 160
57 163
57 173
57 176
57 204
57 209
57 220
57 235
57 236
58 11
58 13
58 42
58 57
58 72
58 75
58 84
58 103
58 164
58 167
58 195
58 196
58 198
58 206
58 209
58 212
58 213
58 226
58 229
58 238
58 244
58 246
59 22
59 23
59 48
59 66
59 90
59 94
59 110
59 112
59 120
59 122
59 141
59 145
59 148
59 155
59 161
59 171
59 197
59 201
59 206
59 209
59 211
59 233
59 235
60 4
60 9
60 15
60 20
60 33
60 48
60 66
60 87
60 100
60 102
60 182
60 200
60 210
60 215
60 222
61 1
61 15
61 28
61 43
61 50
61 53
61 73
61 76
61 81
61 102
61 107
61 118
61 123
61 127
61 130
61 131
61 136
61 144
61 145
61 153
61 176
61 206
61 221
61 226
61 234
61 248
62 25
62 27
62 28
62 29
62 32
62 37
62 42
62 50
62 57
62 58
62 65
62 70
62 92
62 101
62 107
62 111
62 120
62 124
62 137
62 145
62 146
62 150
62 160
62 164
62 168
62 188
62 198
62 199
62 203
62 215
62 233
62 237
62 247
63 8
63 25
63 26
63 42
63 49
63 92
63 94
63 101
63 114
63 129
63 140
63 164
63 165
63 178
63 205
63 207
64 36
64 41
64 78
64 82
64 83
64 105
64 113
64 131
64 132
64 134
64 154
64 159
64 191
64 193
64 194
64 207
64 211
64 214
64 231
64 239
65 17
65 25
65 27
65 45
65 50
65 55
65 68
65 74
65 88
65 142
65 157
65 158
65 164
65 169
65 176
65 178
65 187
65 199
65 207
65 208
65 218
65 244
65 245
66 10
66 11
66 34
66 36
66 52
66 57
66 62
66 96
66 114
66 120
66 122
66 136
66 144
66 176
66 178
66 181
66 204
66 231
66 247
67 10
67 16
67 22
67 30
67 42
67 46
67 60
67 101
67 119
67 150
67 162
67 170
67 180
67 194
68 12
68 26
68 37
68 52
68 53
68 71
68 78
68 108
68 124
68 163
68 189
68 192
68 204
68 208
68 213
68 215
68 228
68 234
69 4
69 19
69 34
69 37
69 41
69 65
69 70
69 84
69 86
69 91
69 124
69 147
69 180
69 187
69 215
69 232
69 240
69 250
70 12
70 66
70 79
70 88
70 91
70 102
70 119
70 193
70 194
70 205
71 5
71 13
71 31
71 97
71 140
71 141
71 151
71 153
71 165
71 202
71 210
71 218
71 225
71 234
71 249
71 250
72 3
72 8
72 13
72 14
72 22
72 37
72 44
72 45
72 53
72 67
72 81
72 90
72 104
72 123
72 126
72 132
72 142
72 158
72 191
72 192
72 203
72 250
73 4
73 8
73 9
73 17
73 24
73 32
73 64
73 69
73 103
73 108
73 123
73 139
73 165
73 218
73 238
73 248
73 249
74 5
74 16
74 30
74 33
74 47
74 50
74 51
74 61
74 99
74 111
74 156
74 170
74 192
74 198
74 206
74 209
74 217
74 243
75 9
75 18
75 21
75 30
75 49
75 53
75 59
75 60
75 71
75 74
75 87
75 113
75 121
75 138
75 173
75 189
75 191
75 210
75 216
75 232
75 240
75 245
75 247
76 4
76 10
76 27
76 31
76 40
76 47
76 49
76 59
76 121
76 124
76 128
76 152
76 163
76 174
76 196
76 198
76 213
76 226
76 230
76 236
76 238
76 247
77 37
77 51
77 56
77 71
77 119
77 132
77 143
77 150
77 156
77 159
77 170
77 175
77 178
77 193
77 203
77 218
77 220
77 230
77 233
77 236
77 238
77 240
77 243
77 245
77 247
78 27
78 62
78 101
78 111
78 112
78 115
78 117
78 126
78 130
78 140
78 148
78 151
78 163
78 173
78 179
78 185
78 191
78 207
78 221
78 244
78 245
79 2
79 4
79 16
79 27
79 37
79 46
79 63
79 86
79 93
79 95
79 123
79 139
79 156
79 174
79 176
79 192
79 194
79 202
79 211
79 231
79 236
79 243
79 248
80 22
80 23
80 25
80 29
80 106
80 107
80 114
80 124
80 128
80 150
80 182
80 192
80 236
80 239
80 249
81 14
81 25
81 26
81 34
81 41
81 43
81 53
81 57
81 58
81 63
81 70
81 87
81 97
81 98
81 125
81 133
81 141
81 154
81 175
81 202
81 227
81 245
82 39
82 50
82 61
82 65
82 66
82 75
82 89
82 92
82 104
82 125
82 127
82 130
82 140
82 141
82 146
82 158
82 174
82 184
82 188
82 189
82 202
82 208
82 220
82 227
82 229
82 239
83 23
83 26
83 45
83 48
83 52
83 56
83 79
83 81
83 97
83 101
83 117
83 122
83 136
83 148
83 150
83 159
83 162
83 177
83 179
83 181
83 202
83 211
83 228
84 1
84 6
84 8
84 14
84 25
84 28
84 42
84 47
84 55
84 60
84 65
84 66
84 100
84 149
84 166
84 193
84 195
84 207
84 212
84 213
84 223
84 229
85 3
85 22
85 54
85 59
85 69
85 89
85 96
85 102
85 118
85 119
85 142
85 148
85 150
85 161
85 189
85 203
85 212
85 214
85 229
85 233
85 239
85 241
85 243
85 249
86 13
86 44
86 63
86 91
86 117
86 136
86 138
86 151
86 171
86 173
86 185
86 194
86 195
86 203
86 213
86 215
86 216
86 236
86 249
87 9
87 32
87 54
87 55
87 56
87 79
87 90
87 93
87 104
87 136
87 156
87 160
87 166
87 170
87 184
87 204
87 211
87 218
87 221
87 241
87 245
88 15
88 29
88 35
88 42
88 46
88 52
88 54
88 60
88 72
88 85
88 86
88 110
88 146
88 155
88 160
88 189
88 201
88 224
88 225
88 227
88 231
88 246
88 248
89 9
89 13
89 19
89 28
89 42
89 45
89 74
89 76
89 86
89 92
89 97
89 112
89 116
89 127
89 135
89 136
89 147
89 149
89 166
89 175
89 203
89 212
89 219
89 220
89 229
89 238
90 10
90 17
90 19
90 26
90 32
90 45
90 50
90 65
90 67
90 73
90 76
90 91
90 115
90 118
90 126
90 134
90 140
90 143
90 151
90 156
90 176
90 193
90 200
90 226
91 50
91 59
91 74
91 132
91 139
91 154
91 159
91 172
91 188
91 191
91 193
91 202
91 219
91 237
91 240
92 10
92 12
92 14
92 26
92 30
92 43
92 45
92 47
92 48
92 49
92 110
92 119
92 173
92 183
92 194
92 219
92 228
92 229
92 231
92 244
93 10
93 12
93 19
93 21
93 50
93 57
93 77
93 89
93 92
93 103
93 138
93 145
93 163
93 166
93 183
93 228
93 241
93 244
93 249
94 2
94 17
94 25
94 32
94 35
94 37
94 49
94 57
94 70
94 75
94 82
94 91
94 119
94 131
94 132
94 140
94 144
94 148
94 152
94 155
94 158
94 190
94 201
94 206
94 218
94 224
94 245
95 3
95 20
95 27
95 42
95 45
95 64
95 72
95 74
95 80
95 100
95 101
95 103
95 123
95 124
95 125
95 127
95 139
95 140
95 153
95 162
95 169
95 171
95 172
95 195
95 202
95 207
95 210
95 217
95 223
95 228
96 29
96 31
96 33
96 65
96 95
96 109
96 112
96 115
96 148
96 169
96 177
96 187
96 192
96 197
96 212
96 214
96 248
97 33
97 35
97 40
97 48
97 57
97 63
97 86
97 108
97 110
97 134
97 151
97 187
97 196
97 220
97 225
97 238
98 42
98 50
98 54
98 61
98 74
98 93
98 101
98 119
98 123
98 126
98 127
98 131
98 139
98 144
98 159
98 185
98 200
98 230
99 30
99 65
99 70
99 105
99 110
99 122
99 140
99 147
99 164
99 182
99 198
99 213
99 221
99 222
99 237
99 244
100 36
100 43
100 46
100 51
100 52
100 57
100 69
100 81
100 85
100 86
100 110
100 111
100 120
100 128
100 177
100 188
100 190
100 193
100 229
100 231
101 20
101 50
101 57
101 68
101 96
101 109
101 134
101 168
101 171
101 183
101 191
101 201
101 219
101 225
101 239
102 18
102 27
102 59
102 65
102 71
102 73
102 92
102 94
102 98
102 120
102 122
102 127
102 136
102 137
102 143
102 177
102 182
102 183
102 188
102 244
103 14
103 31
103 41
103 75
103 110
103 145
103 151
103 161
103 166
103 197
103 198
103 214
104 2
104 12
104 17
104 45
104 69
104 74
104 95
104 96
104 115
104 143
104 146
104 166
104 177
104 192
104 225
105 2
105 5
105 47
105 65
105 71
105 73
105 83
105 102
105 103
105 120
105 133
105 138
105 155
105 218
105 232
105 237
105 242
105 245
106 8
106 38
106 51
106 52
106 56
106 66
106 71
106 82
106 87
106 174
106 177
106 182
106 202
106 223
106 241
107 12
107 18
107 23
107 26
107 28
107 36
107 43
107 56
107 57
107 75
107 79
107 81
107 85
107 105
107 137
107 144
107 146
107 158
107 161
107 172
107 178
107 189
107 198
107 214
107 223
107 233
107 234
107 240
107 243
107 247
108 2
108 19
108 26
108 33
108 37
108 40
108 63
108 113
108 128
108 142
108 147
108 169
108 203
108 205
108 212
108 237
108 243
108 246
109 7
109 15
109 31
109 33
109 50
109 56
109 77
109 81
109 90
109 104
109 106
109 108
109 112
109 117
109 119
109 155
109 175
109 194
109 203
109 212
109 228
109 230
109 246
110 1
110 28
110 67
110 79
110 95
110 102
110 116
110 122
110 168
110 181
110 193
110 208
110 213
110 224
110 227
110 228
110 236
111 25
111 28
111 34
111 44
111 67
111 81
111 89
111 93
111 98
111 103
111 128
111 145
111 146
111 178
111 181
111 188
111 198
111 202
111 204
112 1
112 6
112 8
112 9
112 22
112 37
112 39
112 46
112 53
112 71
112 91
112 102
112 107
112 111
112 120
112 124
112 133
112 150
112 151
112 163
112 176
112 196
112 217
112 231
112 234
112 249
113 17
113 43
113 46
113 85
113 87
113 92
113 114
113 122
113 150
113 165
113 207
113 208
113 221
113 230
113 241
113 242
113 243
114 18
114 27
114 36
114 45
114 47
114 53
114 60
114 71
114 96
114 122
114 124
114 174
114 185
114 188
114 239
114 241
115 3
115 24
115 37
115 38
115 49
115 55
115 106
115 108
115 136
115 142
115 147
115 170
115 190
115 206
115 214
115 221
115 231
115 233
116 2
116 32
116 42
116 49
116 61
116 74
116 84
116 112
116 118
116 122
116 125
116 127
116 128
116 155
116 181
116 183
116 195
116 208
116 231
116 233
117 21
117 44
117 49
117 57
117 64
117 102
117 105
117 112
117 118
117 121
117 125
117 142
117 159
117 165
117 185
117 198
117 211
117 250
118 32
118 36
118 73
118 80
118 93
118 95
118 109
118 136
118 157
118 181
118 194
118 206
118 211
118 241
118 242
119 8
119 9
119 11
119 18
119 20
119 45
119 58
119 76
119 79
119 87
119 93
119 95
119 99
119 100
119 101
119 122
119 157
119 158
119 184
119 186
119 188
119 198
119 205
119 211
119 214
119 226
119 227
119 233
119 244
120 12
120 18
120 48
120 56
120 61
120 72
120 73
120 80
120 88
120 91
120 97
120 115
120 121
120 123
120 125
120 130
120 139
120 156
120 165
120 189
120 191
120 193
120 211
120 217
120 229
120 247
121 20
121 23
121 63
121 74
121 77
121 86
121 97
121 109
121 110
121 118
121 122
121 127
121 132
121 167
121 178
121 196
121 210
121 213
121 221
121 227
121 234
121 249
122 22
122 24
122 45
122 71
122 98
122 104
122 108
122 117
122 135
122 140
122 147
122 164
122 180
122 200
122 203
122 246
123 1
123 4
123 21
123 38
123 46
123 47
123 52
123 97
123 115
123 133
123 150
123 157
123 158
123 160
123 176
123 206
123 210
123 243
124 43
124 87
124 91
124 117
124 125
124 133
124 134
124 158
124 183
124 187
124 213
124 214
124 223
124 232
124 248
125 19
125 26
125 36
125 66
125 72
125 78
125 85
125 87
125 133
125 136
125 150
125 161
125 182
125 202
125 210
125 226
125 230
125 241
126 3
126 36
126 38
126 41
126 55
126 60
126 70
126 71
126 84
126 94
126 114
126 141
126 147
126 154
126 174
126 177
126 182
126 215
126 223
126 243
127 17
127 33
127 36
127 40
127 41
127 43
127 67
127 69
127 70
127 75
127 76
127 111
127 119
127 134
127 155
127 164
127 186
127 188
127 191
127 198
127 204
127 222
127 229
127 234
127 237
128 5
128 9
128 49
128 50
128 56
128 62
128 81
128 97
128 107
128 115
128 119
128 186
128 192
128 197
128 204
128 230
128 247
128 249
129 12
129 20
129 45
129 64
129 92
129 106
129 118
129 123
129 146
129 148
129 154
129 161
129 171
129 176
129 184
129 188
129 208
129 227
129 229
129 240
130 3
130 20
130 54
130 57
130 58
130 60
130 83
130 86
130 87
130 93
130 100
130 114
130 117
130 184
130 186
130 194
130 202
130 205
130 212
130 216
130 229
131 16
131 36
131 38
131 40
131 42
131 44
131 50
131 68
131 79
131 87
131 90
131 128
131 136
131 151
131 152
131 169
131 175
131 178
131 184
131 196
131 201
131 208
131 213
131 217
131 225
131 241
131 246
132 9
132 27
132 35
132 40
132 56
132 57
132 69
132 105
132 108
132 119
132 126
132 138
132 159
132 193
132 204
132 215
132 227
132 230
132 236
132 249
132 250
133 15
133 17
133 27
133 31
133 48
133 49
133 54
133 101
133 118
133 151
133 153
133 167
133 168
133 169
133 172
133 185
133 201
133 209
133 218
133 246
134 3
134 20
134 27
134 45
134 48
134 60
134 65
134 68
134 79
134 96
134 107
134 130
134 136
134 139
134 142
134 147
134 154
134 157
134 161
135 37
135 53
135 69
135 80
135 85
135 115
135 155
135 181
135 202
135 209
135 230
135 243
136 6
136 11
136 15
136 25
136 31
136 45
136 50
136 77
136 98
136 105
136 106
136 120
136 139
136 141
136 206
136 234
136 245
136 249
137 4
137 5
137 18
137 25
137 59
137 68
137 71
137 78
137 87
137 89
137 91
137 92
137 99
137 111
137 126
137 131
137 141
137 168
137 178
137 181
137 216
137 218
137 236
137 237
137 242
137 250
138 9
138 18
138 29
138 85
138 89
138 121
138 123
138 131
138 137
138 167
138 169
138 170
138 177
138 207
138 208
138 209
138 220
138 239
138 246
139 5
139 13
139 22
139 55
139 66
139 84
139 93
139 116
139 117
139 131
139 137
139 165
139 177
139 187
139 192
139 194
139 233
139 238
139 240
140 7
140 32
140 101
140 104
140 116
140 131
140 144
140 150
140 181
140 204
140 218
140 236
140 240
140 243
140 244
141 2
141 13
141 18
141 29
141 31
141 32
141 41
141 43
141 53
141 55
141 61
141 84
141 101
141 119
141 125
141 128
141 149
141 195
141 199
141 203
141 206
141 211
141 217
141 224
141 233
141 239
142 4
142 44
142 57
142 58
142 63
142 97
142 160
142 168
142 188
142 189
142 199
142 204
142 216
142 224
142 242
143 9
143 16
143 28
143 70
143 75
143 76
143 81
143 84
143 92
143 109
143 131
143 132
143 135
143 137
143 160
143 192
143 211
143 224
143 247
144 20
144 31
144 67
144 68
144 93
144 112
144 142
144 170
144 175
144 197
144 199
144 210
144 227
144 233
144 242
144 245
145 9
145 13
145 14
145 15
145 18
145 20
145 21
145 25
145 31
145 44
145 63
145 65
145 85
145 87
145 97
145 107
145 120
145 123
145 125
145 131
145 143
145 210
145 216
145 222
145 240
145 243
146 2
146 4
146 14
146 19
146 25
146 38
146 55
146 66
146 83
146 84
146 89
146 103
146 108
146 118
146 123
146 179
146 189
146 207
146 208
146 216
146 233
146 248
147 7
147 46
147 67
147 86
147 116
147 129
147 158
147 167
147 178
147 184
147 187
147 194
147 199
147 214
147 219
147 236
148 4
148 28
148 36
148 37
148 45
148 52
148 57
148 61
148 64
148 65
148 68
148 70
148 79
148 84
148 88
148 92
148 105
148 117
148 126
148 133
148 136
148 138
148 154
148 172
148 173
148 177
148 188
148 230
149 8
149 20
149 26
149 48
149 62
149 64
149 67
149 71
149 75
149 78
149 83
149 122
149 137
149 164
149 169
149 170
149 193
149 199
149 202
149 214
149 228
149 235
149 239
149 248
150 1
150 7
150 17
150 40
150 45
150 79
150 81
150 88
150 100
150 101
150 107
150 111
150 124
150 131
150 138
150 165
150 167
150 170
150 192
150 204
150 205
150 228
150 232
151 8
151 25
151 63
151 77
151 98
151 113
151 153
151 170
151 171
151 173
151 177
151 183
151 186
151 188
151 194
151 197
151 225
152 12
152 15
152 68
152 70
152 80
152 105
152 111
152 116
152 117
152 122
152 123
152 124
152 129
152 164
152 165
152 166
152 167
152 206
152 246
152 249
153 9
153 27
153 55
153 57
153 62
153 77
153 82
153 87
153 112
153 114
153 123
153 137
153 143
153 180
153 183
153 187
153 189
153 193
153 204
153 211
153 219
153 223
153 248
154 19
154 40
154 43
154 45
154 65
154 72
154 73
154 78
154 84
154 97
154 106
154 119
154 133
154 138
154 139
154 141
154 142
154 161
154 165
154 167
154 213
154 229
154 232
154 242
155 35
155 37
155 47
155 62
155 63
155 79
155 82
155 92
155 99
155 114
155 134
155 138
155 139
155 153
155 160
155 183
155 186
155 197
155 212
155 221
155 224
155 241
156 38
156 39
156 52
156 76
156 103
156 126
156 127
156 158
156 200
156 234
156 250
157 8
157 14
157 29
157 42
157 44
157 55
157 80
157 91
157 111
157 122
157 124
157 127
157 142
157 149
157 162
157 166
157 169
157 183
157 187
157 199
157 218
157 220
157 238
157 239
158 6
158 10
158 33
158 38
158 46
158 53
158 59
158 62
158 75
158 88
158 92
158 102
158 109
158 161
158 169
158 171
158 172
158 205
158 208
158 217
158 219
158 228
158 233
158 234
158 244
158 248
158 249
159 5
159 7
159 10
159 22
159 48
159 59
159 69
159 97
159 100
159 102
159 110
159 112
159 120
159 136
159 140
159 146
159 176
159 185
159 186
159 196
159 227
159 239
160 36
160 39
160 54
160 67
160 74
160 77
160 102
160 121
160 132
160 167
160 178
160 181
160 200
160 205
160 208
160 211
160 220
161 19
161 41
161 53
161 109
161 112
161 114
161 135
161 149
161 155
161 166
161 180
161 222
161 240
162 3
162 27
162 41
162 45
162 82
162 88
162 94
162 113
162 123
162 126
162 132
162 155
162 166
162 171
162 179
162 182
162 185
162 189
162 194
162 200
162 215
162 216
162 221
162 229
162 234
162 235
163 7
163 29
163 64
163 69
163 88
163 92
163 98
163 116
163 146
163 148
163 156
163 162
163 169
163 171
163 172
163 197
163 206
163 247
164 54
164 72
164 80
164 111
164 113
164 150
164 157
164 165
164 169
164 170
164 172
164 186
164 209
165 15
165 27
165 35
165 84
165 91
165 108
165 126
165 142
165 184
165 204
165 228
166 7
166 30
166 32
166 37
166 116
166 123
166 135
166 159
166 160
166 164
166 186
166 212
166 228
166 236
166 242
167 15
167 22
167 25
167 26
167 32
167 74
167 88
167 102
167 110
167 112
167 115
167 118
167 144
167 148
167 151
167 161
167 177
167 185
167 189
167 201
167 204
167 217
167 219
167 232
167 236
167 237
167 238
168 15
168 40
168 59
168 61
168 67
168 72
168 95
168 99
168 103
168 105
168 130
168 160
168 167
168 173
168 187
168 190
168 191
168 203
168 204
168 205
168 215
168 223
168 234
168 241
168 243
168 244
168 250
169 7
169 23
169 28
169 33
169 48
169 59
169 61
169 71
169 75
169 80
169 89
169 135
169 145
169 148
169 171
169 175
169 183
169 188
169 194
169 224
169 227
169 245
170 7
170 20
170 30
170 70
170 71
170 105
170 111
170 112
170 123
170 124
170 147
170 179
170 180
170 186
170 193
170 203
170 211
170 215
170 231
170 248
171 14
171 29
171 40
171 42
171 61
171 77
171 79
171 81
171 84
171 88
171 98
171 110
171 118
171 122
171 132
171 134
171 139
171 141
171 187
171 216
171 222
171 224
171 230
171 233
172 9
172 29
172 85
172 165
172 171
172 183
172 235
173 8
173 14
173 21
173 29
173 40
173 48
173 50
173 53
173 66
173 81
173 85
173 104
173 141
173 159
173 160
173 165
173 175
173 182
173 190
173 207
173 208
173 216
173 222
173 242
174 1
174 3
174 10
174 14
174 18
174 25
174 30
174 44
174 48
174 92
174 93
174 105
174 119
174 133
174 141
174 160
174 161
174 163
174 166
174 172
174 178
174 183
174 192
174 223
174 230
174 237
174 241
174 242
175 13
175 20
175 30
175 47
175 52
175 65
175 66
175 69
175 84
175 97
175 98
175 111
175 112
175 123
175 137
175 146
175 172
175 183
175 188
175 190
175 193
175 196
175 206
175 215
175 221
176 12
176 44
176 45
176 46
176 52
176 58
176 80
176 87
176 109
176 150
176 151
176 156
176 216
176 226
176 236
176 239
177 6
177 76
177 77
177 89
177 91
177 116
177 142
177 145
177 154
177 161
177 183
177 210
177 218
177 239
178 1
178 13
178 20
178 32
178 38
178 50
178 55
178 68
178 73
178 79
178 80
178 90
178 91
178 95
178 100
178 105
178 106
178 115
178 120
178 124
178 141
178 142
178 166
178 168
178 180
178 192
178 196
178 202
178 214
178 219
178 221
178 236
178 246
178 247
179 5
179 20
179 24
179 36
179 77
179 92
179 95
179 105
179 129
179 160
179 167
179 171
179 218
179 220
179 250
180 17
180 25
180 29
180 36
180 37
180 47
180 60
180 74
180 89
180 103
180 107
180 127
180 136
180 148
180 156
180 167
180 171
180 172
180 190
180 192
180 194
180 215
180 229
180 232
180 238
180 246
180 248
180 250
181 29
181 41
181 50
181 55
181 77
181 78
181 117
181 128
181 145
181 159
181 161
181 207
181 214
181 233
181 235
181 243
182 27
182 30
182 31
182 39
182 51
182 56
182 82
182 94
182 121
182 133
182 143
182 147
182 155
182 158
182 160
182 181
182 184
182 218
182 220
182 235
182 242
183 15
183 16
183 32
183 33
183 43
183 58
183 89
183 112
183 125
183 126
183 133
183 134
183 136
183 162
183 179
183 186
183 188
183 240
183 243
183 250
184 8
184 11
184 12
184 31
184 34
184 36
184 40
184 60
184 74
184 88
184 96
184 104
184 105
184 108
184 120
184 123
184 138
184 144
184 160
184 179
184 193
184 219
184 232
184 236
184 245
185 34
185 40
185 42
185 43
185 49
185 50
185 62
185 74
185 92
185 138
185 141
185 154
185 155
185 157
185 166
185 168
185 175
185 195
185 202
185 206
185 223
185 234
185 240
186 7
186 8
186 14
186 16
186 45
186 76
186 83
186 92
186 95
186 96
186 103
186 109
186 116
186 122
186 133
186 172
186 176
186 177
186 199
186 202
186 204
186 205
186 206
186 222
187 7
187 23
187 26
187 44
187 55
187 83
187 93
187 102
187 112
187 128
187 132
187 134
187 148
187 166
187 184
187 188
187 191
187 198
187 203
187 204
187 222
187 236
187 244
188 9
188 16
188 17
188 38
188 51
188 71
188 76
188 118
188 125
188 126
188 134
188 157
188 193
188 195
188 215
188 217
188 224
188 232
188 233
188 248
189 11
189 37
189 50
189 51
189 62
189 100
189 103
189 109
189 117
189 148
189 170
189 175
189 215
189 224
189 228
189 243
189 245
190 6
190 11
190 28
190 48
190 49
190 58
190 77
190 86
190 98
190 122
190 141
190 147
190 149
190 159
190 184
190 192
190 193
190 206
190 208
190 248
191 8
191 35
191 41
191 45
191 56
191 70
191 71
191 76
191 81
191 82
191 108
191 113
191 137
191 140
191 142
191 158
191 165
191 166
191 175
191 210
191 213
191 214
191 219
191 250
192 5
192 6
192 22
192 33
192 54
192 114
192 116
192 145
192 146
192 172
192 176
192 181
193 11
193 36
193 40
193 43
193 48
193 60
193 69
193 80
193 109
193 123
193 135
193 152
193 162
193 164
193 167
193 177
193 182
193 204
193 218
193 224
193 236
193 247
194 11
194 18
194 25
194 27
194 28
194 29
194 48
194 57
194 58
194 76
194 82
194 89
194 90
194 97
194 100
194 108
194 128
194 129
194 137
194 149
194 197
194 204
194 211
194 214
194 218
194 221
194 226
194 234
194 236
195 1
195 17
195 25
195 28
195 42
195 57
195 65
195 79
195 93
195 98
195 110
195 123
195 124
195 149
195 166
195 196
195 199
195 203
195 204
195 205
195 218
195 235
195 236
195 237
195 239
196 10
196 25
196 31
196 45
196 46
196 51
196 52
196 62
196 65
196 74
196 77
196 86
196 98
196 127
196 138
196 163
196 164
196 165
196 189
196 205
196 209
196 231
197 1
197 14
197 29
197 33
197 36
197 53
197 92
197 99
197 122
197 139
197 140
197 189
197 201
197 203
197 207
197 212
197 217
197 222
197 227
197 230
197 239
198 10
198 40
198 44
198 52
198 65
198 69
198 95
198 113
198 133
198 147
198 158
198 159
198 178
198 200
198 212
198 231
198 248
199 2
199 16
199 26
199 27
199 41
199 52
199 64
199 76
199 84
199 88
199 96
199 115
199 123
199 127
199 161
199 173
199 181
199 210
199 213
199 230
199 234
199 238
199 240
199 242
199 245
200 16
200 54
200 56
200 65
200 72
200 77
200 78
200 129
200 134
200 149
200 161
200 174
200 185
200 189
200 192
200 194
200 208
200 212
200 219
200 223
200 241
200 246
201 22
201 23
201 27
201 38
201 43
201 45
201 79
201 84
201 92
201 108
201 114
201 126
201 135
201 155
201 168
201 191
201 214
201 220
201 238
201 243
202 17
202 21
202 25
202 53
202 74
202 92
202 93
202 103
202 104
202 128
202 152
202 154
202 161
202 162
202 171
202 173
202 203
202 204
202 217
202 249
203 11
203 15
203 34
203 52
203 74
203 111
203 115
203 125
203 126
203 135
203 208
203 221
203 228
203 232
203 238
204 4
204 6
204 10
204 31
204 54
204 64
204 67
204 69
204 78
204 79
204 93
204 95
204 99
204 104
204 109
204 117
204 130
204 141
204 180
204 190
204 197
204 200
204 203
204 206
204 209
204 218
204 222
204 227
204 230
204 237
205 23
205 28
205 34
205 72
205 91
205 97
205 120
205 123
205 124
205 141
205 144
205 174
205 182
205 201
205 226
206 24
206 33
206 55
206 56
206 78
206 91
206 96
206 97
206 101
206 116
206 119
206 128
206 137
206 161
206 196
206 200
206 215
206 216
206 220
206 246
207 2
207 12
207 28
207 31
207 33
207 41
207 60
207 83
207 112
207 120
207 139
207 141
207 172
207 177
207 182
207 189
207 190
207 208
207 225
207 235
208 7
208 23
208 29
208 57
208 86
208 87
208 88
208 102
208 118
208 161
208 167
208 170
208 175
208 176
208 179
208 186
208 195
208 197
208 206
208 221
208 236
209 9
209 23
209 35
209 40
209 70
209 78
209 92
209 125
209 132
209 159
209 166
209 178
209 203
209 221
209 235
210 24
210 40
210 55
210 84
210 91
210 100
210 135
210 148
210 153
210 162
210 207
210 214
211 24
211 28
211 48
211 63
211 84
211 85
211 116
211 130
211 132
211 168
211 189
211 197
211 198
211 208
211 229
211 245
211 249
212 3
212 13
212 41
212 43
212 81
212 82
212 95
212 139
212 154
212 192
212 243
212 245
212 246
213 21
213 38
213 52
213 61
213 65
213 66
213 78
213 89
213 95
213 102
213 105
213 133
213 135
213 151
213 172
213 173
213 193
213 206
213 219
214 4
214 5
214 35
214 42
214 48
214 68
214 101
214 118
214 126
214 129
214 131
214 136
214 185
214 198
214 202
214 219
214 228
214 230
214 236
214 242
214 249
215 7
215 9
215 10
215 20
215 24
215 38
215 63
215 87
215 95
215 131
215 169
215 177
215 183
215 184
215 202
215 205
215 208
215 210
216 11
216 27
216 44
216 56
216 96
216 97
216 104
216 123
216 148
216 160
216 178
216 184
216 192
216 222
216 250
217 14
217 56
217 70
217 73
217 86
217 87
217 109
217 128
217 130
217 135
217 136
217 146
217 166
217 183
217 194
217 195
217 223
217 250
218 23
218 36
218 69
218 75
218 84
218 109
218 110
218 118
218 143
218 190
218 198
218 209
218 215
218 216
218 223
219 17
219 35
219 83
219 86
219 95
219 97
219 111
219 116
219 159
219 160
219 163
219 166
219 177
219 194
219 220
219 241
219 250
220 15
220 23
220 44
220 58
220 74
220 81
220 87
220 92
220 101
220 120
220 155
220 156
220 186
220 191
220 194
220 225
220 244
221 1
221 5
221 11
221 38
221 83
221 90
221 92
221 97
221 100
221 165
221 174
221 181
221 189
222 2
222 30
222 67
222 78
222 81
222 98
222 103
222 111
222 134
222 149
222 157
222 167
222 175
222 184
222 212
222 217
222 220
222 243
222 244
223 43
223 66
223 101
223 102
223 105
223 138
223 165
223 172
223 175
223 177
223 183
223 189
223 193
223 198
223 202
223 204
223 221
223 228
223 237
223 238
223 242
224 22
224 33
224 36
224 42
224 54
224 75
224 85
224 108
224 115
224 170
224 175
224 177
224 204
224 205
224 246
225 9
225 16
225 33
225 41
225 50
225 55
225 56
225 67
225 77
225 103
225 109
225 113
225 117
225 119
225 136
225 142
225 160
225 161
225 165
225 175
225 188
225 194
225 202
225 205
225 214
225 221
226 5
226 11
226 19
226 22
226 45
226 46
226 52
226 59
226 75
226 95
226 162
226 191
226 207
226 209
226 210
226 241
227 4
227 8
227 10
227 17
227 29
227 50
227 73
227 76
227 85
227 130
227 158
227 163
227 194
227 201
227 202
227 212
227 213
227 223
227 231
227 234
228 4
228 7
228 27
228 53
228 55
228 67
228 69
228 80
228 102
228 111
228 112
228 116
228 118
228 131
228 140
228 153
228 173
228 176
228 192
228 207
228 209
228 215
228 226
228 245
229 1
229 2
229 20
229 23
229 31
229 39
229 45
229 51
229 54
229 77
229 79
229 81
229 106
229 112
229 128
229 151
229 152
229 172
229 179
229 181
229 182
229 184
229 191
229 194
229 205
229 206
229 214
229 234
230 14
230 19
230 27
230 84
230 105
230 111
230 121
230 124
230 147
230 151
230 155
230 158
230 170
230 180
230 181
230 182
230 191
230 207
230 219
231 18
231 23
231 38
231 40
231 49
231 60
231 63
231 75
231 94
231 145
231 152
231 164
231 168
231 183
231 186
231 194
231 218
231 219
231 225
231 236
232 42
232 47
232 48
232 67
232 68
232 80
232 91
232 98
232 107
232 120
232 126
232 138
232 139
232 192
232 193
232 199
232 205
232 206
232 222
232 233
233 32
233 41
233 60
233 72
233 76
233 87
233 95
233 104
233 131
233 186
233 204
233 215
234 1
234 2
234 45
234 66
234 73
234 103
234 104
234 116
234 118
234 131
234 139
234 150
234 179
234 181
234 206
234 228
234 238
235 3
235 33
235 40
235 68
235 69
235 97
235 117
235 121
235 131
235 138
235 156
235 168
235 191
235 196
235 206
235 223
235 224
235 227
235 233
236 2
236 23
236 40
236 43
236 93
236 96
236 102
236 103
236 106
236 128
236 135
236 156
236 160
236 168
236 172
236 183
236 189
236 190
236 207
236 220
236 224
236 227
236 239
237 48
237 54
237 60
237 61
237 65
237 96
237 107
237 117
237 118
237 120
237 121
237 122
237 130
237 138
237 159
237 164
237 166
237 190
237 194
237 196
237 216
237 228
237 238
238 16
238 21
238 32
238 61
238 75
238 84
238 85
238 114
238 127
238 136
238 140
238 145
238 146
238 152
238 153
238 174
238 192
238 209
238 220
238 227
238 228
239 22
239 26
239 33
239 62
239 81
239 100
239 108
239 112
239 136
239 156
239 162
239 183
239 188
239 191
239 194
239 215
239 222
239 244
240 21
240 33
240 39
240 52
240 85
240 102
240 112
240 123
240 138
240 153
240 171
240 174
240 186
240 207
240 229
240 250
241 14
241 20
241 48
241 59
241 63
241 83
241 129
241 148
241 153
241 167
241 178
241 188
241 194
241 205
241 227
241 229
241 250
242 14
242 21
242 22
242 30
242 36
242 37
242 38
242 39
242 54
242 56
242 57
242 59
242 67
242 69
242 84
242 88
242 117
242 141
242 193
242 196
242 200
242 215
242 224
242 244
243 1
243 7
243 15
243 26
243 28
243 30
243 42
243 46
243 57
243 80
243 92
243 97
243 130
243 136
243 139
243 146
243 161
243 174
243 184
243 186
243 231
243 235
243 250
244 17
244 48
244 63
244 82
244 98
244 104
244 105
244 120
244 128
244 143
244 150
244 153
244 165
244 170
244 171
244 174
244 185
244 196
244 213
244 214
244 227
244 235
244 236
244 245
245 2
245 34
245 73
245 79
245 91
245 92
245 109
245 111
245 120
245 127
245 138
245 155
245 168
245 179
245 206
245 224
245 226
245 239
245 242
246 13
246 65
246 71
246 81
246 91
246 95
246 98
246 104
246 110
246 134
246 155
246 168
246 177
246 182
246 186
246 207
246 210
246 229
246 250
247 9
247 27
247 37
247 54
247 61
247 64
247 69
247 70
247 79
247 82
247 85
247 98
247 103
247 104
247 109
247 129
247 133
247 142
247 150
247 155
247 167
247 179
247 181
247 194
247 196
247 201
247 205
247 213
247 214
247 221
247 233
247 239
247 242
248 16
248 20
248 25
248 45
248 51
248 63
248 67
248 85
248 92
248 105
248 106
248 109
248 117
248 119
248 120
248 133
248 144
248 156
248 178
248 186
248 191
248 210
248 225
248 226
248 231
249 3
249 8
249 23
249 29
249 50
249 76
249 92
249 111
249 140
249 195
249 210
249 226
250 9
250 23
250 31
250 36
250 38
250 64
250 96
250 100
250 131
250 141
250 159
250 162
250 189
250 190
250 193
250 196
250 209
250 221
250 227

