200 750
59 31 37 20 120 92 66 114 110 75 111 61 96 33 21 28 104 102 71 83 42 73 106 61 76 21 27 52 92 61 60 37 76 60 48 34 112 63 113 55 97 100 107 72 81 91 115 105 28 71 97 67 112 45 89 31 36 50 35 26 92 24 101 62 94 77 33 112 41 103 102 68 25 101 102 112 50 60 54 46 44 36 80 25 104 30 43 33 50 30 41 75 101 95 31 40 32 36 86 102 28 64 73 48 21 91 29 114 45 20 62 96 30 23 78 32 29 87 114 22 91 21 86 119 43 65 46 27 73 72 107 52 48 55 41 119 25 33 58 39 104 102 110 59 53 38 77 31 55 33 85 89 87 64 73 115 43 112 57 113 72 75 23 42 86 100 98 57 120 35 45 89 118 106 94 68 37 25 93 112 118 67 28 25 43 112 78 34 50 55 75 25 58 120 86 118 22 44 116 119 
1 128
1 174
2 49
2 65
2 180
3 8
3 22
3 75
3 83
3 121
3 155
3 173
3 189
4 6
4 41
4 80
4 136
4 155
4 164
4 168
5 32
5 67
5 104
5 199
6 32
6 46
6 100
7 17
7 26
7 76
7 88
7 167
7 176
7 177
7 179
8 9
8 144
8 153
9 78
9 127
9 158
9 170
10 13
10 16
10 33
10 186
11 15
11 63
11 182
11 198
11 200
12 51
12 76
12 129
12 135
12 156
13 30
13 124
13 126
13 148
14 122
14 158
15 75
15 94
15 157
15 169
15 178
16 31
16 183
17 63
17 108
18 125
19 93
19 105
19 186
20 89
20 104
20 122
20 191
20 194
21 23
21 72
21 90
21 163
22 20
22 78
22 139
23 5
23 84
24 16
24 56
24 124
24 183
25 9
25 13
25 32
25 53
25 85
25 178
26 6
26 38
26 180
27 92
27 199
28 6
28 44
28 63
28 94
28 160
28 183
29 13
29 76
29 122
29 163
30 63
30 97
31 18
31 28
31 30
31 35
31 71
31 116
32 13
32 40
32 63
32 75
32 106
32 176
32 197
33 20
33 39
33 68
33 82
33 200
34 30
34 56
34 121
34 147
34 178
34 188
34 189
35 18
35 48
35 96
36 74
36 101
36 194
37 6
37 62
37 86
37 142
37 168
38 123
39 30
39 45
39 72
39 83
39 182
40 66
40 107
40 152
40 171
41 20
41 35
41 55
41 148
43 74
43 131
43 133
44 84
44 85
44 129
45 79
45 89
45 108
45 174
45 181
45 190
45 194
46 22
46 102
46 197
47 3
47 60
47 136
48 88
48 168
49 10
49 91
49 169
49 194
51 1
51 82
51 101
51 109
51 126
51 145
51 193
52 57
52 59
52 70
53 66
53 102
53 156
54 40
54 112
55 25
55 34
55 40
55 70
55 168
56 47
56 72
56 126
57 71
57 166
58 87
58 128
58 193
59 31
59 86
59 101
59 128
59 150
59 185
60 70
61 5
61 21
61 38
61 88
62 69
62 70
62 113
62 123
62 140
62 159
62 195
63 31
63 106
63 163
63 190
63 193
64 6
64 37
64 58
64 123
64 140
64 183
65 73
65 79
65 188
66 41
66 59
66 165
67 28
67 186
68 44
68 51
69 126
69 148
70 20
70 24
70 67
70 76
70 98
70 115
70 149
70 173
70 178
70 180
71 13
71 37
71 109
71 145
71 174
72 174
73 138
73 186
73 190
74 11
74 44
74 72
74 96
74 114
74 133
74 146
74 166
75 54
75 157
75 195
76 53
76 177
76 185
77 6
77 39
77 50
77 132
78 16
78 18
78 111
78 123
79 7
79 89
79 98
79 119
79 136
79 137
79 160
79 167
79 168
80 64
80 98
80 194
81 150
82 56
82 85
82 142
82 150
82 161
83 15
83 38
83 41
83 192
84 41
84 133
84 138
84 140
84 188
85 47
85 66
85 91
85 141
86 18
86 27
86 188
87 5
87 98
87 185
88 6
88 97
88 106
88 125
89 59
89 90
90 31
90 66
90 70
90 87
90 138
90 189
90 199
91 105
92 87
92 99
92 104
92 137
92 175
92 181
93 4
93 11
93 182
94 99
94 114
94 155
95 11
95 70
95 94
95 146
95 197
96 1
96 33
96 38
96 82
96 83
96 115
96 122
96 134
96 138
96 145
96 152
97 100
97 120
97 176
98 21
98 24
98 27
98 73
98 119
98 126
98 129
100 12
100 32
100 107
100 118
100 163
100 168
100 170
101 23
101 39
101 166
102 58
103 6
103 8
103 39
103 70
103 124
104 119
104 134
104 190
105 44
105 96
105 159
106 16
106 58
106 80
106 158
106 196
107 56
107 59
107 62
107 73
107 117
107 172
107 200
108 5
108 66
108 99
108 101
109 24
109 79
109 175
109 194
110 4
110 23
110 31
110 63
110 152
110 155
111 91
111 115
111 158
112 43
112 70
112 72
112 153
112 169
113 89
113 115
114 15
114 99
114 129
114 149
114 192
115 105
115 108
115 121
115 133
115 139
116 6
116 44
116 163
116 192
118 54
118 65
118 80
118 124
118 132
118 192
119 77
119 158
120 49
120 136
120 165
121 22
121 32
121 53
121 136
122 38
122 112
122 130
122 194
123 10
123 81
123 170
124 36
124 57
124 160
126 196
127 134
128 11
128 27
128 120
128 194
129 71
129 91
130 23
130 52
130 144
131 76
131 135
131 176
131 190
132 39
132 48
132 54
132 82
133 45
133 79
133 135
133 154
134 4
134 83
134 88
134 172
135 22
135 39
135 64
135 81
136 20
136 63
136 156
136 177
136 199
137 55
137 96
137 140
137 144
138 3
138 148
138 152
138 159
138 176
138 190
139 7
139 36
139 44
139 76
139 84
139 126
139 149
140 45
140 86
140 99
140 113
141 49
141 109
141 168
142 2
142 39
142 117
142 199
143 150
143 158
144 62
144 75
144 154
145 80
145 151
145 152
145 170
145 196
146 34
146 98
146 107
147 110
147 146
148 2
148 6
149 14
149 26
149 28
149 46
149 49
149 50
149 106
149 128
149 130
150 56
150 108
150 126
151 164
152 59
152 78
152 87
152 99
152 137
153 31
153 131
153 147
153 193
155 45
156 7
156 17
156 56
156 70
156 92
157 62
157 72
158 40
158 47
158 197
159 48
159 63
160 53
160 61
160 136
160 144
161 4
161 116
161 130
161 133
161 194
162 33
162 64
162 104
162 112
163 4
163 124
163 162
163 170
164 43
164 52
164 126
164 175
165 95
165 158
165 159
165 192
166 149
166 183
167 18
167 36
167 72
167 137
167 148
168 18
168 51
168 151
169 30
169 166
170 93
171 46
171 106
171 154
172 112
172 129
172 193
173 8
173 13
173 107
174 62
174 134
174 136
174 187
175 8
175 31
175 179
175 193
176 12
176 20
176 56
176 159
176 168
177 16
177 43
177 91
177 141
178 42
178 49
178 73
178 127
178 135
178 168
178 177
179 63
179 85
179 104
179 183
180 154
180 181
180 191
181 21
181 27
181 145
181 163
182 71
182 86
183 78
183 95
183 188
183 197
184 42
184 151
185 26
185 104
185 117
185 200
186 3
187 59
187 125
187 152
187 198
188 46
188 50
188 154
188 155
188 162
189 50
189 63
189 104
189 136
189 166
189 182
190 34
190 135
190 166
191 157
193 95
193 110
193 191
194 5
194 39
194 55
194 76
194 105
194 177
194 200
195 21
195 63
195 89
195 151
195 186
196 2
196 19
196 136
196 157
196 159
196 160
197 75
198 106
199 99
199 110
199 122
199 148
200 51
200 62
200 79
200 120
200 143
200 158

