100 2000
78 94 25 52 69 75 25 55 37 60 87 111 117 78 68 26 107 59 115 93 67 46 44 115 94 45 45 75 67 102 27 77 118 44 78 31 33 36 63 81 29 28 81 49 74 51 104 75 37 54 111 112 118 79 24 111 71 40 25 104 110 40 67 83 80 97 101 62 21 62 37 68 62 48 115 31 48 83 37 114 76 63 71 84 64 80 71 114 109 74 98 95 36 112 92 115 61 37 65 118 
1 7
1 12
1 20
1 34
1 36
1 38
1 43
1 49
1 60
1 66
1 67
1 71
2 4
2 6
2 9
2 11
2 15
2 16
2 22
2 23
2 36
2 37
2 42
2 45
2 46
2 52
2 77
2 80
2 88
2 89
2 96
3 8
3 16
3 18
3 20
3 27
3 29
3 38
3 44
3 45
3 56
3 60
3 63
3 70
3 71
3 72
3 75
3 76
3 77
3 82
3 85
3 86
3 87
3 88
3 89
3 92
3 95
3 98
3 100
4 3
4 6
4 7
4 10
4 12
4 19
4 23
4 24
4 27
4 36
4 40
4 64
4 67
4 69
4 77
4 84
4 86
4 90
5 1
5 2
5 6
5 8
5 11
5 30
5 32
5 41
5 49
5 51
5 67
5 71
5 74
5 75
5 83
5 84
5 86
6 11
6 13
6 24
6 40
6 49
6 50
6 52
6 54
6 66
6 77
6 86
6 88
6 97
7 3
7 16
7 24
7 32
7 34
7 35
7 43
7 48
7 50
7 58
7 64
7 67
7 68
7 74
7 77
7 82
7 83
7 95
7 97
7 99
7 100
8 1
8 13
8 14
8 17
8 23
8 26
8 31
8 41
8 55
8 61
8 63
8 65
8 68
8 91
8 95
8 97
9 1
9 6
9 10
9 14
9 15
9 21
9 24
9 26
9 28
9 38
9 41
9 61
9 67
9 68
9 71
9 72
9 77
9 87
9 94
9 95
9 96
10 3
10 18
10 20
10 21
10 22
10 28
10 30
10 36
10 37
10 41
10 43
10 48
10 61
10 78
10 82
10 100
11 1
11 7
11 8
11 12
11 13
11 25
11 35
11 37
11 38
11 43
11 47
11 51
11 53
11 54
11 65
11 85
11 88
11 90
11 98
12 17
12 18
12 21
12 44
12 48
12 65
12 67
12 78
12 88
12 92
12 93
12 95
12 97
13 4
13 12
13 14
13 16
13 25
13 28
13 36
13 40
13 55
13 61
13 63
13 68
13 73
13 77
13 79
13 83
13 84
13 85
13 91
13 95
13 96
13 98
13 99
14 1
14 3
14 10
14 11
14 20
14 21
14 27
14 28
14 30
14 36
14 37
14 40
14 42
14 46
14 58
14 61
14 62
14 63
14 66
14 68
14 69
14 70
14 76
14 93
14 98
14 99
15 1
15 24
15 32
15 33
15 34
15 43
15 50
15 52
15 53
15 57
15 60
15 63
15 69
15 72
15 73
15 77
15 83
15 86
15 88
15 94
15 96
16 4
16 6
16 8
16 12
16 14
16 15
16 18
16 22
16 32
16 33
16 43
16 47
16 51
16 57
16 60
16 63
16 65
16 75
16 76
16 84
16 85
16 86
16 90
16 93
16 98
17 3
17 9
17 11
17 24
17 27
17 28
17 29
17 30
17 31
17 37
17 48
17 52
17 70
17 78
17 81
17 87
17 89
18 1
18 5
18 7
18 17
18 23
18 40
18 43
18 46
18 50
18 52
18 53
18 65
18 66
18 67
19 11
19 28
19 33
19 37
19 46
19 47
19 49
19 51
19 54
19 58
19 63
19 65
19 67
19 71
19 72
19 77
19 82
19 85
19 100
20 4
20 5
20 6
20 9
20 11
20 16
20 25
20 27
20 28
20 32
20 36
20 42
20 44
20 46
20 51
20 57
20 59
20 63
20 66
20 67
20 71
20 79
20 84
20 89
20 96
20 98
21 8
21 19
21 32
21 34
21 37
21 42
21 60
21 70
21 71
21 77
21 92
21 100
22 1
22 3
22 5
22 6
22 12
22 13
22 18
22 33
22 46
22 47
22 62
22 68
22 73
22 76
22 78
22 85
22 89
22 93
22 97
23 7
23 10
23 11
23 16
23 24
23 25
23 28
23 35
23 41
23 42
23 50
23 52
23 54
23 60
23 64
23 70
23 72
23 82
23 85
23 94
23 95
24 8
24 11
24 16
24 20
24 22
24 32
24 47
24 49
24 54
24 61
24 62
24 68
24 74
24 77
24 79
24 81
24 85
24 90
24 97
24 98
25 5
25 6
25 14
25 15
25 16
25 21
25 22
25 30
25 44
25 47
25 49
25 55
25 58
25 61
25 65
25 67
25 70
25 74
25 75
25 76
25 80
25 85
25 86
25 92
25 96
25 97
25 99
26 3
26 4
26 20
26 22
26 27
26 40
26 47
26 54
26 59
26 65
26 67
26 68
26 74
26 79
26 82
26 83
26 87
26 89
26 92
26 98
26 99
27 16
27 25
27 29
27 31
27 32
27 43
27 46
27 47
27 52
27 59
27 70
27 72
27 76
27 77
27 80
27 84
27 87
27 88
27 91
27 96
27 100
28 4
28 8
28 21
28 24
28 26
28 35
28 38
28 41
28 46
28 53
28 54
28 55
28 56
28 69
28 82
28 86
28 87
28 89
28 90
28 92
29 6
29 7
29 20
29 23
29 26
29 32
29 33
29 34
29 42
29 47
29 52
29 62
29 63
29 65
29 75
29 91
29 100
30 4
30 6
30 7
30 9
30 12
30 22
30 23
30 24
30 26
30 35
30 45
30 53
30 55
30 60
30 62
30 63
30 70
30 71
30 74
30 76
30 83
30 94
30 97
30 98
31 1
31 7
31 16
31 18
31 25
31 28
31 39
31 42
31 46
31 55
31 56
31 62
31 63
31 67
31 74
31 77
31 78
31 82
31 86
31 88
31 89
31 97
31 99
31 100
32 3
32 8
32 28
32 30
32 31
32 34
32 35
32 37
32 40
32 44
32 50
32 53
32 58
32 62
32 65
32 68
32 69
32 71
32 75
32 77
32 78
32 82
32 88
33 2
33 4
33 8
33 9
33 20
33 24
33 32
33 39
33 43
33 48
33 53
33 54
33 56
33 59
33 65
33 71
33 76
33 77
33 86
33 88
33 98
33 99
34 8
34 9
34 17
34 23
34 27
34 30
34 31
34 35
34 45
34 49
34 51
34 54
34 57
34 64
34 65
34 72
34 79
34 81
34 94
34 96
34 99
35 4
35 5
35 6
35 25
35 31
35 42
35 46
35 49
35 51
35 53
35 55
35 60
35 71
35 83
35 92
35 97
35 98
36 5
36 6
36 15
36 17
36 26
36 29
36 35
36 47
36 54
36 57
36 62
36 78
36 85
36 87
36 90
37 6
37 7
37 23
37 31
37 36
37 41
37 50
37 51
37 53
37 63
37 64
37 76
37 77
37 80
37 86
37 88
37 90
37 94
37 96
37 98
38 2
38 5
38 10
38 15
38 16
38 19
38 20
38 23
38 29
38 30
38 36
38 45
38 49
38 52
38 57
38 59
38 61
38 69
38 73
38 76
38 86
38 91
38 95
39 6
39 7
39 12
39 17
39 18
39 28
39 35
39 44
39 47
39 50
39 63
39 64
39 67
39 70
39 73
39 78
39 83
39 90
39 91
39 93
39 94
39 98
40 2
40 5
40 10
40 12
40 17
40 22
40 27
40 31
40 33
40 39
40 58
40 61
40 63
40 65
40 72
40 78
40 80
40 88
40 92
40 95
40 96
40 98
41 4
41 7
41 11
41 16
41 19
41 20
41 22
41 27
41 32
41 36
41 38
41 42
41 47
41 50
41 54
41 55
41 59
41 61
41 69
41 92
41 94
41 95
42 3
42 8
42 13
42 15
42 17
42 18
42 19
42 22
42 36
42 40
42 43
42 59
42 61
42 64
42 67
42 74
42 85
43 2
43 5
43 6
43 19
43 25
43 26
43 32
43 38
43 40
43 47
43 53
43 63
43 68
43 69
43 72
43 73
43 76
43 78
43 79
43 81
43 82
43 86
43 87
43 91
43 93
43 95
43 100
44 15
44 17
44 19
44 23
44 27
44 29
44 31
44 35
44 38
44 40
44 41
44 51
44 62
44 63
44 72
44 75
44 78
44 80
44 89
44 90
44 96
44 98
45 7
45 17
45 36
45 42
45 43
45 46
45 50
45 53
45 55
45 60
45 63
45 66
45 67
45 69
45 82
45 86
45 97
46 3
46 9
46 10
46 25
46 30
46 33
46 36
46 39
46 40
46 43
46 47
46 50
46 52
46 53
46 56
46 71
46 75
46 100
47 3
47 8
47 9
47 10
47 14
47 30
47 34
47 57
47 74
47 81
47 89
47 94
47 97
48 1
48 5
48 8
48 25
48 38
48 40
48 42
48 44
48 51
48 57
48 63
48 65
48 68
48 75
48 77
48 80
48 84
48 90
49 10
49 22
49 26
49 29
49 30
49 40
49 42
49 52
49 57
49 59
49 61
49 63
49 70
49 73
49 75
49 76
49 79
49 84
49 86
49 93
49 95
49 96
49 97
49 98
49 99
50 2
50 3
50 4
50 9
50 10
50 14
50 16
50 17
50 19
50 24
50 29
50 38
50 48
50 53
50 57
50 58
50 60
50 62
50 63
50 71
50 77
50 78
50 84
50 85
50 87
51 2
51 8
51 10
51 18
51 21
51 25
51 28
51 31
51 33
51 43
51 61
51 62
51 64
51 66
51 67
51 68
51 83
51 86
51 88
51 91
51 92
51 95
51 100
52 4
52 20
52 24
52 34
52 42
52 43
52 47
52 55
52 63
52 67
52 73
52 82
52 84
52 87
52 88
52 96
52 99
53 6
53 16
53 19
53 22
53 31
53 38
53 41
53 44
53 47
53 52
53 54
53 66
53 70
53 85
53 95
54 1
54 7
54 12
54 13
54 14
54 17
54 31
54 43
54 51
54 60
54 61
54 70
54 71
54 74
54 77
54 81
54 95
55 3
55 4
55 6
55 21
55 29
55 32
55 42
55 43
55 54
55 61
55 74
55 80
55 86
55 93
55 95
55 98
56 8
56 10
56 12
56 13
56 14
56 16
56 23
56 25
56 26
56 29
56 35
56 39
56 43
56 48
56 51
56 53
56 55
56 57
56 60
56 61
56 69
56 70
56 72
56 92
56 94
57 1
57 3
57 4
57 5
57 7
57 8
57 9
57 19
57 22
57 37
57 41
57 42
57 45
57 60
57 63
57 64
57 68
57 72
57 75
57 80
57 87
57 88
58 4
58 8
58 10
58 11
58 23
58 28
58 29
58 30
58 31
58 33
58 35
58 41
58 45
58 48
58 54
58 57
58 64
58 67
58 75
58 82
58 87
58 88
58 91
58 98
59 6
59 8
59 12
59 19
59 24
59 34
59 35
59 44
59 50
59 51
59 52
59 53
59 55
59 56
59 70
59 72
59 86
60 2
60 4
60 5
60 6
60 7
60 26
60 27
60 28
60 34
60 39
60 42
60 46
60 66
60 88
60 90
60 91
61 6
61 12
61 20
61 32
61 35
61 43
61 45
61 58
61 64
61 65
61 67
61 68
61 73
61 76
61 77
61 86
61 91
61 93
61 94
61 99
62 1
62 7
62 12
62 20
62 21
62 25
62 26
62 33
62 45
62 46
62 48
62 49
62 52
62 67
62 68
62 75
62 80
62 85
62 91
62 94
63 4
63 23
63 24
63 27
63 28
63 42
63 47
63 53
63 55
63 58
63 61
63 70
63 73
63 74
63 75
63 78
63 79
63 91
63 92
63 99
64 5
64 8
64 11
64 17
64 26
64 44
64 45
64 48
64 54
64 60
64 62
64 69
64 70
64 71
64 73
64 78
64 92
64 96
65 2
65 9
65 10
65 28
65 36
65 38
65 46
65 47
65 51
65 55
65 59
65 67
65 70
65 73
65 77
65 80
65 92
65 97
66 5
66 10
66 25
66 26
66 33
66 34
66 40
66 46
66 48
66 57
66 58
66 72
66 74
66 77
66 78
66 81
66 85
66 86
66 87
66 97
67 14
67 24
67 34
67 41
67 44
67 46
67 53
67 72
67 80
67 90
67 91
67 94
67 100
68 1
68 2
68 3
68 17
68 30
68 34
68 35
68 38
68 39
68 40
68 42
68 46
68 49
68 52
68 53
68 56
68 64
68 93
68 94
68 96
69 8
69 11
69 25
69 31
69 42
69 46
69 50
69 61
69 70
69 71
69 74
69 76
69 82
69 88
69 91
69 93
70 5
70 6
70 16
70 19
70 24
70 34
70 35
70 37
70 61
70 68
70 72
70 78
70 80
70 82
70 87
70 90
70 92
70 96
71 8
71 15
71 17
71 18
71 31
71 36
71 42
71 44
71 48
71 63
71 66
71 68
71 70
71 75
71 90
71 92
71 96
72 1
72 7
72 8
72 10
72 16
72 22
72 37
72 42
72 46
72 47
72 52
72 53
72 62
72 68
72 69
72 71
72 74
72 77
72 81
72 82
72 83
72 84
72 88
72 91
72 94
72 98
73 1
73 7
73 9
73 11
73 17
73 24
73 28
73 31
73 34
73 37
73 41
73 45
73 47
73 51
73 56
73 60
73 68
73 69
73 70
73 76
73 79
73 88
73 92
74 2
74 14
74 17
74 29
74 35
74 37
74 43
74 45
74 50
74 60
74 70
74 71
74 75
74 82
74 89
75 7
75 8
75 9
75 15
75 18
75 22
75 23
75 26
75 30
75 39
75 42
75 43
75 52
75 55
75 61
75 65
75 68
75 69
75 70
75 79
75 82
75 83
75 84
75 88
75 89
75 91
75 99
76 9
76 19
76 20
76 23
76 39
76 46
76 52
76 53
76 56
76 58
76 59
76 67
76 68
76 78
76 80
76 95
76 96
77 8
77 11
77 16
77 36
77 51
77 62
77 63
77 67
77 70
77 73
77 83
77 86
77 87
77 91
77 98
78 3
78 6
78 13
78 20
78 23
78 24
78 25
78 27
78 28
78 35
78 47
78 48
78 49
78 51
78 52
78 60
78 74
78 75
78 77
78 89
78 90
78 93
78 95
78 100
79 1
79 4
79 6
79 7
79 8
79 22
79 23
79 29
79 30
79 37
79 44
79 50
79 52
79 54
79 57
79 58
79 59
79 71
79 72
79 74
79 84
79 88
79 91
79 92
80 3
80 12
80 14
80 17
80 24
80 28
80 31
80 33
80 36
80 41
80 42
80 50
80 51
80 52
80 54
80 58
80 60
80 63
80 66
80 79
80 81
80 87
80 95
80 96
80 99
80 100
81 1
81 2
81 4
81 5
81 10
81 14
81 20
81 27
81 28
81 29
81 30
81 31
81 37
81 42
81 48
81 52
81 55
81 57
81 59
81 60
81 65
81 69
81 73
81 88
81 89
81 90
81 99
82 1
82 2
82 29
82 30
82 34
82 38
82 47
82 54
82 57
82 59
82 84
82 91
83 2
83 4
83 10
83 23
83 25
83 28
83 37
83 44
83 54
83 58
83 59
83 63
83 66
83 67
83 81
83 84
83 90
83 95
83 99
84 6
84 15
84 18
84 25
84 29
84 30
84 31
84 32
84 34
84 36
84 43
84 45
84 51
84 53
84 56
84 58
84 60
84 62
84 68
84 76
84 92
84 94
84 97
85 4
85 5
85 17
85 21
85 28
85 30
85 31
85 38
85 39
85 40
85 41
85 43
85 45
85 51
85 60
85 69
85 74
85 76
85 82
85 84
85 87
85 93
85 97
86 12
86 21
86 24
86 35
86 47
86 53
86 56
86 62
86 63
86 68
86 69
86 73
86 80
86 81
86 83
86 97
87 1
87 2
87 4
87 5
87 10
87 12
87 13
87 14
87 16
87 20
87 24
87 25
87 29
87 30
87 34
87 37
87 41
87 46
87 48
87 59
87 60
87 64
87 68
87 75
87 76
87 82
87 83
87 91
87 92
87 94
87 97
87 98
88 1
88 7
88 10
88 17
88 19
88 21
88 25
88 44
88 45
88 55
88 56
88 70
88 77
88 82
88 84
88 87
88 99
89 5
89 6
89 7
89 9
89 10
89 15
89 23
89 24
89 27
89 30
89 45
89 48
89 50
89 53
89 55
89 59
89 64
89 73
89 76
89 77
89 83
89 87
89 88
89 90
89 93
90 12
90 14
90 15
90 27
90 34
90 42
90 43
90 45
90 61
90 63
90 66
90 69
90 72
90 73
90 74
90 75
90 80
90 91
90 94
90 97
90 98
90 99
91 1
91 3
91 16
91 35
91 42
91 50
91 71
91 80
91 85
91 86
91 88
91 98
91 100
92 2
92 11
92 13
92 20
92 27
92 32
92 38
92 42
92 46
92 52
92 55
92 57
92 60
92 62
92 69
92 74
92 75
92 82
92 89
92 90
92 97
93 11
93 23
93 25
93 28
93 29
93 31
93 40
93 47
93 51
93 52
93 53
93 57
93 58
93 66
93 72
93 75
93 81
93 83
93 90
93 91
93 92
93 94
93 97
94 5
94 7
94 13
94 29
94 31
94 32
94 36
94 38
94 45
94 52
94 53
94 65
94 71
94 73
94 75
94 76
94 77
94 89
94 92
95 4
95 5
95 6
95 10
95 15
95 26
95 27
95 29
95 32
95 56
95 58
95 60
95 63
95 64
95 70
95 77
95 81
95 87
95 90
96 6
96 10
96 16
96 19
96 29
96 48
96 50
96 56
96 59
96 65
96 82
96 83
96 84
96 85
96 91
96 93
97 3
97 23
97 28
97 34
97 42
97 43
97 46
97 51
97 52
97 58
97 71
97 75
97 78
97 91
97 96
97 100
98 5
98 34
98 38
98 45
98 46
98 47
98 56
98 59
98 68
98 71
98 73
98 74
98 76
98 78
98 92
99 3
99 4
99 5
99 9
99 15
99 16
99 17
99 20
99 23
99 27
99 28
99 35
99 36
99 39
99 41
99 43
99 47
99 50
99 53
99 62
99 69
99 86
99 87
99 89
99 93
99 94
99 100
100 2
100 9
100 14
100 15
100 16
100 17
100 28
100 34
100 40
100 48
100 49
100 52
100 54
100 58
100 61
100 63
100 64
100 65
100 68
100 69
100 71
100 72
100 82
100 84
100 87
100 92
100 95

