250 750
79 86 102 71 98 41 92 81 42 24 90 92 71 57 113 108 43 104 77 30 101 20 79 82 34 31 57 91 66 107 28 119 95 97 57 119 30 106 106 87 102 104 75 44 112 91 92 79 95 26 51 37 58 39 81 59 105 107 28 40 53 89 100 90 70 109 68 98 22 88 51 95 23 94 72 76 62 91 50 20 31 113 120 102 31 82 31 101 44 25 104 67 82 29 85 97 23 25 82 51 58 70 49 65 56 40 25 47 81 93 69 67 68 31 93 113 25 23 77 120 47 109 33 34 60 87 63 56 39 24 26 48 34 40 113 62 46 25 92 90 44 120 32 66 117 23 24 107 27 110 62 118 53 104 103 56 29 66 90 47 89 46 83 83 106 41 88 81 42 120 79 93 29 90 36 44 40 40 104 48 112 112 35 59 82 62 47 60 71 74 66 48 50 32 69 39 31 50 41 25 119 34 21 96 56 112 50 23 25 86 22 87 70 100 72 49 73 40 102 39 37 37 77 72 22 41 111 105 33 97 33 99 104 44 40 65 104 111 57 24 24 119 90 56 24 103 71 115 35 38 
1 14
1 147
2 78
2 113
2 184
2 196
2 241
3 81
3 117
3 124
3 147
3 194
4 91
4 152
4 189
4 234
5 142
5 157
5 163
5 193
5 209
5 245
6 141
7 86
7 101
7 248
8 45
8 158
8 180
8 220
8 231
8 236
8 242
9 1
9 99
9 103
9 249
10 70
10 81
10 189
10 206
11 75
11 81
11 85
11 158
11 186
12 107
14 62
14 63
15 27
15 29
15 170
16 79
17 56
17 80
18 57
18 131
18 144
18 152
18 174
19 122
19 123
19 133
20 27
20 117
20 131
20 186
21 64
21 79
21 193
22 46
22 60
22 79
22 105
22 112
23 73
23 145
23 197
23 213
23 216
24 41
24 143
24 164
24 237
24 239
25 3
25 49
25 81
25 117
25 166
25 173
25 209
26 176
27 100
27 118
27 185
27 225
28 16
28 27
28 37
28 202
29 39
29 90
29 223
29 231
29 244
30 18
30 110
30 219
31 105
31 122
31 150
31 184
32 10
32 73
32 205
32 212
33 49
33 158
34 44
34 117
34 130
34 146
35 41
36 13
36 43
36 149
36 240
37 23
38 54
38 102
38 185
38 201
38 218
39 69
39 73
39 181
39 202
40 19
41 28
41 199
41 204
42 89
42 161
43 54
43 96
43 112
43 165
43 167
43 207
43 222
43 229
44 18
44 249
45 7
45 83
45 125
45 186
45 229
46 18
46 40
46 187
47 95
47 191
47 197
47 245
48 87
48 230
49 10
49 119
50 161
50 238
51 84
51 239
52 62
52 171
52 224
52 236
53 90
53 122
54 3
54 12
54 115
54 169
54 198
55 68
56 157
56 239
57 202
57 240
58 7
58 33
58 156
58 196
58 249
59 224
60 52
60 68
60 147
61 25
61 77
62 192
62 202
62 223
63 31
63 53
63 95
63 211
64 105
64 219
65 107
65 162
66 41
66 231
67 112
67 122
67 172
68 141
69 11
69 248
70 135
71 117
72 61
72 84
72 91
72 174
73 86
73 119
73 159
73 221
74 65
74 143
74 179
74 214
75 39
75 58
75 134
75 159
76 120
76 156
76 226
77 103
78 66
78 112
79 159
79 200
80 142
81 178
82 120
82 195
82 214
82 229
82 250
83 82
83 197
84 193
84 195
85 39
85 232
86 177
86 249
87 67
87 161
87 171
87 190
87 233
87 248
88 5
88 201
88 218
89 5
89 11
89 61
89 108
89 114
89 163
89 207
90 54
90 225
91 19
91 58
91 94
92 18
92 156
92 207
93 114
93 137
93 157
94 42
94 110
94 199
95 12
95 140
95 147
95 193
95 211
96 53
96 188
96 195
97 115
97 117
97 165
97 208
98 50
98 172
98 200
98 249
100 28
100 139
100 193
100 200
100 229
101 81
101 90
101 214
101 250
103 229
103 248
104 28
104 142
105 107
105 108
105 112
105 120
105 193
105 213
105 235
106 68
106 81
107 222
108 4
109 36
109 52
109 74
109 156
109 197
110 203
110 238
111 11
111 150
111 157
111 207
112 11
112 12
112 18
114 169
116 8
116 174
117 143
117 225
118 13
118 59
118 130
118 155
118 157
118 160
119 1
119 11
119 51
121 167
121 233
123 153
124 26
124 52
124 87
124 100
124 198
124 222
125 118
125 123
125 124
125 144
125 178
125 216
125 234
125 238
125 242
126 125
126 210
126 226
127 109
127 153
127 176
127 231
128 59
128 142
128 186
128 214
129 3
129 59
129 77
129 139
129 230
130 71
130 86
130 178
130 181
130 205
130 206
131 40
131 68
131 113
131 165
131 179
132 112
132 135
132 198
133 110
133 202
133 223
133 237
134 8
134 49
134 133
134 224
134 230
136 143
136 221
137 1
137 7
137 232
138 117
138 150
139 56
139 195
139 222
140 114
141 13
141 124
142 54
142 71
142 78
142 145
142 211
143 101
143 124
143 236
144 72
144 106
144 182
145 197
146 160
146 195
147 47
147 93
147 155
147 192
147 246
147 250
148 7
148 29
148 166
148 226
149 13
149 40
149 47
149 150
150 165
150 230
150 239
151 5
151 97
151 140
151 186
151 244
152 165
153 2
153 19
153 104
153 110
154 15
154 179
154 192
155 133
155 188
156 27
156 127
156 146
157 235
158 151
159 132
159 158
159 225
159 237
160 15
160 203
160 239
161 81
161 160
161 190
162 74
162 178
163 32
163 120
163 248
164 64
164 73
164 90
164 161
164 169
164 195
164 232
165 84
166 135
167 39
167 138
167 171
167 216
169 44
169 47
169 57
169 228
170 119
170 143
170 155
170 215
170 232
171 7
171 64
171 108
172 126
172 192
172 203
173 156
173 242
173 246
174 217
175 51
175 80
175 127
175 138
176 41
176 81
176 105
177 18
177 127
177 216
177 250
178 4
178 108
178 153
179 202
180 28
181 14
181 22
181 68
181 69
181 112
182 10
183 57
183 189
184 12
184 153
185 36
185 68
185 129
185 184
185 208
185 211
185 240
186 132
187 110
187 113
187 215
188 170
188 220
189 9
189 42
189 57
189 78
189 143
189 239
190 139
190 157
190 203
190 205
190 215
191 85
191 109
191 118
191 152
192 85
192 101
192 117
192 129
192 177
192 204
192 217
193 198
194 188
194 206
195 88
196 117
197 4
197 53
197 97
197 168
198 12
198 97
199 102
199 138
199 173
199 189
199 248
200 121
200 244
201 93
201 158
202 92
202 122
202 155
203 165
203 169
204 9
204 72
204 227
205 108
206 90
206 127
207 3
207 102
207 238
207 241
208 53
208 68
208 159
208 192
209 93
209 164
209 169
209 189
209 202
210 26
210 192
210 198
211 90
212 10
212 218
213 26
213 144
213 147
214 24
214 29
214 191
214 208
215 62
215 245
216 98
216 145
217 26
217 135
217 195
217 229
218 50
218 115
218 153
218 172
219 119
220 54
220 103
220 160
221 36
221 54
221 94
221 169
222 121
222 200
222 216
223 2
223 50
223 104
223 107
223 186
225 32
225 115
225 173
225 236
226 32
226 161
227 48
227 103
227 156
227 180
227 215
228 12
228 105
228 223
229 41
229 175
230 158
230 182
231 97
231 105
231 205
233 13
233 46
233 82
234 76
234 115
234 120
234 137
234 189
235 8
235 63
235 76
235 106
235 210
235 221
236 13
236 248
237 74
237 103
237 187
238 4
238 93
238 171
238 184
239 29
239 49
239 88
240 15
240 166
240 239
241 13
241 71
241 94
241 126
241 178
241 200
242 126
242 169
243 47
243 76
244 88
244 139
244 194
245 50
245 73
246 77
246 195
246 219
248 85
248 158
248 203
249 49
249 138
249 165
250 21
250 50
250 198

