50 250
108 78 81 23 27 37 36 50 73 67 20 46 100 82 69 98 101 39 114 70 69 118 59 110 93 89 32 99 100 104 50 92 59 28 31 89 78 47 94 42 116 38 118 46 33 53 54 49 76 83 
1 11
1 12
1 15
1 36
1 37
1 49
2 16
2 21
2 27
2 41
3 2
3 12
3 31
3 38
3 43
3 45
4 3
4 14
4 20
4 26
4 27
4 30
4 35
4 46
4 47
4 50
5 7
5 22
5 45
5 46
6 8
6 10
6 23
6 25
6 28
6 34
6 40
6 43
6 47
7 3
7 11
7 12
7 19
7 23
7 28
7 41
7 43
7 49
7 50
8 2
8 18
8 20
8 35
9 23
9 33
9 40
9 44
10 1
10 4
10 16
10 21
10 22
10 27
10 28
10 29
10 47
11 29
11 34
11 40
11 46
12 41
13 14
13 33
14 9
14 18
14 33
14 35
15 20
15 31
16 11
16 17
16 22
16 23
16 26
17 9
17 47
18 9
18 15
18 36
19 3
19 28
19 40
19 47
20 6
20 24
20 27
20 28
20 37
21 7
21 9
21 20
21 40
21 43
21 48
22 3
22 12
22 15
22 20
22 23
22 24
22 27
22 42
22 46
23 2
23 3
23 44
24 1
24 7
24 12
24 30
24 38
25 14
25 15
25 18
25 26
26 15
26 18
26 19
26 41
26 46
27 11
27 14
27 19
27 21
27 25
27 37
27 48
28 24
28 40
28 46
29 26
29 31
29 35
29 41
29 46
29 48
30 10
30 16
30 29
30 33
31 13
31 18
31 21
31 40
31 41
32 16
32 38
32 45
32 48
33 7
33 15
33 26
33 37
33 45
33 47
34 2
34 4
34 7
34 8
34 13
34 14
34 31
35 2
35 11
35 15
35 31
35 40
35 41
35 42
35 49
36 7
36 15
36 22
36 25
36 35
36 43
37 36
38 18
38 35
38 41
38 45
39 1
39 11
39 12
39 22
39 24
39 27
39 29
39 48
40 20
40 45
41 22
41 23
41 47
42 34
42 45
42 48
42 50
43 4
43 5
43 9
43 28
43 33
43 45
44 3
44 7
44 13
44 15
45 15
45 34
45 36
45 37
45 39
46 6
46 27
46 31
46 35
46 38
46 47
47 12
47 20
47 24
47 48
48 7
48 22
48 26
48 34
48 46
49 2
49 15
49 17
49 20
49 22
49 26
49 31
49 37
49 44
49 46
50 33
50 48

