250 2000
22 98 99 66 38 58 92 51 98 114 93 110 61 88 55 70 105 38 32 101 53 42 45 81 69 90 102 120 66 97 99 66 34 25 30 104 74 57 71 82 51 50 68 99 59 75 108 51 32 107 72 24 39 36 95 103 22 119 58 40 48 44 65 21 27 31 105 54 80 30 21 38 57 114 111 80 48 24 21 106 90 62 112 67 117 36 68 46 25 34 40 118 102 39 74 119 57 96 80 37 24 53 46 78 69 40 61 69 58 107 95 77 106 96 51 21 60 108 113 104 54 31 94 101 87 79 26 117 105 118 74 119 30 118 118 71 85 72 117 69 33 43 64 20 58 113 108 50 74 79 98 117 57 113 46 75 112 22 22 111 49 29 91 117 28 62 82 26 117 44 107 99 44 22 47 118 93 86 44 105 26 27 63 105 102 58 66 86 61 113 45 94 45 95 119 35 29 20 120 101 65 57 119 106 58 112 104 85 77 109 27 120 30 69 23 93 61 58 66 78 85 81 52 83 102 68 87 102 71 87 23 26 76 94 26 24 107 20 109 36 113 73 111 55 31 111 32 102 46 84 
1 14
1 52
1 74
1 99
1 104
1 110
1 141
1 190
1 200
1 223
2 22
2 41
2 57
2 71
2 127
2 207
2 216
2 233
2 236
2 247
3 43
3 65
3 78
3 151
4 105
4 129
4 142
4 171
4 219
5 2
5 24
5 44
5 45
5 63
5 75
5 105
5 113
5 129
5 185
5 193
5 236
5 248
6 4
6 77
6 80
6 170
6 210
6 223
6 225
7 2
7 63
7 71
7 86
7 88
7 106
7 150
7 215
8 21
8 53
8 55
8 58
8 65
8 142
8 241
9 55
9 60
9 144
9 151
9 190
9 192
9 221
9 236
9 246
10 25
10 29
10 48
10 60
10 118
10 129
10 148
10 174
10 202
10 218
10 226
11 35
11 41
11 83
11 138
11 179
12 21
12 25
12 47
12 85
12 87
12 95
12 226
12 234
13 11
13 26
13 41
13 49
13 73
13 89
13 135
13 175
13 176
14 5
14 15
14 21
14 47
14 92
14 101
14 122
14 131
14 200
14 206
14 236
15 37
15 38
15 83
15 84
15 155
15 158
15 161
15 198
15 232
16 175
16 183
16 188
16 202
16 234
17 23
17 26
17 35
17 65
17 96
17 98
17 130
17 186
17 216
18 20
18 49
18 51
18 60
18 92
18 104
18 132
18 183
18 184
18 194
19 7
19 26
19 32
19 36
19 42
19 67
19 88
19 116
19 144
19 169
19 207
19 212
20 21
20 59
20 81
20 82
20 115
20 125
20 137
20 175
20 207
20 216
20 222
20 226
21 142
21 144
21 147
21 158
21 185
21 224
21 244
22 15
22 34
22 51
22 63
22 176
22 188
22 245
23 54
23 58
23 71
23 84
23 106
23 116
23 135
23 178
23 183
23 208
23 210
24 40
24 128
24 181
24 227
24 246
25 18
25 31
25 81
25 104
25 105
25 116
25 183
26 22
26 41
26 77
26 106
26 119
26 128
26 129
26 131
27 5
27 10
27 15
27 55
27 63
27 92
27 106
27 173
27 191
27 194
27 204
28 27
28 38
28 65
28 158
28 161
28 168
28 195
28 237
28 243
29 13
29 35
29 40
29 55
29 80
29 81
29 101
29 116
29 126
29 195
29 207
29 235
30 82
30 95
30 111
30 150
30 183
30 206
30 228
30 237
31 27
31 63
31 119
31 179
31 180
31 188
31 199
31 225
31 231
31 234
31 244
31 248
31 250
32 30
32 39
32 48
32 71
32 115
32 164
32 200
33 16
33 17
33 35
33 96
33 132
33 142
33 154
34 16
34 47
34 67
34 70
34 86
34 141
34 192
34 223
34 242
34 243
35 36
35 63
35 72
35 143
35 148
35 164
35 246
36 1
36 68
36 87
36 90
36 95
36 106
36 111
36 130
36 152
36 198
37 27
37 78
37 89
37 250
38 33
38 145
38 148
38 159
38 164
38 191
38 239
39 50
39 52
39 71
39 75
39 76
39 132
39 187
39 228
39 241
40 10
40 69
40 120
40 220
40 228
40 245
41 6
41 25
41 73
41 112
41 125
41 127
41 130
41 170
41 181
41 225
41 228
42 4
42 55
42 143
42 146
43 30
43 49
43 106
43 124
43 162
43 176
43 249
44 45
44 68
44 72
44 134
44 162
44 176
44 187
44 190
45 81
45 88
45 138
45 149
45 152
45 179
45 199
46 51
46 75
46 76
46 89
46 133
46 152
46 168
46 182
46 207
46 213
46 217
46 240
46 241
46 242
47 22
47 27
47 44
47 49
47 58
47 61
47 62
47 72
47 109
47 144
47 180
48 16
48 55
48 78
48 119
48 232
48 243
49 21
49 23
49 30
49 149
49 172
49 183
49 199
49 226
50 22
50 29
50 38
50 77
50 78
50 84
50 102
50 109
50 142
50 151
50 189
50 216
50 236
51 5
51 38
51 50
51 59
51 77
51 80
51 122
51 137
51 153
51 157
51 216
51 242
52 15
52 23
52 26
52 72
52 98
52 158
52 228
52 240
53 36
53 44
53 61
53 142
53 150
53 167
53 208
53 233
54 14
54 82
54 85
54 93
54 109
54 143
54 154
54 164
54 193
54 232
54 248
55 11
55 33
55 61
55 69
55 88
55 93
55 123
55 139
55 141
55 172
55 189
55 221
56 97
56 105
56 154
56 195
56 201
56 204
56 223
56 235
57 1
57 3
57 69
57 119
57 138
57 144
57 158
57 195
58 3
58 55
58 67
58 77
58 140
58 191
58 206
58 213
58 236
59 1
59 68
59 73
59 74
59 94
59 169
59 198
59 230
60 22
60 33
60 34
60 58
60 130
60 148
60 206
60 208
60 241
61 21
61 26
61 63
61 113
61 119
61 128
61 139
61 177
61 210
61 220
62 30
62 55
62 74
62 77
62 103
62 126
62 131
62 142
62 161
62 178
62 212
62 234
63 9
63 41
63 84
63 126
63 128
63 185
63 200
63 231
63 240
64 35
64 40
64 83
64 87
64 98
64 133
64 135
64 173
65 47
65 81
65 96
65 173
65 245
65 246
66 13
66 48
66 114
66 146
66 167
67 7
67 28
67 85
67 107
67 125
67 126
67 146
68 18
68 63
68 72
68 104
68 147
68 161
68 167
68 199
68 222
68 236
69 28
69 146
69 182
69 205
69 222
69 246
69 249
70 7
70 15
70 24
70 85
70 96
70 168
70 190
70 227
70 228
71 140
71 213
71 214
71 245
72 28
72 37
72 62
72 95
72 117
72 144
72 181
72 215
73 31
73 35
73 213
73 214
74 26
74 51
74 60
74 98
74 122
74 134
74 162
74 230
75 27
75 48
75 164
75 166
75 175
75 184
75 205
75 221
75 228
75 243
76 5
76 19
76 40
76 119
76 175
76 216
76 244
77 57
77 65
77 90
77 116
77 131
77 153
77 172
77 173
78 118
78 182
78 224
79 6
79 68
79 158
79 171
79 207
79 218
79 248
80 19
80 31
80 35
80 82
80 130
80 197
81 31
81 33
81 84
81 91
81 147
81 159
81 186
81 199
81 248
82 18
82 21
82 66
82 103
82 130
82 153
82 192
82 200
82 217
83 62
83 124
83 184
83 208
83 211
84 24
84 34
84 57
84 86
84 176
84 244
85 21
85 133
85 157
85 163
85 170
85 182
85 190
85 232
86 16
86 72
86 78
86 83
86 130
86 162
86 164
86 165
86 192
86 201
86 227
87 28
87 48
87 68
87 88
87 124
87 149
87 153
87 223
88 32
88 78
88 84
88 147
88 205
88 220
89 40
89 82
89 105
89 120
89 169
89 177
89 202
89 214
89 241
90 111
90 129
90 189
90 216
91 120
91 149
91 173
91 209
91 229
92 137
92 139
92 164
92 203
92 206
92 218
92 224
92 230
92 233
93 19
93 31
93 100
93 137
93 157
94 28
94 58
94 76
94 166
94 180
94 203
95 15
95 76
95 81
95 103
95 170
95 203
95 209
95 221
96 77
96 82
96 85
96 103
96 144
96 183
96 198
96 243
97 13
97 22
97 63
97 83
97 89
97 92
97 151
97 158
97 161
97 171
97 180
97 193
98 41
98 68
98 87
98 113
98 208
98 222
98 234
98 238
98 240
99 29
99 47
99 172
99 177
99 205
99 247
100 5
100 81
100 105
100 192
101 40
101 57
101 76
101 137
101 234
101 249
102 3
102 43
102 44
102 109
102 122
102 159
102 161
102 212
102 214
102 228
103 8
103 11
103 25
103 73
103 113
103 116
103 118
103 128
103 156
103 193
104 51
104 119
104 178
104 185
104 239
105 58
105 72
105 166
105 218
105 220
105 222
105 241
105 243
105 244
106 20
106 71
106 116
106 139
106 149
106 173
106 175
106 176
107 14
107 18
107 39
107 115
107 127
107 164
108 6
108 28
108 34
108 54
108 57
108 69
108 103
108 183
108 221
108 230
108 239
109 75
109 117
109 151
110 60
110 66
110 73
110 109
110 114
110 125
110 206
111 39
111 69
111 70
111 82
111 139
111 174
111 195
112 28
112 107
112 109
112 123
112 140
112 178
112 186
112 218
112 223
113 38
113 48
113 58
113 63
113 90
113 188
113 199
113 203
113 208
113 241
114 8
114 44
114 91
114 178
114 198
114 204
114 211
114 214
114 220
114 234
114 238
115 2
115 6
115 69
115 90
115 121
115 136
115 139
115 146
115 176
115 245
116 7
116 35
116 41
116 71
116 141
116 167
116 219
116 248
117 138
117 226
118 36
118 43
118 49
118 84
118 135
118 151
119 55
119 105
119 143
119 153
119 180
119 184
119 229
120 12
120 59
120 131
120 147
120 152
120 153
120 173
120 175
120 191
120 224
120 233
121 59
121 135
121 147
121 150
122 37
122 138
122 162
122 245
123 26
123 40
123 81
123 153
123 157
123 217
124 55
124 76
124 115
124 153
124 155
125 3
125 27
125 33
125 35
125 46
125 69
125 106
125 142
125 161
125 164
125 174
125 177
125 186
125 207
125 217
125 225
126 3
126 101
126 146
126 187
126 203
126 248
127 12
127 13
127 46
127 67
127 74
127 106
127 129
127 155
127 176
127 194
127 199
127 206
127 222
128 40
128 93
128 104
128 124
128 138
128 162
128 164
128 186
128 197
128 209
129 1
129 60
129 77
129 87
129 113
129 203
130 64
130 79
130 109
130 144
130 184
130 218
130 227
131 13
131 22
131 76
131 91
131 118
131 134
131 149
131 150
131 163
131 189
131 238
132 41
132 65
132 93
132 104
132 114
132 158
132 160
132 162
132 229
132 241
132 243
133 96
133 121
133 134
133 135
133 145
133 182
133 215
134 54
134 57
134 101
134 106
134 128
134 144
134 158
134 192
134 195
134 200
134 227
135 40
135 46
135 69
135 78
135 129
135 131
135 178
136 14
136 27
136 42
136 97
136 106
136 139
136 215
136 236
137 22
137 38
137 39
137 42
137 67
137 78
137 111
137 124
137 133
137 169
137 171
137 187
137 242
137 248
138 1
138 65
138 69
138 83
138 98
138 155
138 212
138 217
139 76
139 82
139 100
139 112
139 133
139 135
139 151
139 161
139 234
140 22
140 25
140 76
140 130
140 205
140 213
140 228
141 3
141 33
141 59
141 93
141 115
141 243
142 210
143 2
143 38
143 58
143 62
143 73
143 107
143 121
143 137
143 144
143 171
143 211
143 246
144 14
144 25
144 52
144 98
144 158
144 175
144 208
144 224
144 242
145 1
145 40
145 65
145 141
145 149
145 245
146 138
146 143
146 180
146 188
146 212
146 219
146 230
147 6
147 25
147 95
147 118
147 232
147 234
148 89
148 105
148 106
148 250
149 2
149 16
149 22
149 73
149 84
149 120
149 146
149 163
149 236
149 249
150 12
150 21
150 22
150 25
150 49
150 89
150 139
150 211
150 220
151 70
151 192
151 196
151 218
152 50
152 53
152 81
152 159
153 13
153 72
153 73
153 154
153 155
153 180
153 215
153 218
154 40
154 55
154 66
154 68
154 74
154 77
154 167
154 181
154 240
155 30
155 34
155 43
155 50
155 90
155 150
155 189
155 206
156 32
156 81
156 83
156 197
156 218
156 231
157 162
157 214
157 231
158 13
158 30
158 48
158 51
158 55
158 73
158 112
158 155
158 198
158 209
158 211
159 21
159 28
159 31
159 43
159 52
159 57
159 96
159 179
159 200
160 42
160 70
160 76
160 209
160 240
161 10
161 13
162 21
162 38
162 55
162 56
162 72
162 85
162 95
162 124
162 159
162 164
162 169
162 193
162 206
163 10
163 11
163 50
163 88
163 169
164 25
164 50
164 58
164 77
164 95
164 115
164 117
164 120
164 123
164 152
164 181
164 189
164 210
164 223
164 230
164 235
165 9
165 10
165 72
165 128
165 133
165 145
166 8
166 70
166 80
166 138
166 146
166 164
166 225
167 14
167 18
167 74
167 79
167 174
167 186
167 201
167 229
168 22
168 29
168 59
168 68
168 72
168 78
168 110
168 122
168 228
168 231
168 242
169 15
169 18
169 27
169 56
169 60
169 95
169 109
169 131
169 172
169 180
169 203
169 207
169 225
169 227
170 26
170 28
170 68
170 70
170 124
170 147
170 208
170 217
170 221
170 235
171 75
171 105
171 197
172 10
172 40
172 69
172 100
172 119
172 143
172 150
172 153
172 185
172 190
172 231
172 233
172 240
172 248
173 47
173 70
173 72
173 161
173 163
173 168
173 180
173 202
173 204
173 239
174 4
174 23
174 42
174 124
174 172
174 186
174 192
174 194
174 233
174 235
175 53
175 57
175 74
175 90
175 131
175 184
175 193
176 14
176 19
176 24
176 35
176 132
176 158
176 167
176 190
176 241
177 33
177 60
177 168
177 181
178 101
178 108
178 140
178 147
178 166
178 203
178 225
179 7
179 10
179 33
179 74
179 199
179 208
179 231
180 102
180 155
180 206
180 250
181 45
181 47
181 81
181 113
181 127
181 135
181 201
181 225
182 9
182 22
182 107
182 127
182 186
182 199
182 207
182 211
182 240
183 13
183 31
183 57
183 107
183 179
183 221
183 228
184 54
184 92
184 145
184 155
184 157
184 167
184 182
184 220
185 10
185 76
185 79
185 122
185 136
185 151
185 159
185 192
186 8
186 10
186 62
186 119
186 152
186 185
186 219
186 235
187 48
187 82
187 113
187 117
187 171
187 234
188 40
188 141
188 165
188 174
188 177
188 229
189 26
189 86
189 100
189 105
189 191
189 217
189 225
189 236
189 240
190 22
190 37
190 96
190 148
191 11
191 59
191 67
191 88
191 144
191 237
191 250
192 65
192 77
192 80
192 98
192 149
192 155
192 171
192 176
192 218
193 30
193 61
193 75
193 145
193 151
193 210
194 11
194 30
194 35
194 122
194 149
194 164
194 185
194 245
195 1
195 7
195 48
195 65
195 105
195 180
195 192
195 196
195 216
195 228
196 22
196 70
196 95
196 108
196 225
196 230
197 29
197 36
197 48
197 62
197 78
197 99
197 101
197 111
197 143
197 153
197 180
197 188
197 207
197 213
197 225
197 236
198 82
198 98
198 202
199 50
199 64
199 86
199 138
199 211
199 236
199 240
200 53
200 65
200 73
200 109
200 116
200 162
200 217
201 176
201 227
202 23
202 47
202 97
202 116
202 160
202 215
202 216
203 2
203 13
203 19
203 167
203 185
203 243
204 19
204 179
204 208
204 247
205 16
205 22
205 49
205 71
205 90
205 115
205 127
205 213
206 2
206 16
206 59
206 72
206 98
206 99
206 130
206 139
206 157
206 165
206 171
206 196
206 222
207 17
207 62
207 170
207 190
207 192
207 208
207 221
207 228
207 232
208 19
208 20
208 41
208 90
208 100
208 160
208 214
209 3
209 12
209 55
209 61
209 85
209 133
209 157
209 162
209 164
209 176
209 183
209 196
209 199
210 32
210 37
210 80
210 103
210 139
210 140
210 149
210 151
210 197
210 228
210 247
211 4
211 45
211 54
211 85
211 176
211 179
211 185
211 223
212 28
212 71
212 87
212 114
212 123
212 130
212 179
212 197
212 216
212 235
212 240
213 27
213 45
213 76
213 97
213 115
213 131
213 185
213 207
213 211
213 216
214 24
214 37
214 62
214 76
214 79
214 115
214 129
214 232
215 11
215 48
215 82
215 94
215 163
215 166
215 169
215 197
215 207
215 225
215 228
216 119
216 129
216 197
216 200
216 204
216 232
217 34
217 68
217 135
218 9
218 21
218 30
218 50
218 59
218 94
218 147
218 161
218 186
219 40
219 70
219 79
219 95
219 99
219 198
219 215
220 25
220 60
220 75
220 77
220 111
220 215
221 54
221 64
221 110
221 173
221 196
221 197
221 224
222 13
222 33
222 140
222 146
222 152
222 217
223 8
223 46
223 55
223 103
223 104
223 151
223 160
223 228
223 229
224 9
224 83
224 143
224 156
224 214
224 216
224 217
224 234
225 9
225 43
225 48
225 109
225 165
225 176
225 227
225 242
226 7
226 47
226 81
226 171
226 206
226 238
227 28
227 112
227 205
227 214
227 215
228 9
228 60
228 81
228 91
228 122
228 155
228 197
228 213
228 247
228 250
229 44
229 90
229 101
229 157
229 183
229 212
229 233
229 238
229 246
230 7
230 24
230 51
230 125
230 139
230 227
231 4
231 7
231 14
231 74
231 150
231 158
231 166
231 190
231 212
231 233
231 241
232 58
232 66
232 86
232 92
232 106
232 118
232 131
232 154
232 227
232 234
233 38
233 51
233 52
233 57
233 95
233 124
233 149
233 177
233 182
233 214
234 25
234 40
234 75
234 97
234 173
234 188
234 210
234 216
235 1
235 4
235 18
235 37
235 62
235 66
235 77
235 86
235 132
235 177
235 188
235 215
235 231
236 3
236 43
236 52
236 61
236 62
236 86
236 97
236 142
236 250
237 55
237 71
237 174
237 189
238 28
238 30
238 76
238 127
238 199
238 207
239 12
239 32
239 53
239 59
239 121
239 126
239 133
239 164
239 192
239 220
239 249
240 24
240 50
240 73
240 204
240 214
241 72
241 209
241 216
241 235
242 72
242 87
242 129
242 186
242 194
242 195
242 202
242 234
243 51
243 54
243 97
243 142
243 162
243 164
243 165
243 168
243 241
243 248
244 25
244 91
244 153
244 183
244 198
244 209
244 242
245 54
245 87
245 90
245 118
245 119
245 157
245 167
245 244
246 18
246 36
246 51
246 57
246 72
246 105
246 106
246 154
246 198
246 223
247 25
247 70
247 71
247 132
247 161
247 196
247 230
247 239
248 48
248 102
248 103
248 174
248 190
248 194
248 196
248 210
248 237
249 44
249 50
249 94
249 102
249 153
249 161
249 204
249 205
249 220
249 231
250 9
250 18
250 23
250 56
250 89
250 192
250 208
250 240

