250 500
109 113 37 38 20 98 74 99 51 27 108 81 92 88 45 92 92 23 67 32 29 60 98 91 28 22 56 87 117 33 88 35 39 31 68 109 103 52 82 47 71 88 106 51 115 29 27 73 105 44 97 38 56 26 45 33 112 54 23 119 112 51 39 33 83 30 57 93 79 35 103 113 80 88 63 97 106 34 95 77 105 53 59 83 48 22 84 105 36 49 24 99 77 101 100 107 30 103 89 44 73 72 99 84 39 100 85 74 108 59 99 72 120 65 67 70 66 79 99 31 118 47 47 25 78 39 107 72 55 95 51 82 98 29 110 22 103 79 92 82 62 118 108 20 54 26 74 55 61 59 97 42 79 35 51 91 75 76 39 93 65 66 28 99 20 100 89 32 55 39 68 86 61 82 85 71 47 92 46 85 67 24 62 37 30 83 87 24 30 35 81 26 40 101 69 20 111 52 51 39 22 57 22 113 107 82 73 37 120 37 47 96 103 117 51 105 57 42 34 29 36 112 31 101 43 47 113 25 20 104 59 110 108 108 40 76 65 78 23 42 92 51 95 113 34 21 90 50 62 100 
1 123
1 141
1 170
1 180
1 202
2 226
3 57
3 70
3 103
3 146
4 89
4 122
4 235
5 82
5 110
7 121
8 43
8 45
9 121
10 62
10 241
11 234
12 23
13 210
13 246
14 40
14 189
15 23
15 174
15 199
16 36
16 130
16 132
16 164
17 31
17 226
18 130
18 243
19 41
20 3
21 75
22 130
23 20
23 197
23 208
25 39
25 63
25 86
25 143
26 12
26 159
27 62
28 135
29 92
29 173
30 188
31 138
31 144
31 158
31 245
33 142
34 61
34 107
34 109
34 212
35 97
35 238
36 82
36 197
36 232
37 75
37 83
37 239
38 92
38 157
38 212
39 187
40 158
42 118
42 176
42 219
42 239
42 243
43 94
44 211
45 2
45 58
45 84
46 73
47 40
47 85
47 123
48 162
49 92
49 100
50 29
50 139
51 79
51 179
52 80
52 137
52 150
52 234
52 243
52 250
53 101
53 181
55 59
56 28
56 171
56 180
56 213
56 214
57 133
58 60
58 63
58 95
58 98
58 207
59 162
59 177
59 178
60 52
60 98
61 24
62 98
62 122
63 244
64 13
64 122
64 198
66 53
67 13
68 113
68 152
68 215
69 11
70 208
74 5
74 128
75 91
75 244
76 34
76 222
76 235
77 149
78 23
78 41
79 131
80 165
81 144
81 170
81 202
82 176
82 216
83 15
83 31
83 90
83 119
83 208
83 210
84 14
84 17
84 170
85 15
85 45
85 158
86 98
86 189
87 25
87 27
87 92
87 156
88 23
88 115
88 125
89 36
89 98
90 124
90 247
91 96
91 188
91 214
92 210
93 33
95 4
95 60
96 101
96 163
96 195
98 9
98 19
98 163
98 223
99 115
100 7
100 45
102 75
102 114
102 120
102 129
102 146
102 175
103 38
103 62
104 171
104 210
105 203
107 111
107 231
108 38
108 56
108 103
108 132
109 29
109 116
111 68
111 93
111 162
111 203
111 212
113 46
113 55
113 196
113 206
113 238
113 246
114 10
114 115
114 214
115 124
115 203
115 236
116 139
117 39
118 129
118 174
119 22
119 108
119 154
119 197
120 28
120 198
121 88
122 25
122 70
122 103
122 249
123 196
124 104
125 53
125 210
126 63
126 223
127 15
128 27
128 30
128 212
131 27
131 86
132 77
133 108
134 9
134 175
134 183
136 2
137 196
137 226
138 57
139 232
139 250
140 227
141 7
141 47
141 95
141 169
142 91
142 180
142 205
143 18
143 80
144 102
144 113
144 245
144 250
145 191
145 214
146 79
146 137
146 193
148 133
149 9
149 140
150 53
150 113
150 183
150 189
151 34
151 198
152 109
152 113
153 10
153 208
154 6
154 136
154 182
154 215
156 192
156 213
157 36
157 165
158 129
158 207
159 65
159 157
159 198
160 104
160 176
160 200
161 41
161 45
163 94
163 136
164 101
164 113
165 63
165 109
165 221
166 75
166 96
166 99
166 154
167 9
167 34
167 51
167 87
169 5
170 135
170 231
171 173
171 244
172 206
173 108
173 235
175 13
175 67
175 68
175 133
175 193
175 231
176 66
177 33
177 80
177 178
178 45
178 96
178 116
179 5
179 142
180 39
181 100
181 137
181 172
181 175
182 243
183 20
183 43
183 128
183 161
183 195
183 196
183 213
183 223
183 250
184 13
184 209
185 137
186 87
186 190
187 146
187 203
187 205
188 10
188 22
188 129
188 155
188 191
189 9
189 223
190 29
190 166
191 31
191 46
191 107
191 110
193 13
193 40
194 166
195 144
195 169
195 197
195 235
196 87
197 112
197 179
198 96
198 138
199 63
200 75
201 72
202 115
202 163
202 232
203 138
203 242
204 29
204 146
205 38
205 206
206 41
207 57
208 65
208 119
209 21
209 23
209 93
209 237
210 111
210 153
210 207
210 209
211 16
212 104
212 175
212 195
212 236
213 205
213 207
213 248
214 62
217 59
218 52
220 199
221 103
221 108
222 95
222 175
223 148
223 157
224 28
224 92
224 123
224 230
225 1
225 18
225 33
225 106
225 233
226 25
226 44
226 96
226 104
227 131
227 167
229 35
230 68
230 101
230 113
230 153
231 37
231 92
231 132
232 167
233 223
234 45
234 135
234 206
235 14
235 40
235 201
236 19
238 85
239 173
240 189
242 223
245 156
246 53
246 126
246 140
246 167
247 3
247 10
247 240
248 99
248 107
248 111
248 185
249 115
249 163
250 92

