50 250
118 90 70 49 28 67 114 71 26 106 73 101 118 69 35 117 96 62 68 88 66 46 112 81 69 44 115 69 111 91 60 26 90 72 55 46 62 80 65 101 103 81 51 118 101 48 34 84 27 89 
1 8
1 13
1 14
1 29
1 33
1 35
1 41
1 45
2 11
2 22
2 47
2 50
3 5
3 8
3 13
3 22
3 35
3 44
3 50
4 1
4 5
4 10
4 14
4 23
4 25
5 9
5 26
5 30
6 5
6 10
6 24
6 33
6 36
7 4
7 10
7 21
7 22
7 48
8 2
8 12
8 30
8 37
8 45
8 48
9 7
9 11
9 18
9 28
9 35
9 47
10 13
10 17
10 22
10 30
10 38
10 50
11 15
11 27
11 32
12 7
12 20
12 43
13 7
13 15
13 28
13 29
13 36
13 39
13 45
13 50
14 5
14 8
14 38
14 43
15 1
15 25
15 29
15 40
15 41
15 46
16 1
16 2
16 3
16 12
16 14
16 18
16 22
16 36
16 38
17 24
17 31
17 32
18 4
18 7
18 24
19 10
19 35
19 42
20 21
20 23
20 28
20 34
20 36
21 6
21 15
21 48
22 8
22 29
22 32
23 8
23 19
23 24
23 27
23 40
24 4
24 5
24 28
25 3
25 8
25 13
25 18
25 19
25 20
25 38
25 42
25 43
26 17
26 43
26 49
27 8
27 19
27 33
27 34
27 35
27 38
27 45
27 46
28 4
28 18
28 33
28 48
29 16
29 32
29 38
29 40
30 11
30 14
30 20
30 23
30 29
31 3
31 4
31 9
31 14
31 23
31 43
32 26
32 40
33 4
33 5
33 30
33 43
33 44
33 49
34 16
34 19
34 41
35 15
35 32
35 45
35 48
35 50
36 4
36 9
36 11
36 17
36 25
36 34
36 39
36 49
37 4
37 27
37 28
37 39
37 43
38 1
38 2
38 7
38 18
38 36
38 50
39 12
39 38
40 11
40 14
40 26
40 28
40 35
40 43
41 17
41 22
41 27
41 35
41 42
41 45
42 1
42 12
42 26
43 2
43 11
43 27
43 28
43 32
43 34
43 35
43 48
44 6
44 10
44 21
44 22
44 47
45 4
45 5
45 11
45 20
45 21
45 24
45 39
45 42
46 3
46 19
46 20
46 31
47 16
47 20
47 21
47 30
48 14
48 20
48 27
48 46
49 5
49 8
49 15
49 16
49 24
50 15
50 21
50 28
50 34

