300 750
106 104 37 107 109 96 77 21 41 92 84 115 40 73 110 90 48 32 100 53 42 98 52 49 58 74 94 85 112 58 46 101 115 37 72 24 107 60 95 117 63 23 98 102 105 95 35 28 30 61 105 29 98 116 53 111 85 79 118 100 117 52 58 63 34 63 23 71 114 98 63 118 114 105 46 62 58 44 111 61 62 102 111 91 50 66 82 80 28 39 37 80 26 67 53 21 31 51 21 86 39 108 113 109 109 45 44 103 58 59 117 46 102 120 120 118 84 69 120 48 65 98 86 94 69 116 107 48 106 103 112 68 49 60 57 46 29 109 30 117 50 89 89 92 120 88 71 70 39 46 97 87 64 56 52 58 51 95 56 40 28 47 47 36 43 63 93 76 28 36 61 79 39 27 70 81 102 62 52 53 102 103 49 43 36 56 61 42 114 43 108 78 89 25 24 59 61 61 34 74 65 51 24 27 87 27 24 66 61 90 49 55 84 37 97 104 109 111 88 64 45 37 35 74 57 104 120 99 79 84 44 102 110 86 45 59 106 42 84 47 23 37 81 20 50 74 27 106 94 40 46 106 55 48 58 43 106 45 23 84 75 96 42 89 43 62 101 58 67 27 24 68 62 46 97 68 61 28 87 101 62 75 61 48 81 107 79 43 118 101 41 22 113 56 90 82 35 58 89 68 
1 64
1 108
1 243
2 283
3 130
3 150
4 98
4 225
5 185
5 220
5 232
5 299
6 171
6 220
6 268
7 22
7 31
7 147
7 286
8 89
8 254
9 59
10 188
10 260
11 91
11 104
11 118
11 258
12 8
12 165
13 107
13 216
14 109
14 184
15 42
15 208
16 108
16 168
17 23
17 139
17 216
18 228
18 253
19 9
19 194
19 254
20 96
20 115
20 169
20 238
21 25
23 80
23 125
23 131
24 286
25 48
25 174
25 283
26 133
26 199
27 61
27 112
27 129
27 216
27 248
28 116
28 249
28 292
29 91
29 139
29 150
29 237
29 295
30 104
30 295
31 19
31 86
31 177
31 188
32 16
32 69
32 288
33 243
33 246
34 11
34 67
34 268
35 138
36 66
36 99
37 115
37 259
38 9
38 227
39 171
39 258
39 288
40 5
40 81
40 203
40 279
41 51
41 58
42 120
42 250
42 298
43 10
43 202
44 50
44 60
44 252
45 104
45 147
46 70
46 220
47 130
47 248
48 159
48 196
49 13
49 130
50 109
50 247
50 299
52 152
52 263
53 18
53 129
53 161
53 210
53 264
54 274
55 29
55 179
55 232
55 269
55 292
56 12
56 51
58 124
58 193
58 257
61 13
61 148
61 151
62 68
62 267
63 85
63 169
63 270
63 272
64 12
64 67
64 129
64 156
64 224
64 226
64 228
64 254
64 260
65 270
65 284
65 293
66 3
66 45
67 94
67 212
68 49
68 85
68 126
68 202
68 249
68 260
68 261
69 73
70 86
70 139
71 186
72 198
73 143
74 27
74 273
75 227
76 77
77 71
77 272
78 275
78 287
79 81
79 99
79 178
79 235
80 148
80 256
80 298
81 100
81 141
82 133
83 13
83 214
84 19
84 36
84 178
84 254
85 17
85 43
85 288
86 51
86 140
86 257
86 259
87 199
88 59
88 117
88 260
89 61
89 219
90 56
90 66
90 125
90 191
91 1
91 140
91 278
92 55
92 90
92 114
92 120
92 187
92 191
92 257
92 298
93 105
94 93
94 270
94 283
95 129
96 8
96 108
97 31
97 34
97 85
98 77
99 63
99 86
99 153
99 226
99 277
100 56
100 128
100 138
100 228
100 233
100 236
100 293
101 98
101 117
101 264
102 38
103 45
103 149
103 181
104 8
104 31
104 78
104 83
104 110
105 6
105 33
105 139
106 25
106 42
106 79
106 86
106 199
106 229
107 67
107 204
107 249
107 257
108 242
111 66
112 207
113 17
113 84
113 131
113 152
114 101
114 272
114 300
115 23
115 96
115 187
116 82
117 177
117 201
117 215
118 47
118 48
118 53
119 77
119 78
119 85
119 117
119 274
120 7
120 19
120 190
120 223
120 274
122 38
122 110
122 155
122 219
124 3
124 156
124 297
125 267
126 28
126 38
126 119
126 131
126 292
127 55
127 76
127 114
127 148
127 167
127 206
128 99
129 10
129 25
129 111
129 153
130 41
131 17
131 140
131 175
131 179
132 9
132 136
132 167
132 195
132 205
132 278
132 287
133 88
134 116
134 279
135 5
135 161
136 231
136 261
137 168
137 242
138 107
139 236
139 240
140 83
140 111
140 133
140 228
141 118
141 147
141 168
141 277
142 59
142 71
142 94
142 115
142 216
143 118
144 13
144 250
145 92
145 94
145 148
146 70
146 108
146 248
146 300
147 42
147 264
147 266
147 297
149 5
149 18
149 201
150 2
150 112
150 196
151 13
151 86
151 106
152 38
152 57
152 68
152 162
152 172
152 242
153 80
153 92
153 100
153 150
154 78
154 174
154 219
155 69
155 145
155 295
156 21
156 63
156 118
156 130
156 283
157 26
157 45
159 69
159 247
160 243
161 291
162 271
163 157
163 193
164 2
164 71
164 257
165 78
165 97
165 180
165 181
165 182
167 69
167 159
167 266
168 107
168 258
168 266
169 76
170 186
171 68
171 234
172 90
172 126
172 300
173 116
173 214
173 252
174 58
175 7
175 113
175 114
176 20
176 56
176 57
176 138
177 39
177 47
177 60
177 63
177 92
177 104
177 113
177 208
178 34
178 126
178 225
180 8
180 27
180 101
180 299
181 105
181 269
182 18
182 135
182 144
183 197
183 249
183 277
184 109
185 15
186 68
187 25
187 89
188 63
188 175
188 196
188 250
188 259
189 97
189 147
189 212
189 218
189 231
189 269
191 125
191 139
192 170
192 208
192 277
193 98
193 101
193 262
194 2
194 116
195 69
195 298
196 60
197 241
197 263
198 23
198 123
198 129
198 167
200 20
201 56
201 112
201 121
202 220
203 241
204 22
204 136
204 159
205 34
205 137
205 185
206 90
207 10
208 54
208 254
208 296
209 127
209 133
209 246
210 101
210 174
210 278
211 2
211 130
211 283
212 17
213 3
213 106
213 210
213 254
213 287
214 5
214 140
214 200
214 293
215 152
216 155
216 299
217 25
218 135
218 158
218 241
219 214
219 225
219 254
219 298
220 58
220 128
220 209
220 250
221 14
221 73
221 170
221 202
221 218
221 250
222 166
222 189
222 190
222 206
223 58
223 62
223 96
223 128
223 191
225 5
225 35
225 95
225 163
226 116
227 30
227 42
227 200
227 205
228 52
229 25
229 257
230 157
230 271
230 290
231 269
232 13
232 268
233 210
234 209
234 297
235 217
236 113
238 70
238 72
238 106
238 255
238 294
239 75
239 112
239 148
239 227
239 236
240 198
240 209
240 222
240 259
242 5
242 41
242 180
242 193
242 228
242 269
244 125
244 156
245 31
245 190
245 212
245 256
246 10
246 54
246 176
246 225
247 60
247 190
248 142
249 2
249 195
249 251
249 284
250 22
250 61
250 160
250 175
250 234
251 45
251 68
251 114
251 200
255 224
256 57
256 148
257 123
258 66
258 241
259 5
260 93
260 152
260 196
260 236
260 289
261 74
261 203
261 298
262 38
262 229
262 236
262 271
263 100
263 250
264 11
264 110
264 171
264 274
265 53
265 179
265 268
267 258
268 13
268 186
268 290
268 296
269 133
270 80
270 290
271 15
271 74
272 112
272 223
272 294
273 250
274 61
274 84
274 102
275 42
275 62
275 74
276 156
276 235
276 240
276 275
277 30
278 183
278 230
278 235
279 18
279 28
279 83
279 86
279 199
279 227
280 10
280 163
280 242
281 251
282 259
283 21
283 178
284 38
284 235
284 254
285 24
285 208
287 12
287 272
288 232
289 101
290 71
290 117
291 149
293 128
293 256
294 18
294 110
294 248
295 114
295 165
295 228
295 253
296 62
297 122
297 135
297 152
297 165
298 199
299 113
300 7
300 82
300 135
300 204

