200 750
50 63 63 69 81 119 99 73 62 75 78 36 26 26 115 77 35 109 106 31 105 54 75 57 42 31 65 78 66 114 24 98 86 120 82 91 110 109 35 81 38 90 36 119 64 99 77 107 52 34 62 73 107 41 72 26 65 33 41 39 35 48 105 28 106 63 100 54 101 91 25 54 113 25 97 57 106 53 72 59 70 60 31 32 62 85 85 27 31 43 90 74 61 20 21 95 59 56 113 43 111 87 22 80 37 113 21 80 25 29 118 36 119 85 27 41 54 48 54 23 89 52 81 75 62 56 68 37 84 49 43 72 72 56 29 36 120 53 110 47 72 118 59 27 83 109 97 62 113 38 73 104 89 23 70 55 72 83 46 62 54 114 109 95 119 29 63 68 110 31 58 36 82 47 88 43 51 30 36 25 81 23 65 97 42 50 89 44 65 75 112 28 95 29 46 116 115 116 117 44 
1 134
1 186
1 196
2 15
2 92
2 118
2 120
2 122
2 155
2 166
3 7
3 121
3 188
3 200
4 45
4 73
4 88
4 122
4 158
4 177
4 178
5 10
5 14
5 119
5 126
6 2
6 15
6 57
6 131
6 163
6 174
7 6
7 51
7 95
7 172
8 48
8 186
9 24
9 49
9 53
9 139
10 73
10 123
10 200
11 46
11 127
12 1
12 21
12 24
12 76
13 109
13 165
14 43
14 76
15 41
15 47
15 58
15 64
15 183
16 140
16 197
17 48
17 49
17 102
17 138
17 146
17 167
18 21
18 57
18 86
18 164
20 51
20 63
20 115
20 132
20 162
20 166
20 175
21 35
21 131
21 134
21 192
22 26
22 121
22 136
22 168
22 185
23 16
23 169
24 72
24 76
24 81
24 82
24 100
24 134
25 13
25 17
25 19
25 28
25 47
25 183
26 11
26 12
26 27
26 38
26 152
27 75
27 190
28 18
28 165
28 171
28 196
29 42
29 69
29 121
30 95
31 22
31 29
31 90
31 110
31 114
31 137
31 178
31 179
32 21
32 38
32 44
32 81
32 88
32 97
32 102
32 167
32 173
32 193
33 12
33 148
34 60
35 17
35 25
35 60
36 58
36 78
36 136
37 46
37 166
37 186
38 19
38 174
39 12
39 93
39 200
40 76
40 108
41 158
42 40
42 62
42 86
43 4
43 58
43 102
44 154
45 7
45 186
45 193
46 16
46 82
46 98
46 111
46 182
47 76
47 82
47 151
47 155
48 19
48 52
48 124
48 169
48 186
49 78
49 139
49 155
51 80
51 200
52 147
52 160
52 165
52 191
53 35
53 44
53 65
54 10
54 119
55 6
55 15
55 35
55 65
55 68
55 72
55 166
56 52
56 122
57 14
57 22
57 28
57 51
57 111
58 73
58 169
58 178
59 60
59 61
61 42
61 124
61 153
61 158
61 183
62 11
62 19
62 159
62 189
63 72
63 169
64 80
64 90
64 108
65 19
65 27
65 52
65 125
65 169
65 188
66 12
66 74
66 103
66 118
66 132
66 158
66 182
66 199
67 40
67 111
67 126
67 162
67 167
67 194
68 3
68 88
68 161
69 40
69 95
69 166
70 74
70 95
70 107
70 167
70 169
71 94
71 168
72 20
72 41
72 56
72 75
72 92
72 99
72 117
72 124
73 28
73 71
73 80
74 27
74 43
74 117
74 132
74 135
74 173
75 32
75 178
75 190
76 188
76 189
77 37
77 126
77 145
77 147
77 184
77 187
77 190
78 59
78 123
78 190
79 72
79 114
79 125
79 152
79 190
79 199
80 121
80 175
80 186
81 109
81 110
81 119
81 173
81 178
82 56
82 86
82 138
82 143
82 160
83 5
83 9
83 194
83 200
84 132
84 145
84 161
84 182
85 46
85 94
85 181
86 71
86 77
86 88
86 115
86 137
86 171
87 50
87 66
87 80
87 154
87 164
87 166
87 174
88 51
88 95
89 24
89 130
90 70
91 28
91 34
91 70
91 96
91 98
92 74
92 90
92 168
93 12
93 78
93 102
93 113
94 115
94 133
94 174
95 2
95 18
95 39
95 102
95 143
96 176
97 18
97 79
98 4
98 16
98 29
98 50
98 176
99 6
99 29
99 56
99 91
99 122
99 134
99 147
101 12
101 79
101 121
101 135
102 35
102 88
102 168
104 63
104 83
104 98
104 99
104 188
104 195
105 12
105 83
105 163
105 197
106 169
107 63
107 104
107 128
107 146
108 109
108 171
108 194
109 23
109 49
109 137
109 154
110 107
110 112
110 163
111 13
111 14
111 72
111 81
111 120
111 152
112 42
112 75
112 148
112 160
112 184
113 11
113 54
113 136
113 145
113 175
114 23
114 32
114 41
114 144
115 119
115 194
116 104
117 32
117 42
117 149
117 154
117 187
118 95
118 119
119 47
119 48
119 58
119 141
119 182
120 19
120 93
120 147
120 164
120 182
121 118
121 147
121 150
121 184
121 186
122 101
122 139
122 154
122 198
123 57
123 70
123 189
124 3
124 51
124 116
124 118
124 128
124 152
124 164
125 17
125 57
125 173
126 36
126 39
126 43
126 46
126 56
126 82
126 109
127 10
127 17
127 59
127 62
127 189
128 49
128 126
128 200
129 1
129 22
129 115
129 193
130 12
130 20
130 52
130 173
131 98
132 17
132 46
132 85
132 165
132 192
133 9
133 55
133 91
133 165
134 34
134 46
134 97
134 154
135 6
135 20
136 51
136 62
136 75
136 82
136 104
136 162
136 183
136 191
137 73
137 78
137 138
137 180
138 51
138 149
138 152
138 200
139 68
140 54
140 55
140 191
140 196
141 7
141 14
141 67
141 100
141 127
141 132
142 23
142 77
143 31
143 47
143 118
144 9
144 42
144 47
144 70
144 83
144 145
144 154
144 180
144 194
145 28
145 146
145 172
146 79
146 136
146 161
147 16
147 61
147 112
147 133
148 23
148 88
148 103
148 124
148 160
149 31
149 44
149 56
149 108
149 145
149 169
150 104
150 120
151 23
151 37
151 95
151 101
151 114
151 122
151 131
151 185
152 20
152 121
152 134
152 185
152 199
153 10
153 78
153 85
153 92
153 101
153 157
153 170
154 137
154 146
154 183
155 41
155 53
155 104
155 141
155 151
155 162
155 174
155 178
156 59
156 101
156 154
157 2
157 30
157 70
157 91
157 100
157 114
157 133
157 194
158 109
158 163
159 71
159 81
159 161
160 49
160 118
160 159
160 195
160 200
161 15
161 130
161 164
161 175
162 69
162 81
162 96
162 141
163 76
163 180
164 10
164 66
164 142
164 147
165 51
165 126
165 135
165 177
165 180
166 29
166 56
166 159
166 172
166 192
167 45
167 47
167 59
167 97
167 116
168 39
168 93
169 57
169 116
170 33
170 99
171 22
171 62
171 135
172 23
172 41
172 52
172 193
173 16
174 23
174 33
174 169
175 1
175 81
175 100
175 183
176 38
176 122
176 134
176 167
177 40
177 65
177 91
178 106
178 151
178 191
179 37
179 51
179 172
179 184
180 77
180 148
181 61
182 126
184 12
184 15
184 113
184 141
184 197
185 164
185 184
186 15
186 28
186 64
187 15
187 30
187 139
188 167
189 96
189 107
189 161
189 169
189 170
190 2
190 54
190 63
190 71
190 115
190 141
191 91
191 118
192 127
192 135
192 138
192 174
192 175
193 23
193 85
193 155
193 160
194 15
194 43
194 165
195 47
195 94
195 158
195 159
196 54
196 158
196 167
196 195
197 86
197 125
197 148
197 179
198 70
198 94
198 151
199 43
199 63
200 11
200 152
200 171
200 194

