250 1000
34 56 98 71 113 69 85 51 25 87 40 117 95 26 70 48 96 64 81 74 63 90 54 66 49 114 96 79 101 62 81 51 22 106 62 36 26 107 108 105 45 26 44 68 67 109 105 26 53 46 64 40 74 70 81 114 103 104 43 118 104 72 49 114 90 94 76 106 51 48 120 105 35 20 70 107 112 95 25 119 88 39 28 25 52 74 29 67 31 30 21 55 34 52 117 62 62 20 50 73 28 69 97 92 20 54 26 33 28 92 24 101 119 24 41 71 117 119 26 63 37 49 41 48 114 99 65 103 112 102 76 99 52 119 97 110 38 56 60 61 49 21 42 60 52 87 39 64 109 72 92 38 107 27 72 66 99 50 25 29 48 89 51 28 61 117 91 86 40 23 89 107 46 60 74 97 75 73 47 58 90 63 84 113 59 24 50 81 60 87 85 87 81 67 97 42 64 110 30 109 45 30 78 43 56 54 46 111 107 90 100 39 97 93 102 106 69 31 61 96 38 28 34 116 72 22 119 26 118 102 57 50 46 23 72 60 73 78 57 32 109 52 67 50 22 49 80 40 61 110 
1 62
1 76
1 80
1 100
1 118
2 31
2 244
3 28
3 94
3 116
3 124
3 144
3 146
3 227
4 67
4 229
6 61
6 126
6 150
6 151
6 180
6 198
6 207
7 52
7 134
7 150
7 219
8 12
8 148
8 156
8 209
8 224
8 226
8 236
9 68
9 141
9 169
9 179
9 235
9 238
10 40
10 76
11 5
11 17
11 164
11 173
11 201
11 221
11 224
12 78
12 156
12 163
12 216
13 26
13 117
14 68
14 134
15 11
15 12
15 25
15 40
15 53
15 135
15 222
16 45
16 239
16 240
17 60
17 175
18 16
18 105
18 155
18 163
18 177
19 72
19 93
19 179
19 226
20 57
20 92
20 150
20 166
20 187
21 15
21 24
21 141
21 218
21 222
22 32
22 66
22 114
23 42
23 153
24 10
24 99
24 104
24 148
25 1
25 40
25 65
25 97
26 69
26 231
27 34
28 13
28 18
28 45
28 90
28 106
28 110
28 211
28 233
29 2
29 66
29 68
29 85
29 137
29 149
29 157
29 196
29 203
30 29
30 39
30 54
31 99
31 127
31 172
32 99
32 117
32 248
33 68
33 152
33 198
34 19
34 70
34 115
34 217
34 224
34 230
35 21
35 33
35 64
35 91
35 138
36 79
36 211
36 247
37 26
37 146
37 242
37 246
38 27
38 50
38 178
39 40
39 49
39 148
39 164
39 192
39 237
40 94
40 99
40 125
40 160
40 186
40 187
40 191
41 13
41 56
41 166
41 174
41 250
42 124
42 214
43 16
43 48
43 96
43 161
44 49
44 148
44 208
45 140
46 17
46 25
46 107
46 168
46 189
47 17
47 25
47 99
47 137
47 145
48 175
48 230
49 109
49 123
49 143
49 150
50 52
50 84
50 104
50 121
50 133
50 140
50 245
52 46
52 217
53 27
53 70
53 232
54 36
54 85
54 135
54 219
54 235
55 24
55 165
55 184
55 204
55 217
55 246
56 13
56 45
56 71
56 84
56 101
56 114
56 136
57 130
57 200
57 215
58 44
58 100
59 77
59 109
59 131
59 139
59 140
59 224
60 38
60 206
61 63
61 204
61 222
62 38
62 49
62 50
62 53
62 233
63 145
63 161
63 174
63 189
64 114
65 161
65 165
65 173
65 221
66 65
66 174
66 201
66 226
67 173
68 28
68 100
69 29
69 40
69 45
69 64
69 72
69 87
69 201
70 30
70 74
70 227
71 130
71 142
71 153
71 166
71 191
71 199
72 118
72 129
72 136
72 138
72 197
72 217
72 238
72 242
73 64
73 228
73 234
74 32
74 54
74 55
74 88
74 112
74 185
74 226
75 38
75 64
75 99
75 152
75 179
76 11
77 56
77 165
77 200
77 223
78 159
78 185
79 19
79 90
79 98
79 216
79 219
80 44
80 86
80 111
80 210
81 37
81 55
81 68
81 78
81 195
82 176
82 227
83 1
83 23
84 20
84 63
84 65
84 123
84 199
84 246
84 250
85 43
85 141
85 180
85 185
85 191
86 24
86 48
86 56
86 65
86 106
87 56
87 61
87 108
87 199
87 237
88 73
88 147
88 192
88 206
89 117
89 152
89 246
90 22
90 180
91 65
91 247
92 75
92 131
92 134
92 183
92 201
93 49
93 171
94 49
94 52
94 82
94 188
94 216
95 7
95 35
95 143
96 7
96 24
96 42
96 81
96 134
96 161
96 240
97 105
97 162
97 198
97 205
97 218
97 221
98 24
98 63
98 136
98 159
98 189
98 202
98 240
99 85
99 165
100 137
100 182
101 77
102 35
102 64
102 142
102 151
102 250
103 49
103 67
103 242
104 12
105 19
105 35
105 55
105 57
105 149
105 171
105 231
105 242
106 33
106 43
106 126
106 136
106 223
107 113
107 131
107 139
107 198
108 207
108 239
109 22
109 50
109 104
109 236
109 238
109 243
110 15
110 185
111 108
111 130
111 144
111 226
112 6
112 40
112 86
112 156
112 177
112 183
113 97
113 144
113 167
113 195
114 11
114 27
114 33
114 131
114 151
115 248
116 79
116 183
116 186
116 194
117 41
117 115
117 171
118 75
118 82
118 244
119 46
119 152
120 149
121 16
121 163
121 232
122 26
122 67
122 190
122 210
122 236
123 6
123 103
123 109
123 180
124 230
125 81
125 168
125 176
126 12
126 86
126 127
126 161
126 163
126 186
126 203
127 38
127 44
127 53
127 95
127 108
128 212
128 236
129 74
129 96
129 153
129 154
130 128
130 191
132 44
132 45
132 96
132 186
132 200
132 242
133 25
133 121
133 137
133 217
134 73
134 131
134 132
134 142
134 219
135 35
135 196
135 223
136 80
136 158
136 209
136 248
137 92
137 114
137 148
137 203
138 69
138 136
138 158
138 185
138 229
139 117
139 240
140 25
140 153
140 203
140 208
141 160
141 166
141 170
141 176
141 203
141 210
142 13
142 21
142 29
142 141
143 64
143 72
143 193
143 205
143 230
144 6
144 32
144 160
144 181
144 191
144 214
144 232
145 33
145 96
145 123
145 225
146 38
146 43
146 92
146 120
146 142
146 152
146 193
146 202
147 33
147 96
147 246
148 5
148 18
148 26
148 86
148 106
148 141
149 23
149 36
149 152
149 165
149 206
149 229
150 8
150 71
150 130
150 173
151 67
151 107
151 120
151 134
151 216
152 4
152 85
152 239
153 24
153 230
154 7
154 10
154 21
154 42
154 83
154 169
154 198
154 204
154 207
154 239
155 29
155 104
156 47
156 49
156 66
156 101
156 129
156 160
156 170
156 174
157 13
157 204
158 42
158 95
158 163
158 232
159 37
159 244
160 43
160 83
160 90
160 106
160 120
160 164
160 223
161 78
162 215
162 229
163 21
163 197
163 226
163 228
164 22
164 76
164 114
164 162
164 188
164 240
165 17
165 47
165 83
165 91
165 148
165 177
165 198
166 52
166 240
167 18
167 39
167 40
167 72
167 145
167 155
167 196
167 198
167 228
168 10
168 58
168 129
168 169
168 194
168 225
169 81
169 183
170 24
170 68
171 10
171 45
171 56
171 161
171 189
172 22
172 36
172 75
172 173
173 7
173 32
173 115
173 200
173 229
174 28
174 52
174 106
174 182
174 195
174 224
175 26
175 38
175 55
175 86
175 129
175 141
175 157
175 174
175 180
176 69
176 111
176 210
177 12
177 22
177 64
177 171
178 35
178 49
178 53
178 140
178 155
178 163
178 192
178 222
179 135
179 158
179 177
179 216
179 217
180 48
180 179
181 31
181 35
181 48
181 78
181 120
181 154
181 186
182 125
183 146
183 194
184 26
184 76
184 150
184 165
185 9
185 43
185 106
185 134
185 176
185 188
186 69
186 147
186 158
186 179
186 228
187 71
187 210
188 59
188 121
188 219
189 14
189 28
189 69
189 95
189 241
190 58
190 71
191 42
191 64
191 105
191 121
191 164
191 189
192 135
192 150
193 139
193 203
194 222
194 232
195 48
195 52
196 182
197 40
197 154
198 18
198 19
198 214
198 231
199 193
200 82
200 139
200 238
201 31
201 41
201 106
201 210
202 227
203 51
203 101
204 88
204 145
205 51
205 208
206 8
206 121
207 90
207 163
207 217
207 230
208 2
208 13
208 198
209 10
209 36
209 85
209 113
209 115
209 119
209 142
209 167
209 199
209 215
209 237
210 5
210 93
210 105
210 236
211 103
211 113
212 113
212 117
212 217
213 6
213 17
213 74
213 106
214 59
214 133
214 151
214 225
214 234
215 46
215 58
215 80
215 128
215 191
215 227
216 64
216 80
216 121
216 143
217 22
217 32
217 140
217 142
217 196
217 211
217 216
218 130
218 215
219 67
219 144
219 167
220 49
220 55
220 67
220 122
220 235
220 247
221 139
221 185
221 214
221 226
222 43
222 53
222 166
222 239
223 182
223 205
224 7
224 41
224 63
224 78
224 80
224 118
224 203
224 212
224 239
225 73
225 124
225 150
225 169
226 31
226 33
226 51
226 54
226 97
226 133
226 173
226 195
227 152
227 181
227 242
228 68
228 83
228 194
228 202
229 26
229 129
229 140
229 143
229 161
229 206
230 26
230 118
230 150
230 172
230 186
230 187
231 43
231 182
232 1
232 31
232 56
232 60
232 99
232 109
232 187
232 192
233 68
233 125
233 199
233 227
234 61
234 189
234 203
234 232
235 62
235 179
236 73
236 228
236 247
237 8
237 30
237 84
237 122
237 144
237 171
237 198
237 206
238 1
238 22
238 34
238 43
238 79
238 217
238 225
238 232
239 34
239 64
239 238
239 241
240 137
240 177
240 187
240 191
241 10
241 32
241 156
241 212
242 29
242 64
242 177
242 182
243 48
244 107
244 115
245 81
245 221
246 2
246 49
246 182
247 153
247 245
248 6
248 57
248 110
248 167
248 184
248 206
249 10
249 44
249 154
249 202
250 49
250 139

