150 750
100 23 90 111 60 99 70 36 78 78 108 26 120 112 24 94 45 61 26 75 86 72 99 48 95 57 57 57 111 56 120 55 102 38 62 105 26 118 44 53 53 21 26 27 111 75 33 91 62 49 36 98 104 21 74 96 59 52 32 31 116 20 31 109 118 57 32 54 69 112 99 78 86 49 62 53 99 110 119 64 102 65 31 116 65 42 107 88 30 90 54 62 38 69 77 47 21 22 45 95 61 114 78 120 109 91 57 76 82 78 51 109 62 38 36 58 118 85 111 117 69 106 93 98 86 21 85 71 89 20 98 45 79 82 114 106 86 88 88 116 20 66 65 86 49 93 114 64 50 94 
1 12
1 25
1 27
1 30
1 94
2 27
2 42
2 52
2 54
2 95
2 102
3 17
3 29
3 51
3 102
4 13
4 60
4 84
4 86
4 119
4 132
5 8
5 36
5 46
5 69
5 141
6 24
6 32
6 100
6 105
7 43
7 53
7 60
7 101
8 40
8 66
8 108
8 141
8 142
9 12
10 75
10 90
10 95
10 121
10 130
10 150
11 1
11 4
11 16
11 20
11 34
11 82
11 95
11 144
11 150
12 6
12 15
12 16
12 25
12 45
12 63
12 100
13 20
13 79
14 37
14 49
14 56
14 113
15 7
15 40
15 77
15 100
15 122
15 131
15 139
16 26
16 56
16 81
16 142
17 21
17 48
17 54
17 56
17 77
17 98
17 119
17 127
17 146
18 3
18 49
18 53
18 55
18 86
18 139
19 1
19 3
19 59
20 10
20 16
20 41
20 102
20 128
20 142
21 8
21 19
21 24
21 55
21 121
22 31
22 83
22 91
22 119
22 128
22 131
23 105
23 108
23 146
24 31
25 20
25 22
25 35
25 93
25 102
25 106
25 107
25 116
25 132
26 35
26 138
26 139
27 22
27 102
27 119
28 7
28 69
28 71
28 78
28 83
28 123
28 129
28 134
29 43
29 45
29 64
29 83
29 87
29 130
30 4
30 59
30 71
31 58
31 76
31 84
31 87
31 90
31 131
32 38
32 48
32 57
32 107
32 125
32 142
33 10
33 29
33 72
33 74
33 104
33 122
33 128
33 139
34 31
34 71
34 91
34 146
34 147
35 18
35 20
35 29
35 38
35 68
35 96
35 111
35 128
36 24
36 38
36 57
36 66
36 102
36 119
37 31
37 69
37 74
38 11
38 33
38 95
38 103
38 118
38 132
38 135
40 1
40 47
40 56
40 63
40 134
41 32
41 47
41 48
41 66
41 98
41 123
42 3
42 19
42 43
42 48
42 52
42 80
42 128
42 129
43 13
43 36
43 75
43 79
43 82
43 116
43 143
44 15
44 76
44 92
45 25
45 72
45 90
45 126
45 142
46 8
46 14
46 31
46 58
46 66
46 89
46 116
46 134
46 143
47 20
47 59
47 64
47 120
48 68
48 72
48 123
49 43
49 74
49 90
49 98
49 130
49 145
50 4
50 31
50 91
50 123
50 132
51 43
51 45
51 122
52 23
52 47
52 50
52 53
52 55
52 69
52 80
52 104
52 107
52 141
53 13
53 50
53 130
53 131
53 141
54 74
54 86
54 88
54 93
54 108
54 111
55 32
55 138
56 15
56 74
56 98
56 116
56 145
57 2
57 13
57 51
57 131
57 149
58 23
58 28
58 34
58 39
58 52
58 81
58 86
58 109
58 127
59 6
59 38
59 40
59 54
59 57
59 69
59 93
59 120
60 42
60 54
60 117
60 140
61 28
61 67
61 74
61 98
61 121
61 138
62 39
62 87
62 94
62 104
62 140
63 30
63 52
63 88
63 93
63 104
63 109
64 15
64 57
64 94
64 117
64 127
65 4
65 10
65 27
65 48
65 52
65 92
65 100
65 123
65 130
65 149
66 28
66 52
66 90
66 95
67 55
67 119
67 136
68 9
68 114
68 115
69 49
69 92
69 94
69 110
69 113
70 30
70 37
70 48
70 65
70 117
70 147
71 44
71 65
71 97
71 142
71 147
72 55
72 78
72 79
72 120
72 123
73 36
73 62
73 112
73 147
74 23
74 40
74 101
74 116
74 134
75 5
75 18
75 86
75 99
76 27
76 74
76 96
76 122
77 47
77 64
77 68
77 71
77 119
77 121
77 127
77 131
78 16
78 57
78 97
78 103
78 122
78 127
79 35
79 37
79 57
79 60
79 74
79 130
80 49
80 77
80 103
80 132
81 11
81 49
81 52
81 59
81 77
81 109
82 38
82 64
82 69
82 101
82 131
83 8
83 24
83 34
83 40
83 54
83 90
83 91
83 96
83 97
84 19
84 34
84 53
84 76
85 2
85 3
85 66
85 78
86 57
86 80
86 128
87 23
87 27
87 98
87 123
87 129
88 17
88 68
88 85
88 113
88 122
89 23
89 52
89 61
89 64
89 65
89 83
89 100
89 126
89 135
90 37
90 67
90 70
90 74
90 76
90 109
90 122
91 21
91 66
91 69
92 101
93 26
93 82
93 110
93 121
93 139
94 44
94 61
94 68
94 91
94 119
94 121
95 5
95 106
95 127
96 6
96 20
96 121
96 137
96 138
96 144
96 150
97 85
97 88
98 27
98 68
98 72
98 75
98 126
98 143
99 94
99 139
100 25
100 53
100 68
100 76
100 148
101 111
101 130
101 139
102 1
102 10
102 13
102 22
102 50
103 10
103 51
103 115
103 123
104 8
104 11
104 65
104 83
104 97
104 110
105 16
105 17
105 43
105 71
105 79
105 80
105 129
106 18
106 107
106 137
106 146
107 35
107 54
107 57
107 78
107 112
107 139
108 11
108 17
108 73
108 125
108 127
108 137
109 27
109 69
109 149
110 60
110 106
110 107
110 131
111 18
111 34
111 40
111 82
111 88
111 139
111 147
112 26
112 40
112 64
112 83
113 45
113 70
113 94
113 97
113 145
114 11
114 62
114 145
115 20
115 29
115 61
115 67
115 80
115 107
115 131
115 150
116 9
116 41
116 63
116 114
116 148
117 5
117 26
117 52
117 65
117 90
118 61
118 65
118 71
118 92
118 137
119 7
119 30
119 107
119 139
120 23
120 48
120 68
120 84
120 102
120 110
120 121
121 44
121 99
121 144
122 59
122 67
122 73
122 143
123 7
123 12
123 17
123 51
123 94
123 125
124 3
124 4
124 5
124 16
124 17
124 51
124 54
124 91
124 102
125 3
125 118
126 23
126 58
127 15
127 53
127 72
127 87
128 24
128 62
128 93
128 111
129 74
129 110
129 125
130 4
130 27
130 92
130 134
130 145
131 69
131 111
131 117
131 129
132 70
132 88
132 92
132 97
132 118
132 124
132 134
133 36
133 99
133 100
133 119
133 131
134 80
134 129
135 66
135 76
135 78
135 86
135 123
135 137
136 7
136 42
136 63
136 68
136 77
136 110
136 114
137 4
137 8
137 17
137 19
137 23
137 64
138 131
138 146
139 9
139 19
139 31
139 69
139 118
139 122
140 5
140 15
140 35
140 58
140 123
141 74
141 107
141 140
142 13
142 72
142 76
142 134
142 145
143 28
143 29
143 57
143 95
143 138
144 18
144 47
144 57
144 58
144 110
144 113
144 141
145 27
145 54
145 139
146 116
146 148
147 36
147 65
148 42
148 84
149 7
149 19
149 66
149 116
149 120
150 21
150 26
150 44
150 85
150 124

