250 5000
21 79 38 95 57 65 81 24 58 87 93 99 44 47 86 76 69 20 119 71 67 91 109 103 78 29 58 25 100 28 85 47 39 29 108 108 76 103 102 78 33 66 77 23 93 44 97 43 84 30 73 94 99 66 116 33 34 113 41 26 103 62 115 59 65 91 76 34 50 57 21 119 100 118 26 44 49 93 85 92 63 107 52 97 76 29 21 24 26 77 65 96 79 23 113 39 52 100 43 92 91 69 42 32 48 57 115 99 44 85 61 57 120 25 50 34 39 65 26 30 96 41 71 57 25 106 36 71 109 112 93 87 47 66 102 25 47 114 25 72 113 25 109 75 81 22 88 71 54 73 95 34 56 23 36 38 68 108 113 36 62 83 113 38 103 38 94 35 113 21 101 119 85 102 61 105 79 86 53 39 85 109 28 100 73 89 81 120 118 68 36 20 85 41 51 68 95 75 118 48 103 81 98 34 111 109 72 37 84 74 26 114 30 98 94 28 85 36 68 93 87 79 45 109 44 107 104 27 52 114 48 99 82 115 77 59 117 107 100 67 98 33 67 60 109 41 91 36 48 95 
1 28
1 40
1 42
1 59
1 63
1 71
1 102
1 105
1 132
1 139
1 152
1 163
1 169
1 187
1 234
1 241
2 5
2 12
2 15
2 16
2 17
2 39
2 44
2 46
2 62
2 79
2 92
2 93
2 97
2 105
2 127
2 141
2 173
2 185
2 187
2 199
2 219
2 221
2 235
2 239
2 246
3 5
3 21
3 34
3 35
3 43
3 55
3 65
3 68
3 74
3 77
3 82
3 92
3 108
3 131
3 146
3 148
3 149
3 154
3 163
3 196
3 197
3 205
3 210
3 232
4 3
4 8
4 16
4 17
4 31
4 60
4 70
4 74
4 83
4 98
4 121
4 129
4 133
4 180
4 199
4 212
4 225
4 236
4 237
4 240
4 244
5 29
5 52
5 96
5 107
5 138
5 140
5 143
5 148
5 168
5 178
5 194
5 195
5 207
5 242
5 247
6 12
6 37
6 40
6 55
6 63
6 74
6 79
6 93
6 100
6 107
6 130
6 141
6 146
6 152
6 180
6 181
6 212
6 227
6 248
7 3
7 26
7 30
7 49
7 57
7 59
7 70
7 102
7 104
7 129
7 130
7 136
7 144
7 153
7 161
7 197
7 213
7 250
8 1
8 7
8 20
8 21
8 29
8 30
8 51
8 60
8 102
8 110
8 121
8 134
8 140
8 141
8 185
8 187
8 194
8 213
8 245
8 250
9 6
9 25
9 49
9 65
9 70
9 100
9 106
9 115
9 118
9 149
9 157
9 162
9 168
9 170
9 184
9 190
9 193
9 199
9 206
9 222
9 242
9 247
10 3
10 4
10 22
10 57
10 64
10 85
10 125
10 137
10 140
10 143
10 145
10 160
10 171
10 206
10 208
10 209
10 212
11 3
11 6
11 30
11 35
11 41
11 43
11 67
11 80
11 83
11 84
11 118
11 128
11 136
11 186
11 190
11 204
11 211
11 217
11 220
11 228
11 236
11 239
12 1
12 23
12 27
12 28
12 47
12 62
12 90
12 100
12 147
12 157
12 179
12 184
12 203
12 232
12 237
13 70
13 94
13 97
13 111
13 135
13 136
13 147
13 156
13 159
13 161
13 166
13 172
13 176
13 180
13 185
13 203
13 213
13 227
13 235
13 248
14 15
14 32
14 45
14 54
14 70
14 73
14 76
14 96
14 105
14 112
14 117
14 131
14 138
14 147
14 151
14 160
14 182
14 187
14 219
14 235
14 238
14 239
15 16
15 19
15 31
15 46
15 63
15 76
15 78
15 81
15 91
15 102
15 111
15 149
15 151
15 153
15 156
15 168
15 173
15 177
15 178
15 181
15 182
15 185
15 187
15 189
15 190
15 191
15 193
15 214
15 219
15 220
15 222
15 232
15 238
15 247
16 30
16 43
16 45
16 78
16 95
16 100
16 114
16 145
16 180
16 188
16 201
16 217
16 230
16 237
16 242
17 14
17 19
17 25
17 32
17 63
17 76
17 89
17 97
17 105
17 109
17 111
17 132
17 143
17 168
17 178
17 207
17 217
17 218
17 242
17 244
17 248
18 1
18 5
18 22
18 39
18 60
18 67
18 70
18 80
18 85
18 120
18 174
18 192
18 208
18 212
18 218
18 225
19 4
19 27
19 33
19 67
19 68
19 76
19 86
19 101
19 102
19 123
19 130
19 131
19 136
19 149
19 153
19 165
19 189
19 208
19 213
19 214
19 222
19 234
20 9
20 11
20 13
20 23
20 28
20 39
20 51
20 61
20 62
20 68
20 79
20 97
20 108
20 141
20 146
20 166
20 175
20 180
20 184
20 215
20 226
20 249
21 18
21 20
21 27
21 28
21 44
21 53
21 77
21 100
21 101
21 114
21 125
21 163
21 168
21 187
21 198
21 201
21 202
21 203
21 213
21 214
21 224
21 232
21 238
21 243
22 4
22 15
22 16
22 20
22 51
22 74
22 98
22 101
22 104
22 133
22 138
22 143
22 144
22 148
22 150
22 162
22 172
22 175
22 178
22 179
22 182
22 196
22 201
22 204
22 212
22 248
23 19
23 24
23 38
23 45
23 73
23 74
23 118
23 122
23 126
23 155
23 159
23 193
23 196
23 233
23 248
23 249
24 19
24 59
24 78
24 84
24 116
24 126
24 154
24 165
24 175
24 183
24 184
24 195
24 196
24 206
24 210
24 226
24 229
24 250
25 5
25 26
25 47
25 68
25 78
25 92
25 99
25 119
25 128
25 130
25 166
25 184
25 185
25 192
25 207
25 228
25 230
25 232
25 245
26 6
26 8
26 23
26 27
26 31
26 40
26 45
26 59
26 71
26 78
26 80
26 148
26 181
26 190
26 218
26 225
26 233
26 242
27 10
27 28
27 37
27 39
27 62
27 78
27 85
27 88
27 102
27 109
27 133
27 139
27 140
27 159
27 167
27 180
27 202
27 225
27 242
27 243
28 7
28 9
28 33
28 36
28 38
28 40
28 43
28 57
28 60
28 96
28 176
28 207
28 210
28 216
28 217
28 230
28 235
28 236
29 16
29 37
29 40
29 47
29 63
29 65
29 83
29 95
29 109
29 112
29 113
29 127
29 135
29 147
29 176
29 179
29 181
29 188
29 211
29 217
29 227
29 231
30 38
30 39
30 73
30 77
30 82
30 92
30 116
30 126
30 131
30 173
30 178
30 179
30 203
30 204
30 219
30 226
30 236
30 237
30 242
31 6
31 30
31 69
31 86
31 93
31 94
31 109
31 132
31 138
31 159
31 192
31 208
31 221
31 234
31 243
31 250
32 1
32 15
32 19
32 22
32 38
32 44
32 47
32 59
32 102
32 125
32 129
32 130
32 133
32 136
32 137
32 141
32 144
32 172
32 179
32 186
32 209
32 229
32 237
32 243
33 22
33 23
33 47
33 48
33 52
33 61
33 82
33 83
33 128
33 130
33 133
33 144
33 149
33 158
33 180
33 181
33 188
33 193
33 207
33 214
34 21
34 28
34 38
34 40
34 79
34 83
34 87
34 119
34 134
34 169
34 187
34 193
34 208
34 213
34 216
34 250
35 9
35 10
35 13
35 24
35 36
35 47
35 61
35 84
35 100
35 139
35 156
35 157
35 165
35 167
35 171
35 196
35 227
35 237
36 12
36 41
36 45
36 88
36 91
36 94
36 107
36 108
36 135
36 137
36 139
36 140
36 143
36 167
36 182
36 186
36 201
36 210
36 239
36 246
37 9
37 14
37 25
37 41
37 52
37 54
37 71
37 80
37 89
37 105
37 110
37 140
37 141
37 166
37 174
37 185
37 196
37 223
37 228
37 231
37 236
37 240
37 244
38 10
38 13
38 31
38 81
38 82
38 99
38 101
38 105
38 107
38 150
38 160
38 229
39 8
39 22
39 31
39 33
39 38
39 43
39 49
39 56
39 61
39 73
39 97
39 119
39 137
39 148
39 150
39 153
39 160
39 171
39 175
39 178
39 186
39 229
40 3
40 16
40 23
40 24
40 53
40 63
40 66
40 81
40 93
40 129
40 139
40 143
40 144
40 149
40 151
40 188
40 228
41 6
41 78
41 82
41 93
41 103
41 148
41 152
41 155
41 182
41 197
41 200
41 211
41 220
41 231
41 236
41 241
42 7
42 18
42 53
42 55
42 69
42 76
42 81
42 107
42 110
42 123
42 132
42 140
42 147
42 165
42 198
42 206
42 214
42 219
42 223
43 8
43 9
43 25
43 29
43 34
43 40
43 41
43 46
43 61
43 62
43 63
43 82
43 90
43 94
43 127
43 130
43 132
43 153
43 172
43 180
43 201
43 203
43 210
43 231
43 238
44 17
44 34
44 41
44 42
44 54
44 66
44 74
44 89
44 91
44 107
44 111
44 129
44 134
44 136
44 140
44 143
44 144
44 159
44 179
44 190
44 205
44 210
44 214
44 220
44 232
44 237
44 247
45 27
45 77
45 99
45 126
45 140
45 141
45 142
45 146
45 163
45 169
45 175
45 189
45 237
46 10
46 13
46 29
46 67
46 80
46 99
46 102
46 157
46 169
46 182
46 213
46 215
46 217
46 218
46 222
46 232
46 242
46 245
47 8
47 21
47 38
47 49
47 58
47 63
47 137
47 175
47 183
47 191
47 195
47 210
47 219
48 19
48 21
48 27
48 29
48 59
48 63
48 76
48 85
48 114
48 117
48 119
48 124
48 134
48 140
48 141
48 143
48 157
48 167
48 170
48 187
48 191
48 196
48 216
48 220
48 229
48 230
48 232
48 238
48 248
49 14
49 29
49 35
49 75
49 77
49 83
49 89
49 129
49 132
49 139
49 155
50 4
50 5
50 9
50 11
50 20
50 25
50 41
50 44
50 47
50 48
50 69
50 71
50 77
50 115
50 162
50 176
50 208
50 209
50 224
50 225
50 230
50 236
51 27
51 29
51 30
51 109
51 111
51 112
51 116
51 127
51 150
51 165
51 166
51 174
51 188
51 189
51 191
51 216
51 220
51 230
51 234
51 239
52 12
52 19
52 42
52 88
52 94
52 98
52 107
52 113
52 115
52 121
52 155
52 164
52 222
53 15
53 27
53 82
53 87
53 91
53 94
53 97
53 109
53 117
53 152
53 159
53 162
53 178
53 180
53 188
53 194
53 209
53 241
54 4
54 19
54 36
54 64
54 88
54 89
54 116
54 127
54 144
54 158
54 161
54 169
54 205
54 217
54 230
54 234
54 241
54 247
55 8
55 18
55 30
55 32
55 45
55 50
55 63
55 70
55 71
55 73
55 75
55 83
55 97
55 116
55 124
55 144
55 156
55 160
55 187
55 207
55 208
55 220
55 225
55 238
55 240
56 54
56 62
56 100
56 127
56 141
56 149
56 153
56 156
56 158
57 12
57 19
57 25
57 35
57 46
57 49
57 91
57 107
57 112
57 133
57 146
57 157
57 176
57 185
57 191
57 218
57 224
57 235
57 237
58 1
58 27
58 32
58 34
58 56
58 90
58 94
58 95
58 106
58 114
58 120
58 149
58 160
58 165
58 170
58 185
58 200
58 208
58 226
58 237
58 246
59 19
59 34
59 39
59 68
59 89
59 90
59 117
59 118
59 171
59 172
59 174
59 190
59 194
59 213
59 232
59 236
60 3
60 21
60 34
60 37
60 44
60 53
60 61
60 79
60 98
60 117
60 119
60 132
60 138
60 143
60 146
60 162
60 171
60 182
60 186
60 229
61 7
61 57
61 71
61 79
61 89
61 92
61 100
61 101
61 151
61 158
61 222
61 224
61 238
61 248
62 14
62 31
62 37
62 39
62 40
62 44
62 73
62 74
62 87
62 100
62 111
62 132
62 134
62 154
62 155
62 163
62 168
62 187
62 212
62 218
62 241
63 3
63 20
63 49
63 51
63 56
63 82
63 108
63 123
63 137
63 141
63 145
63 160
63 179
63 181
63 198
63 217
63 220
63 233
63 240
64 17
64 32
64 57
64 69
64 90
64 94
64 97
64 100
64 108
64 130
64 148
64 153
64 164
64 168
64 174
64 179
64 183
64 209
64 218
65 1
65 2
65 18
65 32
65 69
65 98
65 107
65 109
65 112
65 117
65 118
65 142
65 146
65 148
65 155
65 167
65 187
65 195
65 207
65 237
65 240
66 3
66 15
66 27
66 29
66 41
66 76
66 84
66 91
66 93
66 109
66 131
66 142
66 143
66 182
66 207
66 236
66 244
67 8
67 30
67 31
67 41
67 55
67 77
67 93
67 98
67 127
67 129
67 237
67 242
67 247
68 7
68 21
68 37
68 40
68 44
68 58
68 67
68 86
68 96
68 98
68 102
68 148
68 150
68 172
68 174
68 175
68 190
68 219
68 224
68 230
68 232
69 14
69 32
69 35
69 40
69 73
69 79
69 82
69 85
69 101
69 145
69 151
69 161
69 175
69 177
69 191
69 196
69 209
69 232
69 237
69 241
69 242
69 249
70 3
70 42
70 45
70 49
70 52
70 62
70 76
70 78
70 105
70 117
70 132
70 144
70 145
70 146
70 164
70 192
70 222
70 223
70 234
71 11
71 20
71 42
71 47
71 54
71 62
71 72
71 75
71 100
71 123
71 134
71 143
71 155
71 172
71 190
71 211
71 250
72 17
72 19
72 28
72 30
72 78
72 81
72 84
72 87
72 91
72 97
72 105
72 106
72 107
72 115
72 134
72 177
72 178
72 183
72 207
72 232
72 249
73 4
73 15
73 25
73 33
73 37
73 42
73 48
73 50
73 56
73 63
73 94
73 100
73 104
73 111
73 123
73 126
73 137
73 140
73 169
73 177
73 179
73 182
73 192
73 196
73 215
73 227
73 228
73 233
73 249
74 27
74 49
74 67
74 70
74 76
74 77
74 95
74 114
74 126
74 127
74 132
74 162
74 169
74 172
74 174
74 197
74 217
74 241
74 243
74 247
75 7
75 8
75 27
75 29
75 59
75 70
75 90
75 94
75 102
75 109
75 123
75 136
75 137
75 138
75 142
75 148
75 160
75 168
75 192
75 199
75 209
75 223
75 233
76 8
76 23
76 24
76 51
76 64
76 99
76 125
76 135
76 139
76 143
76 144
76 158
76 186
76 188
76 207
76 210
76 216
76 242
76 245
76 247
76 250
77 8
77 11
77 17
77 32
77 51
77 93
77 112
77 124
77 126
77 140
77 152
77 196
77 198
77 214
77 225
77 226
77 233
77 244
77 247
78 23
78 44
78 45
78 60
78 89
78 102
78 104
78 109
78 112
78 120
78 164
78 170
78 182
78 183
78 187
78 192
78 205
78 215
78 217
78 222
79 12
79 14
79 40
79 52
79 77
79 84
79 102
79 106
79 119
79 146
79 148
79 171
79 178
79 193
79 195
79 198
79 204
79 205
79 223
79 226
79 235
80 7
80 15
80 23
80 33
80 44
80 50
80 56
80 68
80 93
80 106
80 110
80 111
80 117
80 124
80 136
80 153
80 158
80 159
80 160
80 181
80 202
80 210
80 218
80 223
80 241
81 5
81 17
81 20
81 33
81 34
81 60
81 69
81 75
81 79
81 89
81 112
81 129
81 134
81 144
81 150
81 153
81 176
81 189
81 208
81 212
81 245
82 14
82 45
82 62
82 64
82 74
82 79
82 103
82 170
82 183
82 204
82 205
83 2
83 22
83 41
83 56
83 60
83 67
83 68
83 69
83 108
83 111
83 119
83 143
83 151
83 165
83 175
83 191
83 195
83 199
83 224
84 3
84 15
84 29
84 32
84 37
84 56
84 58
84 67
84 83
84 86
84 102
84 117
84 126
84 132
84 141
84 156
84 188
84 191
84 200
84 203
84 235
84 236
85 29
85 30
85 37
85 50
85 64
85 88
85 90
85 99
85 114
85 118
85 132
85 134
85 139
85 160
85 162
85 174
85 178
85 179
85 207
85 226
85 237
85 238
85 246
85 247
86 21
86 26
86 29
86 59
86 97
86 127
86 133
86 149
86 163
86 172
86 175
86 179
86 190
86 191
86 216
86 222
86 229
86 234
86 243
87 1
87 11
87 14
87 38
87 68
87 79
87 113
87 119
87 157
87 162
87 171
87 175
87 178
87 195
87 206
87 210
87 212
87 215
87 222
87 224
87 238
87 239
87 245
87 246
88 14
88 24
88 25
88 28
88 38
88 51
88 90
88 115
88 128
88 139
88 150
88 174
88 180
88 190
88 191
88 196
88 200
88 204
88 210
88 226
88 227
88 245
88 248
89 18
89 32
89 35
89 84
89 91
89 116
89 125
89 154
89 160
89 165
89 168
89 183
89 206
90 6
90 16
90 19
90 22
90 48
90 73
90 81
90 86
90 94
90 110
90 111
90 137
90 148
90 154
90 158
90 168
90 205
90 210
90 212
90 214
90 225
90 236
91 9
91 23
91 49
91 62
91 71
91 97
91 110
91 127
91 143
91 154
91 205
91 206
91 212
91 233
92 4
92 7
92 11
92 12
92 26
92 31
92 52
92 58
92 62
92 71
92 83
92 124
92 140
92 178
92 189
92 250
93 9
93 39
93 83
93 88
93 89
93 95
93 107
93 109
93 113
93 129
93 145
93 166
93 177
93 199
93 204
93 207
93 215
93 218
93 226
93 237
93 245
93 246
93 247
94 15
94 50
94 72
94 78
94 92
94 98
94 102
94 117
94 118
94 158
94 174
94 189
94 199
94 200
94 236
94 250
95 5
95 31
95 71
95 81
95 83
95 119
95 127
95 140
95 168
95 170
95 196
95 214
95 226
95 234
95 247
95 248
95 250
96 6
96 36
96 38
96 62
96 65
96 79
96 80
96 111
96 115
96 122
96 125
96 131
96 158
96 166
96 169
96 177
96 179
96 190
96 204
96 217
96 245
97 32
97 36
97 50
97 56
97 68
97 77
97 81
97 82
97 102
97 107
97 115
97 123
97 125
97 148
97 195
97 206
97 239
97 245
98 13
98 38
98 71
98 72
98 80
98 88
98 108
98 112
98 131
98 133
98 137
98 138
98 141
98 149
98 179
98 193
98 207
98 215
98 217
98 226
99 8
99 9
99 14
99 26
99 37
99 48
99 50
99 75
99 88
99 93
99 118
99 119
99 137
99 138
99 139
99 142
99 151
99 158
99 189
99 202
99 207
99 225
99 229
100 10
100 18
100 26
100 27
100 28
100 36
100 81
100 89
100 93
100 95
100 146
100 153
100 155
100 160
100 178
100 182
100 184
100 191
100 201
100 206
100 209
100 234
100 243
100 249
101 8
101 23
101 33
101 37
101 80
101 85
101 123
101 130
101 133
101 160
101 177
101 191
101 204
101 215
101 219
101 227
101 235
102 5
102 21
102 29
102 49
102 51
102 53
102 60
102 62
102 74
102 85
102 101
102 117
102 134
102 142
102 145
102 162
102 175
102 188
102 202
102 208
102 210
102 230
103 6
103 15
103 36
103 48
103 52
103 63
103 71
103 88
103 100
103 117
103 122
103 127
103 133
103 138
103 166
103 189
103 206
103 233
103 239
104 13
104 17
104 26
104 59
104 72
104 75
104 77
104 114
104 137
104 140
104 142
104 160
104 162
104 168
104 188
104 196
104 214
104 231
104 235
104 246
105 11
105 29
105 36
105 41
105 42
105 58
105 69
105 83
105 85
105 93
105 106
105 107
105 116
105 121
105 129
105 138
105 159
105 168
105 171
105 184
105 186
105 190
105 208
105 211
105 218
106 19
106 20
106 26
106 28
106 47
106 63
106 110
106 113
106 121
106 124
106 134
106 171
106 172
106 177
106 193
106 196
106 201
106 217
106 220
106 231
106 236
106 237
106 239
106 244
107 26
107 41
107 90
107 106
107 116
107 123
107 156
107 197
107 208
107 210
107 212
107 217
107 220
107 228
107 236
107 250
108 38
108 44
108 49
108 53
108 74
108 85
108 97
108 101
108 107
108 124
108 134
108 157
108 158
108 160
108 162
108 173
108 174
108 183
108 201
108 211
108 233
108 238
109 5
109 25
109 35
109 36
109 39
109 44
109 45
109 64
109 80
109 81
109 101
109 113
109 120
109 125
109 129
109 146
109 152
109 166
109 171
109 197
109 205
109 247
110 5
110 11
110 12
110 67
110 84
110 101
110 111
110 164
110 196
110 198
110 201
110 202
110 219
110 222
110 225
110 230
110 244
110 248
111 5
111 14
111 16
111 38
111 47
111 53
111 74
111 75
111 98
111 100
111 127
111 132
111 133
111 182
111 197
111 207
111 218
111 229
111 233
111 250
112 10
112 13
112 15
112 18
112 19
112 35
112 41
112 53
112 54
112 61
112 62
112 79
112 110
112 135
112 154
112 164
112 202
112 211
112 226
112 237
112 239
113 10
113 11
113 17
113 25
113 28
113 38
113 51
113 53
113 79
113 95
113 97
113 110
113 118
113 123
113 128
113 140
113 141
113 149
113 177
113 186
113 210
113 215
113 243
114 4
114 69
114 81
114 118
114 154
114 157
114 171
114 183
114 212
114 216
114 225
114 229
114 239
114 248
114 250
115 3
115 20
115 26
115 41
115 54
115 67
115 68
115 100
115 104
115 121
115 127
115 151
115 156
115 182
115 199
115 203
115 214
115 234
116 7
116 18
116 40
116 42
116 46
116 49
116 73
116 108
116 114
116 118
116 133
116 136
116 164
116 171
116 177
116 189
116 191
116 207
116 218
116 249
117 3
117 8
117 25
117 26
117 30
117 35
117 40
117 58
117 62
117 63
117 73
117 76
117 82
117 85
117 93
117 97
117 111
117 126
117 139
117 152
117 154
117 168
117 174
117 175
117 210
117 214
117 220
117 222
117 231
117 233
118 3
118 4
118 5
118 7
118 37
118 46
118 74
118 77
118 119
118 139
118 153
118 219
118 220
118 230
119 14
119 44
119 51
119 57
119 117
119 120
119 121
119 133
119 150
119 165
119 166
119 186
119 192
119 239
120 24
120 25
120 30
120 33
120 35
120 40
120 43
120 45
120 48
120 64
120 65
120 80
120 114
120 129
120 134
120 158
120 167
120 192
120 197
120 199
120 201
120 219
121 5
121 7
121 76
121 96
121 110
121 114
121 118
121 140
121 146
121 175
121 195
121 197
121 199
121 200
121 203
121 232
122 13
122 18
122 20
122 33
122 37
122 38
122 72
122 117
122 119
122 124
122 129
122 131
122 141
122 154
122 160
122 163
122 182
122 207
122 230
122 249
123 8
123 14
123 23
123 29
123 45
123 57
123 59
123 60
123 70
123 79
123 83
123 84
123 91
123 102
123 114
123 116
123 141
123 145
123 155
123 158
123 171
123 173
123 181
123 204
123 217
123 233
123 246
124 2
124 3
124 4
124 5
124 9
124 18
124 33
124 35
124 53
124 68
124 87
124 90
124 91
124 93
124 94
124 100
124 109
124 128
124 136
124 137
124 159
124 170
124 171
124 176
124 196
124 197
124 203
124 211
124 216
124 228
124 243
125 26
125 36
125 45
125 54
125 65
125 70
125 78
125 95
125 104
125 112
125 113
125 138
125 165
125 169
125 179
125 180
125 181
125 183
125 185
125 186
125 192
125 196
125 200
125 203
125 228
126 12
126 46
126 53
126 63
126 68
126 82
126 91
126 94
126 147
126 150
126 158
126 160
126 171
126 187
126 221
126 242
127 9
127 22
127 33
127 57
127 65
127 75
127 89
127 112
127 113
127 122
127 140
127 150
127 162
127 163
127 184
127 186
127 207
127 214
127 230
127 248
128 13
128 20
128 50
128 64
128 67
128 87
128 110
128 116
128 125
128 134
128 138
128 165
128 167
128 175
128 186
128 191
128 194
128 216
128 230
128 231
128 232
128 240
128 248
129 12
129 16
129 22
129 24
129 28
129 52
129 55
129 56
129 70
129 77
129 114
129 118
129 121
129 125
129 145
129 147
129 167
129 205
129 208
129 210
129 225
129 228
129 249
130 11
130 14
130 15
130 18
130 36
130 63
130 77
130 79
130 83
130 85
130 98
130 104
130 128
130 165
130 181
130 185
130 196
130 208
130 235
130 237
130 245
131 2
131 24
131 39
131 44
131 48
131 62
131 87
131 114
131 139
131 141
131 160
131 177
131 184
131 190
131 192
131 212
131 215
131 220
131 221
131 235
131 240
131 246
132 24
132 35
132 44
132 57
132 90
132 117
132 133
132 134
132 135
132 144
132 152
132 196
132 220
132 246
133 9
133 10
133 17
133 24
133 65
133 97
133 100
133 117
133 134
133 137
133 157
133 168
133 176
133 188
133 207
133 211
133 238
133 246
133 248
134 17
134 51
134 66
134 88
134 131
134 153
134 165
134 193
134 201
134 212
134 222
134 226
135 17
135 18
135 24
135 26
135 28
135 33
135 41
135 51
135 66
135 88
135 89
135 141
135 146
135 158
135 161
135 172
135 235
135 242
135 244
135 249
136 20
136 23
136 41
136 53
136 61
136 65
136 89
136 96
136 98
136 104
136 121
136 151
136 152
136 161
136 180
136 196
136 228
136 235
137 1
137 2
137 8
137 29
137 57
137 59
137 67
137 72
137 97
137 108
137 138
137 143
137 153
137 167
137 177
137 181
137 185
137 196
137 199
137 203
137 220
138 1
138 21
138 32
138 41
138 78
138 79
138 83
138 96
138 110
138 131
138 171
138 185
138 200
138 202
138 204
138 207
138 219
138 243
138 245
138 248
139 4
139 16
139 28
139 32
139 42
139 44
139 47
139 53
139 68
139 71
139 78
139 86
139 101
139 116
139 120
139 122
139 141
139 149
139 161
139 162
139 164
139 173
139 177
139 202
139 209
140 26
140 30
140 33
140 79
140 83
140 85
140 98
140 106
140 131
140 143
140 147
140 153
140 164
140 190
140 218
140 237
140 240
140 244
141 18
141 21
141 28
141 36
141 46
141 54
141 66
141 78
141 108
141 127
141 137
141 144
141 145
141 147
141 148
141 159
141 171
141 175
141 180
141 194
141 199
141 200
141 220
141 229
141 234
141 235
141 236
141 243
141 250
142 9
142 54
142 64
142 90
142 95
142 114
142 119
142 136
142 155
142 177
142 196
142 223
142 243
142 246
143 2
143 11
143 28
143 47
143 57
143 72
143 102
143 110
143 124
143 136
143 156
143 168
143 169
143 191
143 209
143 211
143 213
144 5
144 30
144 63
144 91
144 93
144 103
144 107
144 110
144 111
144 120
144 143
144 156
144 171
144 173
144 180
144 187
144 204
144 226
144 228
144 230
144 243
145 9
145 26
145 31
145 57
145 59
145 61
145 96
145 111
145 177
145 197
145 203
145 204
145 215
146 10
146 27
146 56
146 69
146 78
146 82
146 89
146 93
146 102
146 104
146 113
146 128
146 162
146 186
146 226
146 233
147 1
147 6
147 27
147 38
147 53
147 86
147 91
147 94
147 160
147 172
147 174
147 213
147 221
147 227
147 238
147 246
148 47
148 49
148 60
148 66
148 82
148 85
148 92
148 99
148 114
148 125
148 135
148 162
148 172
148 173
148 192
148 199
148 240
148 242
149 13
149 48
149 67
149 74
149 97
149 107
149 128
149 133
149 138
149 156
149 176
149 177
149 182
149 222
149 233
150 6
150 11
150 12
150 18
150 35
150 40
150 46
150 62
150 65
150 76
150 89
150 107
150 108
150 123
150 140
150 149
150 152
150 154
150 165
150 172
150 177
150 185
150 187
150 210
150 217
150 218
150 228
150 236
151 4
151 5
151 18
151 25
151 29
151 36
151 39
151 54
151 58
151 60
151 112
151 126
151 198
151 217
151 219
151 224
151 244
152 5
152 10
152 18
152 21
152 27
152 31
152 33
152 58
152 61
152 63
152 80
152 81
152 87
152 97
152 102
152 111
152 114
152 119
152 123
152 129
152 138
152 155
152 181
152 203
152 220
152 229
152 232
152 239
153 18
153 20
153 30
153 31
153 46
153 55
153 72
153 84
153 112
153 119
153 144
153 163
153 188
153 224
153 243
154 7
154 11
154 12
154 22
154 27
154 37
154 71
154 83
154 99
154 174
154 191
154 197
154 206
154 208
154 222
154 227
154 228
154 233
154 239
154 247
155 6
155 19
155 33
155 44
155 54
155 55
155 76
155 79
155 84
155 87
155 95
155 99
155 124
155 127
155 129
155 159
155 163
155 164
155 168
155 174
155 191
155 193
155 194
155 199
155 211
155 230
155 232
155 236
155 240
155 248
156 5
156 21
156 22
156 41
156 60
156 66
156 67
156 73
156 75
156 93
156 100
156 112
156 114
156 118
156 142
156 147
156 150
156 171
156 199
156 202
156 209
156 230
157 6
157 50
157 51
157 54
157 55
157 65
157 76
157 85
157 86
157 93
157 104
157 109
157 118
157 123
157 136
157 137
157 145
157 188
157 193
157 202
157 204
157 211
157 214
157 219
158 2
158 18
158 41
158 57
158 105
158 119
158 121
158 138
158 145
158 167
158 182
158 185
158 205
158 221
158 224
158 231
158 243
159 7
159 35
159 48
159 68
159 76
159 79
159 81
159 113
159 119
159 128
159 145
159 152
159 174
159 185
159 193
159 196
159 209
159 211
159 217
159 224
159 226
160 21
160 51
160 52
160 62
160 82
160 92
160 102
160 106
160 134
160 145
160 152
160 156
160 201
160 202
160 203
160 228
160 234
160 241
161 18
161 21
161 22
161 26
161 27
161 34
161 41
161 62
161 67
161 79
161 89
161 103
161 109
161 110
161 130
161 138
161 144
161 165
161 198
161 202
161 213
162 17
162 18
162 27
162 32
162 64
162 70
162 76
162 77
162 83
162 112
162 123
162 174
162 178
162 182
162 193
162 244
163 4
163 5
163 8
163 16
163 52
163 55
163 71
163 77
163 79
163 92
163 99
163 104
163 132
163 139
163 143
163 165
163 166
163 181
163 192
163 249
164 3
164 4
164 6
164 32
164 35
164 38
164 40
164 41
164 51
164 87
164 111
164 138
164 141
164 153
164 157
164 158
164 193
164 215
164 232
165 4
165 11
165 13
165 21
165 26
165 37
165 40
165 52
165 73
165 160
165 188
165 202
165 204
165 226
165 238
165 239
165 248
166 2
166 30
166 32
166 41
166 43
166 56
166 69
166 76
166 79
166 83
166 110
166 131
166 148
166 149
166 168
166 176
166 184
166 189
166 190
166 193
166 236
166 239
167 1
167 10
167 23
167 44
167 64
167 71
167 76
167 91
167 127
167 150
167 179
167 191
167 206
167 218
167 246
168 13
168 29
168 31
168 49
168 58
168 60
168 74
168 80
168 86
168 102
168 121
168 124
168 125
168 131
168 148
168 149
168 151
168 153
168 154
168 160
168 189
168 194
168 209
168 220
168 245
168 246
168 248
169 7
169 17
169 18
169 29
169 42
169 50
169 101
169 102
169 104
169 122
169 149
169 165
169 198
169 202
169 212
169 225
169 250
170 22
170 41
170 42
170 46
170 47
170 66
170 72
170 73
170 81
170 109
170 111
170 112
170 133
170 158
170 165
170 194
170 207
170 218
170 219
170 223
170 250
171 4
171 11
171 14
171 17
171 22
171 26
171 49
171 93
171 102
171 107
171 125
171 130
171 140
171 146
171 149
171 159
171 166
171 183
171 193
171 199
171 206
171 209
171 216
171 223
171 225
171 233
171 234
171 243
171 244
171 250
172 10
172 45
172 46
172 75
172 88
172 92
172 111
172 117
172 118
172 129
172 134
172 169
172 176
172 181
172 191
172 239
173 4
173 6
173 13
173 14
173 26
173 47
173 60
173 105
173 115
173 159
173 167
173 168
173 179
173 191
173 198
173 205
173 212
173 229
173 246
173 249
174 11
174 14
174 35
174 41
174 43
174 44
174 60
174 65
174 72
174 82
174 119
174 139
174 142
174 152
174 167
174 181
174 187
174 193
174 198
174 216
174 221
174 228
174 230
174 234
174 240
174 249
175 1
175 32
175 43
175 48
175 63
175 75
175 84
175 108
175 115
175 118
175 122
175 170
175 206
175 212
175 245
175 249
176 10
176 19
176 22
176 27
176 33
176 35
176 44
176 78
176 99
176 104
176 110
176 126
176 129
176 138
176 144
176 154
176 164
176 181
176 199
176 225
176 226
176 228
176 235
176 244
176 250
177 1
177 5
177 23
177 105
177 121
177 123
177 143
177 152
177 165
177 168
177 192
177 200
177 217
177 218
177 220
177 221
177 227
178 3
178 18
178 24
178 28
178 38
178 41
178 58
178 62
178 83
178 88
178 127
178 130
178 140
178 151
178 158
178 220
178 250
179 7
179 39
179 41
179 47
179 58
179 69
179 75
179 137
179 139
179 140
179 142
179 156
179 172
179 189
179 197
179 230
179 238
179 246
180 2
180 8
180 31
180 37
180 73
180 89
180 90
180 91
180 93
180 96
180 100
180 117
180 121
180 122
180 131
180 132
180 152
180 159
180 160
180 178
180 184
180 209
180 220
181 28
181 34
181 41
181 45
181 47
181 50
181 103
181 122
181 129
181 166
181 169
181 173
181 177
181 198
181 225
181 228
181 229
182 8
182 16
182 28
182 32
182 65
182 72
182 75
182 92
182 109
182 130
182 135
182 151
182 210
182 214
182 237
182 244
182 246
183 14
183 39
183 49
183 84
183 98
183 112
183 116
183 119
183 130
183 151
183 153
183 161
183 185
183 186
183 195
183 199
183 209
183 244
183 245
184 15
184 18
184 22
184 33
184 35
184 42
184 50
184 63
184 64
184 65
184 75
184 80
184 101
184 109
184 112
184 120
184 138
184 142
184 145
184 149
184 151
184 168
184 175
184 181
184 190
184 194
184 236
184 240
184 244
185 27
185 31
185 36
185 41
185 43
185 66
185 68
185 95
185 101
185 113
185 114
185 120
185 123
185 129
185 131
185 146
185 151
185 161
185 181
185 213
185 217
185 221
185 229
185 247
185 250
186 10
186 27
186 29
186 46
186 56
186 62
186 70
186 94
186 101
186 117
186 121
186 126
186 132
186 136
186 155
186 157
186 172
186 189
186 228
186 244
186 248
187 11
187 13
187 23
187 27
187 28
187 32
187 71
187 73
187 111
187 134
187 158
187 185
187 221
187 222
187 223
187 227
187 229
188 2
188 17
188 55
188 60
188 62
188 65
188 86
188 100
188 117
188 122
188 124
188 142
188 167
188 171
188 176
188 178
188 246
188 248
189 4
189 9
189 14
189 29
189 72
189 83
189 84
189 89
189 90
189 151
189 158
189 172
189 241
190 2
190 5
190 19
190 32
190 56
190 60
190 66
190 73
190 83
190 91
190 107
190 117
190 122
190 142
190 151
190 163
190 203
190 213
190 215
191 4
191 16
191 18
191 53
191 73
191 95
191 96
191 98
191 113
191 117
191 137
191 156
191 162
191 171
191 176
191 181
191 214
191 230
192 9
192 41
192 48
192 68
192 102
192 113
192 116
192 136
192 141
192 146
192 164
192 172
192 183
192 203
192 204
192 210
192 213
192 241
193 2
193 4
193 30
193 37
193 57
193 64
193 71
193 92
193 107
193 114
193 169
193 184
193 196
193 197
193 207
193 208
193 215
193 229
193 235
193 242
194 1
194 4
194 14
194 19
194 29
194 70
194 77
194 79
194 98
194 100
194 101
194 118
194 119
194 136
194 139
194 151
194 169
194 171
194 181
194 210
194 225
194 236
194 240
194 245
195 8
195 12
195 82
195 85
195 101
195 110
195 124
195 125
195 127
195 131
195 139
195 140
195 166
195 177
195 193
195 198
195 211
195 225
195 230
195 237
196 15
196 18
196 33
196 41
196 55
196 63
196 76
196 86
196 87
196 107
196 114
196 117
196 120
196 123
196 126
196 131
196 143
196 157
196 184
196 200
196 218
196 234
196 248
197 4
197 22
197 31
197 40
197 58
197 68
197 98
197 136
197 158
197 161
197 165
197 168
197 187
197 203
197 211
198 12
198 13
198 15
198 26
198 28
198 30
198 31
198 50
198 53
198 76
198 85
198 102
198 117
198 121
198 130
198 143
198 149
198 156
198 163
198 171
198 177
198 178
198 188
198 223
198 235
198 246
199 15
199 17
199 19
199 24
199 52
199 56
199 68
199 76
199 82
199 89
199 98
199 104
199 108
199 109
199 118
199 133
199 138
199 139
199 151
199 157
199 165
199 169
199 191
199 193
199 200
199 208
199 217
199 228
199 236
200 13
200 21
200 28
200 35
200 46
200 49
200 53
200 56
200 60
200 77
200 96
200 106
200 110
200 112
200 116
200 144
200 147
200 166
200 179
200 219
200 245
201 2
201 5
201 49
201 54
201 72
201 76
201 90
201 91
201 109
201 113
201 121
201 127
201 146
201 155
201 167
201 172
201 192
201 202
201 218
201 227
201 244
202 3
202 29
202 30
202 31
202 45
202 47
202 63
202 74
202 77
202 90
202 103
202 109
202 124
202 129
202 174
202 176
202 181
202 182
202 183
202 186
202 197
202 199
202 232
202 237
203 1
203 2
203 4
203 23
203 25
203 40
203 73
203 81
203 86
203 95
203 105
203 107
203 112
203 148
203 162
203 183
203 188
203 198
203 200
203 242
204 32
204 38
204 54
204 76
204 92
204 98
204 100
204 109
204 111
204 127
204 131
204 134
204 167
204 176
204 201
204 213
204 241
204 243
204 246
205 5
205 22
205 29
205 32
205 47
205 59
205 61
205 62
205 81
205 103
205 107
205 114
205 130
205 138
205 150
205 159
205 163
205 171
205 212
205 221
205 244
205 245
206 30
206 34
206 37
206 39
206 40
206 43
206 49
206 58
206 60
206 62
206 79
206 108
206 117
206 124
206 127
206 129
206 151
206 156
206 183
206 200
206 241
206 244
207 3
207 19
207 32
207 46
207 52
207 54
207 63
207 64
207 86
207 97
207 134
207 153
207 196
207 205
207 212
207 226
207 236
207 241
208 9
208 29
208 38
208 43
208 57
208 68
208 72
208 103
208 113
208 133
208 145
208 159
208 167
208 204
208 216
208 220
208 232
208 243
209 26
209 36
209 39
209 44
209 47
209 54
209 57
209 59
209 72
209 79
209 84
209 91
209 116
209 131
209 134
209 145
209 149
209 150
209 158
209 175
209 195
209 228
209 230
210 13
210 27
210 30
210 154
210 162
210 185
210 188
210 207
210 241
211 2
211 3
211 7
211 13
211 24
211 36
211 37
211 47
211 48
211 59
211 67
211 78
211 85
211 101
211 113
211 117
211 144
211 145
211 170
211 186
211 224
211 238
212 15
212 26
212 29
212 31
212 43
212 44
212 48
212 63
212 128
212 137
212 151
212 177
212 179
212 186
212 194
212 201
212 203
212 210
212 217
212 219
212 233
212 242
212 245
213 4
213 14
213 30
213 52
213 64
213 73
213 79
213 83
213 101
213 109
213 159
213 172
213 176
213 181
213 211
213 227
213 228
213 233
213 246
214 24
214 29
214 57
214 62
214 73
214 82
214 122
214 124
214 131
214 142
214 170
214 178
214 189
214 197
214 209
214 218
214 223
214 235
215 21
215 29
215 69
215 74
215 95
215 100
215 102
215 120
215 128
215 162
215 168
215 172
215 176
215 179
215 184
215 187
215 188
215 208
215 226
215 236
216 5
216 10
216 23
216 41
216 53
216 54
216 58
216 61
216 82
216 87
216 91
216 106
216 111
216 120
216 140
216 141
216 191
216 206
216 225
216 240
216 241
216 247
217 1
217 2
217 9
217 15
217 38
217 43
217 58
217 61
217 65
217 72
217 76
217 90
217 92
217 120
217 130
217 133
217 148
217 162
217 167
217 180
217 182
217 183
217 190
217 208
217 221
217 230
218 5
218 11
218 20
218 33
218 42
218 44
218 100
218 109
218 125
218 152
218 180
218 189
218 203
218 204
218 209
218 226
218 241
219 17
219 54
219 56
219 74
219 87
219 130
219 158
219 160
219 174
219 192
219 196
219 197
219 207
219 213
219 225
219 226
219 243
219 244
220 3
220 8
220 19
220 29
220 35
220 64
220 66
220 73
220 74
220 75
220 81
220 87
220 101
220 104
220 121
220 130
220 142
220 150
220 154
220 172
220 199
220 206
220 234
220 239
220 246
221 3
221 9
221 17
221 18
221 45
221 51
221 54
221 66
221 97
221 123
221 128
221 138
221 143
221 157
221 168
221 189
221 241
221 248
222 22
222 38
222 39
222 62
222 72
222 81
222 95
222 100
222 106
222 120
222 126
222 133
222 139
222 145
222 155
222 181
222 189
222 193
222 202
222 218
222 220
222 229
223 10
223 27
223 33
223 55
223 77
223 102
223 143
223 145
223 182
223 190
223 205
223 210
223 230
223 232
223 234
224 5
224 30
224 32
224 47
224 59
224 94
224 95
224 99
224 100
224 109
224 111
224 129
224 140
224 142
224 146
224 155
224 161
224 163
224 175
224 191
224 195
224 197
224 223
224 233
224 243
224 246
225 34
225 38
225 42
225 51
225 56
225 80
225 104
225 125
225 131
225 133
225 174
225 179
225 200
225 212
225 213
225 215
225 222
225 226
225 230
225 234
225 245
226 3
226 4
226 5
226 11
226 23
226 28
226 38
226 50
226 65
226 100
226 106
226 111
226 126
226 127
226 135
226 168
226 173
226 190
226 201
226 202
226 216
226 224
226 227
227 8
227 21
227 40
227 41
227 44
227 52
227 59
227 66
227 93
227 97
227 118
227 120
227 135
227 153
227 166
227 182
227 185
227 194
227 203
227 204
227 210
227 249
228 7
228 35
228 39
228 61
228 74
228 87
228 95
228 100
228 115
228 120
228 122
228 127
228 141
228 178
228 192
228 204
228 246
229 46
229 50
229 56
229 66
229 88
229 100
229 101
229 117
229 132
229 169
229 176
229 179
229 196
229 199
229 211
229 213
229 235
229 239
230 3
230 10
230 14
230 18
230 52
230 56
230 71
230 91
230 95
230 99
230 120
230 135
230 149
230 151
230 158
230 160
230 176
230 185
230 192
230 229
230 245
230 246
231 6
231 23
231 34
231 90
231 91
231 92
231 95
231 115
231 130
231 139
231 140
231 147
231 148
231 168
231 171
231 185
231 215
231 230
231 233
231 235
232 9
232 17
232 24
232 27
232 39
232 60
232 67
232 104
232 105
232 106
232 112
232 115
232 116
232 117
232 132
232 133
232 156
232 157
232 170
232 174
232 182
232 212
232 215
232 219
232 225
232 230
233 27
233 29
233 31
233 44
233 53
233 64
233 74
233 86
233 97
233 110
233 114
233 125
233 163
233 168
233 178
233 195
233 199
233 201
233 203
233 206
233 207
233 217
233 241
234 10
234 36
234 55
234 60
234 67
234 74
234 80
234 84
234 88
234 92
234 93
234 94
234 108
234 128
234 132
234 148
234 149
234 154
234 156
234 158
234 162
234 164
234 181
234 182
234 191
234 193
234 199
234 201
234 202
234 203
235 36
235 41
235 43
235 49
235 70
235 75
235 113
235 117
235 123
235 146
235 152
235 174
235 175
235 182
235 192
235 211
235 222
235 234
235 242
235 247
236 26
236 33
236 39
236 52
236 58
236 79
236 91
236 95
236 104
236 112
236 127
236 154
236 158
236 163
236 181
236 229
236 238
236 245
237 3
237 23
237 34
237 38
237 63
237 75
237 80
237 91
237 121
237 139
237 155
237 163
237 167
237 171
237 207
237 246
238 5
238 10
238 18
238 23
238 28
238 34
238 42
238 49
238 56
238 66
238 70
238 94
238 119
238 140
238 154
238 156
238 160
238 177
238 187
238 189
238 196
238 202
238 203
238 209
239 10
239 27
239 33
239 35
239 40
239 45
239 74
239 81
239 89
239 90
239 105
239 123
239 143
239 149
239 188
239 191
239 194
239 224
239 231
240 5
240 7
240 15
240 25
240 49
240 52
240 54
240 62
240 82
240 83
240 95
240 102
240 104
240 117
240 123
240 165
240 172
240 185
240 199
240 211
240 242
241 15
241 21
241 24
241 68
241 76
241 85
241 87
241 92
241 114
241 134
241 146
241 171
241 175
241 193
241 214
241 224
241 228
241 235
242 7
242 13
242 35
242 38
242 45
242 64
242 66
242 114
242 121
242 152
242 153
242 184
242 185
243 17
243 19
243 25
243 28
243 35
243 54
243 58
243 59
243 67
243 130
243 151
243 159
243 182
243 189
243 199
243 209
243 212
243 233
243 236
243 247
244 7
244 15
244 33
244 34
244 42
244 47
244 58
244 78
244 100
244 123
244 159
244 161
244 172
244 179
244 239
244 243
244 247
244 249
245 7
245 13
245 16
245 22
245 28
245 42
245 58
245 61
245 73
245 83
245 98
245 110
245 129
245 163
245 165
245 174
245 197
245 203
245 208
245 211
245 219
246 6
246 20
246 39
246 41
246 47
246 55
246 94
246 99
246 106
246 146
246 151
246 152
246 153
246 155
246 164
246 207
246 211
246 218
246 219
246 241
247 2
247 14
247 27
247 32
247 57
247 61
247 80
247 104
247 133
247 134
247 149
247 159
247 160
247 170
247 177
247 181
247 188
247 190
247 198
247 202
247 242
247 246
247 248
248 1
248 7
248 21
248 41
248 49
248 66
248 71
248 72
248 80
248 85
248 93
248 101
248 135
248 142
248 182
248 192
248 195
248 204
248 219
248 222
248 235
248 237
249 32
249 56
249 60
249 66
249 84
249 94
249 121
249 139
249 156
249 170
249 180
249 184
249 185
249 223
249 245
250 2
250 3
250 6
250 63
250 65
250 96
250 106
250 113
250 119
250 134
250 140
250 145
250 162
250 168
250 180
250 188
250 197
250 220
250 223
250 231
250 238

