100 100
72 22 30 32 72 69 26 58 32 31 91 55 95 71 50 40 58 37 94 57 39 29 75 29 48 26 29 82 50 86 54 74 110 65 58 34 26 63 113 38 61 27 96 88 58 74 58 76 31 63 56 58 73 96 112 66 59 71 40 93 113 102 101 68 37 56 119 107 32 81 107 32 109 47 47 25 69 31 110 117 58 112 89 119 101 117 101 97 21 46 88 44 54 51 83 97 81 39 74 48 
2 65
3 36
3 71
6 50
7 82
8 16
8 37
8 51
10 46
11 33
11 61
11 62
12 81
13 27
14 53
15 10
16 35
17 3
17 36
18 58
19 72
20 16
20 21
20 49
20 70
21 83
24 25
24 28
25 71
26 5
27 42
29 75
29 92
30 40
31 71
33 28
33 48
33 53
33 71
33 74
34 24
34 66
36 44
36 58
37 30
37 66
37 99
40 63
41 64
43 70
43 75
47 65
49 16
49 30
49 80
49 81
50 25
54 81
56 5
56 74
56 86
57 62
58 35
60 12
61 23
62 2
62 55
63 82
63 92
64 21
64 77
65 61
67 49
67 66
70 11
73 88
76 75
77 35
77 87
79 59
82 55
83 52
83 81
83 93
83 96
84 54
85 52
85 69
86 54
86 78
90 22
90 54
91 75
94 66
95 65
97 14
97 62
99 56
100 34
100 64

