100 500
48 60 102 82 42 53 68 111 82 23 44 87 22 37 49 36 31 67 46 70 111 70 91 70 93 73 115 61 113 81 108 69 60 81 20 99 21 47 28 103 62 80 29 31 58 117 61 112 45 101 38 35 93 79 58 68 29 73 23 26 48 55 82 30 75 34 66 52 42 87 23 86 22 113 24 23 74 73 111 100 38 80 77 113 69 30 85 37 79 52 42 34 100 116 64 82 101 53 58 56 
1 9
1 54
1 63
1 100
2 3
2 26
2 42
3 73
4 2
4 11
4 28
5 11
5 26
5 37
5 68
5 89
6 21
6 24
6 40
6 84
6 85
6 91
6 92
7 4
7 11
7 25
7 45
7 72
7 74
7 81
7 90
8 53
8 68
8 79
8 83
9 27
9 73
9 96
9 100
10 1
10 17
10 40
10 42
10 43
10 54
10 72
10 73
10 98
11 3
11 41
11 47
11 49
11 51
11 92
12 10
12 29
12 49
12 55
12 76
13 25
13 66
13 68
13 79
14 61
14 77
14 93
14 96
15 31
15 87
15 93
16 4
16 8
16 18
16 23
16 43
16 64
16 91
17 49
18 5
18 11
18 62
18 72
18 92
18 99
18 100
19 17
19 25
19 46
19 48
19 74
19 92
19 97
20 27
20 32
20 41
20 63
20 89
20 93
20 94
21 3
21 53
21 76
21 79
21 85
21 91
22 5
22 14
22 33
22 44
22 46
22 60
22 61
22 76
22 99
23 31
23 39
23 65
23 77
24 12
24 22
24 23
24 31
24 33
24 97
25 34
25 70
26 12
26 16
26 63
26 65
26 97
27 2
27 8
27 11
27 24
27 26
27 40
27 50
27 89
28 11
28 35
28 61
28 65
28 66
28 91
29 18
29 47
30 16
30 54
30 56
30 61
30 96
31 5
31 18
31 36
31 37
32 12
32 18
32 28
33 30
33 48
33 52
33 62
34 2
34 11
34 27
34 62
34 77
34 87
34 98
35 2
35 14
35 18
35 21
35 27
35 37
35 57
35 90
36 3
36 7
36 53
36 91
37 25
37 53
37 81
38 5
38 71
38 72
38 85
38 87
39 56
39 71
39 80
40 16
40 28
40 87
40 89
41 19
41 23
41 76
42 44
42 50
42 76
42 83
43 80
43 95
43 98
44 56
45 11
45 55
45 75
45 79
46 3
46 69
46 92
46 99
47 10
47 17
47 34
47 79
48 30
48 74
49 5
49 19
49 36
49 46
49 65
49 90
49 95
50 6
50 20
50 66
50 86
50 92
51 36
51 43
52 49
52 64
52 68
52 69
52 72
52 80
52 88
53 16
53 23
53 67
53 73
53 86
53 88
54 11
54 14
54 15
54 77
54 84
54 99
55 7
55 43
55 51
55 59
56 38
56 69
56 71
56 79
57 6
57 25
57 39
57 55
57 93
57 100
58 9
58 20
58 24
59 5
59 25
59 46
59 53
59 70
59 79
59 94
59 98
60 3
60 68
60 70
60 98
61 21
61 70
61 95
62 11
62 15
62 23
63 4
63 22
63 86
63 97
64 22
64 27
64 71
64 93
64 96
65 3
65 17
65 56
65 63
65 67
65 77
65 78
66 32
66 43
66 46
66 49
66 52
66 72
66 74
66 79
67 8
67 58
67 68
67 85
68 72
68 81
68 82
68 86
68 90
68 99
69 30
69 32
69 58
69 95
70 5
70 44
70 65
70 92
70 98
71 2
71 31
71 67
71 75
71 81
72 28
72 69
72 97
72 98
73 5
73 44
73 62
73 65
73 66
74 28
74 33
74 64
74 70
74 89
74 92
75 8
75 18
75 19
75 37
75 70
75 79
75 81
75 83
75 87
75 91
75 98
76 66
76 72
76 73
76 80
76 81
76 100
77 6
77 44
77 46
77 57
77 76
77 83
77 100
78 23
78 40
78 58
78 74
79 3
79 28
79 30
79 57
79 89
79 91
79 92
80 8
80 19
80 27
80 48
80 90
81 56
81 74
82 4
82 16
82 19
82 49
82 96
83 18
83 27
83 30
83 32
83 34
83 43
83 72
83 89
83 98
84 5
84 22
84 24
84 26
84 33
84 58
84 59
84 73
84 76
85 37
85 56
85 66
86 12
86 18
86 36
86 51
86 66
86 74
86 92
87 25
87 29
87 33
87 35
87 45
87 61
87 66
87 74
87 92
87 97
88 2
88 45
88 55
88 77
89 38
89 47
89 57
89 77
89 99
90 5
90 9
90 18
90 81
90 86
91 56
91 68
91 72
92 25
92 45
92 59
92 61
92 69
92 75
93 24
93 30
93 40
93 51
93 54
93 58
93 68
93 69
94 30
94 78
94 82
94 93
94 97
95 7
95 10
95 22
95 36
95 44
95 64
95 73
95 99
96 32
96 79
97 30
97 34
97 51
97 64
97 66
98 73
99 2
99 8
99 32
99 47
99 74
100 6
100 21
100 22
100 49
100 99

