300 500
88 53 27 107 48 104 63 53 33 63 85 116 98 86 29 97 78 20 115 62 81 94 111 46 50 82 111 40 83 94 65 111 110 85 52 64 25 20 30 38 116 54 23 116 113 72 91 29 46 22 43 24 110 81 21 95 64 90 87 85 116 63 117 80 41 32 101 50 80 70 99 59 97 20 45 88 67 96 72 82 71 64 48 67 38 110 49 60 113 114 56 65 60 50 56 87 58 28 22 98 116 43 101 22 34 102 24 50 115 46 61 28 91 98 81 44 113 48 107 57 22 49 74 79 55 95 34 73 64 22 20 58 72 63 35 109 106 101 82 120 88 49 116 69 76 50 101 101 49 91 24 111 74 100 55 20 48 28 60 88 89 77 93 57 59 30 80 93 92 24 102 24 68 34 91 118 100 38 65 106 84 57 60 67 48 118 76 96 41 59 85 66 45 42 47 73 88 21 86 91 69 30 71 25 56 52 93 59 94 73 111 120 107 21 93 48 62 101 20 85 92 54 45 50 35 30 63 34 22 34 55 50 21 59 114 34 102 29 36 67 42 28 67 41 33 118 61 20 90 47 78 48 56 26 53 37 118 113 78 29 99 94 84 97 24 120 47 32 88 89 36 106 67 35 64 43 106 63 83 20 98 106 43 111 86 104 37 24 29 76 101 75 117 38 102 101 50 37 20 98 
1 42
1 254
1 273
2 1
2 183
2 259
4 69
4 80
4 191
5 8
5 149
5 160
5 280
6 10
6 177
6 261
6 294
7 41
7 152
7 231
9 43
9 44
9 252
10 146
10 256
11 210
12 300
13 6
13 125
13 240
14 213
15 98
15 248
18 19
18 232
19 296
21 62
21 136
21 141
24 193
25 77
25 137
25 147
25 220
26 7
26 235
28 241
28 276
29 132
29 227
30 232
30 266
31 217
32 14
33 76
34 74
34 206
34 240
35 1
35 160
36 152
36 190
36 226
38 100
39 32
39 92
40 91
40 134
40 168
40 180
40 283
41 208
42 213
44 172
45 21
45 64
46 146
47 29
47 30
48 13
48 125
48 180
49 7
49 19
49 110
49 165
49 182
50 147
50 182
51 39
53 5
53 199
54 96
55 50
55 54
55 266
56 114
56 225
56 274
58 176
59 183
59 206
60 125
60 132
60 160
60 180
60 274
60 298
61 265
62 29
62 273
63 102
63 163
63 178
63 285
65 14
65 109
66 187
66 254
67 242
68 131
70 19
70 24
71 26
71 40
71 118
71 132
72 158
72 296
73 133
74 91
74 225
75 91
77 218
77 236
78 25
78 143
79 259
79 286
80 149
80 193
81 11
82 120
82 141
84 61
84 204
85 141
87 111
87 131
87 151
87 153
88 148
88 293
89 231
90 55
90 169
90 249
91 28
91 53
91 142
92 287
93 110
95 286
96 36
96 42
96 69
97 55
97 130
98 5
98 19
98 267
99 54
99 80
99 104
101 105
101 142
101 146
101 271
102 180
103 33
103 60
104 34
104 81
104 115
104 155
105 117
105 206
105 249
105 296
106 4
106 44
109 220
110 209
110 259
110 265
111 287
113 62
113 182
114 191
114 244
115 64
115 279
116 38
117 116
118 101
121 32
121 103
122 232
122 246
123 71
123 97
123 178
125 20
126 178
126 284
129 7
129 159
129 282
132 125
133 42
133 105
133 148
133 214
134 14
134 174
136 47
136 244
137 266
138 94
138 131
138 192
138 256
139 80
139 141
139 174
140 65
140 252
141 113
142 16
142 88
142 291
143 62
144 20
144 227
145 81
145 143
145 274
147 181
148 239
149 140
150 42
150 281
151 174
152 284
153 17
153 267
155 4
155 24
155 81
156 161
157 24
157 85
157 121
157 218
158 39
158 129
162 75
162 178
163 18
163 32
163 38
163 88
163 140
165 52
165 69
165 221
166 163
166 291
167 9
167 146
169 9
169 178
170 172
171 145
172 68
172 104
175 72
175 81
176 279
177 9
177 157
177 166
177 286
178 31
179 103
179 219
179 242
179 294
181 210
182 12
182 86
182 87
182 281
182 290
183 273
184 240
184 269
185 80
185 98
185 279
186 71
186 230
186 292
187 177
189 120
190 7
190 90
190 121
190 179
190 211
190 274
191 56
191 174
192 44
192 63
192 238
192 266
193 129
193 140
194 28
195 72
196 100
196 170
197 114
197 263
198 87
198 178
201 32
202 2
202 22
202 24
202 212
203 39
203 55
203 197
203 217
205 191
205 228
205 261
206 275
207 184
207 192
208 5
208 222
210 97
210 134
210 180
211 42
211 258
212 117
212 213
213 65
213 216
214 12
214 104
214 142
214 220
215 122
216 46
216 231
217 60
217 220
218 106
219 121
220 81
221 88
221 299
222 152
222 197
222 207
223 178
223 205
223 208
223 279
223 283
224 105
224 186
224 240
225 268
227 272
228 87
228 103
228 230
229 51
229 171
231 5
231 66
231 68
232 10
232 64
232 118
233 209
234 53
234 81
234 155
234 159
234 168
235 21
236 19
236 102
236 121
236 130
237 47
237 108
237 266
238 110
238 177
239 48
239 248
240 1
241 56
241 84
242 250
244 71
244 85
244 186
245 24
246 253
248 225
249 71
249 240
251 87
251 181
252 25
252 85
253 85
253 127
253 249
253 261
254 143
254 172
254 256
255 176
256 131
256 163
256 170
256 209
256 219
258 155
259 109
260 259
260 277
261 97
261 113
262 8
262 185
264 27
264 170
265 244
266 12
266 155
266 228
267 189
267 214
268 26
269 107
269 277
271 3
271 286
272 78
272 103
272 263
275 7
275 79
275 165
276 69
277 115
278 152
278 229
278 282
279 1
279 228
280 264
281 189
284 212
287 131
288 39
289 130
289 300
290 105
290 213
291 214
291 294
293 82
293 89
293 289
296 87
297 146
299 259
300 139

