250 5000
31 95 107 83 48 70 81 85 38 105 109 27 47 92 107 29 44 114 76 70 71 58 81 32 79 23 27 59 94 62 56 110 99 95 55 77 100 91 29 35 83 85 117 95 99 48 113 110 102 107 47 43 45 48 90 39 54 24 62 55 21 101 51 46 29 96 79 84 58 44 111 109 106 69 94 87 48 78 38 83 117 94 106 93 70 43 39 63 25 43 115 83 20 77 48 101 102 96 81 109 65 66 80 40 107 118 42 22 59 57 103 21 52 21 91 29 29 43 116 50 43 37 93 85 49 93 88 53 31 105 89 79 93 112 99 25 75 102 50 74 92 58 96 58 24 59 108 46 42 116 103 87 24 63 86 94 46 54 98 110 39 69 117 59 42 98 35 86 73 83 81 51 52 89 35 25 82 91 112 61 48 75 115 35 79 90 90 92 104 39 115 78 89 120 26 32 62 48 46 95 34 43 90 117 113 20 58 47 82 109 46 116 46 83 84 45 57 83 32 99 51 47 34 52 65 90 89 58 102 117 102 62 37 61 32 83 74 119 56 30 76 41 101 100 83 49 111 41 63 31 
1 13
1 37
1 51
1 65
1 86
1 97
1 118
1 121
1 127
1 138
1 147
1 160
1 169
1 172
1 181
1 192
1 201
1 214
1 229
1 231
1 247
2 8
2 20
2 27
2 41
2 96
2 97
2 124
2 125
2 127
2 142
2 143
2 146
2 147
2 149
2 161
2 164
2 191
2 194
2 202
2 203
2 237
3 23
3 33
3 37
3 83
3 92
3 96
3 107
3 109
3 123
3 131
3 145
3 152
3 169
3 173
3 176
3 179
3 186
3 195
3 199
3 234
3 239
4 5
4 24
4 41
4 45
4 52
4 57
4 83
4 88
4 96
4 102
4 105
4 117
4 122
4 144
4 149
4 176
4 204
4 207
4 211
4 213
4 214
4 224
4 238
4 243
5 16
5 22
5 41
5 72
5 82
5 91
5 97
5 107
5 123
5 131
5 134
5 167
5 180
5 191
5 221
6 8
6 17
6 28
6 30
6 32
6 33
6 35
6 43
6 52
6 59
6 66
6 68
6 71
6 72
6 90
6 100
6 105
6 119
6 157
6 163
6 175
6 176
6 182
6 197
6 221
6 222
6 233
6 239
6 241
7 1
7 6
7 8
7 14
7 15
7 36
7 45
7 48
7 54
7 56
7 61
7 66
7 73
7 82
7 95
7 101
7 144
7 146
7 180
7 195
7 201
8 23
8 46
8 66
8 78
8 81
8 106
8 108
8 109
8 119
8 122
8 125
8 129
8 152
8 171
8 181
8 186
8 187
8 194
8 209
8 232
9 4
9 5
9 7
9 10
9 33
9 43
9 81
9 85
9 96
9 111
9 118
9 127
9 146
9 161
9 162
9 170
9 173
9 180
9 213
9 222
9 236
9 237
9 238
9 241
9 246
10 22
10 27
10 65
10 70
10 115
10 118
10 123
10 124
10 129
10 153
10 154
10 185
10 187
10 195
10 197
11 8
11 27
11 29
11 34
11 41
11 65
11 69
11 82
11 121
11 135
11 150
11 153
11 162
11 164
11 181
11 201
11 210
11 214
11 235
12 7
12 8
12 14
12 19
12 20
12 21
12 41
12 44
12 47
12 49
12 52
12 57
12 58
12 69
12 79
12 84
12 86
12 104
12 112
12 121
12 127
12 136
12 140
12 152
12 157
12 176
12 214
12 234
12 235
12 250
13 5
13 6
13 7
13 8
13 71
13 76
13 78
13 117
13 131
13 141
13 174
13 204
13 210
13 214
13 219
13 236
13 237
13 242
14 2
14 5
14 19
14 32
14 33
14 36
14 47
14 61
14 65
14 84
14 178
14 217
14 223
14 225
14 227
14 229
14 247
14 250
15 10
15 13
15 14
15 22
15 43
15 59
15 69
15 71
15 86
15 93
15 95
15 99
15 113
15 136
15 138
15 147
15 148
15 170
15 175
15 187
15 218
15 224
15 228
15 229
15 245
16 1
16 4
16 11
16 60
16 77
16 85
16 91
16 108
16 111
16 120
16 124
16 137
16 155
16 158
16 168
16 174
16 202
16 204
16 238
16 242
17 3
17 11
17 33
17 53
17 67
17 85
17 88
17 94
17 116
17 118
17 121
17 125
17 137
17 143
17 144
17 156
17 167
17 194
17 211
17 227
18 11
18 15
18 30
18 41
18 48
18 56
18 62
18 68
18 87
18 103
18 122
18 124
18 128
18 148
18 163
18 169
18 175
18 209
18 226
18 237
18 244
18 247
18 248
19 10
19 22
19 37
19 46
19 106
19 107
19 119
19 121
19 129
19 166
19 185
19 208
19 227
19 235
19 248
20 9
20 33
20 47
20 55
20 70
20 75
20 97
20 110
20 130
20 131
20 148
20 155
20 165
20 186
20 187
20 210
20 222
20 225
20 238
20 249
21 16
21 24
21 45
21 46
21 59
21 62
21 65
21 71
21 72
21 73
21 82
21 86
21 90
21 91
21 143
21 155
21 195
21 197
21 248
22 7
22 16
22 18
22 33
22 59
22 70
22 141
22 143
22 162
22 168
22 169
22 173
22 176
22 191
22 225
22 233
22 245
23 7
23 41
23 47
23 51
23 54
23 72
23 80
23 103
23 139
23 153
23 154
23 163
23 175
23 180
23 200
23 227
23 232
23 239
23 250
24 17
24 23
24 61
24 71
24 77
24 113
24 136
24 138
24 140
24 162
24 166
24 211
24 226
24 249
25 6
25 13
25 41
25 42
25 51
25 79
25 85
25 110
25 117
25 131
25 137
25 144
25 159
25 160
25 171
25 176
25 178
25 181
25 218
25 224
25 248
26 2
26 20
26 28
26 41
26 46
26 71
26 75
26 78
26 104
26 110
26 114
26 132
26 140
26 142
26 162
26 204
26 223
26 232
27 19
27 30
27 44
27 86
27 99
27 137
27 139
27 142
27 154
27 158
27 159
27 203
27 205
27 208
27 211
27 218
27 230
27 235
27 248
28 11
28 22
28 24
28 36
28 56
28 82
28 92
28 99
28 102
28 121
28 173
28 201
28 203
28 207
28 217
28 218
28 240
29 20
29 38
29 39
29 85
29 87
29 98
29 118
29 140
29 164
29 173
29 178
29 190
29 200
29 218
30 17
30 22
30 24
30 29
30 32
30 54
30 66
30 68
30 75
30 91
30 111
30 139
30 157
30 202
30 204
30 230
30 246
31 7
31 8
31 43
31 45
31 56
31 62
31 68
31 79
31 110
31 112
31 114
31 123
31 137
31 152
31 176
31 190
31 193
31 204
31 208
31 215
31 226
31 238
31 239
31 246
31 249
32 1
32 3
32 11
32 18
32 28
32 31
32 37
32 43
32 44
32 61
32 68
32 69
32 71
32 80
32 94
32 100
32 101
32 102
32 114
32 116
32 124
32 125
32 134
32 164
32 167
32 187
32 197
32 218
32 219
32 232
32 238
32 240
33 24
33 26
33 35
33 42
33 43
33 64
33 65
33 74
33 92
33 103
33 134
33 193
33 194
33 220
33 228
33 229
33 232
33 246
34 4
34 8
34 19
34 71
34 76
34 88
34 98
34 117
34 134
34 160
34 224
34 246
35 22
35 64
35 92
35 117
35 128
35 131
35 134
35 135
35 137
35 167
35 178
35 196
35 200
35 229
35 236
35 243
35 248
36 2
36 10
36 16
36 22
36 33
36 34
36 40
36 48
36 50
36 62
36 72
36 73
36 79
36 108
36 125
36 135
36 136
36 169
36 177
36 190
36 192
36 201
36 223
36 225
36 226
37 20
37 40
37 69
37 73
37 79
37 87
37 105
37 133
37 141
37 143
37 171
37 196
37 207
37 225
37 226
38 28
38 33
38 35
38 43
38 47
38 48
38 52
38 59
38 61
38 62
38 71
38 123
38 132
38 138
38 143
38 150
38 164
38 168
38 173
38 182
38 203
38 209
38 224
38 243
39 8
39 41
39 42
39 48
39 52
39 56
39 57
39 60
39 72
39 86
39 106
39 109
39 128
39 144
39 189
39 207
39 227
40 24
40 29
40 68
40 71
40 74
40 123
40 126
40 130
40 136
40 137
40 147
40 155
40 156
40 170
40 178
40 185
40 216
40 217
40 222
40 234
40 236
41 7
41 13
41 19
41 33
41 38
41 47
41 66
41 86
41 101
41 118
41 127
41 164
41 173
41 190
41 210
41 212
41 214
41 219
41 231
41 246
42 2
42 14
42 19
42 22
42 24
42 47
42 90
42 117
42 122
42 133
42 159
42 161
42 166
42 168
42 171
42 176
42 185
42 202
42 213
42 219
42 223
42 224
42 238
42 242
43 3
43 7
43 10
43 30
43 77
43 90
43 94
43 108
43 111
43 119
43 133
43 137
43 148
43 152
43 160
43 182
43 189
43 192
43 202
43 214
44 10
44 11
44 17
44 20
44 26
44 45
44 48
44 50
44 51
44 65
44 76
44 87
44 104
44 145
44 167
44 169
44 185
44 205
44 210
44 223
44 235
44 240
44 247
45 2
45 26
45 39
45 41
45 43
45 46
45 80
45 81
45 121
45 132
45 146
45 147
45 161
45 179
45 202
45 203
45 213
45 222
45 236
45 237
46 18
46 43
46 49
46 65
46 77
46 97
46 99
46 105
46 111
46 119
46 126
46 136
46 138
46 151
46 183
46 194
46 239
46 249
47 2
47 7
47 11
47 22
47 26
47 40
47 46
47 69
47 79
47 82
47 89
47 97
47 98
47 103
47 140
47 155
47 161
47 166
47 171
47 181
47 183
47 192
47 199
47 249
48 12
48 31
48 32
48 47
48 60
48 105
48 135
48 139
48 146
48 160
48 165
48 185
48 194
48 220
48 224
48 243
49 20
49 66
49 89
49 147
49 165
49 179
49 180
49 184
49 202
49 224
49 231
49 243
49 248
50 41
50 47
50 57
50 63
50 82
50 85
50 94
50 109
50 129
50 161
50 173
50 199
50 202
50 220
50 229
50 233
51 6
51 9
51 14
51 28
51 33
51 37
51 84
51 86
51 96
51 107
51 110
51 117
51 147
51 150
51 184
51 188
51 190
51 203
51 212
51 223
51 250
52 9
52 11
52 18
52 19
52 34
52 55
52 65
52 78
52 79
52 87
52 100
52 104
52 105
52 118
52 124
52 126
52 130
52 136
52 146
52 185
52 198
53 12
53 20
53 30
53 43
53 79
53 89
53 90
53 95
53 119
53 122
53 175
53 192
53 193
53 194
53 204
53 215
53 244
54 8
54 13
54 28
54 60
54 61
54 66
54 84
54 98
54 102
54 111
54 116
54 137
54 145
54 149
54 155
54 164
54 170
54 173
54 192
54 193
54 206
54 209
54 216
54 241
54 242
54 248
55 10
55 37
55 40
55 57
55 62
55 76
55 94
55 101
55 113
55 158
55 167
55 176
55 208
55 248
55 250
56 3
56 32
56 43
56 57
56 59
56 78
56 85
56 93
56 94
56 100
56 117
56 124
56 125
56 134
56 197
56 249
57 7
57 9
57 48
57 52
57 67
57 75
57 90
57 104
57 122
57 126
57 127
57 128
57 129
57 163
57 174
57 185
57 202
57 205
57 216
57 222
57 235
57 243
57 245
58 5
58 8
58 18
58 26
58 29
58 32
58 33
58 34
58 35
58 55
58 65
58 66
58 67
58 74
58 79
58 114
58 115
58 117
58 122
58 130
58 132
58 133
58 134
58 152
58 159
58 205
58 206
58 207
58 220
58 248
59 13
59 23
59 74
59 76
59 104
59 106
59 107
59 109
59 110
59 116
59 123
59 131
59 174
59 194
59 198
59 203
59 216
60 6
60 8
60 11
60 14
60 27
60 50
60 57
60 58
60 67
60 81
60 90
60 136
60 142
60 157
60 200
60 203
60 219
60 223
60 236
60 238
60 245
60 248
61 10
61 15
61 26
61 33
61 56
61 58
61 78
61 79
61 80
61 93
61 150
61 156
61 178
61 180
61 190
61 203
61 206
61 218
61 225
61 238
61 250
62 1
62 27
62 41
62 52
62 67
62 73
62 93
62 121
62 146
62 230
63 42
63 43
63 79
63 90
63 122
63 123
63 161
63 165
63 168
63 173
63 174
63 180
63 182
63 200
63 228
63 235
63 244
64 36
64 38
64 70
64 86
64 95
64 99
64 123
64 138
64 173
64 189
64 217
64 218
64 227
64 239
64 243
65 23
65 47
65 55
65 90
65 92
65 115
65 116
65 125
65 128
65 160
65 164
65 165
65 168
65 196
65 207
65 241
65 242
65 249
66 21
66 25
66 67
66 99
66 161
66 164
66 180
66 222
66 226
66 229
66 232
66 234
66 237
66 250
67 1
67 24
67 33
67 59
67 73
67 75
67 79
67 82
67 127
67 136
67 139
67 143
67 148
67 163
67 168
67 169
67 175
67 183
67 184
67 190
67 193
67 200
67 207
67 215
67 248
68 33
68 49
68 60
68 65
68 70
68 76
68 86
68 96
68 135
68 165
68 186
68 190
68 221
68 228
68 239
68 250
69 8
69 14
69 20
69 31
69 55
69 66
69 71
69 82
69 101
69 107
69 131
69 134
69 140
69 146
69 169
69 173
69 183
69 208
69 234
69 246
70 1
70 23
70 27
70 37
70 43
70 44
70 54
70 115
70 133
70 159
70 160
70 163
70 173
70 189
70 193
70 215
70 234
70 243
71 22
71 47
71 54
71 59
71 80
71 87
71 89
71 139
71 145
71 147
71 206
71 208
71 211
71 215
72 9
72 29
72 38
72 47
72 49
72 50
72 59
72 81
72 86
72 97
72 103
72 109
72 116
72 130
72 139
72 163
72 167
72 189
72 193
72 214
72 226
73 9
73 15
73 50
73 61
73 107
73 180
73 187
73 189
73 197
73 214
73 227
73 235
74 20
74 21
74 36
74 37
74 38
74 46
74 54
74 70
74 81
74 85
74 92
74 94
74 99
74 104
74 119
74 130
74 136
74 156
74 165
74 171
74 177
74 193
74 212
74 213
74 218
74 220
74 221
75 11
75 12
75 16
75 18
75 27
75 32
75 34
75 53
75 70
75 85
75 91
75 118
75 122
75 139
75 146
75 149
75 183
75 207
75 242
76 4
76 26
76 50
76 65
76 75
76 85
76 94
76 97
76 125
76 131
76 134
76 157
76 159
76 164
76 170
76 200
76 213
76 215
76 219
76 234
77 13
77 21
77 27
77 35
77 47
77 53
77 64
77 93
77 101
77 106
77 126
77 127
77 143
77 145
77 172
77 187
77 194
77 196
77 208
77 219
77 221
77 233
77 235
77 241
77 249
78 11
78 35
78 60
78 65
78 85
78 95
78 96
78 102
78 105
78 106
78 111
78 127
78 134
78 147
78 154
78 156
78 168
78 177
78 179
78 204
78 224
78 226
78 230
78 242
79 1
79 16
79 28
79 33
79 42
79 74
79 80
79 84
79 88
79 113
79 122
79 126
79 141
79 146
79 153
79 161
79 166
79 183
79 189
79 195
79 196
79 214
79 220
79 241
80 19
80 25
80 38
80 40
80 44
80 51
80 65
80 77
80 108
80 132
80 134
80 176
80 197
80 213
80 225
80 231
80 248
81 4
81 7
81 12
81 17
81 30
81 65
81 70
81 76
81 79
81 84
81 99
81 100
81 124
81 143
81 156
81 164
81 177
81 187
81 205
81 226
81 234
82 17
82 19
82 23
82 32
82 51
82 66
82 80
82 87
82 89
82 119
82 136
82 166
82 167
82 177
82 185
82 186
82 189
82 192
82 200
82 216
82 218
82 222
82 226
82 229
82 239
82 245
83 19
83 34
83 35
83 44
83 54
83 81
83 90
83 102
83 125
83 153
83 155
83 161
83 165
83 167
83 171
83 190
83 220
83 226
83 239
83 242
84 22
84 33
84 35
84 39
84 64
84 86
84 90
84 120
84 129
84 147
84 191
84 192
84 195
84 197
84 209
84 215
84 222
84 239
85 40
85 51
85 60
85 91
85 104
85 107
85 111
85 122
85 174
85 188
85 189
85 198
85 219
85 230
85 232
85 234
86 18
86 20
86 40
86 79
86 94
86 100
86 105
86 107
86 109
86 111
86 114
86 115
86 116
86 127
86 141
86 148
86 151
86 159
86 163
86 168
86 171
86 181
86 206
86 210
86 240
86 245
87 6
87 21
87 22
87 25
87 43
87 74
87 81
87 84
87 86
87 102
87 110
87 135
87 143
87 153
87 157
87 161
87 185
87 221
87 236
88 1
88 26
88 27
88 50
88 51
88 62
88 117
88 127
88 133
88 146
88 185
88 199
88 215
88 216
89 9
89 14
89 17
89 22
89 40
89 45
89 83
89 92
89 95
89 115
89 127
89 160
89 163
89 168
89 242
89 250
90 4
90 9
90 15
90 26
90 34
90 72
90 77
90 94
90 99
90 117
90 132
90 139
90 146
90 153
90 164
90 179
90 194
90 217
90 231
91 12
91 58
91 64
91 68
91 83
91 89
91 93
91 98
91 133
91 140
91 156
91 175
91 177
91 179
91 181
91 184
91 237
91 250
92 6
92 26
92 31
92 50
92 52
92 68
92 82
92 95
92 107
92 109
92 110
92 112
92 117
92 143
92 164
92 178
92 195
92 212
92 240
92 248
93 12
93 14
93 69
93 71
93 123
93 129
93 133
93 139
93 163
93 195
93 208
93 236
94 16
94 20
94 25
94 28
94 39
94 59
94 61
94 62
94 66
94 73
94 82
94 87
94 97
94 107
94 120
94 132
94 148
94 175
94 195
94 209
94 225
94 226
94 235
94 246
95 11
95 20
95 27
95 37
95 70
95 74
95 77
95 80
95 82
95 87
95 90
95 91
95 99
95 107
95 114
95 147
95 158
95 166
95 167
95 176
95 182
95 215
95 218
95 221
95 225
95 235
95 240
95 241
95 243
96 24
96 35
96 39
96 52
96 64
96 80
96 123
96 143
96 150
96 166
96 167
96 171
96 191
96 200
96 210
96 226
97 4
97 15
97 48
97 53
97 54
97 59
97 60
97 69
97 71
97 73
97 77
97 78
97 86
97 88
97 101
97 163
97 165
97 170
97 174
97 202
97 209
97 210
97 246
97 250
98 13
98 31
98 36
98 45
98 72
98 95
98 97
98 105
98 112
98 130
98 131
98 137
98 142
98 145
98 156
98 162
98 171
98 172
98 179
98 183
98 201
98 226
98 236
99 37
99 57
99 61
99 84
99 94
99 107
99 118
99 126
99 129
99 132
99 143
99 168
99 190
99 201
99 206
99 223
99 224
99 243
100 13
100 18
100 28
100 36
100 43
100 44
100 45
100 73
100 82
100 93
100 107
100 119
100 122
100 126
100 172
100 196
100 217
100 219
100 222
100 233
100 241
101 6
101 25
101 86
101 92
101 103
101 106
101 111
101 132
101 148
101 190
101 201
101 207
101 244
102 20
102 22
102 29
102 43
102 72
102 95
102 103
102 107
102 108
102 134
102 195
102 199
103 16
103 19
103 28
103 41
103 49
103 52
103 56
103 59
103 61
103 63
103 85
103 91
103 93
103 100
103 134
103 140
103 143
103 182
103 227
104 22
104 28
104 29
104 47
104 114
104 119
104 135
104 138
104 176
104 183
104 198
104 207
104 242
104 243
105 15
105 18
105 21
105 30
105 33
105 35
105 43
105 45
105 58
105 64
105 68
105 90
105 121
105 127
105 128
105 139
105 142
105 151
105 154
105 181
105 196
105 202
105 205
105 231
105 245
106 2
106 9
106 10
106 15
106 26
106 30
106 50
106 56
106 63
106 76
106 123
106 131
106 133
106 141
106 148
106 166
106 172
106 175
106 191
106 213
106 215
106 218
106 229
107 8
107 22
107 30
107 32
107 61
107 81
107 97
107 146
107 171
107 201
107 216
107 238
108 45
108 47
108 52
108 70
108 87
108 104
108 109
108 135
108 142
108 143
108 144
108 170
108 183
108 229
108 245
109 4
109 16
109 17
109 23
109 40
109 44
109 48
109 54
109 56
109 76
109 80
109 83
109 99
109 120
109 123
109 124
109 133
109 143
109 169
109 181
109 191
109 202
109 244
110 6
110 18
110 22
110 24
110 38
110 48
110 61
110 90
110 113
110 117
110 121
110 126
110 172
110 203
110 205
110 210
110 213
110 226
110 234
111 6
111 20
111 26
111 28
111 35
111 36
111 37
111 45
111 49
111 61
111 65
111 74
111 75
111 98
111 120
111 149
111 158
111 199
111 200
111 208
111 241
112 25
112 29
112 33
112 42
112 54
112 56
112 58
112 63
112 68
112 72
112 80
112 94
112 100
112 102
112 164
112 205
112 214
112 229
112 235
113 2
113 8
113 9
113 18
113 35
113 46
113 56
113 87
113 108
113 114
113 126
113 140
113 148
113 152
113 160
113 163
113 186
113 195
113 208
113 219
113 225
113 239
114 9
114 11
114 22
114 24
114 91
114 98
114 136
114 143
114 147
114 160
114 163
114 176
114 183
114 191
114 196
114 204
114 210
114 214
114 217
114 240
115 12
115 27
115 35
115 38
115 47
115 54
115 76
115 77
115 82
115 103
115 106
115 138
115 142
115 145
115 146
115 155
115 191
115 227
115 237
115 248
116 20
116 21
116 31
116 34
116 40
116 45
116 81
116 98
116 101
116 128
116 141
116 162
116 168
116 181
116 199
116 215
117 8
117 9
117 24
117 37
117 46
117 49
117 68
117 69
117 83
117 107
117 109
117 124
117 130
117 154
117 192
117 193
117 216
117 218
117 234
117 241
118 5
118 15
118 36
118 84
118 96
118 105
118 112
118 113
118 125
118 134
118 146
118 160
118 171
118 173
118 194
118 213
118 222
118 223
118 247
119 32
119 34
119 40
119 44
119 64
119 68
119 78
119 125
119 135
119 142
119 155
119 156
119 174
119 175
119 184
119 194
119 211
119 222
119 238
119 242
120 25
120 33
120 40
120 51
120 76
120 82
120 99
120 112
120 115
120 126
120 133
120 136
120 168
120 190
120 226
120 239
120 249
121 4
121 16
121 36
121 43
121 47
121 48
121 49
121 65
121 71
121 81
121 86
121 91
121 122
121 131
121 139
121 162
121 192
121 195
121 221
122 22
122 28
122 35
122 45
122 60
122 72
122 81
122 84
122 86
122 123
122 124
122 136
122 152
122 163
122 184
122 190
122 202
122 207
122 219
122 220
122 221
122 243
122 244
123 12
123 29
123 60
123 66
123 83
123 87
123 89
123 126
123 139
123 173
123 195
123 199
123 217
124 6
124 15
124 21
124 40
124 42
124 51
124 55
124 86
124 91
124 116
124 120
124 147
124 166
124 169
124 170
124 181
124 184
124 188
124 191
124 197
124 199
124 223
124 224
124 245
125 29
125 61
125 67
125 69
125 74
125 84
125 91
125 109
125 128
125 138
125 141
125 155
125 164
125 168
125 204
125 227
125 246
125 250
126 7
126 11
126 15
126 17
126 24
126 25
126 55
126 63
126 69
126 70
126 72
126 75
126 83
126 84
126 91
126 101
126 106
126 115
126 116
126 125
126 128
126 162
126 165
126 167
126 187
126 213
126 228
126 234
126 244
127 8
127 22
127 32
127 40
127 48
127 62
127 63
127 66
127 74
127 83
127 98
127 160
127 162
127 193
127 206
128 37
128 66
128 68
128 74
128 100
128 103
128 109
128 111
128 115
128 140
128 149
128 156
128 160
128 170
128 179
128 180
128 188
128 192
128 197
128 205
128 213
128 218
128 227
128 233
128 239
129 7
129 27
129 42
129 43
129 56
129 64
129 85
129 96
129 112
129 120
129 134
129 141
129 179
129 190
129 193
129 196
129 210
129 223
129 238
129 240
129 247
129 249
130 1
130 30
130 38
130 47
130 62
130 96
130 99
130 119
130 132
130 133
130 151
130 154
130 161
130 163
130 170
130 197
130 209
130 216
130 226
130 236
130 237
131 4
131 9
131 15
131 17
131 19
131 30
131 40
131 44
131 81
131 104
131 105
131 113
131 124
131 148
131 161
131 167
131 168
131 191
131 197
131 201
131 209
131 228
131 234
131 240
131 248
132 10
132 18
132 21
132 22
132 30
132 36
132 44
132 52
132 63
132 73
132 76
132 96
132 98
132 105
132 110
132 157
132 159
132 165
132 168
132 177
132 196
132 207
132 210
132 213
132 223
132 235
133 33
133 41
133 47
133 76
133 104
133 129
133 140
133 146
133 163
133 210
133 219
133 235
134 44
134 62
134 155
134 162
134 167
134 168
134 180
134 196
134 200
134 203
134 205
134 207
134 213
134 222
134 238
134 244
135 6
135 33
135 78
135 91
135 107
135 112
135 114
135 132
135 133
135 141
135 158
135 178
135 217
135 218
135 237
135 239
135 241
135 247
136 19
136 26
136 72
136 75
136 80
136 89
136 101
136 107
136 161
136 178
136 180
136 186
136 187
136 198
136 206
136 211
136 212
136 224
136 240
137 2
137 10
137 29
137 38
137 48
137 73
137 82
137 85
137 104
137 108
137 119
137 142
137 161
137 166
137 170
137 196
137 203
137 219
137 243
138 5
138 16
138 17
138 26
138 33
138 44
138 61
138 63
138 66
138 83
138 89
138 92
138 95
138 123
138 176
138 182
138 248
139 2
139 9
139 19
139 22
139 50
139 52
139 65
139 69
139 76
139 96
139 97
139 109
139 131
139 135
139 146
139 150
139 183
139 191
139 197
139 210
139 222
139 235
139 239
140 9
140 18
140 30
140 39
140 41
140 54
140 63
140 81
140 111
140 112
140 134
140 147
140 159
140 170
140 198
140 212
140 225
140 240
140 247
140 249
141 17
141 23
141 38
141 45
141 46
141 52
141 68
141 72
141 75
141 104
141 121
141 136
141 142
141 144
141 194
141 195
141 196
141 229
141 232
141 238
141 249
141 250
142 9
142 37
142 50
142 54
142 57
142 70
142 73
142 81
142 85
142 95
142 102
142 109
142 110
142 140
142 160
142 186
142 192
142 207
142 224
142 235
142 244
143 13
143 30
143 36
143 55
143 60
143 100
143 107
143 110
143 111
143 117
143 140
143 144
143 169
143 183
143 193
143 198
143 199
143 202
143 205
143 220
143 232
143 241
143 250
144 9
144 11
144 24
144 31
144 41
144 47
144 51
144 65
144 72
144 85
144 106
144 113
144 130
144 132
144 145
144 153
144 155
144 158
144 162
144 171
144 179
144 186
144 193
144 224
145 1
145 2
145 7
145 8
145 13
145 17
145 37
145 43
145 47
145 70
145 94
145 105
145 128
145 131
145 151
145 170
145 174
145 179
145 194
145 199
145 208
145 209
145 238
145 244
146 33
146 37
146 81
146 93
146 98
146 106
146 122
146 127
146 130
146 135
146 137
146 142
146 188
146 189
146 198
146 243
147 7
147 12
147 13
147 30
147 37
147 57
147 74
147 108
147 117
147 123
147 130
147 137
147 145
147 149
147 150
147 153
147 160
147 173
147 221
147 228
147 240
148 6
148 23
148 32
148 34
148 42
148 50
148 77
148 91
148 120
148 134
148 137
148 169
148 175
148 181
148 186
148 199
148 241
148 242
148 249
149 10
149 12
149 32
149 40
149 42
149 63
149 69
149 71
149 78
149 79
149 89
149 110
149 133
149 158
149 181
149 189
149 212
149 222
149 229
149 242
149 246
150 5
150 20
150 49
150 85
150 113
150 138
150 151
150 154
150 179
150 182
150 188
150 195
150 240
151 38
151 52
151 73
151 74
151 87
151 98
151 110
151 114
151 119
151 121
151 123
151 124
151 152
151 169
151 174
151 178
151 225
151 244
152 1
152 9
152 15
152 42
152 47
152 49
152 76
152 82
152 106
152 108
152 116
152 124
152 139
152 141
152 157
152 164
152 170
152 207
152 220
152 226
152 247
153 18
153 38
153 88
153 96
153 102
153 107
153 120
153 125
153 141
153 160
153 163
153 174
153 186
153 220
153 230
154 11
154 12
154 24
154 36
154 38
154 43
154 70
154 75
154 82
154 85
154 96
154 135
154 138
154 144
154 155
154 172
154 175
154 177
154 188
154 193
154 197
154 205
154 222
154 226
154 230
154 244
155 26
155 31
155 50
155 66
155 79
155 85
155 90
155 103
155 105
155 116
155 117
155 142
155 150
155 156
155 162
155 164
155 184
155 194
155 219
155 221
155 235
155 243
155 244
155 245
155 248
155 249
156 21
156 32
156 44
156 69
156 88
156 117
156 121
156 123
156 125
156 147
156 148
156 149
156 160
156 168
156 176
156 212
156 234
157 37
157 40
157 62
157 68
157 69
157 74
157 79
157 83
157 84
157 93
157 105
157 106
157 114
157 117
157 131
157 173
157 188
157 196
157 218
157 227
157 239
157 240
158 7
158 12
158 13
158 14
158 18
158 20
158 22
158 53
158 61
158 70
158 72
158 83
158 99
158 105
158 108
158 122
158 157
158 163
158 166
158 180
158 183
158 194
158 196
158 214
158 217
158 229
158 231
159 4
159 34
159 36
159 56
159 67
159 77
159 79
159 85
159 91
159 120
159 154
159 166
159 171
159 175
159 176
159 201
159 212
159 223
160 27
160 29
160 51
160 56
160 58
160 60
160 61
160 77
160 86
160 110
160 125
160 126
160 136
160 137
160 141
160 159
160 161
160 176
160 182
160 202
160 219
160 226
160 228
160 229
160 234
161 15
161 21
161 23
161 29
161 38
161 44
161 59
161 76
161 77
161 88
161 90
161 99
161 111
161 112
161 133
161 143
161 172
161 197
161 235
162 1
162 29
162 37
162 39
162 50
162 55
162 61
162 64
162 87
162 100
162 118
162 139
162 145
162 151
162 156
162 158
162 167
162 175
162 177
162 197
162 200
162 202
162 204
162 215
162 227
162 232
162 238
163 13
163 21
163 42
163 74
163 78
163 87
163 88
163 91
163 115
163 117
163 118
163 155
163 172
163 173
163 174
163 185
163 187
163 190
163 208
163 214
163 245
164 9
164 20
164 35
164 39
164 53
164 55
164 64
164 67
164 75
164 84
164 85
164 91
164 93
164 96
164 110
164 126
164 141
164 145
164 159
164 162
164 167
164 168
164 172
164 183
164 191
164 193
164 207
164 213
164 230
164 234
164 242
165 9
165 18
165 19
165 33
165 73
165 75
165 80
165 102
165 114
165 121
165 125
165 128
165 153
165 159
165 174
165 179
165 203
165 213
165 217
165 229
165 233
165 241
165 242
166 23
166 29
166 40
166 44
166 46
166 50
166 54
166 74
166 89
166 97
166 110
166 134
166 141
166 142
166 150
166 162
166 169
166 218
166 236
166 242
166 246
167 6
167 22
167 38
167 41
167 52
167 59
167 69
167 102
167 104
167 111
167 119
167 132
167 133
167 148
167 153
167 159
167 174
167 191
167 219
167 226
167 229
167 233
167 244
167 248
168 10
168 12
168 19
168 59
168 74
168 77
168 79
168 90
168 143
168 145
168 146
168 152
168 165
168 180
168 201
168 202
168 238
169 25
169 41
169 49
169 62
169 68
169 73
169 81
169 82
169 87
169 93
169 97
169 98
169 120
169 139
169 182
169 234
169 242
170 14
170 44
170 50
170 52
170 53
170 102
170 107
170 118
170 132
170 165
170 176
170 204
170 218
170 232
170 236
171 15
171 19
171 52
171 61
171 73
171 85
171 120
171 122
171 130
171 132
171 135
171 157
171 183
171 191
171 203
171 204
171 209
171 216
171 227
171 249
172 13
172 17
172 18
172 24
172 29
172 45
172 65
172 69
172 85
172 93
172 127
172 135
172 137
172 162
172 175
172 182
172 192
172 196
172 198
172 225
173 7
173 49
173 53
173 76
173 85
173 86
173 91
173 114
173 124
173 125
173 140
173 160
173 166
173 176
173 183
173 189
173 199
173 235
173 236
173 241
173 248
174 14
174 20
174 25
174 29
174 38
174 75
174 81
174 123
174 127
174 131
174 132
174 150
174 154
174 173
174 179
174 204
174 223
174 241
174 250
175 9
175 51
175 52
175 59
175 63
175 76
175 102
175 107
175 110
175 137
175 161
175 163
175 185
175 191
175 193
175 205
175 221
176 11
176 15
176 16
176 39
176 54
176 66
176 85
176 88
176 89
176 115
176 126
176 129
176 131
176 132
176 143
176 166
176 182
176 185
176 193
176 199
176 213
176 227
176 234
176 238
176 240
177 1
177 4
177 77
177 80
177 89
177 92
177 96
177 104
177 111
177 152
177 171
177 180
177 201
177 208
177 209
177 211
177 227
177 232
177 236
177 242
177 244
177 249
178 4
178 6
178 51
178 58
178 76
178 86
178 122
178 132
178 142
178 147
178 163
178 190
178 199
178 207
178 227
178 231
178 241
178 250
179 12
179 25
179 33
179 41
179 47
179 61
179 73
179 96
179 109
179 115
179 119
179 120
179 158
179 161
179 163
179 170
179 181
179 215
179 216
179 240
179 249
180 15
180 27
180 71
180 87
180 99
180 102
180 111
180 132
180 141
180 187
180 188
180 193
180 246
180 249
181 33
181 38
181 51
181 76
181 99
181 120
181 134
181 137
181 138
181 142
181 150
181 162
181 221
181 239
181 245
182 16
182 17
182 21
182 22
182 29
182 30
182 40
182 56
182 91
182 114
182 119
182 142
182 148
182 171
182 181
182 195
182 226
183 6
183 11
183 16
183 25
183 38
183 41
183 43
183 92
183 113
183 117
183 119
183 120
183 121
183 130
183 148
183 149
183 157
183 178
183 187
183 213
183 249
184 9
184 12
184 14
184 18
184 33
184 40
184 54
184 58
184 61
184 77
184 84
184 102
184 104
184 126
184 134
184 138
184 145
184 151
184 170
184 176
184 189
184 194
184 207
184 247
185 17
185 31
185 35
185 65
185 79
185 103
185 131
185 145
185 146
185 151
185 160
185 164
185 166
185 188
185 198
185 204
185 210
185 211
185 244
185 250
186 4
186 18
186 19
186 29
186 34
186 51
186 59
186 79
186 89
186 97
186 105
186 110
186 119
186 129
186 140
186 146
186 149
186 152
186 164
186 173
186 220
186 228
187 12
187 27
187 37
187 39
187 42
187 58
187 62
187 64
187 69
187 75
187 85
187 88
187 95
187 112
187 113
187 131
187 138
187 142
187 153
187 157
187 158
187 164
187 231
187 241
188 1
188 13
188 18
188 21
188 25
188 26
188 68
188 71
188 81
188 87
188 105
188 111
188 116
188 117
188 122
188 149
188 153
188 159
188 194
188 209
188 216
188 217
189 9
189 44
189 49
189 67
189 68
189 71
189 87
189 97
189 100
189 102
189 104
189 118
189 121
189 128
189 130
189 164
189 170
189 198
189 203
189 206
189 208
189 227
189 228
190 1
190 16
190 40
190 58
190 74
190 84
190 86
190 102
190 109
190 114
190 152
190 160
190 183
190 184
190 189
190 199
190 206
190 213
190 221
190 230
191 28
191 37
191 52
191 75
191 117
191 122
191 123
191 132
191 137
191 153
191 180
191 184
191 187
191 212
191 213
191 221
191 228
191 231
191 235
192 6
192 10
192 14
192 33
192 79
192 85
192 95
192 96
192 103
192 104
192 106
192 130
192 147
192 159
192 163
192 179
192 187
192 195
192 232
192 235
192 238
192 246
193 5
193 10
193 23
193 57
193 58
193 86
193 128
193 133
193 142
193 147
193 152
193 186
193 201
193 224
193 231
193 234
193 236
193 240
194 3
194 12
194 16
194 19
194 34
194 45
194 78
194 88
194 91
194 96
194 105
194 110
194 140
194 166
194 167
194 179
194 189
194 200
194 202
194 208
194 216
194 233
194 241
194 248
194 250
195 6
195 23
195 37
195 41
195 47
195 59
195 61
195 66
195 99
195 103
195 107
195 109
195 137
195 165
195 167
195 175
195 184
195 193
195 234
195 244
196 2
196 18
196 22
196 26
196 43
196 61
196 71
196 95
196 123
196 130
196 159
196 163
196 178
196 186
196 194
196 212
196 216
196 231
196 234
196 246
197 14
197 29
197 37
197 46
197 47
197 52
197 62
197 106
197 108
197 111
197 115
197 123
197 133
197 150
197 153
197 155
197 163
197 179
197 180
197 189
197 219
197 240
198 20
198 36
198 66
198 73
198 79
198 80
198 90
198 100
198 105
198 106
198 115
198 167
198 170
198 184
198 190
198 202
198 208
198 209
198 212
198 213
198 219
198 227
198 231
199 8
199 9
199 14
199 19
199 39
199 42
199 44
199 56
199 68
199 87
199 94
199 167
199 168
199 179
199 197
199 217
199 220
200 10
200 11
200 49
200 53
200 61
200 65
200 78
200 79
200 81
200 88
200 90
200 98
200 131
200 150
200 155
200 167
200 172
200 173
200 174
200 187
200 192
200 195
200 203
200 212
200 231
200 237
200 238
200 239
200 240
200 242
201 4
201 33
201 39
201 46
201 57
201 69
201 72
201 73
201 77
201 104
201 114
201 123
201 161
201 165
201 169
201 202
201 232
201 245
202 7
202 18
202 29
202 36
202 63
202 74
202 107
202 115
202 126
202 133
202 158
202 165
202 172
202 185
202 214
202 220
202 223
202 228
202 234
202 240
202 243
202 249
203 5
203 8
203 19
203 21
203 37
203 70
203 80
203 82
203 99
203 113
203 120
203 124
203 127
203 133
203 201
203 215
203 216
203 240
204 15
204 50
204 54
204 56
204 70
204 110
204 113
204 123
204 128
204 130
204 159
204 165
204 166
204 167
204 177
204 182
204 200
204 216
204 223
204 225
204 241
205 23
205 25
205 48
205 56
205 71
205 80
205 95
205 108
205 109
205 116
205 136
205 137
205 138
205 139
205 144
205 162
205 192
205 199
205 235
205 242
205 243
205 247
206 1
206 13
206 33
206 44
206 50
206 57
206 63
206 67
206 73
206 76
206 79
206 90
206 95
206 108
206 121
206 124
206 128
206 137
206 144
206 180
206 187
206 221
206 241
206 250
207 17
207 18
207 20
207 47
207 52
207 60
207 108
207 121
207 126
207 128
207 136
207 151
207 160
207 182
207 183
207 196
207 216
207 222
208 18
208 21
208 28
208 30
208 35
208 36
208 40
208 61
208 62
208 85
208 89
208 94
208 99
208 126
208 130
208 140
208 160
208 165
208 168
208 174
208 193
208 230
208 240
208 245
209 34
209 66
209 116
209 117
209 121
209 161
209 165
209 166
209 173
209 174
209 175
209 187
209 215
210 26
210 52
210 56
210 67
210 74
210 79
210 80
210 81
210 145
210 150
210 152
210 159
210 160
210 163
210 173
210 181
210 184
210 191
210 194
210 218
210 223
210 224
210 229
210 243
211 12
211 19
211 33
211 37
211 55
211 67
211 76
211 83
211 96
211 134
211 139
211 160
211 172
211 175
211 176
211 199
211 212
211 235
211 244
212 8
212 13
212 15
212 18
212 46
212 55
212 58
212 85
212 89
212 98
212 101
212 103
212 104
212 112
212 117
212 139
212 155
212 160
212 161
212 177
212 180
212 193
212 203
212 205
212 213
212 215
212 226
212 230
213 10
213 20
213 24
213 43
213 55
213 65
213 75
213 81
213 83
213 96
213 98
213 105
213 112
213 155
213 157
213 172
213 197
213 222
213 227
213 231
214 24
214 26
214 38
214 54
214 80
214 85
214 88
214 117
214 122
214 143
214 149
214 156
214 162
214 175
214 181
214 186
214 206
214 227
214 229
214 232
214 241
214 242
214 244
215 51
215 56
215 62
215 73
215 86
215 91
215 101
215 105
215 128
215 141
215 151
215 161
215 164
215 166
215 186
215 190
215 202
215 208
215 229
215 235
215 247
215 250
216 2
216 11
216 12
216 30
216 35
216 77
216 81
216 95
216 98
216 113
216 123
216 139
216 140
216 162
216 182
216 195
216 197
216 231
216 250
217 3
217 15
217 22
217 25
217 38
217 47
217 48
217 79
217 89
217 96
217 105
217 125
217 133
217 177
217 178
217 191
217 200
217 203
217 205
217 215
217 218
217 227
217 231
218 20
218 36
218 38
218 39
218 71
218 77
218 124
218 144
218 153
218 161
218 164
218 167
218 177
218 190
218 194
218 203
218 212
218 220
218 234
218 235
218 249
219 1
219 9
219 58
219 79
219 105
219 111
219 119
219 153
219 164
219 168
219 179
219 183
219 184
219 209
219 233
219 238
220 4
220 7
220 27
220 35
220 40
220 52
220 59
220 77
220 86
220 87
220 97
220 117
220 154
220 164
220 174
220 180
220 184
220 194
220 197
220 207
220 212
220 224
221 9
221 12
221 39
221 59
221 62
221 89
221 90
221 97
221 98
221 104
221 146
221 176
221 184
221 194
221 200
221 205
221 210
221 233
221 235
221 245
222 8
222 25
222 53
222 70
222 91
222 92
222 129
222 136
222 147
222 148
222 165
222 190
222 195
222 205
222 211
222 212
222 225
223 7
223 57
223 61
223 65
223 67
223 73
223 86
223 94
223 108
223 134
223 142
223 151
223 162
223 165
223 212
223 225
223 226
223 245
224 31
224 57
224 76
224 101
224 105
224 146
224 169
224 174
224 189
224 196
224 222
224 236
225 6
225 11
225 16
225 34
225 38
225 46
225 48
225 49
225 69
225 70
225 75
225 100
225 104
225 124
225 127
225 130
225 139
225 150
225 154
225 161
225 178
225 184
225 198
225 214
225 237
225 239
225 241
226 2
226 3
226 23
226 50
226 59
226 148
226 151
226 180
226 195
226 202
226 206
226 217
226 221
226 227
226 232
227 38
227 49
227 53
227 56
227 63
227 83
227 95
227 118
227 127
227 132
227 148
227 153
227 175
227 181
227 182
227 197
227 202
227 233
227 238
227 242
228 4
228 6
228 8
228 9
228 18
228 23
228 32
228 46
228 50
228 54
228 56
228 66
228 74
228 84
228 92
228 103
228 111
228 139
228 140
228 142
228 146
228 149
228 153
228 196
228 204
228 209
228 217
228 218
228 230
229 17
229 18
229 22
229 29
229 39
229 46
229 54
229 63
229 91
229 104
229 109
229 116
229 124
229 128
229 136
229 145
229 146
229 168
229 183
229 185
229 204
229 221
229 222
229 241
229 242
230 6
230 31
230 32
230 54
230 55
230 64
230 68
230 83
230 87
230 94
230 98
230 101
230 104
230 117
230 133
230 135
230 139
230 166
230 167
230 195
230 204
230 205
230 210
230 231
230 236
231 46
231 53
231 59
231 67
231 79
231 86
231 93
231 110
231 135
231 145
231 146
231 159
231 165
231 177
231 179
231 204
231 227
231 234
231 238
232 6
232 41
232 65
232 75
232 80
232 87
232 90
232 111
232 120
232 131
232 140
232 152
232 158
232 163
232 172
232 190
232 235
232 236
232 239
233 29
233 31
233 52
233 72
233 85
233 87
233 88
233 132
233 135
233 139
233 175
233 179
233 185
233 200
233 228
233 248
234 10
234 11
234 27
234 56
234 63
234 71
234 87
234 99
234 106
234 107
234 119
234 157
234 159
234 175
234 189
234 225
234 249
234 250
235 71
235 72
235 92
235 115
235 141
235 148
235 162
235 179
235 182
235 185
235 199
235 204
235 210
235 216
235 224
235 230
235 233
235 236
235 242
235 246
235 247
236 1
236 24
236 65
236 83
236 96
236 107
236 111
236 115
236 116
236 134
236 178
236 200
236 212
236 215
236 227
236 231
236 242
236 248
236 249
237 24
237 29
237 39
237 50
237 60
237 74
237 104
237 108
237 114
237 128
237 151
237 181
237 185
237 188
237 209
237 223
237 226
237 227
237 236
238 22
238 34
238 37
238 44
238 59
238 66
238 72
238 81
238 85
238 98
238 110
238 116
238 138
238 172
238 181
238 190
238 203
238 221
239 2
239 10
239 12
239 15
239 17
239 25
239 29
239 76
239 87
239 93
239 105
239 111
239 127
239 144
239 178
239 206
240 16
240 26
240 30
240 33
240 57
240 66
240 71
240 76
240 120
240 126
240 139
240 143
240 159
240 174
240 188
240 190
240 207
240 219
241 1
241 22
241 41
241 43
241 50
241 80
241 106
241 118
241 133
241 136
241 149
241 158
241 169
241 181
241 193
241 195
242 20
242 25
242 34
242 66
242 84
242 92
242 112
242 130
242 140
242 163
242 167
242 173
242 188
242 206
242 216
242 226
242 249
243 31
243 39
243 60
243 62
243 77
243 101
243 108
243 131
243 133
243 156
243 164
243 171
243 181
243 203
243 228
243 248
244 2
244 4
244 23
244 30
244 61
244 70
244 73
244 88
244 93
244 103
244 105
244 117
244 152
244 161
244 178
244 182
244 183
244 184
244 189
244 193
244 194
244 201
244 222
244 225
245 1
245 8
245 30
245 33
245 39
245 59
245 61
245 69
245 78
245 100
245 106
245 107
245 113
245 120
245 132
245 157
245 164
245 174
245 176
245 197
245 203
245 210
245 213
245 229
245 235
246 13
246 15
246 21
246 23
246 35
246 78
246 80
246 95
246 104
246 111
246 118
246 137
246 204
246 206
246 220
246 228
246 239
247 3
247 5
247 42
247 52
247 61
247 67
247 68
247 75
247 112
247 128
247 144
247 148
247 150
247 153
247 182
247 227
247 249
248 2
248 6
248 39
248 40
248 56
248 65
248 72
248 81
248 98
248 113
248 120
248 149
248 163
248 183
248 203
248 216
248 246
249 25
249 43
249 66
249 73
249 74
249 93
249 99
249 109
249 114
249 119
249 143
249 173
249 209
249 212
249 217
249 231
250 32
250 45
250 73
250 114
250 117
250 120
250 124
250 132
250 150
250 151
250 154
250 158
250 172
250 189
250 190
250 198
250 200
250 229
250 230

