250 3000
35 40 39 28 20 34 51 99 61 116 35 110 85 96 31 84 62 118 96 100 43 120 51 62 103 116 23 33 74 86 32 29 70 89 100 31 60 57 44 48 23 117 116 29 70 115 59 102 80 40 38 63 84 51 101 47 114 93 101 98 100 53 76 99 61 65 86 44 80 40 94 96 61 81 95 36 111 104 102 31 64 62 61 33 60 70 116 74 100 58 77 58 33 84 69 100 94 24 36 32 63 59 70 75 23 103 87 68 41 42 115 66 34 83 71 31 35 25 45 83 41 87 65 98 115 69 110 23 43 60 36 71 81 25 35 61 42 88 120 35 20 35 87 81 111 60 43 28 26 76 51 63 44 111 87 73 96 56 27 91 53 110 28 20 39 51 109 109 118 84 73 86 63 108 60 63 114 112 58 79 48 52 24 72 79 87 37 87 41 108 116 55 53 91 73 86 117 76 22 62 91 41 69 56 68 47 102 90 40 81 41 52 111 67 99 80 100 39 107 20 105 79 63 80 27 120 82 53 83 57 23 64 88 36 67 39 103 53 36 45 76 72 107 21 61 111 66 77 68 80 
1 20
1 30
1 54
1 57
1 84
1 109
1 125
1 174
1 237
2 18
2 33
2 73
2 91
2 99
2 144
2 206
2 212
2 216
2 222
3 77
3 114
3 124
3 153
3 156
3 173
3 200
3 204
3 233
3 242
4 25
4 38
4 67
4 78
4 110
4 134
4 153
4 166
4 170
4 188
4 207
4 230
5 79
5 111
5 120
5 131
5 142
5 187
5 200
5 210
5 237
5 241
5 243
6 4
6 19
6 36
6 59
6 60
6 96
6 128
6 144
6 160
6 168
6 213
6 240
6 241
7 2
7 15
7 70
7 90
7 101
7 104
7 108
7 119
7 214
7 216
7 220
8 21
8 23
8 28
8 52
8 109
8 170
8 195
8 219
8 220
8 228
8 235
9 4
9 29
9 54
9 56
9 61
9 85
9 96
9 108
9 128
9 145
9 154
9 228
9 230
9 243
9 244
10 30
10 32
10 98
10 143
10 167
10 212
10 213
10 216
11 45
11 60
11 92
11 109
11 114
11 124
11 137
11 181
11 209
11 216
12 15
12 47
12 65
12 82
12 105
12 129
12 135
12 152
12 162
12 194
12 211
12 223
13 46
13 140
13 152
13 160
13 171
13 222
13 232
14 1
14 24
14 26
14 29
14 54
14 71
14 85
14 87
14 91
14 116
14 136
14 163
14 165
14 202
14 227
15 1
15 51
15 79
15 158
15 171
15 185
15 209
15 248
16 25
16 38
16 59
16 68
16 95
16 101
16 120
16 142
16 154
16 164
16 178
16 225
17 11
17 24
17 41
17 54
17 68
17 72
17 140
17 142
17 158
17 175
17 178
17 182
17 185
17 219
17 233
17 243
18 1
18 4
18 5
18 87
18 90
18 100
18 125
18 126
18 149
18 165
18 169
18 170
18 227
18 236
19 2
19 22
19 82
19 115
19 177
19 207
19 242
20 2
20 15
20 29
20 31
20 100
20 102
20 113
20 143
20 152
20 182
20 218
20 232
21 1
21 9
21 16
21 19
21 46
21 47
21 48
21 59
21 84
21 98
21 105
21 115
21 118
21 138
21 149
21 158
21 174
21 190
21 214
21 223
21 227
21 247
22 7
22 23
22 37
22 66
22 94
22 99
22 123
22 137
22 224
22 226
22 228
22 239
23 13
23 26
23 47
23 101
23 144
23 146
23 155
23 171
23 172
23 187
23 196
24 1
24 6
24 9
24 19
24 23
24 32
24 48
24 61
24 62
24 64
24 137
24 173
24 177
24 185
24 192
24 224
24 230
25 12
25 22
25 37
25 39
25 89
25 95
25 101
25 137
25 141
25 176
25 184
25 192
25 193
25 203
25 243
26 3
26 27
26 43
26 66
26 83
26 101
26 113
26 125
26 139
26 140
26 180
26 210
26 212
26 213
26 226
27 8
27 10
27 17
27 23
27 39
27 42
27 57
27 59
27 81
27 86
27 96
27 128
27 133
27 142
27 144
27 205
27 209
27 211
28 15
28 41
28 56
28 59
28 67
28 119
28 163
28 181
28 193
28 210
28 235
29 11
29 52
29 95
29 100
29 112
29 121
29 129
29 150
29 162
29 165
29 216
30 2
30 5
30 73
30 77
30 132
30 135
30 144
30 153
30 154
30 157
30 173
30 192
30 219
30 238
30 244
30 250
31 21
31 46
31 55
31 56
31 91
31 105
31 108
31 145
31 212
31 227
31 231
31 244
32 3
32 55
32 87
32 131
32 154
32 248
33 12
33 26
33 30
33 72
33 89
33 115
33 132
33 150
33 157
33 234
33 247
34 3
34 90
34 97
34 100
34 112
34 122
34 149
34 171
34 172
34 187
34 209
34 229
35 5
35 99
35 116
35 120
35 141
35 161
35 183
35 197
35 212
35 228
35 235
36 16
36 19
36 34
36 76
36 88
36 95
36 124
36 145
36 173
37 2
37 24
37 32
37 49
37 127
37 128
37 142
37 144
37 153
37 219
37 226
37 245
37 246
38 3
38 22
38 44
38 60
38 78
38 81
38 85
38 86
38 92
38 103
38 143
38 144
38 149
38 153
38 155
38 173
38 202
38 233
38 242
39 9
39 28
39 45
39 59
39 66
39 98
39 104
39 105
39 168
39 181
39 187
39 215
39 217
40 3
40 7
40 22
40 34
40 47
40 57
40 62
40 66
40 84
40 129
40 138
40 141
40 149
40 161
40 176
40 184
40 216
40 217
40 229
41 14
41 38
41 51
41 82
41 97
41 104
41 122
41 132
41 136
41 154
41 156
41 162
41 169
41 176
41 195
41 213
41 217
41 237
42 6
42 33
42 34
42 56
42 63
42 91
42 116
42 160
42 162
42 170
42 200
43 10
43 17
43 20
43 84
43 99
43 113
43 127
43 182
43 187
43 198
43 225
44 14
44 37
44 43
44 95
44 103
44 125
44 131
44 206
44 217
44 231
44 237
44 249
45 2
45 47
45 50
45 70
45 72
45 81
45 113
45 117
45 146
45 178
45 201
45 213
45 223
46 45
46 74
46 82
46 90
46 95
46 129
46 134
46 156
46 161
46 170
46 184
46 220
47 8
47 25
47 80
47 92
47 93
47 100
47 111
47 114
47 117
47 119
47 132
47 136
47 145
47 216
47 223
47 228
48 36
48 41
48 56
48 62
48 113
48 125
48 133
48 188
48 209
48 213
48 222
49 47
49 58
49 62
49 170
49 179
50 22
50 31
50 46
50 120
50 131
50 143
50 227
51 4
51 17
51 19
51 47
51 114
51 137
51 165
51 174
51 199
51 206
51 220
51 226
51 233
52 27
52 83
52 92
52 103
52 110
52 111
52 125
52 136
52 142
52 164
52 166
52 173
52 206
52 227
52 240
53 4
53 38
53 89
53 93
53 130
53 167
54 19
54 22
54 59
54 65
54 111
54 126
54 136
54 142
54 186
54 201
54 203
55 8
55 23
55 56
55 85
55 90
55 97
55 131
55 137
55 138
55 158
55 181
55 185
55 224
55 226
56 8
56 18
56 60
56 90
56 108
56 131
56 137
56 142
56 151
56 157
56 163
56 189
56 194
56 211
56 219
57 4
57 24
57 33
57 61
57 90
57 94
57 100
57 105
57 108
57 112
57 130
57 166
57 242
58 14
58 71
58 77
58 81
58 113
58 177
58 184
58 199
58 203
58 233
59 31
59 53
59 75
59 84
59 151
59 171
59 187
59 201
59 210
59 221
59 226
60 29
60 65
60 97
60 98
60 137
60 143
60 146
60 173
60 214
61 41
61 51
61 72
61 104
61 118
61 142
61 192
61 194
61 214
61 238
61 245
62 44
62 45
62 63
62 84
62 93
62 99
62 104
62 113
62 115
62 123
62 189
62 192
62 200
62 210
62 221
63 8
63 26
63 44
63 54
63 60
63 85
63 87
63 135
63 136
63 140
63 143
63 157
63 172
63 177
63 193
63 217
63 221
63 230
63 235
64 3
64 6
64 8
64 42
64 59
64 146
64 147
64 157
64 164
64 200
64 210
64 219
64 220
64 228
65 44
65 80
65 95
65 103
65 127
65 133
65 160
65 183
65 214
65 236
66 6
66 23
66 59
66 73
66 75
66 84
66 94
66 96
66 130
66 132
66 189
66 200
66 211
66 219
66 220
66 227
66 238
66 244
66 248
67 11
67 13
67 25
67 54
67 90
67 123
67 127
67 132
67 148
67 164
67 193
67 195
67 210
67 213
67 223
67 224
67 237
68 24
68 31
68 43
68 101
68 112
68 117
68 121
68 144
68 156
68 160
68 194
68 224
68 239
69 7
69 16
69 92
69 102
69 118
69 178
69 181
70 18
70 20
70 22
70 33
70 75
70 122
70 127
70 173
70 185
70 196
70 215
70 236
70 241
71 8
71 11
71 46
71 66
71 77
71 98
71 122
71 188
71 211
71 246
72 23
72 25
72 30
72 54
72 66
72 96
72 117
72 162
72 201
72 220
72 242
72 247
73 26
73 53
73 68
73 155
73 173
73 177
73 180
73 199
73 203
73 221
73 239
74 82
74 128
74 144
74 152
74 160
74 161
74 176
74 179
74 190
74 227
75 13
75 25
75 76
75 81
75 109
75 149
75 170
75 187
75 188
75 192
75 215
75 220
76 10
76 11
76 45
76 69
76 73
76 77
76 105
76 109
76 139
76 188
76 240
76 245
76 247
77 13
77 54
77 78
77 101
77 137
77 145
77 161
77 165
77 182
77 195
77 214
77 223
77 228
77 232
78 10
78 35
78 121
78 138
78 171
78 178
79 1
79 58
79 65
79 99
79 114
79 123
79 128
79 139
79 166
79 239
79 246
80 10
80 23
80 93
80 131
80 148
80 152
80 166
80 180
80 199
81 8
81 12
81 17
81 30
81 34
81 36
81 83
81 136
81 137
81 142
81 144
81 153
81 177
81 183
81 185
81 216
81 231
82 13
82 49
82 61
82 121
82 136
82 145
82 158
82 178
82 182
82 191
82 204
82 225
82 227
83 23
83 46
83 58
83 107
83 124
83 180
83 188
83 193
83 237
84 96
84 108
84 147
84 187
84 239
84 247
85 13
85 28
85 51
85 96
85 107
85 116
85 162
85 168
85 187
85 201
85 203
85 240
86 3
86 16
86 20
86 45
86 55
86 82
86 84
86 123
86 136
86 162
86 169
86 174
86 176
86 187
86 212
86 242
86 246
87 19
87 95
87 105
87 149
87 189
87 197
87 235
87 239
88 39
88 53
88 87
88 96
88 97
88 123
88 163
88 166
88 199
88 219
88 221
88 224
88 237
89 3
89 19
89 40
89 63
89 67
89 69
89 72
89 76
89 111
89 118
89 139
89 165
89 168
89 179
89 185
89 229
89 239
90 10
90 26
90 42
90 64
90 101
90 118
90 119
90 172
90 197
90 202
90 204
90 211
91 15
91 57
91 68
91 132
91 137
91 138
91 141
91 142
91 160
91 164
91 184
91 196
91 222
92 1
92 39
92 67
92 80
92 94
92 97
92 145
92 203
92 236
92 247
93 2
93 7
93 55
93 82
93 88
93 111
93 118
93 132
93 133
93 157
93 191
93 213
93 214
93 226
93 227
94 3
94 11
94 16
94 47
94 56
94 72
94 80
94 90
94 112
94 127
94 131
94 177
95 10
95 39
95 54
95 63
95 66
95 82
95 83
95 92
95 93
95 119
95 135
95 138
95 147
95 150
95 156
95 186
95 194
95 202
95 206
95 219
95 225
96 16
96 30
96 43
96 77
96 86
96 102
96 137
96 139
96 142
96 160
96 211
97 2
97 15
97 39
97 44
97 66
97 70
97 73
97 80
97 144
97 170
97 183
97 186
97 188
97 193
97 198
98 44
98 56
98 78
98 87
98 127
98 148
98 162
99 4
99 32
99 89
99 150
99 180
99 193
99 231
100 64
100 74
100 77
100 137
100 204
100 227
100 231
100 243
101 11
101 63
101 65
101 69
101 79
101 95
101 113
101 120
101 142
101 152
101 178
101 181
101 186
101 221
101 224
101 238
102 28
102 53
102 55
102 67
102 94
102 108
102 110
102 141
102 143
102 145
102 146
102 148
102 226
103 53
103 86
103 121
103 126
103 132
103 168
103 249
104 9
104 25
104 36
104 48
104 57
104 114
104 129
104 137
104 139
104 169
104 190
104 196
104 247
105 51
105 60
105 113
105 142
105 148
105 155
105 164
105 170
105 222
105 231
105 233
105 239
106 8
106 15
106 21
106 62
106 98
106 139
106 150
106 160
106 226
107 27
107 43
107 60
107 68
107 79
107 110
107 115
107 122
107 142
107 164
107 167
107 174
107 180
107 186
107 195
107 206
107 217
108 16
108 39
108 40
108 71
108 77
108 119
108 128
108 151
108 174
108 184
108 209
109 34
109 56
109 111
109 177
109 181
109 199
109 215
109 217
109 222
109 235
109 246
110 19
110 26
110 40
110 113
110 137
110 170
110 201
110 219
110 225
111 25
111 63
111 73
111 86
111 108
111 147
111 148
111 187
111 202
112 12
112 24
112 27
112 43
112 48
112 54
112 69
112 79
112 115
112 141
112 147
112 169
112 186
112 214
113 1
113 16
113 22
113 33
113 78
113 81
113 92
113 99
113 136
113 149
113 176
113 178
113 181
113 190
113 204
113 214
113 250
114 45
114 75
114 84
114 88
114 97
114 116
114 135
114 143
114 186
115 2
115 14
115 16
115 23
115 27
115 32
115 38
115 39
115 47
115 48
115 89
115 92
115 100
115 106
115 117
115 123
115 139
115 221
115 225
115 234
116 52
116 75
116 90
116 94
116 115
116 154
116 183
116 209
117 18
117 20
117 30
117 42
117 48
117 52
117 97
117 103
117 124
117 137
117 174
117 195
117 202
118 5
118 26
118 60
118 63
118 119
118 174
118 176
118 193
118 202
119 5
119 31
119 48
119 155
119 175
119 176
119 178
119 183
119 185
119 199
119 203
119 222
120 28
120 66
120 82
120 90
120 92
120 95
120 104
120 114
120 123
120 140
120 163
120 219
120 241
121 17
121 38
121 67
121 76
121 80
121 107
121 115
121 125
121 131
121 185
121 197
121 222
121 239
122 8
122 15
122 19
122 27
122 30
122 68
122 132
122 136
122 157
122 170
122 204
122 218
123 3
123 14
123 18
123 60
123 91
123 93
123 152
123 187
123 192
123 220
124 8
124 34
124 35
124 43
124 57
124 63
124 84
124 95
124 102
124 111
124 120
124 137
124 159
124 199
124 214
124 239
125 7
125 8
125 38
125 53
125 112
125 147
125 188
125 208
125 209
125 210
126 29
126 38
126 63
126 136
126 139
126 145
126 147
126 149
126 177
126 196
126 235
127 22
127 80
127 124
127 153
127 186
127 233
127 238
127 241
128 24
128 89
128 90
128 109
128 112
128 132
128 147
128 207
128 223
129 18
129 36
129 43
129 48
129 54
129 114
129 127
129 128
129 199
129 205
129 225
129 241
129 245
130 4
130 7
130 31
130 177
130 178
130 194
130 203
130 223
130 230
130 238
131 24
131 27
131 63
131 76
131 85
131 104
131 105
131 107
131 115
131 194
131 196
131 245
132 11
132 17
132 72
132 95
132 105
132 119
132 184
132 188
132 191
132 193
132 207
133 28
133 66
133 92
133 155
133 168
133 184
133 225
133 244
134 11
134 16
134 58
134 175
134 198
134 204
134 226
135 54
135 105
135 131
135 136
135 182
135 204
135 211
135 219
135 220
135 231
135 248
136 25
136 28
136 56
136 59
136 97
136 117
136 149
136 195
136 224
136 227
137 49
137 140
137 148
137 171
137 185
137 222
137 236
138 2
138 67
138 104
138 132
138 137
138 143
138 158
138 168
138 172
138 234
139 90
139 102
139 121
139 161
139 167
139 172
139 179
140 36
140 73
140 93
140 106
140 118
140 119
140 144
140 169
140 202
140 208
140 238
140 241
140 247
141 1
141 11
141 27
141 28
141 29
141 30
141 53
141 54
141 61
141 75
141 90
141 156
141 160
141 173
141 218
141 238
141 248
142 13
142 33
142 83
142 106
142 119
142 196
142 233
142 250
143 34
143 98
143 103
143 141
143 172
143 182
143 206
143 213
143 217
143 240
143 250
144 59
144 105
144 115
144 158
144 199
144 233
145 76
145 86
145 99
145 127
145 137
145 149
145 157
145 162
145 189
145 239
145 244
146 6
146 7
146 61
146 62
146 205
146 222
146 233
146 249
147 14
147 58
147 65
147 67
147 88
147 105
147 137
147 162
147 212
147 225
147 234
148 21
148 31
148 34
148 116
148 119
148 142
148 191
148 223
148 241
149 4
149 9
149 15
149 42
149 67
149 84
149 85
149 109
149 146
149 180
149 183
149 221
149 228
149 238
149 250
150 2
150 31
150 38
150 47
150 118
150 128
150 141
150 146
150 153
150 186
150 197
150 245
151 35
151 41
151 60
151 88
151 107
151 128
151 140
151 159
151 202
151 208
152 61
152 129
152 144
152 163
152 225
152 236
152 241
153 24
153 29
153 42
153 47
153 90
153 97
153 105
153 149
153 151
153 165
153 183
153 222
153 225
154 124
154 141
154 192
154 220
154 229
155 4
155 8
155 19
155 47
155 78
155 128
155 130
155 153
155 159
155 160
155 187
155 223
156 35
156 36
156 38
156 94
156 104
156 134
156 163
156 175
156 178
156 197
156 199
156 228
156 232
156 247
157 37
157 40
157 68
157 71
157 77
157 95
157 99
157 101
157 108
157 110
157 134
157 142
157 159
157 165
157 224
157 225
157 240
158 3
158 28
158 39
158 41
158 72
158 75
158 100
158 103
158 107
158 116
158 146
158 156
158 163
158 203
158 206
158 219
158 235
159 18
159 21
159 59
159 65
159 75
159 83
159 118
159 135
159 142
159 148
159 172
159 190
159 216
160 5
160 23
160 88
160 114
160 159
160 219
160 222
160 233
161 12
161 30
161 55
161 58
161 87
161 96
161 99
161 101
161 196
161 202
161 248
162 5
162 48
162 56
162 62
162 82
162 87
162 92
162 110
162 163
162 170
162 195
162 217
162 220
162 235
162 238
162 241
162 249
163 10
163 64
163 128
163 189
164 10
164 11
164 24
164 26
164 81
164 106
164 112
164 126
164 130
164 146
164 150
164 152
164 155
164 180
164 187
164 189
164 218
165 50
165 64
165 81
165 119
165 139
165 186
165 189
165 230
165 240
165 249
166 25
166 41
166 59
166 64
166 105
166 110
166 121
166 176
166 221
166 237
166 239
166 244
166 250
167 46
167 77
167 108
167 121
167 127
167 145
167 149
167 157
167 188
167 234
167 236
168 8
168 31
168 56
168 61
168 132
168 145
168 199
169 7
169 72
169 87
169 116
169 151
169 167
169 190
169 204
169 212
169 229
169 243
170 27
170 30
170 32
170 35
170 82
170 84
170 85
170 114
170 127
170 134
170 164
170 183
170 187
170 232
171 2
171 28
171 46
171 52
171 54
171 80
171 86
171 122
171 135
171 141
171 142
171 162
171 177
171 194
171 214
171 250
172 28
172 30
172 40
172 62
172 71
172 72
172 89
172 91
172 101
172 141
172 179
172 206
172 224
172 238
172 247
173 1
173 27
173 43
173 46
173 88
173 117
173 123
173 151
173 161
173 162
173 189
173 202
173 218
173 230
174 36
174 50
174 85
174 145
174 180
174 188
174 210
174 212
174 217
174 232
174 246
175 25
175 43
175 48
175 74
175 82
175 92
175 109
175 111
175 152
175 190
175 195
175 214
175 238
175 243
176 8
176 54
176 71
176 90
176 125
176 135
176 165
176 187
176 250
177 9
177 33
177 44
177 84
177 103
177 129
177 131
177 199
177 221
177 222
177 243
177 246
178 13
178 37
178 71
178 77
178 115
178 121
178 125
178 138
178 149
178 158
178 189
179 1
179 14
179 37
179 57
179 75
179 79
179 112
179 116
179 147
179 228
180 2
180 3
180 28
180 57
180 68
180 79
180 86
180 129
180 175
180 205
180 214
180 223
180 229
180 234
180 241
180 242
181 10
181 53
181 125
181 130
181 134
181 175
181 189
181 193
181 212
181 232
181 244
182 2
182 8
182 13
182 18
182 41
182 47
182 67
182 154
182 166
182 168
182 245
183 5
183 11
183 31
183 45
183 61
183 87
183 154
183 241
184 28
184 30
184 36
184 44
184 81
184 82
184 89
184 101
184 141
184 164
184 167
184 174
184 178
184 195
184 203
184 206
184 210
184 246
185 18
185 20
185 35
185 46
185 76
185 100
185 105
185 108
185 136
185 141
185 144
185 200
185 208
186 5
186 39
186 48
186 91
186 106
186 118
186 189
186 190
186 230
186 236
186 239
186 248
186 250
187 3
187 19
187 56
187 94
187 143
187 154
187 177
187 237
188 28
188 32
188 39
188 44
188 84
188 94
188 106
188 133
188 179
188 197
188 207
188 215
188 227
188 238
189 10
189 12
189 32
189 91
189 92
189 94
189 100
189 106
189 107
189 139
189 143
189 161
189 213
189 216
190 28
190 44
190 72
190 142
190 191
190 207
190 230
190 244
190 246
191 47
191 49
191 81
191 86
191 89
191 91
191 100
191 103
191 105
191 107
191 121
191 138
191 156
191 180
191 208
191 236
191 247
191 250
192 32
192 107
192 124
192 132
192 138
192 186
192 197
192 231
192 247
193 21
193 29
193 184
193 194
193 198
193 202
193 219
193 221
193 237
193 243
193 245
194 48
194 52
194 59
194 75
194 97
194 124
194 139
194 155
194 186
194 230
194 231
194 246
195 50
195 52
195 62
195 96
195 126
195 133
195 134
195 141
195 165
195 167
195 174
195 189
195 196
195 210
195 221
195 239
196 12
196 15
196 22
196 42
196 72
196 87
196 96
196 103
196 107
196 116
196 134
196 149
196 193
196 226
196 239
196 250
197 46
197 54
197 74
197 111
197 112
197 135
197 161
197 165
197 175
197 198
197 225
197 239
198 3
198 29
198 54
198 66
198 82
198 104
198 117
198 139
198 153
198 157
199 35
199 65
199 85
199 122
199 126
199 130
199 134
199 180
199 189
199 197
199 211
199 217
199 239
200 38
200 70
200 89
200 113
200 148
200 171
200 183
200 191
200 228
200 229
200 233
200 240
201 19
201 90
201 91
201 92
201 105
201 112
201 153
201 157
201 170
201 182
201 193
202 13
202 29
202 44
202 66
202 82
202 121
203 29
203 57
203 62
203 65
203 69
203 77
203 82
203 112
203 129
203 140
203 143
203 152
203 161
203 173
203 196
203 212
203 218
203 219
203 240
203 242
203 247
204 2
204 16
204 41
204 83
204 92
204 182
204 201
204 202
205 33
205 51
205 84
205 109
205 132
205 167
205 178
205 198
205 229
205 235
206 11
206 39
206 47
206 50
206 91
206 104
206 128
206 133
206 135
206 141
206 183
206 223
206 234
206 235
206 237
207 6
207 22
207 76
207 82
207 109
207 154
207 179
207 185
207 196
207 245
208 14
208 35
208 85
208 90
208 100
208 102
208 119
208 128
208 141
208 179
208 199
208 200
208 205
208 238
208 244
209 30
209 37
209 86
209 149
209 150
209 153
209 188
209 195
209 223
209 225
209 232
210 6
210 25
210 37
210 58
210 75
210 81
210 82
210 96
210 97
210 103
210 143
210 144
210 156
210 188
210 204
210 245
211 2
211 13
211 21
211 37
211 100
211 109
211 119
211 120
211 130
211 159
211 170
211 174
211 197
211 209
211 237
212 5
212 8
212 33
212 41
212 92
212 101
212 110
212 112
212 145
212 155
212 167
212 170
212 246
213 33
213 35
213 62
213 78
213 89
213 107
213 141
213 146
213 165
213 176
213 177
213 230
214 3
214 11
214 39
214 40
214 47
214 69
214 96
214 105
214 109
214 125
214 166
214 170
214 198
214 207
214 225
214 238
214 244
215 25
215 56
215 61
215 83
215 95
215 96
215 105
215 107
215 133
215 134
215 162
215 168
215 178
215 184
215 192
215 227
215 228
215 234
216 3
216 46
216 64
216 103
216 151
216 198
216 199
217 24
217 33
217 76
217 86
217 102
217 113
217 126
217 137
217 145
217 148
217 158
217 160
217 175
217 179
217 204
217 223
217 247
218 14
218 23
218 63
218 79
218 81
218 84
218 96
218 109
218 124
218 133
218 137
218 201
218 211
218 221
218 227
218 247
219 38
219 58
219 60
219 86
219 87
219 99
219 107
219 131
219 141
219 185
219 198
219 205
219 228
219 229
219 232
219 238
220 3
220 13
220 23
220 34
220 52
220 90
220 138
220 150
220 157
220 158
220 173
220 190
220 191
220 192
220 193
220 197
221 31
221 47
221 54
221 106
221 128
221 173
221 178
221 190
221 197
221 199
221 215
221 225
222 10
222 16
222 78
222 86
222 111
222 131
222 168
222 171
222 174
222 209
222 229
222 235
223 51
223 76
223 97
223 104
223 110
223 121
223 123
223 141
223 153
223 161
223 190
223 193
223 197
223 199
223 241
224 8
224 27
224 39
224 58
224 83
224 102
224 115
224 216
224 222
225 34
225 37
225 39
225 49
225 122
225 140
225 145
225 164
225 173
225 177
225 182
225 188
225 202
226 17
226 33
226 35
226 83
226 84
226 114
226 147
226 192
227 3
227 78
227 177
227 191
227 230
227 245
228 14
228 36
228 39
228 40
228 75
228 139
228 162
228 170
228 184
228 198
228 207
228 220
228 226
228 237
228 241
229 23
229 30
229 33
229 53
229 90
229 101
229 109
229 110
229 130
229 150
229 157
229 164
229 166
229 194
229 214
230 15
230 44
230 46
230 75
230 100
230 114
230 126
230 160
230 242
231 11
231 20
231 30
231 33
231 62
231 91
231 118
231 123
231 149
231 150
231 224
231 230
231 233
231 241
232 28
232 45
232 48
232 95
232 111
232 148
232 159
232 166
232 185
232 238
233 42
233 49
233 53
233 59
233 82
233 94
233 114
233 145
233 148
233 194
233 207
233 215
233 225
233 236
234 48
234 141
234 194
234 195
234 196
234 200
234 216
234 222
234 233
235 13
235 51
235 74
235 100
235 113
235 138
235 160
235 164
235 165
235 189
235 193
235 212
235 219
236 11
236 66
236 131
236 150
236 246
237 2
237 53
237 62
237 90
237 93
237 100
237 108
237 136
237 137
237 141
237 153
237 159
237 182
237 212
237 217
237 247
237 249
238 52
238 79
238 80
238 90
238 119
238 142
238 150
238 169
238 196
238 207
238 215
238 216
238 220
238 229
238 248
239 1
239 18
239 35
239 110
239 143
239 172
239 174
239 188
239 209
239 229
239 247
240 18
240 35
240 81
240 84
240 88
240 97
240 108
240 118
240 167
240 171
240 179
240 220
240 231
240 233
240 246
241 43
241 45
241 56
241 66
241 113
241 125
241 161
241 170
241 234
242 14
242 40
242 41
242 60
242 66
242 69
242 74
242 84
242 156
242 189
243 18
243 20
243 26
243 47
243 87
243 103
243 152
243 168
243 185
243 211
243 240
244 16
244 40
244 90
244 170
244 188
244 250
245 70
245 80
245 100
245 110
245 144
245 194
245 199
245 213
246 12
246 15
246 20
246 28
246 43
246 46
246 47
246 48
246 49
246 136
246 143
246 215
247 27
247 52
247 87
247 98
247 107
247 160
247 182
247 183
247 222
247 245
248 6
248 48
248 67
248 90
248 128
248 153
248 155
248 175
248 180
248 197
248 225
248 240
249 6
249 52
249 53
249 73
249 77
249 90
249 114
249 167
249 173
249 175
249 183
249 189
249 193
249 194
249 198
249 209
249 213
249 234
249 238
250 10
250 33
250 39
250 69
250 89
250 109
250 128
250 137
250 139
250 183
250 204
250 224
250 247

