150 150
26 70 61 24 119 28 37 42 87 41 79 35 65 120 60 113 67 119 94 58 79 37 37 115 101 25 86 93 71 92 22 76 99 81 59 112 41 60 21 84 58 61 120 67 82 110 113 114 118 21 104 46 21 56 42 77 50 32 23 64 80 87 54 112 27 90 86 40 63 77 30 73 42 74 69 110 38 31 98 45 69 117 103 26 119 73 20 56 89 30 118 49 40 32 32 102 92 96 103 98 58 73 120 36 81 102 32 44 114 38 85 39 120 68 105 100 116 57 102 30 83 56 35 83 77 32 26 69 31 113 109 21 37 34 25 96 113 56 63 53 69 59 64 116 115 51 53 23 60 44 
2 141
3 48
3 114
3 119
4 48
4 142
6 47
6 75
7 115
7 135
9 36
10 21
14 3
14 89
15 44
15 115
15 133
16 98
17 115
19 14
19 128
20 117
21 76
21 112
22 61
22 91
24 83
24 145
25 32
26 128
27 112
28 118
29 61
29 78
30 52
31 93
31 125
33 125
33 139
34 5
34 111
35 20
35 71
36 142
38 138
40 11
43 126
44 66
44 103
45 128
46 26
48 69
48 73
49 95
50 45
53 123
58 115
59 148
60 82
63 121
66 141
68 59
70 10
70 39
70 47
70 113
71 59
73 64
77 60
78 135
78 143
79 48
81 62
81 107
83 112
84 130
85 44
85 48
86 76
86 85
87 146
88 25
89 76
90 62
91 127
92 60
92 99
94 33
94 112
95 60
96 7
98 12
99 32
99 36
99 94
100 65
100 73
102 96
103 27
103 49
107 31
110 3
110 115
111 11
112 104
117 24
117 105
118 85
120 72
121 5
121 75
121 104
121 146
124 97
124 130
126 100
126 115
127 26
127 124
128 73
128 96
128 99
131 3
131 36
131 67
131 98
131 148
132 51
132 81
132 133
133 46
135 35
135 121
136 19
137 20
137 103
137 108
138 82
138 114
139 80
139 134
144 10
144 54
144 80
145 69
145 76
146 93
148 133
149 119
150 81

