50 250
81 40 24 27 83 41 53 62 81 111 88 47 23 62 64 37 102 119 72 60 97 83 102 87 57 52 53 112 72 52 78 40 93 102 55 73 21 42 24 70 64 48 104 104 111 61 36 63 35 118 
1 12
1 14
2 17
2 21
2 27
2 33
2 47
3 14
3 34
3 47
4 5
4 9
4 14
4 27
4 44
4 46
5 6
5 16
5 20
5 22
5 32
5 34
5 39
5 41
5 44
6 2
6 22
6 29
6 34
6 39
6 41
7 5
7 19
7 41
8 2
8 9
8 10
8 13
8 14
8 15
8 21
8 40
8 44
8 49
9 3
9 10
9 15
9 21
9 24
9 32
9 37
9 48
9 50
10 21
10 32
10 38
10 41
10 46
10 48
10 50
11 14
11 36
11 37
11 48
12 32
12 35
12 47
13 10
13 18
13 26
14 20
14 22
15 1
15 3
15 13
15 18
15 28
15 36
15 38
15 41
15 43
15 48
15 49
16 3
16 23
16 28
17 14
17 26
17 27
18 5
18 9
18 26
18 50
19 17
19 30
20 2
20 10
20 18
20 19
20 31
20 33
20 39
20 42
21 11
21 16
21 23
21 32
21 35
21 40
21 42
22 33
22 35
22 48
23 22
23 35
24 1
24 8
24 25
24 27
24 45
24 50
25 2
25 3
25 10
25 12
25 22
25 49
26 4
26 7
26 20
26 22
26 46
26 49
27 20
27 45
27 47
28 11
28 19
28 21
28 25
28 31
29 4
29 13
29 15
29 30
29 31
29 40
29 41
30 31
30 32
30 36
30 39
30 41
30 46
30 50
31 2
31 21
31 33
31 35
31 36
31 41
31 45
32 6
32 8
32 29
32 38
33 5
33 9
33 12
33 17
33 30
33 47
33 50
34 7
34 8
34 13
34 16
34 18
34 20
34 27
34 30
34 31
34 32
34 49
35 2
35 4
35 32
35 42
36 20
36 25
37 7
37 30
38 13
38 14
38 16
38 31
38 37
38 40
38 41
38 50
39 4
39 10
39 23
39 24
39 41
39 50
40 5
40 9
40 12
40 16
40 22
40 26
40 33
40 34
41 12
41 17
41 44
42 9
42 19
42 28
42 36
42 44
42 48
43 7
43 8
43 14
43 28
43 37
44 15
44 22
45 17
45 19
45 32
45 37
45 42
46 34
46 36
46 44
47 9
47 22
47 30
47 36
49 1
49 22
49 30
49 33
49 48
50 28
50 44
50 47

