150 2000
36 27 118 67 102 52 33 53 23 23 116 75 89 80 60 119 62 46 106 27 71 27 103 75 28 96 45 63 71 61 40 117 114 72 107 27 76 42 93 65 27 73 70 89 60 56 86 49 63 35 83 60 74 73 24 20 108 37 64 80 54 27 20 33 101 94 58 51 74 67 92 40 48 74 106 96 48 23 120 84 111 81 104 97 34 51 76 67 91 50 32 110 104 45 95 27 23 107 55 72 45 101 58 89 94 69 91 86 114 81 106 53 37 37 88 72 51 65 104 59 91 63 108 107 91 84 91 45 50 95 75 37 33 120 69 60 74 36 25 78 82 42 43 93 67 90 67 60 57 118 
1 2
1 7
1 14
1 20
1 30
1 59
1 70
1 88
1 129
1 135
1 147
2 12
2 29
2 37
2 42
2 64
2 66
2 67
2 68
2 76
2 88
2 101
2 136
2 147
2 148
3 2
3 6
3 18
3 24
3 32
3 35
3 43
3 46
3 57
3 62
3 65
3 66
3 78
3 102
3 106
3 110
3 132
3 140
4 22
4 48
4 58
4 75
4 76
4 95
4 103
4 124
4 145
5 3
5 8
5 30
5 32
5 36
5 41
5 52
5 63
5 87
6 14
6 18
6 22
6 30
6 31
6 44
6 55
6 61
6 71
6 79
6 110
6 140
6 146
7 16
7 20
7 26
7 34
7 41
7 46
7 62
7 88
7 92
7 105
7 114
7 139
7 140
7 147
7 150
8 18
8 30
8 60
8 63
8 72
8 74
8 76
8 84
8 93
8 97
8 121
8 126
8 139
8 144
9 3
9 30
9 43
9 44
9 45
9 46
9 47
9 74
9 82
9 111
9 143
9 144
10 3
10 12
10 13
10 21
10 65
10 77
10 81
10 86
10 101
10 117
10 123
10 131
10 139
10 143
10 150
11 21
11 23
11 30
11 37
11 39
11 43
11 55
11 64
11 94
11 95
11 118
11 136
12 3
12 85
12 94
12 103
12 110
12 119
12 128
12 130
12 133
12 141
13 11
13 27
13 55
13 97
13 101
13 103
13 120
13 148
13 149
14 9
14 25
14 27
14 40
14 53
14 57
14 66
14 75
14 83
14 85
14 108
14 114
14 135
14 142
14 144
15 8
15 9
15 26
15 36
15 67
15 79
15 80
15 87
15 88
15 114
15 138
16 12
16 15
16 21
16 27
16 39
16 52
16 68
16 73
16 82
16 112
16 129
16 142
17 10
17 15
17 19
17 33
17 35
17 43
17 47
17 49
17 56
17 65
17 75
17 76
17 86
17 106
17 110
17 120
17 134
17 136
18 5
18 17
18 19
18 27
18 30
18 36
18 43
18 53
18 64
18 100
18 105
18 110
18 125
18 127
18 129
18 138
18 144
19 7
19 9
19 31
19 39
19 41
19 44
19 47
19 49
19 70
19 83
19 88
19 89
19 92
19 99
19 106
19 111
19 122
19 131
19 139
20 5
20 6
20 17
20 44
20 64
20 65
20 66
20 70
20 71
20 81
20 90
20 91
20 134
21 37
21 38
21 43
21 52
21 65
21 66
21 70
21 77
21 114
21 125
21 130
21 134
21 145
22 29
22 30
22 36
22 42
22 55
22 60
22 87
22 104
22 112
22 130
22 135
22 149
23 5
23 43
23 45
23 60
23 65
23 72
23 73
23 84
23 90
23 91
23 92
23 97
23 102
23 109
23 138
24 9
24 22
24 25
24 30
24 32
24 40
24 50
24 63
24 85
24 93
24 101
24 103
24 115
24 126
24 132
25 11
25 12
25 19
25 23
25 43
25 54
25 74
25 75
25 98
25 100
25 113
25 123
25 141
25 144
25 145
26 11
26 35
26 46
26 59
26 68
26 79
26 84
26 119
26 133
26 137
26 142
26 145
26 149
27 2
27 15
27 31
27 36
27 62
27 63
27 80
27 81
27 82
27 87
27 121
27 139
27 144
27 149
28 3
28 13
28 21
28 23
28 27
28 34
28 41
28 43
28 57
28 68
28 94
28 108
28 112
28 118
28 142
28 150
29 6
29 50
29 53
29 64
29 74
29 78
29 97
30 69
30 88
30 101
30 124
30 125
30 130
30 132
30 133
30 135
31 11
31 22
31 30
31 67
31 83
31 93
31 102
31 118
32 8
32 11
32 12
32 15
32 28
32 33
32 56
32 91
32 99
32 113
32 116
32 119
32 130
32 134
32 137
32 145
33 8
33 10
33 11
33 15
33 20
33 23
33 25
33 38
33 39
33 43
33 50
33 55
33 80
33 82
33 83
33 97
33 108
33 111
33 114
33 119
33 121
33 147
33 148
34 25
34 27
34 39
34 56
34 74
34 80
34 86
34 90
34 107
34 110
34 126
34 130
34 138
35 11
35 43
35 45
35 49
35 55
35 68
35 75
35 80
35 92
35 95
35 110
35 134
35 143
36 11
36 31
36 42
36 49
36 53
36 74
36 108
36 119
36 126
36 147
36 148
37 7
37 17
37 36
37 42
37 43
37 49
37 60
37 67
37 75
37 91
37 95
37 113
37 115
37 129
37 131
37 137
37 140
38 7
38 9
38 16
38 24
38 28
38 36
38 39
38 41
38 85
38 87
38 108
38 129
38 143
39 21
39 23
39 88
39 91
39 110
39 126
39 141
40 2
40 6
40 41
40 48
40 64
40 65
40 85
40 88
40 113
40 127
40 133
40 135
40 143
40 145
41 37
41 59
41 63
41 86
41 106
41 109
41 150
42 1
42 9
42 12
42 19
42 21
42 44
42 56
42 65
42 76
42 79
42 83
42 87
42 88
42 93
42 101
42 103
42 106
42 111
42 116
42 117
42 120
42 128
42 140
42 146
43 10
43 34
43 47
43 66
43 77
43 92
43 111
43 118
43 146
44 11
44 31
44 36
44 71
44 74
44 91
44 92
44 96
44 104
44 118
44 119
44 125
44 134
44 146
44 149
45 4
45 39
45 59
45 145
46 33
46 38
46 39
46 41
46 58
46 59
46 72
46 73
46 76
46 81
46 83
46 85
46 88
46 95
46 100
46 111
46 119
46 130
46 137
46 146
46 150
47 2
47 5
47 21
47 22
47 24
47 46
47 49
47 57
47 81
47 87
47 101
47 104
47 105
47 110
47 116
47 124
47 150
48 3
48 8
48 16
48 21
48 26
48 39
48 43
48 45
48 78
48 95
48 116
48 128
48 139
48 145
48 147
49 8
49 14
49 15
49 16
49 38
49 62
49 68
49 73
49 82
49 87
49 99
49 124
49 135
49 147
50 2
50 6
50 9
50 27
50 42
50 57
50 68
50 72
50 82
50 83
50 102
50 104
50 128
51 7
51 14
51 20
51 22
51 39
51 44
51 45
51 50
51 54
51 99
51 105
51 135
52 19
52 32
52 44
52 61
52 64
52 67
52 81
52 87
52 88
52 92
52 93
52 96
52 109
52 118
52 136
52 142
52 145
52 147
53 5
53 16
53 35
53 61
53 63
53 70
53 73
53 75
53 79
53 93
53 102
53 104
53 113
53 121
53 139
54 5
54 7
54 9
54 35
54 37
54 45
54 61
54 65
54 77
54 84
54 85
54 107
54 111
54 122
54 138
54 141
54 142
54 144
55 16
55 94
55 116
55 119
55 127
55 130
55 142
55 148
55 150
56 13
56 20
56 28
56 35
56 67
56 72
56 84
56 95
56 125
56 129
56 133
56 143
57 18
57 21
57 22
57 24
57 29
57 61
57 87
57 100
57 102
57 113
57 119
57 130
57 149
58 25
58 39
58 41
58 47
58 66
58 72
58 73
58 95
58 116
58 123
58 131
58 134
59 20
59 29
59 33
59 38
59 40
59 43
59 49
59 50
59 62
59 73
59 78
59 81
59 92
59 94
59 113
59 120
59 124
59 130
60 24
60 36
60 39
60 45
60 46
60 64
60 70
60 84
60 116
60 118
61 5
61 30
61 36
61 41
61 58
61 69
61 88
61 92
61 100
61 103
61 111
61 113
61 116
61 135
62 20
62 28
62 48
62 57
62 65
62 69
62 86
62 90
62 92
62 93
62 108
62 116
62 146
62 147
63 2
63 9
63 11
63 34
63 42
63 62
63 76
63 83
63 88
63 97
63 124
63 125
63 130
63 134
63 142
64 8
64 22
64 39
64 73
64 77
64 78
64 96
64 108
64 119
64 120
64 132
64 145
65 14
65 44
65 49
65 50
65 57
65 84
65 102
66 31
66 37
66 41
66 46
66 56
66 65
66 71
66 101
66 106
66 109
66 115
66 117
66 130
66 140
67 27
67 46
67 57
67 69
67 80
67 84
67 89
67 96
67 99
67 144
68 19
68 32
68 37
68 73
68 86
68 88
68 92
68 98
68 116
68 138
68 144
69 6
69 10
69 13
69 18
69 54
69 56
69 63
69 79
69 98
69 105
69 118
69 123
70 14
70 49
70 71
70 87
70 101
70 103
70 118
70 127
70 128
70 134
70 141
70 145
71 17
71 19
71 38
71 41
71 60
71 75
71 84
71 87
71 110
71 113
71 119
71 121
71 126
71 129
71 130
71 140
71 146
71 148
72 1
72 3
72 16
72 27
72 28
72 29
72 62
72 66
72 79
72 94
72 96
72 99
72 105
72 110
72 115
72 122
72 132
72 145
72 146
73 6
73 7
73 9
73 10
73 27
73 37
73 41
73 42
73 54
73 61
73 117
73 119
73 121
73 131
73 142
74 17
74 35
74 45
74 61
74 69
74 79
74 101
74 102
74 119
74 123
75 32
75 43
75 45
75 67
75 78
75 89
75 99
75 101
75 105
75 109
75 115
75 126
75 133
75 148
75 150
76 6
76 9
76 12
76 16
76 24
76 28
76 48
76 82
76 87
76 100
76 139
76 145
77 4
77 5
77 19
77 24
77 26
77 45
77 51
77 53
77 56
77 60
77 62
77 74
77 79
77 91
77 128
77 130
78 33
78 43
78 47
78 60
78 68
78 128
79 10
79 11
79 20
79 30
79 31
79 47
79 49
79 56
79 60
79 65
79 68
79 106
79 123
79 133
79 146
79 149
80 20
80 21
80 60
80 65
80 71
80 77
80 82
80 120
80 148
80 149
81 15
81 26
81 36
81 57
81 58
81 70
81 73
81 82
81 84
81 92
81 108
81 118
81 127
81 134
81 138
81 143
82 41
82 47
82 66
82 68
82 75
82 78
82 89
82 91
82 109
82 124
82 128
82 131
82 132
82 145
82 150
83 2
83 9
83 26
83 35
83 36
83 38
83 51
83 56
83 66
83 76
83 98
83 110
83 119
83 139
83 144
83 150
84 1
84 3
84 4
84 24
84 41
84 53
84 59
84 64
84 85
84 105
85 5
85 18
85 28
85 29
85 45
85 56
85 63
85 68
85 69
85 81
85 93
85 101
85 108
85 111
85 115
85 117
85 122
85 124
85 137
85 140
86 36
86 39
86 43
86 45
86 58
86 73
86 82
86 133
86 143
87 9
87 17
87 37
87 45
87 61
87 83
87 92
87 94
87 98
87 101
87 104
87 115
87 142
88 25
88 48
88 54
88 57
88 65
88 80
88 81
88 87
88 90
88 99
88 106
88 111
88 130
88 145
88 146
88 150
89 2
89 20
89 24
89 27
89 33
89 37
89 42
89 52
89 55
89 85
89 86
89 100
89 109
89 120
89 134
89 142
90 27
90 52
90 55
90 60
90 67
90 72
90 75
90 81
90 135
91 11
91 18
91 35
91 50
91 62
91 68
91 73
91 79
91 83
91 86
91 97
91 104
91 117
91 129
91 136
92 18
92 20
92 28
92 45
92 72
92 75
92 82
92 89
92 93
92 96
92 97
92 103
92 117
92 120
92 122
92 132
93 9
93 41
93 49
93 57
93 91
93 95
93 100
93 104
93 116
93 140
93 141
93 142
93 144
94 8
94 19
94 29
94 41
94 45
94 46
94 49
94 57
94 61
94 80
94 98
94 100
94 105
94 123
94 129
95 3
95 14
95 34
95 36
95 45
95 75
95 80
95 83
95 85
95 96
95 102
95 103
95 106
95 110
95 121
95 123
95 135
95 145
96 9
96 14
96 20
96 26
96 34
96 39
96 41
96 49
96 57
96 65
96 74
96 78
96 82
96 89
96 105
96 109
96 116
96 129
96 132
96 138
97 12
97 18
97 70
97 72
97 93
97 120
97 129
97 139
97 140
98 20
98 32
98 35
98 41
98 49
98 67
98 81
98 100
98 106
98 107
98 126
98 141
98 145
98 150
99 4
99 9
99 45
99 62
99 74
99 85
99 87
99 96
99 100
99 135
100 19
100 32
100 45
100 54
100 55
100 80
100 84
100 96
100 103
100 116
100 121
100 135
100 141
100 147
101 5
101 16
101 40
101 57
101 67
101 83
101 88
101 99
101 104
101 107
101 108
101 124
101 136
101 141
102 2
102 11
102 24
102 54
102 77
102 82
102 101
102 103
102 109
102 119
102 120
102 133
102 134
102 139
102 141
102 146
103 1
103 2
103 3
103 18
103 26
103 35
103 54
103 64
103 74
103 82
103 88
103 89
103 99
103 122
103 134
104 13
104 78
104 118
104 139
104 149
105 3
105 24
105 45
105 54
105 65
105 66
105 86
105 89
105 92
105 95
105 121
105 141
106 1
106 2
106 12
106 14
106 23
106 37
106 74
106 78
106 105
106 122
106 135
106 149
107 2
107 36
107 65
107 92
107 94
107 108
107 124
107 143
107 144
108 8
108 13
108 21
108 23
108 25
108 43
108 48
108 60
108 71
108 78
108 84
108 91
108 128
108 149
109 13
109 14
109 33
109 39
109 55
109 56
109 68
109 83
109 107
109 122
109 132
109 133
109 134
109 141
109 150
110 9
110 33
110 40
110 50
110 57
110 62
110 64
110 70
110 81
110 87
110 114
110 118
111 35
111 40
111 57
111 76
111 81
111 90
111 122
111 129
111 136
111 140
112 2
112 31
112 32
112 40
112 46
112 47
112 48
112 51
112 53
112 63
112 65
112 67
112 76
112 90
112 95
112 99
112 114
112 128
112 135
112 138
112 148
113 5
113 7
113 8
113 22
113 27
113 47
113 52
113 58
113 98
113 106
113 117
113 140
113 141
114 9
114 11
114 18
114 32
114 38
114 46
114 51
114 54
114 56
114 84
114 90
114 102
114 122
114 141
114 144
114 146
115 6
115 57
115 86
115 91
115 94
115 103
115 131
115 135
115 141
115 147
116 2
116 19
116 50
116 92
116 99
116 105
116 112
117 32
117 50
117 64
117 77
117 106
117 107
117 122
117 127
118 13
118 14
118 23
118 29
118 39
118 51
118 61
118 71
118 77
118 80
118 92
118 96
118 105
118 114
118 117
118 119
118 128
119 13
119 34
119 35
119 39
119 41
119 68
119 77
119 86
119 95
119 105
119 108
119 110
119 115
119 144
119 146
120 2
120 3
120 5
120 11
120 52
120 68
120 72
120 81
120 88
120 93
120 94
120 99
120 108
120 113
120 124
120 136
121 13
121 16
121 21
121 45
121 65
121 68
121 72
121 76
121 77
121 78
121 101
121 107
121 108
121 109
121 110
121 119
121 131
122 3
122 27
122 31
122 46
122 70
122 77
122 134
123 12
123 30
123 31
123 47
123 55
123 76
123 80
123 86
123 93
123 101
123 110
123 112
123 119
123 132
123 138
123 149
124 13
124 19
124 25
124 51
124 56
124 75
124 76
124 77
124 88
124 90
124 110
124 134
124 142
124 146
125 5
125 17
125 31
125 33
125 39
125 48
125 53
125 58
125 70
125 95
125 101
125 121
125 134
125 145
126 14
126 28
126 32
126 35
126 44
126 53
126 64
126 67
126 72
126 109
126 120
126 123
126 133
126 144
126 150
127 5
127 6
127 11
127 13
127 25
127 42
127 44
127 45
127 74
127 75
127 82
127 87
127 113
127 116
127 128
127 130
127 145
128 47
128 54
128 55
128 62
128 75
128 111
128 113
128 134
129 7
129 11
129 12
129 22
129 24
129 30
129 46
129 53
129 59
129 60
129 68
129 90
129 93
129 120
130 6
130 7
130 10
130 13
130 14
130 49
130 50
130 53
130 56
130 80
130 84
130 104
130 110
130 116
130 120
130 132
130 135
130 143
131 4
131 7
131 15
131 22
131 35
131 39
131 54
131 67
131 75
131 88
131 105
131 106
131 109
131 122
131 128
131 132
131 149
132 1
132 5
132 37
132 56
132 69
132 80
132 98
132 112
132 117
133 29
133 50
133 53
133 73
133 88
133 121
133 136
133 138
133 150
134 7
134 18
134 30
134 33
134 36
134 56
134 61
134 68
134 72
134 74
134 76
134 95
134 121
134 133
135 3
135 8
135 28
135 47
135 82
135 88
135 89
135 93
135 128
136 14
136 19
136 21
136 29
136 36
136 46
136 54
136 67
136 72
136 103
136 121
136 131
136 138
136 139
136 147
137 2
137 11
137 12
137 13
137 16
137 21
137 27
137 67
137 71
137 97
137 100
137 113
137 116
137 143
137 147
138 10
138 22
138 24
138 31
138 37
138 43
138 45
138 46
138 56
138 58
138 59
138 75
138 85
138 101
138 102
138 109
138 111
138 113
138 116
138 131
138 150
139 13
139 29
139 31
139 38
139 46
139 59
139 75
139 85
139 90
139 106
139 119
139 150
140 31
140 33
140 40
140 47
140 54
140 62
140 86
140 118
140 125
140 128
140 132
140 144
140 147
141 11
141 29
141 35
141 40
141 44
141 46
141 53
141 59
141 78
141 81
141 90
141 99
141 103
141 116
141 135
141 142
141 143
142 22
142 30
142 48
142 58
142 62
142 67
142 83
142 94
142 97
142 120
142 143
143 22
143 26
143 32
143 44
143 52
143 73
143 80
143 88
143 89
143 108
143 127
143 131
143 136
143 138
143 147
144 3
144 16
144 41
144 70
144 75
144 120
144 127
144 129
144 136
144 138
144 143
145 11
145 19
145 44
145 59
145 61
145 71
145 96
145 107
145 121
146 7
146 9
146 27
146 30
146 39
146 48
146 69
146 84
146 96
146 106
146 125
146 132
146 141
146 142
147 8
147 13
147 22
147 29
147 40
147 46
147 59
147 67
147 69
147 70
147 79
147 94
147 104
147 108
148 7
148 8
148 15
148 16
148 22
148 48
148 108
148 116
148 128
148 134
148 142
148 149
149 17
149 30
149 34
149 35
149 66
149 68
149 73
149 91
149 96
149 97
149 98
150 33
150 54
150 69
150 112
150 119
150 136
150 140

