250 5000
21 115 109 46 44 62 85 103 87 65 72 21 40 33 73 33 48 100 93 36 24 111 61 32 100 74 103 80 37 63 23 99 108 33 53 84 55 115 104 67 29 80 64 24 84 88 22 84 37 105 78 103 70 33 39 81 106 73 54 104 115 104 32 105 40 30 51 84 114 113 81 111 114 74 117 39 28 92 31 117 38 118 53 102 78 115 49 23 104 120 65 102 79 55 117 105 85 83 75 32 92 81 115 55 53 96 69 23 75 84 35 41 109 43 90 117 99 23 56 88 78 116 63 75 48 77 45 82 65 56 56 57 36 118 68 42 91 87 41 107 47 96 64 98 51 110 29 96 62 22 71 82 45 46 117 87 93 66 61 76 93 119 29 110 110 23 84 108 118 69 28 88 93 83 69 108 63 86 119 113 28 89 70 76 84 70 52 73 71 78 91 23 101 40 31 100 75 108 116 87 66 72 44 30 57 44 95 109 91 43 84 113 97 51 71 46 43 35 53 91 58 37 87 97 22 47 56 105 108 64 29 67 81 27 103 111 104 56 64 43 33 93 71 120 37 50 113 118 36 56 
1 41
1 77
1 81
1 109
1 116
1 133
1 138
1 155
1 185
1 211
1 213
1 220
1 231
2 43
2 52
2 56
2 86
2 97
2 98
2 120
2 126
2 145
2 146
2 155
2 161
2 188
2 194
2 200
2 210
2 223
2 229
2 230
3 6
3 33
3 59
3 112
3 114
3 118
3 121
3 157
3 160
3 163
3 170
3 174
3 178
3 184
3 186
3 204
3 222
3 224
3 225
3 234
4 10
4 30
4 36
4 38
4 40
4 66
4 70
4 80
4 81
4 91
4 110
4 135
4 144
4 152
4 158
4 199
4 206
4 217
4 224
4 243
5 14
5 19
5 29
5 32
5 38
5 71
5 72
5 80
5 81
5 139
5 142
5 147
5 149
5 183
5 197
5 214
5 231
5 237
5 238
5 247
6 2
6 15
6 57
6 58
6 70
6 76
6 80
6 110
6 114
6 140
6 165
6 167
6 175
6 186
6 225
6 233
6 236
6 240
7 4
7 9
7 62
7 70
7 86
7 108
7 141
7 159
7 162
7 172
7 179
7 185
7 211
7 226
7 232
7 235
7 249
8 10
8 17
8 24
8 31
8 53
8 85
8 94
8 99
8 104
8 148
8 149
8 168
8 188
8 209
8 226
8 235
8 244
8 250
9 15
9 23
9 29
9 31
9 37
9 40
9 43
9 46
9 57
9 87
9 98
9 110
9 118
9 119
9 132
9 162
9 184
9 192
9 204
9 205
9 209
9 210
9 215
9 225
9 227
9 235
9 242
9 249
10 9
10 37
10 45
10 51
10 65
10 68
10 78
10 99
10 110
10 137
10 140
10 143
10 163
10 189
10 198
10 204
10 209
10 221
10 234
10 239
10 250
11 3
11 6
11 14
11 33
11 39
11 65
11 81
11 87
11 95
11 99
11 127
11 132
11 152
11 180
11 181
11 197
11 219
11 221
12 8
12 23
12 27
12 33
12 34
12 39
12 42
12 48
12 63
12 70
12 79
12 92
12 114
12 155
12 173
12 195
12 226
12 241
13 41
13 61
13 71
13 98
13 100
13 102
13 107
13 113
13 116
13 128
13 134
13 164
13 167
13 190
13 192
13 229
13 241
14 6
14 8
14 12
14 21
14 47
14 70
14 78
14 110
14 114
14 135
14 143
14 158
14 179
14 198
14 205
14 211
14 225
14 228
14 229
14 241
15 4
15 34
15 41
15 43
15 53
15 54
15 60
15 88
15 97
15 100
15 101
15 103
15 105
15 106
15 114
15 145
15 147
15 152
15 155
15 163
15 173
15 175
15 197
15 225
15 226
15 229
15 231
16 2
16 4
16 14
16 44
16 59
16 77
16 83
16 98
16 101
16 113
16 142
16 154
16 159
16 175
16 189
16 200
16 201
16 209
16 218
16 239
16 240
16 248
17 2
17 5
17 6
17 15
17 43
17 47
17 64
17 87
17 100
17 111
17 117
17 118
17 133
17 134
17 136
17 147
17 157
17 175
17 181
17 193
17 201
17 203
17 225
18 2
18 7
18 31
18 32
18 61
18 67
18 70
18 81
18 85
18 107
18 120
18 138
18 147
18 168
18 176
18 188
18 202
18 213
18 214
18 218
18 237
18 241
18 245
19 14
19 26
19 29
19 53
19 72
19 80
19 94
19 124
19 137
19 152
19 167
19 169
19 186
20 8
20 34
20 86
20 96
20 125
20 153
20 160
20 168
20 184
20 190
20 196
20 205
20 207
20 217
20 222
20 231
20 236
20 240
20 245
21 6
21 15
21 19
21 32
21 44
21 49
21 61
21 68
21 69
21 81
21 88
21 89
21 101
21 106
21 108
21 110
21 111
21 117
21 118
21 127
21 149
21 156
21 172
21 178
21 186
21 187
21 198
21 206
21 230
21 237
21 250
22 9
22 13
22 16
22 32
22 40
22 46
22 51
22 56
22 79
22 104
22 126
22 132
22 157
22 171
22 172
22 174
22 207
22 208
22 214
22 215
22 222
22 227
23 15
23 77
23 83
23 90
23 96
23 105
23 106
23 116
23 117
23 123
23 128
23 138
23 140
23 147
23 150
23 153
23 166
23 169
23 170
23 183
23 188
23 194
23 203
23 215
23 217
24 10
24 16
24 17
24 27
24 30
24 42
24 43
24 47
24 54
24 67
24 84
24 135
24 136
24 145
24 168
24 175
24 179
24 189
24 199
24 216
24 226
24 244
24 250
25 15
25 23
25 27
25 28
25 34
25 38
25 39
25 51
25 69
25 71
25 77
25 128
25 167
25 172
25 179
25 186
25 192
25 202
25 208
25 225
25 239
25 246
25 249
26 6
26 9
26 13
26 33
26 45
26 53
26 70
26 82
26 92
26 105
26 115
26 165
26 172
26 198
26 200
26 202
26 223
26 234
26 244
27 2
27 13
27 29
27 47
27 48
27 76
27 86
27 88
27 101
27 141
27 145
27 160
27 177
27 178
27 203
27 211
27 249
28 10
28 17
28 47
28 55
28 62
28 63
28 65
28 90
28 100
28 110
28 112
28 127
28 143
28 144
28 146
28 149
28 167
28 174
28 180
28 193
28 203
28 220
29 7
29 21
29 30
29 41
29 64
29 99
29 118
29 124
29 128
29 147
29 159
29 167
29 170
29 182
29 184
29 206
29 217
29 230
29 239
30 7
30 9
30 26
30 31
30 67
30 71
30 81
30 82
30 99
30 101
30 117
30 135
30 166
30 187
30 198
30 199
30 208
30 210
30 211
30 238
31 7
31 14
31 62
31 70
31 91
31 92
31 113
31 117
31 127
31 142
31 148
31 156
31 163
31 169
31 170
31 191
31 211
31 227
31 248
32 9
32 11
32 15
32 19
32 35
32 47
32 51
32 61
32 107
32 139
32 152
32 175
32 190
32 194
32 196
32 216
32 232
32 245
33 58
33 74
33 78
33 101
33 106
33 114
33 116
33 165
33 172
33 194
33 203
33 234
33 243
34 22
34 33
34 37
34 39
34 43
34 48
34 49
34 71
34 119
34 128
34 140
34 154
34 183
34 191
34 198
34 211
34 215
34 239
35 3
35 12
35 34
35 76
35 103
35 106
35 114
35 137
35 139
35 162
35 191
35 216
36 22
36 26
36 30
36 34
36 47
36 55
36 64
36 74
36 80
36 100
36 132
36 148
36 176
36 181
36 196
36 202
36 207
36 210
36 244
36 249
36 250
37 14
37 16
37 41
37 51
37 61
37 68
37 72
37 81
37 86
37 91
37 93
37 103
37 119
37 142
37 160
37 174
37 179
37 197
37 212
37 230
37 236
38 15
38 22
38 30
38 45
38 54
38 60
38 80
38 84
38 100
38 140
38 144
38 170
38 186
38 188
38 198
38 204
38 206
38 213
38 220
38 242
38 246
38 247
39 18
39 26
39 41
39 49
39 54
39 56
39 64
39 86
39 89
39 90
39 94
39 117
39 132
39 147
39 149
39 152
39 180
39 186
39 187
39 193
39 201
39 210
39 214
39 219
39 228
40 2
40 15
40 35
40 36
40 48
40 50
40 57
40 80
40 98
40 114
40 118
40 126
40 131
40 184
40 187
40 215
40 216
40 220
40 231
40 233
40 235
40 241
41 10
41 30
41 31
41 32
41 48
41 75
41 81
41 85
41 94
41 142
41 149
41 151
41 163
41 170
41 201
41 211
41 225
41 250
42 6
42 32
42 41
42 82
42 94
42 113
42 140
42 149
42 153
42 164
42 169
42 186
42 188
42 208
42 211
42 235
42 243
43 14
43 18
43 26
43 52
43 60
43 78
43 84
43 114
43 119
43 120
43 145
43 147
43 156
43 173
43 174
43 176
43 178
43 183
43 207
43 216
43 238
43 249
44 2
44 4
44 9
44 28
44 31
44 53
44 75
44 78
44 82
44 83
44 99
44 100
44 103
44 118
44 137
44 138
44 151
44 176
44 188
44 203
44 214
44 221
44 233
44 235
44 243
44 250
45 2
45 13
45 14
45 34
45 49
45 57
45 60
45 74
45 87
45 102
45 103
45 104
45 109
45 119
45 139
45 142
45 146
45 150
45 158
45 162
45 180
45 211
46 16
46 30
46 96
46 97
46 125
46 133
46 134
46 164
46 166
46 178
46 192
46 203
46 207
46 209
46 222
46 240
46 242
46 244
47 4
47 15
47 22
47 25
47 30
47 31
47 41
47 42
47 51
47 56
47 60
47 77
47 93
47 118
47 127
47 141
47 146
47 157
47 166
47 185
47 233
48 6
48 10
48 31
48 52
48 65
48 84
48 92
48 131
48 133
48 155
48 158
48 173
48 195
48 196
48 203
48 208
48 215
48 219
48 224
48 234
48 241
48 248
49 13
49 16
49 26
49 61
49 67
49 75
49 84
49 85
49 86
49 96
49 107
49 115
49 117
49 119
49 120
49 125
49 126
49 136
49 162
49 168
49 171
49 172
49 173
49 235
49 238
49 241
50 10
50 31
50 36
50 48
50 71
50 73
50 74
50 79
50 90
50 93
50 94
50 117
50 124
50 133
50 141
50 144
50 163
50 171
51 24
51 44
51 46
51 64
51 66
51 69
51 71
51 75
51 84
51 100
51 124
51 127
51 129
51 130
51 136
51 141
51 152
51 192
51 193
51 202
51 217
51 218
51 224
51 231
51 238
52 6
52 21
52 25
52 34
52 46
52 74
52 76
52 99
52 113
52 114
52 127
52 149
52 155
52 194
52 195
52 212
52 215
52 220
52 247
52 249
53 22
53 27
53 68
53 73
53 80
53 85
53 90
53 117
53 120
53 125
53 166
53 168
53 169
53 187
53 195
53 208
53 209
53 230
53 234
53 250
54 7
54 16
54 36
54 63
54 90
54 99
54 126
54 157
54 191
54 200
54 214
54 216
54 233
55 3
55 5
55 8
55 9
55 17
55 21
55 32
55 41
55 67
55 72
55 81
55 89
55 90
55 95
55 110
55 129
55 152
55 153
55 154
55 173
55 175
55 209
55 230
55 233
56 4
56 15
56 24
56 28
56 49
56 54
56 58
56 88
56 95
56 129
56 143
56 145
56 150
56 151
56 154
56 160
56 172
56 173
56 191
56 198
56 242
57 5
57 17
57 21
57 29
57 36
57 41
57 47
57 62
57 79
57 85
57 127
57 137
57 155
57 163
57 180
57 188
58 9
58 10
58 16
58 26
58 44
58 47
58 64
58 82
58 112
58 124
58 157
58 166
58 179
58 183
58 184
59 7
59 32
59 39
59 45
59 46
59 61
59 68
59 90
59 96
59 113
59 120
59 127
59 167
59 170
59 172
59 177
59 196
59 208
59 214
59 226
59 239
59 250
60 11
60 12
60 22
60 29
60 34
60 37
60 42
60 49
60 54
60 68
60 100
60 111
60 132
60 145
60 161
60 168
60 174
60 208
60 215
60 218
60 228
60 241
60 244
60 249
61 4
61 23
61 29
61 35
61 58
61 60
61 76
61 98
61 136
61 151
61 159
61 174
61 180
61 187
61 207
61 216
61 217
61 226
62 11
62 16
62 67
62 77
62 86
62 100
62 118
62 132
62 136
62 160
62 167
62 173
62 176
62 177
62 192
62 193
62 210
62 211
62 236
63 33
63 34
63 39
63 44
63 60
63 69
63 72
63 105
63 109
63 137
63 149
63 159
63 160
63 162
63 181
63 193
63 206
63 214
63 236
63 239
63 246
64 15
64 28
64 33
64 55
64 59
64 75
64 90
64 103
64 117
64 118
64 134
64 139
64 146
64 157
64 173
64 190
64 192
64 202
64 204
64 217
64 227
64 238
64 242
64 247
65 14
65 19
65 39
65 40
65 57
65 60
65 62
65 84
65 105
65 121
65 128
65 132
65 134
65 139
65 141
65 160
65 163
65 182
65 207
65 214
65 215
65 231
65 234
65 235
65 237
66 8
66 26
66 28
66 29
66 46
66 52
66 63
66 70
66 82
66 93
66 116
66 126
66 160
66 167
66 199
66 241
66 242
66 247
67 2
67 12
67 15
67 25
67 36
67 50
67 51
67 129
67 139
67 145
67 149
67 167
67 170
67 190
67 191
67 207
67 211
67 223
67 225
67 232
67 250
68 12
68 27
68 28
68 40
68 51
68 54
68 56
68 81
68 108
68 109
68 121
68 143
68 149
68 182
68 188
68 196
68 218
68 227
68 232
68 233
68 241
68 246
69 5
69 9
69 15
69 35
69 47
69 48
69 62
69 74
69 87
69 99
69 103
69 106
69 108
69 122
69 143
69 151
69 159
69 170
69 202
69 224
70 3
70 21
70 27
70 34
70 42
70 53
70 61
70 62
70 65
70 81
70 87
70 122
70 143
70 155
70 167
70 178
70 183
70 184
70 185
70 194
70 197
70 202
70 218
70 234
70 237
70 246
71 7
71 9
71 90
71 104
71 106
71 164
71 166
71 181
71 193
71 203
71 206
71 218
71 219
71 223
71 225
71 226
71 231
71 239
71 244
72 20
72 24
72 27
72 31
72 54
72 90
72 104
72 133
72 154
72 156
72 171
72 196
72 202
72 240
72 247
73 17
73 27
73 54
73 57
73 76
73 85
73 110
73 112
73 122
73 136
73 140
73 148
73 153
73 184
73 200
73 205
73 212
73 221
73 245
74 7
74 8
74 26
74 48
74 68
74 76
74 79
74 89
74 97
74 111
74 127
74 141
74 168
74 177
74 190
74 192
74 218
74 231
74 245
75 30
75 47
75 73
75 96
75 100
75 119
75 124
75 125
75 127
75 129
75 132
75 166
75 189
75 208
75 210
75 211
76 8
76 12
76 15
76 20
76 25
76 41
76 42
76 45
76 62
76 85
76 104
76 111
76 119
76 120
76 134
76 141
76 175
76 191
76 223
76 227
77 4
77 51
77 53
77 55
77 70
77 87
77 91
77 92
77 146
77 167
77 188
77 192
77 195
77 211
77 229
77 243
78 28
78 36
78 46
78 49
78 72
78 82
78 86
78 105
78 128
78 136
78 142
78 147
78 157
78 167
78 168
78 171
78 182
78 218
78 229
78 233
78 247
79 5
79 21
79 23
79 36
79 39
79 45
79 49
79 58
79 68
79 87
79 99
79 112
79 122
79 158
79 194
79 205
79 216
79 217
79 220
79 227
79 231
79 237
80 8
80 18
80 25
80 27
80 28
80 44
80 45
80 50
80 72
80 73
80 85
80 106
80 115
80 123
80 126
80 128
80 138
80 139
80 156
80 161
80 162
80 164
80 170
80 189
80 230
80 236
80 241
80 243
81 24
81 44
81 63
81 66
81 89
81 92
81 96
81 98
81 114
81 117
81 124
81 194
81 205
81 207
81 208
81 219
81 245
81 246
81 248
81 249
82 31
82 39
82 47
82 51
82 59
82 64
82 65
82 73
82 100
82 110
82 124
82 165
82 175
82 183
82 187
82 194
82 196
82 198
82 217
82 224
82 243
83 4
83 19
83 21
83 43
83 68
83 153
83 156
83 173
83 238
83 241
83 250
84 4
84 12
84 55
84 59
84 63
84 74
84 78
84 88
84 98
84 100
84 102
84 111
84 139
84 150
84 180
84 211
84 231
84 236
84 237
84 241
85 3
85 4
85 10
85 28
85 33
85 35
85 39
85 42
85 61
85 68
85 89
85 122
85 127
85 145
85 146
85 148
85 155
85 186
85 199
85 202
85 228
85 229
85 236
85 246
86 4
86 10
86 21
86 43
86 73
86 94
86 104
86 112
86 144
86 148
86 152
86 172
86 194
86 204
86 213
86 238
87 18
87 38
87 49
87 59
87 64
87 65
87 83
87 89
87 95
87 105
87 116
87 131
87 152
87 157
87 173
87 175
87 179
87 239
87 246
88 25
88 33
88 39
88 47
88 71
88 75
88 83
88 92
88 99
88 102
88 136
88 144
88 145
88 152
88 177
88 180
88 193
88 219
88 220
88 245
89 10
89 22
89 33
89 35
89 43
89 47
89 49
89 62
89 66
89 70
89 76
89 83
89 84
89 86
89 107
89 109
89 126
89 137
89 144
89 167
89 173
89 196
89 213
89 223
89 233
89 246
89 249
90 1
90 13
90 14
90 17
90 18
90 76
90 88
90 94
90 98
90 106
90 109
90 113
90 117
90 135
90 168
90 194
90 197
90 212
90 222
91 32
91 43
91 49
91 64
91 65
91 75
91 96
91 111
91 112
91 125
91 140
91 142
91 177
91 193
91 197
91 199
91 204
91 210
91 214
91 230
92 2
92 11
92 23
92 35
92 47
92 50
92 54
92 72
92 111
92 114
92 118
92 146
92 193
92 219
92 222
92 227
92 241
92 247
93 12
93 13
93 24
93 46
93 113
93 145
93 148
93 169
93 176
93 189
93 196
93 200
93 209
93 228
93 230
93 246
94 2
94 4
94 9
94 23
94 25
94 37
94 65
94 66
94 97
94 101
94 124
94 138
94 169
94 170
94 206
94 213
94 227
94 228
94 232
94 248
95 27
95 47
95 51
95 58
95 77
95 82
95 96
95 97
95 104
95 116
95 135
95 139
95 156
95 159
95 178
95 192
95 211
95 227
95 241
96 2
96 13
96 25
96 26
96 78
96 83
96 92
96 100
96 149
96 166
96 175
96 178
96 200
96 201
96 212
96 221
96 231
96 249
97 37
97 43
97 52
97 68
97 72
97 79
97 102
97 114
97 119
97 123
97 147
97 214
97 216
97 230
98 8
98 54
98 69
98 72
98 73
98 94
98 101
98 119
98 138
98 146
98 157
98 169
98 185
98 186
98 203
98 204
98 209
98 222
98 223
98 227
98 235
99 7
99 14
99 20
99 24
99 25
99 38
99 42
99 56
99 64
99 80
99 93
99 95
99 98
99 101
99 104
99 106
99 113
99 114
99 132
99 136
99 144
99 176
99 197
99 198
99 209
100 6
100 9
100 30
100 43
100 46
100 59
100 72
100 77
100 88
100 125
100 141
100 165
100 168
100 180
100 196
100 197
100 200
100 204
100 206
100 227
100 228
100 246
101 13
101 39
101 40
101 47
101 60
101 67
101 85
101 89
101 112
101 124
101 127
101 131
101 133
101 139
101 145
101 152
101 156
101 172
101 176
101 193
101 215
101 231
101 240
101 246
102 6
102 32
102 43
102 72
102 82
102 121
102 131
102 147
102 150
102 165
102 168
102 170
102 175
102 184
102 190
102 191
102 192
102 194
102 196
102 215
102 234
102 250
103 3
103 19
103 23
103 29
103 36
103 39
103 52
103 65
103 66
103 87
103 91
103 93
103 95
103 101
103 104
103 113
103 123
103 124
103 145
103 160
103 179
103 202
103 203
103 217
103 225
103 240
104 5
104 20
104 29
104 60
104 63
104 74
104 75
104 77
104 120
104 138
104 159
104 160
104 170
104 188
104 191
104 197
104 203
104 209
104 218
104 221
104 222
104 224
104 238
104 248
105 3
105 44
105 82
105 158
105 170
105 178
105 220
105 226
105 240
105 244
106 11
106 19
106 26
106 28
106 34
106 47
106 72
106 76
106 83
106 85
106 92
106 102
106 103
106 108
106 119
106 134
106 157
106 162
106 164
106 168
106 174
106 180
106 181
106 201
106 204
106 214
106 227
106 229
107 24
107 43
107 51
107 53
107 66
107 68
107 70
107 72
107 75
107 84
107 90
107 99
107 173
107 196
107 204
107 208
107 230
108 3
108 14
108 16
108 20
108 22
108 58
108 76
108 79
108 80
108 83
108 88
108 94
108 112
108 114
108 116
108 133
108 142
108 147
108 149
108 158
108 183
108 195
108 202
108 205
108 207
108 217
108 238
108 242
108 245
108 250
109 16
109 26
109 39
109 48
109 52
109 74
109 80
109 106
109 114
109 115
109 120
109 132
109 144
109 151
109 152
109 170
109 176
109 181
109 205
109 217
109 221
109 222
109 223
110 1
110 20
110 24
110 30
110 36
110 40
110 43
110 57
110 65
110 69
110 90
110 97
110 119
110 159
110 163
110 190
110 199
110 203
110 222
110 223
110 227
110 239
111 5
111 12
111 16
111 18
111 59
111 81
111 82
111 95
111 115
111 122
111 128
111 129
111 135
111 151
111 175
111 184
111 185
111 191
111 207
111 208
111 211
111 213
111 222
111 230
111 233
111 249
112 9
112 30
112 39
112 42
112 52
112 62
112 70
112 78
112 87
112 182
112 205
112 210
112 220
112 227
112 236
112 240
112 245
113 39
113 40
113 41
113 45
113 48
113 64
113 74
113 78
113 80
113 110
113 111
113 138
113 142
113 157
113 205
113 209
113 213
113 219
113 229
113 243
114 8
114 28
114 48
114 51
114 53
114 59
114 78
114 83
114 96
114 122
114 137
114 163
114 183
114 194
114 216
114 221
114 225
115 8
115 10
115 16
115 18
115 19
115 22
115 37
115 44
115 51
115 73
115 88
115 92
115 94
115 100
115 106
115 112
115 117
115 128
115 136
115 137
115 153
115 161
115 179
115 181
115 195
115 202
115 205
115 208
115 228
115 236
115 245
116 10
116 20
116 24
116 36
116 40
116 78
116 92
116 98
116 101
116 110
116 143
116 148
116 150
116 173
116 183
116 193
116 209
116 214
116 221
116 231
116 245
117 1
117 6
117 19
117 43
117 66
117 91
117 140
117 143
117 180
117 182
117 198
117 201
117 208
117 211
117 248
118 39
118 42
118 74
118 116
118 141
118 162
118 177
118 199
118 211
118 232
118 233
118 237
118 245
119 16
119 25
119 31
119 65
119 69
119 79
119 91
119 99
119 101
119 140
119 175
119 189
119 204
119 236
119 242
119 246
120 19
120 20
120 44
120 47
120 51
120 66
120 108
120 117
120 126
120 131
120 148
120 151
120 155
120 165
120 167
120 179
120 188
120 237
121 8
121 34
121 39
121 49
121 77
121 98
121 107
121 124
121 151
121 158
121 178
121 197
121 203
121 223
122 20
122 66
122 75
122 88
122 96
122 110
122 117
122 133
122 174
122 178
122 183
122 184
122 215
122 216
122 243
123 8
123 13
123 21
123 49
123 59
123 60
123 67
123 68
123 81
123 83
123 101
123 107
123 113
123 118
123 134
123 139
123 151
123 158
123 186
123 187
123 207
123 220
123 228
123 239
123 248
123 250
124 4
124 5
124 17
124 66
124 80
124 138
124 212
124 217
124 232
124 233
124 239
124 244
125 22
125 39
125 78
125 84
125 85
125 92
125 93
125 96
125 127
125 131
125 142
125 146
125 147
125 154
125 159
125 164
125 165
125 168
125 179
125 180
125 186
125 189
125 193
125 205
125 214
125 215
125 216
125 224
125 235
125 246
126 11
126 13
126 27
126 31
126 32
126 41
126 44
126 47
126 48
126 57
126 78
126 110
126 133
126 151
126 175
126 186
126 194
126 203
126 207
126 214
126 222
126 224
126 227
126 235
126 236
126 243
126 248
127 10
127 37
127 53
127 68
127 77
127 96
127 111
127 113
127 119
127 126
127 136
127 150
127 196
127 210
127 234
127 247
127 248
128 28
128 39
128 49
128 53
128 58
128 60
128 90
128 126
128 127
128 130
128 132
128 135
128 148
128 150
128 159
128 160
128 191
128 212
128 233
128 246
129 22
129 44
129 60
129 62
129 82
129 86
129 100
129 112
129 130
129 134
129 143
129 146
129 155
129 171
129 182
130 44
130 47
130 73
130 75
130 94
130 140
130 156
130 174
130 185
130 186
130 203
130 207
130 222
130 240
131 1
131 13
131 19
131 46
131 60
131 85
131 89
131 92
131 111
131 119
131 134
131 158
131 167
131 171
131 200
131 210
131 244
131 246
132 2
132 16
132 25
132 71
132 81
132 88
132 119
132 124
132 127
132 145
132 165
132 193
132 195
132 198
132 216
132 236
133 18
133 20
133 43
133 49
133 68
133 84
133 86
133 91
133 92
133 114
133 116
133 119
133 127
133 145
133 183
133 188
133 200
133 203
133 232
133 235
133 238
134 35
134 45
134 51
134 86
134 101
134 111
134 140
134 146
134 166
134 227
135 12
135 19
135 35
135 52
135 61
135 74
135 103
135 112
135 114
135 118
135 141
135 143
135 169
135 195
135 197
135 199
135 203
136 6
136 39
136 64
136 70
136 79
136 92
136 96
136 101
136 113
136 149
136 154
136 155
136 162
136 165
136 174
136 184
136 185
136 197
136 201
136 207
136 215
136 223
136 235
136 248
137 23
137 29
137 30
137 33
137 88
137 91
137 96
137 100
137 102
137 124
137 132
137 140
137 144
137 162
137 206
137 227
138 5
138 22
138 30
138 34
138 47
138 49
138 70
138 71
138 121
138 128
138 132
138 140
138 147
138 165
138 178
138 185
138 214
139 6
139 27
139 42
139 52
139 73
139 112
139 125
139 126
139 135
139 161
139 164
139 171
139 197
139 198
139 214
139 233
139 242
139 244
140 21
140 36
140 78
140 84
140 113
140 133
140 172
140 199
140 204
140 206
140 212
140 232
141 3
141 9
141 17
141 18
141 42
141 49
141 54
141 72
141 104
141 108
141 122
141 128
141 143
141 152
141 172
141 196
141 204
141 215
141 224
141 227
141 237
141 239
141 247
142 6
142 24
142 33
142 52
142 66
142 67
142 84
142 85
142 86
142 99
142 114
142 126
142 149
142 159
142 160
142 163
142 176
142 177
142 180
142 223
142 241
143 3
143 59
143 73
143 82
143 101
143 105
143 122
143 177
143 204
143 209
143 212
143 213
143 217
143 221
143 249
144 8
144 12
144 19
144 22
144 26
144 34
144 37
144 41
144 55
144 57
144 67
144 136
144 142
144 159
144 177
144 181
144 188
144 189
144 201
144 226
144 233
144 239
144 240
144 248
145 9
145 28
145 31
145 33
145 34
145 46
145 53
145 69
145 91
145 108
145 116
145 118
145 120
145 121
145 146
145 148
145 182
145 188
145 196
145 206
145 215
145 235
145 238
146 31
146 51
146 73
146 91
146 96
146 107
146 108
146 128
146 130
146 156
146 159
146 179
146 188
146 196
146 208
146 226
146 242
147 47
147 59
147 77
147 80
147 87
147 95
147 101
147 114
147 137
147 145
147 148
147 157
147 183
147 185
147 198
147 202
147 216
147 218
147 230
147 237
147 246
148 12
148 24
148 25
148 29
148 41
148 58
148 97
148 103
148 127
148 142
148 150
148 153
148 175
148 218
148 228
149 3
149 16
149 31
149 44
149 55
149 58
149 74
149 81
149 94
149 100
149 120
149 122
149 125
149 160
149 175
149 177
149 179
149 205
149 231
149 239
149 243
150 3
150 10
150 24
150 29
150 47
150 53
150 81
150 96
150 103
150 159
150 160
150 164
150 166
150 169
150 181
150 189
150 190
150 194
150 196
150 198
150 202
150 207
150 220
150 225
150 237
150 242
151 3
151 6
151 11
151 38
151 58
151 62
151 65
151 74
151 77
151 99
151 116
151 119
151 134
151 136
151 137
151 176
151 185
151 205
151 211
151 223
151 244
152 3
152 44
152 46
152 53
152 73
152 76
152 102
152 117
152 136
152 148
152 149
152 172
152 176
152 177
152 182
152 184
152 191
152 208
152 211
152 234
152 249
153 1
153 11
153 14
153 43
153 56
153 60
153 66
153 72
153 75
153 80
153 82
153 91
153 103
153 116
153 124
153 139
153 145
153 151
153 182
153 184
153 189
153 204
153 210
154 8
154 61
154 88
154 97
154 147
154 152
154 174
154 202
154 206
154 208
154 215
154 234
154 237
155 5
155 29
155 32
155 56
155 58
155 63
155 73
155 91
155 108
155 117
155 147
155 154
155 158
155 176
155 179
155 215
155 222
155 224
156 4
156 24
156 40
156 56
156 60
156 107
156 113
156 129
156 140
156 157
156 199
156 205
156 210
156 236
157 1
157 4
157 18
157 21
157 36
157 37
157 41
157 52
157 63
157 84
157 96
157 103
157 111
157 127
157 135
157 148
157 149
157 159
157 170
157 172
157 185
157 187
157 201
157 250
158 21
158 23
158 32
158 53
158 72
158 99
158 114
158 145
158 157
158 176
158 189
158 201
158 205
158 222
159 2
159 3
159 11
159 15
159 19
159 25
159 27
159 32
159 37
159 74
159 76
159 117
159 119
159 135
159 165
159 183
159 202
159 216
159 235
160 2
160 12
160 17
160 31
160 32
160 38
160 64
160 96
160 115
160 217
161 10
161 20
161 27
161 29
161 43
161 69
161 72
161 74
161 85
161 117
161 126
161 149
161 159
161 180
161 183
161 193
161 207
161 223
161 226
161 237
162 12
162 60
162 64
162 76
162 79
162 84
162 100
162 117
162 142
162 183
162 206
162 216
162 220
162 232
162 233
162 238
162 245
162 248
163 8
163 34
163 36
163 42
163 44
163 59
163 63
163 74
163 77
163 85
163 90
163 93
163 98
163 130
163 138
163 160
163 172
163 182
163 192
163 196
163 210
163 237
163 241
163 247
164 7
164 39
164 58
164 59
164 70
164 91
164 121
164 126
164 128
164 159
164 181
164 184
164 219
164 223
164 241
165 5
165 18
165 29
165 31
165 36
165 37
165 44
165 77
165 80
165 108
165 116
165 119
165 134
165 135
165 141
165 143
165 150
165 178
165 214
166 17
166 20
166 24
166 31
166 37
166 38
166 74
166 82
166 121
166 137
166 158
166 167
166 200
166 203
166 207
166 213
166 236
167 2
167 9
167 15
167 34
167 38
167 39
167 41
167 52
167 84
167 112
167 114
167 124
167 155
167 168
167 174
167 176
167 181
167 193
167 212
167 226
167 227
167 234
167 242
167 243
167 247
168 32
168 34
168 39
168 44
168 46
168 66
168 67
168 68
168 72
168 80
168 81
168 82
168 86
168 89
168 95
168 96
168 115
168 118
168 120
168 124
168 147
168 177
168 196
168 198
168 203
168 226
168 227
168 234
168 235
168 236
169 17
169 25
169 32
169 40
169 51
169 69
169 76
169 87
169 88
169 101
169 102
169 104
169 107
169 118
169 120
169 127
169 139
169 140
169 149
169 151
169 160
169 182
169 200
169 203
169 204
169 215
169 220
169 226
169 232
169 233
169 235
169 244
169 248
170 28
170 34
170 40
170 82
170 89
170 108
170 113
170 120
170 161
170 174
170 187
170 212
170 228
170 231
171 9
171 75
171 80
171 92
171 141
171 183
171 184
171 186
171 196
171 205
171 219
171 241
172 14
172 142
172 144
172 146
172 147
172 158
172 160
172 177
172 185
172 190
172 199
172 202
172 209
172 212
172 216
172 238
172 249
173 11
173 26
173 32
173 52
173 65
173 76
173 77
173 91
173 96
173 106
173 110
173 117
173 154
173 158
173 161
173 169
173 185
173 189
173 224
173 239
174 2
174 6
174 40
174 63
174 75
174 83
174 105
174 145
174 150
174 178
174 179
174 190
174 198
174 205
174 206
174 227
174 231
175 21
175 25
175 33
175 48
175 80
175 90
175 106
175 135
175 143
175 159
175 160
175 164
175 177
175 182
175 190
175 195
175 204
175 212
175 220
175 228
175 230
175 236
175 240
175 241
175 245
176 1
176 3
176 7
176 21
176 29
176 37
176 76
176 78
176 90
176 117
176 128
176 132
176 133
176 144
176 157
176 171
176 173
176 186
176 242
176 248
176 249
177 38
177 66
177 70
177 73
177 78
177 80
177 83
177 84
177 129
177 141
177 151
177 153
177 180
177 200
177 202
177 211
177 214
177 245
177 247
177 248
178 17
178 28
178 32
178 40
178 59
178 62
178 66
178 110
178 118
178 135
178 152
178 170
178 197
178 201
178 240
179 3
179 22
179 44
179 54
179 85
179 98
179 102
179 127
179 132
179 150
179 206
179 212
180 23
180 25
180 27
180 44
180 59
180 62
180 70
180 87
180 92
180 124
180 126
180 131
180 132
180 144
180 165
180 166
180 185
180 198
180 208
180 217
180 225
180 228
180 236
180 241
181 8
181 15
181 34
181 43
181 48
181 55
181 70
181 74
181 75
181 78
181 82
181 92
181 105
181 110
181 119
181 139
181 145
181 163
181 175
181 217
181 230
181 244
182 11
182 45
182 48
182 53
182 56
182 61
182 71
182 85
182 101
182 109
182 193
182 206
182 210
182 235
182 250
183 10
183 17
183 27
183 44
183 50
183 54
183 63
183 76
183 79
183 81
183 113
183 115
183 135
183 137
183 151
183 172
183 176
183 181
183 201
183 206
183 212
183 223
183 242
184 17
184 19
184 82
184 91
184 99
184 112
184 113
184 129
184 132
184 161
184 167
184 169
184 172
184 173
184 179
184 188
184 201
184 209
184 230
185 10
185 34
185 36
185 52
185 68
185 72
185 82
185 83
185 100
185 119
185 152
185 154
185 161
185 166
185 178
185 189
185 204
185 209
186 12
186 17
186 24
186 37
186 40
186 51
186 52
186 62
186 77
186 97
186 113
186 129
186 190
186 191
186 200
186 209
186 214
186 219
186 248
187 7
187 15
187 48
187 51
187 68
187 72
187 86
187 132
187 135
187 138
187 146
187 152
187 153
187 163
187 174
187 175
187 178
187 191
187 219
187 232
187 233
187 242
187 247
188 17
188 26
188 29
188 90
188 99
188 101
188 136
188 140
188 143
188 167
188 173
188 197
188 214
188 235
188 243
189 7
189 9
189 11
189 19
189 30
189 31
189 33
189 49
189 60
189 61
189 68
189 85
189 91
189 114
189 115
189 132
189 148
189 167
189 170
189 175
189 179
189 183
189 191
189 192
189 230
189 240
189 241
189 248
189 249
190 11
190 19
190 36
190 41
190 69
190 85
190 94
190 111
190 126
190 131
190 144
190 146
190 147
190 153
190 210
190 233
190 237
191 10
191 29
191 45
191 83
191 86
191 126
191 131
191 140
191 144
191 162
191 185
191 195
191 196
191 200
191 207
191 221
191 227
191 229
191 239
191 247
192 19
192 36
192 45
192 66
192 76
192 98
192 125
192 133
192 135
192 139
192 148
192 149
192 158
192 180
192 209
192 221
193 24
193 32
193 56
193 66
193 77
193 78
193 122
193 126
193 133
193 135
193 163
193 180
194 6
194 14
194 27
194 51
194 54
194 59
194 73
194 74
194 92
194 94
194 100
194 109
194 122
194 129
194 139
194 142
194 152
194 180
194 183
194 200
194 201
194 211
195 9
195 27
195 31
195 37
195 65
195 92
195 121
195 122
195 123
195 153
195 166
195 182
195 184
195 189
196 19
196 33
196 52
196 67
196 86
196 87
196 128
196 130
196 136
196 147
196 159
196 178
196 182
196 187
196 192
196 202
196 213
196 240
196 247
197 9
197 30
197 40
197 41
197 72
197 85
197 126
197 143
197 183
197 207
197 218
197 240
197 246
197 250
198 3
198 5
198 16
198 24
198 29
198 45
198 74
198 77
198 79
198 84
198 85
198 106
198 107
198 113
198 135
198 154
198 166
198 172
198 190
198 192
198 196
198 197
198 217
198 243
198 249
199 2
199 5
199 18
199 36
199 47
199 51
199 79
199 81
199 95
199 99
199 103
199 121
199 123
199 126
199 139
199 181
199 198
199 212
199 222
200 5
200 15
200 38
200 42
200 76
200 78
200 101
200 122
200 130
200 145
200 158
200 161
200 174
200 175
200 176
200 181
200 183
200 201
200 208
200 212
200 229
200 243
201 8
201 10
201 11
201 14
201 22
201 35
201 43
201 62
201 71
201 82
201 94
201 120
201 124
201 146
201 155
201 181
201 188
201 222
201 227
201 232
201 245
201 248
202 42
202 60
202 76
202 79
202 100
202 139
202 168
202 188
202 212
202 223
202 248
203 8
203 32
203 40
203 47
203 50
203 56
203 66
203 67
203 79
203 117
203 139
203 158
203 164
203 182
203 199
203 218
203 237
203 243
204 40
204 41
204 71
204 112
204 117
204 126
204 163
204 167
204 168
204 177
204 180
204 182
204 184
204 191
204 236
204 238
204 243
204 245
205 12
205 32
205 33
205 43
205 51
205 60
205 66
205 83
205 95
205 116
205 148
205 161
205 166
205 176
205 178
205 180
205 198
205 199
205 206
205 207
205 209
205 214
206 26
206 77
206 84
206 89
206 97
206 103
206 111
206 124
206 133
206 169
206 192
206 204
206 208
206 248
207 29
207 59
207 77
207 92
207 96
207 102
207 106
207 148
207 157
207 163
207 171
207 187
207 190
207 193
207 200
207 201
207 227
208 7
208 16
208 39
208 61
208 66
208 69
208 83
208 100
208 105
208 108
208 109
208 120
208 161
208 177
208 182
208 184
208 190
208 193
208 201
208 213
208 223
208 234
208 235
208 241
209 2
209 3
209 40
209 43
209 45
209 60
209 92
209 94
209 122
209 128
209 139
209 182
209 187
209 199
209 216
209 228
209 248
210 13
210 19
210 33
210 55
210 69
210 79
210 84
210 110
210 118
210 148
210 151
210 155
210 169
210 183
210 184
210 186
210 189
210 196
210 198
210 221
210 235
210 242
211 9
211 13
211 18
211 37
211 55
211 68
211 74
211 79
211 80
211 100
211 104
211 132
211 161
211 166
211 171
211 189
211 196
211 205
211 226
212 16
212 42
212 54
212 57
212 63
212 64
212 66
212 79
212 92
212 93
212 100
212 106
212 111
212 116
212 127
212 130
212 186
212 192
212 205
212 210
212 211
212 213
212 246
213 6
213 7
213 17
213 61
213 81
213 83
213 98
213 105
213 123
213 125
213 128
213 141
213 144
213 159
213 169
213 183
213 200
213 210
213 232
213 235
213 243
213 244
213 250
214 12
214 14
214 27
214 34
214 36
214 38
214 49
214 52
214 82
214 86
214 103
214 108
214 113
214 176
214 180
214 189
214 200
214 234
214 235
215 3
215 8
215 25
215 30
215 32
215 47
215 49
215 56
215 71
215 99
215 130
215 132
215 134
215 142
215 143
215 157
215 167
215 172
215 173
215 175
215 181
215 193
215 201
215 213
215 225
215 230
215 231
215 243
216 29
216 30
216 38
216 55
216 69
216 104
216 111
216 120
216 128
216 144
216 151
216 155
216 158
216 164
216 165
216 176
216 179
216 190
216 224
216 249
216 250
217 3
217 12
217 14
217 34
217 42
217 47
217 48
217 60
217 67
217 117
217 128
217 138
217 171
217 179
217 183
217 185
217 189
217 222
217 236
217 237
218 5
218 12
218 20
218 22
218 31
218 46
218 58
218 79
218 95
218 126
218 133
218 135
218 137
218 145
218 172
218 183
218 191
218 192
218 199
218 210
218 217
218 233
218 237
219 5
219 13
219 19
219 22
219 26
219 30
219 32
219 37
219 38
219 59
219 62
219 68
219 85
219 114
219 128
219 142
219 193
219 200
219 215
219 230
219 233
220 3
220 9
220 11
220 15
220 29
220 49
220 58
220 67
220 117
220 138
220 154
220 158
220 165
220 189
220 194
220 195
220 203
220 205
220 224
221 4
221 16
221 18
221 53
221 55
221 62
221 76
221 80
221 89
221 108
221 111
221 118
221 120
221 130
221 157
221 163
221 180
221 184
221 203
221 211
221 214
221 226
221 235
221 242
222 1
222 10
222 34
222 50
222 66
222 87
222 91
222 95
222 96
222 105
222 116
222 131
222 135
222 136
222 159
222 162
222 194
222 227
222 240
222 241
223 8
223 10
223 12
223 22
223 23
223 38
223 39
223 40
223 58
223 61
223 65
223 75
223 79
223 88
223 92
223 104
223 106
223 129
223 137
223 145
223 180
223 194
223 198
223 200
223 210
223 215
223 230
223 242
223 248
224 5
224 17
224 22
224 28
224 42
224 83
224 84
224 89
224 91
224 95
224 101
224 131
224 145
224 147
224 161
224 179
224 182
224 196
224 200
224 208
224 219
224 223
224 231
224 233
225 21
225 23
225 27
225 33
225 40
225 92
225 100
225 101
225 117
225 121
225 122
225 126
225 138
225 141
225 147
225 148
225 149
225 156
225 173
225 187
225 235
225 237
225 248
226 25
226 53
226 68
226 102
226 103
226 108
226 110
226 119
226 137
226 155
226 170
226 190
226 191
226 192
226 201
226 204
226 205
226 209
226 217
226 227
226 230
226 249
226 250
227 16
227 23
227 29
227 33
227 45
227 63
227 71
227 84
227 87
227 88
227 114
227 119
227 123
227 154
227 162
227 171
227 176
227 189
227 230
227 237
228 17
228 24
228 26
228 48
228 50
228 52
228 61
228 88
228 101
228 107
228 109
228 144
228 145
228 152
228 161
228 181
228 194
228 204
228 214
228 215
228 238
228 245
229 8
229 10
229 16
229 17
229 24
229 35
229 36
229 52
229 63
229 65
229 68
229 88
229 99
229 102
229 114
229 122
229 125
229 126
229 132
229 143
229 156
229 166
229 167
229 178
229 221
229 230
229 232
229 236
229 238
229 241
230 14
230 35
230 57
230 69
230 72
230 83
230 87
230 114
230 115
230 117
230 118
230 119
230 128
230 132
230 144
230 148
230 149
230 158
230 167
230 174
230 180
230 185
230 204
230 237
230 250
231 7
231 13
231 55
231 60
231 62
231 67
231 69
231 82
231 85
231 87
231 107
231 118
231 169
231 188
231 221
231 229
231 237
231 241
231 250
232 13
232 18
232 56
232 77
232 87
232 98
232 103
232 108
232 121
232 137
232 147
232 157
232 177
232 183
232 192
232 199
232 204
232 206
232 216
232 218
232 241
232 244
233 14
233 27
233 50
233 58
233 67
233 83
233 127
233 140
233 151
233 152
233 172
233 173
233 178
233 189
233 201
233 213
233 225
233 238
233 242
234 5
234 12
234 22
234 28
234 31
234 45
234 46
234 57
234 63
234 77
234 90
234 95
234 110
234 118
234 131
234 139
234 158
234 176
234 195
234 198
234 200
234 211
234 215
234 217
235 5
235 18
235 21
235 24
235 27
235 28
235 29
235 41
235 61
235 62
235 89
235 107
235 148
235 161
235 165
235 166
235 176
235 179
235 220
235 226
235 230
236 1
236 3
236 4
236 28
236 31
236 38
236 55
236 70
236 71
236 89
236 97
236 134
236 144
236 145
236 146
236 173
236 177
236 181
236 196
236 201
236 209
236 213
236 233
236 237
236 244
236 247
237 1
237 15
237 16
237 27
237 31
237 41
237 43
237 46
237 51
237 78
237 85
237 95
237 99
237 103
237 146
237 171
237 194
237 226
238 1
238 20
238 53
238 54
238 70
238 76
238 82
238 110
238 120
238 147
238 150
238 156
238 159
238 166
238 169
238 181
238 191
238 192
238 224
238 225
238 230
239 30
239 42
239 76
239 83
239 86
239 89
239 93
239 97
239 120
239 122
239 125
239 139
239 145
239 154
239 160
239 165
239 167
239 170
239 181
239 184
239 193
239 199
239 206
239 209
239 212
239 215
239 218
239 236
239 237
240 12
240 22
240 25
240 35
240 43
240 50
240 56
240 64
240 73
240 84
240 102
240 114
240 141
240 146
240 169
240 174
240 182
240 205
240 208
240 210
241 1
241 74
241 75
241 106
241 114
241 125
241 129
241 132
241 148
241 165
241 187
241 200
241 206
241 207
242 26
242 36
242 39
242 42
242 44
242 50
242 54
242 60
242 83
242 84
242 89
242 133
242 170
242 177
242 182
242 186
242 208
242 217
242 219
242 220
242 243
243 22
243 49
243 56
243 62
243 102
243 115
243 170
243 186
243 189
243 190
243 217
243 223
243 238
244 10
244 15
244 25
244 34
244 38
244 54
244 56
244 69
244 87
244 89
244 96
244 109
244 119
244 127
244 141
244 142
244 170
244 178
244 186
244 190
244 208
244 215
244 220
244 225
244 237
244 249
245 5
245 10
245 21
245 40
245 75
245 76
245 78
245 86
245 113
245 122
245 170
245 224
245 234
245 248
246 2
246 9
246 19
246 22
246 28
246 29
246 33
246 44
246 92
246 102
246 113
246 117
246 121
246 129
246 138
246 142
246 154
246 179
246 206
246 210
246 214
246 219
246 226
246 228
246 235
246 248
247 15
247 18
247 51
247 61
247 62
247 69
247 74
247 88
247 101
247 109
247 113
247 133
247 153
247 165
247 193
247 205
247 216
247 217
247 226
247 235
248 23
248 24
248 46
248 55
248 73
248 86
248 103
248 106
248 111
248 124
248 130
248 148
248 161
248 175
248 219
248 222
248 239
249 12
249 19
249 40
249 54
249 66
249 71
249 94
249 95
249 100
249 103
249 140
249 192
249 209
249 213
249 214
249 219
249 223
249 246
250 1
250 40
250 50
250 58
250 64
250 91
250 139
250 140
250 153
250 168
250 180
250 183
250 219

