250 250
53 72 59 94 47 117 120 71 118 43 84 64 59 74 96 46 99 40 81 75 104 30 119 94 43 61 24 76 35 25 108 33 79 35 85 88 69 28 63 101 106 57 82 82 83 86 119 78 57 49 117 49 79 80 62 95 25 59 63 40 74 85 83 103 99 79 54 41 44 103 70 90 33 84 111 22 39 50 61 116 36 68 116 84 32 36 63 72 36 92 28 45 120 110 112 89 61 31 26 116 80 40 97 30 86 56 68 97 57 116 89 82 27 52 66 92 28 93 95 41 87 46 82 62 26 48 35 108 48 61 95 61 117 77 31 66 57 61 57 25 114 118 26 48 47 60 67 119 107 42 73 53 45 21 42 36 66 83 86 24 84 95 63 70 56 35 51 39 94 103 81 34 45 50 55 62 25 109 90 94 61 49 82 114 118 106 103 35 81 29 64 94 80 49 100 118 82 111 37 100 53 29 105 40 77 113 31 21 37 30 22 101 43 113 21 29 107 93 83 109 120 102 85 26 77 24 42 120 118 98 71 114 72 43 107 96 104 82 45 35 37 75 21 61 99 90 87 25 87 53 
2 196
6 247
8 31
9 224
10 8
14 159
14 183
15 221
16 103
17 203
20 33
20 48
20 62
20 170
20 199
20 223
22 123
23 47
24 127
25 126
25 233
28 193
29 56
29 62
29 101
29 108
30 194
31 131
32 9
34 57
35 33
35 74
36 149
37 158
38 168
39 220
40 82
43 195
44 178
44 239
45 63
46 19
46 217
47 224
48 18
48 116
49 209
50 118
51 29
55 214
57 140
57 223
57 242
58 74
59 102
61 113
62 71
62 182
65 171
67 164
68 4
69 42
69 130
71 235
72 1
73 154
73 183
73 228
74 208
77 4
77 141
78 170
79 96
80 130
81 16
83 171
83 208
83 211
85 226
89 21
89 148
90 63
90 70
90 116
90 123
90 186
90 218
92 2
93 163
93 237
95 211
96 103
97 76
99 208
101 202
103 20
104 167
104 217
105 7
105 27
105 206
107 36
107 84
107 151
109 59
109 164
113 93
113 236
114 28
117 215
119 4
119 135
120 187
122 222
124 10
124 55
126 68
126 141
128 23
128 171
130 110
131 142
132 172
133 226
133 250
135 22
138 59
138 90
138 113
138 233
140 44
140 217
140 226
141 146
142 236
143 133
143 185
144 187
144 188
144 209
145 166
146 122
148 54
149 1
149 123
151 13
151 201
152 228
153 150
154 48
154 175
156 3
156 11
158 235
162 60
163 46
163 172
166 28
166 219
168 153
170 123
170 161
171 59
171 95
172 63
176 56
177 32
177 167
180 192
183 42
185 17
185 178
186 36
187 114
187 235
188 63
189 165
190 67
190 127
190 156
193 113
195 128
195 138
196 42
196 124
198 111
199 175
200 18
200 172
200 235
201 33
201 72
203 187
203 238
204 227
206 184
209 4
209 6
209 229
210 250
211 118
211 218
211 227
212 129
212 197
212 225
213 161
214 132
214 206
215 44
215 47
215 186
217 70
217 188
217 210
218 179
218 197
221 231
222 17
223 67
224 98
225 82
226 245
227 144
228 27
230 155
233 85
233 174
233 220
234 37
234 125
235 115
236 64
236 221
237 153
238 182
239 43
240 179
242 216
244 38
246 187
246 225
247 59
248 4
248 53
249 192
249 201
250 141
250 188
250 194

