300 300
54 72 79 52 98 25 115 67 33 60 74 22 74 116 46 99 54 78 111 98 59 116 72 67 70 101 58 89 81 116 64 77 57 119 22 96 45 119 31 113 64 102 43 59 107 50 41 67 47 75 71 45 29 120 85 36 67 106 74 22 115 54 105 53 51 60 47 94 63 75 103 86 103 26 82 38 78 99 58 26 118 38 33 45 112 37 117 112 103 40 20 34 106 77 96 94 20 110 117 57 98 36 57 86 111 110 36 48 61 59 35 73 62 51 23 42 96 58 68 120 93 63 84 107 86 87 111 106 83 76 105 23 80 20 57 113 120 97 29 73 33 92 103 80 98 45 87 99 74 26 99 48 56 86 72 93 97 57 62 98 78 43 61 25 114 40 111 39 42 49 80 32 91 94 63 30 43 30 81 110 60 76 23 87 107 35 22 75 72 85 105 92 31 80 30 81 72 105 64 83 20 68 50 79 75 77 48 46 31 77 86 21 80 90 82 120 48 55 74 69 61 30 81 74 113 63 40 59 116 93 62 116 49 118 47 109 96 61 112 68 35 96 84 90 63 38 108 111 32 49 43 57 112 37 32 35 102 90 103 114 40 79 38 75 72 93 73 20 51 86 79 109 30 97 68 61 112 36 115 87 120 110 99 31 83 117 56 34 100 31 51 69 89 103 28 53 38 33 59 46 
1 135
1 152
3 242
5 85
7 173
8 251
9 243
10 100
11 20
16 132
16 136
16 219
16 230
18 192
19 10
22 208
22 214
23 211
29 239
30 296
34 22
35 231
36 251
37 40
39 148
39 170
39 264
39 272
41 169
42 18
42 191
44 63
44 188
44 195
44 256
45 28
45 59
45 157
45 190
46 16
46 25
47 198
47 221
50 41
50 85
51 298
52 216
54 15
57 254
58 155
61 28
61 124
64 173
66 47
67 37
68 21
68 84
69 182
70 61
73 109
74 23
74 150
74 227
75 4
75 150
75 152
77 162
79 16
79 89
79 137
80 151
80 216
82 132
83 33
83 257
84 66
85 2
85 23
86 228
87 174
89 115
89 188
89 246
90 66
91 262
92 144
93 67
93 198
93 200
95 49
96 93
103 73
104 38
106 59
106 108
106 162
106 258
107 57
110 103
112 22
112 166
113 281
115 197
116 91
116 161
117 139
117 197
119 139
120 36
121 44
121 175
122 288
123 6
123 107
123 113
123 253
123 265
125 101
125 216
125 285
126 129
126 297
128 105
128 239
129 40
130 94
132 109
133 237
134 100
135 68
136 81
136 107
136 269
138 43
138 51
139 298
142 10
142 248
143 5
144 109
145 134
145 166
146 74
146 137
147 65
147 294
148 30
148 147
149 137
150 114
158 87
158 169
160 14
161 196
168 40
168 229
170 224
171 60
171 180
172 175
172 249
175 75
176 20
176 287
178 229
180 65
181 298
182 32
182 113
182 292
184 173
184 175
185 27
185 110
185 175
185 234
186 217
186 227
188 20
189 32
190 180
190 218
191 152
191 239
193 163
194 103
197 68
198 268
199 24
199 91
199 229
199 231
200 52
200 128
200 263
202 126
202 220
205 57
206 295
207 159
209 61
210 164
212 23
212 114
213 147
213 264
215 7
216 111
217 48
217 148
218 25
218 225
220 78
220 140
222 164
223 111
224 88
224 138
224 149
224 154
225 238
226 221
227 183
228 131
228 297
229 104
230 92
230 249
231 18
232 110
232 146
234 227
236 37
236 73
236 132
237 44
237 143
238 105
238 129
240 70
241 230
242 283
243 49
243 163
244 49
245 10
245 205
246 166
249 262
251 271
254 176
255 121
255 140
256 292
258 78
258 141
258 142
259 23
259 179
260 23
261 92
263 234
264 1
268 216
270 47
270 148
271 81
273 12
273 14
273 148
275 63
276 153
276 289
281 37
281 52
281 89
281 101
282 12
284 252
285 248
285 255
285 264
286 123
286 228
287 4
288 188
288 266
290 280
291 158
293 70
293 138
293 208
293 297
294 20
295 67
295 104
295 251
298 112
298 187
300 52

