300 750
78 21 55 101 53 62 24 62 23 64 86 113 39 117 34 41 50 102 52 71 84 30 22 118 53 118 65 69 115 71 103 102 66 33 115 76 85 66 79 32 102 57 21 112 28 92 120 112 52 71 30 80 114 33 42 40 30 22 48 53 67 49 82 32 75 25 46 48 113 63 101 109 110 107 83 39 69 35 79 29 55 46 72 71 116 71 112 80 87 38 47 74 105 69 26 77 59 92 71 40 47 39 44 36 24 83 30 100 98 53 71 78 44 64 107 59 52 24 35 114 35 93 25 94 30 106 111 62 32 61 73 74 46 78 58 58 55 112 71 69 28 76 106 66 42 52 39 47 77 58 75 101 89 101 101 42 103 57 44 61 28 105 78 93 52 86 97 81 66 32 47 117 80 50 108 41 25 24 64 83 97 68 58 62 107 116 67 85 26 103 119 32 64 92 96 106 61 28 120 110 71 33 82 26 111 107 62 53 83 110 27 48 116 83 119 116 65 52 34 36 60 78 38 82 59 46 58 89 68 97 63 87 104 55 110 114 115 62 112 109 118 84 56 120 81 56 82 73 98 86 67 83 76 70 101 92 69 64 87 64 89 35 58 99 72 74 77 46 72 120 108 89 76 94 22 35 25 60 70 44 99 85 65 104 39 120 103 21 95 64 58 90 114 99 112 114 120 24 39 112 
2 34
2 130
3 145
3 223
4 2
4 91
4 235
4 299
5 18
5 179
5 293
7 71
7 94
7 110
7 137
7 256
8 193
8 300
9 36
9 293
10 166
11 236
11 242
12 75
12 80
12 219
12 257
13 89
13 182
13 297
14 37
14 77
14 94
14 286
14 293
15 32
15 63
15 142
15 224
16 56
16 148
16 178
17 178
17 283
18 192
19 14
19 206
19 247
20 140
20 244
20 292
21 178
22 207
22 221
23 20
23 211
23 233
23 237
23 272
24 214
24 217
24 226
25 42
26 122
26 264
27 11
28 43
28 160
29 22
30 72
30 215
30 240
31 136
31 171
31 239
32 24
32 85
32 258
32 277
32 281
33 118
33 183
33 189
34 37
34 85
34 88
34 184
34 191
34 192
34 214
34 261
34 296
35 61
35 75
35 177
35 189
35 248
36 24
36 65
36 255
37 161
37 178
37 225
37 253
38 264
39 124
39 253
40 74
40 178
40 228
42 11
43 76
43 269
43 291
44 120
44 261
44 281
45 284
46 10
46 37
46 38
46 40
46 83
46 141
47 39
47 62
47 144
48 44
48 46
48 128
48 261
49 96
49 188
49 201
51 113
51 211
51 274
51 292
52 211
52 248
53 55
53 70
53 90
53 126
53 161
53 198
53 253
54 179
55 29
55 39
55 156
55 256
56 190
57 30
57 189
57 283
58 94
58 101
58 210
58 218
59 65
59 96
59 292
60 19
60 121
61 276
62 247
62 279
62 283
63 82
63 97
63 235
64 29
64 81
64 120
64 127
64 130
64 155
64 205
64 270
65 66
65 102
65 226
66 198
67 132
69 80
69 100
69 204
70 22
70 51
71 25
71 144
71 227
71 245
72 70
72 242
72 294
73 81
75 4
76 9
76 28
76 34
76 105
76 184
77 99
77 262
79 19
79 118
79 282
80 274
81 2
81 45
81 131
81 143
81 202
82 24
82 152
82 277
83 253
83 288
85 48
85 285
86 17
86 154
86 169
87 17
87 113
87 275
89 186
89 247
89 256
90 145
90 147
90 286
92 61
92 128
93 2
93 119
93 205
93 289
94 89
94 238
94 276
95 80
95 107
95 168
96 71
96 173
96 205
96 221
97 139
97 149
97 187
97 211
97 251
97 286
98 132
98 143
98 147
98 231
99 112
99 226
100 291
101 20
101 36
101 184
101 225
103 3
103 44
103 228
103 238
103 276
104 46
104 165
105 26
106 3
107 118
107 135
107 156
107 185
107 256
108 36
108 63
109 67
109 122
109 213
109 281
110 12
111 165
111 203
112 10
112 35
112 133
112 199
113 36
113 81
113 198
113 210
114 122
114 294
115 13
115 170
115 259
117 125
117 149
117 174
117 246
118 55
119 17
119 48
119 164
120 231
120 264
120 272
121 51
124 4
124 8
124 71
124 139
124 248
124 270
126 40
126 57
127 50
127 133
127 227
128 109
128 120
128 190
128 230
129 281
130 56
130 111
130 196
130 269
131 157
131 177
131 185
131 203
131 266
132 24
132 216
133 20
133 116
133 242
135 59
135 233
135 260
136 19
136 38
136 215
136 249
137 155
137 231
137 263
138 115
138 127
138 141
139 214
140 213
141 111
141 287
142 86
142 194
142 220
143 15
143 66
143 174
144 6
144 162
144 277
145 50
146 37
147 54
147 103
147 117
147 215
147 275
148 32
149 125
149 251
150 25
150 59
150 147
150 269
151 52
152 83
152 235
152 247
155 2
156 29
156 173
156 180
156 238
156 249
157 39
157 52
157 130
158 90
158 196
159 67
159 114
160 18
160 90
161 5
161 182
161 190
162 46
162 72
162 107
162 145
162 247
164 3
164 184
164 241
165 138
165 234
165 268
166 77
167 127
167 180
167 181
167 220
168 34
168 207
168 219
168 258
169 41
169 223
170 16
170 62
170 144
172 145
172 201
173 19
173 121
174 21
174 60
174 226
175 150
175 280
176 123
176 205
176 234
177 2
178 2
178 48
178 164
179 13
179 142
179 187
179 248
179 293
180 83
180 120
180 174
180 227
181 127
181 223
181 245
182 190
182 194
183 168
184 113
185 100
186 216
187 38
187 164
188 46
188 165
188 243
190 69
190 153
190 219
190 277
191 80
191 94
191 150
191 254
191 258
192 218
193 27
193 190
193 232
194 210
194 264
194 267
194 286
196 117
196 181
196 202
196 282
197 1
197 28
197 61
197 99
198 14
198 50
198 69
198 155
198 206
198 213
199 15
199 118
200 58
200 73
200 135
200 239
201 182
202 8
202 195
202 243
204 25
204 184
205 43
205 63
205 174
205 232
205 289
206 1
206 145
206 255
207 46
207 276
208 237
209 117
209 242
210 55
210 160
211 225
211 272
211 275
212 171
213 42
213 68
213 69
213 157
213 197
213 220
215 128
215 130
215 194
216 17
216 71
216 122
216 176
216 202
217 17
217 110
217 294
218 63
218 145
219 30
219 63
219 131
220 149
220 155
221 8
221 299
222 250
223 201
223 242
224 24
224 48
224 171
224 285
225 66
225 269
227 14
227 69
227 70
227 91
227 159
227 186
227 268
228 55
228 150
228 157
228 187
228 207
228 208
229 54
229 242
229 255
230 113
231 193
233 18
233 31
234 19
234 218
234 233
235 111
236 107
236 120
236 222
236 277
237 86
237 128
238 195
238 206
240 95
240 220
241 159
241 270
242 88
242 171
242 241
243 75
244 90
244 116
244 117
244 169
244 182
244 222
245 54
245 84
245 87
245 166
245 178
246 102
247 48
247 242
248 176
249 172
250 52
250 186
250 231
251 10
251 23
251 91
251 281
252 200
253 54
253 78
253 167
253 195
253 298
254 279
255 198
256 8
256 66
256 113
256 132
256 206
257 112
257 287
259 233
260 67
260 118
260 124
260 129
261 90
261 117
262 203
262 204
262 273
263 118
263 171
264 131
264 256
265 77
265 204
265 205
265 239
266 240
267 251
267 276
268 113
268 156
269 30
269 32
269 95
270 78
270 161
271 28
271 90
271 213
271 279
272 47
272 165
272 216
272 240
273 14
273 156
275 27
275 146
275 207
275 296
276 150
277 22
277 107
277 207
278 79
278 121
278 224
278 255
280 100
280 159
281 28
281 181
281 202
281 212
281 279
282 185
283 224
284 200
285 6
285 75
285 232
285 289
286 8
286 70
286 114
286 161
286 192
286 297
287 65
287 67
287 148
287 245
288 186
288 190
288 300
289 54
289 99
289 152
291 35
291 147
291 279
292 103
292 150
293 116
293 149
294 211
295 6
295 90
295 96
295 276
296 157
296 223
296 231
297 108
297 122
297 144
297 284
298 204
298 244
300 33
300 202
300 252

