200 750
50 108 94 102 90 37 73 47 109 98 106 31 61 116 39 102 61 68 107 40 106 109 91 22 40 92 89 68 80 76 53 120 69 35 45 108 100 27 117 81 26 88 75 45 75 77 73 104 45 86 61 82 82 56 64 49 61 80 75 60 32 20 49 28 35 70 37 55 63 107 111 74 55 111 20 28 105 41 46 41 26 119 23 20 50 106 102 83 28 90 85 104 36 41 21 77 73 42 40 21 77 42 103 47 48 116 69 107 76 23 97 100 47 111 119 53 30 23 26 86 21 21 47 105 25 113 35 21 110 35 97 55 96 118 105 116 102 108 32 28 21 41 105 99 75 91 34 60 83 48 92 38 111 113 108 115 113 23 61 74 108 73 96 36 47 96 86 85 118 43 54 118 67 48 76 56 78 114 65 108 110 69 58 97 120 43 68 25 77 87 70 27 31 46 79 83 51 68 35 27 
1 26
1 43
1 78
1 125
1 170
2 16
2 57
2 97
2 101
2 131
2 160
2 179
3 30
3 125
3 152
4 45
4 64
4 173
5 135
5 153
5 195
6 17
6 36
6 37
6 186
7 97
7 126
7 163
7 178
8 147
8 157
8 159
8 165
10 39
10 134
10 144
10 154
10 164
10 170
11 56
11 72
11 134
11 180
12 72
12 74
12 170
12 188
13 6
13 12
13 112
15 17
15 141
15 165
15 176
16 4
17 78
17 97
17 106
17 119
17 190
18 84
18 183
19 3
19 4
19 26
19 161
20 22
20 32
20 44
20 72
20 102
20 158
20 187
21 10
21 34
21 120
21 131
21 187
22 51
22 133
22 191
23 12
23 38
23 161
24 17
24 72
24 101
24 124
24 142
24 155
24 164
24 182
25 19
26 48
26 190
27 111
27 158
28 18
28 36
28 44
28 88
28 108
28 117
28 148
28 149
28 172
29 32
29 37
29 99
29 181
29 190
30 14
30 17
30 18
30 84
30 97
30 198
31 4
31 42
31 107
31 190
32 34
32 176
33 21
33 35
33 52
33 85
33 117
33 165
33 198
34 143
34 155
34 189
34 190
35 11
35 94
35 104
36 1
36 9
36 44
36 48
37 26
37 99
37 113
37 144
37 145
37 159
37 167
39 59
39 92
39 165
40 37
40 78
40 109
40 187
41 31
41 46
41 90
41 127
41 144
41 176
43 32
43 46
43 63
44 51
44 103
44 180
45 47
45 51
45 68
45 175
45 188
46 25
46 44
46 165
46 195
47 32
47 57
47 81
47 104
47 136
48 75
48 97
48 160
48 190
49 38
49 39
50 59
50 63
50 196
51 33
51 133
51 172
52 13
52 159
52 169
52 191
53 44
53 50
53 183
54 45
54 84
54 124
55 66
55 94
55 164
56 69
57 25
57 51
57 140
58 99
58 139
58 155
59 51
59 58
59 81
59 91
59 106
59 115
59 150
59 167
60 77
60 79
60 81
60 141
61 154
62 42
62 72
62 97
62 120
62 130
62 158
62 179
63 3
63 61
63 176
64 36
64 162
65 40
65 57
65 184
66 94
66 113
66 121
66 149
67 68
68 46
68 84
69 115
69 133
69 159
69 181
70 3
70 24
70 61
70 99
70 126
70 129
70 149
71 34
71 50
71 60
71 64
72 10
72 124
72 131
72 141
72 143
73 45
73 53
73 145
73 161
73 170
74 59
75 1
75 4
75 91
75 102
75 113
75 145
75 168
76 35
76 176
77 58
77 167
78 72
78 85
78 138
79 15
79 115
79 116
80 29
80 50
81 3
81 10
81 98
82 17
82 29
82 45
82 76
83 41
83 97
83 103
83 139
83 147
84 31
84 135
84 143
84 156
85 69
85 117
85 127
85 133
85 139
85 168
86 29
86 64
86 199
87 109
87 110
87 159
87 197
88 130
88 173
89 40
89 44
89 189
90 76
91 11
91 74
91 86
91 95
91 121
92 16
92 40
92 76
92 107
92 116
92 137
92 183
92 200
93 37
93 44
93 52
93 100
93 120
93 190
94 23
94 30
94 45
94 58
94 100
94 127
94 173
94 181
94 183
95 25
95 136
96 64
96 117
97 1
97 71
97 187
98 25
98 28
98 70
98 82
98 158
98 168
99 85
99 182
100 79
100 97
100 144
101 23
101 30
101 64
101 88
101 135
102 37
102 65
102 83
102 146
102 157
102 187
102 188
103 46
104 1
104 36
104 37
104 84
105 6
105 120
105 191
107 44
107 68
107 97
107 121
108 14
108 15
108 84
108 87
108 154
109 35
109 101
109 113
109 132
110 197
111 40
111 115
111 122
111 178
111 185
112 86
112 105
113 57
113 77
114 3
114 165
114 174
114 186
114 192
115 135
115 186
116 4
116 41
116 63
116 109
116 131
116 139
117 12
117 86
117 118
118 29
118 132
119 44
119 49
119 59
119 75
119 117
119 122
119 192
120 134
121 2
121 53
121 108
121 118
121 138
122 134
122 187
123 53
123 57
123 111
123 142
124 105
125 9
125 25
125 166
125 169
126 22
126 75
126 127
126 148
126 151
126 162
126 190
127 32
128 45
128 163
128 191
129 16
129 73
129 117
129 161
129 179
129 190
129 192
129 193
130 129
130 154
131 53
131 82
131 112
131 195
132 17
132 67
132 94
132 153
132 155
132 168
132 170
132 189
133 4
133 7
133 41
133 90
134 26
134 59
134 130
134 181
135 50
135 140
135 155
136 120
136 127
137 88
137 132
138 31
138 68
138 85
138 175
138 184
139 53
139 107
139 114
139 130
139 194
140 28
140 31
140 38
140 76
140 98
140 115
140 197
141 131
143 16
143 23
143 89
143 147
143 191
144 3
144 17
144 26
144 72
144 74
144 80
144 124
145 18
145 38
145 104
146 35
146 38
146 66
147 106
147 124
147 154
147 167
148 36
148 50
148 141
148 183
149 148
150 72
150 191
151 11
151 25
151 58
151 183
151 190
152 102
152 105
152 143
152 163
153 27
153 59
153 75
153 142
154 4
154 29
154 39
154 102
155 11
155 15
155 75
156 43
156 80
156 176
156 180
157 54
157 68
157 78
157 85
158 51
158 58
159 1
159 5
159 67
159 91
160 27
160 41
160 52
160 72
160 129
161 58
161 60
161 113
161 151
161 178
162 22
162 73
162 114
162 119
162 131
162 148
162 185
163 5
163 111
164 92
164 97
164 110
164 119
164 134
165 75
165 83
165 185
166 168
167 13
167 39
167 79
167 91
167 92
167 116
168 36
168 48
168 154
169 143
169 152
169 183
169 195
170 19
170 31
170 56
170 71
170 101
170 175
170 192
170 196
171 63
171 70
171 74
171 135
172 69
172 86
173 33
173 79
173 96
174 22
174 112
174 154
175 62
175 83
175 145
175 179
175 197
176 13
176 28
176 116
177 18
177 39
177 76
178 50
178 113
179 27
179 86
179 98
179 144
179 146
179 154
179 194
180 4
180 34
180 58
180 67
180 68
180 118
180 127
180 147
180 177
181 93
181 109
181 122
181 199
182 67
182 103
182 159
182 181
182 186
183 27
183 89
184 16
184 31
184 108
184 169
184 172
184 196
185 91
185 133
185 147
185 154
185 166
185 190
186 54
186 108
187 79
187 110
188 1
188 24
188 76
188 97
188 106
188 124
188 141
189 155
190 120
190 149
191 147
191 193
192 5
192 54
192 75
192 128
193 57
193 64
193 81
193 118
193 132
193 133
193 164
194 79
194 80
194 182
195 33
195 63
195 115
196 118
196 157
197 14
197 95
197 97
198 63
198 148
198 168
199 55
199 168
200 22
200 37
200 64
200 96
200 125
200 134

