100 250
43 90 96 89 107 99 69 63 52 104 101 68 80 33 41 87 118 81 53 100 63 63 84 22 78 102 43 67 62 21 47 90 58 22 110 110 63 46 110 90 34 119 88 77 64 85 25 31 102 56 115 45 30 80 33 56 48 63 82 87 63 33 49 28 45 117 104 114 21 112 46 33 86 82 27 108 51 53 101 76 74 119 74 83 85 41 102 106 114 48 24 84 102 116 77 110 107 107 110 55 
1 70
1 73
2 73
3 17
3 96
4 79
5 4
5 48
5 93
6 24
6 45
6 59
6 64
6 92
6 99
7 23
7 73
8 45
8 85
9 54
10 50
11 53
12 11
12 83
12 84
13 11
13 20
13 25
13 76
14 6
14 7
14 29
15 29
15 42
15 43
16 84
18 9
18 55
18 57
18 89
19 60
19 66
19 70
19 73
20 42
21 49
21 81
22 36
22 47
22 51
22 87
23 15
24 5
24 22
24 29
24 45
24 53
24 79
24 92
25 33
25 83
26 38
26 63
28 7
28 8
28 44
28 58
29 37
29 63
30 9
32 39
32 75
32 85
33 1
33 29
33 30
33 40
33 81
34 75
37 41
37 81
38 1
38 70
38 94
39 57
39 66
40 19
40 59
40 79
40 86
40 88
40 95
40 99
42 4
42 25
42 72
43 35
43 60
44 35
45 50
46 87
47 11
47 39
48 15
48 19
48 82
49 32
49 37
49 48
49 99
50 38
50 70
51 5
51 7
51 10
51 72
51 76
52 5
52 26
52 35
52 65
53 6
53 17
53 97
54 16
54 53
54 95
55 38
55 45
55 57
56 12
56 20
57 44
57 92
57 96
58 17
58 42
58 43
59 43
60 5
60 32
61 10
61 34
61 73
62 27
62 43
62 77
63 36
63 77
63 86
63 91
64 67
64 78
65 30
65 60
65 73
65 74
65 93
66 15
66 33
66 99
67 47
68 7
68 53
68 92
69 33
69 45
69 47
71 40
71 81
71 87
72 1
73 38
73 77
74 20
75 28
76 19
77 28
77 99
78 7
78 27
78 29
78 38
79 57
80 29
80 30
80 35
81 3
81 10
82 42
82 66
82 91
82 97
83 24
83 77
84 85
85 23
85 61
85 63
85 99
86 1
86 45
86 46
86 55
86 68
86 70
86 79
86 82
87 10
87 23
88 63
89 58
89 97
90 20
90 92
91 2
91 3
91 7
91 13
91 26
91 37
91 59
91 69
91 95
92 9
92 45
92 51
92 87
92 88
93 26
93 53
93 57
93 69
93 91
94 3
94 46
94 78
95 17
95 19
95 42
96 25
96 55
96 81
97 57
98 20
98 78
98 89
99 59
100 10
100 45

