150 150
92 110 24 76 60 57 83 69 110 38 88 91 102 23 115 107 96 49 73 67 62 29 45 72 96 76 65 48 64 24 103 49 61 90 27 46 99 32 43 88 46 113 52 60 83 42 86 24 70 97 31 70 29 112 105 96 47 78 71 65 54 99 47 97 115 86 49 106 65 51 61 103 24 45 106 106 51 120 86 102 108 43 116 100 85 41 56 79 59 88 97 55 103 69 26 87 47 102 20 93 39 108 82 50 54 20 43 62 107 114 23 91 89 103 85 78 87 38 50 49 43 118 47 38 44 89 97 40 102 78 94 56 64 92 72 38 106 47 85 38 62 96 22 37 90 104 57 44 32 29 
1 133
2 27
2 69
2 79
2 108
2 146
3 64
3 108
3 145
5 110
6 147
10 69
11 50
11 67
14 97
16 72
18 146
19 77
21 84
23 10
25 4
25 92
25 124
26 145
29 69
29 70
30 15
30 46
32 4
32 76
32 102
33 23
34 84
36 77
36 136
37 23
37 50
38 99
39 83
41 37
42 27
42 39
42 102
43 1
43 9
45 7
45 144
45 147
46 134
47 109
47 146
50 124
52 27
54 16
55 51
55 113
55 116
55 117
56 49
57 27
57 90
58 68
58 71
59 102
62 149
64 19
65 122
66 60
66 91
67 58
67 92
67 149
68 120
68 142
69 4
69 103
72 3
73 37
73 60
73 92
74 38
75 149
76 56
77 90
77 135
78 23
79 70
79 76
80 143
81 78
82 61
82 70
83 97
83 127
84 56
87 67
87 101
89 67
89 106
90 48
91 120
93 143
94 84
95 59
97 77
97 81
98 62
101 45
104 74
105 23
107 132
109 90
109 124
111 43
111 64
111 139
112 49
112 81
113 42
114 64
115 108
115 128
118 10
121 37
121 103
122 112
123 94
125 56
128 64
128 142
129 67
129 128
133 144
135 139
136 130
137 55
137 75
138 53
138 89
139 47
139 75
141 25
142 77
143 94
144 2
145 41
145 84
145 150
147 24
147 44

