300 500
61 73 81 39 45 24 111 27 60 78 47 99 33 50 56 30 89 100 22 22 104 102 38 25 59 55 96 35 64 64 90 88 86 61 57 101 81 31 78 61 60 116 21 83 100 65 37 42 72 67 113 94 35 27 90 38 61 39 63 78 28 99 109 112 113 63 38 116 42 96 86 103 119 91 98 22 106 111 94 63 70 115 25 35 102 44 26 109 97 35 55 99 101 73 36 61 94 67 75 25 79 72 45 63 95 115 39 97 70 86 87 109 22 53 40 85 110 76 95 54 95 56 37 66 44 44 70 104 53 60 114 31 75 38 96 94 70 22 97 90 43 69 35 57 75 58 32 120 95 120 69 88 102 30 85 107 89 113 94 32 41 117 105 62 64 89 26 92 96 105 116 56 24 40 53 120 32 20 83 79 64 21 75 55 69 116 67 97 54 26 58 91 64 30 85 60 99 105 77 63 64 95 42 25 72 54 47 25 41 36 48 35 63 39 41 104 49 110 79 55 115 84 60 71 81 56 103 111 54 71 25 111 73 39 98 93 45 105 63 40 101 41 88 59 37 55 30 80 106 31 116 57 20 70 112 51 20 69 120 66 107 99 64 22 40 48 54 86 26 44 84 110 116 38 53 88 90 30 30 29 22 73 53 64 66 66 39 26 76 26 71 60 111 74 120 117 71 87 119 117 
1 101
1 141
2 121
2 153
2 270
3 287
5 113
5 128
5 156
6 17
6 92
6 170
7 8
8 236
8 290
10 7
10 239
11 234
12 144
13 297
14 147
15 139
16 260
17 47
17 131
18 93
18 131
18 138
18 230
18 272
18 282
20 168
20 206
20 208
21 57
21 63
21 188
21 226
23 154
24 162
25 272
26 109
26 233
26 246
27 83
27 95
27 104
27 293
30 32
31 134
31 152
31 201
31 232
31 286
31 294
32 249
33 183
33 238
34 236
35 215
36 22
38 15
40 98
40 123
41 168
41 242
42 269
43 219
43 283
44 258
45 54
45 176
46 202
47 16
48 69
48 124
48 166
48 178
50 200
51 92
52 19
52 169
54 164
54 221
54 281
55 120
56 18
56 69
56 159
56 175
56 252
57 23
57 194
57 287
59 57
59 100
59 208
60 93
60 95
60 252
60 253
61 35
61 176
62 274
63 148
64 226
64 240
65 181
65 214
65 222
66 21
66 170
66 205
67 43
71 110
71 210
71 277
72 18
72 108
72 276
73 5
74 132
76 142
76 179
77 79
77 126
77 165
78 19
79 115
79 232
79 295
80 219
81 35
81 113
81 210
82 43
82 91
82 290
83 12
83 90
83 100
84 150
85 67
85 276
86 118
86 124
86 227
86 273
88 163
88 253
89 177
89 247
90 257
91 43
92 138
93 130
93 209
93 294
94 157
95 9
95 245
96 23
100 185
101 177
102 120
103 10
103 122
104 114
104 202
106 120
107 21
107 295
108 244
109 104
109 210
112 42
112 196
112 263
113 196
114 101
114 294
115 154
117 22
117 144
118 39
119 56
120 67
121 132
121 280
122 128
122 204
122 244
123 53
124 1
124 127
125 176
126 40
126 198
126 289
128 100
128 248
129 42
129 71
130 298
131 124
131 132
131 145
131 181
131 292
132 198
133 280
134 225
135 13
135 29
135 46
136 86
137 8
137 27
137 144
138 134
140 88
143 45
143 107
143 234
143 269
144 203
144 267
146 18
146 291
147 67
147 237
148 18
148 61
149 155
149 267
150 157
151 185
151 259
152 148
152 300
153 104
154 10
154 83
154 180
154 266
154 284
155 233
155 249
156 79
156 123
156 235
157 33
157 40
157 80
159 35
159 213
159 224
159 259
160 13
160 36
160 55
162 221
163 17
164 155
164 258
165 190
166 239
167 23
167 117
170 269
171 4
171 25
171 227
172 138
173 10
173 125
174 157
175 169
175 179
176 26
178 205
178 207
179 287
180 206
181 189
181 222
181 272
182 5
184 182
184 234
185 29
185 109
185 175
185 182
186 151
187 164
187 182
187 266
188 34
188 53
189 3
189 230
190 32
190 53
190 116
191 248
192 194
193 186
194 129
195 114
195 127
195 136
195 226
195 270
196 224
197 187
198 96
198 99
198 135
198 229
198 278
199 30
199 175
199 258
201 243
201 269
203 67
204 187
204 213
205 204
206 217
206 264
207 92
208 234
208 281
208 300
209 8
209 59
209 63
209 84
210 20
210 36
211 87
211 231
211 261
213 91
213 196
214 3
214 70
214 121
216 221
217 282
217 293
218 11
219 30
219 160
219 227
220 18
220 62
222 67
223 6
223 7
223 230
224 211
224 299
227 232
228 27
228 37
228 136
228 167
229 40
229 88
230 171
230 283
234 1
234 119
235 241
236 276
237 2
238 85
238 224
239 179
241 8
241 37
241 137
241 165
241 221
241 257
242 267
243 7
243 115
243 162
244 1
244 219
244 271
244 280
245 125
246 57
246 90
246 211
246 291
247 126
247 131
248 136
249 97
249 185
250 98
250 276
251 121
251 293
254 108
256 159
257 103
257 129
257 146
257 237
257 296
258 2
258 95
258 113
258 217
258 233
258 253
259 74
259 117
260 119
260 208
261 124
262 63
262 173
263 72
263 204
263 216
264 195
265 193
266 153
266 203
267 164
267 271
268 230
268 279
269 89
269 219
270 129
270 158
270 238
272 73
272 160
273 60
273 128
273 217
275 129
275 267
275 268
276 37
276 111
276 225
276 259
278 12
278 52
278 270
279 36
279 53
279 183
279 191
280 40
280 153
280 199
280 225
280 252
281 8
282 77
283 158
284 270
286 74
286 155
286 159
286 176
287 15
287 60
287 257
288 286
290 42
290 51
290 52
290 176
290 203
291 251
292 57
292 112
292 200
293 75
294 193
296 62
298 50
298 290
299 9
299 15
299 164
299 284

