150 3000
67 116 90 69 21 57 72 99 38 74 25 58 115 94 23 20 112 64 66 103 55 64 109 27 93 93 104 27 20 53 116 80 90 61 87 25 76 99 36 88 116 67 63 103 101 83 35 94 34 44 117 99 41 39 97 93 40 76 116 69 102 64 27 98 97 120 81 73 84 61 61 21 66 94 29 114 31 29 81 85 116 67 119 55 99 33 83 74 99 104 54 119 88 56 78 55 100 91 61 116 116 53 53 39 114 100 69 53 92 119 79 103 97 93 85 35 39 97 45 67 32 99 66 87 116 58 49 27 114 38 101 47 48 20 32 93 107 39 102 87 100 77 110 22 81 44 110 89 27 42 
1 2
1 14
1 21
1 37
1 41
1 46
1 75
1 81
1 115
1 124
1 128
1 135
1 150
2 19
2 33
2 50
2 52
2 60
2 65
2 79
2 94
2 97
2 101
2 103
2 104
2 107
2 109
2 126
2 138
2 142
3 2
3 18
3 29
3 40
3 42
3 43
3 47
3 57
3 72
3 106
3 113
3 121
3 122
3 124
3 128
3 134
3 145
4 13
4 14
4 17
4 24
4 26
4 40
4 45
4 49
4 52
4 53
4 64
4 73
4 79
4 80
4 84
4 87
4 92
4 112
4 118
4 123
4 126
4 133
4 135
4 137
5 3
5 23
5 31
5 33
5 38
5 45
5 48
5 49
5 55
5 63
5 75
5 81
5 83
5 89
5 103
5 106
5 112
5 115
5 144
6 8
6 13
6 14
6 16
6 39
6 52
6 55
6 57
6 76
6 81
6 96
6 105
6 108
6 114
6 115
6 123
6 126
6 128
6 138
6 141
6 142
6 146
7 20
7 21
7 22
7 24
7 31
7 34
7 61
7 67
7 70
7 76
7 77
7 81
7 82
7 90
7 94
7 106
7 107
7 114
7 120
7 129
7 137
7 138
7 142
7 146
7 150
8 13
8 17
8 34
8 35
8 36
8 39
8 42
8 45
8 46
8 74
8 75
8 77
8 81
8 83
8 87
8 109
8 110
8 122
8 123
8 129
8 147
9 12
9 22
9 23
9 32
9 38
9 47
9 50
9 56
9 83
9 97
9 109
9 125
9 132
9 133
9 139
10 18
10 20
10 24
10 42
10 46
10 48
10 64
10 72
10 77
10 83
10 87
10 98
10 103
10 112
10 115
10 125
10 127
10 138
10 141
10 142
10 145
10 150
11 9
11 10
11 19
11 22
11 48
11 51
11 59
11 67
11 70
11 78
11 79
11 81
11 82
11 89
11 90
11 101
11 116
11 122
11 129
11 134
11 135
11 138
11 140
11 142
11 145
12 10
12 19
12 33
12 34
12 38
12 46
12 67
12 71
12 74
12 82
12 89
12 103
12 105
12 108
12 109
12 113
12 119
12 129
12 133
12 142
12 146
13 5
13 9
13 16
13 25
13 31
13 35
13 40
13 47
13 60
13 109
13 113
13 114
13 117
14 8
14 17
14 18
14 21
14 29
14 44
14 46
14 48
14 53
14 57
14 69
14 72
14 77
14 92
14 99
14 100
14 112
14 115
14 122
14 123
14 128
14 143
14 149
15 12
15 24
15 52
15 54
15 72
15 85
15 91
15 98
15 112
15 121
15 124
15 142
15 150
16 7
16 8
16 11
16 15
16 24
16 38
16 45
16 59
16 61
16 70
16 71
16 73
16 75
16 78
16 79
16 83
16 86
16 87
16 97
16 116
16 126
16 130
16 138
16 142
17 9
17 16
17 18
17 20
17 26
17 32
17 39
17 41
17 61
17 65
17 66
17 71
17 72
17 78
17 79
17 84
17 85
17 88
17 92
17 97
17 102
17 103
17 106
17 112
17 119
17 127
17 139
18 7
18 15
18 16
18 20
18 22
18 24
18 25
18 28
18 35
18 37
18 40
18 41
18 43
18 53
18 57
18 60
18 68
18 69
18 77
18 85
18 87
18 106
18 112
18 114
18 118
18 126
18 127
18 129
18 138
18 150
19 5
19 8
19 9
19 13
19 14
19 51
19 54
19 58
19 78
19 83
19 84
19 95
19 97
19 102
19 109
19 111
19 115
19 136
19 140
19 145
20 11
20 16
20 35
20 40
20 44
20 46
20 48
20 60
20 62
20 65
20 67
20 70
20 72
20 75
20 83
20 94
20 126
20 146
20 148
21 4
21 19
21 31
21 41
21 49
21 51
21 61
21 74
21 77
21 95
21 106
21 113
21 114
21 133
21 146
22 3
22 31
22 35
22 47
22 56
22 68
22 72
22 76
22 89
22 97
22 101
22 108
22 116
22 117
22 146
23 1
23 14
23 16
23 27
23 48
23 58
23 60
23 63
23 71
23 76
23 80
23 83
23 91
23 96
23 101
23 102
23 103
23 104
23 111
23 120
23 126
23 135
23 136
23 147
24 22
24 27
24 37
24 47
24 49
24 76
24 79
24 81
24 82
24 89
24 93
24 104
24 107
24 115
24 127
24 135
24 137
24 148
25 8
25 12
25 21
25 35
25 39
25 40
25 46
25 72
25 78
25 93
25 95
25 96
25 116
25 131
25 137
25 145
26 6
26 13
26 14
26 15
26 16
26 19
26 23
26 28
26 44
26 46
26 49
26 58
26 59
26 67
26 72
26 106
26 108
26 109
26 112
26 119
26 121
26 128
26 129
26 137
26 142
27 11
27 15
27 30
27 31
27 32
27 46
27 61
27 86
27 92
27 101
27 108
27 113
27 121
27 124
27 125
27 127
27 128
27 130
27 138
27 139
27 140
27 145
27 146
27 147
28 2
28 7
28 14
28 15
28 17
28 22
28 25
28 30
28 37
28 45
28 46
28 48
28 52
28 63
28 69
28 72
28 81
28 85
28 87
28 91
28 93
28 96
28 105
28 109
28 125
28 140
28 150
29 2
29 8
29 10
29 27
29 30
29 35
29 39
29 40
29 42
29 43
29 59
29 61
29 83
29 97
29 131
29 136
29 139
29 140
29 144
30 7
30 8
30 23
30 34
30 35
30 40
30 60
30 61
30 66
30 75
30 86
30 109
30 113
30 115
30 117
30 126
30 131
30 148
31 14
31 15
31 25
31 28
31 29
31 36
31 53
31 68
31 72
31 74
31 90
31 97
31 103
31 110
31 125
31 128
31 130
32 11
32 21
32 23
32 30
32 33
32 36
32 40
32 47
32 51
32 57
32 63
32 66
32 67
32 72
32 76
32 84
32 86
32 88
32 94
32 98
32 105
32 116
32 118
32 120
32 128
32 132
32 137
32 146
32 150
33 8
33 10
33 31
33 34
33 36
33 38
33 47
33 50
33 61
33 79
33 89
33 95
33 100
33 135
33 136
33 138
33 141
33 146
33 150
34 4
34 20
34 21
34 24
34 36
34 46
34 47
34 55
34 62
34 70
34 81
34 87
34 94
34 96
34 105
34 107
34 115
34 126
34 134
34 147
35 12
35 21
35 24
35 28
35 31
35 34
35 38
35 48
35 54
35 57
35 59
35 62
35 72
35 78
35 97
35 107
35 120
35 126
35 127
35 130
35 133
35 139
35 146
36 11
36 21
36 28
36 39
36 41
36 42
36 79
36 80
36 88
36 90
36 91
36 102
36 110
36 118
36 128
36 138
36 150
37 2
37 10
37 23
37 27
37 57
37 58
37 63
37 67
37 80
37 86
37 115
37 127
37 135
37 144
38 1
38 14
38 23
38 29
38 60
38 68
38 69
38 89
38 110
38 113
38 126
38 129
38 132
38 137
38 150
39 11
39 14
39 16
39 20
39 24
39 26
39 27
39 31
39 41
39 48
39 52
39 68
39 84
39 91
39 94
39 118
39 119
39 123
39 127
39 128
40 23
40 26
40 38
40 44
40 52
40 59
40 81
40 84
40 88
40 99
40 108
40 116
40 119
40 129
40 130
40 136
40 137
40 141
41 19
41 26
41 34
41 37
41 40
41 42
41 46
41 48
41 51
41 68
41 70
41 76
41 78
41 83
41 85
41 97
41 98
41 109
41 121
41 127
41 141
42 2
42 16
42 21
42 22
42 23
42 27
42 54
42 57
42 70
42 75
42 84
42 102
42 113
42 122
42 126
42 136
42 146
43 5
43 19
43 26
43 30
43 32
43 57
43 61
43 65
43 67
43 72
43 75
43 79
43 103
43 105
43 107
43 119
43 123
43 128
43 136
44 4
44 6
44 9
44 18
44 21
44 27
44 31
44 42
44 43
44 47
44 58
44 70
44 86
44 88
44 91
44 92
44 97
44 119
44 120
44 134
44 141
44 142
44 148
45 1
45 6
45 15
45 19
45 33
45 35
45 36
45 41
45 46
45 55
45 67
45 71
45 77
45 85
45 86
45 90
45 98
45 113
45 117
45 140
45 146
45 148
45 150
46 15
46 30
46 35
46 49
46 56
46 60
46 65
46 72
46 80
46 81
46 102
46 112
46 116
46 127
46 129
46 137
47 5
47 18
47 50
47 60
47 62
47 67
47 69
47 79
47 82
47 94
47 96
47 97
47 100
47 104
47 106
47 116
47 118
47 123
47 127
47 128
47 139
48 2
48 9
48 22
48 24
48 26
48 34
48 36
48 79
48 86
48 91
48 92
48 94
48 104
48 112
48 116
49 8
49 9
49 12
49 23
49 25
49 30
49 36
49 37
49 43
49 48
49 50
49 64
49 74
49 85
49 105
49 107
49 111
49 113
49 114
49 121
49 124
49 127
49 132
49 147
49 149
50 25
50 26
50 31
50 36
50 38
50 53
50 56
50 67
50 71
50 73
50 75
50 78
50 80
50 90
50 99
50 103
50 105
50 117
50 143
50 145
51 2
51 10
51 12
51 36
51 40
51 46
51 49
51 55
51 61
51 77
51 82
51 85
51 92
51 100
51 106
51 118
51 120
51 135
51 136
51 148
52 3
52 10
52 14
52 18
52 20
52 42
52 45
52 46
52 49
52 56
52 64
52 66
52 78
52 86
52 110
52 127
52 135
52 139
52 142
52 150
53 12
53 28
53 35
53 57
53 65
53 67
53 101
53 108
53 109
53 131
53 141
53 150
54 7
54 27
54 31
54 39
54 49
54 50
54 60
54 63
54 68
54 70
54 76
54 87
54 94
54 98
54 111
54 119
54 120
54 130
54 134
55 10
55 14
55 16
55 17
55 38
55 46
55 49
55 50
55 56
55 57
55 60
55 67
55 68
55 69
55 79
55 94
55 97
55 102
55 107
55 114
55 122
55 129
55 130
55 142
55 148
56 5
56 12
56 26
56 28
56 41
56 43
56 59
56 65
56 69
56 77
56 79
56 96
56 99
56 104
56 117
56 118
56 123
56 125
56 126
56 132
56 138
57 1
57 2
57 4
57 9
57 12
57 24
57 27
57 36
57 46
57 51
57 62
57 76
57 88
57 91
57 92
57 106
57 120
57 133
57 138
57 144
57 146
58 31
58 40
58 52
58 60
58 62
58 65
58 69
58 71
58 77
58 81
58 89
58 100
58 105
58 112
58 127
58 129
58 131
58 139
58 143
58 144
58 146
59 10
59 12
59 19
59 22
59 34
59 36
59 37
59 38
59 43
59 45
59 58
59 67
59 68
59 75
59 77
59 94
59 95
59 97
59 98
59 116
59 133
59 134
59 137
59 140
60 15
60 16
60 24
60 25
60 33
60 40
60 62
60 72
60 81
60 87
60 103
60 113
60 116
60 118
60 126
60 128
60 133
60 144
60 148
60 149
61 5
61 9
61 13
61 18
61 32
61 60
61 67
61 74
61 77
61 89
61 91
61 93
61 95
61 96
61 97
61 104
61 105
61 113
61 114
61 118
61 124
61 138
62 7
62 9
62 17
62 21
62 23
62 28
62 37
62 43
62 79
62 81
62 83
62 85
62 88
62 90
62 92
62 97
62 113
62 120
62 137
62 139
63 7
63 11
63 12
63 16
63 18
63 33
63 36
63 45
63 51
63 59
63 69
63 81
63 83
63 85
63 86
63 94
63 99
63 106
63 107
63 116
63 117
63 121
63 123
63 131
63 135
63 140
63 146
64 2
64 6
64 9
64 12
64 23
64 24
64 25
64 42
64 45
64 51
64 54
64 56
64 57
64 67
64 71
64 87
64 88
64 94
64 96
64 98
64 105
64 131
64 136
64 142
64 143
65 7
65 9
65 19
65 25
65 44
65 45
65 48
65 54
65 61
65 63
65 74
65 77
65 82
65 118
65 144
66 4
66 23
66 33
66 35
66 37
66 67
66 73
66 79
66 82
66 92
66 94
66 102
66 109
66 125
66 126
66 127
66 128
66 129
66 130
66 134
66 137
66 143
66 145
67 6
67 8
67 10
67 29
67 39
67 46
67 56
67 58
67 62
67 73
67 101
67 104
67 114
67 120
67 128
68 1
68 7
68 14
68 23
68 26
68 27
68 28
68 44
68 58
68 61
68 63
68 72
68 73
68 80
68 81
68 85
68 98
68 101
68 103
68 110
68 121
68 135
68 142
68 144
68 149
69 12
69 13
69 32
69 53
69 60
69 62
69 74
69 77
69 101
69 107
69 108
69 116
69 118
69 130
69 134
69 146
70 3
70 14
70 22
70 27
70 33
70 35
70 36
70 43
70 45
70 56
70 61
70 62
70 64
70 66
70 73
70 103
70 122
70 130
70 139
70 140
70 149
71 2
71 4
71 21
71 24
71 37
71 38
71 46
71 69
71 106
71 119
71 124
71 135
71 145
71 146
72 1
72 9
72 13
72 36
72 42
72 50
72 53
72 54
72 64
72 69
72 80
72 81
72 89
72 104
72 105
72 106
72 120
72 128
72 139
73 8
73 10
73 18
73 36
73 38
73 42
73 43
73 48
73 51
73 54
73 90
73 95
73 96
73 97
73 99
73 116
73 117
73 120
73 128
73 138
73 140
73 143
74 4
74 13
74 15
74 17
74 18
74 22
74 26
74 27
74 30
74 42
74 45
74 59
74 62
74 68
74 80
74 89
74 96
74 101
74 106
74 112
74 115
74 128
74 137
74 141
74 143
75 6
75 14
75 28
75 31
75 35
75 38
75 39
75 44
75 47
75 49
75 53
75 61
75 63
75 70
75 71
75 82
75 87
75 93
75 123
75 128
75 148
76 10
76 12
76 21
76 39
76 44
76 49
76 58
76 59
76 70
76 71
76 78
76 85
76 86
76 87
76 99
76 115
76 117
76 131
76 143
76 145
76 146
77 2
77 4
77 13
77 16
77 22
77 34
77 38
77 41
77 57
77 67
77 70
77 85
77 88
77 96
77 98
77 99
77 112
77 119
77 125
77 129
77 134
78 24
78 26
78 28
78 45
78 55
78 56
78 63
78 92
78 99
78 104
78 106
78 113
78 117
78 119
79 1
79 3
79 20
79 26
79 29
79 51
79 59
79 60
79 65
79 73
79 95
79 96
79 127
79 129
79 140
79 150
80 3
80 12
80 13
80 16
80 29
80 34
80 35
80 47
80 53
80 69
80 70
80 76
80 86
80 89
80 102
80 106
80 109
80 117
80 121
80 146
80 148
81 14
81 32
81 33
81 49
81 61
81 64
81 65
81 66
81 69
81 71
81 73
81 88
81 91
81 94
81 105
81 109
81 118
81 126
81 129
81 132
81 140
81 145
82 5
82 13
82 19
82 29
82 31
82 45
82 56
82 61
82 63
82 71
82 77
82 93
82 94
82 99
82 125
82 130
82 132
82 136
82 137
82 141
82 144
82 149
83 6
83 11
83 12
83 17
83 24
83 27
83 45
83 65
83 67
83 79
83 80
83 86
83 88
83 95
83 99
83 103
83 104
83 106
83 112
83 134
83 137
83 140
83 144
83 150
84 5
84 12
84 13
84 16
84 18
84 20
84 48
84 63
84 67
84 80
84 88
84 94
84 124
84 130
84 145
84 149
85 2
85 3
85 9
85 20
85 36
85 37
85 46
85 47
85 64
85 65
85 69
85 74
85 91
85 93
85 110
85 113
85 116
85 127
85 135
85 139
85 142
86 5
86 6
86 17
86 25
86 46
86 56
86 62
86 81
86 88
86 103
86 123
86 126
86 127
86 128
87 12
87 26
87 27
87 45
87 50
87 51
87 53
87 59
87 61
87 65
87 83
87 84
87 88
87 89
87 94
87 100
87 105
87 117
87 118
87 125
88 4
88 6
88 7
88 8
88 10
88 12
88 14
88 21
88 22
88 37
88 47
88 68
88 72
88 74
88 89
88 90
88 99
88 103
88 105
88 107
88 110
88 114
88 121
88 128
88 138
88 140
88 142
88 146
88 148
89 10
89 16
89 19
89 23
89 27
89 34
89 44
89 82
89 83
89 100
89 103
89 111
89 119
89 133
89 136
89 139
89 149
90 8
90 21
90 27
90 38
90 51
90 59
90 60
90 67
90 89
90 94
90 95
90 97
90 102
90 104
90 105
90 109
90 116
90 119
90 123
90 137
90 148
90 150
91 2
91 10
91 20
91 21
91 33
91 38
91 42
91 45
91 64
91 66
91 79
91 83
91 88
91 94
91 95
91 121
91 139
92 3
92 7
92 11
92 23
92 24
92 35
92 37
92 45
92 47
92 55
92 58
92 67
92 69
92 72
92 83
92 90
92 95
92 98
92 101
92 102
92 129
92 137
92 150
93 2
93 4
93 10
93 30
93 34
93 48
93 51
93 67
93 71
93 78
93 79
93 92
93 104
93 120
93 123
93 134
93 140
94 1
94 44
94 45
94 69
94 71
94 73
94 76
94 78
94 80
94 86
94 122
94 131
94 142
94 150
95 9
95 10
95 13
95 22
95 23
95 56
95 67
95 76
95 85
95 98
95 101
95 104
95 106
95 113
95 131
95 133
95 135
95 140
96 13
96 18
96 30
96 31
96 33
96 40
96 59
96 63
96 80
96 84
96 89
96 98
96 109
96 125
96 129
96 131
96 140
96 143
96 150
97 3
97 5
97 14
97 26
97 27
97 32
97 36
97 74
97 94
97 105
97 112
97 122
97 125
97 131
97 134
97 142
98 4
98 5
98 7
98 19
98 20
98 31
98 33
98 36
98 43
98 48
98 61
98 63
98 70
98 78
98 79
98 84
98 91
98 97
98 103
98 114
98 125
98 138
98 139
98 145
98 150
99 1
99 16
99 25
99 32
99 35
99 54
99 68
99 69
99 71
99 80
99 90
99 93
99 97
99 100
99 119
99 121
99 129
99 147
99 150
100 6
100 19
100 21
100 32
100 36
100 40
100 67
100 73
100 80
100 83
100 84
100 92
100 94
100 101
100 106
100 113
100 123
100 124
100 127
100 129
100 133
100 134
101 3
101 5
101 20
101 29
101 34
101 35
101 36
101 39
101 47
101 51
101 59
101 66
101 76
101 81
101 88
101 93
101 97
101 107
101 112
101 120
101 130
101 131
101 134
101 143
102 10
102 12
102 26
102 27
102 28
102 29
102 32
102 39
102 57
102 67
102 72
102 79
102 87
102 89
102 93
102 96
102 100
102 104
102 118
102 121
102 141
103 14
103 24
103 34
103 48
103 51
103 62
103 66
103 95
103 102
103 106
103 120
103 121
103 128
103 132
103 134
103 139
103 140
104 7
104 10
104 18
104 30
104 49
104 50
104 58
104 59
104 75
104 92
104 109
104 118
104 125
104 128
104 144
104 148
105 1
105 4
105 17
105 19
105 27
105 31
105 37
105 39
105 44
105 59
105 73
105 93
105 98
105 99
105 101
105 102
105 104
105 113
105 116
105 122
105 125
105 129
105 130
105 138
106 11
106 15
106 23
106 25
106 33
106 52
106 60
106 65
106 75
106 87
106 104
106 116
106 121
106 122
106 129
106 135
106 145
107 5
107 12
107 17
107 21
107 28
107 64
107 77
107 80
107 83
107 91
107 95
107 114
107 118
107 121
107 135
107 137
107 144
108 5
108 7
108 10
108 15
108 17
108 19
108 33
108 34
108 48
108 51
108 55
108 70
108 74
108 77
108 79
108 82
108 86
108 92
108 97
108 103
108 110
108 112
108 127
108 131
108 136
108 142
108 146
108 148
109 20
109 23
109 25
109 31
109 37
109 39
109 54
109 63
109 69
109 79
109 82
109 87
109 99
109 102
109 107
109 113
109 117
109 128
109 129
109 137
109 149
110 7
110 9
110 10
110 11
110 26
110 43
110 44
110 50
110 59
110 77
110 78
110 84
110 92
110 94
110 103
110 122
110 125
110 131
110 140
110 142
110 144
110 150
111 2
111 13
111 16
111 20
111 24
111 28
111 34
111 37
111 46
111 53
111 55
111 70
111 79
111 88
111 90
111 91
111 96
111 98
111 100
111 107
111 110
111 118
111 120
111 132
111 137
111 138
111 143
111 150
112 12
112 23
112 25
112 28
112 31
112 33
112 34
112 36
112 50
112 56
112 57
112 60
112 66
112 79
112 84
112 85
112 115
112 117
112 125
112 132
112 139
113 5
113 36
113 50
113 58
113 70
113 76
113 96
113 98
113 104
113 118
113 127
113 132
113 133
113 140
113 147
114 27
114 28
114 39
114 41
114 47
114 53
114 69
114 76
114 77
114 81
114 85
114 93
114 105
114 106
114 112
115 3
115 18
115 21
115 39
115 45
115 46
115 53
115 54
115 63
115 73
115 80
115 91
115 94
115 111
115 126
115 132
116 6
116 7
116 13
116 17
116 35
116 38
116 44
116 50
116 66
116 70
116 98
116 114
116 125
116 140
117 2
117 9
117 27
117 29
117 36
117 46
117 65
117 70
117 71
117 82
117 84
117 91
117 100
117 103
117 115
117 118
118 1
118 6
118 12
118 25
118 28
118 34
118 43
118 68
118 70
118 76
118 94
118 95
118 99
118 109
118 130
118 149
119 7
119 23
119 25
119 27
119 30
119 41
119 49
119 69
119 72
119 74
119 75
119 82
119 87
119 98
119 112
119 125
119 129
119 137
119 150
120 9
120 11
120 14
120 18
120 29
120 36
120 38
120 52
120 55
120 56
120 61
120 83
120 84
120 86
120 112
120 115
120 126
120 127
120 143
120 149
121 2
121 10
121 20
121 38
121 53
121 56
121 60
121 61
121 67
121 86
121 90
121 92
121 104
121 124
121 141
121 146
122 7
122 17
122 19
122 23
122 24
122 27
122 33
122 41
122 51
122 65
122 68
122 80
122 90
122 92
122 99
122 100
122 101
122 107
122 112
122 115
122 116
122 132
122 135
122 137
122 140
123 1
123 7
123 9
123 23
123 27
123 28
123 36
123 41
123 42
123 52
123 78
123 79
123 81
123 83
123 85
123 88
123 89
123 98
123 112
123 116
123 118
123 128
123 131
123 132
123 137
123 141
123 149
124 19
124 51
124 64
124 70
124 72
124 79
124 87
124 93
124 101
124 114
124 117
124 123
124 143
125 6
125 22
125 29
125 30
125 37
125 38
125 48
125 58
125 60
125 73
125 75
125 76
125 78
125 86
125 89
125 93
125 95
125 101
125 111
125 121
125 124
125 127
125 128
125 132
125 135
125 138
125 146
126 1
126 10
126 41
126 45
126 50
126 54
126 59
126 76
126 83
126 85
126 91
126 102
126 138
126 148
127 4
127 11
127 12
127 21
127 57
127 65
127 80
127 81
127 91
127 102
127 118
127 132
127 133
127 136
127 144
128 4
128 7
128 8
128 17
128 25
128 63
128 64
128 81
128 89
128 90
128 93
128 100
128 110
128 114
128 116
128 117
128 145
128 146
129 3
129 15
129 17
129 23
129 37
129 45
129 48
129 49
129 57
129 59
129 61
129 72
129 76
129 80
129 84
129 86
129 98
129 122
129 123
129 125
129 132
129 138
129 140
129 149
130 1
130 3
130 6
130 14
130 37
130 49
130 52
130 60
130 78
130 91
130 98
130 104
130 107
130 115
130 119
130 123
130 136
130 146
130 147
130 149
131 1
131 3
131 4
131 5
131 6
131 39
131 52
131 54
131 65
131 69
131 72
131 80
131 81
131 86
131 112
131 118
131 132
131 137
131 142
132 20
132 29
132 51
132 53
132 65
132 83
132 84
132 88
132 92
132 97
132 107
132 130
132 133
132 134
133 1
133 24
133 31
133 40
133 50
133 52
133 58
133 69
133 70
133 76
133 79
133 83
133 85
133 92
133 96
133 97
133 103
133 107
133 108
133 118
133 119
133 136
134 1
134 6
134 12
134 15
134 23
134 31
134 35
134 39
134 42
134 56
134 82
134 87
134 91
134 94
134 95
134 96
134 107
134 113
134 122
134 124
134 126
134 133
134 140
134 141
134 148
135 28
135 43
135 54
135 57
135 58
135 59
135 61
135 87
135 94
135 98
135 104
135 111
135 114
135 119
135 121
135 127
135 133
135 138
135 150
136 12
136 15
136 30
136 31
136 32
136 38
136 45
136 58
136 60
136 65
136 79
136 93
136 94
136 97
136 98
136 104
136 110
136 122
136 128
137 2
137 12
137 16
137 47
137 50
137 56
137 60
137 64
137 80
137 85
137 86
137 88
137 91
137 99
137 100
137 105
137 115
137 120
137 138
137 139
138 4
138 14
138 35
138 49
138 50
138 53
138 72
138 76
138 78
138 82
138 86
138 90
138 115
138 122
138 149
139 16
139 51
139 57
139 60
139 61
139 63
139 65
139 67
139 83
139 88
139 93
139 94
139 102
139 105
139 107
139 115
139 145
140 6
140 16
140 31
140 32
140 33
140 36
140 41
140 51
140 56
140 58
140 60
140 66
140 69
140 72
140 90
140 100
140 102
140 111
140 112
140 123
141 2
141 8
141 14
141 17
141 20
141 24
141 31
141 34
141 35
141 56
141 60
141 61
141 69
141 73
141 75
141 77
141 95
141 113
141 120
141 130
141 139
142 3
142 13
142 18
142 28
142 32
142 33
142 58
142 67
142 74
142 75
142 76
142 77
142 84
142 86
142 91
142 95
142 96
142 127
142 132
142 137
142 143
142 145
143 1
143 6
143 8
143 13
143 17
143 18
143 25
143 32
143 37
143 39
143 40
143 55
143 67
143 70
143 78
143 84
143 85
143 87
143 98
143 100
143 127
143 139
143 150
144 1
144 15
144 19
144 25
144 33
144 40
144 47
144 49
144 61
144 66
144 67
144 72
144 73
144 77
144 80
144 87
144 89
144 90
144 95
144 101
144 109
144 115
144 137
145 4
145 20
145 31
145 54
145 60
145 64
145 69
145 77
145 78
145 79
145 92
145 102
145 105
145 109
145 116
145 118
145 121
145 130
145 134
145 136
145 148
146 1
146 5
146 14
146 31
146 37
146 41
146 44
146 52
146 56
146 64
146 65
146 82
146 86
146 101
146 105
146 107
146 113
146 117
146 118
146 124
146 144
147 10
147 13
147 16
147 17
147 18
147 19
147 28
147 35
147 39
147 46
147 52
147 56
147 58
147 59
147 66
147 70
147 77
147 78
147 80
147 92
147 94
147 100
147 116
147 119
147 123
147 124
147 127
147 138
147 140
147 142
147 145
148 11
148 23
148 28
148 34
148 39
148 47
148 54
148 56
148 59
148 61
148 73
148 87
148 102
148 105
148 109
148 111
148 112
148 117
148 122
148 127
148 133
148 146
149 5
149 24
149 37
149 44
149 57
149 69
149 79
149 87
149 88
149 90
149 101
149 105
149 107
149 113
150 3
150 5
150 8
150 14
150 17
150 22
150 44
150 49
150 57
150 62
150 68
150 71
150 97
150 102
150 105
150 106
150 129
150 130
150 140
150 146

