200 750
72 42 107 78 90 118 85 49 53 108 23 40 92 85 64 116 33 53 103 30 31 105 112 100 115 58 116 73 49 83 102 43 34 92 52 63 26 106 82 112 74 55 97 80 53 110 112 25 89 91 112 111 110 82 21 62 64 44 31 44 97 93 72 30 103 88 101 60 104 45 95 59 36 83 52 96 23 52 106 26 32 118 54 46 31 43 110 72 94 71 66 54 97 32 93 73 30 69 65 74 117 107 90 107 119 98 113 107 103 33 78 72 97 114 119 57 53 46 56 84 70 20 25 94 75 118 108 92 48 43 66 95 106 95 96 115 88 73 66 30 101 99 56 118 36 54 82 21 95 52 37 87 33 20 66 54 72 111 22 89 54 77 20 64 92 54 44 75 47 104 49 63 71 55 100 33 91 71 66 81 22 118 39 103 117 91 62 43 99 53 52 41 109 31 52 50 106 100 77 60 
1 9
1 101
1 168
1 172
2 200
3 26
3 116
3 134
4 145
5 116
5 150
5 167
6 51
6 194
6 198
7 128
7 183
7 184
7 193
8 113
8 122
9 10
9 130
10 27
10 65
10 153
11 13
11 101
12 17
12 32
12 71
12 97
13 1
13 53
13 132
13 155
13 157
13 186
14 32
14 73
15 39
15 43
15 106
15 175
16 24
16 72
16 92
16 162
17 85
17 122
18 67
18 148
18 152
18 166
18 194
19 46
20 63
21 38
21 43
21 50
21 192
22 113
23 76
23 88
24 11
24 13
24 164
24 177
25 73
25 114
25 118
25 125
25 128
25 152
26 66
27 26
27 54
27 75
27 146
27 169
28 54
28 70
29 65
29 75
29 118
29 176
29 189
30 10
30 144
30 155
31 6
31 41
31 72
31 81
31 103
31 113
31 153
31 180
32 9
32 73
32 106
33 15
33 37
33 119
33 180
34 57
34 62
34 79
34 113
34 156
34 159
34 191
35 19
35 72
35 104
35 126
35 159
36 18
36 29
36 109
36 115
36 139
37 12
37 62
37 97
37 124
37 159
37 185
38 30
38 76
38 103
38 126
38 173
39 103
39 121
39 195
40 7
40 118
40 182
41 70
41 98
41 133
41 166
42 19
42 32
42 33
42 189
43 66
43 115
43 176
45 24
45 70
45 99
45 100
45 130
45 144
45 174
45 187
45 189
46 81
46 88
46 95
46 116
46 151
46 166
46 167
47 8
47 31
47 36
47 81
47 169
48 5
48 47
49 74
49 81
49 176
50 1
51 90
51 91
52 55
52 106
52 144
52 149
53 28
53 67
53 136
54 63
54 68
54 90
54 172
54 184
55 19
55 163
55 164
55 167
55 175
55 183
56 30
56 52
57 3
57 25
57 61
57 65
57 66
57 74
57 134
57 186
58 29
58 55
58 63
58 134
58 176
59 15
59 39
59 56
59 100
60 69
60 140
61 27
61 41
61 87
61 94
61 160
62 14
62 50
62 65
62 109
62 118
63 23
63 68
63 177
64 33
64 116
64 156
64 167
65 11
65 48
65 51
65 91
65 112
65 137
66 21
66 39
66 53
67 37
67 58
67 83
67 171
67 189
67 200
68 134
68 167
69 38
69 77
69 105
69 128
70 124
70 200
71 16
71 27
71 31
71 57
71 104
71 120
71 156
72 118
73 24
73 41
73 95
73 186
73 187
74 37
74 112
74 128
74 163
75 21
75 58
75 113
75 193
76 54
77 30
77 120
77 136
78 36
78 95
78 143
79 48
79 134
79 146
79 154
79 188
80 14
80 156
80 185
81 69
81 120
81 134
81 160
81 172
82 126
82 174
82 200
83 26
83 110
83 126
83 166
83 175
84 176
84 191
85 67
85 100
85 117
86 102
86 108
86 187
87 6
87 56
87 57
87 60
88 28
88 70
88 106
88 113
88 164
89 129
90 44
90 61
90 98
90 121
90 139
90 169
90 180
91 59
91 78
91 86
91 142
92 37
92 54
92 59
92 126
92 196
93 28
93 107
93 114
94 36
94 116
95 48
95 55
95 129
95 146
95 157
95 185
96 28
96 118
97 105
97 123
98 65
98 112
98 127
98 186
99 2
99 4
99 28
99 95
99 108
99 137
99 165
100 38
100 191
101 80
101 161
101 183
102 189
102 191
103 2
103 89
103 179
104 61
104 79
104 115
104 129
104 170
105 31
105 92
105 190
106 3
106 90
106 117
107 21
107 53
107 178
107 196
108 50
108 89
108 94
108 117
108 139
109 13
109 53
109 77
109 110
109 193
109 196
110 65
110 75
110 84
110 87
110 184
111 57
111 91
111 134
111 193
112 52
112 119
112 181
113 7
113 23
113 69
113 162
114 98
114 133
114 147
114 162
114 187
115 26
115 41
115 57
115 143
116 82
116 87
116 114
116 117
116 141
117 35
117 97
117 152
117 161
117 190
118 100
118 180
119 15
119 16
119 73
120 19
120 33
120 43
120 74
120 100
120 107
120 118
120 162
121 4
121 118
122 59
122 99
122 147
123 4
123 23
123 72
123 107
123 121
123 191
124 18
124 156
124 179
125 88
125 92
125 112
125 145
126 70
126 161
127 28
127 68
127 106
127 110
127 196
128 106
128 121
129 45
129 79
129 182
129 192
129 195
130 109
130 125
131 54
131 104
132 138
132 147
132 174
133 14
133 46
133 80
133 110
133 152
133 180
133 185
134 157
134 188
136 178
137 80
137 100
137 110
137 144
137 193
138 63
138 80
139 56
139 134
139 136
139 144
139 193
140 4
140 106
140 111
141 64
141 114
141 158
141 200
142 42
142 43
142 70
142 114
143 136
144 39
144 70
144 98
145 51
145 64
145 74
145 166
145 170
145 181
146 17
146 50
146 52
146 60
146 93
146 113
146 133
146 141
146 172
147 57
147 72
147 169
148 86
148 96
148 109
148 110
149 5
149 49
149 55
149 98
149 103
150 1
150 45
150 142
150 174
150 182
151 31
151 114
151 118
152 17
152 20
152 82
152 93
152 132
152 178
153 8
153 102
154 93
155 73
155 176
155 192
156 102
157 38
157 68
157 160
157 162
157 186
158 7
158 106
158 136
159 50
159 53
159 78
160 21
160 100
160 142
160 170
161 10
161 62
161 113
161 166
162 24
162 31
162 62
162 109
162 158
163 16
163 39
163 100
163 121
163 124
163 139
163 170
164 33
164 68
164 106
164 183
165 44
165 80
165 97
165 118
165 131
165 151
165 161
165 188
166 56
166 64
166 100
166 131
166 137
166 139
166 169
166 189
167 32
167 52
167 65
168 145
169 4
170 4
171 74
171 101
171 168
172 56
172 90
172 97
172 125
172 134
173 184
173 188
174 32
174 80
174 83
174 143
174 185
174 186
175 25
176 153
176 156
177 47
177 96
177 151
177 189
178 57
178 68
178 103
178 132
178 142
179 6
179 9
179 37
179 67
180 55
180 63
180 84
180 137
181 35
181 68
181 75
181 95
181 146
181 154
181 183
182 9
182 111
182 124
182 141
182 194
183 26
183 43
183 90
183 121
183 156
183 192
184 5
184 6
184 38
184 69
184 107
184 138
184 153
184 185
185 33
185 36
185 45
185 63
185 182
186 6
186 63
186 141
186 156
186 196
187 64
187 156
188 14
188 122
188 126
189 48
189 120
189 123
189 157
189 193
190 85
190 86
191 10
191 77
191 152
191 189
192 33
192 50
192 140
192 173
193 15
193 97
193 145
194 9
194 20
194 68
194 137
195 10
195 115
195 128
196 66
196 108
196 115
197 2
197 78
197 108
197 153
198 5
198 31
198 40
198 158
198 190
199 57
199 130
199 190
200 184

