150 3000
20 45 39 94 95 80 112 104 31 59 26 103 114 26 107 87 66 98 106 96 77 53 67 30 55 96 50 69 69 48 114 36 33 73 38 104 84 69 117 42 40 96 20 97 27 72 47 110 62 68 67 74 101 105 41 40 82 25 78 88 45 115 20 37 38 108 49 58 44 66 88 99 93 24 82 119 77 72 22 63 105 103 33 86 42 38 21 102 49 76 45 26 93 79 96 49 32 100 105 70 25 41 107 72 50 36 24 26 33 68 42 117 46 95 45 65 23 107 118 36 118 37 64 22 20 84 106 95 101 59 116 109 82 55 34 110 90 57 63 81 82 28 111 33 72 41 116 117 100 22 
1 10
1 17
1 18
1 22
1 23
1 34
1 38
1 45
1 58
1 60
1 62
1 69
1 74
1 76
1 85
1 89
1 93
1 95
1 97
1 99
1 100
1 113
1 116
1 124
1 126
1 133
1 138
1 142
1 144
2 1
2 4
2 6
2 16
2 17
2 19
2 32
2 38
2 41
2 48
2 51
2 53
2 55
2 56
2 69
2 79
2 80
2 82
2 86
2 90
2 93
2 101
2 103
2 117
2 122
2 127
2 131
2 139
2 149
3 6
3 10
3 15
3 28
3 41
3 43
3 51
3 53
3 63
3 67
3 91
3 92
3 94
3 96
3 100
3 118
3 121
3 125
3 128
3 136
3 138
4 12
4 31
4 36
4 38
4 39
4 56
4 79
4 81
4 88
4 89
4 91
4 93
4 95
4 110
4 131
4 137
4 139
4 146
4 148
5 15
5 19
5 21
5 47
5 53
5 54
5 60
5 65
5 70
5 76
5 90
5 95
5 97
5 106
5 122
5 134
5 150
6 7
6 8
6 19
6 47
6 51
6 65
6 80
6 87
6 95
6 98
6 102
6 103
6 105
6 106
6 107
6 110
6 112
6 117
6 124
6 126
6 132
6 140
6 141
6 142
6 146
7 5
7 8
7 9
7 24
7 37
7 39
7 52
7 69
7 83
7 87
7 90
7 92
7 95
7 98
7 102
7 106
7 116
7 117
7 119
7 142
7 143
8 32
8 41
8 47
8 53
8 64
8 67
8 68
8 71
8 74
8 75
8 85
8 89
8 95
8 101
8 104
8 107
8 111
8 117
8 125
8 126
8 132
8 147
8 149
9 21
9 35
9 43
9 58
9 60
9 67
9 69
9 74
9 82
9 84
9 96
9 106
9 109
9 112
9 119
9 122
9 124
9 139
9 150
10 11
10 16
10 26
10 33
10 39
10 46
10 54
10 56
10 62
10 67
10 73
10 74
10 105
10 110
10 113
10 119
10 123
10 125
10 126
10 131
10 139
10 150
11 6
11 34
11 40
11 47
11 65
11 68
11 105
11 107
11 112
11 113
11 122
11 127
11 128
12 36
12 39
12 50
12 53
12 59
12 75
12 78
12 82
12 99
12 101
12 113
12 119
12 131
13 4
13 5
13 10
13 12
13 16
13 29
13 41
13 47
13 50
13 53
13 66
13 78
13 87
13 92
13 104
13 119
13 134
13 138
14 3
14 12
14 26
14 28
14 32
14 42
14 45
14 58
14 65
14 83
14 86
14 87
14 90
14 93
14 96
14 100
14 111
14 115
14 126
14 131
14 133
15 1
15 10
15 18
15 43
15 55
15 97
15 106
15 122
15 138
16 14
16 47
16 50
16 57
16 62
16 69
16 77
16 93
16 98
16 111
16 120
16 121
16 137
16 146
16 150
17 7
17 21
17 25
17 27
17 39
17 40
17 57
17 69
17 73
17 79
17 95
17 99
17 100
17 120
17 126
17 136
17 142
17 144
17 150
18 5
18 6
18 14
18 20
18 33
18 37
18 39
18 46
18 60
18 62
18 74
18 78
18 79
18 91
18 93
18 96
18 107
18 111
18 115
18 130
18 132
18 142
19 8
19 11
19 23
19 26
19 31
19 47
19 61
19 63
19 64
19 65
19 79
19 83
19 88
19 95
19 114
19 123
19 124
19 139
19 140
19 146
20 3
20 7
20 13
20 22
20 24
20 28
20 32
20 39
20 43
20 44
20 47
20 48
20 50
20 53
20 55
20 76
20 80
20 83
20 85
20 92
20 120
20 124
20 125
20 129
20 130
20 141
20 144
20 145
21 12
21 38
21 63
21 66
21 79
21 83
21 92
21 106
21 126
21 136
21 138
21 141
21 148
22 3
22 6
22 8
22 13
22 14
22 15
22 18
22 25
22 35
22 46
22 47
22 51
22 53
22 54
22 56
22 57
22 59
22 66
22 67
22 69
22 71
22 72
22 73
22 77
22 80
22 82
22 86
22 89
22 102
22 109
22 111
22 113
22 125
22 133
22 142
22 149
23 13
23 22
23 34
23 55
23 75
23 95
23 135
23 137
23 149
24 8
24 10
24 12
24 26
24 38
24 48
24 58
24 60
24 66
24 79
24 99
24 102
24 104
24 110
24 111
24 134
24 135
24 136
25 2
25 8
25 14
25 45
25 52
25 63
25 73
25 76
25 84
25 103
25 106
25 108
25 121
25 123
25 141
25 144
26 7
26 34
26 37
26 43
26 46
26 51
26 60
26 67
26 68
26 81
26 84
26 85
26 86
26 87
26 88
26 90
26 91
26 96
26 101
26 110
26 123
26 124
26 125
26 131
26 138
26 146
26 148
26 150
27 14
27 22
27 23
27 24
27 51
27 53
27 55
27 57
27 61
27 72
27 103
27 107
27 112
27 113
27 115
27 121
27 124
27 131
27 144
27 145
28 9
28 22
28 29
28 38
28 43
28 61
28 72
28 73
28 79
28 81
28 98
28 114
28 115
28 127
28 146
29 6
29 11
29 14
29 16
29 20
29 22
29 32
29 34
29 45
29 50
29 63
29 70
29 78
29 84
29 118
29 124
29 134
29 143
29 149
30 3
30 5
30 17
30 33
30 46
30 47
30 48
30 55
30 66
30 85
30 88
30 92
30 104
30 123
30 126
30 135
30 144
31 2
31 5
31 11
31 12
31 18
31 21
31 30
31 46
31 53
31 55
31 58
31 59
31 63
31 70
31 73
31 74
31 91
31 101
31 104
31 123
31 132
31 137
31 139
31 143
32 5
32 10
32 12
32 17
32 22
32 25
32 35
32 64
32 78
32 100
32 111
32 115
32 118
32 122
32 128
32 131
33 2
33 7
33 13
33 20
33 22
33 28
33 40
33 51
33 52
33 58
33 59
33 62
33 87
33 90
33 92
33 105
33 108
33 121
33 125
33 131
34 5
34 12
34 18
34 38
34 42
34 55
34 59
34 64
34 83
34 88
34 98
34 103
34 110
34 119
34 125
34 130
34 142
35 3
35 5
35 13
35 15
35 19
35 25
35 26
35 42
35 62
35 63
35 71
35 87
35 93
35 94
35 95
35 96
35 110
35 128
35 141
36 15
36 33
36 35
36 44
36 57
36 72
36 115
36 120
36 145
37 8
37 27
37 29
37 43
37 71
37 82
37 89
37 92
37 116
37 123
37 124
37 133
37 136
37 137
37 138
37 146
37 147
38 3
38 5
38 19
38 25
38 26
38 35
38 41
38 53
38 63
38 73
38 74
38 88
38 89
38 90
38 97
38 106
38 108
38 117
38 118
38 122
38 126
38 127
38 128
38 131
38 135
38 138
38 145
38 148
39 6
39 9
39 11
39 13
39 15
39 19
39 35
39 38
39 73
39 85
39 93
39 110
39 115
39 117
39 121
39 138
39 140
39 142
39 147
39 150
40 3
40 5
40 8
40 14
40 24
40 26
40 39
40 58
40 63
40 70
40 71
40 72
40 76
40 78
40 79
40 82
40 93
40 98
40 99
40 108
40 119
40 120
40 128
40 133
40 145
41 5
41 9
41 10
41 29
41 30
41 33
41 34
41 36
41 46
41 53
41 55
41 60
41 61
41 66
41 69
41 82
41 86
41 87
41 88
41 101
41 103
41 106
41 107
41 118
41 121
41 134
41 136
41 138
41 139
41 144
41 146
42 2
42 3
42 17
42 22
42 24
42 28
42 29
42 33
42 49
42 52
42 55
42 59
42 71
42 82
42 86
42 93
42 108
42 113
42 114
42 120
42 125
42 127
42 139
42 149
43 4
43 16
43 17
43 21
43 22
43 27
43 39
43 53
43 58
43 62
43 68
43 73
43 102
43 104
43 111
43 115
43 125
43 138
43 146
43 147
44 1
44 3
44 4
44 17
44 23
44 28
44 40
44 47
44 54
44 55
44 65
44 70
44 82
44 88
44 95
44 105
44 111
44 124
44 125
44 128
44 129
44 146
44 147
45 15
45 24
45 27
45 28
45 32
45 33
45 43
45 46
45 50
45 53
45 58
45 66
45 71
45 90
45 93
45 94
45 109
45 124
45 127
45 137
45 149
46 8
46 11
46 16
46 21
46 28
46 29
46 32
46 34
46 38
46 44
46 47
46 62
46 79
46 89
46 96
46 107
46 117
46 126
46 131
46 136
46 139
46 140
46 142
46 143
47 3
47 7
47 10
47 14
47 21
47 32
47 45
47 48
47 64
47 73
47 83
47 84
47 93
47 124
47 125
47 128
47 130
47 145
48 6
48 18
48 41
48 52
48 58
48 60
48 89
48 98
48 129
48 132
48 142
49 14
49 15
49 20
49 28
49 29
49 34
49 41
49 45
49 46
49 52
49 67
49 73
49 104
49 114
50 4
50 5
50 9
50 28
50 38
50 42
50 43
50 46
50 49
50 64
50 66
50 69
50 72
50 73
50 83
50 99
50 101
50 111
50 147
51 7
51 12
51 14
51 19
51 30
51 32
51 49
51 57
51 74
51 77
51 85
51 101
51 107
51 110
51 119
51 122
51 125
51 132
52 5
52 14
52 40
52 51
52 54
52 58
52 69
52 85
52 108
52 112
52 131
52 138
52 139
52 142
52 144
53 1
53 4
53 6
53 7
53 16
53 17
53 29
53 30
53 37
53 55
53 65
53 66
53 71
53 74
53 75
53 84
53 87
53 98
53 105
53 111
53 117
53 128
53 129
53 140
53 143
53 144
54 2
54 6
54 9
54 13
54 16
54 17
54 20
54 29
54 37
54 42
54 46
54 55
54 62
54 76
54 77
54 82
54 87
54 89
54 94
54 106
54 113
54 115
54 116
54 119
54 123
54 127
55 4
55 9
55 12
55 13
55 25
55 36
55 38
55 39
55 40
55 62
55 64
55 65
55 71
55 74
55 76
55 97
55 105
55 112
55 127
55 132
55 137
55 143
56 1
56 8
56 12
56 13
56 16
56 17
56 20
56 21
56 26
56 32
56 33
56 37
56 39
56 47
56 51
56 52
56 57
56 78
56 83
56 84
56 95
56 110
56 113
56 115
56 116
56 117
56 122
56 126
56 133
56 141
56 149
57 1
57 4
57 21
57 23
57 26
57 34
57 37
57 41
57 55
57 63
57 69
57 94
57 115
57 122
57 139
57 143
57 146
57 148
57 149
57 150
58 2
58 10
58 74
58 76
58 85
58 100
58 104
58 113
58 118
58 121
58 122
58 124
58 134
58 137
58 147
58 149
59 5
59 13
59 19
59 29
59 39
59 40
59 68
59 70
59 72
59 76
59 83
59 88
59 92
59 102
59 130
59 133
59 146
60 23
60 29
60 30
60 74
60 82
60 94
60 95
60 112
60 118
60 131
60 132
60 141
60 144
60 148
60 150
61 5
61 31
61 51
61 53
61 56
61 65
61 71
61 73
61 78
61 94
61 102
61 103
61 104
61 107
61 109
61 120
61 121
61 125
61 132
61 141
61 147
62 23
62 26
62 36
62 37
62 52
62 56
62 57
62 61
62 75
62 94
62 107
62 114
62 115
62 119
62 132
62 134
62 149
63 12
63 58
63 59
63 86
63 97
63 117
63 120
63 126
63 137
63 143
63 144
64 20
64 24
64 37
64 44
64 59
64 62
64 69
64 73
64 74
64 76
64 78
64 85
64 87
64 92
64 94
64 99
64 100
64 105
64 107
64 117
64 122
64 142
64 149
65 3
65 16
65 18
65 21
65 29
65 32
65 34
65 36
65 42
65 58
65 69
65 81
65 95
65 108
65 116
65 117
65 122
65 123
65 131
65 139
66 3
66 7
66 11
66 20
66 63
66 76
66 77
66 95
66 97
66 102
66 103
66 105
66 119
66 121
66 122
66 125
66 137
66 139
66 140
66 142
66 149
67 7
67 14
67 15
67 16
67 19
67 25
67 30
67 32
67 37
67 38
67 42
67 46
67 53
67 71
67 76
67 94
67 119
67 130
67 132
67 134
67 136
67 144
68 14
68 28
68 33
68 38
68 41
68 42
68 54
68 56
68 57
68 88
68 93
68 106
68 112
68 113
68 116
68 119
68 124
68 139
68 146
68 150
69 4
69 14
69 15
69 24
69 25
69 27
69 28
69 32
69 34
69 40
69 43
69 45
69 46
69 60
69 61
69 67
69 74
69 76
69 82
69 87
69 88
69 89
69 94
69 108
69 128
69 129
69 134
69 147
70 6
70 30
70 36
70 39
70 45
70 46
70 47
70 51
70 57
70 62
70 66
70 73
70 77
70 98
70 103
70 117
70 119
70 128
70 129
71 1
71 6
71 23
71 44
71 54
71 65
71 84
71 116
71 119
71 132
71 135
71 147
71 149
72 6
72 13
72 26
72 31
72 33
72 47
72 52
72 65
72 76
72 77
72 86
72 96
72 108
72 109
72 114
72 132
72 135
72 149
73 1
73 7
73 16
73 27
73 33
73 36
73 44
73 45
73 51
73 55
73 71
73 72
73 79
73 85
73 98
73 99
73 105
73 110
73 127
73 129
73 143
74 2
74 11
74 12
74 25
74 28
74 30
74 34
74 39
74 42
74 48
74 61
74 66
74 76
74 92
74 94
74 100
74 110
74 114
74 116
74 127
74 136
74 140
75 14
75 17
75 22
75 24
75 56
75 58
75 63
75 66
75 69
75 73
75 109
75 125
75 149
76 2
76 4
76 9
76 10
76 13
76 15
76 19
76 21
76 28
76 29
76 36
76 49
76 65
76 88
76 94
76 128
76 130
76 144
76 147
76 148
77 5
77 24
77 28
77 32
77 47
77 55
77 62
77 64
77 65
77 67
77 74
77 79
77 95
77 105
77 109
77 113
77 119
77 124
77 125
77 131
77 140
78 15
78 16
78 26
78 43
78 51
78 58
78 68
78 72
78 74
78 77
78 99
78 103
78 113
78 119
78 126
78 127
78 136
79 11
79 12
79 14
79 16
79 22
79 23
79 27
79 41
79 53
79 56
79 58
79 60
79 61
79 78
79 84
79 85
79 120
79 127
79 135
79 140
79 144
80 5
80 15
80 16
80 19
80 34
80 43
80 53
80 62
80 65
80 71
80 79
80 81
80 83
80 87
80 90
80 101
80 105
80 130
80 133
80 147
81 6
81 14
81 31
81 33
81 37
81 54
81 55
81 56
81 57
81 73
81 76
81 86
81 87
81 93
81 96
81 103
81 104
81 123
81 147
81 148
81 149
82 13
82 15
82 18
82 19
82 20
82 31
82 32
82 47
82 48
82 57
82 75
82 93
82 98
82 100
82 113
82 119
82 126
82 128
82 133
82 144
83 5
83 8
83 9
83 10
83 11
83 15
83 18
83 29
83 39
83 54
83 55
83 57
83 77
83 84
83 86
83 91
83 98
83 105
83 107
83 110
83 120
83 121
83 127
83 131
83 132
84 3
84 6
84 10
84 24
84 36
84 68
84 75
84 76
84 99
84 102
84 104
84 105
84 113
84 117
84 118
84 126
84 133
85 5
85 13
85 22
85 23
85 29
85 36
85 66
85 84
85 96
85 108
85 110
85 112
85 118
85 122
85 128
85 136
85 137
85 145
86 4
86 34
86 36
86 39
86 44
86 50
86 52
86 54
86 55
86 57
86 59
86 65
86 69
86 74
86 76
86 79
86 87
86 94
86 95
86 100
86 120
86 121
86 126
86 129
86 137
86 140
86 150
87 4
87 9
87 12
87 22
87 29
87 34
87 37
87 40
87 42
87 45
87 46
87 58
87 60
87 62
87 63
87 67
87 73
87 94
87 99
87 102
87 106
87 109
87 110
87 118
87 130
87 132
87 135
87 150
88 17
88 18
88 32
88 42
88 47
88 55
88 66
88 73
88 92
88 94
88 101
88 112
88 119
88 121
88 122
88 127
88 129
88 137
88 140
88 146
89 6
89 13
89 14
89 24
89 32
89 36
89 65
89 70
89 78
89 79
89 84
89 109
89 110
89 118
89 128
89 129
89 130
89 137
89 141
89 142
90 6
90 28
90 31
90 39
90 46
90 55
90 57
90 60
90 67
90 74
90 77
90 78
90 82
90 83
90 86
90 111
90 119
90 130
90 133
90 134
90 150
91 13
91 22
91 29
91 35
91 43
91 44
91 47
91 52
91 55
91 57
91 65
91 70
91 81
91 84
91 104
91 108
91 126
91 130
91 134
91 138
92 4
92 9
92 14
92 22
92 25
92 27
92 36
92 42
92 48
92 51
92 58
92 62
92 72
92 75
92 86
92 91
92 113
92 114
92 117
92 119
92 128
92 133
92 135
92 140
92 142
92 144
92 147
93 10
93 34
93 43
93 50
93 53
93 56
93 75
93 79
93 86
93 95
93 116
93 120
93 124
93 135
93 136
93 138
93 140
94 4
94 5
94 6
94 21
94 22
94 36
94 42
94 49
94 51
94 53
94 58
94 71
94 73
94 82
94 83
94 84
94 112
94 114
94 119
94 133
94 142
94 146
95 3
95 13
95 28
95 34
95 38
95 42
95 64
95 67
95 70
95 74
95 82
95 91
95 94
95 96
95 101
95 106
95 109
95 113
95 115
95 122
95 131
95 132
95 134
95 142
95 148
95 149
96 5
96 11
96 22
96 25
96 30
96 32
96 38
96 39
96 52
96 58
96 63
96 66
96 70
96 71
96 86
96 88
96 100
96 115
96 123
96 124
96 143
96 144
96 149
97 25
97 35
97 41
97 53
97 59
97 67
97 79
97 90
97 105
97 107
97 111
97 116
97 119
97 126
97 130
97 134
98 5
98 10
98 13
98 15
98 18
98 20
98 36
98 41
98 42
98 46
98 52
98 66
98 69
98 101
98 107
98 110
98 124
98 126
98 137
98 139
98 142
98 150
99 13
99 14
99 20
99 21
99 32
99 36
99 39
99 42
99 43
99 47
99 48
99 63
99 65
99 68
99 71
99 93
99 95
99 102
99 130
99 136
100 9
100 10
100 28
100 38
100 45
100 61
100 62
100 76
100 92
100 120
100 137
100 141
100 145
101 13
101 23
101 37
101 47
101 48
101 61
101 63
101 67
101 79
101 114
101 116
101 119
101 126
101 132
101 136
101 137
101 141
101 145
102 8
102 33
102 48
102 49
102 57
102 62
102 69
102 75
102 76
102 83
102 93
102 110
102 118
102 127
102 132
102 140
102 141
103 3
103 20
103 26
103 28
103 33
103 58
103 74
103 76
103 79
103 89
103 105
103 115
103 121
103 132
103 133
103 139
103 141
103 146
104 1
104 14
104 17
104 29
104 46
104 57
104 71
104 76
104 79
104 82
104 85
104 87
104 101
104 115
104 122
104 132
104 134
105 1
105 14
105 17
105 19
105 21
105 25
105 28
105 31
105 37
105 40
105 41
105 48
105 54
105 60
105 85
105 86
105 95
105 104
105 125
105 128
105 136
105 138
106 19
106 45
106 49
106 57
106 58
106 60
106 62
106 64
106 66
106 71
106 75
106 80
106 82
106 89
106 92
106 116
106 117
106 123
106 129
106 145
107 21
107 24
107 28
107 31
107 48
107 49
107 54
107 55
107 71
107 80
107 88
107 96
107 102
107 106
107 110
107 125
107 129
107 139
107 149
108 1
108 14
108 23
108 30
108 47
108 48
108 50
108 61
108 74
108 88
108 96
108 119
108 124
108 129
108 131
108 140
109 13
109 16
109 19
109 33
109 39
109 79
109 96
109 118
109 130
109 138
109 139
110 3
110 22
110 23
110 28
110 30
110 31
110 42
110 48
110 64
110 66
110 67
110 78
110 79
110 81
110 84
110 88
110 93
110 99
110 100
110 105
110 109
110 111
110 116
110 121
110 122
110 123
110 126
110 128
110 129
110 137
110 142
110 143
111 10
111 19
111 31
111 40
111 61
111 62
111 63
111 69
111 75
111 82
111 88
111 109
111 115
111 128
111 129
111 131
111 137
111 139
111 148
112 5
112 7
112 14
112 29
112 30
112 35
112 41
112 58
112 69
112 79
112 81
112 86
112 92
112 93
112 96
112 113
112 115
112 120
112 132
112 133
112 134
112 137
112 150
113 2
113 14
113 44
113 48
113 51
113 52
113 57
113 59
113 63
113 64
113 71
113 87
113 89
113 96
113 98
113 99
113 103
113 106
113 130
114 1
114 3
114 16
114 20
114 34
114 39
114 40
114 41
114 43
114 47
114 50
114 51
114 54
114 58
114 59
114 61
114 66
114 70
114 77
114 80
114 88
114 96
114 99
114 100
114 104
114 121
114 127
114 130
114 147
115 16
115 17
115 31
115 49
115 50
115 61
115 63
115 67
115 71
115 82
115 84
115 94
115 97
115 116
115 117
115 124
115 130
115 139
115 149
115 150
116 11
116 17
116 21
116 29
116 43
116 46
116 52
116 55
116 72
116 87
116 88
116 92
116 96
116 114
116 118
116 121
116 126
116 127
116 144
116 145
117 12
117 15
117 18
117 19
117 32
117 44
117 48
117 66
117 78
117 89
117 94
117 100
117 102
117 108
117 109
117 119
117 137
117 145
117 146
117 148
118 10
118 14
118 15
118 23
118 25
118 51
118 54
118 79
118 83
118 88
118 99
118 103
118 117
118 121
118 125
118 127
118 130
118 133
118 134
118 135
118 137
118 148
119 6
119 14
119 42
119 49
119 55
119 57
119 58
119 74
119 75
119 79
119 81
119 95
119 106
119 114
119 125
119 128
119 137
119 139
120 6
120 13
120 14
120 15
120 22
120 29
120 30
120 33
120 45
120 48
120 49
120 51
120 52
120 55
120 76
120 81
120 84
120 87
120 91
120 98
120 103
120 104
120 106
120 108
120 126
121 7
121 9
121 17
121 19
121 30
121 32
121 48
121 49
121 56
121 65
121 72
121 76
121 82
121 92
121 99
121 117
121 123
121 130
121 138
121 142
121 146
122 19
122 21
122 34
122 35
122 46
122 74
122 83
122 84
122 87
122 93
122 105
122 114
122 126
122 143
122 144
123 3
123 6
123 9
123 12
123 14
123 17
123 18
123 32
123 36
123 40
123 58
123 59
123 64
123 70
123 71
123 85
123 87
123 95
123 101
123 115
123 120
123 129
123 139
123 143
123 148
124 8
124 14
124 16
124 18
124 21
124 25
124 31
124 53
124 56
124 57
124 63
124 65
124 80
124 81
124 83
124 91
124 100
124 116
124 119
124 133
124 139
124 149
125 4
125 28
125 41
125 53
125 55
125 62
125 63
125 68
125 73
125 78
125 81
125 82
125 87
125 90
125 95
125 98
125 99
125 122
125 135
125 144
126 7
126 12
126 47
126 55
126 60
126 61
126 88
126 96
126 103
126 112
126 113
126 136
126 143
127 5
127 7
127 20
127 21
127 25
127 35
127 36
127 37
127 40
127 48
127 61
127 69
127 70
127 72
127 85
127 99
127 100
127 101
127 107
127 120
127 124
127 128
127 145
128 4
128 12
128 15
128 18
128 27
128 33
128 63
128 66
128 79
128 88
128 94
128 102
128 118
128 125
128 132
129 12
129 28
129 38
129 61
129 65
129 101
129 102
129 103
129 104
129 128
130 1
130 4
130 8
130 11
130 17
130 26
130 40
130 44
130 48
130 71
130 74
130 77
130 78
130 81
130 95
130 100
130 101
130 108
130 128
130 131
130 138
131 1
131 11
131 13
131 22
131 25
131 28
131 44
131 51
131 53
131 59
131 61
131 71
131 73
131 76
131 79
131 110
131 118
131 122
131 123
131 124
131 127
131 133
131 141
131 149
132 2
132 9
132 10
132 15
132 16
132 43
132 47
132 73
132 78
132 79
132 84
132 85
132 88
132 94
132 111
132 119
132 121
132 122
132 126
132 142
133 3
133 11
133 21
133 23
133 28
133 33
133 36
133 41
133 49
133 51
133 62
133 63
133 64
133 68
133 81
133 98
133 100
133 102
133 144
133 148
134 15
134 30
134 37
134 46
134 47
134 50
134 57
134 87
134 89
134 109
134 121
134 145
135 7
135 15
135 16
135 37
135 45
135 47
135 52
135 58
135 64
135 66
135 81
135 89
135 91
135 102
135 105
135 108
135 116
135 117
135 121
135 122
135 123
135 128
135 150
136 4
136 12
136 14
136 26
136 28
136 31
136 39
136 45
136 50
136 60
136 62
136 72
136 73
136 83
136 86
136 95
136 100
136 104
136 110
136 116
136 128
136 132
137 3
137 5
137 11
137 14
137 19
137 29
137 32
137 38
137 41
137 52
137 72
137 74
137 92
137 95
137 106
137 108
137 114
137 115
137 123
137 126
137 129
137 130
137 132
137 136
138 5
138 8
138 12
138 14
138 36
138 59
138 68
138 71
138 72
138 84
138 92
138 95
138 100
138 114
138 118
138 122
138 123
138 124
138 134
138 136
138 143
138 144
139 16
139 22
139 25
139 30
139 39
139 47
139 56
139 71
139 72
139 78
139 82
139 91
139 100
139 117
140 2
140 3
140 4
140 9
140 12
140 36
140 50
140 52
140 56
140 70
140 73
140 124
140 130
140 132
141 2
141 9
141 10
141 34
141 37
141 41
141 43
141 48
141 51
141 53
141 55
141 58
141 59
141 73
141 81
141 96
141 104
141 105
141 114
141 118
141 122
141 128
141 129
141 147
141 150
142 2
142 3
142 15
142 27
142 31
142 33
142 38
142 54
142 56
142 74
142 76
142 77
142 81
142 84
142 87
142 107
142 109
142 116
142 118
142 119
142 127
142 130
142 133
142 135
142 136
142 140
142 150
143 17
143 39
143 43
143 52
143 74
143 75
143 79
143 82
143 87
143 117
143 129
143 136
143 148
143 150
144 5
144 12
144 15
144 22
144 54
144 61
144 62
144 68
144 70
144 74
144 91
144 101
144 107
144 110
144 112
144 136
144 139
144 141
144 146
145 7
145 11
145 17
145 26
145 33
145 41
145 52
145 62
145 64
145 65
145 66
145 69
145 73
145 75
145 83
145 88
145 92
145 94
145 96
145 105
145 119
145 121
145 130
145 144
145 150
146 2
146 7
146 12
146 23
146 33
146 54
146 66
146 74
146 90
146 93
146 100
146 133
146 134
146 142
147 15
147 19
147 30
147 32
147 42
147 45
147 47
147 72
147 77
147 78
147 83
147 84
147 86
147 100
147 104
147 107
147 112
147 115
147 119
147 120
147 130
147 146
148 9
148 19
148 22
148 36
148 80
148 92
148 94
148 96
148 101
148 110
148 114
148 120
148 125
148 131
148 134
148 136
148 142
148 145
149 11
149 32
149 35
149 38
149 48
149 60
149 80
149 83
149 87
149 94
149 111
149 117
149 119
149 120
149 130
149 133
149 139
149 147
150 28
150 41
150 47
150 48
150 51
150 61
150 63
150 65
150 66
150 69
150 72
150 75
150 78
150 81
150 84
150 92
150 95
150 101
150 114
150 131
150 133
150 137

