250 1000
49 23 42 103 114 63 33 46 62 102 25 20 80 31 119 65 114 77 94 52 62 57 44 30 37 111 115 21 111 20 54 107 94 35 104 56 50 92 107 29 27 116 56 119 50 60 83 47 52 62 87 52 41 114 72 115 53 106 41 24 55 43 100 105 61 48 98 95 112 69 90 92 30 104 39 24 91 102 29 71 100 65 34 86 54 94 32 47 48 102 30 59 75 98 107 79 32 50 79 37 39 29 24 110 65 50 105 78 85 40 119 70 51 35 63 37 65 47 38 81 32 82 109 104 31 53 104 63 116 109 33 51 20 20 32 70 34 51 41 106 29 61 62 107 96 21 89 119 68 46 71 48 68 111 51 83 71 54 67 115 21 109 80 102 110 118 74 41 93 50 90 62 38 59 93 114 52 42 104 26 74 73 70 60 59 84 50 82 24 23 61 26 61 119 85 46 96 43 37 30 78 62 93 45 69 33 46 86 89 101 95 65 84 68 112 64 72 80 60 88 43 31 97 90 81 55 57 99 117 70 58 115 52 73 51 37 109 81 55 22 109 89 44 63 75 57 61 105 32 64 
1 165
1 180
1 209
1 225
2 3
2 72
2 210
3 31
4 55
4 163
4 193
4 207
4 241
4 246
5 11
5 27
5 36
5 60
5 98
5 124
5 145
5 150
5 169
6 51
6 63
7 5
7 12
7 105
7 150
7 152
8 37
8 120
8 157
8 170
8 233
9 60
9 62
9 194
9 248
10 18
10 155
10 195
11 23
11 100
11 122
11 242
12 66
12 85
12 90
12 139
12 182
12 193
12 199
12 247
13 3
13 23
13 71
13 78
13 130
14 68
14 76
14 84
14 143
14 163
14 229
14 246
15 49
15 152
15 153
15 155
16 15
16 52
16 74
16 234
16 239
17 155
17 175
17 212
17 233
17 250
18 121
18 153
18 177
18 184
18 238
19 107
20 100
20 108
20 194
21 34
21 60
21 78
21 124
21 157
21 200
22 5
22 165
22 176
22 186
22 236
22 247
23 4
23 14
23 85
23 100
23 133
23 152
23 209
23 241
24 79
24 131
24 179
24 240
25 3
25 95
25 117
25 143
25 171
26 76
26 128
26 194
26 197
27 10
27 19
27 36
27 138
28 83
28 199
28 247
29 14
29 32
29 52
29 86
29 109
30 12
30 31
30 169
30 184
31 8
31 26
31 138
31 185
31 215
32 3
32 41
32 227
32 231
33 79
33 128
33 134
33 248
34 151
34 161
35 109
36 38
36 87
37 23
37 236
38 96
38 111
39 49
39 191
39 220
39 234
40 112
40 113
41 20
41 27
42 14
42 147
42 162
43 17
43 35
43 87
43 161
44 41
44 99
44 150
44 249
45 32
45 104
45 158
46 115
46 190
47 91
47 182
47 196
48 41
48 79
48 208
49 2
49 5
49 81
49 125
49 133
49 210
49 224
50 47
50 110
50 135
50 149
51 111
51 112
51 164
52 149
53 216
54 49
54 62
54 90
55 8
55 58
55 126
55 132
55 153
55 156
56 44
56 92
56 121
57 12
57 20
58 38
58 102
59 66
59 89
59 96
59 143
59 179
59 198
59 226
60 3
60 11
60 88
60 231
61 27
61 127
61 151
61 166
61 177
61 236
62 12
62 64
62 98
62 223
63 59
63 97
63 101
63 162
63 222
63 239
64 60
64 143
65 29
65 234
66 61
66 75
66 86
66 193
66 246
67 49
67 65
67 228
68 26
68 72
68 167
68 171
68 199
69 92
69 192
69 208
70 179
71 53
71 64
71 85
71 87
71 213
71 217
72 200
72 205
72 225
73 56
73 103
73 104
73 140
73 172
73 207
73 213
73 240
74 8
74 19
74 40
74 97
74 185
74 222
74 244
74 247
75 90
75 175
76 92
76 102
76 162
76 229
77 37
77 96
77 126
77 129
77 197
77 228
77 239
78 2
78 91
78 121
78 239
79 20
79 171
79 185
79 244
80 192
81 117
81 152
81 250
82 75
82 133
82 137
83 40
83 148
83 178
83 248
84 18
84 80
85 4
85 182
85 235
85 240
85 242
86 39
86 59
86 84
86 126
86 128
86 200
86 226
87 27
87 59
87 116
87 175
87 216
87 230
87 243
88 28
88 55
88 90
89 17
89 109
89 179
89 236
90 1
90 51
90 92
90 99
90 124
90 231
91 21
91 66
91 190
91 194
92 50
92 105
92 250
93 77
93 236
93 243
94 8
94 32
94 162
95 93
95 137
95 145
95 146
95 236
96 121
96 199
97 9
97 34
97 186
98 161
98 208
99 56
99 148
100 150
101 28
101 195
101 203
101 227
102 19
102 69
102 142
102 146
102 152
102 200
103 94
103 227
103 243
104 1
104 6
104 67
104 86
104 108
104 135
104 136
104 197
104 218
104 224
104 232
105 17
105 116
105 136
105 156
105 222
106 13
106 53
106 99
106 103
106 229
106 241
107 163
108 14
108 33
108 80
108 153
109 18
109 33
109 95
109 97
109 158
109 177
110 121
110 153
110 177
110 222
110 225
111 26
111 85
111 127
112 59
112 83
112 109
112 174
112 224
112 229
113 5
113 231
114 36
114 82
114 112
114 118
114 120
114 140
114 225
114 245
115 14
115 23
115 28
115 84
116 13
116 43
116 52
117 17
117 38
117 105
117 120
117 166
118 194
118 200
118 214
119 94
119 141
119 154
120 74
120 86
120 95
120 218
121 23
121 58
121 101
121 170
122 61
123 194
124 68
124 97
124 109
124 188
124 207
124 208
124 209
124 240
125 56
125 88
125 144
125 188
125 215
126 151
126 158
127 24
127 33
127 76
129 14
129 25
129 43
129 120
129 187
129 248
130 21
130 22
130 51
130 52
130 97
130 158
131 22
131 115
132 13
132 81
133 132
133 187
134 44
134 59
134 110
134 140
134 144
134 162
134 191
134 194
134 228
135 31
135 79
135 95
135 98
135 112
136 49
136 94
136 138
136 227
137 54
137 55
137 70
137 78
137 162
137 181
137 186
137 198
137 232
138 5
138 118
138 128
138 190
138 191
139 109
139 150
139 183
139 184
139 187
139 212
139 244
140 30
140 52
140 126
140 142
140 171
141 15
141 24
141 124
141 196
142 38
142 154
142 200
143 173
143 218
144 3
144 19
144 49
144 108
145 173
145 193
147 25
147 79
147 105
147 139
147 216
148 45
148 51
148 88
148 102
148 250
149 2
149 20
149 28
149 34
149 96
149 117
150 6
150 25
150 86
151 56
151 71
151 83
151 111
151 181
151 229
152 176
152 216
153 38
153 101
154 53
154 55
154 235
155 12
155 21
155 31
155 45
155 134
155 189
155 208
155 213
155 224
157 144
157 147
157 224
157 226
158 53
158 135
158 163
158 170
158 171
158 250
159 9
159 86
159 91
159 153
159 204
159 212
160 135
160 141
161 56
161 179
161 198
162 79
162 91
162 127
162 131
162 157
162 213
163 29
163 159
164 39
166 7
166 38
166 72
167 121
167 201
168 205
169 45
169 184
169 219
169 220
170 76
170 110
170 152
170 192
171 17
171 55
171 62
171 67
171 77
171 113
171 123
171 131
171 139
172 86
172 102
173 3
173 9
173 33
173 82
173 141
173 197
173 212
174 25
174 74
174 117
174 130
174 152
174 213
174 215
175 13
175 215
175 234
176 79
176 171
177 84
177 99
177 236
178 63
178 95
178 103
179 63
179 65
179 118
179 150
179 177
180 75
180 76
180 109
180 155
180 163
180 190
180 228
181 28
181 38
181 39
181 52
181 66
181 123
181 143
181 201
181 202
181 207
181 232
182 15
182 60
182 65
182 97
182 134
182 233
183 43
183 224
184 6
184 28
184 43
184 93
184 130
184 166
184 200
186 79
186 156
186 162
187 12
187 40
187 198
187 243
188 88
188 101
188 145
188 157
188 169
189 72
189 111
189 138
189 150
189 211
190 181
190 243
191 43
191 57
191 58
191 59
191 91
191 100
191 119
191 147
191 186
191 200
191 221
191 229
192 34
192 98
193 29
193 34
193 63
193 107
193 192
193 243
194 6
194 35
194 56
194 63
195 25
195 71
195 87
195 97
195 126
195 139
195 141
195 232
196 120
196 125
196 200
197 2
197 49
197 103
197 243
198 69
198 206
199 82
199 144
200 82
200 181
201 27
201 39
201 150
201 237
202 8
202 45
203 14
203 62
203 125
203 182
204 147
204 187
204 191
205 20
205 52
205 84
205 237
206 30
206 34
206 65
206 85
206 100
206 131
206 246
207 23
207 27
207 63
207 108
207 138
207 167
207 198
207 224
207 227
208 15
208 170
208 195
208 206
209 26
209 213
209 220
210 5
210 80
210 93
210 192
211 77
211 165
212 57
212 123
212 130
212 153
212 229
213 12
213 102
213 121
213 136
213 150
214 19
214 97
214 203
214 222
214 227
215 54
215 148
216 12
216 20
216 31
216 45
216 52
216 142
216 159
216 217
217 213
218 1
218 7
218 66
219 161
219 177
219 218
220 161
220 166
220 212
221 36
221 186
221 204
221 209
222 20
222 98
222 180
222 206
222 227
223 81
223 89
224 28
224 40
224 145
225 56
225 67
225 150
225 229
226 6
226 52
226 145
227 41
227 121
227 153
227 228
228 6
228 32
228 56
228 83
228 93
229 32
229 158
229 169
229 203
230 48
230 55
230 91
230 150
230 156
230 164
231 26
231 29
231 68
231 128
231 203
232 65
232 185
234 60
235 18
235 86
235 191
236 11
236 13
236 90
236 114
236 211
237 59
237 188
238 12
238 95
239 27
239 89
239 91
239 103
239 172
240 69
240 217
240 220
240 247
241 46
241 52
241 229
242 40
242 82
242 102
242 167
242 176
242 192
242 217
243 35
243 49
243 146
244 44
244 100
244 101
244 116
244 163
244 178
245 132
245 137
246 131
247 72
247 85
247 87
247 125
247 169
247 209
247 224
247 239
248 41
248 121
248 164
248 171
248 234
248 236
249 38
249 172
250 52
250 199
250 201
250 219
250 220
250 243
250 248

