300 500
59 107 112 31 34 78 53 82 35 97 38 119 43 39 48 60 93 100 119 96 104 62 21 97 53 54 85 76 113 101 47 96 98 81 79 23 30 44 103 79 108 106 58 50 109 71 101 69 35 99 117 52 21 51 43 93 90 67 119 101 101 82 80 85 94 114 73 107 74 112 69 84 31 70 28 102 104 94 120 39 83 102 87 69 51 50 37 64 63 81 22 46 52 117 106 22 100 71 80 46 28 114 62 60 86 110 44 92 90 113 47 53 90 108 81 101 75 119 100 77 21 81 54 30 50 52 47 49 119 86 90 61 30 30 120 29 53 95 105 114 106 45 117 106 76 87 70 43 120 89 59 110 66 33 44 80 28 53 118 89 30 59 34 26 119 31 40 94 74 29 30 70 69 54 89 78 35 53 117 92 120 98 119 93 39 110 79 34 54 24 80 59 46 104 59 29 97 40 115 66 101 35 114 58 29 47 118 66 66 41 54 41 23 50 114 50 28 111 55 117 23 93 77 43 64 93 35 92 109 40 115 118 49 114 24 81 67 36 82 31 50 111 61 31 102 41 49 86 105 118 79 100 32 55 102 38 81 25 75 25 99 77 38 92 35 104 62 38 86 66 75 113 102 80 64 85 89 31 118 115 90 43 38 25 110 116 27 99 90 47 47 34 73 30 40 27 33 30 29 69 
2 180
2 223
2 239
3 187
3 269
5 175
5 187
5 229
5 249
6 103
7 47
8 10
8 206
9 224
9 290
10 34
10 50
10 128
11 77
11 265
13 40
13 170
13 205
13 221
14 109
15 55
15 85
15 218
15 266
16 261
17 188
18 13
18 275
19 15
19 227
19 277
20 70
20 159
20 260
20 278
23 154
25 111
25 153
25 191
25 211
25 287
27 193
28 81
28 202
28 220
28 232
28 266
29 135
29 203
29 223
30 75
30 128
30 282
32 65
32 111
33 102
33 124
35 82
35 241
37 140
37 179
38 285
40 209
41 3
42 272
43 42
43 51
44 108
45 70
46 242
48 77
48 106
48 118
48 216
48 235
49 25
51 23
53 24
53 148
53 185
53 231
54 114
55 288
57 46
57 136
57 146
57 200
57 269
58 92
58 122
58 151
58 194
58 215
59 52
60 67
60 81
60 165
61 46
61 65
61 131
61 155
61 220
61 239
62 46
63 166
63 202
64 176
65 36
66 21
68 120
68 137
69 14
69 103
69 264
69 299
70 52
70 95
71 38
72 90
72 150
73 72
73 286
74 71
74 96
74 191
75 50
75 115
75 285
78 286
79 22
80 172
82 52
82 108
83 286
84 251
84 293
85 81
85 205
85 217
88 185
88 203
88 257
89 109
89 283
90 183
91 160
92 64
92 290
93 4
94 52
95 101
95 140
95 247
98 203
98 237
99 6
99 194
99 223
100 6
100 17
100 23
100 60
100 203
101 167
102 262
103 11
104 290
105 40
105 70
105 150
106 171
106 270
107 42
107 299
108 155
108 222
108 238
109 156
110 30
110 71
111 77
111 94
112 101
112 118
113 81
113 111
113 117
114 140
114 235
115 165
115 255
115 265
117 262
118 141
119 23
119 56
119 98
120 126
121 104
123 48
123 132
123 185
125 208
128 156
129 72
129 228
129 273
129 285
131 87
131 145
131 191
132 63
132 247
134 173
134 259
135 51
135 298
136 179
136 185
136 213
136 216
137 205
138 60
139 162
140 15
140 265
140 269
141 177
141 278
142 18
142 107
143 255
144 69
144 110
144 122
144 205
144 235
146 152
146 169
147 64
147 172
148 208
150 158
150 249
151 60
151 188
151 203
151 231
152 260
153 143
153 193
155 8
155 21
155 68
155 126
155 221
157 28
160 78
161 188
162 13
162 149
162 187
163 120
164 44
165 45
165 195
166 84
166 199
166 295
167 54
167 69
167 240
168 68
168 84
168 106
168 203
168 273
169 129
169 242
171 200
171 265
172 108
172 174
173 246
173 295
176 93
176 152
176 249
177 128
177 199
177 209
178 144
178 176
179 21
179 165
180 174
180 212
181 269
181 280
182 3
182 60
182 133
182 254
183 4
185 253
186 48
187 49
187 108
187 143
188 96
188 126
188 264
189 20
189 155
189 275
190 135
192 164
193 90
194 203
195 63
195 84
195 93
195 166
196 50
197 90
198 94
198 135
198 229
198 287
199 169
199 205
199 206
199 256
200 88
201 164
202 122
202 149
203 138
204 54
204 297
205 157
205 259
206 79
206 220
206 290
207 79
208 20
208 112
209 47
209 57
209 75
209 104
209 164
209 183
209 271
210 45
210 57
210 71
210 158
210 300
211 34
211 52
211 247
212 138
213 48
214 20
214 140
215 1
215 278
217 10
217 185
218 179
219 214
219 252
220 56
220 250
222 145
223 5
223 166
223 170
224 22
225 32
225 177
225 294
226 44
226 164
228 253
229 169
229 252
230 97
230 157
230 298
232 159
233 272
234 31
234 35
236 266
237 38
238 25
240 9
240 74
240 106
240 186
241 31
241 215
241 235
242 108
242 144
242 194
242 201
243 104
243 115
245 64
246 109
247 199
247 239
248 91
248 110
249 206
250 58
251 122
253 62
253 198
254 11
254 299
255 54
255 187
256 86
257 86
257 148
258 279
260 124
260 198
261 108
261 139
262 268
263 198
264 67
265 21
265 62
265 281
267 15
267 228
268 101
268 166
268 213
269 82
269 178
269 198
270 260
271 9
271 221
271 284
272 242
273 268
274 176
275 158
275 217
276 81
276 228
277 64
277 164
277 204
278 269
280 203
281 47
282 65
282 209
282 276
285 27
286 237
287 100
287 228
287 244
288 143
288 184
288 203
290 63
290 103
290 106
291 82
291 273
292 110
292 247
292 290
293 81
293 261
294 69
295 254
296 126
297 32
298 10
298 121
299 146
300 256

