150 150
35 64 88 88 28 82 71 104 65 29 112 115 39 83 94 20 109 110 25 54 103 60 53 49 30 110 70 95 47 68 32 36 71 44 30 71 38 88 106 31 37 83 108 105 110 29 83 59 86 95 69 52 36 35 23 98 91 44 88 57 23 61 117 70 51 76 21 69 118 57 38 120 108 39 102 38 105 54 106 27 80 86 57 109 77 27 42 91 29 27 107 96 80 113 73 115 120 45 102 114 116 108 30 55 111 92 110 100 47 34 117 23 63 87 83 84 77 112 72 42 26 91 113 74 42 24 35 73 45 74 39 113 38 75 60 120 91 111 82 28 118 23 110 95 33 50 35 107 42 40 
1 95
2 42
2 80
4 117
6 86
6 140
7 138
8 3
10 2
10 50
11 93
12 119
13 75
13 140
13 147
15 2
15 24
15 95
16 131
16 138
20 8
20 104
21 23
21 101
21 139
23 89
26 134
28 139
29 7
29 149
32 29
33 38
35 40
35 68
36 20
36 59
38 35
38 49
38 58
39 105
40 103
41 82
42 7
44 118
45 15
47 110
48 64
49 42
50 118
51 86
52 127
53 10
55 11
55 40
57 21
58 113
59 66
60 64
60 80
63 103
64 83
64 105
64 113
64 122
65 88
65 94
66 88
67 137
68 28
68 149
70 28
70 123
71 143
72 130
73 117
75 68
75 113
75 133
78 146
81 73
81 111
84 21
84 23
84 24
84 31
84 36
85 65
85 119
86 29
87 132
89 83
91 6
91 89
92 33
93 108
93 150
94 66
95 52
95 94
95 98
95 104
97 24
97 71
97 81
98 70
100 90
101 24
101 44
102 47
102 50
103 121
104 75
104 118
104 133
106 129
107 92
108 90
109 93
112 92
114 78
114 89
114 113
115 32
115 126
117 36
119 123
120 12
122 39
122 123
123 41
123 59
123 71
124 2
124 130
125 58
126 88
127 101
129 61
131 93
133 62
136 52
136 120
137 53
138 41
139 69
140 35
143 14
144 33
148 27
149 111

