200 3000
72 99 60 102 49 83 30 43 86 33 31 75 93 33 64 98 77 45 118 103 119 22 24 84 27 95 23 26 53 24 67 104 85 107 63 113 23 85 44 112 95 87 112 83 28 60 93 70 60 60 32 96 99 109 117 51 66 109 96 56 66 116 33 95 23 91 48 69 84 28 88 86 118 109 66 28 96 29 33 30 94 88 43 78 49 36 84 77 76 108 117 117 93 52 105 85 107 26 27 109 118 117 74 104 26 89 50 92 79 109 50 46 46 26 30 103 28 69 116 69 101 29 103 91 60 62 117 43 21 64 86 72 57 44 47 109 116 57 94 82 71 26 78 93 49 27 89 119 33 75 85 58 28 77 96 56 73 20 79 91 105 70 76 103 95 102 118 41 35 48 67 113 29 68 94 80 70 22 110 44 116 102 45 78 70 48 37 99 81 94 31 47 80 35 86 88 64 98 44 72 
1 18
1 23
1 31
1 56
1 62
1 69
1 72
1 74
1 76
1 97
1 121
1 147
1 150
1 153
1 160
1 163
1 164
1 196
2 17
2 24
2 30
2 37
2 47
2 57
2 68
2 77
2 83
2 87
2 91
2 94
2 112
2 113
2 126
2 127
2 142
2 151
2 182
2 197
2 198
2 199
3 9
3 42
3 59
3 79
3 108
3 127
3 133
3 136
3 174
3 175
3 191
3 197
4 6
4 9
4 16
4 20
4 26
4 33
4 76
4 93
4 101
4 118
4 152
4 156
4 158
4 163
4 175
4 179
4 182
4 193
5 21
5 50
5 91
5 96
5 111
5 113
5 125
5 126
5 140
5 147
5 152
5 154
5 181
5 200
6 7
6 14
6 20
6 61
6 62
6 66
6 67
6 80
6 98
6 105
6 106
6 111
6 125
6 147
6 160
6 163
6 180
6 181
7 19
7 27
7 35
7 72
7 83
7 96
7 98
7 117
7 123
7 135
7 137
7 152
7 194
7 198
8 9
8 11
8 52
8 55
8 63
8 71
8 85
8 106
8 114
8 115
8 122
8 127
8 129
8 130
8 135
8 144
8 149
8 172
8 186
8 188
8 200
9 1
9 2
9 40
9 63
9 71
9 115
9 124
9 139
9 164
9 167
9 179
9 189
9 196
10 5
10 16
10 33
10 81
10 104
10 122
10 151
10 156
10 162
10 179
10 190
11 31
11 37
11 41
11 60
11 96
11 109
11 141
11 144
11 155
11 157
11 170
11 176
11 183
12 3
12 28
12 37
12 50
12 62
12 101
12 119
12 133
12 147
12 155
12 190
13 53
13 72
13 86
13 87
13 100
13 147
13 153
13 158
13 160
13 196
14 2
14 5
14 57
14 63
14 83
14 86
14 88
14 90
14 137
14 147
14 152
14 163
14 190
15 20
15 50
15 66
15 79
15 81
15 99
15 108
15 114
15 123
15 137
15 151
15 152
15 182
16 84
16 107
16 109
16 144
16 151
16 155
16 178
16 191
16 192
17 3
17 6
17 25
17 27
17 28
17 37
17 45
17 47
17 51
17 81
17 109
17 121
17 132
17 143
17 153
17 177
18 10
18 28
18 46
18 52
18 65
18 69
18 106
18 111
18 114
18 126
18 139
18 142
18 169
18 172
18 196
19 2
19 11
19 29
19 72
19 92
19 100
19 101
19 111
19 116
19 118
19 139
19 161
19 163
19 175
19 197
20 2
20 5
20 9
20 10
20 16
20 22
20 37
20 61
20 74
20 90
20 132
20 135
20 155
20 157
20 170
20 195
21 17
21 43
21 44
21 56
21 58
21 64
21 71
21 72
21 80
21 99
21 106
21 116
21 119
21 123
21 149
21 160
21 187
21 190
22 11
22 26
22 33
22 79
22 97
22 110
22 124
22 126
22 141
22 150
22 174
23 17
23 27
23 42
23 44
23 52
23 66
23 71
23 75
23 91
23 94
23 105
23 145
23 153
23 161
23 184
23 185
24 9
24 28
24 74
24 108
24 139
24 150
24 154
24 158
24 177
24 187
24 188
24 200
25 6
25 31
25 61
25 117
25 142
25 155
25 159
25 169
25 175
26 17
26 41
26 42
26 63
26 65
26 78
26 98
26 102
26 103
26 118
26 127
26 129
26 146
26 154
26 187
27 1
27 14
27 31
27 34
27 41
27 55
27 56
27 69
27 83
27 92
27 129
27 133
27 142
27 150
27 180
28 62
28 79
28 130
28 133
28 135
28 160
29 7
29 33
29 41
29 44
29 96
29 110
29 111
29 129
29 146
29 158
29 172
29 176
29 185
29 195
29 196
30 11
30 12
30 22
30 27
30 35
30 38
30 91
30 95
30 101
30 105
30 108
30 123
30 127
30 130
30 132
30 142
30 154
30 172
30 185
30 192
31 47
31 75
31 93
31 97
31 108
31 109
31 129
31 146
31 188
31 196
32 1
32 8
32 40
32 44
32 47
32 52
32 57
32 74
32 83
32 91
32 96
32 100
32 110
32 116
32 138
32 144
32 145
32 146
32 176
32 180
32 183
32 187
32 200
33 12
33 23
33 24
33 28
33 37
33 47
33 55
33 72
33 85
33 90
33 96
33 100
33 113
33 119
33 123
33 142
33 161
33 179
33 180
33 181
33 192
33 193
33 197
34 9
34 11
34 23
34 33
34 40
34 70
34 75
34 94
34 114
34 129
34 134
34 137
34 144
34 150
34 152
34 182
35 9
35 13
35 25
35 49
35 54
35 74
35 79
35 117
35 156
35 158
35 168
36 6
36 14
36 21
36 46
36 54
36 63
36 89
36 100
36 101
36 111
36 144
36 172
37 8
37 36
37 39
37 56
37 70
37 74
37 93
37 105
37 137
37 158
37 160
37 161
37 170
37 185
37 188
37 199
37 200
38 4
38 13
38 16
38 27
38 31
38 61
38 62
38 63
38 64
38 72
38 76
38 90
38 103
38 121
38 130
38 132
38 167
38 190
39 12
39 17
39 29
39 65
39 77
39 96
39 98
39 115
39 134
39 138
39 140
39 171
39 187
39 188
40 4
40 15
40 26
40 51
40 64
40 67
40 70
40 114
40 118
40 140
40 148
40 153
40 155
40 156
40 187
41 62
41 72
41 87
41 91
41 95
41 110
41 123
41 138
41 147
41 150
41 197
41 199
42 24
42 58
42 85
42 112
42 130
42 138
42 153
42 163
43 3
43 11
43 37
43 44
43 58
43 89
43 104
43 117
43 137
43 141
43 155
43 156
43 172
43 184
43 195
44 5
44 30
44 39
44 50
44 71
44 91
44 103
44 106
44 111
44 131
44 141
44 163
44 187
45 1
45 24
45 50
45 61
45 79
45 111
45 130
45 144
45 158
45 165
45 192
45 199
46 3
46 20
46 23
46 25
46 30
46 37
46 82
46 149
46 171
46 173
46 183
47 3
47 45
47 80
47 165
47 178
47 185
47 188
47 195
48 7
48 23
48 37
48 44
48 53
48 60
48 90
48 91
48 94
48 106
48 109
48 114
48 117
48 125
48 133
48 163
48 165
48 197
48 199
49 4
49 40
49 51
49 64
49 74
49 80
49 98
49 106
49 107
49 109
49 135
49 159
49 188
49 192
49 197
50 4
50 27
50 43
50 75
50 91
50 93
50 102
50 106
50 145
50 147
50 148
50 182
51 28
51 41
51 57
51 60
51 85
51 89
51 113
51 131
51 136
51 138
51 147
51 155
51 158
51 169
52 7
52 9
52 19
52 61
52 84
52 116
52 123
52 128
52 129
52 135
52 168
52 174
52 176
52 184
53 6
53 20
53 68
53 83
53 86
53 96
53 104
53 115
53 136
53 144
53 146
53 151
53 158
53 174
54 4
54 21
54 29
54 32
54 52
54 78
54 94
54 95
54 107
54 109
54 116
54 154
54 178
55 1
55 2
55 10
55 16
55 40
55 53
55 70
55 108
55 114
55 147
55 156
55 165
55 188
55 198
56 22
56 24
56 30
56 34
56 58
56 60
56 70
56 71
56 91
56 97
56 117
56 119
56 143
56 151
56 152
56 161
56 165
56 171
56 186
56 189
56 199
57 11
57 17
57 28
57 30
57 43
57 44
57 111
57 115
57 126
57 142
57 161
57 162
57 174
57 180
57 184
57 194
58 6
58 10
58 14
58 19
58 38
58 52
58 64
58 101
58 106
58 116
58 121
58 175
58 187
58 190
59 4
59 13
59 14
59 95
59 96
59 97
59 121
59 125
59 135
59 137
59 139
59 154
59 169
59 178
59 185
60 6
60 14
60 27
60 41
60 59
60 87
60 91
60 118
60 126
60 153
60 159
60 162
60 163
60 180
60 190
61 5
61 13
61 28
61 30
61 32
61 41
61 76
61 111
61 116
61 125
61 127
61 129
61 136
61 157
61 174
61 180
61 181
61 184
61 186
61 191
62 26
62 53
62 90
62 94
62 96
62 98
62 102
62 107
62 147
62 148
62 160
62 162
63 10
63 15
63 17
63 18
63 29
63 35
63 37
63 45
63 58
63 91
63 95
63 103
63 109
63 126
63 137
63 145
63 148
63 149
63 155
63 169
63 200
64 7
64 31
64 47
64 56
64 62
64 80
64 93
64 113
64 122
64 130
64 135
64 148
64 150
64 151
64 161
64 173
65 14
65 21
65 69
65 76
65 79
65 104
65 109
65 112
65 156
65 159
65 162
65 172
65 185
65 190
65 193
66 18
66 33
66 34
66 39
66 51
66 53
66 73
66 91
66 118
66 129
66 130
66 134
66 139
66 148
66 162
66 163
66 165
66 172
66 183
66 186
66 190
67 28
67 32
67 57
67 76
67 92
67 96
67 110
67 111
67 117
67 124
67 135
67 164
67 173
67 183
67 192
68 11
68 14
68 35
68 49
68 56
68 88
68 110
68 126
68 143
68 161
68 162
68 164
68 168
68 177
69 3
69 5
69 15
69 16
69 22
69 25
69 41
69 55
69 56
69 72
69 82
69 92
69 95
69 102
69 103
69 118
69 119
69 132
69 139
69 197
70 3
70 12
70 13
70 15
70 80
70 85
70 123
70 124
70 139
70 144
70 152
70 154
70 166
70 174
70 179
71 26
71 33
71 52
71 67
71 75
71 81
71 84
71 96
71 98
71 105
71 108
71 121
71 122
71 155
71 162
71 164
71 191
71 194
71 199
72 6
72 8
72 34
72 36
72 80
72 88
72 97
72 109
72 138
72 144
72 161
72 163
72 172
72 190
72 191
72 192
73 21
73 23
73 24
73 41
73 44
73 49
73 56
73 70
73 71
73 83
73 93
73 113
73 141
73 149
73 162
73 168
73 200
74 8
74 17
74 66
74 68
74 73
74 77
74 81
74 118
74 125
74 126
74 129
74 140
74 158
74 164
74 182
74 191
74 199
75 45
75 58
75 99
75 113
75 140
75 141
75 145
75 151
75 164
75 165
75 166
75 179
75 192
76 7
76 26
76 40
76 69
76 72
76 75
76 98
76 109
76 167
76 173
77 6
77 9
77 12
77 27
77 32
77 61
77 62
77 68
77 82
77 88
77 99
77 126
77 128
77 132
77 150
77 189
77 197
78 12
78 22
78 29
78 30
78 47
78 66
78 77
78 94
78 100
78 105
78 120
78 122
78 124
78 139
78 145
78 196
78 199
79 2
79 11
79 12
79 19
79 40
79 48
79 81
79 91
79 133
79 149
79 169
79 183
79 190
79 197
80 9
80 37
80 67
80 79
80 99
80 101
80 106
80 108
80 132
80 134
80 162
80 188
80 199
81 13
81 28
81 66
81 78
81 93
81 110
81 139
81 161
81 200
82 11
82 32
82 42
82 55
82 62
82 65
82 87
82 95
82 109
82 111
82 120
82 126
82 128
82 131
82 169
82 174
82 181
82 198
83 15
83 17
83 20
83 93
83 99
83 121
83 129
83 131
83 135
83 151
83 163
83 196
84 17
84 47
84 50
84 53
84 58
84 61
84 93
84 95
84 126
84 130
84 145
84 147
84 171
84 189
84 192
85 7
85 10
85 14
85 36
85 38
85 57
85 80
85 82
85 83
85 86
85 88
85 92
85 101
85 117
85 143
85 145
85 148
85 161
85 164
85 166
85 189
85 192
86 6
86 19
86 20
86 23
86 57
86 60
86 64
86 73
86 75
86 95
86 98
86 110
86 111
86 112
86 113
86 118
86 119
86 127
86 129
86 160
86 165
87 48
87 49
87 53
87 69
87 84
87 106
87 108
87 128
87 146
87 170
87 176
88 8
88 18
88 55
88 79
88 82
88 104
88 113
88 116
88 122
88 136
88 162
88 168
88 196
89 17
89 26
89 27
89 45
89 49
89 65
89 74
89 86
89 127
89 139
89 143
89 155
89 173
89 194
89 200
90 32
90 34
90 61
90 76
90 115
90 124
90 166
91 8
91 16
91 17
91 25
91 26
91 69
91 72
91 73
91 90
91 107
91 112
91 116
91 126
91 128
91 130
91 132
91 155
91 161
91 178
92 30
92 63
92 71
92 83
92 84
92 86
92 93
92 107
92 109
92 115
92 134
92 143
92 154
92 178
92 179
92 188
92 200
93 1
93 9
93 10
93 11
93 22
93 30
93 34
93 40
93 95
93 101
93 111
93 114
93 117
93 119
93 125
93 127
93 128
93 143
93 164
93 172
93 175
93 194
94 8
94 13
94 29
94 45
94 53
94 71
94 76
94 81
94 91
94 126
94 150
94 174
94 176
94 197
95 3
95 21
95 35
95 42
95 44
95 53
95 58
95 71
95 75
95 78
95 81
95 106
95 132
95 133
95 159
95 163
95 164
95 172
95 191
95 195
96 15
96 17
96 22
96 35
96 74
96 79
96 94
96 95
96 99
96 111
96 114
96 118
96 125
96 134
96 145
96 155
96 169
96 173
96 191
97 11
97 20
97 21
97 38
97 50
97 53
97 60
97 61
97 84
97 87
97 94
97 117
97 120
97 121
97 167
97 171
97 175
97 178
97 180
98 44
98 63
98 66
98 70
98 95
98 119
98 143
98 145
98 158
98 173
98 174
98 176
99 28
99 40
99 42
99 48
99 59
99 60
99 72
99 74
99 86
99 93
99 101
99 103
99 114
99 126
99 134
99 140
99 143
99 160
99 176
99 198
100 4
100 9
100 30
100 44
100 54
100 58
100 59
100 68
100 71
100 77
100 89
100 111
100 115
100 126
100 186
100 196
101 21
101 28
101 31
101 38
101 41
101 52
101 59
101 71
101 113
101 114
101 118
101 135
101 142
101 145
101 146
101 161
101 162
101 166
101 167
101 182
101 192
101 194
102 10
102 16
102 29
102 47
102 61
102 73
102 74
102 85
102 96
102 98
102 100
102 113
102 138
102 140
102 141
102 151
102 157
102 161
102 192
103 18
103 50
103 53
103 91
103 107
103 140
103 155
103 168
103 178
103 180
103 182
103 197
104 14
104 56
104 68
104 71
104 82
104 87
104 114
104 123
104 125
104 153
104 169
105 32
105 35
105 47
105 51
105 63
105 80
105 118
105 129
105 152
105 165
105 177
105 181
105 190
105 192
105 193
106 12
106 22
106 30
106 36
106 62
106 74
106 78
106 82
106 89
106 144
106 165
106 178
106 184
107 3
107 43
107 68
107 74
107 129
107 144
107 145
107 149
107 179
107 184
107 194
108 5
108 35
108 37
108 43
108 54
108 73
108 113
108 115
108 156
108 171
108 178
108 179
109 10
109 27
109 44
109 71
109 93
109 110
109 121
109 170
109 185
109 188
110 4
110 5
110 18
110 46
110 76
110 88
110 129
110 130
110 135
110 143
110 149
110 156
110 171
110 176
110 186
111 23
111 28
111 46
111 50
111 66
111 68
111 72
111 90
111 98
111 99
111 109
111 133
111 141
111 143
111 150
111 178
111 198
112 40
112 50
112 128
112 129
112 163
112 195
113 1
113 14
113 37
113 48
113 50
113 60
113 81
113 89
113 119
113 120
113 124
113 131
113 134
113 137
113 145
113 146
113 149
113 157
113 158
113 162
113 164
113 178
114 9
114 12
114 22
114 36
114 65
114 71
114 72
114 75
114 80
114 136
114 151
114 166
114 176
114 182
115 12
115 17
115 32
115 34
115 45
115 56
115 66
115 69
115 74
115 85
115 116
115 119
115 122
115 134
115 145
115 154
115 168
115 173
115 182
115 188
115 197
116 9
116 26
116 31
116 60
116 71
116 77
116 113
116 138
116 140
116 160
116 165
116 176
116 179
117 24
117 88
117 116
117 130
117 133
117 155
117 160
117 169
117 174
117 175
117 198
118 50
118 53
118 55
118 57
118 59
118 61
118 76
118 84
118 90
118 98
118 99
118 103
118 106
118 112
118 129
118 145
118 149
118 177
118 189
118 196
119 5
119 26
119 35
119 37
119 41
119 46
119 57
119 70
119 77
119 112
119 127
119 134
119 145
119 177
119 178
119 189
119 196
119 198
120 6
120 18
120 36
120 55
120 70
120 73
120 93
120 94
120 95
120 110
120 121
120 127
120 132
120 151
120 152
120 155
120 172
120 173
120 186
121 7
121 14
121 62
121 93
121 103
121 105
121 111
121 118
121 131
121 152
121 155
121 160
121 162
121 165
121 170
121 177
121 184
121 189
121 199
122 7
122 13
122 15
122 17
122 18
122 29
122 35
122 44
122 56
122 124
122 127
122 131
122 161
122 180
122 189
123 11
123 17
123 22
123 23
123 29
123 50
123 99
123 114
123 115
123 122
123 150
123 175
123 177
123 183
123 186
123 188
124 18
124 32
124 37
124 42
124 59
124 80
124 84
124 99
124 123
124 127
124 141
124 145
124 171
124 174
124 184
124 196
125 26
125 58
125 66
125 76
125 98
125 99
125 105
125 110
125 116
125 121
125 124
125 134
125 149
125 156
125 166
125 190
126 1
126 29
126 34
126 103
126 147
126 167
126 173
126 192
127 11
127 22
127 25
127 48
127 72
127 79
127 92
127 94
127 96
127 107
127 111
127 125
127 131
127 142
128 6
128 11
128 40
128 44
128 45
128 56
128 70
128 73
128 88
128 115
128 130
128 154
128 177
128 185
129 23
129 58
129 65
129 101
129 138
129 147
129 157
129 166
129 168
129 186
129 195
129 200
130 10
130 14
130 46
130 57
130 59
130 79
130 93
130 94
130 96
130 105
130 108
130 118
130 125
130 126
130 144
130 156
130 163
130 173
131 8
131 23
131 30
131 66
131 79
131 97
131 108
131 114
131 115
131 119
131 144
131 146
131 158
131 162
131 183
132 32
132 37
132 50
132 52
132 58
132 63
132 67
132 71
132 76
132 93
132 100
132 119
132 147
132 158
132 160
132 174
133 19
133 32
133 34
133 52
133 53
133 54
133 61
133 63
133 66
133 73
133 122
133 125
133 126
133 141
133 152
133 156
133 167
133 176
133 177
133 183
133 195
134 14
134 19
134 25
134 31
134 41
134 53
134 55
134 63
134 67
134 71
134 75
134 101
134 144
134 199
135 2
135 16
135 41
135 51
135 96
135 139
135 147
135 152
135 187
135 190
136 12
136 19
136 68
136 94
136 118
136 142
136 145
136 154
136 156
136 161
136 171
136 182
136 188
137 5
137 23
137 30
137 41
137 69
137 85
137 87
137 95
137 105
137 129
137 165
137 184
137 192
138 11
138 14
138 18
138 21
138 22
138 36
138 68
138 73
138 83
138 86
138 93
138 96
138 99
138 120
138 151
138 175
138 198
138 200
139 30
139 33
139 49
139 56
139 80
139 83
139 111
139 113
139 119
139 128
139 144
139 146
139 151
139 175
139 177
139 185
139 195
140 6
140 16
140 18
140 48
140 51
140 59
140 60
140 64
140 65
140 67
140 70
140 77
140 86
140 106
140 113
140 133
140 138
140 143
140 164
140 176
140 178
140 189
140 193
141 2
141 27
141 30
141 39
141 65
141 74
141 84
141 123
141 131
141 156
141 157
141 173
141 174
141 175
141 177
142 28
142 39
142 46
142 65
142 75
142 135
142 168
142 171
142 177
142 185
143 1
143 11
143 38
143 49
143 52
143 72
143 87
143 114
143 123
143 125
143 136
143 137
143 139
143 175
143 184
144 40
144 49
144 61
144 65
144 97
144 112
144 119
144 165
144 171
144 182
144 189
145 12
145 14
145 15
145 16
145 55
145 64
145 65
145 66
145 74
145 93
145 94
145 97
145 120
145 151
145 155
145 178
145 192
146 19
146 20
146 23
146 30
146 44
146 47
146 57
146 72
146 96
146 114
146 127
146 152
146 157
146 160
146 165
146 167
146 171
146 194
146 195
146 200
147 36
147 66
147 79
147 91
147 99
147 134
147 138
147 163
147 166
147 184
147 198
148 16
148 18
148 20
148 21
148 30
148 43
148 59
148 74
148 77
148 88
148 124
148 125
148 129
148 131
148 132
148 144
148 162
148 174
149 3
149 10
149 11
149 23
149 49
149 62
149 89
149 105
149 112
149 122
149 135
149 139
149 145
149 154
150 15
150 42
150 63
150 85
150 98
150 105
150 136
150 139
150 171
150 183
150 184
150 186
150 188
151 11
151 26
151 67
151 79
151 80
151 108
151 122
151 127
151 133
151 137
151 163
151 167
151 183
152 9
152 25
152 39
152 40
152 53
152 60
152 65
152 67
152 74
152 80
152 96
152 101
152 110
152 144
152 151
152 191
152 198
153 32
153 37
153 43
153 45
153 61
153 63
153 81
153 100
153 165
153 172
153 187
154 7
154 12
154 25
154 29
154 32
154 34
154 35
154 36
154 76
154 79
154 81
154 97
154 98
154 105
154 110
154 112
154 123
154 126
154 127
154 138
154 143
154 159
154 165
154 178
154 179
154 180
154 184
154 194
155 2
155 41
155 47
155 54
155 76
155 93
155 97
155 100
155 101
155 111
155 113
155 131
155 148
155 153
155 177
155 181
155 188
155 189
156 24
156 42
156 44
156 79
156 94
156 101
156 113
156 176
156 178
157 53
157 59
157 91
157 92
157 100
157 114
157 154
157 168
157 184
157 190
158 8
158 20
158 22
158 23
158 26
158 46
158 58
158 64
158 66
158 69
158 75
158 78
158 80
158 82
158 89
158 96
158 108
158 109
158 110
158 120
158 128
158 141
158 147
158 176
158 178
158 179
158 199
159 1
159 33
159 47
159 48
159 71
159 74
159 83
159 86
159 87
159 90
159 98
159 99
159 112
159 120
159 123
159 138
159 144
159 155
159 173
159 181
159 182
160 4
160 44
160 55
160 74
160 89
160 93
160 106
160 107
160 133
160 159
160 172
160 187
160 188
160 190
161 48
161 58
161 83
161 113
161 115
161 139
161 160
161 167
162 7
162 8
162 19
162 25
162 43
162 49
162 50
162 82
162 90
162 107
162 159
162 161
162 168
162 181
162 186
162 190
163 10
163 15
163 35
163 37
163 41
163 59
163 63
163 65
163 75
163 85
163 94
163 105
163 116
163 118
163 173
163 181
163 188
164 2
164 4
164 32
164 51
164 57
164 59
164 70
164 90
164 117
164 119
164 152
164 156
164 176
164 182
165 17
165 42
165 44
165 51
165 127
165 135
165 155
165 174
165 185
166 3
166 15
166 43
166 59
166 64
166 65
166 68
166 73
166 80
166 102
166 120
166 127
166 136
166 140
166 149
166 162
166 170
166 175
166 194
167 19
167 23
167 27
167 48
167 58
167 69
167 79
167 84
167 92
167 104
167 125
167 130
167 152
167 173
167 177
168 10
168 17
168 26
168 36
168 65
168 96
168 98
168 101
168 118
168 132
168 146
168 167
168 180
168 193
169 23
169 28
169 34
169 56
169 62
169 64
169 81
169 103
169 124
169 127
169 132
169 142
169 153
169 159
169 178
170 9
170 22
170 29
170 30
170 33
170 43
170 52
170 77
170 82
170 84
170 94
170 98
170 107
170 122
170 157
170 172
171 36
171 40
171 45
171 63
171 82
171 131
171 189
171 199
172 45
172 67
172 70
172 92
172 111
172 115
172 145
172 156
172 178
172 181
172 186
173 6
173 18
173 20
173 37
173 45
173 54
173 75
173 94
173 110
173 139
173 155
173 156
173 164
173 193
174 14
174 16
174 43
174 45
174 64
174 96
174 106
174 113
174 119
174 121
174 125
174 134
174 163
174 179
174 187
175 16
175 22
175 37
175 45
175 46
175 114
175 150
175 193
176 3
176 15
176 19
176 24
176 40
176 49
176 62
176 88
176 96
176 182
176 183
176 198
177 19
177 40
177 52
177 96
177 107
177 109
177 130
177 143
177 152
177 161
177 162
177 168
177 178
177 180
178 24
178 53
178 64
178 90
178 99
178 102
178 117
178 122
178 131
178 183
178 185
179 18
179 19
179 35
179 46
179 52
179 76
179 94
179 117
179 147
179 167
179 187
179 190
179 197
179 198
180 3
180 5
180 15
180 16
180 31
180 37
180 59
180 78
180 121
180 123
180 144
180 155
180 165
180 179
181 16
181 35
181 63
181 64
181 74
181 84
181 106
181 120
181 158
181 166
181 171
181 180
182 6
182 51
182 77
182 89
182 98
182 99
182 120
182 122
182 133
182 135
182 138
182 141
182 151
182 155
182 193
182 198
183 15
183 59
183 69
183 72
183 74
183 102
183 106
183 121
183 130
183 134
183 154
183 156
183 167
183 168
183 174
183 192
184 10
184 13
184 20
184 31
184 58
184 70
184 145
184 162
184 165
184 173
184 187
184 190
185 42
185 51
185 76
185 87
185 92
185 110
185 159
185 161
185 179
186 3
186 20
186 25
186 29
186 33
186 44
186 72
186 87
186 88
186 89
186 98
186 102
186 108
186 109
186 131
186 136
186 145
186 174
187 10
187 16
187 38
187 46
187 65
187 91
187 97
187 129
187 133
187 151
187 152
187 154
187 156
187 164
188 4
188 18
188 38
188 40
188 45
188 63
188 77
188 82
188 87
188 93
188 104
188 108
188 120
188 126
188 132
188 144
188 148
188 152
188 184
188 194
189 16
189 24
189 25
189 49
189 50
189 57
189 62
189 107
189 129
189 151
189 161
189 187
189 199
190 17
190 56
190 69
190 75
190 82
190 83
190 92
190 101
190 103
190 104
190 107
190 122
190 131
190 138
190 158
190 168
190 178
190 198
191 7
191 29
191 34
191 35
191 36
191 39
191 43
191 57
191 91
191 102
191 109
191 151
191 166
191 174
191 176
191 182
191 184
191 190
192 2
192 26
192 27
192 68
192 70
192 78
192 100
192 109
192 127
192 134
192 150
192 153
192 163
192 168
192 171
193 8
193 18
193 23
193 49
193 54
193 56
193 59
193 61
193 80
193 83
193 91
193 93
193 124
193 126
193 137
193 152
193 160
193 177
193 196
193 197
194 2
194 23
194 27
194 32
194 52
194 54
194 61
194 64
194 67
194 120
194 139
194 142
194 156
194 195
195 8
195 34
195 57
195 62
195 81
195 92
195 93
195 100
195 107
195 155
195 157
195 164
195 180
195 181
195 188
196 17
196 24
196 35
196 46
196 65
196 74
196 81
196 121
196 123
196 159
196 160
196 165
197 1
197 4
197 6
197 12
197 24
197 25
197 26
197 54
197 67
197 74
197 83
197 89
197 99
197 105
197 108
197 113
197 119
197 137
197 155
197 188
198 5
198 6
198 33
198 44
198 45
198 54
198 70
198 85
198 96
198 132
198 134
198 143
198 155
198 156
198 191
198 192
198 199
199 11
199 31
199 44
199 67
199 122
199 129
199 147
199 173
199 188
200 18
200 27
200 31
200 54
200 59
200 60
200 76
200 80
200 88
200 108
200 114
200 128
200 133
200 140
200 145
200 152
200 167
200 183
200 189
200 190
200 191

