250 1000
103 39 75 70 40 79 64 29 98 25 56 99 111 87 43 112 59 29 44 60 69 72 35 43 23 77 111 28 48 58 107 68 103 22 95 96 99 30 35 82 35 84 29 96 32 63 25 73 52 81 67 103 75 69 109 44 81 63 119 20 56 102 88 63 96 53 88 97 105 112 35 115 48 42 36 51 105 108 108 29 47 94 84 93 115 33 21 24 89 109 67 69 73 86 65 28 28 55 23 119 120 117 100 83 90 87 120 27 82 63 39 58 48 113 107 64 27 63 42 46 55 53 75 90 100 94 117 109 99 96 32 59 42 120 73 36 59 100 50 83 112 38 27 36 72 108 51 100 33 94 21 78 59 39 119 78 21 84 108 92 49 67 90 118 31 107 85 72 100 69 88 117 35 30 48 20 20 74 120 100 89 82 101 85 80 110 32 30 48 110 70 64 47 113 85 54 70 86 83 74 119 51 82 104 95 31 120 99 85 55 93 74 76 45 69 89 49 111 57 79 101 90 85 93 55 35 110 116 87 94 114 53 105 45 73 118 86 70 92 65 56 82 27 105 22 35 56 93 91 82 
1 11
1 68
1 242
2 56
2 98
2 175
3 17
3 21
3 45
3 47
3 63
3 229
3 230
4 8
4 10
4 47
4 51
4 112
4 249
5 14
5 62
5 177
6 58
6 122
6 204
7 4
7 38
7 43
7 71
7 99
8 42
8 69
8 232
9 22
9 79
9 153
9 185
10 58
10 78
10 144
10 179
10 195
10 245
11 58
11 220
12 84
12 91
12 122
12 149
12 212
12 227
12 232
13 33
13 67
14 18
14 26
14 121
14 129
14 134
15 9
15 41
15 63
15 64
16 226
17 1
17 122
18 26
18 134
19 4
19 25
19 103
19 152
19 171
19 235
20 6
20 42
20 55
20 97
20 117
20 123
20 170
21 72
21 89
21 122
21 155
22 103
22 124
22 204
23 29
23 82
23 118
24 26
24 116
24 170
24 209
24 229
25 32
25 43
25 199
25 241
25 245
26 120
26 133
26 195
27 104
27 108
27 137
27 198
27 236
27 250
28 42
28 61
28 129
28 207
29 146
30 22
30 50
30 59
30 97
30 191
30 230
31 178
32 89
32 90
32 117
32 144
32 167
32 212
33 147
33 188
33 204
34 115
34 168
34 175
35 38
35 115
35 137
35 179
35 203
35 229
35 234
36 50
36 55
36 64
36 161
36 172
36 184
37 1
37 130
37 139
37 148
37 200
38 42
38 81
38 83
38 101
38 138
38 156
39 1
39 83
39 105
41 137
41 157
41 218
41 240
42 41
42 68
42 87
42 94
42 223
42 224
43 33
43 42
43 75
43 147
45 40
45 218
45 220
46 187
46 249
47 24
47 133
47 139
47 164
47 189
47 237
47 245
48 27
48 40
48 193
48 197
48 214
48 237
49 3
49 84
49 99
49 102
49 193
50 3
50 62
50 116
50 155
51 197
51 244
51 245
52 11
52 104
52 181
52 203
52 205
52 207
53 82
53 104
53 198
53 214
54 81
54 92
54 140
54 156
54 217
55 158
55 235
56 87
56 120
56 169
57 5
57 163
57 204
58 60
59 120
59 137
59 181
59 230
60 75
60 102
60 107
60 215
61 110
61 202
62 23
62 58
62 101
62 102
62 154
62 178
63 27
64 150
64 197
64 232
64 244
65 46
65 69
65 151
65 231
66 130
66 167
67 42
67 212
68 61
68 80
68 95
68 129
68 138
68 163
68 191
68 198
69 18
69 37
69 104
69 171
69 242
70 37
70 74
70 155
70 162
70 218
70 224
71 23
71 41
71 93
71 108
71 164
71 243
71 247
72 137
72 148
72 178
72 220
73 3
73 77
73 92
73 161
74 21
74 44
74 56
74 102
74 126
74 217
74 248
75 185
75 199
75 246
76 3
76 111
76 139
77 199
77 206
78 241
79 11
79 159
79 187
79 199
80 127
80 187
80 191
81 87
81 130
81 167
81 192
82 68
82 200
83 30
83 144
83 157
83 186
84 41
84 142
84 151
84 178
85 6
86 5
86 11
86 47
86 99
86 112
86 188
87 66
87 179
87 184
87 185
87 193
87 221
88 3
88 15
88 17
88 39
88 249
89 51
89 76
89 110
89 144
89 191
90 46
90 47
90 135
90 168
90 200
90 230
91 80
91 146
92 29
92 158
92 161
92 242
93 54
94 9
94 106
95 42
95 88
95 205
95 242
96 19
96 50
96 64
96 84
96 88
96 151
96 165
96 233
97 8
97 87
98 20
98 33
98 162
99 20
99 134
99 139
99 232
100 24
100 42
100 140
100 205
100 233
101 43
101 47
101 59
102 64
102 101
102 142
102 152
102 244
103 147
103 238
104 67
104 132
104 198
105 3
105 169
105 214
106 26
106 38
106 40
106 125
106 128
106 218
106 234
107 16
107 140
107 176
107 191
107 235
107 240
108 17
108 90
108 205
108 249
109 14
109 68
109 143
109 156
109 161
109 178
110 44
111 16
111 58
111 106
111 197
111 199
111 223
111 241
112 72
112 163
112 189
112 194
113 123
113 250
114 48
114 80
114 96
114 106
114 167
114 193
115 5
115 19
115 62
115 107
115 132
115 148
115 195
116 40
116 77
116 79
116 112
116 135
116 156
116 161
117 5
117 49
117 111
117 115
117 121
117 216
118 28
118 34
118 67
118 132
118 143
118 238
119 36
120 25
120 210
121 148
121 192
121 210
122 4
122 33
122 47
122 171
122 193
122 212
122 226
123 60
123 167
123 209
124 66
124 86
124 130
125 208
125 236
126 56
127 63
127 77
127 99
127 121
127 154
127 190
127 231
128 53
128 60
128 72
128 83
128 149
128 151
128 163
128 169
129 40
129 74
129 136
129 206
129 209
130 25
130 93
130 125
131 35
131 57
131 88
131 89
131 185
131 211
131 224
131 229
132 8
132 22
132 121
132 137
132 149
132 167
132 215
133 43
133 120
134 109
134 112
135 64
135 92
135 160
135 178
135 187
135 250
136 45
136 68
136 181
136 245
137 22
137 45
137 101
137 118
137 144
137 173
138 5
138 32
138 69
139 53
139 97
139 158
139 237
140 27
140 141
141 4
141 7
141 128
141 136
141 156
141 227
142 3
142 22
142 116
142 159
142 171
143 185
143 230
144 104
144 156
144 186
144 242
145 17
145 28
146 50
146 145
146 166
147 7
147 49
147 155
147 224
147 234
147 242
148 23
148 110
148 169
148 217
149 138
149 166
149 193
150 31
150 52
150 81
150 124
150 174
150 217
150 227
153 93
153 105
153 150
153 193
154 161
154 249
155 79
155 152
156 60
156 68
156 153
157 28
157 151
157 176
158 27
158 144
158 196
158 219
158 226
159 183
159 184
160 89
160 105
160 148
161 91
161 114
161 237
162 5
162 73
162 150
163 43
163 46
163 107
164 39
164 60
164 93
164 103
164 106
164 151
165 153
165 188
166 19
166 31
166 34
166 59
166 71
166 175
166 200
166 233
166 244
166 250
167 44
167 103
167 149
169 57
169 119
169 186
169 204
169 223
170 143
170 194
171 49
171 88
171 150
171 156
171 213
172 120
172 132
172 169
172 173
173 48
173 52
173 53
173 91
173 103
173 189
173 197
174 61
174 238
175 40
175 60
175 87
175 109
175 139
175 213
175 222
175 247
176 41
176 55
176 74
176 179
176 192
176 197
176 236
176 249
177 55
177 69
177 102
177 105
177 141
177 162
178 68
178 80
178 101
178 148
178 151
178 155
178 165
179 3
179 88
179 137
180 77
180 190
181 230
182 12
182 32
182 230
183 124
183 125
184 134
185 147
185 167
185 170
185 237
186 80
186 102
186 120
186 128
186 139
186 215
187 30
187 200
188 22
188 69
188 125
189 116
189 161
189 201
189 215
189 241
189 245
190 110
190 147
190 183
190 241
191 55
191 82
191 97
191 127
191 131
191 150
191 175
191 179
191 232
192 90
192 120
192 150
192 233
192 245
193 97
193 112
193 133
193 134
193 198
194 69
194 93
194 139
194 151
195 71
195 143
195 148
196 31
196 42
196 91
196 232
197 73
197 88
198 7
198 74
198 105
198 109
198 134
198 136
198 149
198 158
198 175
199 207
200 62
200 66
200 147
200 210
201 100
201 107
201 148
201 149
201 157
201 187
202 66
202 121
202 173
202 183
203 4
203 58
203 127
203 178
203 227
204 192
205 3
205 9
205 227
206 233
207 16
207 40
207 158
208 11
208 124
208 175
208 194
208 224
208 244
209 1
209 23
209 38
209 49
209 173
209 221
210 44
210 119
210 144
210 174
210 212
211 74
211 108
211 151
211 224
212 85
212 101
212 192
213 37
213 211
213 222
213 226
213 236
213 241
213 250
214 28
214 103
214 128
214 143
214 184
215 93
215 104
215 207
216 8
216 71
216 78
216 153
217 114
217 120
217 224
218 57
218 72
218 248
219 50
219 58
219 73
219 168
219 190
219 214
219 236
220 20
220 198
220 205
221 31
221 142
221 217
221 218
221 223
222 21
222 53
222 61
222 144
222 234
223 1
223 2
223 16
223 18
223 108
223 200
224 159
225 20
225 30
225 76
225 216
226 31
226 73
226 106
227 124
227 158
227 204
227 209
227 223
229 57
229 89
229 212
230 12
230 100
230 155
230 213
230 218
231 52
231 53
231 97
231 105
231 116
231 188
231 221
231 234
232 83
232 91
232 159
233 30
233 126
234 50
234 112
234 137
234 171
234 229
235 1
235 121
236 36
236 246
237 40
237 50
237 87
237 114
237 126
237 170
238 9
239 27
239 48
239 61
239 70
239 101
239 111
239 159
240 99
240 126
240 161
241 125
241 128
242 33
242 64
242 73
242 240
243 136
243 174
243 185
244 36
244 84
244 247
245 22
245 93
245 241
246 53
246 142
246 144
246 191
247 51
247 63
247 72
247 80
247 92
247 120
247 186
247 225
248 58
248 115
248 146
248 151
248 233
249 10
249 54
249 109
250 51
250 108
250 111
250 116
250 176
250 184
250 192

