250 500
67 90 50 77 61 58 70 23 64 38 35 45 26 92 69 36 113 44 75 91 20 69 44 103 112 66 118 94 95 22 36 35 91 41 25 34 82 49 109 25 38 54 120 115 22 56 81 39 43 94 104 100 47 74 40 109 71 30 30 29 116 82 87 29 71 70 46 95 69 96 56 77 55 20 52 32 48 43 78 45 49 101 59 27 81 23 101 120 49 21 82 113 33 73 79 84 53 44 76 32 69 74 97 24 99 92 75 104 101 119 96 114 96 34 78 35 77 52 62 46 114 117 58 103 78 38 75 59 72 72 106 44 28 92 109 70 116 100 94 68 110 58 119 72 120 53 42 35 91 55 42 98 41 31 94 80 50 58 65 99 64 74 73 35 28 27 62 49 117 53 27 93 78 31 51 42 104 24 61 81 91 81 65 81 100 109 29 39 33 79 100 48 46 101 95 119 51 25 32 42 27 49 41 111 67 30 37 111 89 94 74 26 38 116 48 79 58 100 80 20 43 90 113 73 99 39 42 54 104 113 86 110 42 41 76 74 65 64 48 80 50 25 104 80 28 62 78 83 34 100 
1 30
1 73
1 81
1 167
1 178
1 246
2 55
2 157
2 219
2 223
3 81
3 152
3 221
4 233
5 182
5 203
5 250
6 71
7 4
7 182
8 46
8 52
8 104
10 38
10 180
11 215
12 1
13 20
13 52
14 22
14 237
15 63
15 71
16 219
17 34
18 111
19 64
19 121
19 219
21 54
21 124
21 125
21 187
23 75
24 17
24 142
25 85
25 148
26 23
26 52
27 17
28 16
28 238
29 68
29 78
29 118
29 234
30 165
30 248
33 75
33 113
33 138
34 21
34 116
34 235
35 48
35 204
36 128
36 141
37 142
38 127
38 202
39 132
39 172
39 178
39 189
39 199
39 240
40 103
41 87
42 74
42 106
44 161
45 39
45 89
45 245
46 97
48 27
49 97
49 104
49 184
50 87
51 31
51 225
51 243
52 47
52 184
53 184
55 126
55 181
56 128
56 232
57 159
57 231
59 23
59 43
60 241
63 131
63 149
65 3
65 72
65 210
67 24
67 49
68 7
68 21
68 113
69 196
70 40
70 190
70 191
71 138
71 218
73 40
74 168
74 236
76 32
76 111
77 36
77 129
77 182
79 44
79 197
80 3
80 202
81 21
81 78
81 89
82 97
83 17
84 3
84 61
84 130
84 152
85 68
85 76
85 120
85 127
85 180
86 58
86 148
86 200
87 34
87 73
88 13
89 46
89 95
89 105
89 117
89 235
90 76
90 80
90 196
90 216
91 23
91 102
91 145
92 36
92 118
93 83
93 148
93 200
94 185
95 199
95 232
96 15
96 39
96 64
96 130
96 191
96 201
96 228
97 72
97 136
98 49
98 59
99 92
99 112
99 127
99 187
99 190
99 211
100 17
100 26
100 27
101 83
102 58
102 109
102 166
103 31
103 88
106 41
106 165
107 136
107 231
108 7
108 121
109 42
109 248
110 12
110 64
110 101
111 64
111 81
111 117
111 135
112 1
112 148
113 49
113 65
113 112
113 126
113 146
114 118
114 212
114 223
115 188
115 249
116 120
116 219
116 231
117 36
117 40
118 116
118 148
119 78
119 202
120 99
120 179
121 76
121 123
121 245
122 11
122 30
122 221
122 245
123 1
123 58
124 129
125 30
127 185
128 74
128 106
128 115
129 47
129 69
130 36
130 74
130 87
130 99
130 128
131 18
131 20
131 38
131 137
132 13
132 42
132 79
133 22
133 107
133 222
134 43
134 126
134 143
134 161
136 35
136 38
136 82
136 154
136 214
136 247
138 48
139 21
139 205
140 158
142 196
142 217
143 39
143 101
143 188
145 42
147 53
149 3
149 22
151 248
152 19
152 39
152 91
153 20
153 134
154 20
154 29
154 125
155 43
155 196
156 72
156 107
156 152
157 71
158 45
158 148
159 147
159 183
160 56
160 190
161 133
162 89
162 135
162 217
163 8
163 150
163 246
164 25
164 161
164 231
165 61
165 117
166 5
166 47
166 77
168 46
169 160
170 48
170 188
171 22
171 127
171 143
171 173
172 191
173 46
174 10
174 128
175 79
175 172
175 200
176 55
177 98
177 242
178 35
178 53
179 217
180 91
180 94
180 105
181 115
181 145
181 245
182 2
182 157
182 187
183 75
183 147
183 222
184 57
185 65
185 243
186 159
187 63
187 72
187 131
187 224
187 243
188 220
189 17
189 83
189 123
190 33
190 132
190 176
191 64
191 69
191 72
191 147
191 154
192 2
193 155
195 37
196 25
197 57
197 116
198 92
199 42
199 129
200 65
200 143
200 153
200 166
201 186
202 28
202 51
202 98
203 106
203 170
203 210
203 237
204 78
204 183
205 46
205 55
206 114
206 175
207 47
207 193
208 14
208 211
208 244
209 57
210 10
210 176
210 204
210 218
211 44
211 89
213 17
213 38
213 216
214 39
214 42
215 100
215 114
216 7
216 227
216 232
217 73
218 26
218 102
218 122
218 135
219 12
219 44
219 124
219 171
220 37
220 166
221 170
222 9
224 184
225 40
225 131
225 181
227 34
227 92
227 116
227 207
227 210
227 228
228 107
231 95
231 127
231 131
232 147
232 236
232 237
233 15
234 88
234 142
234 162
235 87
235 186
236 110
237 6
237 100
237 113
237 141
237 200
239 52
239 148
241 20
241 55
241 144
242 9
242 67
242 79
242 100
242 122
242 151
242 158
244 64
245 203
246 129
246 152
246 185
246 236
247 78
247 81
247 217
247 240
248 85
248 187
249 152

