100 2000
57 69 55 36 93 50 73 28 82 104 102 72 20 49 118 91 103 93 28 48 77 92 76 59 75 115 80 80 76 31 96 42 59 84 112 41 41 37 27 72 34 116 54 117 77 120 48 44 43 76 24 114 62 96 92 108 49 45 74 98 107 61 33 26 98 118 23 34 46 29 65 68 74 33 24 74 80 29 79 87 67 104 103 76 110 29 50 56 43 78 44 44 36 40 84 57 32 87 32 57 
1 2
1 6
1 16
1 17
1 23
1 24
1 29
1 38
1 40
1 58
1 60
1 65
1 73
1 87
1 95
2 9
2 15
2 21
2 25
2 26
2 30
2 35
2 43
2 57
2 59
2 79
2 81
2 86
2 93
3 1
3 2
3 4
3 5
3 10
3 12
3 15
3 18
3 25
3 28
3 33
3 35
3 37
3 38
3 41
3 44
3 48
3 49
3 50
3 53
3 56
3 76
3 77
3 82
3 83
3 90
3 93
3 94
3 97
4 1
4 7
4 11
4 28
4 36
4 41
4 52
4 62
4 73
4 80
4 85
4 86
4 97
4 98
4 100
5 7
5 14
5 15
5 20
5 23
5 26
5 27
5 31
5 32
5 35
5 38
5 40
5 41
5 47
5 55
5 57
5 60
5 75
5 77
5 80
5 81
5 85
5 88
5 93
5 99
6 9
6 15
6 25
6 29
6 31
6 33
6 34
6 40
6 44
6 50
6 57
6 61
6 65
6 79
6 89
6 90
6 99
7 8
7 10
7 14
7 17
7 21
7 26
7 28
7 30
7 32
7 39
7 42
7 46
7 49
7 55
7 57
7 58
7 68
7 81
7 83
7 85
7 87
7 96
8 3
8 6
8 13
8 14
8 18
8 19
8 22
8 23
8 28
8 36
8 38
8 42
8 51
8 57
8 61
8 64
8 66
8 85
8 95
8 98
9 1
9 3
9 13
9 14
9 33
9 36
9 44
9 52
9 62
9 68
9 70
9 90
9 91
9 95
9 97
10 1
10 2
10 6
10 9
10 11
10 17
10 26
10 29
10 34
10 35
10 52
10 56
10 58
10 67
10 72
10 79
10 82
10 85
10 89
10 91
10 93
11 2
11 7
11 8
11 12
11 16
11 28
11 50
11 55
11 59
11 61
11 65
11 76
11 81
12 1
12 4
12 9
12 14
12 24
12 34
12 39
12 45
12 46
12 58
12 61
12 63
12 74
12 75
12 78
12 81
12 88
12 92
12 96
13 4
13 7
13 14
13 17
13 24
13 26
13 41
13 49
13 53
13 58
13 64
13 70
13 71
13 72
13 75
13 88
13 97
14 2
14 10
14 11
14 16
14 17
14 21
14 24
14 25
14 29
14 34
14 36
14 38
14 39
14 45
14 48
14 49
14 62
14 63
14 77
14 80
14 84
14 90
14 91
14 92
14 93
14 94
14 97
15 1
15 4
15 7
15 10
15 17
15 21
15 27
15 33
15 37
15 50
15 51
15 54
15 59
15 65
15 67
15 71
15 79
15 83
15 84
15 90
15 96
15 100
16 2
16 4
16 5
16 8
16 19
16 21
16 29
16 36
16 40
16 49
16 51
16 60
16 65
16 75
16 81
16 85
16 87
16 88
16 94
16 97
16 98
17 22
17 44
17 55
17 62
17 64
17 74
17 76
17 79
17 86
18 2
18 6
18 12
18 14
18 16
18 17
18 22
18 46
18 49
18 51
18 52
18 59
18 61
18 65
18 68
18 75
18 79
18 85
18 88
19 11
19 17
19 23
19 24
19 39
19 42
19 49
19 57
19 59
19 65
19 69
19 72
19 83
19 100
20 4
20 9
20 11
20 25
20 26
20 35
20 38
20 51
20 53
20 58
20 64
20 67
20 79
21 3
21 13
21 20
21 27
21 39
21 47
21 49
21 51
21 57
21 60
21 67
21 68
21 70
21 71
21 76
21 78
21 82
21 85
21 94
22 4
22 6
22 11
22 12
22 16
22 23
22 29
22 32
22 33
22 35
22 36
22 41
22 44
22 46
22 52
22 53
22 60
22 69
22 75
22 78
22 81
22 85
22 88
22 94
22 96
22 100
23 6
23 7
23 10
23 13
23 14
23 16
23 21
23 26
23 30
23 51
23 59
23 63
23 67
23 72
23 73
23 89
23 90
23 91
23 99
23 100
24 7
24 15
24 20
24 38
24 39
24 40
24 49
24 57
24 70
24 74
24 75
24 83
24 98
24 100
25 7
25 10
25 12
25 13
25 16
25 24
25 27
25 28
25 29
25 33
25 35
25 40
25 49
25 50
25 59
25 61
25 66
25 71
25 77
25 78
25 80
25 94
26 3
26 9
26 15
26 25
26 27
26 33
26 47
26 49
26 53
26 65
26 70
26 71
26 72
26 79
26 94
26 95
27 3
27 13
27 18
27 20
27 23
27 29
27 31
27 37
27 41
27 50
27 51
27 54
27 55
27 57
27 59
27 60
27 61
27 68
27 70
27 77
27 81
27 85
27 94
28 9
28 14
28 18
28 19
28 32
28 46
28 53
28 54
28 57
28 60
28 63
28 71
28 77
28 86
28 89
28 90
28 93
29 8
29 20
29 21
29 30
29 48
29 50
29 53
29 62
29 74
29 77
29 82
29 83
29 94
29 96
30 4
30 6
30 12
30 13
30 14
30 17
30 18
30 19
30 33
30 37
30 40
30 41
30 51
30 57
30 59
30 65
30 70
30 78
30 81
30 83
31 1
31 7
31 10
31 17
31 19
31 20
31 23
31 30
31 34
31 35
31 47
31 56
31 65
31 67
31 84
31 87
31 90
31 91
31 95
31 96
31 98
31 100
32 4
32 16
32 17
32 18
32 23
32 25
32 26
32 30
32 34
32 41
32 45
32 46
32 53
32 56
32 60
32 66
32 68
32 69
32 71
32 76
32 79
32 82
32 84
32 85
32 86
32 92
32 95
32 98
32 99
32 100
33 8
33 10
33 13
33 18
33 24
33 32
33 34
33 43
33 49
33 53
33 56
33 57
33 77
33 83
33 84
33 87
33 92
33 96
33 97
34 1
34 2
34 4
34 9
34 24
34 29
34 39
34 42
34 45
34 52
34 55
34 58
34 63
34 84
34 88
34 91
34 97
35 1
35 6
35 9
35 16
35 17
35 23
35 24
35 27
35 29
35 39
35 47
35 53
35 66
35 70
35 76
35 86
35 91
35 94
35 95
35 96
36 17
36 21
36 26
36 29
36 32
36 34
36 38
36 42
36 43
36 46
36 48
36 50
36 57
36 65
36 70
36 80
36 88
36 90
36 91
36 92
36 96
36 98
37 4
37 5
37 9
37 11
37 14
37 19
37 21
37 24
37 26
37 31
37 38
37 39
37 43
37 46
37 49
37 55
37 58
37 61
37 64
37 65
37 66
37 78
37 81
37 85
37 86
37 89
37 99
38 7
38 9
38 11
38 12
38 23
38 26
38 33
38 39
38 41
38 45
38 50
38 51
38 53
38 55
38 56
38 67
38 69
38 73
38 77
38 79
38 81
38 83
38 86
38 89
38 96
39 4
39 5
39 6
39 11
39 18
39 20
39 28
39 32
39 33
39 36
39 41
39 44
39 52
39 58
39 59
39 68
39 72
39 91
39 96
39 97
40 3
40 20
40 26
40 28
40 32
40 33
40 37
40 46
40 56
40 63
40 66
40 68
40 76
40 83
40 85
40 86
40 87
40 91
40 92
41 19
41 20
41 21
41 23
41 33
41 37
41 42
41 47
41 51
41 57
41 58
41 59
41 60
41 64
41 71
41 79
41 82
41 83
41 85
41 90
42 2
42 11
42 13
42 16
42 18
42 23
42 26
42 31
42 32
42 37
42 39
42 40
42 48
42 50
42 52
42 55
42 57
42 59
42 60
42 65
42 68
42 71
42 73
42 82
42 85
42 88
42 90
42 99
43 3
43 4
43 15
43 19
43 22
43 23
43 24
43 25
43 26
43 31
43 40
43 42
43 44
43 51
43 53
43 55
43 56
43 64
43 66
43 70
43 84
43 85
43 90
43 99
44 13
44 16
44 21
44 25
44 30
44 33
44 41
44 45
44 49
44 54
44 59
44 64
44 68
44 69
44 74
44 76
44 80
44 87
44 89
44 93
44 94
44 96
44 100
45 9
45 19
45 30
45 59
45 67
45 79
45 84
45 85
46 9
46 30
46 31
46 39
46 45
46 50
46 52
46 70
46 73
46 74
46 82
46 89
46 97
46 99
47 1
47 16
47 18
47 22
47 25
47 28
47 30
47 34
47 38
47 49
47 51
47 53
47 54
47 55
47 66
47 71
47 72
47 83
47 88
47 97
47 98
48 1
48 2
48 8
48 12
48 15
48 16
48 20
48 21
48 30
48 31
48 47
48 49
48 55
48 59
48 60
48 61
48 63
48 70
48 77
48 78
48 89
49 8
49 12
49 15
49 32
49 41
49 50
49 51
49 56
49 58
49 65
49 70
49 77
49 78
49 79
49 80
49 85
50 16
50 18
50 22
50 40
50 43
50 47
50 48
50 53
50 54
50 59
50 60
50 63
50 73
50 76
50 83
50 85
50 86
50 87
50 91
50 93
50 99
51 26
51 29
51 33
51 34
51 36
51 39
51 55
51 57
51 63
51 66
51 68
51 73
51 75
51 80
51 93
52 2
52 8
52 11
52 12
52 26
52 28
52 29
52 32
52 40
52 50
52 54
52 65
52 73
52 74
52 75
52 81
52 84
52 93
52 100
53 4
53 5
53 8
53 18
53 21
53 24
53 25
53 30
53 36
53 37
53 39
53 62
53 66
53 71
53 77
53 82
53 83
53 88
53 89
53 95
54 1
54 3
54 4
54 7
54 8
54 10
54 18
54 20
54 21
54 22
54 24
54 29
54 31
54 34
54 35
54 40
54 41
54 42
54 45
54 49
54 51
54 53
54 55
54 58
54 60
54 72
54 85
54 93
54 94
54 98
54 99
54 100
55 2
55 19
55 20
55 22
55 23
55 30
55 32
55 39
55 44
55 68
55 69
55 71
55 73
55 75
55 90
55 92
55 93
55 94
55 99
56 1
56 11
56 13
56 14
56 22
56 23
56 24
56 28
56 29
56 30
56 39
56 42
56 44
56 48
56 51
56 78
56 84
56 85
56 88
56 89
57 4
57 12
57 23
57 31
57 32
57 35
57 39
57 40
57 46
57 48
57 53
57 55
57 60
57 64
57 67
57 70
57 74
57 85
57 86
57 92
57 96
57 99
58 11
58 14
58 18
58 25
58 28
58 29
58 43
58 44
58 50
58 51
58 53
58 61
58 63
58 65
58 67
58 75
58 83
58 87
59 10
59 28
59 35
59 37
59 40
59 43
59 47
59 53
59 58
59 61
59 63
59 64
59 69
59 70
59 74
59 75
59 81
59 82
59 86
59 95
59 96
59 98
60 3
60 8
60 9
60 23
60 24
60 25
60 30
60 34
60 38
60 44
60 49
60 52
60 58
60 65
60 67
60 71
60 74
60 75
60 76
60 83
60 84
60 95
60 97
60 100
61 23
61 26
61 34
61 36
61 38
61 39
61 41
61 50
61 56
61 73
61 74
61 75
61 80
61 84
61 85
61 89
61 90
61 93
61 95
61 98
62 2
62 10
62 22
62 33
62 48
62 51
62 54
62 55
62 58
62 64
62 66
62 68
62 69
62 76
62 77
62 79
62 84
62 86
62 88
62 96
62 99
63 1
63 7
63 8
63 11
63 13
63 16
63 22
63 24
63 33
63 36
63 39
63 41
63 43
63 56
63 57
63 66
63 70
63 73
63 74
63 86
63 94
63 99
64 2
64 3
64 5
64 6
64 9
64 10
64 12
64 15
64 25
64 30
64 32
64 36
64 39
64 48
64 51
64 54
64 58
64 63
64 67
64 72
64 74
64 77
64 79
64 88
64 95
65 4
65 17
65 20
65 21
65 29
65 32
65 47
65 53
65 61
65 62
65 75
65 76
65 80
65 84
65 86
65 90
65 96
65 98
66 1
66 3
66 10
66 12
66 14
66 15
66 16
66 17
66 19
66 21
66 22
66 23
66 30
66 36
66 44
66 49
66 58
66 65
66 73
66 76
66 89
66 92
66 96
66 97
67 4
67 5
67 16
67 18
67 22
67 24
67 25
67 28
67 30
67 33
67 36
67 40
67 47
67 52
67 53
67 56
67 66
67 69
67 73
67 74
67 76
67 86
67 87
67 90
67 92
67 93
67 94
67 96
67 98
67 100
68 10
68 16
68 19
68 30
68 35
68 37
68 43
68 46
68 47
68 50
68 63
68 67
68 74
68 79
68 83
68 94
68 97
69 1
69 12
69 13
69 15
69 17
69 18
69 20
69 25
69 33
69 34
69 56
69 57
69 58
69 75
69 79
69 91
69 100
70 4
70 6
70 16
70 17
70 28
70 33
70 34
70 56
70 61
70 66
70 75
70 77
70 83
70 87
71 2
71 7
71 8
71 10
71 17
71 18
71 19
71 27
71 29
71 30
71 35
71 36
71 39
71 45
71 48
71 51
71 59
71 65
71 70
71 72
71 77
71 88
71 90
71 98
72 4
72 5
72 9
72 12
72 15
72 20
72 22
72 24
72 27
72 30
72 34
72 35
72 38
72 41
72 43
72 48
72 67
72 70
72 74
72 78
72 96
72 97
73 2
73 6
73 7
73 9
73 15
73 20
73 27
73 28
73 30
73 33
73 34
73 41
73 45
73 47
73 48
73 54
73 81
73 88
73 94
73 100
74 4
74 5
74 7
74 13
74 18
74 27
74 30
74 38
74 39
74 40
74 42
74 54
74 56
74 62
74 77
74 86
74 88
74 96
75 8
75 14
75 17
75 23
75 26
75 27
75 31
75 32
75 35
75 37
75 38
75 39
75 43
75 54
75 82
75 83
76 1
76 6
76 9
76 10
76 12
76 19
76 20
76 23
76 29
76 31
76 36
76 37
76 39
76 42
76 43
76 45
76 48
76 49
76 51
76 52
76 54
76 55
76 57
76 63
76 64
76 68
76 72
76 74
76 79
76 82
76 83
76 84
76 87
76 92
76 95
76 100
77 1
77 2
77 4
77 19
77 24
77 26
77 31
77 39
77 40
77 42
77 43
77 44
77 50
77 56
77 59
77 61
77 69
77 79
77 88
77 89
77 92
77 95
78 1
78 3
78 5
78 6
78 15
78 23
78 26
78 36
78 43
78 46
78 50
78 55
78 57
78 62
78 65
78 66
78 70
78 71
78 74
78 75
78 77
78 92
78 97
79 1
79 3
79 4
79 13
79 14
79 21
79 25
79 30
79 35
79 36
79 55
79 59
79 63
79 65
79 74
79 85
79 86
79 100
80 11
80 15
80 16
80 22
80 27
80 40
80 41
80 42
80 43
80 45
80 50
80 55
80 59
80 64
80 70
80 72
80 85
80 87
80 100
81 4
81 13
81 19
81 25
81 26
81 36
81 47
81 55
81 60
81 66
81 70
81 74
81 76
81 77
81 78
81 83
81 88
81 99
82 4
82 7
82 14
82 16
82 20
82 28
82 31
82 33
82 34
82 36
82 37
82 47
82 48
82 52
82 57
82 63
82 65
82 67
82 69
82 90
82 95
83 4
83 12
83 18
83 25
83 26
83 31
83 39
83 51
83 63
83 64
83 67
83 77
83 80
83 86
83 88
84 1
84 13
84 24
84 39
84 41
84 51
84 57
84 63
84 66
84 69
84 79
84 86
84 89
84 90
84 91
84 97
84 100
85 3
85 12
85 15
85 19
85 20
85 33
85 34
85 36
85 39
85 44
85 52
85 58
85 66
85 67
85 68
85 73
85 88
85 92
85 93
86 1
86 5
86 11
86 12
86 16
86 24
86 30
86 34
86 54
86 56
86 61
86 64
86 69
86 70
86 80
86 87
86 89
86 90
86 92
86 98
87 2
87 13
87 20
87 21
87 27
87 32
87 35
87 38
87 39
87 48
87 53
87 56
87 57
87 61
87 66
87 72
87 78
87 81
87 88
87 92
87 93
88 2
88 6
88 11
88 14
88 15
88 26
88 27
88 31
88 37
88 39
88 43
88 48
88 50
88 61
88 66
88 78
88 86
88 89
88 95
89 1
89 2
89 3
89 7
89 9
89 13
89 14
89 17
89 21
89 26
89 27
89 30
89 32
89 42
89 50
89 51
89 57
89 63
89 64
89 79
89 80
89 87
89 90
89 98
90 1
90 4
90 8
90 11
90 13
90 19
90 22
90 27
90 29
90 33
90 34
90 39
90 45
90 47
90 51
90 56
90 66
90 68
90 72
90 81
91 2
91 5
91 6
91 8
91 22
91 24
91 25
91 26
91 27
91 28
91 37
91 44
91 45
91 46
91 47
91 49
91 57
91 61
91 65
91 68
91 72
91 77
91 86
92 4
92 9
92 26
92 35
92 38
92 43
92 44
92 47
92 48
92 50
92 54
92 56
92 63
92 73
92 84
92 89
92 90
92 94
92 98
92 99
93 6
93 7
93 12
93 25
93 27
93 31
93 33
93 35
93 41
93 46
93 49
93 58
93 59
93 63
93 64
93 65
93 72
93 76
93 84
93 89
93 94
94 1
94 7
94 18
94 19
94 32
94 39
94 40
94 46
94 52
94 58
94 60
94 61
94 62
94 70
94 80
94 89
94 90
94 95
95 4
95 7
95 30
95 34
95 39
95 47
95 52
95 54
95 58
95 68
95 73
95 74
95 83
95 87
95 89
95 100
96 2
96 4
96 9
96 11
96 16
96 23
96 28
96 30
96 47
96 52
96 54
96 58
96 61
96 64
96 69
96 77
96 81
96 86
96 90
96 93
96 100
97 6
97 10
97 15
97 20
97 23
97 26
97 30
97 32
97 36
97 37
97 49
97 53
97 54
97 58
97 70
97 74
97 75
97 76
97 93
98 6
98 9
98 15
98 21
98 23
98 26
98 27
98 38
98 48
98 55
98 60
98 66
98 73
98 77
98 78
98 81
98 82
98 87
98 91
99 2
99 7
99 10
99 12
99 16
99 24
99 25
99 29
99 33
99 34
99 36
99 40
99 51
99 53
99 67
99 69
99 76
99 82
99 90
99 94
100 2
100 6
100 10
100 12
100 14
100 25
100 46
100 50
100 55
100 65
100 66
100 77
100 81
100 86
100 89
100 94
100 99

