200 750
49 104 26 21 65 41 49 49 20 96 32 119 90 25 54 93 86 53 109 62 32 31 48 84 89 66 24 23 37 47 81 105 88 33 102 84 33 48 82 71 61 32 93 54 56 97 112 63 109 98 96 67 72 95 46 97 20 62 112 94 104 59 87 55 95 49 57 38 30 23 115 86 65 99 33 22 96 77 56 31 68 107 110 23 103 36 97 55 38 100 22 109 89 89 33 78 118 105 90 27 77 70 111 44 60 50 41 47 48 72 120 39 114 96 120 101 48 61 104 74 50 116 51 46 108 93 21 79 93 47 79 52 106 33 105 109 30 110 91 97 48 90 27 72 77 106 78 74 34 118 110 113 78 101 47 27 45 44 115 105 71 88 63 55 83 46 50 30 100 27 52 116 37 24 110 111 85 93 69 47 59 25 55 98 62 108 37 53 64 85 26 55 96 22 73 105 93 100 120 86 
1 142
1 158
1 170
2 1
2 5
3 28
3 96
4 11
4 49
4 112
4 123
5 94
5 121
5 156
5 167
6 26
6 41
6 200
7 58
7 68
7 70
7 108
8 96
8 97
8 133
9 42
9 110
10 8
10 190
11 20
11 46
11 109
12 52
12 118
12 159
12 197
13 21
13 25
13 130
13 188
14 18
14 48
14 64
14 160
15 11
15 111
15 135
15 145
16 23
16 40
17 69
17 82
17 113
17 151
17 180
18 60
19 37
19 91
19 181
19 196
19 200
20 12
20 42
20 63
20 68
20 76
20 92
20 99
20 145
20 200
21 36
21 62
21 65
21 190
22 91
22 119
22 133
22 177
22 199
23 12
23 24
23 189
24 2
24 137
24 156
24 174
25 8
25 52
25 164
26 72
26 133
26 147
26 162
27 48
27 56
27 60
27 145
27 160
28 33
28 36
28 57
28 129
29 107
29 144
29 165
30 134
30 153
30 191
31 42
31 76
31 78
31 123
31 163
31 197
32 31
32 43
32 90
32 143
32 152
32 200
33 20
33 47
33 52
33 102
33 142
33 160
33 162
34 81
34 90
34 144
34 160
34 195
35 26
36 123
37 9
37 22
37 184
38 34
38 36
38 76
38 81
38 173
39 79
39 147
40 86
40 137
40 179
41 49
41 97
42 35
42 71
42 126
42 130
42 150
42 172
42 192
43 12
43 129
43 142
44 30
44 33
44 68
44 112
44 151
44 167
45 111
45 120
45 159
45 177
45 191
46 55
46 95
46 98
46 151
46 194
47 7
47 15
47 136
48 22
48 153
48 172
49 24
49 39
49 51
49 156
50 21
50 36
50 53
50 94
50 102
50 151
50 179
50 181
50 192
51 27
51 32
51 36
51 119
51 138
51 139
51 184
52 71
53 92
53 138
54 30
54 89
55 18
55 29
55 41
55 151
56 123
56 128
56 133
56 161
56 200
57 62
57 82
57 94
57 142
58 145
58 166
59 16
59 96
59 182
60 23
60 80
60 84
61 26
61 74
61 122
61 150
62 125
62 133
62 192
63 82
63 127
63 174
64 31
64 71
64 184
65 11
65 25
65 68
65 200
66 26
66 60
66 117
66 123
66 138
66 188
66 197
67 33
67 78
67 104
68 12
68 50
68 90
68 124
68 171
69 42
69 50
69 107
69 118
69 131
70 75
70 84
70 103
70 158
70 169
71 22
71 26
71 35
71 74
71 145
72 59
72 61
73 4
73 81
73 87
73 114
73 135
73 160
73 162
73 171
73 173
74 41
74 100
74 112
74 157
74 196
75 12
75 27
75 98
75 200
76 39
76 77
76 131
77 9
77 88
77 121
77 176
77 183
78 19
78 23
78 28
78 66
78 89
78 200
79 37
79 84
79 103
79 115
79 169
79 183
80 159
81 6
81 41
81 52
81 106
81 148
81 180
82 14
82 72
82 145
83 25
83 110
83 119
83 132
83 166
84 69
84 72
84 85
85 59
85 63
85 96
85 100
85 194
86 43
86 77
86 196
87 17
87 38
87 96
87 147
87 182
88 20
88 26
88 28
88 79
88 89
88 94
88 139
88 187
88 189
89 34
89 50
89 62
89 67
89 72
89 98
90 89
90 96
90 113
90 190
91 32
91 92
91 124
92 45
93 49
93 58
93 113
94 20
94 125
94 194
95 4
95 36
96 39
96 53
96 54
96 55
96 93
96 154
96 175
96 192
97 19
97 73
97 79
97 137
97 159
97 181
98 5
98 25
98 49
98 62
98 134
98 140
98 186
99 16
99 89
100 172
100 180
101 58
101 80
101 124
101 137
101 144
102 27
102 89
102 110
102 156
103 61
103 140
103 145
103 157
103 161
104 47
104 140
104 162
105 15
105 100
105 189
106 8
106 35
106 124
107 47
107 103
107 136
108 6
108 90
109 12
109 73
109 177
110 164
111 1
111 56
111 75
111 130
111 160
111 186
112 106
112 131
112 132
113 126
113 193
114 61
114 77
114 92
114 145
114 184
115 20
115 69
116 71
116 99
117 85
117 129
117 131
117 144
118 47
118 148
119 64
119 75
119 79
119 180
120 20
120 130
121 69
121 98
121 109
122 46
122 123
122 150
122 174
123 28
123 29
123 91
123 147
123 196
124 2
124 5
124 36
124 71
124 135
125 32
125 39
125 55
125 146
125 178
126 19
126 73
126 99
127 30
127 75
127 154
128 28
128 33
128 35
128 120
128 153
128 156
129 77
129 78
129 142
129 153
129 180
130 75
130 177
131 29
131 42
131 129
132 5
132 52
132 159
132 168
134 151
135 18
135 97
135 174
135 195
136 11
137 154
138 12
138 95
138 98
138 121
138 167
139 40
139 63
139 72
139 75
139 99
139 150
140 4
140 90
140 184
140 198
141 36
141 119
141 135
141 191
142 26
142 119
142 133
142 149
144 33
144 53
144 156
144 198
146 56
146 80
146 144
147 21
147 53
147 58
147 105
147 110
147 153
147 192
148 8
148 120
148 139
148 146
149 27
149 57
149 101
149 118
150 16
150 67
150 94
150 124
151 45
151 140
152 25
152 44
152 113
152 132
152 133
153 81
154 75
154 107
155 68
155 127
155 196
156 33
156 98
157 128
157 158
157 178
158 35
158 66
158 104
158 133
159 62
159 67
159 84
159 158
160 25
160 68
160 149
160 196
161 95
161 108
161 122
161 174
161 191
162 68
162 95
162 115
163 60
163 128
163 136
164 11
164 35
164 193
165 45
166 67
166 172
167 36
167 55
167 181
167 200
168 1
168 84
168 118
168 174
169 34
169 65
169 106
169 149
169 161
169 173
170 29
170 32
170 74
170 110
171 25
171 150
171 158
171 193
172 16
173 46
173 83
173 94
174 27
174 59
174 75
174 88
175 46
175 103
175 167
175 170
176 40
176 88
176 179
177 4
177 102
177 111
177 124
177 158
177 195
178 44
178 50
178 94
178 118
178 146
179 24
179 42
179 55
179 102
179 126
179 157
180 12
180 37
180 69
180 96
181 91
181 125
181 179
182 60
182 65
183 93
183 99
183 197
184 42
184 57
185 35
185 61
185 65
185 67
185 197
186 162
187 2
187 32
187 52
187 58
187 127
187 151
188 168
189 155
189 162
189 175
189 186
190 25
190 28
190 73
190 78
190 80
190 129
190 194
191 1
191 3
191 90
191 92
191 106
192 28
192 32
192 92
192 117
192 136
192 182
193 16
193 30
193 34
193 135
193 196
194 60
194 131
194 134
195 107
195 149
195 171
196 62
196 95
196 116
196 183
197 83
197 91
197 115
197 150
197 166
197 199
198 1
198 13
199 28
199 39
199 94
199 106
199 127
200 46
200 108
200 160

