50 100
55 80 78 106 21 54 75 87 97 102 66 111 87 45 76 111 110 65 21 73 70 112 109 68 36 106 113 38 91 48 46 47 26 79 60 77 39 43 94 106 55 81 114 43 83 48 44 97 98 31 
2 48
3 12
3 30
4 3
4 17
4 27
4 33
4 47
5 39
6 47
6 50
7 16
7 26
8 13
8 21
8 43
8 45
8 47
9 10
9 18
9 44
10 3
10 21
11 13
11 20
11 34
12 1
12 37
14 7
14 20
14 22
14 24
14 29
15 31
15 49
16 20
16 24
17 3
19 3
19 9
19 41
20 38
20 44
21 25
22 38
22 48
23 17
23 19
23 39
24 4
24 28
26 6
26 38
27 6
27 10
27 41
28 13
29 10
29 30
30 25
30 38
30 45
31 38
32 4
32 21
32 37
32 40
33 18
33 29
33 38
34 5
34 22
34 45
35 22
35 44
36 13
36 24
38 10
38 11
38 12
38 23
39 7
39 43
40 43
41 9
41 25
41 50
42 40
43 14
44 17
44 39
45 32
45 49
47 22
47 36
48 13
48 38
49 3
49 20
50 13

