100 750
30 40 74 72 106 53 25 26 100 80 111 65 120 111 36 92 109 71 44 42 45 90 111 49 51 48 97 79 64 86 31 63 116 76 21 39 75 85 97 79 62 84 42 57 72 52 63 104 74 112 107 113 50 61 47 32 113 40 54 97 75 20 81 112 85 72 44 73 61 120 56 51 23 27 45 35 42 93 46 81 120 96 96 84 67 64 111 27 35 117 96 26 106 93 76 66 95 105 72 59 
1 4
1 12
1 34
1 36
1 65
1 83
1 87
2 4
2 7
2 11
2 16
2 20
2 25
2 39
2 42
2 53
2 56
2 63
2 77
2 78
2 84
2 92
2 97
3 2
3 12
3 60
3 62
4 5
4 12
4 38
4 39
4 45
4 67
4 76
4 80
4 99
5 22
5 64
5 85
5 92
5 98
6 15
6 17
6 30
6 48
6 51
6 68
6 70
6 78
7 30
7 39
7 53
7 54
7 67
7 69
7 94
7 100
8 2
8 15
8 27
8 32
8 41
8 45
8 60
8 87
8 95
9 1
9 5
9 23
9 35
9 61
9 81
9 99
10 1
10 13
10 20
10 27
10 28
10 32
10 41
10 55
10 74
10 88
11 5
11 16
11 29
11 31
11 38
11 67
11 84
11 93
12 15
12 16
12 33
12 45
12 54
12 98
13 5
13 11
13 15
13 17
13 26
13 40
13 43
13 49
13 54
13 57
13 70
13 72
14 3
14 10
14 11
14 21
14 26
14 46
14 68
14 76
14 78
15 25
15 28
15 31
15 43
15 45
15 48
15 58
15 63
15 72
15 74
15 85
15 93
15 98
16 7
16 13
16 40
16 41
16 45
16 62
16 70
16 76
16 92
17 11
17 58
17 65
17 70
17 73
17 77
17 92
18 19
18 26
18 32
18 55
18 64
18 75
18 89
19 7
19 20
19 21
19 27
19 30
19 44
19 62
19 63
19 69
19 75
19 78
20 12
20 29
20 53
20 60
20 62
20 96
21 23
21 33
21 48
21 69
21 76
21 87
21 97
22 18
22 26
22 28
22 33
22 43
22 49
22 87
22 99
23 34
23 38
23 52
23 56
23 69
23 79
24 6
24 9
24 27
24 33
24 37
24 40
24 44
24 47
24 73
24 96
25 9
25 14
25 24
25 30
25 58
25 60
25 65
25 68
25 77
25 81
25 87
26 45
27 13
27 50
27 55
27 71
27 74
27 78
27 82
27 98
28 5
28 16
28 18
28 21
28 32
28 42
28 53
28 56
28 63
28 82
28 84
28 99
29 1
29 22
29 59
29 72
29 84
29 85
30 9
30 20
30 34
30 36
30 58
30 81
30 82
31 26
31 30
31 45
31 63
31 67
31 89
31 95
32 2
32 9
32 13
32 19
32 26
32 56
32 71
32 83
32 87
33 15
33 39
33 69
33 100
34 2
34 18
34 21
34 26
34 45
34 55
34 74
34 94
35 3
35 10
35 13
35 18
35 33
35 42
35 44
35 53
35 90
36 19
36 72
36 95
37 1
37 8
37 11
37 28
37 32
37 54
37 83
38 53
38 96
39 5
39 17
39 18
39 30
39 55
39 59
39 63
39 65
39 88
39 94
39 98
40 4
40 6
40 34
40 36
40 38
40 55
40 81
40 95
41 4
41 5
41 13
41 31
41 36
41 51
41 55
41 65
41 90
41 100
42 14
42 39
42 44
42 53
42 65
42 85
42 98
43 16
43 23
43 47
43 48
43 88
43 89
44 10
44 18
44 37
44 62
44 96
45 10
45 35
45 43
45 56
45 67
45 68
45 78
45 79
45 83
46 10
46 16
46 17
46 36
46 74
47 1
47 7
47 15
47 28
47 32
47 45
47 54
47 70
48 1
48 19
48 23
48 24
48 27
48 40
48 60
48 88
48 97
48 98
49 7
49 12
49 32
49 38
49 59
50 15
50 28
50 37
50 48
50 61
50 66
50 72
50 86
51 32
51 47
51 49
51 56
51 59
51 64
51 65
51 69
51 82
51 98
52 2
52 8
52 20
52 40
52 48
52 91
52 94
52 96
53 23
53 29
53 40
53 72
53 84
54 17
54 26
54 29
54 51
54 64
54 82
54 84
54 87
55 20
55 61
55 69
55 73
56 37
56 38
56 41
56 92
56 93
56 95
57 10
57 19
57 42
57 50
57 59
57 70
57 72
58 11
58 41
58 44
58 46
58 60
58 67
59 4
59 5
59 11
59 22
59 25
59 61
59 66
59 68
59 90
59 95
60 9
60 12
60 18
60 30
60 42
60 45
60 77
60 95
61 49
61 76
61 77
62 5
62 17
62 35
62 43
62 52
62 58
62 69
62 97
63 21
63 33
63 48
63 52
63 54
63 60
63 69
63 73
63 77
63 82
64 1
64 22
64 33
64 35
64 38
64 41
64 83
65 14
65 18
65 27
65 31
65 36
65 45
65 67
65 89
65 99
66 12
66 29
66 45
66 81
66 83
66 84
66 88
66 99
67 6
67 8
67 28
67 43
67 64
68 5
68 8
68 28
68 60
68 71
68 73
68 100
69 15
69 26
69 31
69 48
69 49
69 56
69 60
69 68
69 100
70 8
70 12
70 42
70 53
70 68
70 79
70 99
71 4
71 22
71 30
71 50
71 54
71 79
71 80
71 83
71 85
71 93
72 9
72 17
72 19
72 20
72 22
72 38
72 61
72 65
72 74
72 90
72 92
73 11
73 34
73 56
73 57
73 83
73 89
74 7
74 17
74 30
74 43
74 50
74 85
74 89
75 1
75 24
75 54
75 57
75 88
76 15
76 20
76 37
76 59
76 72
76 75
77 4
77 31
77 45
77 54
77 62
77 67
77 80
77 88
78 21
78 31
78 32
78 100
79 15
79 28
79 39
79 58
79 63
79 67
79 75
79 88
79 90
80 1
80 14
80 15
80 19
80 24
80 32
80 35
80 42
80 58
80 69
80 70
81 6
81 17
81 19
81 47
81 55
81 56
81 80
81 84
82 6
82 12
82 74
83 14
83 23
83 85
84 3
84 4
84 12
84 16
84 21
84 32
84 64
84 71
84 72
84 99
85 11
85 18
85 19
85 33
85 35
85 41
85 53
85 59
85 88
85 97
85 98
86 11
86 41
86 81
86 82
87 19
87 23
87 57
87 60
88 7
88 28
88 31
88 42
88 45
88 51
88 62
88 96
88 100
89 9
89 11
89 13
89 27
89 32
89 37
89 54
89 64
89 78
89 90
89 93
90 1
90 2
90 15
90 36
90 39
90 58
90 62
90 65
90 69
90 87
91 26
91 42
91 43
91 50
91 74
92 1
92 32
92 34
92 44
92 54
92 77
92 85
93 31
93 39
93 42
93 61
93 69
93 73
93 83
93 98
94 4
94 8
94 25
94 80
94 95
95 20
95 33
95 34
95 39
95 48
95 50
96 28
96 69
96 73
96 75
96 82
96 100
97 12
97 42
98 7
98 18
98 30
98 49
98 50
98 52
98 70
98 81
98 92
98 94
99 26
99 33
99 35
99 42
99 55
99 63
99 89
100 4
100 6
100 11
100 20
100 34
100 57
100 58
100 62
100 74
100 80
100 97

