300 3000
25 55 72 26 86 55 98 74 43 41 83 35 113 108 80 71 25 74 28 63 83 61 44 60 26 80 82 53 56 105 52 38 21 113 52 94 41 41 33 74 36 65 69 109 27 32 35 99 98 108 87 32 35 58 62 23 113 66 116 116 91 118 101 31 52 33 38 66 118 43 95 59 120 64 67 34 119 120 21 109 60 85 45 110 90 94 81 84 47 111 33 116 112 39 64 40 103 89 78 49 62 100 113 95 66 67 47 110 60 62 96 26 50 113 57 81 66 90 58 106 37 50 44 32 38 54 119 64 110 55 107 58 81 115 33 57 67 77 44 36 76 28 37 109 92 86 116 119 61 52 72 119 108 106 20 66 88 102 105 117 34 71 100 106 62 29 81 78 49 70 84 68 68 60 79 28 116 103 73 32 113 45 92 65 58 86 83 53 73 79 101 63 113 89 78 112 117 73 24 64 52 119 62 50 107 21 50 95 22 35 50 83 94 113 23 29 117 74 57 87 29 82 70 75 25 76 104 89 59 22 110 84 81 99 36 62 98 39 53 55 36 36 82 70 38 31 48 114 50 23 62 55 93 39 112 35 45 34 63 73 87 70 96 96 61 117 117 49 89 98 63 36 44 107 104 87 58 43 32 113 82 50 94 84 50 77 88 87 63 38 105 91 83 37 114 73 47 37 64 46 
1 10
1 15
1 18
1 103
1 108
1 144
1 165
1 176
1 205
1 218
1 272
1 293
2 31
2 38
2 45
2 62
2 102
2 131
2 164
2 172
2 213
2 217
2 222
2 297
3 62
3 112
3 169
3 213
3 222
3 290
3 298
4 2
4 26
4 37
4 62
4 136
4 191
4 197
4 209
4 228
4 231
4 244
4 272
4 299
5 43
5 115
5 247
6 91
6 111
6 127
6 142
6 159
6 178
6 246
6 248
6 250
6 259
7 4
7 109
7 124
7 176
7 192
7 210
7 256
7 257
8 11
8 56
8 63
8 93
8 170
8 182
8 202
8 213
8 280
8 291
9 28
9 29
9 59
9 265
9 297
10 69
10 175
10 176
10 194
10 235
10 236
10 242
10 272
11 48
11 76
11 77
11 101
11 130
11 164
11 185
11 189
11 192
11 220
11 241
11 280
11 294
12 26
12 37
12 43
12 59
12 111
12 174
12 180
12 191
12 210
12 241
12 281
13 8
13 110
13 138
13 189
13 191
13 198
13 207
13 212
13 247
13 273
13 281
13 288
14 43
14 73
14 78
14 126
14 138
14 153
14 175
14 194
14 210
14 232
14 259
14 291
14 294
15 92
15 154
15 177
15 220
15 271
16 9
16 18
16 76
16 104
16 126
16 138
16 207
16 214
16 225
16 228
16 267
16 282
17 3
17 15
17 78
17 169
17 191
17 194
17 195
17 209
17 220
17 233
17 264
17 291
18 17
18 74
18 85
18 122
18 164
18 178
18 191
18 200
18 204
18 296
19 51
19 63
19 86
19 93
19 153
19 205
19 231
19 259
19 268
19 289
19 297
20 14
20 77
20 83
20 88
20 177
20 198
20 209
20 213
20 235
20 263
21 10
21 43
21 70
21 90
21 98
21 155
21 178
21 184
21 216
21 217
21 247
21 250
21 293
22 15
22 17
22 112
22 118
22 178
22 204
22 210
22 242
22 272
22 300
23 9
23 46
23 50
23 52
23 76
23 79
23 132
23 154
23 173
23 195
23 250
23 253
24 39
24 90
24 119
24 122
24 134
24 135
24 137
24 174
24 185
24 192
24 211
24 254
24 260
24 261
24 266
24 272
25 52
25 79
25 86
25 94
25 100
25 103
25 147
25 153
25 180
25 236
25 278
25 279
26 64
26 86
26 113
26 183
27 33
27 39
27 67
27 130
27 146
27 170
27 182
27 202
27 248
27 267
28 22
28 51
28 95
28 117
28 127
28 141
28 163
28 164
28 173
28 191
28 300
29 26
29 103
29 111
29 146
29 154
29 158
29 173
29 185
29 204
29 208
29 209
29 229
29 261
29 262
30 24
30 56
30 59
30 105
30 137
30 180
30 259
30 260
31 12
31 17
31 59
31 119
31 125
31 169
31 171
31 186
31 212
31 233
31 239
31 256
32 35
32 75
32 125
32 151
32 176
32 189
32 210
32 224
32 250
32 290
33 7
33 16
33 20
33 35
33 53
33 65
33 110
33 139
33 141
33 155
33 172
33 180
33 192
33 211
33 231
33 233
33 243
33 284
33 285
34 27
34 42
34 54
34 179
34 219
34 264
34 273
35 25
35 43
35 91
35 95
35 123
35 128
35 189
35 197
35 211
35 244
35 276
35 286
35 300
36 6
36 56
36 103
36 115
36 149
36 185
36 190
36 206
36 211
36 296
37 2
37 26
37 31
37 101
37 154
37 162
37 172
38 11
38 32
38 46
38 53
38 65
38 113
38 203
38 243
38 285
38 292
39 18
39 68
39 146
39 149
39 193
39 232
39 235
39 247
39 261
39 274
39 278
40 32
40 37
40 63
40 76
40 114
40 141
40 174
40 177
40 191
40 192
40 206
40 219
40 287
41 31
41 45
41 76
41 95
41 97
41 136
41 195
41 240
41 243
41 267
41 274
41 296
42 1
42 31
42 47
42 73
42 131
42 180
42 182
42 183
42 190
43 27
43 77
43 80
43 83
43 117
43 191
43 201
43 234
43 240
43 265
44 86
44 149
44 177
44 212
44 215
45 57
45 94
45 149
45 164
45 177
45 182
45 224
45 226
46 28
46 44
46 102
46 128
46 136
46 142
46 149
46 160
46 192
46 209
46 238
46 248
47 16
47 112
47 121
47 154
47 155
47 178
47 208
47 244
47 289
48 2
48 5
48 25
48 29
48 139
48 170
48 210
48 236
48 259
49 20
49 46
49 98
49 116
49 179
49 186
49 208
49 261
49 269
50 8
50 11
50 48
50 58
50 71
50 98
50 108
50 145
50 149
50 160
50 214
50 221
50 278
51 1
51 32
51 37
51 39
51 40
51 48
51 82
51 92
51 126
51 161
51 165
51 236
51 279
51 280
51 293
52 34
52 45
52 47
52 105
52 179
52 221
52 240
52 246
52 291
53 68
53 83
53 121
53 170
53 216
53 248
53 256
53 264
53 266
53 277
53 300
54 12
54 17
54 111
54 120
54 139
54 167
54 237
54 285
54 293
54 298
55 2
55 11
55 33
55 41
55 75
55 93
55 105
55 143
55 175
55 273
55 281
56 11
56 19
56 20
56 33
56 54
56 78
56 122
56 153
56 201
56 267
57 23
57 68
57 73
57 86
57 103
57 106
57 132
57 137
57 182
57 186
58 85
58 133
58 153
58 154
58 160
58 172
58 179
58 245
58 297
58 300
59 93
59 156
59 158
59 159
59 249
59 283
60 3
60 8
60 27
60 89
60 111
60 114
60 131
60 144
60 170
60 203
60 208
60 218
60 282
61 5
61 30
61 62
61 75
61 93
61 102
61 105
61 155
61 262
62 10
62 66
62 149
62 285
63 27
63 46
63 52
63 94
63 139
63 207
63 224
63 241
63 291
64 100
64 151
64 157
64 191
64 218
64 219
64 225
64 255
65 26
65 110
65 181
65 186
65 188
65 270
65 296
66 2
66 18
66 131
66 153
66 176
66 245
66 269
67 55
67 144
67 154
67 159
67 223
67 239
67 250
68 10
68 20
68 38
68 66
68 177
68 236
68 247
68 260
68 264
68 288
69 37
69 50
69 107
69 130
69 134
69 212
69 230
69 260
70 35
70 45
70 91
70 97
70 118
70 153
70 159
70 191
70 231
70 241
70 290
71 13
71 16
71 69
71 94
71 117
71 136
71 154
71 207
71 209
71 213
71 217
71 259
71 270
72 95
72 107
72 169
72 201
72 219
72 296
73 11
73 91
73 101
73 180
73 207
73 236
73 262
73 270
74 6
74 9
74 21
74 35
74 42
74 110
74 167
74 190
74 240
74 256
74 267
74 298
75 24
75 69
75 76
75 104
75 195
75 196
75 243
76 37
76 90
76 151
76 154
76 156
76 177
76 197
76 207
76 228
76 230
76 252
76 261
76 266
77 100
77 119
77 122
77 143
77 170
77 189
77 245
77 256
77 257
77 262
77 279
77 285
78 5
78 39
78 64
78 75
78 134
78 178
78 190
78 211
78 230
78 261
78 269
78 298
79 10
79 28
79 38
79 54
79 68
79 74
79 83
79 210
79 212
79 242
79 299
80 25
80 27
80 34
80 44
80 51
80 108
80 133
80 208
80 243
80 248
80 251
80 271
80 284
81 43
81 49
81 90
81 106
81 111
81 113
81 125
81 131
81 173
81 182
81 237
81 296
81 299
82 7
82 18
82 29
82 49
82 64
82 80
82 181
82 211
82 283
82 286
83 2
83 68
83 97
83 114
83 124
83 138
83 153
83 222
83 227
83 242
83 244
83 266
83 268
83 284
83 289
84 18
84 45
84 52
84 193
84 222
84 229
84 237
84 247
84 270
85 15
85 21
85 117
85 146
85 161
85 227
85 229
85 273
86 14
86 35
86 42
86 50
86 81
86 170
86 186
87 11
87 19
87 25
87 41
87 44
87 60
87 66
87 81
87 122
87 141
87 182
87 227
87 241
87 251
87 276
87 277
88 36
88 50
88 68
88 93
88 143
88 219
88 231
89 10
89 15
89 16
89 61
89 99
89 195
89 201
89 214
89 251
89 272
89 279
90 29
90 61
90 113
90 125
90 174
90 206
91 83
91 110
91 113
91 118
91 153
91 199
91 201
91 236
92 6
92 29
92 54
92 86
92 103
92 190
92 217
92 256
92 267
93 34
93 44
93 131
93 262
93 277
93 283
94 28
94 175
94 284
94 294
94 298
95 11
95 45
95 78
95 127
95 150
95 162
95 164
95 167
95 261
96 46
96 189
96 191
96 214
96 300
97 35
97 49
97 57
97 74
97 106
97 154
97 245
97 260
97 300
98 26
98 111
98 150
98 191
98 276
99 18
99 35
99 138
99 157
99 167
99 171
99 183
99 199
99 200
99 215
99 250
99 281
99 287
100 20
100 42
100 52
100 73
100 78
100 150
100 153
100 211
100 226
100 227
100 266
101 47
101 65
101 66
101 94
101 96
101 159
101 169
101 170
101 255
101 261
101 288
102 28
102 91
102 97
102 119
102 173
102 219
102 227
102 242
102 294
103 10
103 24
103 56
103 80
103 135
103 240
103 246
103 263
103 269
104 51
104 95
104 105
104 122
104 133
104 172
104 223
104 263
104 267
104 280
105 1
105 62
105 113
105 201
105 202
105 227
105 267
106 41
106 42
106 58
106 85
106 183
106 186
106 210
106 252
106 256
107 8
107 11
107 34
107 50
107 53
107 65
107 83
107 110
107 121
107 184
107 202
107 206
107 249
107 272
107 275
107 280
107 282
108 21
108 31
108 40
108 43
108 92
108 109
108 125
108 173
108 184
108 236
108 241
108 292
109 14
109 38
109 72
109 81
109 82
109 127
109 144
109 165
109 179
109 203
109 209
109 216
109 221
109 233
109 253
109 264
109 292
110 20
110 23
110 41
110 70
110 79
110 116
110 192
110 202
110 266
110 275
110 278
110 291
111 27
111 32
111 38
111 76
111 79
111 169
111 178
111 266
111 282
111 284
112 56
112 82
112 110
112 129
112 151
112 175
112 189
112 220
112 222
112 244
113 9
113 85
113 101
113 102
113 108
113 111
113 123
113 132
113 139
113 173
113 263
113 270
113 275
114 42
114 126
114 142
114 150
114 167
114 173
114 236
114 282
114 286
115 10
115 13
115 14
115 50
115 77
115 98
115 112
115 128
115 163
115 188
115 201
115 222
115 297
116 36
116 73
116 201
116 239
116 250
116 271
117 10
117 51
117 63
117 90
117 155
117 171
117 201
117 247
117 298
118 4
118 7
118 16
118 43
118 69
118 119
118 130
118 178
118 195
118 233
118 241
119 63
119 73
119 80
119 92
119 94
119 148
119 181
119 194
119 207
119 220
119 231
119 247
120 67
120 75
120 83
120 87
120 138
120 145
120 251
120 253
120 272
120 290
121 61
121 77
121 106
121 167
121 190
121 256
121 292
122 22
122 32
122 47
122 111
122 180
122 242
122 267
122 283
123 58
123 68
123 141
123 187
123 192
123 194
123 208
123 212
123 261
123 295
124 8
124 37
124 77
124 168
124 241
124 272
125 13
125 70
125 73
125 82
125 138
125 155
125 211
125 223
125 247
125 258
126 71
126 150
126 168
126 184
126 201
126 232
127 11
127 33
127 122
127 123
127 144
127 232
127 239
128 14
128 41
128 42
128 45
128 137
128 151
128 156
128 157
128 179
128 184
128 221
128 225
128 238
128 255
128 275
129 16
129 35
129 50
129 60
129 62
129 114
129 187
129 205
129 288
130 6
130 58
130 120
130 122
130 194
130 217
130 221
130 253
130 286
130 294
130 299
131 3
131 24
131 71
131 98
131 102
131 171
131 174
131 226
131 238
131 253
131 281
131 290
132 18
132 25
132 28
132 49
132 51
132 58
132 63
132 106
132 111
132 114
132 118
132 177
132 180
132 186
132 230
132 238
132 241
132 243
132 244
132 275
132 287
133 9
133 41
133 83
133 99
133 118
133 190
133 202
133 214
133 249
134 9
134 27
134 28
134 68
134 85
134 138
134 192
134 211
134 218
135 6
135 100
135 120
135 177
135 232
135 266
136 63
136 95
136 163
136 165
136 166
136 180
136 243
136 261
136 265
137 14
137 18
137 40
137 64
137 110
137 118
137 124
137 127
137 156
137 165
137 190
137 217
137 241
137 261
138 32
138 53
138 59
138 157
138 181
138 201
138 215
138 239
138 250
139 2
139 23
139 26
139 59
139 71
139 86
139 108
139 179
139 185
139 208
139 240
139 243
139 245
139 260
139 294
140 43
140 54
140 105
140 106
140 128
140 157
140 170
140 176
140 177
140 197
140 283
140 292
141 61
141 135
141 149
141 162
141 191
141 194
141 224
141 229
141 266
142 4
142 16
142 27
142 34
142 42
142 119
142 136
142 141
142 184
142 211
142 217
142 281
142 285
142 293
143 23
143 29
143 49
143 103
143 107
143 117
143 141
143 144
143 182
143 205
143 253
143 277
144 33
144 38
144 74
144 91
144 105
144 118
144 132
144 165
144 219
144 220
144 221
144 276
144 281
144 290
145 2
145 20
145 21
145 88
145 110
145 125
145 192
145 205
145 245
145 292
146 82
146 140
146 173
146 201
146 212
146 217
146 229
146 245
147 2
147 66
147 68
147 69
147 99
147 139
147 175
147 176
147 198
147 236
147 297
148 3
148 42
148 74
148 79
148 104
148 125
148 211
148 268
148 291
149 18
149 20
149 28
149 88
149 89
149 97
149 102
149 111
149 165
149 225
149 242
149 253
149 275
149 280
149 284
150 8
150 35
150 93
150 125
150 127
150 189
150 211
150 285
151 68
151 80
151 86
151 110
151 147
151 190
152 11
152 17
152 69
152 79
152 83
152 99
152 115
152 127
152 186
152 215
152 264
152 288
153 31
153 33
153 90
153 109
153 123
153 259
154 51
154 66
154 69
154 77
154 128
154 200
154 240
154 252
154 263
155 62
155 124
155 127
155 141
155 167
155 218
155 227
155 289
156 22
156 23
156 64
156 66
156 82
156 225
156 300
157 19
157 71
157 87
157 98
157 103
157 107
157 112
157 188
157 200
157 211
158 11
158 77
158 86
158 130
158 161
158 197
158 214
158 250
159 34
159 102
159 118
159 149
159 184
159 193
159 198
159 201
159 229
159 260
159 273
159 293
160 5
160 6
160 13
160 34
160 124
160 153
160 154
160 188
160 255
160 259
160 265
160 269
160 274
161 20
161 28
161 44
161 69
161 92
161 109
161 129
161 156
161 160
161 164
161 171
161 242
162 12
162 31
162 51
162 74
162 83
162 88
162 122
162 154
162 281
162 293
163 6
163 22
163 43
163 60
163 103
163 109
163 221
163 246
163 287
163 294
163 298
163 300
164 29
164 47
164 140
164 157
164 184
164 240
164 248
164 249
164 261
164 284
165 21
165 31
165 40
165 60
165 80
165 103
165 110
165 147
165 158
165 170
165 179
165 228
165 245
165 289
166 22
166 86
166 114
166 132
166 174
166 198
166 242
166 245
166 249
166 274
167 40
167 61
167 62
167 131
167 133
167 210
167 230
167 237
167 244
167 261
167 267
167 280
168 11
168 53
168 61
168 63
168 75
168 145
168 151
168 180
168 188
168 191
168 195
168 232
168 282
169 30
169 40
169 68
169 81
169 148
169 171
169 189
169 261
169 272
170 33
170 36
170 41
170 49
170 93
170 123
170 171
170 173
170 190
170 199
170 200
170 215
170 221
170 226
170 263
171 42
171 43
171 105
171 140
171 191
172 62
172 87
172 153
172 160
172 175
172 230
172 240
172 263
172 278
172 290
173 27
173 92
173 187
173 248
173 257
173 276
173 294
173 295
174 5
174 34
174 54
174 89
174 162
174 209
174 222
174 229
174 257
175 25
175 61
175 89
175 108
175 123
175 145
175 247
175 269
175 270
176 74
176 114
176 178
176 196
176 212
176 214
177 19
177 51
177 116
177 128
177 172
177 188
177 200
177 243
177 250
177 257
178 41
178 143
178 155
178 160
178 162
178 216
178 283
179 8
179 33
179 43
179 61
179 76
179 84
179 85
179 100
179 102
179 152
179 156
179 221
179 280
180 15
180 128
180 144
180 172
180 231
180 272
181 42
181 68
181 89
181 141
181 189
181 226
181 231
182 216
182 241
182 282
183 15
183 28
183 35
183 49
183 69
183 77
183 85
183 108
183 130
183 139
183 188
183 194
183 208
183 241
184 20
184 83
184 153
184 206
184 294
185 27
185 34
185 66
185 81
185 96
185 98
185 119
185 131
185 174
185 198
185 201
185 204
185 211
185 247
185 252
186 14
186 64
186 110
186 142
186 169
186 174
186 175
186 215
186 297
187 2
187 36
187 53
187 116
187 125
187 153
187 208
187 235
187 280
187 284
187 285
188 7
188 19
188 24
188 30
188 40
188 57
188 98
188 139
188 142
188 156
188 198
188 272
189 25
189 29
189 53
189 89
189 125
189 208
189 238
189 275
189 286
189 289
189 296
190 14
190 25
190 91
190 126
190 159
190 258
191 53
191 60
191 61
191 78
191 92
191 93
191 97
191 104
191 111
191 123
191 221
191 235
191 252
191 260
191 275
191 286
191 294
192 31
192 71
192 107
192 175
192 180
192 186
192 225
192 268
192 277
193 26
193 87
193 129
193 184
193 215
193 235
194 7
194 208
194 210
194 216
194 240
194 250
194 251
194 282
195 68
195 69
195 106
195 171
195 200
196 37
196 59
196 67
196 79
196 130
196 139
196 150
196 157
196 174
196 233
196 258
196 295
197 57
197 61
197 91
197 144
197 150
197 151
197 162
197 173
197 190
197 202
197 216
197 257
197 283
197 294
198 15
198 29
198 36
198 39
198 85
198 99
198 125
198 145
198 273
198 297
199 7
199 41
199 49
199 58
199 104
199 154
199 163
199 219
199 263
199 292
200 6
200 15
200 38
200 211
200 216
200 259
200 272
201 7
201 53
201 119
201 123
201 130
201 134
201 192
202 64
202 104
202 123
202 128
202 137
202 144
202 152
202 172
202 177
202 184
202 185
202 204
202 222
202 229
202 254
203 48
203 50
203 69
203 94
203 154
203 157
203 170
203 233
203 237
203 250
203 251
203 294
204 8
204 9
204 33
204 44
204 80
204 115
204 259
204 293
204 297
205 6
205 9
205 71
205 110
205 120
205 158
205 186
205 206
205 209
205 234
205 248
205 259
206 3
206 21
206 28
206 48
206 55
206 69
206 71
206 127
206 139
206 173
206 224
206 246
206 251
206 253
206 260
206 276
206 300
207 23
207 25
207 46
207 75
207 162
207 182
207 215
207 275
207 276
208 10
208 97
208 107
208 134
208 166
208 173
208 215
208 233
208 262
209 39
209 75
209 98
209 105
209 107
209 247
209 273
209 295
210 34
210 75
210 80
210 101
210 125
210 141
210 143
210 163
210 168
210 181
210 187
210 231
210 242
210 261
210 266
211 10
211 54
211 56
211 68
211 81
211 151
211 167
211 190
211 193
211 207
211 212
211 240
211 260
212 12
212 27
212 36
212 49
212 93
212 138
212 159
212 173
212 226
212 248
213 19
213 29
213 33
213 49
213 53
213 112
213 118
213 127
213 230
213 261
213 272
213 293
214 45
214 82
214 147
214 172
214 179
214 186
214 272
214 277
214 298
215 80
215 95
215 98
215 121
215 135
215 165
215 217
215 237
215 249
216 12
216 67
216 75
216 80
216 111
216 119
216 149
216 162
216 205
216 239
216 254
216 257
216 264
217 34
217 38
217 60
217 64
217 81
217 117
217 183
217 212
217 238
217 260
217 269
217 279
218 17
218 41
218 67
218 79
218 107
218 150
218 211
218 212
218 213
218 214
218 261
218 262
218 263
218 271
218 283
218 296
218 300
219 17
219 65
219 132
219 151
219 154
219 181
219 201
219 283
220 139
220 172
220 207
220 212
220 243
221 20
221 26
221 34
221 78
221 85
221 118
221 142
221 145
221 160
221 162
221 169
221 196
221 214
221 234
221 252
221 258
221 295
222 13
222 26
222 41
222 79
222 163
222 186
222 195
222 200
222 220
222 223
222 230
222 271
223 66
223 68
223 135
223 168
223 209
223 216
223 238
223 256
223 285
223 286
224 13
224 44
224 46
224 53
224 64
224 99
224 174
225 28
225 51
225 63
225 68
225 75
225 101
225 140
225 171
225 228
225 230
225 235
226 20
226 36
226 101
226 224
226 228
226 233
226 286
226 288
227 81
227 112
227 199
227 203
227 225
227 275
227 281
228 11
228 55
228 113
228 117
228 153
228 166
228 201
228 234
228 300
229 55
229 56
229 131
229 143
229 169
229 280
230 67
230 93
230 117
230 189
230 199
230 270
230 274
231 18
231 85
231 131
231 136
231 144
231 150
231 162
231 166
231 216
231 252
231 268
232 5
232 84
232 207
232 260
233 18
233 37
233 45
233 73
233 88
233 107
233 116
233 128
233 156
233 185
233 269
233 298
234 60
234 132
234 133
234 156
234 200
234 211
234 226
234 244
234 275
235 26
235 56
235 162
235 189
235 266
235 296
236 2
236 44
236 105
236 111
236 116
236 117
236 130
236 135
236 158
236 198
236 211
236 212
236 228
236 264
236 270
237 1
237 3
237 41
237 50
237 163
237 166
237 170
237 213
237 239
237 297
238 12
238 67
238 82
238 92
238 278
238 280
238 285
239 25
239 40
239 48
239 57
239 121
239 198
239 257
239 258
239 261
239 266
240 45
240 61
240 97
240 124
240 132
240 159
240 190
240 196
240 223
240 239
240 247
240 270
240 296
241 64
241 86
241 113
241 126
241 160
241 213
241 236
241 261
241 263
242 7
242 8
242 47
242 55
242 56
242 58
242 88
242 116
242 179
242 190
242 191
242 202
242 294
243 115
243 154
243 201
243 249
243 270
243 281
244 15
244 24
244 49
244 86
244 92
244 118
244 173
245 34
245 93
245 133
245 202
245 262
245 292
246 56
246 91
246 186
247 22
247 110
247 148
247 158
247 264
247 297
248 3
248 158
248 165
248 197
248 232
248 247
248 281
249 38
249 45
249 97
249 134
249 145
249 193
249 197
249 245
249 251
249 283
249 286
250 20
250 26
250 40
250 105
250 126
250 219
250 221
250 225
250 230
250 257
250 281
251 6
251 38
251 66
251 79
251 88
251 105
251 108
251 174
251 178
251 191
251 227
251 230
251 253
251 284
251 299
252 13
252 26
252 39
252 42
252 54
252 77
252 99
252 123
252 125
252 126
252 141
252 200
252 234
252 251
252 300
253 34
253 64
253 133
253 222
253 243
254 80
254 93
254 97
254 130
254 144
254 161
254 176
254 192
254 237
254 241
254 293
254 298
254 299
255 17
255 39
255 103
255 165
255 206
255 243
255 250
255 272
256 88
256 122
256 128
256 144
256 148
256 183
256 205
256 296
257 5
257 24
257 57
257 73
257 99
257 106
257 156
257 172
257 179
257 181
257 187
257 253
258 16
258 40
258 46
258 112
258 205
258 228
258 276
258 288
259 34
259 123
259 145
259 157
259 257
260 12
260 19
260 20
260 80
260 86
260 112
260 167
260 176
260 188
260 208
260 212
260 257
260 300
261 5
261 132
261 232
261 249
261 289
262 30
262 47
262 48
262 68
262 69
262 99
262 112
262 125
262 200
262 207
262 209
262 265
262 299
263 1
263 4
263 90
263 117
263 143
263 162
263 168
263 206
263 234
263 235
263 290
263 291
263 295
264 7
264 50
264 51
264 54
264 76
264 102
264 125
264 201
264 210
264 220
264 231
264 250
264 289
265 8
265 45
265 51
265 88
265 278
265 287
266 7
266 30
266 34
266 101
266 168
266 279
266 282
266 298
267 19
267 35
267 51
267 210
267 263
267 277
268 29
268 56
268 61
268 224
268 228
268 240
268 254
268 277
268 285
269 4
269 24
269 38
269 74
269 136
269 141
269 144
269 189
269 204
269 206
269 208
269 216
269 238
269 295
270 3
270 77
270 118
270 124
270 167
270 202
270 217
270 219
270 233
270 234
270 254
270 259
271 23
271 44
271 48
271 64
271 72
271 83
271 135
271 221
271 227
271 265
271 270
272 72
272 112
272 186
272 204
272 235
272 285
273 12
273 18
273 43
273 75
273 118
273 170
273 213
273 229
273 243
273 250
273 285
273 289
274 48
274 68
274 111
274 147
274 162
274 220
274 286
275 6
275 29
275 40
275 46
275 63
275 71
275 99
275 162
275 166
275 172
275 226
275 272
275 273
275 289
276 44
276 45
276 47
276 88
276 117
276 126
276 131
276 135
276 167
276 182
276 231
276 232
276 273
277 20
277 45
277 61
277 69
277 101
277 120
277 160
277 162
277 164
277 258
278 64
278 78
278 90
278 118
278 142
278 190
278 209
278 226
278 261
278 285
279 43
279 49
279 83
279 120
279 131
279 194
279 247
279 298
280 6
280 12
280 13
280 61
280 106
280 133
280 139
280 177
280 233
280 255
280 281
281 59
281 117
281 172
281 194
281 207
281 224
281 225
281 260
282 31
282 37
282 69
282 131
282 144
282 186
282 216
282 239
282 242
283 14
283 18
283 106
283 142
283 194
284 16
284 48
284 69
284 112
284 128
284 134
284 168
284 172
284 197
284 256
285 84
285 134
285 163
285 175
285 192
285 210
286 6
286 37
286 101
286 145
286 171
286 190
286 196
286 232
286 235
286 243
286 250
287 49
287 54
287 118
287 141
287 142
287 157
287 169
287 176
287 179
287 185
287 283
287 298
288 34
288 92
288 102
288 115
288 148
288 161
288 196
288 215
288 221
288 223
288 248
289 30
289 37
289 58
289 88
289 126
289 129
289 132
289 174
289 193
289 216
289 279
290 10
290 19
290 44
290 98
290 107
290 142
290 201
290 209
290 212
290 213
290 218
290 223
290 247
290 287
290 289
290 292
291 2
291 6
291 16
291 76
291 79
291 82
291 83
291 157
291 190
291 271
291 277
292 14
292 72
292 92
292 115
292 172
292 188
292 213
292 268
292 283
292 287
292 291
293 35
293 84
293 86
293 121
293 182
293 208
293 245
293 272
293 294
294 16
294 90
294 101
294 107
294 136
294 151
294 188
294 190
294 209
294 262
294 300
295 36
295 47
295 71
295 80
295 116
295 137
295 216
295 252
296 29
296 48
296 58
296 102
296 138
296 157
296 161
296 202
296 221
296 227
296 266
297 59
297 89
297 104
297 134
297 135
297 139
297 140
297 143
297 196
297 199
297 225
297 240
297 249
297 256
298 1
298 8
298 11
298 34
298 42
298 48
298 116
298 181
298 183
298 227
299 14
299 29
299 40
299 95
299 119
299 122
299 152
299 169
299 240
299 241
299 259
299 276
299 297
300 41
300 46
300 63
300 115
300 134
300 208
300 250

