250 750
27 117 88 66 21 108 105 93 76 29 99 75 91 120 104 70 90 27 34 109 116 67 51 24 23 109 68 115 71 21 106 98 42 113 95 32 23 27 62 58 29 67 83 47 76 39 44 81 89 78 39 26 120 29 30 103 61 61 58 83 99 118 24 38 93 57 56 41 28 63 35 51 115 20 105 113 90 56 22 117 72 101 82 57 57 59 78 39 44 45 49 25 87 117 91 48 85 112 68 114 24 50 53 83 90 105 96 93 55 33 69 97 72 28 44 43 88 73 33 54 86 83 27 34 41 90 46 32 55 22 64 98 66 87 105 38 42 49 118 46 20 25 30 44 32 66 50 41 120 60 57 24 87 94 35 75 36 88 116 31 75 61 102 57 94 74 78 71 32 86 39 30 65 119 63 80 113 102 28 118 84 73 93 24 77 34 95 43 25 92 40 44 80 74 75 63 96 56 27 95 102 41 83 51 120 94 98 118 47 37 114 102 23 29 108 26 37 35 99 51 63 30 71 38 27 110 43 41 110 92 100 103 81 58 112 45 84 106 21 34 116 87 113 112 38 32 39 29 87 33 
1 199
2 63
2 232
3 41
3 77
4 223
5 25
5 101
5 148
5 198
6 54
6 77
6 125
6 138
8 3
8 123
8 134
8 221
8 230
9 34
9 62
9 110
9 216
10 19
10 83
10 173
10 239
11 65
11 129
11 145
11 186
11 204
12 102
12 151
12 172
13 12
14 68
15 14
15 63
15 161
15 208
15 248
16 36
16 153
16 171
16 243
17 240
18 13
18 126
19 16
19 90
19 189
19 208
19 223
19 241
20 41
20 233
20 236
21 100
21 106
21 125
21 145
21 174
21 213
22 28
22 231
23 19
23 71
23 80
23 151
24 20
24 42
24 235
25 32
25 105
25 163
25 247
26 9
26 234
27 47
27 61
27 103
28 131
29 83
29 110
29 201
29 249
30 63
30 200
31 17
31 72
31 127
31 141
31 238
32 33
32 52
32 217
33 99
33 228
34 3
34 60
34 145
35 7
35 8
35 226
36 78
37 1
37 39
37 68
37 126
37 210
38 156
40 50
40 107
40 211
41 59
41 222
42 107
42 110
42 130
42 155
43 9
43 90
43 106
43 215
44 15
44 218
46 2
46 9
46 66
46 74
46 93
47 183
47 216
47 227
48 31
48 55
48 162
48 240
49 197
49 199
50 36
51 58
51 143
51 152
51 181
52 110
52 144
52 158
53 31
53 202
53 219
54 85
54 146
54 201
56 54
56 104
56 145
56 204
57 41
57 88
58 19
58 55
59 104
59 123
59 239
60 109
60 156
60 178
60 239
61 12
61 93
61 200
61 203
61 231
62 74
62 77
62 103
62 108
62 178
62 207
63 41
63 118
63 210
63 236
64 74
64 118
64 225
64 226
65 22
65 114
65 158
66 2
66 70
67 189
67 242
68 57
68 171
68 185
68 207
69 35
69 174
69 204
70 25
70 98
70 156
70 160
70 176
70 238
71 169
71 175
72 60
73 136
74 11
74 82
74 151
75 82
75 192
75 222
76 33
76 98
76 180
76 212
76 219
77 93
77 97
77 187
77 211
78 65
78 70
78 107
78 159
78 247
79 17
79 27
79 74
79 94
79 219
80 6
80 36
80 67
81 62
82 59
82 114
83 16
83 55
83 108
83 214
84 3
84 48
84 191
84 204
85 33
85 82
85 87
85 157
85 240
85 241
86 55
86 57
86 68
87 204
87 217
88 155
89 17
89 58
89 82
89 119
89 179
90 161
91 44
91 48
91 82
91 118
91 197
91 205
91 250
92 127
92 169
92 193
93 73
93 110
93 180
94 34
94 40
94 185
95 72
95 135
95 190
95 226
96 233
98 52
98 81
98 207
98 227
99 47
99 79
101 171
101 179
101 194
101 197
102 71
102 118
102 143
103 139
103 242
104 74
104 180
105 11
105 93
105 126
107 29
107 150
107 217
108 60
108 130
108 145
108 222
109 25
109 61
109 84
109 110
109 164
109 219
109 239
110 40
110 57
110 157
111 46
111 50
111 52
111 249
112 147
112 185
113 26
113 41
113 96
114 16
114 36
114 84
114 141
115 35
115 92
115 147
115 174
116 2
116 160
117 28
117 70
117 113
118 50
118 61
118 79
119 27
120 17
120 30
120 87
121 85
122 30
122 124
122 140
122 168
123 18
123 87
123 211
124 97
125 116
125 155
125 163
125 179
126 15
126 67
126 131
127 60
127 189
128 103
128 178
129 7
129 175
129 191
130 47
130 141
131 27
131 110
131 177
132 84
132 91
132 101
133 41
133 59
133 77
133 131
133 206
133 215
134 141
134 155
134 167
134 222
135 144
135 193
135 195
135 207
135 247
136 124
136 125
136 201
137 145
137 149
137 245
138 106
138 173
139 22
139 72
139 114
140 40
140 60
140 130
140 196
141 30
141 171
143 29
143 130
143 229
143 250
144 3
144 18
144 111
144 133
144 176
144 195
146 84
147 48
147 132
148 1
148 117
148 118
148 156
148 182
149 178
150 40
150 203
151 5
151 52
151 54
151 70
151 75
152 17
152 220
153 4
153 38
153 76
153 111
154 82
154 84
155 15
155 53
155 206
156 226
157 11
157 119
157 147
158 247
159 13
159 95
159 149
159 169
160 31
160 46
160 48
160 232
162 85
162 116
162 168
162 183
162 189
162 232
163 168
163 236
165 15
165 18
166 87
166 115
166 121
166 158
168 27
168 50
168 72
168 84
169 2
169 46
169 147
170 8
170 91
170 120
170 178
171 148
171 225
171 228
171 239
172 70
172 135
172 250
173 68
173 139
174 3
174 136
174 242
176 4
176 90
176 98
176 138
177 6
177 65
178 238
179 70
179 183
179 242
180 34
180 43
181 106
182 141
183 133
183 202
183 210
184 7
184 126
184 142
185 29
185 93
185 159
186 14
186 154
186 157
186 160
186 176
187 134
188 12
188 54
188 103
188 203
189 4
189 15
189 32
189 60
189 94
189 135
189 188
189 229
189 232
190 168
191 2
191 34
191 118
191 146
191 248
192 4
192 71
192 245
193 116
193 127
193 186
193 228
193 230
194 13
194 31
194 111
194 185
194 197
195 50
196 27
196 91
196 98
196 186
197 65
197 244
198 46
198 80
199 15
199 81
199 110
199 174
200 173
201 12
201 27
201 48
201 215
202 4
202 26
202 82
202 83
202 115
203 15
203 123
203 131
203 144
204 212
205 49
205 69
205 211
205 221
206 100
206 108
206 168
206 188
206 221
206 225
207 32
207 115
207 176
207 202
207 238
208 188
208 200
208 217
208 242
209 109
209 121
209 233
210 54
210 81
210 159
211 66
211 68
211 143
211 145
211 221
211 226
212 54
212 86
212 132
213 14
213 42
213 106
213 127
213 201
213 238
215 72
215 191
215 243
216 6
216 38
216 77
217 24
217 74
217 134
218 32
218 36
218 40
218 119
218 175
219 12
219 126
219 246
219 248
220 150
221 83
221 92
221 152
221 156
222 2
222 10
222 114
222 180
223 22
224 7
224 22
224 38
224 40
224 49
224 92
224 175
225 49
225 71
225 184
225 229
226 83
226 92
226 109
226 122
226 132
226 153
226 223
227 122
227 181
227 220
228 179
229 155
230 24
230 93
230 97
230 118
230 143
230 168
230 218
230 244
231 52
231 147
232 142
233 168
233 206
234 82
234 115
234 188
234 194
234 238
235 1
235 49
235 67
235 80
235 114
235 126
235 242
235 244
236 86
236 210
237 50
237 98
237 185
238 60
238 195
239 134
239 166
239 212
239 221
240 43
240 128
242 10
242 28
242 85
243 131
243 166
243 195
244 90
244 110
244 115
244 226
245 33
245 59
245 230
246 81
246 87
246 167
247 126
248 43
249 10
249 177
249 224
250 84
250 95
250 118

