200 750
63 39 80 79 30 79 75 110 79 107 74 80 59 37 102 76 68 89 64 97 92 40 100 61 42 20 54 36 42 79 55 110 73 25 109 64 112 84 29 21 99 95 50 39 28 98 44 78 37 78 44 22 25 114 103 60 23 91 65 95 32 47 74 31 47 49 94 105 115 89 29 47 112 63 43 99 68 67 71 107 39 69 41 82 120 63 120 59 81 112 91 32 105 78 24 109 91 94 46 84 74 81 56 72 68 63 107 29 65 95 87 36 100 51 38 20 27 112 82 31 44 34 61 42 120 84 28 96 33 27 91 46 105 21 106 116 97 103 61 24 78 30 48 24 73 61 74 31 51 46 33 54 58 107 90 32 75 74 41 90 49 61 69 69 62 54 24 66 43 105 93 117 86 112 42 119 47 46 65 40 66 68 97 94 70 120 25 108 46 30 97 79 55 63 114 54 20 33 58 117 
1 20
1 154
1 169
2 77
2 177
3 20
3 123
3 190
4 43
4 102
4 194
5 161
5 183
6 17
6 94
6 113
7 17
7 65
8 76
8 93
8 110
8 142
9 73
9 109
9 151
10 80
10 82
10 152
11 115
11 143
11 178
12 148
12 158
13 52
13 105
13 155
13 186
14 91
15 7
15 31
15 125
16 6
16 41
16 76
16 84
16 166
17 1
17 49
17 86
17 91
18 72
18 130
18 145
18 173
19 10
19 25
19 50
19 98
19 134
20 69
20 132
20 140
20 163
21 4
21 8
21 56
21 110
21 145
21 176
22 60
22 127
22 158
23 41
23 89
23 99
23 100
23 164
24 52
24 95
24 149
25 131
26 16
26 38
26 86
26 111
26 123
26 132
26 190
26 193
27 80
27 121
27 125
28 18
28 40
28 116
29 59
29 68
29 148
29 170
29 183
30 12
30 40
30 49
30 75
30 110
30 178
31 29
31 48
31 95
31 108
31 154
32 38
32 69
32 81
32 198
33 6
33 83
34 27
34 51
34 126
34 138
34 170
34 171
35 145
35 198
36 7
36 21
36 40
36 43
36 62
36 156
37 24
37 71
37 133
38 12
38 39
38 65
38 97
38 122
38 147
39 7
39 60
39 75
39 94
39 189
40 75
42 169
42 199
43 21
43 37
43 86
43 87
43 126
44 39
44 86
44 119
44 141
44 150
44 177
45 25
45 26
45 146
45 186
45 198
46 6
46 32
46 102
46 161
47 8
47 69
47 185
48 2
48 22
48 60
48 106
48 161
49 12
49 14
49 20
50 13
50 24
50 156
51 7
51 86
51 169
52 59
52 122
52 133
52 144
52 185
53 78
53 160
54 5
54 177
54 185
55 16
55 64
55 69
57 6
57 46
57 86
57 129
57 154
57 163
58 66
58 194
59 114
60 25
60 93
60 135
60 183
61 48
61 71
61 78
61 102
61 184
62 145
62 157
62 178
62 192
63 57
65 54
65 76
65 114
65 141
65 153
66 92
66 100
66 143
67 71
68 34
68 61
68 87
68 149
68 161
69 131
70 12
70 52
70 64
70 86
70 100
70 124
70 165
70 171
70 192
71 44
71 151
71 198
72 45
73 10
73 33
73 143
73 164
74 23
74 141
74 200
75 145
75 170
75 197
75 198
76 36
76 68
76 109
76 149
76 176
76 178
76 180
76 187
77 51
77 196
78 37
78 65
78 171
78 188
79 7
79 12
79 16
79 94
79 138
80 43
80 120
80 186
80 200
81 106
81 127
81 157
82 22
82 35
82 38
82 79
82 113
82 150
82 182
83 29
83 31
83 43
83 135
83 144
84 9
84 26
84 55
84 62
84 80
84 190
84 195
85 19
85 42
85 60
85 63
85 82
85 122
85 160
85 186
86 7
86 28
86 128
86 164
87 195
88 43
88 47
88 58
89 8
89 103
89 151
89 194
90 9
90 13
90 33
90 41
90 71
90 124
90 140
90 143
91 31
91 58
91 83
91 111
91 125
91 187
92 77
94 51
94 160
94 193
95 74
95 100
95 107
95 135
95 141
95 182
95 186
95 189
96 40
96 64
96 169
97 81
98 17
98 33
98 134
98 173
98 192
99 17
99 34
99 67
99 165
100 75
100 129
100 132
100 138
100 195
100 200
101 84
101 135
101 139
101 162
101 178
102 35
102 39
102 72
102 125
102 141
103 50
103 69
103 125
103 128
103 133
103 161
104 79
104 83
104 193
105 6
105 23
105 92
105 127
105 135
105 152
105 153
106 43
106 149
106 180
106 186
107 6
107 25
107 39
107 66
107 133
108 9
108 27
108 141
108 145
108 185
109 48
109 55
109 133
109 144
109 174
109 186
110 88
110 105
110 144
110 198
111 48
111 52
111 133
111 172
111 182
111 189
111 191
112 4
112 34
112 55
112 76
112 114
112 153
113 134
113 141
113 153
113 166
113 196
113 199
114 64
114 72
114 175
115 92
115 174
116 62
116 115
116 142
116 148
116 184
116 187
117 98
117 142
117 166
117 196
118 33
118 195
119 20
119 114
119 144
119 168
120 8
120 77
121 23
121 149
122 107
122 179
122 181
123 33
123 60
123 89
123 105
123 122
123 147
123 159
124 9
124 18
124 139
124 175
124 200
125 31
125 66
125 121
125 174
126 7
127 15
127 89
127 94
127 155
127 161
127 177
128 12
128 16
128 76
128 80
128 121
129 4
129 30
129 108
129 185
130 50
130 95
130 150
130 159
130 197
131 20
131 39
131 94
131 148
132 28
132 66
132 116
132 117
132 122
132 145
133 151
134 34
134 121
134 127
134 161
134 174
135 61
135 96
135 100
135 124
135 158
135 166
136 7
136 14
136 92
136 100
136 152
136 161
136 193
137 15
137 46
137 97
138 27
138 56
138 63
138 95
138 144
139 20
139 41
139 42
139 197
140 129
140 142
140 146
140 194
141 19
141 47
141 100
141 104
141 177
142 13
142 45
142 132
143 12
143 24
143 56
143 136
143 144
144 172
144 173
145 19
145 37
145 188
146 35
146 87
146 159
147 4
147 11
147 101
147 134
147 145
147 185
147 189
148 25
149 31
149 114
149 161
149 177
150 2
150 63
150 104
150 117
150 169
151 62
151 65
151 68
151 90
151 93
151 105
151 181
152 144
152 169
153 52
153 192
154 3
154 63
154 104
154 110
155 24
155 44
155 115
155 135
156 6
156 102
156 162
156 168
156 186
157 127
157 135
158 104
158 118
158 128
158 166
159 54
159 65
159 141
159 168
160 3
160 114
160 116
160 130
160 166
160 192
161 29
162 171
162 172
162 187
163 115
163 128
164 30
164 92
164 140
165 66
165 89
166 131
166 134
166 150
167 129
167 181
168 10
168 37
168 109
168 135
168 179
169 95
169 119
169 133
169 148
169 156
169 175
170 138
171 7
171 177
171 198
172 27
172 88
172 164
173 11
173 95
174 8
174 113
175 28
175 78
175 141
175 183
176 49
176 74
176 129
176 166
177 77
177 90
177 115
177 180
178 65
178 115
178 132
178 180
179 30
179 57
179 78
179 151
179 176
180 53
180 80
180 166
180 173
180 183
182 31
182 39
182 71
182 79
182 134
182 188
182 196
183 12
183 119
183 197
184 122
184 139
184 165
185 186
186 9
186 96
186 135
187 4
187 16
187 97
188 41
188 120
188 128
189 112
189 137
189 170
190 16
190 56
190 87
190 97
190 134
192 2
192 90
192 156
192 190
193 22
193 73
193 161
194 77
194 197
195 22
195 61
195 68
196 78
196 157
196 159
197 59
197 193
198 3
198 18
199 16
199 99
199 128
199 183
199 194
200 20
200 117
200 119
200 120

