300 1000
23 91 21 28 79 88 72 70 96 85 81 82 56 66 21 58 107 100 30 45 52 119 68 108 36 36 103 111 60 77 81 74 34 110 81 103 91 25 64 71 111 109 58 75 57 26 70 32 63 38 64 42 90 64 53 91 30 25 27 26 60 84 105 93 64 40 112 53 120 114 104 71 57 54 64 63 40 59 93 106 50 86 111 61 82 42 51 113 76 34 97 64 102 84 115 89 27 52 43 91 27 33 117 21 91 57 30 89 112 108 34 29 80 72 99 108 37 61 93 49 95 81 106 62 44 116 35 67 89 92 57 94 120 74 63 95 51 93 49 26 77 95 47 103 120 50 114 52 115 94 104 102 27 88 78 102 63 57 105 67 88 22 37 69 92 87 70 94 113 80 20 44 116 86 53 80 74 68 43 31 75 105 71 32 87 110 42 88 47 93 40 54 67 101 85 25 119 45 20 90 42 97 114 114 27 44 118 64 85 37 27 107 33 65 101 50 83 90 58 56 94 76 65 27 28 106 48 115 87 43 96 91 84 101 96 33 90 115 72 85 120 22 37 92 106 37 97 44 86 99 61 107 38 90 116 80 24 62 102 61 91 43 104 30 99 44 64 51 66 67 111 88 105 102 87 21 62 71 77 66 41 39 66 104 117 64 97 41 87 79 33 97 93 87 97 40 98 26 102 72 
1 31
1 35
1 37
1 115
1 122
1 238
1 253
2 12
2 145
2 187
2 200
3 63
3 179
3 255
4 80
4 93
4 98
4 111
4 179
4 217
4 231
6 92
6 119
6 159
6 285
7 11
7 24
7 74
7 211
8 135
8 287
9 28
9 98
9 120
9 138
9 183
9 284
10 173
11 1
11 5
11 156
11 255
11 261
12 103
12 264
12 277
12 294
13 5
13 47
13 160
14 7
14 95
14 166
14 295
15 265
16 72
16 127
16 178
16 194
17 114
17 183
17 211
17 229
18 28
18 125
19 6
19 51
19 141
19 221
19 277
20 48
20 97
20 217
21 279
22 94
22 164
22 218
22 241
23 15
23 19
23 52
23 293
24 42
24 117
24 133
25 20
25 38
25 292
26 160
27 26
27 66
27 103
27 133
27 148
27 274
27 288
28 39
28 48
28 72
28 93
28 211
28 241
29 139
29 227
30 85
30 121
30 150
30 151
30 204
30 230
30 297
31 277
32 278
33 53
33 100
33 152
33 185
33 264
34 60
34 85
34 132
34 238
34 249
35 16
35 58
35 72
35 246
35 277
36 5
36 58
36 62
37 89
37 97
38 35
38 89
38 208
39 7
39 37
39 58
39 249
39 261
40 105
40 110
40 242
40 279
41 24
41 97
41 103
41 127
41 150
41 162
41 185
41 255
41 274
41 283
42 29
42 136
42 190
42 274
43 140
43 160
43 171
43 232
43 267
44 103
44 208
44 216
45 12
45 28
45 41
45 91
45 215
46 56
46 102
47 6
47 46
47 146
47 169
47 224
48 75
48 86
49 107
49 137
49 209
50 18
50 30
50 153
50 277
51 27
51 97
51 159
51 269
51 270
51 274
52 88
52 125
52 142
53 30
53 244
53 281
54 61
54 196
54 219
55 20
55 99
55 114
56 73
56 276
57 102
57 108
57 173
57 261
58 50
58 186
59 218
59 257
60 42
60 93
60 259
60 261
61 130
61 170
61 205
62 151
62 272
62 286
63 54
63 207
64 53
64 149
64 281
64 292
64 298
65 56
65 193
65 214
65 262
66 37
66 104
66 161
66 195
66 218
67 58
67 69
67 97
67 122
67 223
67 233
68 40
68 267
69 94
69 170
69 172
70 247
71 298
72 48
72 63
72 132
72 140
72 150
72 209
72 214
73 29
73 297
74 62
74 151
74 164
74 242
74 243
74 290
75 249
76 13
76 186
77 50
77 105
77 125
77 129
77 150
77 183
77 219
78 45
78 90
78 92
79 16
79 116
79 158
80 78
80 93
80 100
80 144
80 152
80 231
81 75
81 196
81 265
82 43
82 115
82 153
82 235
83 95
83 129
83 145
83 280
84 46
84 122
84 248
84 293
85 54
85 147
85 156
85 194
86 280
86 298
88 13
88 18
88 38
88 95
88 105
88 133
88 143
88 167
88 208
88 219
88 232
89 76
89 86
89 116
89 291
90 67
90 139
90 233
90 250
91 51
91 122
91 149
91 258
92 62
92 132
92 186
92 200
93 52
93 141
93 266
93 268
94 62
94 192
94 268
94 299
95 56
95 67
95 163
96 22
96 81
96 89
96 137
96 197
97 169
97 178
98 93
99 40
99 49
99 125
100 44
100 130
100 146
100 148
100 284
100 296
101 154
101 284
102 28
103 145
104 34
104 164
104 232
105 30
105 73
105 83
105 93
105 236
106 24
106 140
107 69
107 103
107 258
108 21
108 94
109 75
109 87
109 150
111 69
111 86
111 177
111 257
112 148
113 163
113 171
114 109
114 156
115 72
115 104
115 145
115 233
115 265
116 248
116 283
117 6
117 11
117 23
117 37
117 88
117 92
117 151
118 65
118 189
119 72
119 215
119 237
119 281
119 283
120 65
120 69
120 105
120 197
120 226
121 50
121 83
121 140
121 169
121 175
123 26
123 208
123 254
123 260
124 74
124 95
124 242
125 66
125 285
126 94
127 33
127 146
127 154
127 179
128 20
128 39
128 225
128 231
129 10
129 29
129 42
129 58
129 91
129 108
129 135
130 24
130 98
130 117
130 127
130 142
130 169
131 43
131 133
131 176
131 248
131 265
132 60
132 171
133 106
134 16
134 37
134 115
134 275
135 43
135 189
135 216
135 234
136 83
136 138
136 180
136 209
136 213
137 12
137 22
137 83
137 233
138 14
138 142
138 181
138 251
139 124
139 247
139 258
140 79
140 216
141 27
141 111
141 113
141 156
141 299
142 115
142 131
142 164
143 33
143 113
143 212
144 6
144 92
144 129
144 258
145 15
145 24
145 45
145 158
146 139
147 236
147 266
148 91
148 206
149 18
149 263
150 167
150 234
151 40
151 90
151 163
151 211
152 39
152 70
152 268
152 296
153 1
153 48
153 263
154 32
154 112
154 125
154 176
155 57
155 136
155 179
156 4
156 153
156 260
157 30
157 54
157 86
157 154
158 30
158 95
158 166
158 200
158 270
159 19
159 138
159 229
159 233
159 260
160 2
160 66
160 119
160 273
161 181
161 280
162 77
162 186
162 257
163 47
163 262
164 57
164 109
164 159
164 171
164 194
164 251
164 290
165 18
165 37
165 126
165 167
165 209
165 297
166 95
166 135
166 175
166 291
167 92
167 122
167 131
167 136
167 271
168 93
168 136
168 208
168 296
169 142
169 162
169 285
170 27
170 80
170 99
170 100
171 4
171 156
171 220
171 277
172 89
172 240
173 109
173 282
174 70
174 98
174 243
174 261
175 281
176 83
176 175
176 275
177 61
177 218
178 9
178 64
178 140
178 259
178 261
179 11
179 91
179 116
180 105
180 208
180 289
181 134
181 170
181 182
181 254
181 284
182 207
182 272
183 42
183 60
183 79
183 119
183 122
183 132
183 241
184 33
184 66
184 78
184 151
184 210
185 49
185 143
185 237
185 281
185 297
186 99
187 203
187 240
187 245
188 192
189 145
189 210
189 272
190 25
190 87
190 142
190 145
190 197
190 205
191 86
191 103
191 197
191 199
191 248
191 300
192 76
193 165
193 173
193 253
194 42
194 203
194 269
194 292
195 17
195 35
195 259
196 20
196 41
197 60
197 88
197 175
197 194
197 225
197 255
198 38
198 149
198 189
198 294
199 26
200 274
200 289
201 197
201 228
201 232
202 4
202 51
202 101
202 162
202 201
202 272
202 284
203 177
204 65
204 68
204 95
204 176
204 188
205 106
205 169
205 206
205 230
206 31
206 48
207 256
207 269
208 267
209 2
209 14
210 54
210 102
210 113
210 133
210 195
211 10
211 117
211 118
211 125
211 258
212 46
212 178
212 239
212 249
213 88
213 101
213 150
213 258
214 11
214 26
214 120
214 174
214 215
214 291
215 117
215 155
215 250
215 271
216 10
216 47
216 52
216 132
216 226
216 265
217 191
217 202
217 282
218 282
219 20
219 99
219 104
219 139
219 183
219 195
219 280
220 25
220 44
220 64
220 74
221 27
221 231
222 191
223 248
224 43
224 60
224 88
224 147
225 99
225 233
227 92
227 134
227 197
227 250
228 192
228 296
229 132
229 196
230 55
230 78
230 147
230 241
231 48
232 12
232 198
232 299
233 32
233 54
233 132
234 120
235 58
235 204
235 266
235 278
235 287
236 80
236 285
237 100
237 155
237 226
237 261
237 271
238 63
238 233
239 165
239 250
240 1
240 28
240 30
240 291
241 53
241 69
241 119
241 165
242 50
242 152
242 226
243 140
244 60
244 106
244 212
244 289
245 21
245 54
245 186
245 279
245 290
246 103
246 163
246 197
247 91
247 108
247 179
248 7
248 126
248 237
248 260
249 54
249 58
250 37
250 67
250 104
250 211
250 298
251 23
251 237
252 214
253 134
253 283
254 99
254 127
254 191
254 203
255 136
255 280
256 43
256 84
256 240
257 8
257 18
257 164
257 299
258 17
258 153
258 182
258 278
259 8
259 64
259 67
259 99
259 133
259 174
259 211
259 287
260 62
260 147
260 300
261 136
261 196
261 299
262 37
262 113
263 89
263 107
263 281
264 6
264 29
264 57
264 89
264 116
264 130
264 204
264 237
265 6
265 109
265 123
265 285
266 51
266 97
267 160
267 202
268 127
268 175
268 192
268 255
269 12
269 26
269 155
270 98
270 124
270 238
270 275
271 62
271 66
271 148
272 96
272 123
272 185
272 266
272 273
273 225
274 43
274 120
274 126
275 72
275 84
275 132
275 173
276 32
276 119
276 182
277 9
277 178
278 204
279 128
279 133
279 242
279 268
280 231
281 78
281 100
281 201
281 229
281 269
281 297
282 176
282 248
283 22
283 69
283 118
283 203
284 58
284 191
285 20
285 145
287 298
288 192
288 225
288 246
288 260
289 97
289 225
289 257
289 293
290 133
291 27
292 48
292 114
293 229
293 300
294 124
294 182
295 102
297 67
297 109
297 146
297 154
297 257
298 63
298 118
299 63
299 90
300 241

