50 250
70 57 66 92 110 46 90 86 107 113 25 20 110 52 86 50 97 20 34 35 33 37 98 98 39 48 24 33 97 25 85 86 33 41 117 108 105 59 22 71 101 84 101 27 68 83 108 93 79 67 
1 3
1 4
1 5
1 35
1 48
1 50
2 3
2 13
2 45
3 40
4 2
4 7
4 8
4 16
5 15
5 16
5 20
5 24
5 31
5 32
6 10
6 42
6 43
7 14
7 15
7 19
7 20
7 38
7 46
7 50
8 6
8 22
8 28
8 30
8 44
8 46
9 1
9 14
9 24
9 27
9 43
9 48
10 8
10 18
10 24
10 28
10 33
10 36
10 39
11 9
11 14
11 20
11 21
11 24
11 30
11 36
11 38
11 43
12 15
13 8
13 27
13 44
14 12
14 20
14 30
14 42
14 45
15 6
15 9
15 10
15 27
16 3
16 6
16 47
17 6
17 26
17 33
18 8
18 30
18 44
18 47
19 13
19 24
19 25
19 29
19 47
20 9
20 13
20 34
20 37
21 2
21 6
21 29
21 30
21 34
21 39
22 1
22 2
22 6
22 18
22 26
22 38
22 47
23 21
23 26
23 31
24 3
24 14
24 21
24 27
24 36
24 40
25 6
25 18
25 20
25 21
25 24
25 34
25 44
25 46
26 20
26 21
26 32
26 36
27 4
27 36
28 1
28 6
28 18
28 20
28 24
28 27
29 3
29 6
29 17
29 23
30 15
30 23
30 32
31 9
31 15
31 16
31 18
31 24
31 36
31 41
32 12
32 34
33 2
33 3
33 23
33 40
33 49
34 1
34 16
34 27
34 29
34 31
34 35
34 37
34 42
35 13
35 20
35 23
35 29
35 40
35 50
36 7
36 20
36 28
36 37
36 38
36 39
36 40
36 41
36 48
37 5
37 40
38 5
38 13
38 26
38 33
38 35
38 43
38 48
39 17
39 27
39 40
39 42
39 47
40 5
40 15
40 21
40 31
40 32
40 34
41 1
41 3
41 5
41 7
41 27
41 35
41 43
41 45
42 5
42 12
43 5
43 13
43 15
43 18
43 26
43 27
43 29
43 40
43 48
43 50
44 5
44 12
44 28
44 35
44 45
44 47
45 18
45 19
45 37
46 9
46 17
46 19
46 22
46 38
46 42
47 9
47 32
47 35
47 36
47 38
48 26
48 30
48 47
49 12
49 20
49 25
49 30
49 43
50 9
50 22
50 28
50 31
50 36
50 39

