150 1000
44 49 41 77 90 106 87 60 102 54 103 35 109 103 70 47 52 42 47 91 23 67 106 100 54 95 35 82 120 74 63 120 32 100 48 112 64 38 30 84 75 61 33 80 37 33 46 119 32 44 55 74 66 59 31 112 94 89 33 46 116 20 67 52 30 38 27 31 68 62 42 59 91 103 26 106 51 115 103 46 115 84 54 119 102 112 66 59 120 24 45 46 109 64 25 49 31 95 56 28 101 39 100 120 114 119 105 46 22 58 48 45 115 115 115 21 84 71 101 96 98 39 112 101 43 48 98 99 43 69 114 111 31 58 54 28 72 100 50 90 63 110 63 69 91 100 85 112 25 62 
1 25
1 28
1 55
1 64
1 76
1 80
1 121
1 146
2 16
2 33
2 68
2 84
2 106
3 29
3 45
3 118
4 11
4 26
4 32
4 59
4 76
4 79
4 101
4 112
4 117
4 148
5 50
5 55
5 56
5 72
5 108
5 117
5 121
5 143
5 146
6 9
6 13
6 22
6 46
6 48
6 49
6 62
6 85
6 94
6 106
6 114
6 141
7 15
7 23
7 57
7 88
7 96
7 113
7 114
7 140
7 150
8 4
8 52
8 69
8 78
8 82
8 130
9 7
9 18
9 31
9 33
9 43
9 57
9 61
9 68
9 84
10 5
10 113
11 15
11 48
11 77
11 91
11 110
11 112
11 117
11 119
11 131
12 14
12 23
12 60
12 95
12 106
12 133
13 7
13 14
13 21
13 24
13 53
13 58
13 68
13 69
13 74
13 76
13 79
13 103
13 120
14 18
14 61
14 107
15 16
15 20
15 41
15 90
16 31
16 95
16 106
16 107
16 113
17 9
17 28
17 33
17 66
17 100
17 117
17 131
17 140
18 4
18 8
18 20
18 35
18 65
18 67
18 70
18 108
18 127
19 3
19 36
19 56
19 60
19 78
19 122
19 133
20 59
20 73
20 81
20 86
21 10
21 19
21 20
21 54
21 97
22 7
22 91
22 121
23 35
23 58
23 78
23 107
23 124
23 135
24 8
24 48
24 49
24 69
24 72
24 75
24 107
24 138
24 141
25 31
25 67
25 80
25 86
25 142
25 143
26 21
26 25
26 60
26 82
26 83
26 101
26 113
26 125
26 128
26 141
27 8
27 21
27 32
27 56
27 83
27 105
27 111
27 139
28 9
28 24
28 66
28 91
28 112
28 114
28 128
29 20
29 32
29 33
29 45
29 59
29 64
29 85
29 131
29 134
29 147
30 8
30 17
30 47
30 61
30 90
30 105
30 115
30 122
30 137
30 141
30 142
31 2
31 8
31 45
31 80
31 92
31 99
31 138
31 144
32 28
32 58
32 69
32 101
33 21
33 34
33 47
33 59
33 80
33 119
33 143
34 110
34 117
35 1
35 5
35 20
35 38
35 54
35 101
35 150
36 4
36 70
36 79
36 95
36 119
36 129
36 145
37 66
37 69
37 83
37 108
37 113
37 148
38 18
38 93
38 110
38 115
39 100
39 110
39 147
40 59
40 60
40 74
40 132
41 37
41 52
41 65
41 112
41 113
42 31
42 46
42 76
42 110
43 5
43 11
43 17
43 20
43 42
43 55
43 103
43 122
43 145
44 71
44 74
44 84
44 88
44 114
44 136
44 140
45 63
45 93
45 126
45 134
45 136
46 33
46 50
46 66
46 70
46 87
46 102
46 114
46 144
47 2
47 56
47 71
47 84
47 136
48 38
48 53
48 63
49 42
49 79
49 94
49 128
50 3
50 19
50 34
50 66
50 101
50 106
50 149
51 1
51 37
51 43
51 44
51 105
51 108
51 119
52 25
52 98
52 124
52 127
53 23
53 77
53 92
53 100
53 120
53 135
54 6
54 18
54 30
54 55
54 66
54 111
55 13
55 19
55 64
55 80
55 90
55 96
55 115
55 130
55 136
56 12
56 53
56 60
56 62
56 79
56 83
56 104
56 145
56 146
56 147
57 5
57 21
57 24
57 36
57 46
57 70
57 89
57 132
57 139
58 66
58 83
58 136
59 5
59 53
59 83
60 9
60 13
60 21
60 46
60 48
60 63
60 64
60 85
60 97
60 120
60 133
60 148
61 1
61 42
61 43
61 45
61 49
61 57
61 64
61 69
61 70
61 120
61 124
61 150
62 98
62 105
62 110
62 134
63 6
63 11
63 88
63 98
63 115
63 125
63 129
63 148
63 149
64 34
64 50
64 56
64 59
64 69
64 86
64 103
64 137
65 19
65 21
65 78
65 126
65 129
66 16
66 39
66 111
67 28
67 76
67 137
67 142
67 149
68 7
68 57
68 80
68 100
69 6
69 15
69 39
69 54
69 85
69 101
69 134
69 149
70 2
70 24
70 35
70 51
70 105
71 4
71 41
71 81
71 119
71 122
71 124
71 149
72 8
72 53
72 64
72 78
72 119
72 141
73 21
73 25
73 52
73 71
73 72
73 80
73 110
73 111
73 140
73 149
74 24
74 78
74 92
74 126
75 9
75 18
75 31
75 41
75 102
75 109
75 115
75 119
76 19
76 58
76 104
76 110
76 139
76 149
77 26
77 27
77 35
77 44
77 66
77 78
77 79
77 107
77 142
78 24
78 26
78 36
78 50
78 66
78 69
78 96
78 107
78 117
79 17
79 51
80 2
80 18
80 29
80 64
80 82
80 89
80 140
81 1
81 19
81 30
81 39
81 59
81 98
81 101
81 113
81 141
82 3
82 13
82 63
82 74
82 91
83 32
83 81
83 82
83 110
84 50
84 63
84 65
84 81
84 92
84 94
84 98
84 99
84 116
85 64
85 79
85 123
85 131
86 7
86 38
86 66
86 72
86 94
86 98
86 117
86 134
86 150
87 4
87 104
87 107
87 122
88 26
88 32
88 46
88 99
88 106
88 142
89 4
89 21
89 39
89 66
89 88
89 132
89 145
90 2
90 19
90 46
90 56
90 98
90 111
90 117
91 9
91 20
91 80
91 86
92 39
92 46
92 54
92 85
92 119
93 57
93 74
93 75
93 87
94 1
94 36
94 40
94 42
94 109
95 4
95 42
95 44
95 78
95 106
95 118
95 124
96 39
96 95
96 144
97 9
97 48
97 82
97 92
97 98
97 107
97 110
97 113
97 114
97 147
98 2
98 10
98 12
98 22
98 29
98 69
98 96
98 108
98 110
98 128
98 137
98 150
99 16
99 29
99 74
99 77
99 104
99 121
100 22
100 44
100 52
100 124
100 131
100 136
101 5
101 8
101 34
101 72
101 117
101 143
102 3
102 10
102 53
102 69
102 84
102 105
102 110
102 140
102 142
103 23
103 28
103 87
103 107
103 108
103 109
103 120
103 149
104 17
104 53
104 58
104 83
104 147
104 150
105 11
105 22
105 26
105 52
105 72
105 77
105 87
105 122
106 90
106 96
106 113
106 117
107 19
107 42
107 56
107 71
107 99
107 105
107 136
107 140
107 146
108 6
108 16
108 17
108 22
108 28
108 46
108 126
108 133
108 150
109 18
109 26
109 86
109 89
109 112
109 127
109 136
110 8
110 20
110 36
110 84
110 130
110 136
111 3
111 8
111 18
111 22
111 44
111 60
111 115
111 116
112 21
112 34
112 35
112 98
112 108
113 18
113 57
113 72
113 112
113 119
114 47
114 61
114 81
114 104
114 122
115 40
115 58
115 79
115 98
115 103
115 132
115 142
115 147
116 11
116 18
116 25
116 34
116 47
116 48
116 51
116 70
116 74
116 76
116 103
116 132
117 7
117 10
117 15
117 27
117 44
117 47
117 59
117 74
117 123
117 134
117 143
117 149
118 35
118 57
118 69
118 88
118 107
118 110
118 129
118 131
118 143
118 147
119 31
119 46
119 55
119 68
120 3
120 14
120 17
120 77
120 97
120 113
121 6
121 11
121 15
121 63
121 72
121 85
121 109
121 128
121 132
121 134
121 142
121 150
122 28
122 29
122 33
122 39
122 40
122 53
122 83
122 92
122 102
122 112
122 149
123 6
123 13
123 39
123 59
123 112
123 140
124 43
124 66
124 78
124 115
125 21
125 58
125 64
125 70
125 91
125 99
125 128
126 4
126 15
126 50
126 73
126 100
126 125
126 132
127 43
127 67
127 92
127 97
127 108
127 115
128 51
128 59
128 95
128 96
128 110
128 112
128 129
128 142
128 145
128 147
129 32
129 68
129 81
129 87
129 96
129 123
130 13
130 58
130 79
130 112
130 138
131 2
131 4
131 31
131 35
131 36
131 37
131 80
131 138
132 7
132 27
132 54
132 67
132 93
133 1
133 6
133 30
133 40
133 41
133 47
133 103
133 111
133 132
134 5
134 68
134 93
134 119
134 129
134 141
135 15
135 42
135 76
135 82
135 87
135 94
135 129
135 137
135 142
135 148
136 19
136 27
136 29
136 40
136 62
136 64
136 73
136 92
136 124
137 26
137 37
137 39
137 73
137 106
137 134
138 11
138 15
138 41
138 110
138 124
138 125
138 135
138 149
139 26
139 30
139 55
139 85
139 107
139 118
139 126
139 128
140 1
140 4
140 9
140 21
140 104
140 148
141 11
141 17
141 47
141 58
141 100
141 109
141 117
141 128
142 93
142 125
143 90
143 92
143 106
143 111
143 131
143 139
144 6
144 63
144 65
144 66
145 49
145 63
145 110
145 138
146 6
146 18
146 26
146 31
146 50
146 59
147 31
147 46
147 109
147 117
148 24
148 26
148 75
148 100
148 143
149 17
149 28
149 44
149 49
149 60
149 137
150 12
150 59
150 88
150 114
150 119
150 131
150 143
150 149

