300 750
108 113 73 97 67 51 99 73 44 52 113 40 98 80 94 92 97 65 120 102 107 80 32 48 90 105 108 77 47 117 110 105 93 43 77 25 62 120 50 114 65 32 59 105 120 25 85 55 38 72 29 87 116 98 57 63 116 106 82 29 113 40 67 38 105 25 96 108 97 71 60 116 115 62 28 85 30 20 25 84 32 34 50 51 26 68 45 21 80 29 83 53 62 96 66 68 80 100 33 47 44 40 68 90 36 108 117 75 56 39 45 116 99 85 22 34 28 96 37 78 102 25 34 95 51 62 101 46 23 97 21 69 52 99 68 81 48 94 64 30 100 99 74 83 44 67 92 91 66 24 46 80 39 92 83 98 83 79 31 97 69 118 115 91 36 41 85 57 50 60 76 72 90 99 110 66 118 98 77 85 81 73 27 107 99 22 59 35 82 22 29 93 102 66 77 88 114 89 83 22 68 117 108 87 118 37 21 44 98 115 29 114 101 56 42 74 66 57 74 54 104 81 23 87 85 49 87 63 35 60 54 39 74 53 53 93 84 27 101 106 42 110 21 61 88 100 95 112 88 66 91 32 57 113 22 88 53 22 108 98 106 97 57 98 71 72 71 81 84 34 113 104 23 86 43 32 95 104 88 24 86 85 86 98 54 104 75 57 86 118 69 112 56 55 72 65 33 93 102 101 
1 62
1 230
2 189
3 33
3 80
3 162
3 191
4 73
4 225
5 16
5 107
6 89
7 62
7 136
9 90
9 187
10 61
10 241
10 253
11 74
11 135
11 189
11 254
12 1
12 23
12 290
13 62
13 88
13 166
13 234
14 72
14 231
15 198
16 77
17 123
18 140
18 190
19 147
19 195
20 68
20 106
20 178
22 16
23 8
24 64
24 109
24 204
24 257
25 42
25 162
26 253
27 183
27 221
29 57
29 77
30 193
30 224
32 117
32 265
32 284
33 16
33 31
33 59
33 120
33 269
34 6
34 123
34 165
35 237
36 61
36 132
37 21
37 47
37 82
37 92
37 111
37 169
37 237
37 263
39 189
39 194
40 49
40 117
40 255
41 98
41 195
42 264
43 123
43 219
43 271
44 34
44 42
44 126
44 159
44 268
45 19
45 40
45 96
46 1
46 267
47 97
48 64
48 148
49 14
49 85
49 238
50 264
51 143
51 204
51 241
52 51
52 63
52 70
52 78
53 26
53 200
54 7
54 160
54 214
54 283
54 291
55 45
55 107
55 132
55 231
57 98
57 208
57 267
58 104
58 129
58 204
58 214
59 150
61 153
62 96
62 225
62 265
63 4
63 43
63 153
63 186
64 262
65 49
66 126
66 161
67 223
67 247
68 84
68 93
68 195
69 63
69 73
69 83
69 137
70 128
70 151
70 166
71 113
71 243
72 54
72 105
72 184
72 227
72 300
73 96
75 17
75 23
75 72
75 119
75 193
75 255
76 27
76 187
76 201
77 32
77 192
77 280
78 46
79 8
79 108
79 207
79 226
79 234
80 34
81 150
81 162
81 209
81 255
82 83
82 180
82 273
83 84
83 286
84 112
84 174
84 271
85 121
85 152
86 35
86 176
86 185
87 7
87 45
87 139
88 29
88 37
88 166
88 182
89 271
90 129
90 194
90 219
91 2
91 260
92 152
92 233
94 39
94 272
95 150
95 154
95 271
97 72
97 178
98 8
98 81
98 86
99 110
99 225
99 237
100 86
100 291
101 40
101 87
101 287
102 58
103 108
104 14
104 38
104 143
104 201
104 215
105 108
105 144
105 182
105 203
105 240
105 273
107 86
108 9
108 259
110 298
112 165
113 132
113 143
113 264
114 66
115 43
115 48
115 54
116 77
116 125
116 135
117 4
117 153
118 300
119 15
120 49
120 146
121 152
122 35
122 48
122 128
122 181
122 266
122 269
122 281
123 88
124 59
124 128
124 266
124 282
125 276
126 84
126 141
126 286
127 36
127 186
127 208
127 297
128 129
128 193
129 29
129 77
129 245
130 164
131 66
131 71
131 85
131 125
131 215
131 236
132 82
132 146
132 198
133 265
135 131
135 149
135 279
136 88
136 216
137 158
137 175
138 135
139 2
139 7
139 198
139 209
140 47
140 122
140 156
140 278
141 22
141 23
141 283
142 122
142 183
142 238
142 266
142 278
143 30
143 58
143 126
143 198
144 21
145 117
145 192
146 297
147 136
147 162
147 242
148 96
148 249
148 278
149 20
149 170
149 179
149 184
149 245
150 113
150 263
151 288
151 290
152 19
152 249
153 60
153 234
154 26
154 93
154 94
154 158
155 96
155 203
156 186
156 262
156 299
157 25
157 54
157 120
157 165
158 209
159 68
160 153
160 184
162 70
162 214
162 218
162 265
163 4
163 203
164 202
164 229
164 276
165 249
166 25
167 140
167 246
168 69
168 131
168 132
168 162
168 185
168 186
169 176
169 208
169 227
169 238
169 296
170 93
171 250
172 16
172 276
173 30
174 96
175 80
175 82
175 100
175 121
175 214
176 16
176 209
177 288
177 300
178 133
179 131
180 239
180 292
181 155
181 200
181 269
182 68
183 43
183 112
183 211
183 228
184 6
184 47
185 235
185 275
186 150
186 246
187 165
187 212
188 110
188 216
188 244
188 285
189 5
189 16
189 49
189 77
189 231
190 46
190 171
190 227
191 72
191 251
192 47
192 74
192 125
192 194
192 246
193 7
193 106
193 287
194 172
194 241
194 295
195 152
195 277
196 103
196 104
196 176
197 152
197 166
197 190
198 27
198 87
198 131
198 138
198 166
198 229
198 244
198 267
200 8
200 54
200 58
200 77
200 187
201 101
201 137
202 22
203 64
203 170
203 282
204 71
204 83
204 85
204 94
204 231
205 28
205 144
205 180
205 287
206 86
207 167
207 247
207 282
208 113
208 135
208 214
209 42
210 20
210 278
210 287
211 77
211 143
211 229
212 163
213 42
213 284
214 18
215 220
216 103
216 300
217 225
218 36
218 43
218 54
218 104
219 31
219 164
219 185
219 296
220 126
220 195
221 28
221 110
222 3
222 68
222 154
223 150
223 188
223 288
224 48
224 218
225 84
225 97
225 166
225 180
225 191
225 271
226 152
227 82
227 106
227 114
227 210
228 126
228 133
228 294
229 139
229 217
230 81
230 235
231 199
232 62
232 268
234 50
234 242
235 84
235 176
235 299
236 72
236 89
236 115
237 162
237 166
237 191
237 224
238 59
238 219
239 141
239 159
239 222
239 249
240 142
240 281
240 282
240 288
241 26
241 181
241 198
241 250
241 264
241 287
242 19
242 64
242 156
243 54
243 109
243 160
244 3
244 183
245 32
245 151
245 195
245 237
245 263
246 122
246 137
246 142
246 204
246 252
247 122
247 180
247 262
249 14
249 159
249 222
249 224
249 253
249 267
250 33
250 49
251 45
251 120
251 202
251 267
252 103
252 128
252 275
252 296
253 260
254 66
255 84
255 132
255 267
255 290
256 135
257 70
257 162
257 174
258 164
258 230
258 234
258 235
259 81
259 215
259 253
260 21
260 159
260 175
260 227
260 232
261 136
262 217
262 284
263 41
263 127
263 128
263 281
265 5
266 107
266 202
267 9
267 27
267 173
267 180
268 57
268 277
269 7
269 239
269 246
269 266
270 79
270 100
270 128
270 197
270 200
271 209
271 295
271 297
272 2
273 128
273 274
274 60
274 128
274 160
274 162
274 165
274 184
275 251
276 79
276 195
277 175
277 250
277 281
278 120
278 190
280 267
281 125
281 189
281 207
282 29
282 103
282 224
283 37
283 284
284 53
284 69
284 141
284 151
284 288
285 35
285 94
285 103
286 169
286 170
286 296
287 3
287 169
288 105
288 267
288 268
290 33
290 36
291 24
291 29
291 147
291 159
291 188
292 19
292 118
292 191
292 261
293 28
293 30
293 178
294 179
295 76
295 170
295 210
295 236
295 286
296 13
296 181
296 208
297 71
297 85
298 20
298 56
298 174
298 274
298 281
299 84
299 216
299 255
300 69
300 91
300 151
300 276

