150 750
93 114 63 104 81 23 31 97 45 79 23 50 29 54 117 33 71 77 103 105 35 31 31 89 84 97 82 103 63 94 46 98 64 61 117 24 46 72 66 96 104 31 22 39 29 94 110 106 42 76 58 35 64 85 48 51 57 77 79 76 108 73 115 24 39 62 25 104 29 54 117 21 90 25 68 68 65 78 63 43 75 111 90 64 74 113 55 108 46 63 39 53 55 90 100 120 120 55 80 71 97 104 58 101 61 71 96 96 101 96 104 42 55 84 120 117 92 113 54 78 40 69 96 82 36 29 77 44 110 87 67 112 51 111 52 41 32 46 99 94 93 36 48 30 111 22 27 76 36 22 
1 30
1 38
1 50
1 55
1 57
2 19
2 59
2 99
2 114
3 30
3 49
3 86
3 112
4 67
4 74
5 19
5 62
5 120
6 32
6 34
6 40
7 27
7 88
7 94
7 116
7 132
7 134
7 139
8 4
8 11
8 15
8 30
8 32
8 69
8 86
8 105
8 119
9 87
9 101
9 131
10 14
10 27
10 71
10 79
10 92
10 108
11 20
11 60
11 63
11 97
11 101
11 111
12 56
12 110
12 143
13 14
13 53
13 83
13 100
14 3
14 94
14 125
15 38
15 50
15 78
15 105
15 111
15 114
16 30
17 21
17 77
17 85
17 150
18 22
18 54
18 130
19 31
19 36
19 37
19 60
19 103
19 106
20 19
20 33
20 133
21 10
21 14
21 28
21 39
21 58
21 65
22 7
22 36
22 41
22 83
22 88
22 119
23 26
23 90
23 96
23 130
24 3
24 34
24 49
24 50
25 101
25 112
25 121
25 132
26 28
26 48
26 72
26 144
27 33
27 57
27 97
27 135
27 147
28 31
28 32
28 71
30 37
30 70
31 14
31 89
31 101
31 112
31 120
32 24
32 57
32 65
32 66
32 76
32 80
32 101
32 140
33 12
33 30
33 57
33 61
33 71
33 74
33 89
33 119
33 142
34 19
34 51
34 69
34 123
34 130
35 44
35 97
36 85
36 96
36 107
36 126
37 44
37 83
38 8
38 17
38 44
38 49
38 52
38 82
38 90
38 95
38 116
39 44
39 63
39 105
40 26
40 34
40 42
40 71
40 104
40 122
41 8
41 17
41 18
41 31
41 77
41 102
41 131
42 11
42 41
42 72
42 104
42 138
42 140
42 146
43 11
43 54
43 77
43 81
43 86
43 95
43 113
43 141
44 24
44 86
44 107
45 131
45 140
45 145
46 27
46 107
46 125
47 10
47 42
47 84
47 103
47 109
48 92
49 116
49 121
49 125
49 137
50 6
50 16
50 67
50 68
51 12
51 106
51 115
51 119
52 40
52 41
52 45
52 61
52 98
52 112
53 9
53 104
53 147
54 2
55 37
55 58
55 64
56 3
56 4
56 11
56 29
56 67
56 83
56 122
56 129
56 142
57 82
57 103
57 117
57 128
57 149
58 3
58 56
58 65
59 5
59 23
59 41
59 46
59 91
59 98
60 9
60 37
60 69
61 15
61 39
61 57
61 60
61 78
61 109
61 112
61 113
61 142
62 39
62 44
62 73
62 108
62 141
62 145
63 19
63 46
63 87
63 97
63 107
64 80
64 105
64 140
65 9
65 61
65 99
65 145
66 5
66 10
66 53
66 110
66 125
67 11
67 39
67 80
67 147
68 64
68 83
68 110
68 138
69 30
69 46
69 64
69 105
69 138
70 54
70 72
70 102
70 110
71 38
71 44
71 48
71 59
71 92
71 122
72 7
72 44
72 100
73 25
73 35
73 84
73 114
73 131
74 1
74 64
74 88
74 97
74 121
74 137
75 36
75 61
75 83
75 94
75 114
75 138
75 139
76 40
76 54
76 119
77 1
77 6
77 24
77 32
77 87
77 100
77 114
78 3
78 30
78 38
78 74
79 9
79 77
79 78
79 120
79 130
79 134
79 149
80 9
80 11
80 45
80 68
80 75
81 11
81 37
81 77
81 109
81 115
81 134
81 142
82 43
82 48
82 49
82 63
82 105
82 117
82 127
82 141
82 149
83 16
83 95
84 4
84 40
84 94
84 98
84 131
84 149
85 19
85 20
85 39
85 53
85 82
85 106
85 150
86 46
86 47
86 50
86 62
86 77
86 81
86 95
86 106
86 109
86 110
87 37
87 54
87 57
87 85
87 101
87 140
87 147
88 2
88 67
89 36
89 45
89 126
89 143
90 60
90 62
90 88
90 132
91 13
91 42
91 109
91 121
91 123
91 126
92 4
92 70
92 73
92 76
92 117
93 91
93 140
93 144
94 2
94 16
94 85
95 136
96 9
96 22
97 10
97 49
97 62
97 72
97 73
98 38
98 53
98 74
98 119
98 127
98 137
99 10
99 12
99 20
99 31
99 76
99 88
99 115
99 116
99 132
100 4
100 15
100 38
100 55
100 56
100 99
101 35
101 63
101 91
101 115
101 130
102 16
102 115
102 122
102 128
102 135
103 14
103 29
103 37
103 43
103 97
103 131
103 141
104 6
104 47
104 61
104 67
104 77
104 97
105 7
105 11
105 32
105 114
106 26
106 34
106 135
106 137
106 139
107 9
107 110
107 140
108 18
108 37
108 47
108 99
108 123
109 6
109 25
109 31
109 37
109 65
109 87
109 100
110 18
110 39
110 44
110 48
110 51
110 55
110 83
110 89
111 13
111 67
111 72
111 85
111 104
111 125
111 130
111 137
112 1
112 15
112 18
112 67
112 71
112 92
112 143
113 2
113 63
113 75
113 101
113 114
113 138
114 6
114 14
114 61
114 95
114 119
114 141
114 146
115 70
115 125
115 147
116 20
116 22
116 67
116 95
116 112
116 129
116 133
116 145
117 8
117 10
117 28
117 139
118 1
118 15
118 57
118 86
118 94
118 100
119 13
119 35
119 50
119 55
119 62
119 82
119 100
119 131
119 133
120 42
120 94
120 112
121 11
121 12
121 20
121 40
121 52
121 93
121 109
121 111
121 147
122 19
122 34
122 58
122 84
122 85
122 90
122 133
122 142
122 144
123 9
123 35
123 65
123 90
124 27
124 41
124 61
124 72
124 100
124 105
124 133
124 150
125 8
125 41
125 42
125 70
125 114
125 149
126 22
126 34
126 53
126 72
126 144
127 11
127 32
127 34
127 41
127 68
127 122
127 149
128 4
128 21
128 33
128 41
128 56
128 71
128 83
128 100
128 114
128 129
129 17
129 39
129 48
129 65
129 109
129 133
129 143
130 13
130 77
130 81
130 91
130 99
130 121
131 15
131 25
131 48
131 72
131 76
131 94
131 102
131 108
131 128
131 137
132 11
132 78
132 107
132 112
132 115
133 55
133 58
133 63
133 73
133 76
133 82
133 91
133 131
133 145
134 3
134 51
134 68
134 87
134 100
134 137
134 138
135 44
135 99
135 115
136 123
137 47
137 68
137 101
138 19
138 67
138 86
138 117
138 131
139 46
139 48
139 92
139 108
139 133
139 141
140 16
140 27
140 110
140 119
140 135
140 146
141 57
141 74
141 100
142 27
142 72
142 75
142 111
142 116
143 25
143 26
143 29
143 38
143 50
143 104
144 36
144 84
144 97
144 110
145 16
145 25
145 35
145 36
145 67
145 131
146 11
146 37
146 57
146 125
146 147
147 6
147 116
148 31
148 35
148 83
149 20
149 58
149 104
150 89

