150 1000
24 43 112 37 33 27 114 78 97 101 99 54 101 101 46 78 118 54 55 59 67 108 106 113 105 56 57 36 77 58 22 44 49 64 87 111 28 41 39 92 30 116 112 110 101 25 69 102 76 49 62 101 68 93 49 46 60 86 24 51 40 34 91 37 33 100 44 84 44 107 22 71 83 64 24 91 61 89 49 82 58 32 41 77 61 45 62 87 98 84 27 89 73 62 50 118 22 23 21 94 100 95 31 57 95 83 40 89 108 109 107 94 73 101 84 87 118 34 67 98 84 78 53 31 66 97 26 47 120 55 21 39 35 78 34 27 46 51 45 54 60 53 74 102 60 116 62 90 119 107 
1 6
1 86
1 115
1 120
1 133
2 17
2 52
2 86
2 92
2 93
2 98
2 111
2 127
2 141
2 143
2 148
3 19
3 33
3 38
3 43
3 55
3 67
3 113
3 133
3 144
3 146
4 25
4 29
4 31
4 38
4 45
4 58
4 74
4 111
5 1
5 32
5 77
5 82
5 126
6 7
6 24
6 72
7 4
7 25
7 41
7 57
7 62
7 103
7 127
8 7
8 29
8 42
8 71
8 74
8 78
8 88
8 95
8 139
9 22
9 59
9 67
10 25
10 33
10 41
10 63
10 76
10 99
11 21
11 23
11 24
11 65
11 67
11 108
11 122
11 129
11 139
11 141
12 23
12 79
12 96
13 47
13 81
13 117
13 128
13 133
13 143
13 148
14 6
14 15
14 64
14 103
14 128
15 12
15 26
15 63
15 79
16 12
16 17
16 32
16 37
16 45
16 58
16 77
16 87
16 91
16 94
16 122
17 26
17 30
17 33
17 75
17 146
18 10
18 23
18 39
18 42
18 53
18 92
18 105
18 113
18 130
19 47
19 52
19 85
19 86
19 94
19 148
20 54
20 55
20 64
20 98
21 45
21 77
21 92
21 96
21 102
21 120
21 128
21 142
22 33
22 39
22 79
22 108
22 121
22 130
22 133
22 134
23 62
23 138
24 46
24 76
25 13
25 55
25 96
25 100
26 28
26 41
26 69
26 77
26 86
26 108
26 122
27 7
27 67
27 127
28 12
28 30
28 33
28 74
28 90
28 104
28 116
28 139
29 11
29 13
29 27
29 47
29 48
29 60
29 73
29 90
29 117
30 11
30 32
30 47
30 51
30 74
30 117
31 3
31 5
31 26
31 34
31 95
31 104
31 138
32 25
32 34
32 44
32 128
33 8
33 124
34 80
34 85
34 102
34 115
34 126
34 139
34 146
35 2
35 27
35 53
35 73
35 94
35 108
35 142
35 147
36 10
36 15
36 85
36 130
36 131
36 133
36 137
37 64
37 104
37 116
37 142
38 22
38 51
38 58
38 102
38 112
39 45
39 70
39 77
39 86
39 111
39 117
39 128
40 10
40 76
40 88
40 93
40 98
40 137
41 61
41 93
41 126
41 133
42 5
42 29
42 31
42 56
42 82
42 109
42 115
42 125
43 2
43 4
43 17
43 33
43 81
43 89
43 114
43 115
44 10
44 24
44 35
44 40
44 73
44 106
44 123
44 124
44 134
45 48
45 53
45 60
45 82
45 111
46 13
46 26
46 77
46 97
46 132
46 136
47 9
47 51
47 53
47 150
48 21
48 25
48 50
48 68
48 71
48 85
48 93
48 102
48 120
48 125
49 21
49 32
49 35
49 45
49 69
49 72
49 110
49 115
50 61
50 68
50 80
50 96
51 33
51 37
51 50
51 83
51 102
51 147
52 5
52 16
52 29
52 48
52 50
52 54
52 64
52 67
52 85
52 87
52 93
52 134
52 145
53 8
53 30
53 33
53 98
53 113
54 6
54 56
54 77
54 103
54 104
54 106
54 127
54 145
55 17
55 21
55 33
55 61
55 128
55 150
56 2
56 3
56 50
56 62
56 70
56 94
56 98
57 3
57 29
57 55
57 61
57 69
57 104
57 136
58 15
58 23
58 27
58 42
58 72
58 73
58 83
58 85
58 135
59 14
59 19
59 29
59 33
59 65
59 122
59 138
60 4
60 24
60 65
60 85
60 97
60 150
61 15
61 21
61 44
61 48
61 104
61 111
61 118
62 9
62 63
62 67
62 70
62 112
62 124
62 135
63 5
63 64
63 76
63 86
63 115
63 144
63 150
64 26
65 13
65 23
65 24
65 45
65 46
65 124
65 135
66 6
66 25
66 30
66 57
66 77
66 88
66 93
66 122
66 131
67 54
67 84
67 139
67 142
68 9
68 51
68 112
68 134
68 143
69 52
69 54
69 83
69 101
69 112
69 123
69 138
69 148
70 27
70 28
70 30
70 53
70 61
70 149
71 7
71 11
71 24
71 78
71 83
71 115
71 121
72 53
72 65
72 93
72 101
72 123
72 125
72 138
73 15
73 28
73 52
73 101
73 142
74 32
74 40
74 58
74 60
74 84
74 92
74 104
74 125
75 20
75 34
75 42
75 80
75 108
75 127
75 136
76 41
76 47
76 74
76 77
76 116
76 133
77 17
77 37
77 40
77 45
77 55
77 98
77 106
78 4
78 7
78 9
78 20
78 33
78 44
78 76
78 77
78 136
79 2
79 9
79 11
79 55
79 101
79 115
79 135
80 7
80 19
80 22
80 38
80 52
80 54
80 58
80 77
80 90
80 111
80 118
80 128
81 42
81 58
81 91
81 119
81 134
81 147
81 149
82 49
82 83
82 90
82 92
82 103
82 116
82 136
83 2
83 81
83 107
83 129
83 135
83 145
84 25
84 28
84 78
84 86
84 102
84 106
84 121
84 125
84 128
85 87
85 144
86 20
86 74
86 88
86 95
86 116
86 120
87 45
87 49
87 54
87 61
87 77
87 78
87 79
87 119
88 19
88 32
88 39
88 47
88 84
88 87
88 89
88 104
88 141
89 21
89 41
89 55
89 58
89 92
89 99
89 136
90 7
90 78
90 85
90 148
91 8
91 19
91 43
91 130
91 140
92 5
92 16
92 107
92 119
93 18
93 25
93 31
93 69
93 75
93 85
93 95
93 107
93 115
93 135
93 143
94 70
94 72
94 125
94 127
95 6
95 36
95 49
95 59
95 71
95 92
96 1
96 55
96 85
96 119
96 142
97 7
97 10
97 24
97 61
97 64
97 89
97 102
98 51
98 81
98 91
98 106
98 111
98 117
98 148
98 149
99 9
99 36
99 37
99 66
99 74
99 93
99 116
99 133
99 136
99 146
100 40
100 74
100 88
100 109
100 111
101 98
101 104
101 114
101 137
101 142
102 32
102 70
102 129
102 142
103 43
103 68
103 112
104 7
104 9
104 15
104 27
104 79
104 81
104 107
105 71
105 98
105 139
106 74
106 82
106 90
106 103
106 113
106 126
106 139
107 30
107 77
107 85
107 95
107 98
107 120
107 129
107 134
108 34
108 69
108 93
108 95
108 104
109 7
109 12
109 66
109 85
109 106
109 112
109 123
109 133
110 4
110 27
110 31
110 34
110 57
110 60
110 120
110 128
111 19
111 21
111 29
111 43
111 50
111 150
112 5
112 12
112 43
112 74
112 93
112 132
113 57
113 73
113 93
113 99
113 123
113 124
113 139
113 141
113 143
113 146
114 3
114 10
114 19
114 39
114 64
114 77
114 82
114 90
114 133
114 144
115 30
115 32
115 59
115 65
115 82
115 96
115 132
116 35
116 48
116 101
116 103
117 81
117 107
117 121
117 129
118 6
118 9
118 31
118 46
118 99
118 110
118 113
119 13
119 34
119 42
119 64
119 77
119 105
119 116
119 147
120 3
120 14
120 26
120 58
120 66
120 92
120 132
120 138
120 150
121 4
121 35
121 78
121 91
121 108
122 31
122 44
122 54
122 60
122 95
123 20
123 27
123 110
123 114
124 16
124 71
124 101
124 130
124 133
124 137
124 139
125 9
125 18
125 43
125 54
125 113
125 124
126 14
126 49
126 108
126 115
127 5
127 22
127 29
127 36
127 48
127 52
127 56
127 102
127 137
128 25
128 48
128 58
128 60
128 73
128 104
128 130
128 136
128 137
128 141
128 144
128 146
129 8
129 29
129 116
130 15
130 19
130 28
130 56
130 64
130 71
130 85
130 94
130 101
130 109
130 118
130 120
130 149
131 4
131 20
131 28
131 47
131 74
131 94
131 104
131 144
132 10
132 17
132 33
132 42
132 58
132 70
132 107
132 110
132 126
132 150
133 34
133 50
133 71
133 72
133 138
134 26
134 65
134 83
134 95
134 122
134 133
134 135
134 142
135 6
135 48
135 120
135 130
135 143
136 39
136 49
136 93
136 106
136 115
136 116
136 142
137 45
137 46
137 68
137 98
137 116
137 122
138 3
138 20
138 24
138 39
138 45
138 54
138 71
138 86
138 101
138 110
138 112
138 141
138 143
139 77
139 96
139 108
140 13
140 61
140 122
140 126
140 137
140 139
141 5
141 49
141 53
141 86
141 110
141 145
142 1
142 7
142 15
142 29
142 53
142 69
142 71
142 81
142 84
142 103
142 132
142 137
143 30
143 41
143 128
143 141
144 41
144 58
144 126
144 140
145 1
145 9
145 39
145 40
145 44
145 84
145 97
145 122
145 133
145 134
145 135
146 27
146 48
146 65
146 112
146 135
147 3
147 9
147 18
147 22
147 52
147 53
147 96
147 98
147 122
147 139
148 27
148 47
148 54
148 60
148 75
148 86
148 113
148 134
148 136
148 145
149 31
149 50
149 68
149 73
149 111
149 120
149 121
149 135
150 40
150 43
150 49
150 58
150 77
150 96
150 99
150 115
150 117
150 123
150 139

