250 750
101 37 25 28 64 96 29 96 44 88 104 34 60 97 46 106 68 93 86 96 64 51 57 32 72 37 80 38 95 98 65 98 31 113 23 109 118 88 120 48 109 42 79 95 108 55 80 35 69 68 109 63 109 23 67 40 33 55 112 75 118 120 110 29 72 119 103 71 75 27 47 51 26 89 49 119 71 41 108 65 106 58 91 36 90 90 69 59 79 81 90 48 45 35 104 72 94 120 80 33 42 100 34 95 68 60 28 102 106 50 44 65 99 78 81 72 114 120 44 57 109 49 77 74 34 63 28 55 65 39 59 102 114 112 53 57 102 109 81 51 107 40 88 39 88 69 30 53 25 72 110 97 54 27 84 108 65 102 31 58 118 92 55 31 39 39 104 34 85 46 71 49 113 24 73 24 33 87 79 29 30 106 33 60 64 103 72 113 88 79 41 61 62 110 119 37 96 89 46 26 73 33 76 24 104 30 90 107 44 23 66 43 116 109 20 76 73 46 73 46 32 78 81 79 39 58 52 21 110 105 112 44 68 77 99 64 74 95 63 80 33 37 79 44 106 52 74 118 97 92 
1 112
2 23
2 80
2 82
3 56
3 68
3 111
3 145
3 155
3 216
4 24
5 19
5 149
6 86
6 123
6 178
6 198
7 58
7 75
7 116
8 60
8 90
8 106
9 222
10 176
11 17
11 131
11 195
11 226
11 243
11 245
12 6
12 234
13 32
13 37
13 145
13 158
13 243
14 24
14 69
14 206
14 223
15 43
15 67
15 162
15 188
16 72
16 103
16 111
16 178
16 182
17 205
18 68
18 114
18 132
18 136
18 145
19 208
20 76
20 82
20 108
20 121
20 147
20 224
21 83
21 102
22 177
23 179
23 181
24 7
24 26
24 209
26 14
26 41
26 109
26 124
26 141
26 179
27 185
28 77
28 90
28 95
28 108
28 223
29 35
29 64
29 150
29 177
30 79
30 132
31 130
31 153
31 166
31 220
31 244
32 4
32 53
32 138
32 190
32 204
33 2
33 42
33 68
33 178
34 99
34 111
34 215
34 225
35 5
36 11
37 87
38 3
38 99
38 147
39 41
39 118
39 162
39 247
40 195
40 232
41 61
42 205
43 37
43 246
44 14
44 27
44 128
45 16
45 126
46 2
46 122
46 240
47 27
47 39
47 120
47 122
47 140
47 196
47 207
47 230
47 238
48 164
49 62
49 71
49 184
50 38
50 65
50 85
50 158
51 99
51 125
51 145
52 125
52 129
52 159
52 164
53 74
53 138
54 200
54 225
54 238
55 52
55 115
55 160
55 178
55 219
56 76
56 81
56 106
58 108
58 123
58 154
58 156
58 205
59 4
59 54
59 137
59 196
60 30
60 90
60 148
61 63
61 176
61 217
62 47
62 75
62 76
62 248
63 179
63 206
63 223
64 1
64 54
65 9
65 46
65 69
65 70
65 98
65 198
66 47
66 214
67 72
67 167
67 187
69 93
70 155
71 25
71 52
71 92
71 120
71 156
71 173
71 250
72 195
73 151
73 223
74 31
74 44
74 73
74 123
74 208
75 1
75 22
75 34
75 44
75 180
76 17
76 65
76 146
76 156
76 166
76 232
77 6
77 16
77 29
77 51
77 199
78 43
78 49
78 161
79 16
79 52
79 86
79 221
80 144
80 181
80 199
81 4
81 39
81 77
82 34
83 107
83 114
83 163
83 243
84 38
84 43
84 45
84 239
85 25
85 117
85 148
86 10
86 15
86 20
86 27
86 168
86 202
87 110
87 158
88 42
89 124
89 170
89 179
90 11
90 152
90 238
91 15
91 70
91 195
92 245
92 246
93 99
93 105
93 130
93 214
94 170
94 179
94 210
95 26
95 86
96 181
96 244
97 22
97 77
97 145
99 146
100 189
101 23
102 2
102 18
102 56
102 90
102 169
102 209
102 231
103 10
103 67
104 173
104 179
105 30
105 110
105 144
105 211
106 65
106 82
106 88
106 201
106 219
108 31
108 71
109 70
109 76
109 234
110 33
110 38
110 74
110 159
110 233
110 234
110 246
112 15
112 21
113 142
113 219
113 242
114 23
114 62
114 72
114 243
115 134
116 62
116 205
116 227
117 12
117 214
118 109
118 115
118 202
119 96
119 134
119 167
119 206
120 31
120 214
121 87
121 99
121 125
121 128
121 129
121 178
122 4
122 49
122 60
122 143
123 54
123 75
124 23
124 44
124 50
124 212
124 242
124 244
125 4
125 45
125 82
125 95
125 149
125 163
126 37
126 77
126 193
126 204
127 193
128 126
128 169
129 40
129 57
129 80
129 106
129 189
129 208
130 187
130 190
133 67
133 93
133 164
133 194
134 20
135 40
135 71
135 221
135 225
135 250
136 156
136 242
137 37
137 96
137 123
138 20
138 43
139 62
139 74
139 141
139 208
140 115
140 182
141 12
141 34
141 211
142 51
142 95
142 135
143 20
143 31
143 80
144 157
144 229
145 71
146 196
147 105
147 239
148 62
148 75
148 128
148 216
149 199
149 236
150 31
150 108
150 151
150 161
150 173
150 199
150 209
150 214
151 92
151 191
152 82
152 167
152 214
152 236
153 26
153 243
154 8
154 84
155 23
155 29
155 60
155 94
155 167
155 182
156 34
156 114
156 139
156 162
156 218
157 149
158 10
158 60
158 94
158 137
160 199
160 205
161 6
161 246
162 160
163 30
163 169
163 171
163 172
164 18
164 88
164 107
164 151
164 173
164 238
165 12
165 86
165 206
165 219
165 230
166 62
167 6
167 101
167 104
167 166
167 177
167 213
169 33
170 18
170 95
170 169
170 190
170 204
170 236
171 70
171 90
171 249
172 115
173 171
173 179
174 36
174 92
174 178
175 98
175 179
175 195
176 146
177 27
177 35
177 70
178 32
178 46
178 88
178 219
179 4
179 28
179 82
180 134
181 12
181 55
181 183
181 191
181 192
181 228
182 39
182 201
184 5
184 7
184 12
184 19
184 28
184 59
184 100
184 101
184 147
184 202
185 11
185 125
185 166
186 65
187 41
187 94
187 114
187 141
187 190
189 75
189 104
189 110
189 237
190 77
190 131
190 135
190 222
191 39
191 78
191 111
191 190
192 55
192 142
192 149
192 235
193 80
194 71
194 177
194 210
195 117
195 118
196 183
196 214
197 94
197 114
197 194
197 200
198 123
198 171
199 53
199 112
199 152
200 11
200 55
200 140
200 163
200 177
200 204
200 208
201 7
201 165
202 83
203 6
203 23
203 215
203 218
204 6
204 83
204 190
205 19
205 66
205 182
205 214
205 249
206 17
206 23
206 40
206 57
206 105
207 51
207 80
208 141
208 148
208 191
209 210
211 94
211 108
211 163
211 242
212 11
212 40
212 97
212 108
212 152
212 159
213 43
213 193
214 203
214 238
215 138
216 47
216 236
217 57
217 66
217 204
218 76
218 87
218 94
219 174
220 147
221 52
221 117
222 110
222 239
223 17
223 159
223 183
224 39
224 93
224 232
225 45
225 124
225 247
226 29
226 45
226 111
227 203
228 80
228 133
228 148
228 155
229 76
229 96
229 112
229 124
229 201
229 240
229 249
230 134
230 214
231 8
231 51
232 175
232 182
233 83
234 38
234 142
235 61
235 92
235 120
235 240
237 150
237 172
237 195
237 199
237 206
237 220
238 18
238 36
238 64
238 100
239 5
239 22
239 164
239 221
240 5
240 145
240 182
240 200
240 221
240 225
241 166
241 168
241 169
241 197
241 207
242 100
242 114
242 234
243 87
243 133
243 173
243 197
243 199
244 14
244 88
244 176
245 36
245 44
245 89
245 176
245 177
246 8
246 36
246 101
246 137
247 11
247 64
247 109
248 24
248 42
248 64
248 116
248 208
249 18
249 53
249 57
249 189
249 196
249 236
250 42
250 242

