250 3000
110 21 44 90 53 65 71 109 110 74 108 100 110 26 95 64 78 29 106 81 102 32 78 59 48 55 72 40 120 120 81 94 43 64 69 80 24 22 44 31 36 79 20 53 119 112 67 48 66 23 44 64 61 86 68 53 41 89 109 62 107 93 70 43 114 61 28 113 79 93 49 28 100 42 91 109 30 79 29 58 27 20 63 88 117 108 96 44 61 90 91 67 48 20 31 74 110 52 71 102 40 64 109 103 60 39 29 92 34 109 111 70 100 41 109 44 78 75 35 110 109 51 43 97 50 84 85 47 89 60 105 63 45 112 38 95 114 89 81 68 77 96 59 117 35 73 91 95 106 49 100 65 92 102 56 104 71 89 109 117 84 49 31 52 71 53 91 94 93 72 50 79 100 102 83 30 49 119 38 84 79 83 88 81 51 49 25 88 82 40 85 72 71 96 105 110 118 119 102 60 100 113 51 32 119 60 94 50 67 79 30 63 100 91 108 85 44 26 115 64 69 48 76 71 112 82 110 79 80 59 20 95 78 60 27 90 74 24 33 56 35 56 42 81 94 39 110 107 82 28 
1 16
1 37
1 39
1 69
1 128
1 145
1 175
1 231
1 245
2 10
2 14
2 25
2 37
2 46
2 49
2 89
2 102
2 118
2 165
2 227
2 232
2 234
2 246
2 250
3 27
3 37
3 40
3 72
3 91
3 93
3 99
3 119
3 124
3 131
3 146
3 157
3 163
3 166
3 173
3 197
3 217
3 219
3 250
4 3
4 17
4 39
4 54
4 64
4 81
4 98
4 107
4 125
4 154
4 189
4 205
4 214
4 227
4 242
5 25
5 55
5 106
5 181
5 204
6 7
6 26
6 42
6 47
6 52
6 87
6 88
6 90
6 112
6 115
6 121
6 125
6 128
6 135
6 163
6 181
6 221
7 41
7 64
7 89
7 102
7 105
7 106
7 107
7 108
7 130
7 134
7 159
7 161
7 174
7 221
7 244
8 26
8 35
8 56
8 63
8 78
8 179
8 187
9 3
9 11
9 18
9 49
9 59
9 60
9 66
9 104
9 117
9 126
9 133
9 216
10 63
10 66
10 72
10 118
10 129
10 136
10 140
10 158
10 183
10 207
10 216
10 228
10 235
10 238
11 19
11 27
11 39
11 68
11 74
11 94
11 112
11 128
11 130
11 137
11 159
11 184
11 205
11 214
11 217
12 6
12 30
12 74
12 81
12 102
12 105
12 145
12 146
12 210
12 229
12 236
13 3
13 44
13 55
13 63
13 67
13 88
13 120
13 123
13 130
13 139
13 151
13 156
13 168
13 179
13 182
13 188
13 200
13 210
13 211
13 215
13 242
14 45
14 65
14 100
14 132
14 187
14 201
14 204
15 69
15 96
15 123
15 128
15 150
15 153
15 184
15 195
15 207
15 228
16 30
16 48
16 70
16 72
16 95
16 100
16 105
16 118
16 122
16 141
16 147
16 153
16 157
16 189
17 44
17 101
17 114
17 124
17 130
17 162
17 168
17 171
17 217
18 1
18 13
18 36
18 83
18 129
18 151
18 152
18 188
19 10
19 21
19 28
19 36
19 54
19 106
19 146
19 167
19 178
19 206
19 210
19 223
19 227
19 229
20 16
20 25
20 27
20 31
20 124
20 154
20 174
20 232
20 236
20 250
21 6
21 15
21 63
21 74
21 81
21 114
21 135
21 142
21 149
21 153
21 219
21 225
22 16
22 19
22 36
22 67
22 111
22 122
22 132
22 142
22 143
22 179
23 3
23 16
23 41
23 50
23 66
23 73
23 93
23 104
23 126
23 133
23 142
23 147
23 215
24 6
24 8
24 10
24 25
24 39
24 51
24 53
24 65
24 101
24 141
24 156
24 174
24 195
24 213
25 14
25 29
25 34
25 38
25 39
25 110
25 119
25 129
25 150
25 158
25 171
25 207
25 249
26 37
26 49
26 51
26 62
26 66
26 119
26 127
26 133
26 135
26 153
26 159
26 186
26 221
27 22
27 43
27 83
27 96
27 159
27 193
27 208
27 215
27 239
28 8
28 46
28 68
28 69
28 70
28 76
28 102
28 123
28 126
28 160
28 189
28 193
28 211
28 219
28 250
29 13
29 34
29 36
29 39
29 61
29 67
29 84
29 90
29 105
29 132
29 147
29 241
29 242
29 245
30 25
30 28
30 29
30 33
30 55
30 75
30 109
30 121
30 158
30 218
30 236
30 242
30 243
31 8
31 10
31 44
31 65
31 68
31 70
31 85
31 92
31 151
31 162
31 214
31 242
32 21
32 45
32 47
32 54
32 72
32 109
32 134
32 165
32 198
32 238
33 8
33 17
33 41
33 44
33 64
33 70
33 114
33 134
33 161
33 205
33 226
33 235
34 4
34 57
34 77
34 145
34 187
34 200
34 230
35 26
35 155
35 156
35 157
35 163
35 197
35 206
35 215
35 247
36 1
36 37
36 40
36 59
36 84
36 102
36 125
36 141
36 177
36 183
36 189
36 198
36 218
36 222
36 240
36 248
37 6
37 33
37 72
37 82
37 87
37 113
37 148
37 155
37 166
37 171
37 181
37 206
37 220
38 22
38 27
38 39
38 40
38 61
38 99
38 101
38 103
38 106
38 125
38 157
38 184
39 6
39 41
39 56
39 91
39 102
39 118
39 152
39 167
39 203
39 240
39 249
40 33
40 54
40 59
40 100
40 186
40 189
40 198
40 224
41 4
41 34
41 71
41 98
41 110
41 115
41 124
41 143
41 157
41 206
41 211
41 216
42 21
42 73
42 114
42 116
42 133
42 134
42 144
42 158
42 176
42 183
42 212
42 215
42 243
42 248
43 5
43 8
43 13
43 28
43 29
43 50
43 164
43 250
44 47
44 48
44 74
44 75
44 93
44 117
44 191
44 210
44 228
45 1
45 10
45 26
45 53
45 65
45 100
45 110
45 128
45 131
45 152
45 167
45 176
45 182
45 184
45 199
45 203
46 19
46 32
46 59
46 71
46 99
46 124
46 144
46 161
46 165
46 198
46 242
47 56
47 58
47 86
47 158
47 190
47 198
47 219
47 221
47 226
48 13
48 39
48 63
48 67
48 88
48 116
48 134
48 154
48 159
48 160
48 170
48 187
48 221
48 222
49 11
49 95
49 130
49 154
49 159
49 166
49 176
49 178
49 183
49 199
49 212
49 213
50 1
50 10
50 33
50 44
50 46
50 56
50 107
50 125
50 141
50 174
50 190
50 201
50 207
50 240
51 2
51 44
51 67
51 82
51 88
51 100
51 139
51 142
51 167
51 194
51 200
51 227
51 246
51 248
52 1
52 2
52 16
52 29
52 47
52 65
52 80
52 114
52 117
52 124
52 149
52 161
52 172
52 183
52 192
52 204
53 10
53 48
53 59
53 64
53 120
53 126
53 155
53 163
53 198
53 230
53 244
54 45
54 58
54 84
54 109
54 138
54 161
54 171
54 183
54 185
54 228
54 229
55 48
55 80
55 81
55 86
55 126
55 145
55 152
55 243
56 4
56 37
56 55
56 68
56 70
56 125
56 169
56 189
56 235
57 20
57 22
57 71
57 115
57 120
57 160
57 171
57 181
57 189
57 238
58 8
58 9
58 18
58 49
58 55
58 75
58 104
58 106
58 134
58 140
58 212
58 219
59 51
59 52
59 56
59 63
59 75
59 79
59 86
59 128
59 156
59 170
59 223
59 236
60 29
60 30
60 33
60 120
60 126
60 159
60 186
60 218
60 231
60 234
60 238
60 245
60 246
60 249
61 7
61 47
61 75
61 94
61 96
61 193
61 232
62 24
62 30
62 52
62 82
62 88
62 99
62 131
62 139
62 153
62 158
62 164
62 174
62 180
62 219
62 241
62 249
63 30
63 34
63 46
63 49
63 52
63 64
63 70
63 76
63 79
63 99
63 124
63 167
63 191
63 199
63 221
63 224
64 17
64 21
64 37
64 51
64 55
64 67
64 75
64 116
64 123
64 132
64 194
64 199
64 203
65 30
65 68
65 84
65 89
65 100
65 117
65 130
65 176
65 179
65 184
65 187
65 195
65 199
65 201
65 214
65 221
65 224
65 250
66 6
66 12
66 17
66 57
66 61
66 73
66 82
66 121
66 227
66 248
67 2
67 10
67 18
67 46
67 100
67 114
67 160
67 164
67 167
67 179
67 249
68 21
68 43
68 50
68 88
68 91
68 112
68 128
68 130
68 147
68 181
68 208
68 226
69 32
69 47
69 72
69 84
69 102
69 107
69 138
69 141
69 146
69 168
69 205
69 221
69 227
69 232
70 38
70 123
70 131
70 140
70 142
70 144
70 145
70 166
70 169
70 199
70 204
70 218
71 7
71 28
71 40
71 54
71 66
71 72
71 129
71 162
71 166
72 35
72 46
72 61
72 169
72 196
72 197
72 207
72 212
72 218
72 248
73 22
73 44
73 69
73 70
73 77
73 78
73 127
73 130
73 140
73 177
73 205
73 218
73 221
74 4
74 16
74 19
74 28
74 54
74 69
74 71
74 98
74 125
74 136
74 176
74 192
75 10
75 16
75 31
75 42
75 85
75 96
75 109
75 116
75 127
75 139
75 145
75 153
75 173
75 227
75 249
76 4
76 9
76 10
76 16
76 41
76 72
76 92
76 114
76 118
76 120
76 150
76 156
76 164
76 170
76 199
76 231
76 243
76 250
77 89
77 106
77 123
77 134
77 163
77 224
77 232
78 6
78 50
78 88
78 90
78 154
78 158
78 167
78 173
78 206
78 211
78 212
78 226
78 244
78 250
79 15
79 29
79 35
79 81
79 86
80 5
80 98
80 113
80 125
80 132
80 140
80 156
80 180
80 186
80 188
80 193
80 234
81 36
81 43
81 65
81 131
81 163
81 178
81 214
81 231
81 241
82 27
82 55
82 56
82 150
82 187
82 211
82 224
82 232
82 235
82 245
83 9
83 21
83 22
83 30
83 59
83 77
83 95
83 111
83 115
83 131
83 158
83 167
83 186
83 220
83 235
83 246
83 249
84 46
84 71
84 81
84 88
84 91
84 108
84 122
84 144
84 147
84 150
84 154
84 179
84 198
84 206
84 241
85 49
85 104
85 152
85 168
85 228
85 250
86 9
86 13
86 21
86 150
86 200
86 212
86 213
86 223
86 231
86 240
87 12
87 33
87 38
87 40
87 51
87 53
87 72
87 99
87 109
87 119
87 210
87 217
87 222
87 239
87 244
87 247
88 16
88 37
88 47
88 73
88 149
88 159
88 191
88 193
88 239
89 6
89 20
89 22
89 41
89 44
89 47
89 52
89 107
89 132
89 146
89 154
89 168
89 173
89 177
89 184
89 188
89 200
89 215
89 225
89 232
90 2
90 34
90 38
90 49
90 61
90 71
90 127
90 152
90 153
90 159
90 177
90 194
90 208
90 212
90 213
91 1
91 5
91 29
91 33
91 62
91 76
91 131
91 162
91 165
91 204
91 227
91 232
92 3
92 4
92 32
92 65
92 115
92 213
92 216
92 228
93 8
93 19
93 38
93 45
93 55
93 65
93 125
93 189
93 208
93 229
94 19
94 83
94 105
94 158
94 191
94 201
94 214
94 225
95 6
95 11
95 26
95 51
95 85
95 94
95 144
95 157
95 189
96 42
96 73
96 81
96 92
96 122
96 126
96 153
96 169
96 191
96 203
96 231
97 54
97 100
97 188
97 201
97 226
97 249
98 3
98 14
98 28
98 29
98 33
98 47
98 68
98 79
98 82
98 114
98 153
98 191
98 201
98 214
98 219
98 234
99 7
99 9
99 14
99 36
99 44
99 64
99 75
99 80
99 89
99 95
99 141
99 191
99 212
100 35
100 52
100 61
100 69
100 73
100 94
100 137
100 145
100 162
100 211
100 212
101 6
101 34
101 65
101 66
101 75
101 97
101 135
101 141
101 212
102 35
102 38
102 58
102 76
102 123
102 139
102 195
102 207
102 214
102 227
103 13
103 36
103 70
103 82
103 96
103 98
103 136
103 145
103 156
103 200
104 6
104 45
104 69
104 94
104 96
104 98
104 119
104 135
104 138
104 141
104 160
104 165
104 167
104 209
104 217
104 226
104 238
105 10
105 23
105 42
105 49
105 51
105 59
105 62
105 66
105 84
105 101
105 115
105 120
105 144
105 148
105 154
105 173
105 184
105 185
105 188
105 207
105 213
105 233
106 12
106 33
106 51
106 53
106 62
106 82
106 87
106 105
106 108
106 109
106 116
106 128
107 25
107 31
107 59
107 64
107 67
107 140
107 141
107 147
108 47
108 55
108 76
108 81
108 87
108 89
108 92
108 109
108 159
108 166
108 179
108 200
108 234
108 243
109 15
109 19
109 95
109 116
109 134
109 193
110 19
110 30
110 33
110 36
110 61
110 66
110 86
110 88
110 107
110 146
110 162
110 204
110 217
110 225
111 76
111 81
111 100
111 105
111 109
111 139
111 187
111 208
111 210
111 213
111 249
112 1
112 17
112 24
112 30
112 36
112 46
112 91
112 106
112 117
112 118
112 168
112 171
112 178
112 179
112 204
112 213
112 242
113 2
113 44
113 62
113 77
113 92
113 94
113 119
113 122
113 123
113 139
113 142
113 156
113 212
113 213
114 12
114 97
114 140
114 176
114 177
114 180
114 189
114 204
114 234
114 243
114 250
115 36
115 49
115 51
115 53
115 78
115 81
115 109
115 134
115 145
115 160
115 184
115 193
115 207
115 211
115 218
116 17
116 53
116 95
116 101
116 105
116 144
116 151
116 161
116 177
116 225
117 43
117 71
117 78
117 90
117 98
117 107
117 118
117 119
117 125
117 139
117 190
117 201
117 217
117 219
118 17
118 18
118 54
118 69
118 91
118 113
118 124
118 128
118 137
118 144
118 147
118 172
118 230
118 248
119 10
119 15
119 64
119 88
119 93
119 95
119 214
119 216
119 223
119 233
120 21
120 52
120 67
120 88
120 108
120 113
120 128
120 135
120 136
120 138
120 141
120 154
120 165
120 192
120 193
120 249
121 34
121 47
121 68
121 84
121 119
121 128
121 168
121 169
121 178
121 208
121 237
122 11
122 42
122 56
122 116
122 148
122 152
122 155
122 179
122 194
122 233
123 21
123 67
123 91
123 109
123 127
123 158
123 221
123 228
123 247
123 249
124 4
124 32
124 51
124 56
124 60
124 61
124 82
124 83
124 104
124 114
124 116
124 122
124 129
124 143
124 169
124 181
124 194
124 207
124 225
125 8
125 23
125 32
125 61
125 69
125 79
125 81
125 88
125 97
125 127
125 143
125 144
125 146
125 155
125 158
125 167
125 191
125 192
125 221
125 228
125 242
126 59
126 62
126 78
126 80
126 94
126 111
126 124
126 142
126 166
126 180
126 243
127 16
127 32
127 46
127 48
127 80
127 87
127 101
127 119
127 126
127 137
127 155
127 183
127 190
127 215
127 241
127 248
128 3
128 72
128 105
128 161
128 244
129 15
129 20
129 27
129 43
129 45
129 107
129 116
129 120
129 139
129 160
129 168
129 170
129 178
129 201
129 236
130 1
130 5
130 41
130 58
130 91
130 111
130 140
130 150
130 158
130 177
130 188
130 206
130 232
131 9
131 41
131 56
131 58
131 97
131 116
131 117
131 120
131 145
131 175
131 198
131 243
131 244
131 248
132 21
132 26
132 61
132 70
132 84
132 158
132 168
132 184
132 248
133 20
133 29
133 31
133 59
133 62
133 71
133 75
133 86
133 89
133 117
133 136
133 138
133 155
133 197
133 231
133 240
134 25
134 45
134 54
134 63
134 83
134 98
134 120
134 123
134 137
134 172
134 192
134 211
134 213
134 217
135 7
135 92
135 148
135 152
135 176
135 201
135 227
136 4
136 17
136 21
136 32
136 50
136 58
136 59
136 66
136 92
136 114
136 124
136 161
136 194
136 248
137 42
137 43
137 78
137 89
137 106
137 144
137 180
137 208
137 243
138 13
138 15
138 23
138 28
138 35
138 45
138 59
138 62
138 72
138 74
138 110
138 159
138 231
138 238
139 10
139 17
139 28
139 46
139 50
139 71
139 91
139 144
139 158
139 166
139 167
139 170
139 188
139 192
139 217
139 237
139 248
140 1
140 45
140 68
140 88
140 126
140 137
140 159
140 178
140 184
140 193
140 200
140 219
140 220
141 3
141 12
141 13
141 31
141 34
141 53
141 61
141 84
141 90
141 100
141 161
141 175
141 184
141 188
141 198
141 199
141 223
142 28
142 58
142 89
142 129
142 170
142 184
142 204
142 242
142 248
143 8
143 10
143 28
143 38
143 53
143 100
143 117
143 169
143 189
143 203
143 210
143 215
144 8
144 11
144 27
144 83
144 88
144 98
144 102
144 119
144 168
144 184
144 185
144 194
144 210
144 233
145 3
145 5
145 63
145 64
145 85
145 125
145 151
145 189
145 195
145 206
145 219
145 238
145 242
146 9
146 11
146 40
146 77
146 85
146 143
146 185
146 203
147 7
147 32
147 41
147 57
147 121
147 132
147 149
147 150
147 152
147 200
147 213
148 6
148 46
148 115
148 174
148 190
149 13
149 68
149 71
149 75
149 117
149 133
149 177
149 183
149 187
149 198
149 209
149 220
150 22
150 26
150 35
150 39
150 116
150 131
150 143
150 163
150 193
151 60
151 67
151 69
151 147
151 148
151 212
151 238
152 9
152 15
152 28
152 74
152 94
152 132
152 146
152 214
152 216
152 226
153 35
153 46
153 66
153 111
153 117
153 130
153 207
153 211
153 234
153 241
154 19
154 62
154 99
154 101
154 162
154 166
154 174
154 196
154 210
154 237
154 246
155 11
155 15
155 48
155 78
155 104
155 135
155 172
155 225
156 4
156 30
156 39
156 46
156 48
156 61
156 69
156 105
156 116
156 119
156 201
156 210
156 219
157 67
157 89
157 92
157 135
157 151
157 201
157 202
157 220
157 221
157 226
157 235
158 75
158 97
158 102
158 107
158 137
158 144
158 159
158 180
158 213
158 219
159 29
159 32
159 65
159 69
159 74
159 79
159 84
159 87
159 100
159 101
159 177
159 181
159 191
159 203
159 249
160 31
160 35
160 58
160 69
160 147
160 154
160 158
160 161
160 170
160 174
160 191
160 211
161 43
161 49
161 60
161 70
161 123
161 139
161 201
161 203
161 226
161 242
162 4
162 58
162 83
162 97
162 113
162 137
162 139
162 151
162 217
162 220
162 222
162 237
162 239
162 247
163 31
163 34
163 48
163 49
163 102
163 122
163 161
163 162
163 177
163 182
163 215
163 216
164 36
164 54
164 56
164 75
164 83
164 85
164 86
164 100
164 142
164 146
164 179
164 185
164 209
164 228
164 231
164 242
164 247
165 19
165 49
165 57
165 80
165 90
165 121
165 129
165 135
165 140
165 145
165 149
165 166
165 192
165 195
165 212
165 227
165 233
165 248
165 249
166 24
166 33
166 52
166 59
166 62
166 130
166 151
166 167
166 174
166 178
166 200
166 232
166 242
166 243
167 9
167 13
167 20
167 35
167 86
167 114
167 128
167 132
167 138
167 141
167 151
167 175
167 216
167 221
167 228
168 11
168 25
168 28
168 42
168 67
168 78
168 97
168 116
168 147
168 186
168 187
168 208
168 214
169 20
169 73
169 91
169 120
169 208
169 215
169 224
169 231
169 249
170 4
170 24
170 47
170 64
170 66
170 72
170 87
170 103
170 226
171 1
171 33
171 35
171 76
171 79
171 92
171 105
171 130
171 141
171 177
171 191
171 207
171 209
171 215
171 223
172 114
172 138
172 139
172 146
172 161
172 175
172 227
172 233
173 47
173 83
173 84
173 142
173 182
173 204
173 210
173 213
173 237
173 238
173 241
173 243
174 10
174 46
174 140
174 155
174 181
175 4
175 17
175 46
175 60
175 68
175 76
175 88
175 95
175 149
175 154
175 182
175 190
175 192
175 201
175 220
175 230
176 7
176 17
176 71
176 100
176 103
176 110
176 120
176 173
176 200
176 223
177 1
177 62
177 99
177 115
177 122
177 127
177 134
177 135
177 166
177 180
177 185
177 195
177 205
177 221
178 38
178 90
178 93
178 99
178 117
178 141
178 158
178 203
178 221
179 2
179 32
179 36
179 64
179 110
179 125
179 129
179 144
179 157
179 212
179 213
179 224
179 245
180 21
180 36
180 39
180 44
180 92
180 94
180 110
180 125
180 161
180 163
180 164
180 174
180 190
180 192
180 199
180 200
180 220
180 224
180 234
180 247
181 2
181 66
181 101
181 104
181 132
181 201
181 204
181 211
181 218
181 223
181 245
181 249
182 29
182 35
182 92
182 117
182 130
182 156
182 171
182 194
182 215
182 217
183 7
183 20
183 21
183 28
183 63
183 91
183 102
183 105
183 145
183 162
183 180
183 191
183 216
183 226
184 1
184 8
184 14
184 18
184 25
184 30
184 31
184 110
184 117
184 126
184 128
184 136
184 149
184 185
184 198
184 238
184 244
185 16
185 17
185 53
185 65
185 70
185 155
185 168
185 170
185 244
185 250
186 36
186 55
186 68
186 121
186 125
186 133
186 153
186 172
186 221
186 226
186 227
186 246
186 247
187 5
187 17
187 26
187 27
187 40
187 42
187 52
187 89
187 95
187 139
187 148
187 160
187 196
187 224
187 225
187 227
187 232
187 234
188 17
188 23
188 63
188 65
188 77
188 121
188 124
188 129
188 166
188 190
188 200
188 202
188 208
188 210
188 236
188 239
188 240
189 30
189 39
189 48
189 51
189 70
189 108
189 135
189 164
189 175
189 196
189 197
189 203
189 220
190 24
190 25
190 49
190 59
190 69
190 91
190 94
190 107
190 121
190 147
190 156
190 157
190 179
190 197
190 218
190 246
191 15
191 29
191 151
191 182
191 184
191 201
191 235
191 240
191 242
192 6
192 53
192 58
192 73
192 84
192 91
192 96
192 121
192 157
192 203
192 226
193 34
193 41
193 51
193 89
193 99
193 105
193 127
193 130
193 144
193 156
193 160
193 164
193 180
193 202
193 211
193 225
193 235
194 24
194 30
194 49
194 65
194 83
194 86
194 105
194 146
194 157
194 181
194 208
194 244
195 9
195 18
195 28
195 30
195 115
195 132
195 146
195 202
195 219
196 8
196 52
196 76
196 97
196 98
196 100
196 170
196 175
196 197
196 202
196 211
196 231
196 233
196 247
197 5
197 113
197 140
197 144
198 4
198 14
198 35
198 60
198 120
198 153
198 203
198 221
198 236
198 239
199 11
199 52
199 72
199 79
199 98
199 112
199 115
199 139
199 144
199 176
199 185
199 189
199 219
199 230
199 249
200 12
200 19
200 31
200 56
200 92
200 97
200 120
200 122
200 135
200 149
200 190
200 201
200 208
200 237
200 247
201 40
201 72
201 101
201 120
201 136
201 141
201 162
201 217
202 3
202 7
202 20
202 47
202 49
202 114
202 123
202 130
202 149
202 152
202 208
202 241
203 3
203 15
203 27
203 100
203 106
203 136
203 142
203 149
203 196
203 208
203 220
203 228
203 242
203 244
203 247
204 2
204 55
204 64
204 78
204 100
204 130
204 132
204 134
204 140
204 143
204 151
204 199
204 213
204 218
204 227
204 247
205 8
205 18
205 49
205 66
205 132
205 174
205 181
205 222
206 32
206 76
206 117
206 149
206 158
206 226
206 232
207 2
207 40
207 44
207 81
207 127
207 132
207 134
207 150
207 161
207 168
207 195
207 196
207 201
208 16
208 48
208 52
208 84
209 8
209 12
209 92
209 97
209 155
209 173
209 182
210 3
210 8
210 11
210 71
210 88
210 97
210 147
210 153
210 222
210 249
211 6
211 9
211 48
211 79
211 91
211 105
211 110
211 135
211 138
211 147
211 155
211 167
211 174
211 243
212 52
212 68
212 96
212 109
212 127
212 133
212 138
212 166
212 175
212 178
212 245
213 5
213 7
213 19
213 36
213 47
213 52
213 66
213 91
213 95
213 127
213 163
213 190
213 201
213 221
213 238
214 14
214 54
214 60
214 67
214 89
214 107
214 113
214 133
214 150
214 169
214 186
214 190
214 199
215 3
215 14
215 20
215 56
215 64
215 87
215 90
215 95
215 99
215 128
215 142
215 153
215 168
215 184
216 25
216 51
216 103
216 112
216 142
216 161
216 171
216 172
216 178
216 194
216 196
216 205
216 219
217 20
217 25
217 37
217 81
217 89
217 125
217 140
217 156
218 11
218 93
218 123
218 139
218 216
218 227
218 244
218 249
219 13
219 20
219 25
219 74
219 106
219 133
219 162
219 188
219 208
220 9
220 14
220 28
220 34
220 60
220 65
220 66
220 93
220 123
220 147
220 168
220 169
220 190
220 199
220 208
220 242
221 11
221 39
221 51
221 64
221 74
221 81
221 95
221 116
221 117
221 122
221 181
221 192
221 220
222 58
222 67
222 74
222 86
222 89
222 100
222 109
222 123
222 137
222 198
222 200
222 207
223 1
223 12
223 66
223 71
223 82
223 103
223 137
223 149
223 196
223 210
223 244
224 27
224 28
224 29
224 31
224 49
224 95
224 125
224 160
224 202
224 205
224 216
224 241
224 246
225 3
225 14
225 32
225 86
225 102
225 143
225 146
225 169
225 184
225 216
225 250
226 10
226 17
226 72
226 107
226 139
226 151
226 209
226 221
226 223
226 241
227 30
227 53
227 70
227 83
227 104
227 113
227 115
227 121
227 167
227 182
227 206
227 213
227 231
227 242
227 246
228 20
228 34
228 58
228 74
228 77
228 94
228 108
228 118
228 127
228 131
228 161
228 174
228 182
228 207
228 215
228 219
229 13
229 38
229 49
229 61
229 102
229 138
229 147
229 151
229 171
229 172
229 200
229 206
229 249
230 4
230 86
230 108
230 157
230 170
230 232
230 246
230 247
230 249
231 20
231 44
231 48
231 51
231 132
231 139
231 163
231 185
231 246
232 36
232 43
232 98
232 102
232 107
232 113
232 172
232 202
233 18
233 35
233 82
233 91
233 120
233 162
233 229
233 231
234 4
234 8
234 28
234 34
234 45
234 111
234 126
234 172
234 192
234 197
234 203
235 49
235 72
235 73
235 110
235 132
235 146
235 171
235 192
236 2
236 11
236 15
236 26
236 77
236 100
236 105
236 117
236 123
236 171
236 193
236 210
236 213
236 216
237 25
237 44
237 87
237 96
237 146
237 172
237 226
238 8
238 19
238 38
238 84
238 97
238 115
238 116
238 119
238 128
238 132
238 143
238 146
238 157
238 170
238 195
239 1
239 3
239 13
239 16
239 20
239 58
239 59
239 67
239 73
239 80
239 93
239 119
239 180
239 193
239 203
239 243
239 244
240 5
240 15
240 25
240 34
240 99
240 140
240 151
240 161
240 164
240 177
240 214
240 217
240 226
240 234
241 33
241 45
241 67
241 73
241 92
241 115
241 129
241 155
241 157
241 159
241 183
241 194
241 201
241 204
241 233
242 2
242 12
242 32
242 132
242 152
242 155
242 162
242 192
242 204
242 215
242 229
242 243
243 24
243 26
243 43
243 58
243 153
243 171
243 209
243 212
243 214
243 233
244 17
244 69
244 132
244 161
244 168
244 189
244 193
244 221
244 241
245 23
245 30
245 93
245 124
245 158
245 168
245 208
245 214
245 224
245 230
245 239
245 242
246 116
246 130
246 134
246 155
246 158
246 214
246 215
246 220
246 242
247 11
247 24
247 91
247 94
247 98
247 116
247 135
247 193
247 221
247 246
248 4
248 7
248 16
248 35
248 85
248 86
248 130
248 171
248 174
248 184
249 66
249 88
249 99
249 127
249 134
249 162
249 168
249 184
249 185
249 186
249 193
249 222
249 233
249 234
250 15
250 46
250 92
250 116
250 118
250 131
250 161
250 181
250 206
250 217
250 236

