50 500
109 108 50 103 89 86 20 55 104 36 74 107 62 120 91 37 71 57 67 65 67 53 43 70 50 105 110 104 45 73 21 62 70 108 113 89 84 110 53 120 81 58 68 76 48 68 61 79 61 47 
1 4
1 11
1 18
1 20
1 24
1 26
1 28
1 42
1 43
1 45
1 46
1 49
2 3
2 12
2 16
2 17
2 19
2 22
2 29
2 33
2 36
2 38
2 48
3 4
3 7
3 10
3 15
3 19
3 35
3 39
3 40
4 2
4 7
4 11
4 31
4 43
4 48
5 1
5 2
5 9
5 10
5 14
5 21
5 24
5 26
5 27
5 39
5 40
5 41
6 15
6 16
6 18
6 28
6 33
6 34
6 37
6 46
6 47
6 48
6 50
7 6
7 24
7 28
7 31
7 37
7 39
7 45
7 46
8 2
8 10
8 11
8 15
8 16
8 33
8 40
8 42
8 45
8 50
9 2
9 6
9 21
9 25
9 28
9 36
9 45
10 4
10 12
10 37
10 44
10 48
10 49
10 50
11 7
11 9
11 17
11 22
11 23
11 36
11 39
11 42
11 46
11 49
12 1
12 4
12 5
12 7
12 8
12 13
12 24
12 25
12 35
12 36
13 3
13 6
13 10
13 16
13 20
13 21
13 27
13 28
13 32
13 35
13 37
13 46
14 1
14 20
14 21
14 31
14 37
14 39
14 41
15 1
15 4
15 11
15 13
15 26
15 39
15 40
16 3
16 14
16 22
16 23
16 28
16 30
16 32
16 40
16 41
16 42
16 48
17 4
17 12
17 14
17 15
17 18
17 23
17 27
17 39
18 11
18 20
18 30
18 31
18 33
18 37
18 41
18 46
18 49
19 4
19 6
19 10
19 11
19 12
19 13
19 15
19 16
19 17
19 22
19 25
19 29
19 34
19 42
19 43
19 48
20 2
20 3
20 4
20 7
20 9
20 11
20 12
20 22
20 25
20 28
20 31
20 33
20 42
20 47
20 48
20 50
21 2
21 3
21 11
21 26
21 30
21 33
21 47
21 49
22 4
22 7
22 9
22 21
22 23
22 26
22 27
22 30
22 31
22 32
22 43
22 48
23 2
23 6
23 7
23 10
23 14
23 24
23 26
23 41
23 44
23 49
24 13
24 19
24 20
24 25
24 40
24 43
24 49
25 2
25 5
25 10
25 27
25 39
25 40
25 44
25 46
26 6
26 9
26 13
26 19
26 28
26 32
26 34
26 35
26 48
26 49
26 50
27 3
27 4
27 6
27 7
27 8
27 19
27 21
27 24
27 39
27 45
27 48
27 50
28 4
28 8
28 12
28 14
28 17
28 24
28 30
28 34
28 36
28 37
28 42
28 47
28 49
29 1
29 9
29 15
29 20
29 21
29 24
29 28
29 32
29 44
29 46
30 6
30 12
30 13
30 27
30 31
30 37
30 44
30 48
31 3
31 8
31 11
31 13
31 16
31 21
31 27
31 37
31 47
31 48
32 2
32 7
32 9
32 10
32 18
32 20
32 27
32 33
32 42
32 43
33 4
33 9
33 12
33 24
33 27
33 28
33 30
33 40
33 42
34 3
34 7
34 8
34 9
34 12
34 14
34 15
34 16
34 18
34 22
34 25
34 29
34 38
34 44
34 47
35 2
35 4
35 21
35 22
35 25
35 30
35 37
35 38
35 44
36 8
36 13
36 14
36 18
36 24
36 33
36 34
36 41
37 9
37 11
37 12
37 17
37 22
37 23
37 25
37 26
37 27
37 32
37 34
37 36
37 39
37 42
37 44
38 10
38 11
38 25
38 30
38 33
38 43
38 50
39 2
39 10
39 12
39 20
39 30
39 31
39 32
39 35
39 38
39 41
39 44
40 32
40 38
40 39
40 41
40 49
41 1
41 2
41 6
41 9
41 11
41 15
41 17
41 20
41 27
41 28
41 31
41 49
42 2
42 10
42 22
42 23
42 24
42 31
42 50
43 3
43 8
43 9
43 14
43 16
43 27
43 35
43 36
43 39
43 40
43 42
44 2
44 9
44 11
44 26
44 31
44 48
45 11
45 13
45 14
45 16
45 19
45 21
45 22
45 25
45 28
45 29
45 31
45 40
45 44
45 46
46 2
46 5
46 12
46 15
46 23
46 30
46 32
46 39
46 44
46 47
46 49
47 3
47 10
47 11
47 13
47 15
47 18
47 19
47 27
47 35
47 37
47 40
47 42
47 48
48 21
48 28
48 29
48 33
48 34
48 35
49 5
49 8
49 13
49 35
49 39
49 43
49 44
49 47
50 1
50 2
50 3
50 4
50 9
50 11
50 14
50 17
50 19
50 21
50 25
50 35
50 39
50 43
50 47
50 49

