150 3000
110 20 58 72 22 95 99 88 91 48 57 52 64 112 54 71 85 108 58 49 24 48 69 110 37 67 64 63 31 63 40 77 92 30 87 113 36 80 54 118 24 99 26 77 80 51 61 33 87 105 108 20 84 84 113 28 56 102 27 114 70 107 32 49 57 37 67 47 88 71 87 30 57 46 82 43 108 117 49 50 27 77 113 61 74 86 44 24 107 22 82 114 71 75 79 67 84 63 118 91 35 67 98 103 74 62 117 41 95 76 118 51 99 104 57 110 33 34 51 31 66 51 83 35 110 70 77 95 62 32 48 98 101 37 95 88 65 116 45 56 50 77 84 98 49 64 50 47 82 40 
1 7
1 17
1 18
1 25
1 27
1 37
1 43
1 48
1 74
1 75
1 76
1 82
1 89
1 91
1 95
1 99
1 101
1 107
1 113
1 123
1 125
1 126
1 127
1 130
1 138
1 143
1 145
2 10
2 13
2 17
2 29
2 33
2 38
2 43
2 49
2 62
2 67
2 70
2 80
2 92
2 95
2 100
2 110
2 114
2 125
2 128
2 129
2 132
2 133
2 145
3 19
3 33
3 34
3 70
3 77
3 80
3 86
3 91
3 93
3 95
3 96
3 100
3 102
3 113
3 133
3 139
3 143
3 146
3 147
4 1
4 6
4 9
4 10
4 12
4 13
4 28
4 43
4 49
4 50
4 52
4 56
4 57
4 78
4 80
4 86
4 93
4 95
4 123
4 127
4 131
4 139
4 148
4 150
5 1
5 7
5 10
5 19
5 25
5 27
5 31
5 33
5 40
5 91
5 92
5 94
5 104
5 106
5 107
5 109
5 110
5 113
5 124
5 129
5 132
5 135
5 147
6 15
6 19
6 32
6 38
6 57
6 68
6 74
6 101
6 104
6 107
6 119
6 121
6 136
6 142
6 143
7 2
7 34
7 37
7 38
7 45
7 54
7 65
7 71
7 88
7 90
7 93
7 118
7 129
7 138
8 7
8 9
8 11
8 13
8 17
8 18
8 23
8 30
8 42
8 43
8 47
8 56
8 59
8 61
8 63
8 65
8 66
8 74
8 82
8 99
8 100
8 101
8 106
8 114
8 120
8 136
8 146
9 7
9 17
9 28
9 34
9 40
9 43
9 46
9 62
9 70
9 72
9 80
9 91
9 100
9 118
9 119
9 129
9 135
9 141
9 146
9 149
10 8
10 24
10 32
10 33
10 34
10 36
10 42
10 50
10 61
10 64
10 68
10 71
10 101
10 103
10 105
10 112
10 123
10 141
10 146
11 2
11 3
11 17
11 18
11 19
11 43
11 56
11 59
11 65
11 73
11 91
11 95
11 107
11 117
11 125
11 148
12 34
12 37
12 38
12 39
12 44
12 49
12 58
12 75
12 77
12 79
12 81
12 86
12 93
12 99
12 102
12 104
12 120
12 125
12 134
12 141
13 11
13 12
13 18
13 32
13 36
13 39
13 45
13 47
13 54
13 55
13 60
13 70
13 80
13 86
13 97
13 101
13 103
13 105
13 106
13 113
13 122
13 125
13 130
13 146
14 1
14 3
14 16
14 26
14 31
14 36
14 40
14 59
14 60
14 61
14 68
14 86
14 104
14 115
14 116
14 122
15 1
15 3
15 16
15 18
15 41
15 57
15 65
15 72
15 74
15 77
15 78
15 79
15 80
15 84
15 91
15 100
15 102
15 105
15 108
15 111
15 116
16 7
16 19
16 39
16 46
16 51
16 54
16 67
16 87
16 92
16 93
16 106
16 123
16 128
16 142
16 148
17 18
17 19
17 29
17 35
17 38
17 41
17 43
17 63
17 66
17 68
17 72
17 74
17 91
17 107
17 109
17 110
17 120
17 122
17 131
17 141
17 147
18 5
18 6
18 10
18 14
18 16
18 22
18 52
18 60
18 62
18 64
18 67
18 77
18 82
18 85
18 93
18 94
18 97
18 102
18 108
18 115
18 119
18 146
18 149
19 4
19 7
19 9
19 24
19 28
19 50
19 64
19 72
19 74
19 77
19 89
19 117
19 147
20 1
20 14
20 18
20 19
20 23
20 36
20 46
20 49
20 63
20 65
20 71
20 81
20 90
20 92
20 101
20 111
20 118
20 125
20 129
20 140
21 5
21 19
21 22
21 26
21 37
21 39
21 43
21 55
21 58
21 64
21 65
21 66
21 72
21 74
21 80
21 83
21 97
21 101
21 104
21 108
21 120
21 141
22 3
22 6
22 27
22 29
22 38
22 65
22 68
22 74
22 75
22 92
22 102
22 104
22 109
22 112
22 133
22 141
22 145
22 147
22 150
23 6
23 12
23 24
23 25
23 35
23 39
23 57
23 58
23 62
23 69
23 73
23 76
23 86
23 90
23 94
23 106
23 108
23 109
23 111
23 118
23 120
23 131
24 15
24 17
24 37
24 48
24 51
24 54
24 85
24 88
24 100
24 130
24 140
24 143
25 10
25 12
25 34
25 35
25 36
25 37
25 44
25 45
25 50
25 60
25 81
25 88
25 92
25 94
25 97
25 98
25 109
25 120
25 122
25 127
25 134
25 137
25 140
25 141
26 2
26 7
26 20
26 30
26 56
26 57
26 62
26 65
26 68
26 69
26 71
26 72
26 79
26 89
26 90
26 96
26 97
26 103
26 116
26 117
26 118
26 123
26 136
27 8
27 10
27 20
27 30
27 31
27 44
27 55
27 59
27 65
27 66
27 78
27 90
27 98
27 100
27 103
27 105
27 134
27 138
27 139
27 145
27 147
27 148
27 149
28 11
28 20
28 23
28 33
28 34
28 35
28 37
28 43
28 46
28 53
28 55
28 63
28 66
28 70
28 76
28 80
28 99
28 104
28 105
28 117
28 119
28 124
28 125
28 128
28 130
28 137
28 138
28 140
28 148
28 149
29 4
29 8
29 12
29 15
29 23
29 24
29 32
29 34
29 45
29 53
29 55
29 64
29 69
29 70
29 73
29 84
29 87
29 90
29 111
29 134
29 139
29 140
29 148
30 9
30 12
30 14
30 15
30 18
30 22
30 38
30 40
30 41
30 49
30 51
30 53
30 86
30 101
30 124
30 131
30 139
30 142
30 150
31 6
31 10
31 11
31 12
31 15
31 22
31 26
31 49
31 53
31 69
31 72
31 79
31 87
31 94
31 95
31 104
31 106
31 109
31 110
31 117
31 118
31 133
31 137
31 142
31 147
32 3
32 11
32 14
32 23
32 25
32 35
32 39
32 42
32 47
32 59
32 66
32 80
32 85
32 90
32 93
32 97
32 106
32 109
32 112
32 119
32 126
32 132
32 134
32 138
33 1
33 6
33 8
33 23
33 27
33 30
33 44
33 46
33 47
33 94
33 100
33 104
33 113
33 117
33 125
33 127
33 129
33 140
33 142
34 8
34 11
34 19
34 22
34 32
34 56
34 68
34 83
34 88
34 100
34 121
34 128
34 134
34 141
34 150
35 1
35 11
35 15
35 30
35 38
35 41
35 47
35 63
35 64
35 65
35 75
35 81
35 83
35 87
35 88
35 102
35 104
35 115
35 116
35 129
35 134
35 138
35 142
35 148
36 5
36 15
36 29
36 45
36 60
36 63
36 76
36 87
36 90
36 91
36 108
36 118
36 131
36 136
36 143
36 146
37 6
37 10
37 19
37 23
37 27
37 41
37 42
37 46
37 53
37 59
37 67
37 76
37 88
37 89
37 107
37 122
37 129
37 134
37 142
37 143
37 149
37 150
38 1
38 14
38 26
38 31
38 32
38 33
38 34
38 39
38 53
38 63
38 64
38 70
38 82
38 89
38 93
38 99
38 112
38 121
38 122
38 124
38 129
39 1
39 2
39 5
39 6
39 9
39 20
39 24
39 27
39 29
39 33
39 58
39 61
39 66
39 68
39 70
39 89
39 107
39 111
39 118
39 131
39 141
39 143
40 1
40 7
40 12
40 38
40 62
40 66
40 71
40 73
40 107
40 112
40 116
40 126
40 127
40 131
40 132
40 138
41 8
41 11
41 13
41 25
41 34
41 40
41 50
41 54
41 61
41 63
41 64
41 81
41 88
41 90
41 101
41 127
41 128
41 129
41 133
41 142
41 148
42 3
42 15
42 22
42 33
42 48
42 52
42 61
42 62
42 92
42 101
42 102
42 105
42 131
42 137
42 146
43 25
43 26
43 27
43 30
43 35
43 42
43 48
43 71
43 72
43 99
43 100
43 102
43 120
43 122
43 125
43 129
43 130
43 132
43 133
43 134
43 137
43 139
44 13
44 17
44 23
44 31
44 41
44 67
44 73
44 75
44 80
44 97
44 98
44 99
44 101
44 104
44 132
44 137
44 139
44 142
44 143
44 148
45 5
45 9
45 15
45 18
45 33
45 57
45 81
45 83
45 84
45 87
45 88
45 106
45 121
45 126
45 137
45 138
45 140
45 142
45 148
46 5
46 8
46 27
46 34
46 39
46 48
46 55
46 56
46 62
46 73
46 93
46 104
46 106
46 122
46 126
46 140
46 150
47 2
47 4
47 7
47 15
47 34
47 36
47 86
47 88
47 91
47 96
47 103
47 104
47 108
47 116
47 121
47 122
47 132
47 142
47 146
48 12
48 33
48 35
48 54
48 61
48 65
48 76
48 84
48 86
48 97
48 102
48 105
48 109
48 112
48 116
48 117
48 127
48 130
49 3
49 9
49 11
49 13
49 14
49 16
49 18
49 29
49 34
49 35
49 39
49 42
49 47
49 52
49 59
49 60
49 78
49 87
49 104
49 108
49 111
49 125
49 129
49 134
49 141
49 149
50 2
50 7
50 9
50 18
50 32
50 39
50 51
50 54
50 60
50 74
50 82
50 86
50 89
50 108
50 122
50 125
50 137
50 149
50 150
51 4
51 11
51 12
51 13
51 17
51 20
51 21
51 37
51 41
51 42
51 43
51 47
51 52
51 55
51 68
51 72
51 74
51 81
51 85
51 88
51 89
51 90
51 93
51 107
51 110
51 130
51 136
51 149
52 1
52 13
52 17
52 21
52 30
52 37
52 43
52 44
52 50
52 61
52 70
52 72
52 74
52 89
52 91
52 106
52 107
52 109
52 111
52 113
52 115
52 127
52 128
52 134
52 139
52 145
53 1
53 8
53 13
53 33
53 34
53 49
53 57
53 61
53 66
53 70
53 71
53 73
53 74
53 76
53 82
53 89
53 103
53 105
53 115
53 116
53 119
53 140
53 144
54 2
54 4
54 8
54 23
54 28
54 30
54 45
54 69
54 77
54 82
54 83
54 99
54 104
54 105
54 109
54 129
54 133
54 136
55 1
55 8
55 11
55 18
55 32
55 38
55 61
55 66
55 69
55 72
55 75
55 87
55 98
55 101
55 105
55 107
55 114
55 115
55 123
55 134
55 140
56 2
56 12
56 13
56 15
56 18
56 40
56 42
56 59
56 73
56 74
56 77
56 101
56 114
56 121
56 127
56 134
56 142
56 143
56 146
56 149
56 150
57 3
57 33
57 42
57 44
57 51
57 59
57 77
57 85
57 88
57 89
57 91
57 98
57 101
57 106
57 111
57 124
57 126
57 129
57 132
57 133
57 137
58 4
58 10
58 11
58 42
58 46
58 47
58 52
58 60
58 66
58 70
58 75
58 84
58 90
58 96
58 100
58 111
58 113
58 116
58 117
58 123
58 128
58 143
58 144
58 149
59 16
59 17
59 19
59 21
59 24
59 41
59 44
59 76
59 81
59 93
59 101
59 108
59 114
59 116
59 126
59 134
59 140
59 148
60 4
60 6
60 8
60 24
60 39
60 42
60 63
60 64
60 67
60 78
60 79
60 94
60 96
60 104
60 108
60 111
60 135
61 12
61 20
61 30
61 74
61 78
61 83
61 86
61 98
61 100
61 103
61 108
61 110
61 123
61 127
61 132
61 135
62 1
62 5
62 8
62 13
62 22
62 35
62 37
62 38
62 48
62 67
62 85
62 88
62 105
62 110
62 114
62 120
62 124
62 130
62 147
62 148
62 149
63 6
63 11
63 13
63 23
63 27
63 30
63 33
63 39
63 49
63 50
63 51
63 53
63 59
63 64
63 69
63 78
63 91
63 100
63 123
63 124
63 126
63 128
63 129
63 131
63 134
63 136
63 139
63 145
63 147
64 16
64 27
64 43
64 67
64 69
64 71
64 75
64 76
64 81
64 92
64 96
64 97
64 109
64 113
64 120
64 122
64 124
64 125
64 143
64 147
64 149
65 4
65 13
65 14
65 16
65 23
65 28
65 47
65 60
65 66
65 67
65 90
65 93
65 103
65 104
65 105
65 107
65 130
65 143
65 148
66 11
66 18
66 29
66 41
66 48
66 49
66 60
66 68
66 73
66 77
66 96
66 97
66 102
66 108
66 122
66 127
66 133
66 134
66 139
66 140
67 3
67 24
67 29
67 46
67 48
67 69
67 82
67 87
67 91
67 95
67 104
67 106
67 108
67 115
67 123
67 129
67 130
67 137
67 142
67 146
67 150
68 8
68 20
68 23
68 25
68 28
68 36
68 43
68 50
68 57
68 60
68 71
68 75
68 80
68 82
68 90
68 91
68 93
68 95
68 123
68 125
69 3
69 4
69 11
69 17
69 21
69 33
69 34
69 39
69 43
69 44
69 46
69 61
69 83
69 87
69 92
69 94
69 111
69 112
69 130
69 131
69 147
69 150
70 6
70 14
70 17
70 22
70 25
70 33
70 36
70 43
70 49
70 54
70 60
70 66
70 79
70 92
70 103
70 107
70 108
70 118
70 124
70 130
70 133
70 140
71 9
71 16
71 24
71 27
71 28
71 47
71 59
71 62
71 69
71 72
71 76
71 79
71 82
71 89
71 95
71 98
71 106
71 114
71 124
71 140
72 4
72 5
72 7
72 13
72 25
72 32
72 36
72 37
72 42
72 86
72 89
72 90
72 104
72 108
72 127
72 128
72 132
72 136
72 140
73 6
73 13
73 27
73 30
73 31
73 32
73 33
73 38
73 39
73 45
73 61
73 87
73 102
73 113
73 123
73 127
73 140
74 4
74 5
74 23
74 25
74 33
74 43
74 44
74 45
74 49
74 55
74 60
74 62
74 73
74 76
74 79
74 104
74 105
74 114
74 120
74 125
74 138
74 141
75 2
75 11
75 15
75 24
75 31
75 41
75 42
75 46
75 47
75 69
75 95
75 98
75 105
75 106
75 110
75 116
75 117
75 137
75 145
76 2
76 3
76 12
76 32
76 38
76 44
76 57
76 67
76 85
76 86
76 98
76 99
76 105
76 112
76 115
76 121
76 124
76 128
76 133
76 135
76 138
76 141
76 142
76 149
77 1
77 20
77 46
77 49
77 52
77 72
77 83
77 87
77 92
77 96
77 109
77 115
77 118
77 123
77 136
78 5
78 17
78 18
78 21
78 30
78 32
78 33
78 37
78 40
78 41
78 42
78 50
78 56
78 57
78 62
78 67
78 75
78 79
78 110
78 112
78 113
78 117
78 121
78 127
78 134
78 138
78 144
78 150
79 3
79 8
79 23
79 37
79 39
79 55
79 59
79 73
79 83
79 94
79 115
79 122
79 124
79 142
80 12
80 34
80 35
80 46
80 51
80 52
80 76
80 77
80 84
80 86
80 87
80 89
80 108
80 141
81 2
81 9
81 10
81 15
81 22
81 38
81 43
81 44
81 55
81 66
81 67
81 68
81 73
81 74
81 84
81 93
81 96
81 98
81 103
81 109
81 110
81 124
81 125
81 131
81 138
81 140
81 148
82 5
82 7
82 9
82 11
82 15
82 22
82 40
82 43
82 55
82 56
82 58
82 65
82 70
82 75
82 88
82 107
82 116
82 127
82 128
82 135
82 147
83 1
83 10
83 22
83 23
83 27
83 41
83 43
83 44
83 46
83 53
83 66
83 67
83 71
83 73
83 82
83 85
83 89
83 103
83 108
83 127
83 133
83 135
83 139
83 146
84 2
84 10
84 16
84 20
84 27
84 39
84 42
84 57
84 74
84 75
84 79
84 88
84 90
84 98
84 107
84 110
84 116
84 119
84 120
84 139
84 141
85 4
85 14
85 20
85 23
85 26
85 27
85 47
85 55
85 60
85 64
85 75
85 81
85 92
85 94
85 116
85 119
85 120
85 141
86 15
86 17
86 26
86 42
86 46
86 54
86 56
86 62
86 65
86 67
86 91
86 94
86 97
86 108
86 109
86 115
86 132
86 134
86 138
86 145
87 4
87 5
87 18
87 19
87 24
87 44
87 46
87 50
87 52
87 53
87 63
87 76
87 82
87 86
87 89
87 92
87 94
87 102
87 103
88 12
88 17
88 22
88 38
88 42
88 60
88 71
88 72
88 74
88 75
88 87
88 92
88 106
88 113
88 117
88 119
88 144
88 149
89 6
89 9
89 13
89 18
89 21
89 35
89 36
89 48
89 49
89 56
89 64
89 73
89 75
89 86
89 96
89 99
89 112
89 127
89 128
89 130
89 140
89 141
89 149
90 3
90 6
90 13
90 14
90 34
90 48
90 60
90 64
90 66
90 71
90 81
90 86
90 111
90 114
90 121
90 132
90 134
91 24
91 27
91 30
91 34
91 37
91 41
91 49
91 55
91 61
91 73
91 82
91 84
91 92
91 96
91 102
91 108
91 110
91 113
91 118
91 127
92 1
92 9
92 13
92 14
92 18
92 33
92 35
92 38
92 43
92 47
92 49
92 58
92 61
92 67
92 68
92 113
92 130
92 134
92 138
92 143
92 148
93 10
93 13
93 17
93 21
93 24
93 37
93 49
93 55
93 73
93 79
93 80
93 97
93 111
93 141
93 145
93 148
94 6
94 9
94 26
94 38
94 39
94 43
94 57
94 67
94 71
94 73
94 76
94 82
94 97
94 98
94 112
94 120
94 137
94 139
94 142
94 145
94 146
94 148
94 149
95 5
95 12
95 14
95 19
95 37
95 44
95 47
95 77
95 91
95 103
95 114
95 126
95 136
95 139
95 140
95 143
96 4
96 7
96 11
96 12
96 21
96 28
96 33
96 35
96 49
96 52
96 56
96 70
96 80
96 83
96 88
96 97
96 100
96 119
96 121
96 149
96 150
97 1
97 5
97 6
97 10
97 15
97 17
97 36
97 39
97 42
97 47
97 51
97 52
97 60
97 62
97 70
97 73
97 111
97 114
97 132
97 135
97 139
97 140
97 148
97 149
98 17
98 20
98 23
98 28
98 29
98 52
98 59
98 96
98 99
98 109
98 111
98 112
98 120
98 137
98 138
99 2
99 13
99 23
99 24
99 26
99 30
99 37
99 39
99 40
99 52
99 58
99 69
99 84
99 90
99 92
99 93
99 94
99 100
99 103
99 108
99 118
99 119
99 129
99 141
100 1
100 12
100 28
100 32
100 35
100 36
100 40
100 42
100 45
100 49
100 59
100 68
100 69
100 71
100 88
100 90
100 113
100 116
100 122
100 123
100 129
100 147
101 2
101 3
101 19
101 58
101 62
101 88
101 90
101 100
101 123
101 131
101 146
102 8
102 21
102 27
102 44
102 49
102 64
102 86
102 92
102 93
102 95
102 99
102 101
102 107
102 116
102 121
102 137
103 2
103 7
103 17
103 20
103 25
103 31
103 34
103 36
103 59
103 62
103 63
103 85
103 93
103 96
103 109
103 111
103 113
103 118
103 133
103 137
103 139
103 143
103 147
104 3
104 11
104 15
104 19
104 24
104 32
104 34
104 69
104 82
104 84
104 85
104 88
104 89
104 90
104 95
104 98
104 99
104 105
104 108
104 117
104 124
104 132
104 148
105 3
105 4
105 9
105 22
105 23
105 25
105 32
105 36
105 37
105 49
105 52
105 56
105 66
105 73
105 85
105 95
105 100
105 101
105 107
105 108
105 112
105 113
105 117
105 124
105 127
105 134
105 136
105 137
106 2
106 11
106 14
106 26
106 28
106 30
106 48
106 62
106 84
106 93
106 95
106 104
106 132
106 146
106 147
106 149
107 8
107 16
107 27
107 41
107 44
107 46
107 47
107 56
107 61
107 62
107 74
107 80
107 87
107 97
107 118
107 121
107 126
107 131
107 140
107 144
108 1
108 5
108 17
108 25
108 38
108 40
108 71
108 84
108 89
108 103
108 134
108 138
108 141
108 143
108 148
109 11
109 15
109 59
109 61
109 70
109 72
109 74
109 83
109 87
109 90
109 96
109 107
109 112
109 140
109 150
110 8
110 34
110 43
110 46
110 65
110 73
110 76
110 86
110 87
110 88
110 104
110 113
110 121
110 124
110 131
110 132
110 137
110 138
110 139
111 4
111 13
111 26
111 35
111 41
111 43
111 59
111 63
111 64
111 67
111 72
111 95
111 102
111 123
111 125
111 134
112 11
112 14
112 16
112 28
112 29
112 30
112 31
112 33
112 36
112 49
112 57
112 63
112 83
112 90
112 102
112 122
112 125
112 148
112 149
112 150
113 10
113 29
113 45
113 55
113 60
113 79
113 85
113 102
113 108
113 115
113 124
113 134
113 145
114 18
114 22
114 28
114 32
114 36
114 38
114 39
114 40
114 50
114 53
114 75
114 79
114 84
114 85
114 87
114 88
114 101
114 107
114 108
114 115
114 121
114 126
114 127
114 133
114 136
114 142
115 1
115 5
115 19
115 46
115 47
115 50
115 51
115 58
115 73
115 89
115 95
115 100
115 116
115 117
115 118
115 123
115 128
115 133
115 134
115 135
115 144
115 148
115 149
116 3
116 6
116 18
116 32
116 37
116 45
116 46
116 64
116 69
116 78
116 89
116 92
116 97
116 107
116 111
116 112
116 119
116 123
116 130
116 133
116 138
116 142
116 143
117 9
117 15
117 17
117 24
117 32
117 37
117 39
117 42
117 46
117 49
117 51
117 64
117 69
117 70
117 71
117 96
117 98
117 102
117 109
117 112
117 145
118 3
118 5
118 13
118 15
118 17
118 19
118 28
118 37
118 40
118 42
118 60
118 87
118 95
118 98
118 101
118 105
118 116
118 129
118 130
119 17
119 21
119 22
119 35
119 37
119 48
119 50
119 54
119 60
119 70
119 75
119 76
119 86
119 87
119 90
119 103
119 106
119 115
119 130
119 133
119 138
119 150
120 3
120 18
120 22
120 26
120 29
120 39
120 42
120 50
120 51
120 54
120 58
120 65
120 66
120 70
120 92
120 93
120 96
120 103
120 109
120 115
120 117
120 129
120 132
120 142
120 146
120 147
120 149
120 150
121 1
121 13
121 25
121 32
121 42
121 46
121 54
121 62
121 69
121 72
121 75
121 87
121 99
121 113
121 120
121 122
121 132
121 134
121 135
121 147
122 24
122 35
122 49
122 55
122 60
122 67
122 80
122 84
122 96
122 104
122 126
122 132
122 133
122 137
123 17
123 18
123 19
123 23
123 28
123 29
123 41
123 56
123 85
123 99
123 104
123 117
123 119
123 132
123 145
123 150
124 1
124 6
124 26
124 27
124 29
124 35
124 36
124 43
124 44
124 58
124 89
124 100
124 118
124 129
125 3
125 4
125 14
125 17
125 27
125 37
125 38
125 56
125 59
125 63
125 75
125 93
125 95
125 96
125 103
125 118
125 133
125 139
125 144
125 146
126 2
126 3
126 13
126 14
126 30
126 35
126 58
126 72
126 80
126 90
126 92
126 97
126 100
126 104
126 110
126 121
126 128
126 131
126 133
126 134
126 147
127 5
127 17
127 28
127 45
127 51
127 63
127 67
127 76
127 92
127 100
127 101
127 111
127 118
127 131
127 134
127 139
128 17
128 19
128 21
128 39
128 40
128 50
128 60
128 64
128 81
128 83
128 92
128 96
128 102
128 117
128 131
128 136
128 137
128 142
128 150
129 6
129 21
129 24
129 26
129 28
129 52
129 55
129 61
129 70
129 72
129 75
129 79
129 85
129 87
129 98
129 102
129 122
129 137
129 149
130 2
130 5
130 7
130 22
130 23
130 27
130 30
130 49
130 53
130 55
130 68
130 80
130 87
130 105
130 121
130 123
130 125
130 131
130 133
130 144
131 6
131 7
131 8
131 9
131 10
131 44
131 52
131 53
131 59
131 61
131 65
131 67
131 74
131 75
131 76
131 79
131 85
131 86
131 87
131 106
131 112
131 116
131 121
131 123
131 146
132 3
132 6
132 8
132 15
132 17
132 22
132 24
132 46
132 78
132 81
132 99
132 100
132 105
132 117
132 138
132 146
132 147
132 149
133 1
133 5
133 7
133 9
133 13
133 18
133 35
133 39
133 42
133 50
133 59
133 78
133 84
133 87
133 107
133 117
133 142
133 145
134 8
134 9
134 22
134 30
134 36
134 41
134 50
134 60
134 62
134 71
134 73
134 74
134 77
134 102
134 107
134 114
134 128
134 137
134 140
135 16
135 21
135 27
135 42
135 45
135 50
135 55
135 100
135 101
135 111
135 126
135 136
135 141
135 148
136 2
136 15
136 24
136 32
136 39
136 61
136 73
136 87
136 90
136 106
136 125
136 126
136 129
136 132
136 137
136 140
136 141
137 9
137 10
137 15
137 17
137 24
137 29
137 38
137 53
137 65
137 82
137 91
137 93
137 115
137 118
137 119
137 127
137 145
137 150
138 2
138 3
138 6
138 44
138 46
138 57
138 58
138 72
138 88
138 91
138 100
138 129
138 135
138 137
138 140
138 146
138 147
139 11
139 19
139 22
139 23
139 35
139 36
139 37
139 50
139 57
139 61
139 87
139 88
139 93
139 104
139 107
139 108
139 115
139 140
140 1
140 7
140 8
140 9
140 35
140 38
140 39
140 40
140 61
140 83
140 86
140 90
140 94
140 99
140 106
140 112
140 116
140 128
140 133
140 148
141 14
141 35
141 45
141 48
141 54
141 67
141 81
141 115
141 123
141 129
141 130
141 132
141 142
142 8
142 10
142 22
142 54
142 87
142 98
142 105
142 131
142 137
143 7
143 10
143 11
143 12
143 18
143 45
143 46
143 66
143 67
143 79
143 81
143 89
143 90
143 100
143 101
143 106
143 110
143 113
143 128
143 136
143 138
143 147
144 5
144 21
144 22
144 26
144 41
144 43
144 44
144 46
144 60
144 63
144 68
144 74
144 81
144 92
144 103
144 133
144 139
144 141
144 143
144 146
144 149
145 4
145 7
145 10
145 15
145 32
145 33
145 47
145 49
145 57
145 68
145 81
145 92
145 98
145 105
145 106
145 114
145 115
145 116
145 127
145 130
145 132
145 135
145 136
145 140
145 146
145 150
146 1
146 4
146 20
146 26
146 39
146 41
146 51
146 54
146 59
146 63
146 66
146 75
146 80
146 81
146 90
146 91
146 103
146 109
146 110
146 112
146 115
146 130
146 136
146 137
146 139
146 141
147 7
147 8
147 38
147 47
147 48
147 53
147 56
147 59
147 60
147 77
147 85
147 89
147 91
147 98
147 113
147 130
147 133
147 148
148 8
148 17
148 33
148 37
148 43
148 48
148 53
148 56
148 64
148 76
148 80
148 85
148 100
148 106
148 114
148 133
148 139
148 144
149 6
149 14
149 15
149 22
149 41
149 42
149 43
149 61
149 65
149 70
149 75
149 95
149 99
149 117
149 124
149 126
149 131
149 135
149 136
149 137
149 146
150 9
150 14
150 28
150 32
150 55
150 65
150 66
150 70
150 93
150 102
150 103
150 110
150 121
150 129
150 133
150 143
150 144
150 147
150 149

