250 3000
102 109 54 63 22 22 116 93 67 85 43 96 34 53 26 79 26 31 26 99 48 78 30 30 32 119 78 66 31 20 101 33 90 103 38 71 76 34 110 83 48 66 92 41 41 50 67 70 111 91 115 63 69 64 107 50 45 55 43 31 69 81 26 117 88 52 48 119 98 82 56 108 40 23 54 49 54 120 22 50 32 102 46 42 68 85 31 81 45 96 109 92 32 102 87 47 40 108 89 69 41 111 61 73 69 116 38 24 106 20 23 85 105 118 106 65 26 95 74 42 24 67 102 117 55 56 36 93 55 56 60 99 34 102 69 61 83 39 112 117 35 25 37 94 111 82 23 46 58 89 109 100 118 91 76 86 51 72 66 115 108 49 28 74 86 119 21 45 69 63 112 116 94 76 64 98 59 72 33 63 61 53 44 20 76 74 26 39 54 102 106 44 92 23 118 68 69 27 44 40 35 46 49 53 118 86 48 30 97 87 32 48 114 92 22 84 44 44 35 51 39 63 104 72 29 50 112 45 51 91 89 79 97 90 87 115 24 47 50 113 69 96 21 33 66 31 108 101 45 29 
1 8
1 27
1 35
1 39
1 40
1 41
1 80
1 82
1 86
1 90
1 108
1 156
1 169
1 204
1 219
1 233
2 26
2 37
2 57
2 78
2 83
2 96
2 97
3 4
3 27
3 91
3 99
3 104
3 105
3 134
3 138
3 224
3 233
3 247
4 11
4 85
4 115
4 140
4 172
4 197
4 219
4 225
4 236
4 247
5 17
5 40
5 55
5 58
5 71
5 82
5 179
5 189
5 215
5 248
6 14
6 39
6 40
6 41
6 67
6 73
6 88
6 96
6 122
6 124
6 139
6 143
6 146
6 154
6 165
6 196
6 224
6 246
7 19
7 63
7 101
7 113
7 133
7 135
7 142
7 147
7 162
7 226
8 46
8 53
8 57
8 74
8 86
8 90
8 108
8 109
8 117
8 127
8 134
8 148
8 155
8 163
8 188
8 193
8 201
8 210
8 240
8 245
9 5
9 48
9 58
9 62
9 82
9 123
9 124
9 139
9 145
9 207
9 222
10 6
10 20
10 46
10 59
10 60
10 82
10 125
10 127
10 139
10 170
10 176
10 181
10 186
10 210
10 221
10 222
10 231
11 2
11 18
11 58
11 96
11 97
11 131
11 141
11 150
11 190
11 245
11 246
12 19
12 22
12 52
12 54
12 70
12 85
12 94
12 109
12 147
12 155
12 160
12 163
12 180
12 183
12 187
12 199
12 204
12 217
12 222
12 225
12 239
12 247
13 15
13 16
13 51
13 61
13 77
13 80
13 84
13 99
13 143
13 146
14 16
14 24
14 148
14 175
14 193
14 200
14 206
14 208
14 238
14 240
14 244
15 35
15 53
15 109
15 115
15 118
15 133
15 220
15 236
15 242
16 2
16 4
16 21
16 31
16 41
16 47
16 89
16 143
16 148
16 156
16 173
16 184
16 197
16 200
16 203
16 239
17 35
17 42
17 117
17 138
17 145
17 148
17 164
17 203
18 7
18 19
18 21
18 62
18 70
18 74
18 91
18 150
18 161
18 191
18 196
18 197
18 233
18 239
18 246
19 21
19 26
19 31
19 81
19 97
19 107
19 114
19 124
19 129
19 134
19 216
19 231
19 235
19 238
20 19
20 41
20 42
20 54
20 56
20 93
20 139
20 140
20 205
20 248
21 39
21 52
21 77
21 94
21 111
21 128
21 134
21 163
21 209
21 232
22 6
22 15
22 26
22 63
22 80
22 92
22 100
22 105
22 149
22 150
22 181
22 210
22 224
23 18
23 19
23 30
23 32
23 36
23 67
23 71
23 109
23 123
23 129
23 133
23 148
23 165
23 230
23 231
23 243
24 40
24 46
24 68
24 77
24 82
24 93
24 103
24 108
24 137
24 145
24 164
24 170
24 194
24 199
24 215
25 4
25 49
25 66
25 85
25 88
25 93
25 128
25 136
25 167
25 172
25 174
25 219
26 23
26 47
26 63
26 75
26 84
26 157
26 179
26 191
26 209
26 229
26 241
27 6
27 38
27 44
27 53
27 64
27 88
27 99
27 103
27 117
27 129
27 136
27 147
27 187
27 212
27 223
27 224
28 14
28 74
28 81
28 87
28 139
28 154
28 209
28 229
28 232
28 250
29 10
29 48
29 69
29 93
29 96
29 97
29 114
29 118
29 123
29 154
29 171
29 182
29 208
29 234
29 243
29 245
30 13
30 29
30 50
30 65
30 71
30 74
30 79
30 83
30 102
30 135
30 185
30 219
30 246
31 36
31 39
31 68
31 107
31 185
31 188
31 215
32 15
32 34
32 39
32 43
32 58
32 60
32 86
32 102
32 123
32 150
32 213
32 216
33 49
33 54
33 90
33 96
33 106
33 124
33 156
33 192
33 230
33 233
34 106
34 111
34 115
34 133
34 138
34 169
34 174
34 180
34 187
34 234
34 250
35 4
35 55
35 56
35 130
35 206
35 212
35 222
35 224
35 237
36 41
36 59
36 84
36 151
36 170
36 213
36 232
37 10
37 45
37 50
37 67
37 84
37 93
37 107
37 123
37 162
37 171
37 172
37 173
37 196
37 221
37 248
38 10
38 25
38 52
38 114
38 140
38 154
38 189
38 204
38 218
38 227
38 228
39 18
39 28
39 30
39 33
39 43
39 77
39 91
39 108
39 110
39 112
39 116
39 166
39 202
39 215
39 249
40 10
40 39
40 43
40 44
40 46
40 56
40 60
40 73
40 74
40 106
40 120
40 173
40 178
40 224
40 246
41 15
41 61
41 84
41 93
41 135
41 150
41 176
41 185
41 190
41 192
41 201
41 211
41 234
42 1
42 32
42 33
42 40
42 75
42 137
42 142
42 155
42 177
42 210
42 236
42 242
43 2
43 7
43 52
43 88
43 121
43 126
43 141
43 172
43 173
43 189
43 210
43 212
43 241
44 4
44 38
44 51
44 82
44 105
44 181
44 182
44 183
44 191
44 202
44 244
45 63
45 67
45 73
45 80
45 86
45 131
45 152
45 153
45 166
45 185
45 223
45 226
45 237
45 250
46 29
46 33
46 56
46 80
46 115
46 135
46 146
46 157
46 165
46 166
46 184
46 191
46 192
46 193
46 226
47 14
47 17
47 29
47 50
47 66
47 77
47 78
47 105
47 113
47 190
47 234
48 5
48 22
48 58
48 78
48 99
48 111
48 115
48 120
48 121
48 142
48 172
48 212
48 243
49 35
49 65
49 100
49 138
49 229
49 248
50 2
50 12
50 36
50 40
50 53
50 69
50 95
50 101
50 105
50 119
50 121
50 124
50 126
50 130
50 177
50 180
50 198
50 246
51 17
51 20
51 37
51 63
51 76
51 95
51 105
51 106
51 166
51 180
51 183
51 249
52 64
52 78
52 88
52 95
52 97
52 146
52 155
52 168
52 175
53 82
53 113
53 120
53 125
53 129
53 148
53 236
54 18
54 169
54 173
54 215
54 217
54 241
55 59
55 85
55 113
55 189
55 236
56 17
56 32
56 48
56 75
56 106
56 137
56 160
56 191
56 201
56 215
57 9
57 25
57 32
57 54
57 63
57 81
57 83
57 100
57 116
57 143
57 149
57 200
57 206
57 224
58 2
58 30
58 42
58 66
58 73
58 97
58 128
58 131
58 138
58 184
58 210
58 238
58 246
59 13
59 15
59 20
59 37
59 41
59 48
59 72
59 110
59 114
59 119
59 123
59 126
59 135
59 138
59 168
59 224
59 230
59 240
59 241
59 246
60 17
60 73
60 79
60 119
60 205
60 217
60 220
60 221
60 226
61 16
61 33
61 46
61 115
61 119
61 127
61 133
61 134
61 145
61 156
61 168
61 218
61 219
61 232
61 248
62 82
62 107
62 121
62 132
62 144
62 147
62 178
62 183
62 184
62 223
62 230
62 232
63 38
63 43
63 81
63 84
63 88
63 112
63 115
63 118
63 153
63 156
63 192
63 200
63 215
63 221
63 240
64 13
64 32
64 44
64 45
64 93
64 94
64 133
64 138
64 142
64 186
64 188
64 206
64 243
64 250
65 1
65 7
65 36
65 111
65 135
65 204
65 206
65 207
65 215
65 222
66 24
66 27
66 57
66 84
66 87
66 92
66 108
66 109
66 120
66 129
66 168
66 173
66 189
66 200
66 206
66 244
67 81
67 89
67 91
67 100
67 112
67 147
67 156
67 160
67 163
67 212
67 234
67 250
68 10
68 12
68 45
68 124
68 128
68 129
68 177
68 182
68 185
68 224
68 229
68 240
69 1
69 73
69 78
69 98
69 171
69 184
69 203
69 220
70 42
70 67
70 105
70 108
70 131
70 172
70 173
70 182
70 207
70 229
70 239
71 64
71 69
71 86
71 120
71 128
71 153
71 158
71 160
71 164
71 165
71 209
71 222
71 238
71 240
71 250
72 52
72 115
72 122
72 153
72 177
72 220
72 243
73 4
73 9
73 11
73 41
73 172
73 185
73 212
73 221
73 237
73 245
74 4
74 43
74 69
74 76
74 77
74 78
74 116
74 168
74 180
74 236
74 238
75 37
75 69
75 79
75 91
75 95
75 135
75 150
75 158
75 168
75 204
75 244
76 4
76 31
76 81
76 84
76 157
76 220
76 223
77 3
77 18
77 101
77 152
77 159
77 166
77 218
77 228
77 233
77 240
78 19
78 28
78 72
78 106
78 118
78 127
78 140
78 172
78 203
78 206
78 225
79 58
79 78
79 89
79 120
79 123
79 144
79 156
79 169
79 224
80 9
80 24
80 31
80 65
80 69
80 93
80 112
80 147
80 185
80 211
80 216
80 239
81 9
81 10
81 12
81 18
81 65
81 98
81 106
81 124
81 138
81 165
81 173
81 179
81 209
81 213
81 222
81 231
82 19
82 28
82 46
82 47
82 80
82 83
82 118
82 143
82 148
82 191
82 230
82 231
82 235
82 241
82 242
82 250
83 7
83 15
83 28
83 38
83 41
83 50
83 61
83 72
83 87
83 88
83 107
83 123
83 141
83 172
83 175
83 184
83 197
83 208
83 215
84 16
84 39
84 42
84 71
84 85
84 93
84 105
84 120
84 160
84 186
84 197
84 208
84 234
84 246
85 1
85 2
85 5
85 31
85 35
85 90
85 118
85 139
85 152
85 181
85 215
85 218
85 249
85 250
86 133
86 135
86 155
86 157
86 162
86 173
86 186
86 200
86 220
86 223
86 238
87 17
87 82
87 97
87 178
87 182
87 196
87 218
87 243
88 1
88 3
88 89
88 121
88 144
88 150
88 159
88 169
88 185
88 233
89 36
89 61
89 78
89 80
89 112
89 131
89 150
89 152
89 187
89 188
89 200
89 221
89 233
89 246
90 12
90 53
90 58
90 68
90 146
90 178
90 181
90 223
91 1
91 10
91 70
91 112
91 124
91 143
91 152
91 173
91 193
91 240
91 247
92 35
92 40
92 96
92 127
92 156
92 159
92 174
92 221
93 18
93 34
93 38
93 55
93 58
93 60
93 98
93 186
93 197
93 203
93 222
93 230
94 26
94 50
94 66
94 72
94 92
94 99
94 106
94 154
94 182
94 238
95 9
95 27
95 45
95 82
95 84
95 128
95 155
95 160
95 163
95 188
96 35
96 72
96 79
96 107
96 161
96 181
96 194
96 195
96 221
96 225
97 27
97 51
97 56
97 69
97 77
97 89
97 153
97 154
97 167
97 168
97 187
97 225
97 246
98 14
98 82
98 102
98 106
98 116
98 119
98 124
98 156
98 178
98 182
98 203
98 215
98 238
99 4
99 19
99 126
99 132
99 138
99 142
99 145
99 149
99 170
99 225
99 242
99 250
100 83
100 92
100 106
100 133
100 165
100 183
100 188
100 216
100 227
100 241
101 24
101 31
101 60
101 123
101 154
101 174
101 176
101 192
101 195
101 244
102 12
102 36
102 67
102 68
102 76
102 91
102 92
102 116
102 121
102 126
102 136
102 172
102 183
102 203
102 221
103 5
103 8
103 121
103 164
103 176
103 182
103 188
103 204
103 205
103 209
104 43
104 51
104 87
104 117
104 133
104 170
104 173
104 202
104 247
104 249
105 4
105 10
105 82
105 108
105 123
105 142
105 154
105 161
105 246
106 65
106 80
106 85
106 105
106 143
106 153
106 181
106 194
107 8
107 82
107 85
107 94
107 144
107 146
107 160
107 194
107 207
107 246
108 5
108 16
108 19
108 20
108 58
108 61
108 95
108 111
108 114
108 117
108 120
108 146
108 212
108 215
109 11
109 16
109 40
109 41
109 50
109 58
109 74
109 101
109 120
109 153
109 161
109 178
109 193
109 207
109 225
109 232
109 244
109 248
110 13
110 35
110 38
110 121
110 139
110 158
110 171
110 192
110 216
110 225
110 229
110 248
111 4
111 8
111 15
111 29
111 38
111 44
111 45
111 47
111 54
111 94
111 96
111 154
111 167
111 171
111 197
111 212
111 220
111 221
111 235
112 9
112 47
112 48
112 57
112 99
112 106
112 143
112 151
112 155
112 158
112 196
112 208
112 213
112 236
113 45
113 54
113 90
113 92
113 144
113 187
113 208
113 210
114 6
114 28
114 50
114 95
114 104
114 107
114 138
114 164
114 237
115 3
115 13
115 79
115 80
115 114
115 116
115 119
115 174
115 194
115 197
115 198
115 211
115 219
115 249
116 5
116 27
116 72
116 187
116 192
116 214
116 246
117 1
117 65
117 67
117 113
117 145
117 149
117 191
117 223
117 238
117 245
117 250
118 6
118 49
118 58
118 87
118 121
118 135
118 173
118 206
118 214
118 233
119 22
119 37
119 53
119 66
119 70
119 73
119 83
119 149
119 171
119 226
120 24
120 28
120 43
120 52
120 58
120 69
120 90
120 100
120 105
120 128
120 158
120 197
121 13
121 21
121 28
121 53
121 86
121 97
121 120
121 122
121 134
121 153
121 166
121 188
121 209
121 210
121 211
122 47
122 84
122 101
122 112
122 124
122 150
122 151
122 158
122 159
122 199
122 201
122 226
122 228
123 4
123 24
123 27
123 42
123 60
123 69
123 78
123 84
123 139
123 145
123 169
123 180
123 183
123 184
123 229
123 249
124 2
124 15
124 20
124 36
124 43
124 66
124 70
124 73
124 109
124 198
125 25
125 61
125 63
125 66
125 83
125 92
125 99
125 104
125 114
125 120
125 124
125 130
125 148
126 6
126 36
126 57
126 68
126 109
126 167
126 169
126 173
126 178
126 207
126 240
127 60
127 79
127 85
127 86
127 118
127 121
127 150
127 185
127 194
127 207
127 211
127 215
127 240
127 242
128 5
128 19
128 30
128 57
128 69
128 116
128 127
128 142
128 179
128 184
128 207
128 217
128 218
128 227
128 230
128 238
128 249
129 33
129 58
129 133
129 152
129 169
129 184
129 219
129 221
129 238
130 2
130 4
130 20
130 29
130 55
130 58
130 89
130 121
130 178
130 182
130 209
130 215
130 243
131 4
131 62
131 67
131 68
131 78
131 100
131 160
131 235
131 238
132 23
132 32
132 54
132 72
132 73
132 85
132 114
132 127
132 138
132 177
132 179
132 195
132 223
132 234
132 250
133 30
133 52
133 81
133 118
133 135
133 154
133 168
133 193
133 202
133 211
133 225
133 229
133 238
133 242
134 5
134 45
134 56
134 65
134 72
134 77
134 92
134 107
134 109
135 34
135 55
135 62
135 68
135 73
135 97
135 167
135 173
135 188
135 204
135 206
135 226
136 31
136 48
136 80
136 126
136 158
136 187
136 193
136 218
136 222
136 242
136 245
137 6
137 46
137 49
137 58
137 67
137 73
137 152
137 170
137 179
137 201
137 230
137 250
138 26
138 46
138 83
138 104
138 139
138 156
138 200
138 228
139 2
139 39
139 40
139 53
139 71
139 142
139 143
139 155
139 159
139 197
139 221
140 17
140 25
140 52
140 114
140 138
140 148
140 155
140 189
141 52
141 53
141 62
141 94
141 113
141 119
141 143
142 2
142 11
142 20
142 45
142 60
142 89
142 94
142 98
142 157
142 161
142 169
142 225
142 228
142 234
142 244
142 245
143 10
143 35
143 49
143 74
143 78
143 120
143 187
143 196
143 225
143 247
144 26
144 35
144 86
144 98
144 112
144 122
144 169
144 187
144 195
144 249
145 4
145 5
145 7
145 19
145 21
145 25
145 44
145 104
145 110
145 121
145 130
145 139
145 140
145 142
145 146
145 160
145 161
145 200
145 208
145 214
145 244
145 247
146 16
146 24
146 31
146 37
146 62
146 219
146 243
147 29
147 42
147 73
147 88
147 142
147 145
147 240
148 27
148 33
148 43
148 44
148 80
148 81
148 107
148 186
148 221
148 223
148 225
148 230
148 249
149 17
149 40
149 45
149 63
149 113
149 135
149 187
149 191
149 200
149 207
149 218
149 227
150 20
150 24
150 30
150 51
150 126
150 130
150 133
150 144
150 149
150 152
150 174
150 177
150 200
150 213
150 215
150 240
151 28
151 46
151 48
151 65
151 66
151 81
151 108
151 167
151 219
151 231
152 5
152 80
152 107
152 111
152 126
152 146
152 159
152 196
152 202
152 232
153 11
153 12
153 27
153 40
153 47
153 64
153 91
153 142
153 199
153 220
153 224
154 8
154 9
154 24
154 59
154 86
154 91
154 120
154 155
154 162
154 170
154 180
154 201
154 202
154 233
155 10
155 60
155 72
155 91
155 109
155 114
155 136
155 145
155 170
155 198
155 229
155 242
155 247
156 14
156 26
156 27
156 89
156 116
156 129
156 155
156 215
156 217
156 220
156 226
156 234
156 244
157 64
157 75
157 129
157 152
157 163
157 171
157 190
157 241
157 244
158 5
158 7
158 17
158 59
158 63
158 66
158 108
158 118
158 131
158 138
158 144
158 156
158 174
158 216
158 229
158 241
159 17
159 19
159 33
159 65
159 67
159 80
159 86
159 112
159 121
159 143
159 165
159 166
159 178
159 188
159 196
159 242
160 10
160 15
160 33
160 72
160 79
160 87
160 136
160 144
160 155
160 168
160 181
160 182
160 202
160 225
160 249
161 30
161 40
161 42
161 64
161 73
161 87
161 108
161 132
161 151
161 152
161 183
161 194
161 198
161 208
161 228
161 235
162 3
162 33
162 41
162 43
162 49
162 53
162 112
162 141
162 147
162 155
162 186
162 187
162 195
162 250
163 7
163 38
163 85
163 143
163 220
164 121
164 172
164 201
164 226
164 242
164 248
165 30
165 39
165 44
165 45
165 75
165 85
165 91
165 112
165 144
165 210
166 24
166 27
166 37
166 43
166 54
166 56
166 96
166 103
166 110
166 125
166 130
166 164
166 170
166 177
166 212
166 213
166 219
166 247
167 17
167 77
167 90
167 114
167 150
167 152
167 191
167 210
168 93
168 188
168 190
168 202
168 208
168 219
168 226
169 3
169 5
169 28
169 93
169 97
169 99
169 107
169 113
169 116
169 117
169 160
169 168
169 197
169 201
169 206
169 227
169 239
170 38
170 47
170 56
170 108
170 109
170 113
170 153
170 162
170 184
170 195
170 199
170 246
171 14
171 40
171 93
171 95
171 103
171 165
171 175
171 195
171 236
171 241
171 250
172 21
172 27
172 58
172 75
172 103
172 150
172 168
172 206
172 234
172 240
173 13
173 26
173 47
173 58
173 72
173 94
173 98
173 130
173 131
173 138
173 159
173 161
173 181
173 198
173 203
173 215
173 232
174 24
174 30
174 35
174 43
174 60
174 94
174 102
174 113
174 119
174 129
174 178
174 194
174 215
174 232
175 40
175 46
175 51
175 77
175 84
175 109
175 114
175 138
175 142
175 144
175 159
175 174
175 247
176 29
176 31
176 138
176 156
176 163
176 174
176 206
176 217
176 229
176 244
177 33
177 60
177 133
177 141
177 159
177 193
177 205
177 235
177 236
177 247
178 73
178 74
178 93
178 97
178 137
178 144
178 145
178 150
178 154
178 160
178 181
178 212
178 214
179 2
179 43
179 61
179 77
179 87
179 122
179 159
179 164
179 199
179 240
180 19
180 75
180 78
180 81
180 124
180 132
180 218
180 238
181 2
181 60
181 72
181 78
181 97
181 140
181 191
181 203
181 246
182 21
182 32
182 41
182 42
182 43
182 52
182 74
182 99
182 121
182 125
182 138
182 151
182 161
182 181
182 184
182 231
183 5
183 28
183 33
183 42
183 124
183 126
183 134
183 145
183 182
183 184
183 209
184 11
184 13
184 47
184 70
184 78
184 113
184 172
184 173
184 175
184 250
185 16
185 25
185 51
185 55
185 65
185 75
185 101
185 134
185 142
185 157
185 195
185 216
185 217
185 226
186 34
186 63
186 67
186 68
186 69
186 71
186 73
186 76
186 111
186 152
186 159
186 210
186 218
186 231
186 235
186 241
186 249
187 22
187 31
187 61
187 98
187 99
187 117
187 171
187 172
187 174
187 183
187 230
187 241
187 246
188 3
188 51
188 56
188 58
188 94
188 96
188 98
188 99
188 145
188 167
188 172
188 182
188 198
188 209
189 2
189 17
189 59
189 62
189 70
189 90
189 95
189 108
189 126
189 146
189 147
189 150
189 165
189 183
189 229
190 15
190 18
190 31
190 61
190 79
190 82
190 127
190 135
190 183
190 213
190 215
190 226
191 22
191 25
191 92
191 121
191 123
191 131
191 138
191 140
191 172
191 192
191 200
191 220
191 229
192 3
192 94
192 111
192 144
192 146
192 181
192 193
192 201
192 204
192 214
193 4
193 34
193 40
193 48
193 58
193 76
193 78
193 94
193 113
193 125
193 143
193 144
193 163
193 211
193 249
194 38
194 86
194 92
194 129
194 152
194 167
195 14
195 24
195 36
195 57
195 63
195 68
195 69
195 77
195 91
195 117
195 158
195 172
195 182
195 188
196 27
196 45
196 60
196 76
196 78
196 93
196 96
196 166
196 188
196 190
196 198
196 205
196 218
196 219
196 226
197 49
197 56
197 58
197 89
197 108
197 118
197 131
197 165
197 214
197 219
197 227
197 242
198 4
198 9
198 67
198 80
198 126
198 139
198 176
198 182
198 190
198 216
198 225
198 236
199 1
199 11
199 20
199 64
199 82
199 90
199 99
199 144
199 195
199 202
199 218
199 229
200 3
200 26
200 38
200 41
200 53
200 72
200 79
200 84
200 115
200 154
200 168
200 179
200 199
200 218
201 20
201 44
201 50
201 108
201 118
201 138
201 162
201 178
201 218
201 230
202 5
202 33
202 42
202 47
202 71
202 97
202 144
202 173
202 190
202 200
202 206
202 210
202 212
202 220
202 230
203 5
203 12
203 24
203 66
203 68
203 110
203 111
203 152
203 154
203 166
203 167
203 193
203 209
203 216
203 224
203 236
203 249
204 6
204 79
204 140
204 145
204 148
204 194
204 198
204 203
204 220
204 244
205 13
205 17
205 46
205 58
205 128
205 185
205 235
206 5
206 17
206 19
206 45
206 52
206 70
206 80
206 96
206 139
206 140
206 149
206 160
206 217
206 220
206 221
206 233
207 5
207 48
207 50
207 51
207 64
207 73
207 79
207 92
207 113
207 118
207 157
207 191
207 229
207 230
208 36
208 69
208 70
208 90
208 91
208 98
208 121
208 123
208 129
208 156
208 157
208 229
208 242
209 31
209 44
209 50
209 54
209 107
209 127
209 131
209 139
209 142
209 152
209 167
209 176
209 184
209 219
210 17
210 25
210 48
210 60
210 65
210 72
210 119
210 143
210 176
210 217
210 222
210 223
211 38
211 65
211 66
211 83
211 90
211 153
211 163
211 195
211 223
211 230
211 239
211 242
211 246
212 7
212 56
212 77
212 95
212 99
212 179
212 218
212 222
212 233
213 12
213 62
213 132
213 147
213 217
213 227
214 8
214 10
214 29
214 35
214 39
214 45
214 55
214 56
214 62
214 66
214 105
214 115
214 117
214 143
214 146
214 170
214 199
214 240
215 13
215 29
215 67
215 75
215 111
215 112
215 124
215 141
215 170
215 179
215 184
215 226
215 230
216 10
216 55
216 77
216 109
216 121
216 126
216 130
216 147
216 199
216 218
216 223
216 237
217 7
217 36
217 89
217 100
217 103
217 112
217 122
217 221
217 230
218 9
218 23
218 51
218 59
218 80
218 93
218 107
218 124
218 138
218 142
218 185
218 194
218 238
219 33
219 51
219 63
219 81
219 108
219 120
219 134
219 181
219 230
220 6
220 12
220 70
220 75
220 98
220 114
220 120
220 143
220 144
220 162
220 176
220 201
220 219
221 4
221 42
221 43
221 81
221 91
221 104
221 113
221 115
221 172
221 226
221 241
221 250
222 2
222 5
222 34
222 79
222 92
222 94
222 114
222 129
222 133
222 140
222 156
222 159
222 165
222 167
222 187
222 200
222 206
222 227
222 239
222 248
223 28
223 53
223 56
223 95
223 121
223 128
223 152
223 153
223 186
223 188
223 189
223 191
223 200
223 231
223 240
223 241
224 11
224 31
224 49
224 62
224 115
224 143
224 165
224 222
224 223
225 26
225 31
225 35
225 39
225 62
225 166
225 188
226 31
226 34
226 51
226 129
226 201
226 227
226 232
226 240
227 17
227 26
227 27
227 72
227 106
227 110
227 178
227 187
227 198
228 2
228 7
228 16
228 57
228 62
228 69
228 83
228 119
228 123
228 135
228 157
228 159
228 178
228 194
228 231
228 250
229 3
229 27
229 33
229 63
229 81
229 91
229 112
229 134
229 162
229 195
229 214
229 245
230 38
230 50
230 51
230 54
230 64
230 69
230 73
230 76
230 79
230 105
230 107
230 112
230 119
230 131
230 134
230 181
230 182
230 195
230 199
230 210
230 214
230 224
230 228
231 16
231 34
231 44
231 59
231 73
231 102
231 109
231 113
231 118
231 133
231 135
231 146
231 159
231 173
231 179
231 206
232 7
232 14
232 41
232 59
232 75
232 108
232 111
232 119
232 129
232 130
232 165
232 177
232 182
232 189
232 204
232 224
232 235
233 4
233 39
233 70
233 83
233 134
233 176
233 178
233 230
234 3
234 12
234 25
234 36
234 66
234 77
234 111
234 137
234 169
235 51
235 56
235 79
235 172
235 218
235 222
236 2
236 28
236 67
236 73
236 109
236 117
236 161
236 174
236 197
237 8
237 76
237 103
237 104
237 106
237 107
237 112
237 113
237 149
237 199
237 210
237 232
237 236
237 248
238 28
238 53
238 55
238 63
238 95
238 97
238 116
238 122
238 132
238 148
238 202
239 3
239 33
239 53
239 74
239 81
239 118
239 130
239 177
239 199
239 206
239 229
239 247
240 12
240 20
240 22
240 51
240 53
240 74
240 79
240 82
240 88
240 103
240 138
240 188
240 201
240 216
240 221
241 11
241 27
241 35
241 36
241 44
241 74
241 80
241 81
241 122
241 136
241 165
241 210
242 40
242 46
242 75
242 85
242 132
242 232
242 247
242 250
243 4
243 108
243 128
243 139
243 167
243 170
243 190
243 215
244 10
244 13
244 18
244 93
244 98
244 137
244 158
244 172
244 179
244 221
244 232
245 17
245 49
245 65
245 88
245 143
245 146
245 149
245 194
245 234
245 235
246 10
246 38
246 54
246 117
246 128
246 133
246 156
246 184
246 189
246 195
246 201
246 226
247 16
247 20
247 92
247 132
247 135
247 230
247 244
248 24
248 27
248 29
248 39
248 48
248 60
248 66
248 89
248 92
248 97
248 105
248 108
248 120
248 168
248 172
248 199
248 229
248 232
249 87
249 129
249 157
249 191
249 197
249 218
249 245
250 9
250 12
250 18
250 58
250 83
250 100
250 115
250 121
250 126
250 127
250 170
250 173
250 179
250 183
250 188
250 205
250 207

