150 2000
24 105 60 41 101 46 88 78 84 55 111 88 45 37 72 56 57 113 94 37 51 90 100 87 35 26 83 92 69 99 117 65 114 77 74 64 103 116 23 29 119 119 73 34 53 82 104 33 65 69 64 65 35 119 35 99 20 78 65 59 91 30 82 25 53 54 31 51 39 100 49 20 81 90 92 30 62 44 84 31 70 90 83 42 107 85 57 96 88 105 103 76 59 57 100 59 113 48 35 63 70 104 84 91 49 44 68 54 64 91 75 24 89 79 107 90 76 84 46 86 63 68 115 37 109 76 75 102 31 42 37 97 40 119 41 68 58 107 54 108 94 23 38 79 109 27 29 90 55 46 
1 2
1 12
1 17
1 22
1 37
1 46
1 68
1 69
1 74
1 75
1 78
1 84
1 118
1 121
1 125
1 135
1 139
1 142
2 9
2 10
2 18
2 50
2 75
2 80
2 84
2 89
2 90
2 95
2 97
2 113
2 132
3 2
3 15
3 17
3 63
3 71
3 77
3 78
3 82
3 84
3 89
3 91
3 104
3 116
3 123
3 129
3 130
3 150
4 36
4 37
4 82
4 87
4 98
4 119
4 146
5 13
5 43
5 83
5 91
5 99
5 122
5 123
5 137
5 139
5 145
5 147
6 5
6 8
6 15
6 34
6 39
6 43
6 45
6 54
6 59
6 65
6 77
6 107
6 112
6 114
6 116
6 137
6 138
6 144
7 3
7 28
7 36
7 37
7 72
7 74
7 75
7 81
7 97
7 102
7 135
7 146
8 4
8 14
8 16
8 18
8 19
8 27
8 40
8 58
8 61
8 62
8 67
8 70
8 99
8 104
8 119
8 122
8 123
8 136
8 146
9 17
9 18
9 24
9 26
9 42
9 43
9 46
9 47
9 48
9 58
9 85
9 105
9 111
9 115
9 122
9 136
9 149
10 16
10 20
10 21
10 32
10 40
10 71
10 89
10 104
10 108
10 117
10 130
11 8
11 19
11 24
11 33
11 46
11 52
11 54
11 61
11 84
11 101
11 131
11 137
11 140
12 24
12 34
12 53
12 84
12 86
12 108
12 109
12 116
12 118
12 120
12 134
12 137
13 17
13 40
13 48
13 52
13 60
13 72
13 87
13 103
13 108
13 140
14 5
14 20
14 22
14 43
14 50
14 67
14 89
14 112
14 122
14 123
14 128
14 129
14 132
14 139
14 141
14 145
15 20
15 24
15 30
15 39
15 40
15 59
15 104
15 130
15 149
16 17
16 20
16 21
16 32
16 42
16 47
16 55
16 71
16 80
16 83
16 84
16 94
16 123
16 126
16 129
16 143
17 19
17 23
17 29
17 40
17 43
17 44
17 57
17 67
17 76
17 90
17 91
17 93
17 96
17 119
17 122
17 129
17 143
17 146
18 3
18 12
18 35
18 36
18 54
18 55
18 58
18 59
18 76
18 100
18 105
18 112
18 117
18 138
19 3
19 12
19 21
19 27
19 66
19 70
19 76
19 89
19 99
19 143
19 150
20 5
20 11
20 45
20 74
20 99
20 104
20 108
20 115
20 118
20 121
20 122
20 140
20 146
21 9
21 17
21 22
21 35
21 41
21 71
21 72
21 76
21 87
21 132
21 133
21 143
22 10
22 38
22 47
22 52
22 58
22 60
22 78
22 116
22 125
22 131
22 137
22 140
23 22
23 53
23 54
23 61
23 78
23 92
23 102
23 105
23 112
23 113
23 131
23 132
23 141
23 149
24 10
24 39
24 44
24 49
24 55
24 71
24 100
24 114
24 137
24 139
24 144
25 10
25 28
25 35
25 61
25 65
25 69
25 74
25 90
25 101
25 118
25 122
25 124
25 127
25 128
25 134
25 140
25 143
26 12
26 36
26 51
26 107
26 109
26 150
27 5
27 14
27 40
27 48
27 54
27 59
27 72
27 98
27 105
27 107
27 113
27 119
27 123
27 132
27 134
27 136
27 142
28 12
28 15
28 30
28 33
28 53
28 69
28 94
28 129
28 137
28 144
28 149
29 4
29 21
29 22
29 24
29 28
29 32
29 35
29 39
29 42
29 48
29 56
29 81
29 90
29 93
29 102
29 114
29 122
29 148
29 150
30 21
30 41
30 42
30 75
30 97
30 118
30 128
30 129
30 131
30 133
30 146
30 147
31 4
31 26
31 37
31 59
31 68
31 83
31 87
31 89
31 101
31 112
31 131
31 132
32 2
32 5
32 6
32 17
32 24
32 45
32 48
32 58
32 62
32 129
32 133
32 136
32 137
32 143
33 20
33 45
33 53
33 68
33 72
33 77
33 81
33 98
33 114
33 122
33 137
33 140
34 4
34 18
34 19
34 21
34 72
34 80
34 87
34 120
35 1
35 4
35 5
35 9
35 14
35 36
35 53
35 62
35 68
35 76
35 84
35 93
35 98
35 109
35 112
35 115
35 138
35 140
35 149
36 8
36 22
36 37
36 39
36 46
36 102
36 115
36 131
36 139
36 142
37 5
37 8
37 39
37 43
37 53
37 94
37 114
37 117
37 132
38 1
38 7
38 14
38 21
38 24
38 29
38 32
38 33
38 34
38 45
38 51
38 62
38 78
38 84
38 89
38 90
38 97
38 105
38 108
38 120
38 121
38 125
38 131
38 137
38 147
39 2
39 9
39 20
39 28
39 33
39 38
39 46
39 65
39 77
39 82
39 86
39 87
39 89
39 99
39 112
39 116
39 120
39 121
39 127
40 16
40 19
40 47
40 53
40 56
40 59
40 84
40 87
40 96
40 110
40 130
40 132
41 6
41 9
41 12
41 15
41 23
41 24
41 50
41 51
41 67
41 75
41 83
41 105
41 114
41 124
41 142
42 21
42 35
42 37
42 41
42 43
42 55
42 81
42 90
42 118
42 124
42 133
42 143
42 150
43 1
43 13
43 15
43 26
43 49
43 62
43 70
43 80
43 111
43 122
43 148
44 5
44 20
44 28
44 43
44 50
44 52
44 53
44 57
44 62
44 69
44 75
44 83
44 93
44 116
44 131
44 139
44 141
44 143
44 148
45 14
45 17
45 29
45 43
45 60
45 75
45 86
45 87
45 90
45 120
45 137
45 141
45 147
45 149
46 8
46 38
46 62
46 67
46 75
46 89
46 94
46 109
46 124
46 149
47 37
47 43
47 52
47 59
47 83
47 97
47 104
47 120
47 129
47 136
47 143
48 5
48 8
48 25
48 31
48 35
48 49
48 63
48 84
48 94
48 110
48 112
48 117
48 148
49 19
49 29
49 36
49 81
49 83
49 91
49 96
49 111
49 125
49 129
49 132
49 143
49 147
50 24
50 33
50 43
50 52
50 60
50 72
50 77
50 87
50 107
50 108
50 121
50 122
50 127
50 135
50 139
51 54
51 60
51 65
51 68
51 69
51 74
51 82
51 88
51 94
51 96
51 133
51 145
51 149
52 6
52 23
52 29
52 40
52 54
52 63
52 66
52 72
52 89
52 95
52 133
52 134
52 137
52 143
52 145
53 4
53 10
53 36
53 64
53 67
53 96
53 117
53 118
53 120
53 134
54 5
54 16
54 47
54 48
54 49
54 59
54 63
54 83
54 90
54 94
54 101
54 105
54 106
54 113
54 116
54 125
54 139
54 142
54 144
54 145
54 148
55 5
55 41
55 50
55 61
55 93
55 100
55 117
56 60
56 70
56 84
56 85
56 94
56 98
56 105
56 107
56 111
56 113
56 117
56 122
56 126
56 131
56 138
56 145
57 8
57 36
57 37
57 53
57 60
57 108
57 114
57 117
57 147
58 11
58 30
58 38
58 45
58 81
58 88
58 103
58 130
58 145
58 148
59 12
59 13
59 37
59 53
59 75
59 81
59 89
59 93
59 94
59 123
59 130
59 133
59 134
60 23
60 27
60 30
60 31
60 38
60 43
60 44
60 52
60 58
60 112
60 116
60 122
60 124
60 139
61 21
61 34
61 39
61 45
61 46
61 49
61 54
61 66
61 67
61 68
61 85
61 104
61 106
61 109
61 114
61 116
61 120
61 121
61 131
61 143
61 149
62 4
62 63
62 74
62 77
62 86
62 95
62 124
62 126
62 129
62 137
62 139
62 145
63 16
63 34
63 35
63 42
63 72
63 75
63 87
63 99
63 128
63 143
64 5
64 19
64 21
64 23
64 31
64 32
64 49
64 51
64 52
64 60
64 88
64 109
64 110
64 130
64 137
64 143
65 16
65 26
65 32
65 50
65 71
65 82
65 87
65 91
65 105
65 136
65 143
66 4
66 12
66 17
66 53
66 95
66 97
66 120
66 131
67 25
67 27
67 34
67 45
67 56
67 64
67 77
67 84
67 91
67 96
67 97
67 101
67 124
68 3
68 14
68 19
68 37
68 49
68 54
68 77
68 79
68 88
68 113
68 116
68 123
68 124
68 137
69 9
69 22
69 36
69 38
69 52
69 60
69 66
69 74
69 94
69 95
69 126
69 127
69 136
69 145
69 146
70 1
70 4
70 7
70 10
70 16
70 38
70 39
70 51
70 52
70 58
70 60
70 66
70 68
70 69
70 83
70 85
70 93
71 1
71 39
71 50
71 86
71 89
71 96
71 106
71 115
71 136
72 8
72 15
72 23
72 35
72 43
72 54
72 56
72 92
72 106
72 110
72 126
72 145
72 147
73 1
73 2
73 10
73 15
73 20
73 27
73 38
73 47
73 62
73 66
73 76
73 83
73 84
73 94
73 95
73 115
73 116
73 117
73 125
73 126
73 138
73 143
74 9
74 10
74 11
74 15
74 22
74 24
74 55
74 64
74 67
74 70
74 71
74 92
74 95
74 115
74 125
74 127
74 134
75 11
75 19
75 35
75 80
75 100
75 112
75 114
75 119
75 123
75 135
76 14
76 31
76 33
76 34
76 58
76 61
76 65
76 123
76 125
76 146
77 5
77 25
77 40
77 74
77 81
77 92
77 95
77 100
77 148
78 6
78 11
78 19
78 29
78 51
78 52
78 60
78 74
78 83
78 85
78 91
78 102
78 110
78 115
78 140
78 146
79 6
79 18
79 70
79 81
79 92
79 124
79 139
79 147
80 11
80 12
80 18
80 28
80 32
80 50
80 55
80 59
80 62
80 67
80 70
80 71
80 74
80 95
80 105
80 126
80 131
81 9
81 34
81 37
81 38
81 72
81 85
81 93
81 106
81 113
81 130
81 133
81 146
82 9
82 14
82 15
82 48
82 52
82 63
82 103
82 126
82 132
82 134
82 136
82 138
82 139
82 147
83 12
83 26
83 28
83 29
83 57
83 67
83 69
83 75
83 106
83 111
83 119
83 130
83 139
83 142
83 150
84 8
84 21
84 32
84 50
84 57
84 98
84 104
84 116
84 134
84 147
85 8
85 31
85 34
85 36
85 38
85 48
85 49
85 55
85 59
85 63
85 69
85 71
85 93
85 120
86 7
86 18
86 19
86 29
86 31
86 47
86 49
86 77
86 84
86 102
86 119
86 138
86 146
86 148
87 9
87 12
87 19
87 25
87 29
87 46
87 62
87 68
87 103
87 107
87 110
88 1
88 20
88 24
88 26
88 30
88 59
88 70
88 76
88 92
88 118
88 119
88 123
88 146
89 20
89 25
89 37
89 48
89 49
89 66
89 67
89 82
89 94
89 99
89 100
89 115
89 134
89 135
89 137
89 144
90 10
90 12
90 16
90 19
90 35
90 41
90 47
90 53
90 77
90 93
90 102
90 129
90 137
90 138
91 2
91 10
91 22
91 25
91 41
91 50
91 71
91 77
91 97
91 116
91 128
91 133
91 149
92 3
92 11
92 30
92 33
92 61
92 70
92 81
92 132
92 135
92 150
93 5
93 7
93 9
93 14
93 18
93 24
93 39
93 41
93 43
93 60
93 66
93 89
93 95
93 120
93 135
94 12
94 27
94 44
94 88
94 145
95 1
95 4
95 12
95 19
95 20
95 25
95 28
95 34
95 81
95 90
95 102
95 130
95 140
96 3
96 42
96 69
96 78
96 91
96 104
96 108
96 139
97 1
97 18
97 21
97 53
97 59
97 75
97 78
97 80
97 83
97 89
97 113
97 132
97 136
97 144
97 150
98 18
98 63
98 86
98 89
98 94
98 109
98 142
99 4
99 17
99 21
99 24
99 25
99 28
99 37
99 56
99 66
99 76
99 83
99 96
99 106
99 109
99 114
99 128
99 131
99 135
99 141
99 147
100 8
100 54
100 60
100 76
100 78
100 80
100 82
100 84
100 88
100 96
100 102
100 143
100 149
101 19
101 23
101 36
101 64
101 66
101 79
101 80
101 148
102 14
102 35
102 44
102 62
102 76
102 98
102 103
102 132
103 6
103 8
103 11
103 26
103 37
103 43
103 52
103 86
103 93
103 112
103 130
103 139
103 145
104 1
104 24
104 28
104 45
104 48
104 67
104 69
104 87
104 93
104 97
104 98
104 111
104 126
104 131
104 132
104 138
104 141
105 8
105 13
105 43
105 46
105 62
105 64
105 70
105 76
105 102
105 104
105 121
105 127
105 131
105 139
105 141
106 10
106 23
106 29
106 30
106 34
106 42
106 49
106 58
106 70
106 90
106 104
106 150
107 12
107 15
107 32
107 35
107 49
107 63
107 68
107 76
107 78
107 83
107 100
107 122
107 124
107 134
107 139
107 140
108 5
108 7
108 11
108 28
108 31
108 48
108 51
108 76
108 98
108 104
108 110
108 121
108 123
109 8
109 15
109 18
109 34
109 42
109 58
109 65
109 75
109 82
109 92
109 120
109 123
109 124
109 135
109 140
109 146
110 50
110 65
110 85
110 89
110 91
110 96
110 102
110 103
110 105
110 114
110 119
110 122
110 126
110 127
110 146
110 147
111 2
111 4
111 8
111 50
111 60
111 73
111 84
111 86
111 91
111 125
111 126
111 136
112 9
112 26
112 36
112 40
112 64
112 67
112 72
112 82
112 110
112 127
112 134
112 144
113 4
113 6
113 18
113 21
113 26
113 42
113 57
113 82
113 98
113 122
113 123
113 124
113 127
113 137
113 144
113 149
114 13
114 28
114 69
114 82
114 85
114 101
114 115
114 121
114 123
114 135
114 139
114 144
115 2
115 26
115 34
115 41
115 51
115 55
115 58
115 60
115 61
115 64
115 90
115 98
115 106
115 110
115 122
115 133
115 143
115 149
116 4
116 38
116 43
116 46
116 51
116 52
116 62
116 66
116 71
116 76
116 80
116 86
116 94
116 119
116 128
116 134
116 144
117 1
117 15
117 29
117 42
117 47
117 62
117 65
117 67
117 72
117 86
117 99
117 106
117 119
117 120
117 130
118 23
118 33
118 44
118 45
118 49
118 56
118 75
118 78
118 82
118 93
118 107
118 110
118 119
118 130
118 137
119 3
119 16
119 24
119 42
119 59
119 77
119 95
119 104
119 109
119 137
119 145
120 5
120 31
120 33
120 43
120 59
120 60
120 64
120 65
120 68
120 79
120 81
120 104
120 118
120 149
121 10
121 22
121 53
121 76
121 90
121 96
121 97
121 107
121 117
121 119
121 130
121 139
121 143
121 149
122 10
122 21
122 23
122 26
122 31
122 37
122 48
122 59
122 62
122 66
122 87
122 94
122 119
122 125
123 23
123 35
123 47
123 91
123 93
123 111
123 120
123 139
123 143
124 15
124 16
124 19
124 37
124 48
124 50
124 55
124 65
124 101
124 104
124 114
124 115
124 119
124 142
125 2
125 8
125 10
125 12
125 47
125 67
125 81
125 82
125 110
125 134
125 135
125 149
126 2
126 40
126 49
126 81
126 85
126 87
126 92
126 109
126 113
126 124
126 140
126 145
127 30
127 42
127 56
127 80
127 88
127 96
127 100
127 101
127 102
127 121
127 122
127 135
127 148
128 9
128 13
128 18
128 49
128 55
128 87
128 96
128 107
128 109
128 110
128 119
128 122
128 125
128 126
128 147
129 35
129 46
129 57
129 59
129 71
129 76
129 111
129 112
129 113
129 119
129 135
130 17
130 21
130 71
130 87
130 93
130 99
130 107
130 111
130 112
130 120
130 123
130 127
130 128
131 5
131 13
131 40
131 62
131 70
131 71
131 74
131 82
131 86
131 95
131 106
131 130
131 149
132 16
132 26
132 28
132 57
132 64
132 94
132 95
132 96
132 111
132 133
133 4
133 24
133 34
133 45
133 94
133 97
133 98
133 109
133 122
133 128
134 5
134 19
134 20
134 30
134 32
134 35
134 36
134 50
134 51
134 58
134 68
134 77
134 83
134 100
134 104
134 124
134 131
134 147
135 27
135 43
135 44
135 48
135 60
135 63
135 73
135 102
135 122
135 123
135 128
135 131
135 146
135 147
136 5
136 28
136 35
136 37
136 38
136 40
136 55
136 66
136 68
136 76
136 85
136 88
136 90
136 93
136 103
136 124
136 135
136 138
136 142
136 146
136 149
137 8
137 18
137 30
137 47
137 58
137 66
137 70
137 74
137 85
137 92
137 121
137 131
137 136
137 141
138 27
138 31
138 36
138 40
138 42
138 44
138 47
138 48
138 57
138 59
138 74
138 84
138 111
139 9
139 12
139 17
139 21
139 23
139 31
139 33
139 40
139 47
139 49
139 69
139 71
139 108
139 115
139 126
139 134
139 138
139 143
139 147
140 8
140 9
140 27
140 40
140 63
140 82
140 108
140 121
140 123
140 129
140 132
141 11
141 19
141 48
141 51
141 57
141 67
141 84
141 87
141 91
141 119
141 121
141 126
141 131
141 134
141 136
141 146
142 10
142 31
142 88
142 114
142 128
142 132
142 134
142 146
143 15
143 35
143 62
143 82
143 93
143 99
143 106
143 110
143 113
143 120
143 126
143 132
143 140
144 12
144 30
144 31
144 43
144 71
144 78
144 100
144 121
144 122
144 128
144 133
144 143
144 149
145 4
145 8
145 26
145 28
145 38
145 43
145 45
145 75
145 76
145 77
145 82
145 90
145 120
145 132
145 150
146 10
146 12
146 28
146 53
146 54
146 79
146 84
146 87
146 91
146 114
146 115
146 117
146 118
146 132
146 145
147 8
147 46
147 59
147 91
147 92
147 97
147 106
147 126
147 144
147 150
148 1
148 16
148 27
148 28
148 31
148 34
148 40
148 53
148 73
148 74
148 112
148 124
148 147
149 11
149 17
149 60
149 74
149 79
149 82
149 92
149 118
149 129
149 143
150 2
150 37
150 44
150 51
150 59
150 60
150 65
150 77
150 79
150 90
150 110
150 127
150 129

