300 750
96 62 103 47 98 58 107 84 104 52 49 106 101 66 108 120 97 57 72 44 119 44 92 24 39 88 26 33 68 80 78 90 22 78 53 61 31 37 66 30 107 79 42 66 61 77 34 64 73 99 26 24 100 51 114 24 28 32 79 22 42 62 41 27 36 107 100 60 86 77 105 90 108 93 54 87 52 88 41 34 92 47 45 116 67 68 89 60 31 108 76 51 50 102 110 100 93 44 81 21 104 34 57 111 32 68 106 106 88 104 22 35 90 94 28 85 76 61 20 27 63 37 88 116 39 117 69 87 79 50 22 71 95 115 27 115 108 66 100 37 60 37 78 41 35 54 35 99 68 108 108 57 41 69 66 38 113 88 40 37 73 103 21 41 46 74 46 24 84 81 42 21 57 21 25 110 100 50 103 22 108 72 62 68 42 25 74 54 90 91 106 46 40 36 21 40 117 90 111 120 38 22 38 39 68 112 28 82 97 47 79 33 20 105 43 41 40 29 105 111 86 39 35 57 89 31 26 25 62 24 29 96 26 79 32 56 120 28 68 101 67 29 60 24 54 75 60 45 46 22 113 50 97 108 84 119 114 38 92 81 28 65 37 71 67 88 114 108 104 118 48 23 28 97 21 69 43 38 60 116 88 22 90 31 82 98 43 22 50 107 53 48 35 62 113 27 43 64 56 93 
1 6
2 21
2 47
2 98
2 128
2 201
2 288
4 27
4 29
4 186
5 97
5 103
5 167
6 66
7 269
8 10
8 212
9 262
9 287
10 9
10 68
10 91
10 197
10 297
11 36
11 46
11 128
11 169
12 78
12 88
13 46
13 86
13 172
14 64
14 233
14 244
16 76
16 153
16 163
16 277
18 139
18 259
19 20
19 56
19 263
20 5
21 67
21 76
21 138
21 203
21 206
21 241
22 163
22 226
24 32
24 84
24 98
24 191
25 37
25 155
25 245
25 271
26 166
26 173
26 198
26 289
28 7
28 125
28 158
28 263
29 205
30 40
30 66
31 38
31 52
32 37
32 173
32 239
33 115
33 299
34 62
34 239
35 20
36 68
36 193
38 8
38 163
38 244
39 103
39 190
39 254
40 94
41 106
41 126
41 183
41 190
42 261
43 6
43 22
44 48
44 143
44 231
44 267
45 265
46 1
47 21
47 184
47 197
48 12
48 262
49 71
49 86
49 147
49 153
49 160
49 190
50 65
50 172
50 262
51 2
52 281
53 276
54 49
54 136
55 31
55 93
55 241
56 15
56 103
56 218
56 261
58 33
58 35
58 196
59 43
59 139
59 194
60 25
60 35
60 66
61 64
61 155
61 204
61 211
62 172
63 61
63 241
65 218
65 289
66 13
66 131
66 135
66 228
66 231
66 252
66 286
66 292
67 101
70 40
70 63
70 95
70 163
72 222
72 237
72 297
73 4
74 142
75 290
76 74
76 94
76 110
76 202
76 274
77 167
77 268
78 98
78 109
78 218
79 111
80 101
80 142
80 168
80 187
81 171
81 205
81 217
83 106
83 146
83 273
83 299
84 168
84 175
85 17
85 206
86 73
86 163
87 54
87 239
88 178
88 257
89 26
89 27
89 98
89 241
90 139
91 42
93 4
93 18
93 201
94 91
94 164
95 77
95 119
95 297
96 176
96 182
96 188
96 283
97 67
97 210
98 111
98 186
98 188
98 233
99 81
99 130
99 281
100 187
100 245
100 263
100 284
101 124
101 217
101 246
103 23
103 115
104 11
104 35
104 94
104 127
105 112
105 160
106 57
106 122
107 43
107 76
107 94
107 172
107 177
108 11
109 30
109 87
109 114
109 131
110 79
110 134
110 147
110 187
110 217
110 258
111 102
112 39
112 49
112 74
112 121
113 99
113 248
114 89
114 128
114 163
115 225
115 257
115 260
117 16
117 59
117 141
117 143
117 299
118 42
118 134
118 167
118 209
119 142
119 198
120 134
120 235
120 241
121 185
122 58
122 176
122 250
122 292
123 31
123 155
123 195
123 248
123 299
124 227
125 82
125 94
125 249
126 8
126 290
127 2
127 178
127 192
127 234
128 15
128 96
128 183
128 207
128 256
129 19
129 110
129 184
129 281
130 184
131 82
132 56
132 232
132 286
133 54
133 100
133 270
133 271
133 288
134 202
135 239
136 37
136 51
136 210
136 292
137 15
138 8
138 67
138 193
139 117
139 288
140 30
140 43
140 112
140 152
141 158
141 203
141 205
142 129
142 203
142 269
143 69
143 83
143 165
143 223
145 109
145 137
145 229
145 238
146 159
147 20
147 62
147 179
147 185
148 100
148 218
149 108
149 120
149 258
150 47
150 85
151 75
151 119
151 156
151 201
151 236
151 282
151 290
152 68
152 213
153 135
154 161
154 169
155 173
156 28
156 64
156 71
156 81
156 133
157 106
157 195
158 55
158 60
158 98
158 144
158 201
161 53
161 157
161 238
162 290
163 83
163 122
163 130
163 226
164 135
164 203
164 275
165 68
165 110
165 187
166 74
167 273
167 281
167 295
169 102
169 119
169 176
170 269
171 50
171 76
171 104
171 112
171 258
172 129
172 131
173 166
173 260
174 126
174 158
174 181
174 207
174 209
175 51
175 87
175 224
175 256
176 210
177 60
177 83
177 263
178 18
178 269
178 273
179 5
179 225
180 21
180 273
181 161
182 2
182 183
182 207
182 225
183 265
184 167
185 32
185 98
186 241
187 4
187 132
187 191
187 196
187 276
188 139
188 208
188 228
190 252
190 268
190 281
191 15
191 25
191 100
191 165
192 58
192 205
192 225
192 270
193 136
194 26
194 42
194 243
195 142
196 205
197 124
197 195
197 280
198 89
198 157
198 177
198 188
199 14
199 50
199 194
200 38
200 111
200 141
201 13
201 74
201 190
201 249
201 257
201 270
202 29
202 53
202 137
203 161
203 197
204 71
204 222
205 213
205 262
206 10
206 94
206 136
207 26
209 110
209 204
209 276
210 186
210 267
211 86
211 203
212 197
212 227
213 147
213 225
213 288
214 286
215 250
216 46
216 179
216 180
216 192
216 240
216 299
217 52
217 82
217 173
217 245
218 112
218 156
219 54
219 86
219 131
220 84
220 111
220 273
221 108
222 122
222 127
222 219
223 39
223 88
223 146
223 219
223 230
223 241
224 67
225 75
225 214
226 38
226 99
226 296
227 81
227 208
228 93
228 233
230 221
230 245
231 47
231 96
231 159
231 171
232 103
232 112
232 151
232 169
232 204
232 285
233 79
233 276
234 135
234 231
234 235
235 117
235 157
235 203
235 237
236 9
236 119
237 11
239 97
239 195
239 215
240 102
240 230
240 288
241 207
241 243
241 260
242 61
242 145
242 224
242 275
243 86
243 105
243 140
243 256
244 62
244 218
244 252
245 2
245 121
245 169
245 177
246 81
246 266
247 6
247 75
247 214
247 255
248 72
248 218
249 44
249 66
249 153
249 279
250 68
250 153
250 240
251 18
251 148
252 43
252 284
254 40
254 88
255 39
256 1
256 58
256 136
256 155
256 190
256 276
257 40
257 58
257 165
258 85
258 104
258 184
260 62
261 158
261 177
261 197
262 277
263 62
263 72
264 69
264 142
264 209
265 155
265 175
265 177
265 187
265 217
266 28
266 177
267 12
267 42
267 155
268 41
268 54
268 60
268 276
268 281
269 206
270 57
270 173
270 213
271 85
271 160
271 165
271 185
271 192
272 12
272 236
273 48
273 197
273 248
274 262
274 289
275 168
276 67
276 189
277 24
277 71
277 139
277 171
277 223
278 88
279 47
279 151
279 238
280 153
280 221
281 7
281 60
281 176
281 233
282 68
282 229
282 289
283 23
283 152
283 269
284 103
284 225
285 21
285 291
286 18
286 64
286 179
287 172
288 25
288 27
288 70
288 298
289 160
290 203
291 32
291 152
291 273
292 7
292 12
292 142
292 227
293 94
293 142
294 24
294 270
294 289
295 21
295 191
295 261
296 32
298 57
298 150
298 202
298 220
299 218
300 33
300 67
300 95
300 109
300 124

