250 750
82 52 23 60 75 34 26 61 40 80 23 45 85 87 65 52 33 76 114 119 108 83 111 45 31 42 84 51 68 44 21 33 61 55 120 53 79 64 115 41 41 60 105 39 55 66 101 111 120 22 71 43 73 98 53 103 84 44 33 102 90 62 82 81 47 105 90 77 55 56 48 91 50 120 89 30 113 87 103 21 90 71 110 36 25 80 39 42 91 68 33 70 92 57 100 63 98 27 85 113 66 26 41 58 58 55 45 40 106 83 105 75 30 35 27 85 112 50 78 52 50 117 28 53 54 57 73 47 101 58 80 102 22 32 99 33 28 117 26 38 25 119 31 30 103 104 56 22 63 60 119 100 58 70 119 31 70 79 117 33 69 27 73 30 94 36 39 56 31 20 76 62 88 110 35 68 23 115 84 59 59 116 65 91 89 61 38 46 34 118 37 95 72 73 86 70 76 44 26 80 80 46 40 41 114 49 28 67 98 75 95 103 68 120 118 58 51 35 50 40 20 94 34 115 47 42 34 60 90 84 50 65 32 54 58 118 48 102 112 56 50 71 64 48 57 43 64 119 89 57 
1 19
1 142
1 143
1 159
1 244
2 97
3 6
3 74
4 38
4 121
4 136
4 173
4 176
5 168
6 66
6 82
8 95
8 146
9 132
9 175
9 178
9 220
10 78
10 231
10 245
11 60
11 235
12 46
12 82
12 83
12 242
13 46
13 78
14 15
14 64
14 114
14 134
15 176
16 32
16 65
16 82
16 112
16 195
16 226
17 29
17 49
17 163
17 194
18 29
19 101
19 132
20 80
20 129
20 217
21 17
21 33
21 79
21 183
22 24
22 153
23 24
23 133
23 142
23 236
23 243
24 36
25 9
25 17
25 36
25 69
26 14
26 115
26 136
27 59
27 85
27 147
27 183
28 14
28 20
28 120
28 160
28 236
29 159
30 63
31 108
31 125
31 141
33 9
34 49
34 121
34 238
35 134
35 145
36 241
37 12
37 52
37 66
37 92
37 138
38 55
38 61
38 130
38 140
39 1
39 97
39 116
39 232
40 23
40 62
40 161
41 44
41 172
41 178
42 18
42 64
42 73
42 86
43 143
43 163
43 227
44 133
44 225
45 79
45 121
45 126
45 240
46 152
46 195
46 227
47 198
47 216
48 5
48 15
48 34
48 49
48 50
48 55
48 105
48 149
49 172
50 69
50 231
51 17
51 27
51 140
52 3
52 81
52 108
52 196
52 239
52 244
53 168
53 185
54 10
54 22
54 143
54 170
54 240
55 71
55 90
55 190
56 55
56 60
56 93
56 178
58 141
59 9
59 189
60 14
60 18
60 85
60 151
61 85
61 128
61 169
62 146
62 160
62 164
63 87
64 118
64 214
66 75
66 152
66 186
66 202
66 241
67 148
67 158
67 184
68 10
68 72
68 153
68 227
69 161
69 166
69 183
69 185
69 216
70 18
70 65
71 34
72 73
72 191
73 104
73 171
73 245
74 36
74 55
74 127
74 184
74 242
75 172
75 235
76 35
76 119
76 177
76 230
77 13
77 40
77 78
77 92
77 94
77 186
78 4
78 127
78 139
78 208
79 55
79 151
79 167
79 214
79 243
80 62
80 119
80 142
80 194
81 127
81 170
81 197
82 181
83 226
83 233
83 238
84 39
84 50
84 157
84 199
84 201
84 209
84 210
84 228
85 78
85 134
85 135
85 232
86 55
86 71
86 158
87 115
87 154
88 12
88 135
89 155
90 119
91 74
91 216
92 123
92 129
92 138
92 235
93 3
93 19
93 58
93 92
93 109
93 236
94 33
94 123
94 168
95 101
95 132
95 133
95 187
95 220
95 230
96 72
96 80
96 81
96 131
97 66
98 64
98 163
99 3
99 9
99 53
99 63
99 143
99 191
100 47
100 190
101 69
101 100
101 135
102 213
103 54
103 107
103 119
103 127
103 151
103 175
103 234
104 31
104 64
104 191
105 88
105 121
105 143
106 163
106 240
107 13
107 26
107 220
108 189
109 141
109 148
109 192
111 44
111 81
111 87
111 168
112 1
112 94
112 120
112 139
113 135
113 140
113 148
113 184
114 19
114 30
114 124
114 195
115 9
115 108
116 61
116 170
117 205
117 206
118 31
118 32
118 71
118 107
118 181
119 152
120 90
120 117
120 202
120 238
122 26
122 80
123 152
123 249
124 118
124 133
124 187
124 231
125 121
125 149
125 163
126 91
126 184
126 200
126 245
127 36
127 37
127 53
127 67
129 81
129 146
130 28
130 65
130 91
130 140
130 167
131 44
131 120
131 134
132 150
132 214
132 236
134 29
134 40
134 152
134 241
137 97
137 178
137 215
137 248
138 47
138 182
139 110
140 97
140 141
141 90
141 204
141 213
142 44
142 200
142 237
142 238
142 242
143 109
143 133
143 206
144 102
145 15
145 94
146 30
146 101
147 97
147 159
147 204
148 133
148 138
148 206
149 43
149 75
149 203
149 242
150 104
150 181
151 69
151 78
151 101
151 159
151 175
151 198
152 40
153 15
153 122
154 2
154 62
154 101
154 105
154 170
155 20
155 84
155 118
155 149
156 29
156 59
156 95
156 140
156 145
156 228
157 79
157 153
157 219
158 185
158 196
159 198
159 250
161 210
161 230
162 29
162 84
162 249
164 122
164 156
164 201
165 246
165 247
166 21
166 140
166 185
167 31
167 53
167 96
167 198
168 1
168 70
168 221
169 38
169 122
169 126
169 157
170 49
170 122
171 77
171 109
171 115
171 164
172 147
172 193
173 57
173 109
173 246
174 2
174 37
174 146
174 218
174 226
174 248
175 42
175 188
176 114
176 190
177 29
177 47
177 206
177 223
177 229
179 35
179 174
180 13
180 122
180 131
180 247
181 3
181 12
181 44
181 88
181 113
182 23
182 59
182 119
183 197
183 208
184 93
184 189
185 85
185 89
185 139
185 172
186 34
187 17
187 82
187 226
188 8
188 90
188 141
188 242
189 71
189 90
190 121
190 146
191 155
192 41
192 117
192 227
193 150
193 187
194 177
194 202
195 169
195 196
196 3
196 75
196 124
196 170
196 248
197 100
199 15
199 29
199 90
199 133
200 21
200 81
200 82
200 83
200 102
200 112
200 193
200 202
200 223
201 4
201 148
201 235
202 20
203 89
203 134
203 209
204 14
204 35
204 78
205 28
205 123
205 169
205 227
205 244
206 102
207 39
207 40
207 145
207 148
208 56
208 188
208 227
209 131
209 212
209 239
209 246
210 12
210 91
210 144
210 236
211 2
211 68
211 177
212 5
212 146
212 206
212 233
213 7
213 22
213 27
213 110
214 30
214 206
215 27
215 41
215 55
215 85
215 152
215 239
216 176
216 250
217 44
217 126
217 180
218 26
218 69
218 83
218 117
218 144
218 158
218 167
218 208
219 57
219 220
220 23
220 156
220 168
220 213
220 239
221 34
221 84
221 124
222 96
222 129
222 179
222 192
223 82
223 97
223 122
223 218
223 229
224 21
224 133
224 143
224 240
225 16
225 156
226 154
226 240
227 214
228 63
228 191
229 67
229 98
229 133
229 151
229 161
230 23
230 27
230 42
230 89
230 158
231 6
231 71
231 161
231 245
232 119
232 138
233 6
233 154
234 36
234 178
234 201
234 223
235 17
235 241
236 224
237 137
237 197
238 67
238 86
238 188
238 193
238 214
239 37
239 98
239 120
239 129
239 164
240 77
240 89
240 99
241 35
241 126
241 142
241 170
241 201
241 222
242 6
242 9
242 29
242 47
242 66
242 101
242 164
243 6
243 54
243 101
244 3
244 138
244 167
244 179
244 203
244 215
244 231
245 36
245 69
245 71
245 84
246 102
246 146
246 186
246 247
247 167
247 193
247 209
248 4
248 13
248 23
249 10
249 172
249 192
250 56
250 103

