150 500
118 78 33 66 46 59 110 99 44 20 100 117 47 90 33 116 58 37 54 47 99 44 32 53 78 78 53 37 86 92 97 75 83 72 87 29 84 36 111 25 80 92 58 112 51 29 23 25 73 61 98 118 71 66 36 73 102 81 105 109 117 113 20 112 77 102 87 54 91 36 69 102 82 108 85 120 95 54 61 57 100 53 61 110 72 60 85 90 98 49 104 111 39 67 115 71 118 99 28 23 29 29 58 51 20 51 77 104 35 47 39 93 71 111 75 28 48 104 48 91 74 29 44 109 63 103 64 24 75 97 110 113 100 32 62 102 54 22 37 115 99 112 58 53 27 110 101 66 59 79 
1 66
2 73
2 85
3 53
3 130
4 1
4 36
4 42
4 59
4 83
4 117
4 132
5 134
6 49
6 81
6 99
6 121
7 43
7 87
7 121
7 146
8 12
8 25
8 51
8 78
8 82
8 97
8 123
8 137
8 139
9 41
9 65
10 71
10 95
10 107
11 87
12 5
12 88
12 103
13 112
14 54
14 78
14 107
14 119
14 137
15 44
15 71
15 77
16 112
16 115
17 9
17 48
17 50
18 46
18 77
18 92
18 125
18 126
19 101
20 120
21 6
21 38
21 62
21 95
21 148
22 76
23 18
24 6
24 68
24 147
25 89
25 97
26 13
26 37
26 66
26 118
27 105
27 130
27 147
28 30
28 75
28 140
29 31
29 44
29 60
29 61
29 94
29 109
29 125
30 29
30 54
30 78
31 13
31 34
31 44
31 93
31 146
32 12
32 40
32 115
32 129
33 17
33 28
34 1
34 42
34 106
34 119
35 43
35 103
35 111
35 149
36 41
36 65
36 102
36 140
37 5
37 14
37 88
37 120
38 18
38 27
38 59
38 131
39 50
39 67
39 71
39 134
40 15
40 18
40 75
40 80
41 20
41 79
42 8
42 24
42 29
42 93
42 119
42 125
43 32
43 45
43 130
44 86
44 112
44 133
45 24
45 93
45 108
46 28
46 141
47 109
47 149
48 30
48 131
49 4
49 15
50 33
50 90
50 126
51 7
51 84
51 138
52 149
53 82
53 93
53 141
54 38
54 101
54 111
54 112
54 135
54 147
55 66
55 126
55 144
56 30
56 35
56 62
56 63
56 65
57 2
57 15
57 42
57 64
57 124
58 24
59 16
59 73
59 100
60 11
60 20
60 71
60 72
60 149
61 5
61 55
62 39
62 49
62 102
62 116
62 143
64 16
64 35
64 56
64 79
64 147
65 37
65 42
65 95
65 114
65 142
66 4
66 23
66 62
66 90
66 133
66 147
67 72
68 105
69 9
69 94
70 11
70 17
70 32
70 46
70 59
70 76
70 111
70 115
71 42
71 55
71 94
71 134
72 3
72 23
72 55
72 61
72 89
72 124
73 27
73 102
74 40
74 58
75 148
76 11
76 17
76 80
76 108
77 44
77 52
77 85
77 110
78 113
79 43
79 44
79 82
80 5
80 7
80 24
80 25
80 69
80 93
80 138
81 9
81 132
82 41
82 46
82 65
82 106
82 115
82 139
83 26
83 44
84 18
84 32
84 112
85 30
85 72
85 89
85 90
85 113
85 128
85 133
85 140
86 48
87 12
87 31
87 60
87 85
87 95
87 118
87 131
88 22
88 31
88 92
88 99
88 139
89 44
89 49
89 57
89 109
89 139
90 18
90 78
90 100
91 62
91 110
92 42
92 44
92 80
92 99
92 120
93 27
94 37
94 100
95 76
95 112
95 132
96 17
96 37
96 61
96 99
96 124
97 13
97 35
97 108
97 114
97 140
98 4
98 27
98 63
98 71
98 90
99 8
99 20
99 49
99 64
99 124
99 136
100 18
100 32
100 52
100 70
100 78
100 143
101 3
101 45
101 81
101 114
101 148
103 26
103 44
103 67
103 75
103 87
103 89
104 3
104 38
104 85
105 8
105 17
105 120
106 60
106 113
106 125
106 135
106 141
107 22
107 47
107 148
108 2
108 8
108 68
108 100
109 77
109 99
109 133
109 134
110 13
110 29
111 57
111 84
111 96
111 118
111 147
113 89
113 103
113 108
113 130
114 10
114 52
114 81
114 129
114 132
115 72
116 13
116 26
116 98
116 112
117 26
117 74
117 86
117 136
118 25
119 58
119 85
119 102
119 131
119 136
119 142
120 14
120 53
120 86
120 132
121 33
121 44
121 64
121 88
121 91
121 101
123 22
123 35
123 38
123 78
123 85
123 125
123 126
123 129
124 130
125 39
125 62
125 66
125 139
126 8
126 92
126 107
127 13
127 20
127 68
127 97
127 116
127 129
128 45
128 143
129 3
129 35
129 36
129 47
129 110
130 16
131 86
132 59
133 119
133 141
134 7
134 36
134 50
134 94
134 107
134 138
135 2
135 65
136 19
136 21
136 105
137 124
138 10
138 14
138 30
139 11
139 19
139 41
139 49
139 136
140 7
141 82
141 107
142 58
142 107
143 4
143 31
143 81
144 51
144 105
144 142
145 2
145 70
145 79
145 129
146 4
146 33
146 44
147 96
147 130
148 12
148 108
148 134
149 126
150 65
150 98

