250 3000
111 100 78 105 108 58 56 73 111 95 32 55 70 74 41 87 105 44 75 34 44 80 86 89 60 70 35 97 97 77 31 86 58 39 76 65 117 65 56 103 24 95 53 75 88 67 41 119 36 113 114 72 112 82 38 53 51 33 28 37 76 40 98 92 62 98 22 99 26 37 55 108 43 70 74 70 68 90 75 75 80 93 88 52 61 24 66 66 33 109 116 38 63 41 91 52 68 66 63 56 23 38 77 77 26 79 45 60 52 61 42 112 120 87 81 94 112 45 61 88 88 58 99 79 25 41 69 43 96 90 58 77 108 115 84 74 84 43 33 112 46 60 94 70 21 63 20 36 48 55 41 48 66 109 40 30 57 102 39 68 33 44 91 62 33 43 63 20 109 57 46 89 42 101 86 101 82 112 54 37 118 48 99 55 60 92 89 50 46 43 56 41 51 67 93 32 74 90 38 34 22 81 43 38 118 49 65 105 37 110 31 24 61 100 42 105 56 120 83 27 86 88 55 78 53 66 46 113 51 117 50 90 106 73 59 112 62 56 89 76 54 49 55 116 20 60 113 110 52 52 
1 18
1 81
1 133
1 135
1 187
1 192
1 222
1 243
2 1
2 50
2 84
2 118
2 146
2 169
2 189
2 190
2 197
2 213
2 217
2 219
2 248
3 4
3 12
3 25
3 45
3 50
3 54
3 67
3 80
3 92
3 122
3 134
3 147
3 152
3 211
3 218
3 231
3 244
4 1
4 27
4 31
4 36
4 60
4 98
4 138
4 144
4 210
4 223
4 224
4 225
4 230
5 33
5 34
5 36
5 71
5 82
5 85
5 103
5 170
5 229
5 235
6 33
6 73
6 107
7 33
7 45
7 91
7 103
7 168
7 237
7 250
8 7
8 11
8 14
8 30
8 34
8 36
8 40
8 42
8 45
8 59
8 86
8 95
8 129
8 139
8 162
8 166
8 203
9 31
9 32
9 35
9 44
9 95
9 101
9 113
9 132
9 175
9 179
10 34
10 60
10 67
10 78
10 102
10 119
10 150
10 182
10 196
10 209
10 217
11 3
11 44
11 48
11 65
11 131
11 181
11 202
11 219
11 222
11 227
11 249
12 42
12 43
12 77
12 103
12 106
12 119
12 135
12 148
12 203
12 204
12 206
12 219
12 235
12 241
13 50
13 52
13 234
13 238
13 243
14 7
14 40
14 89
14 116
14 140
14 150
14 183
14 191
14 206
14 231
14 249
15 1
15 3
15 27
15 28
15 29
15 32
15 36
15 68
15 71
15 102
15 107
15 115
15 124
15 129
15 143
15 173
15 184
15 191
15 195
15 238
16 11
16 22
16 48
16 114
16 148
16 235
17 14
17 24
17 32
17 52
17 75
17 102
17 114
17 135
17 161
17 218
17 246
18 9
18 87
18 168
18 237
19 6
19 10
19 41
19 48
19 80
19 82
19 98
19 117
19 151
19 160
19 170
19 213
19 227
20 23
20 38
20 54
20 113
20 169
20 200
20 202
20 220
20 227
20 239
20 248
21 22
21 33
21 34
21 38
21 78
21 87
21 104
21 145
21 161
21 176
21 202
21 217
21 219
21 232
22 8
22 28
22 58
22 72
22 98
22 115
22 146
22 178
22 190
22 223
22 225
22 227
22 238
23 25
23 34
23 52
23 67
23 84
23 124
23 209
23 246
24 7
24 52
24 53
24 57
24 61
24 99
24 105
24 117
24 124
24 146
24 238
24 248
25 26
25 32
25 42
25 46
25 50
25 64
25 68
25 122
25 124
25 191
26 6
26 21
26 29
26 30
26 41
26 65
26 68
26 79
26 91
26 100
26 125
26 188
26 226
27 11
27 16
27 37
27 64
28 11
28 20
28 23
28 50
28 59
28 73
28 131
28 168
28 184
28 195
28 220
28 248
29 7
29 10
29 41
29 43
29 93
29 178
29 217
30 10
30 34
30 61
30 84
30 151
30 174
30 191
30 209
30 228
30 240
30 249
31 25
31 47
31 79
31 96
31 120
31 135
31 137
31 150
31 164
31 168
31 170
31 175
31 178
31 202
32 8
32 10
32 38
32 79
32 82
32 95
32 105
32 131
32 136
32 147
32 171
32 186
33 12
33 13
33 16
33 29
33 37
33 42
33 47
33 53
33 70
33 108
33 113
33 114
33 151
33 180
33 187
33 228
33 231
34 25
34 114
35 40
35 66
35 72
35 129
35 146
35 190
35 217
36 9
36 25
36 28
36 58
36 63
36 67
36 75
36 145
36 175
36 184
36 185
36 213
36 233
37 5
37 16
37 23
37 112
37 114
37 162
37 174
37 176
37 201
37 206
37 211
37 216
37 241
37 247
37 250
38 10
38 35
38 49
38 107
38 115
38 125
38 141
38 149
38 150
38 164
38 177
38 222
38 244
39 25
39 63
39 75
39 90
39 111
39 123
39 132
39 174
39 175
39 177
39 183
39 217
39 218
39 228
39 229
39 238
40 16
40 20
40 36
40 138
40 141
40 146
40 175
40 184
40 187
40 230
40 243
41 16
41 28
41 78
41 86
41 93
41 120
41 154
41 176
41 200
41 202
42 58
42 83
42 95
42 101
42 104
42 131
42 168
42 177
42 189
42 199
42 210
42 226
42 246
43 26
43 77
43 78
43 111
43 113
43 125
43 138
43 160
43 187
43 204
43 209
44 33
44 53
44 90
44 110
44 128
44 132
44 139
44 141
44 173
44 182
44 193
44 222
44 234
44 235
44 246
45 6
45 11
45 48
45 55
45 68
45 107
45 168
45 206
45 220
45 249
46 5
46 7
46 23
46 24
46 49
46 60
46 113
46 126
46 145
46 148
46 149
46 193
46 242
46 245
47 43
47 67
47 90
47 96
47 102
47 117
47 123
47 149
47 155
48 1
48 10
48 56
48 81
48 112
48 119
48 138
48 161
48 199
48 203
48 236
48 247
49 1
49 17
49 37
49 53
49 99
49 105
49 135
49 142
49 184
49 194
49 218
49 225
50 6
50 22
50 44
50 51
50 62
50 68
50 81
50 112
50 118
50 151
50 165
50 173
50 185
50 192
50 218
50 229
50 238
50 243
51 3
51 34
51 53
51 55
51 68
51 81
51 142
51 155
51 167
51 182
51 210
51 229
51 234
52 5
52 75
52 90
52 101
52 105
52 107
52 110
52 113
52 122
52 188
52 206
52 212
52 225
52 231
52 235
52 239
52 247
53 5
53 19
53 20
53 31
53 52
53 99
53 116
53 118
53 140
53 145
53 147
53 149
53 157
53 169
53 211
53 238
54 28
54 35
54 41
54 115
54 121
54 135
54 165
54 169
54 171
54 172
54 174
54 175
54 203
54 236
55 43
55 71
55 78
55 80
55 84
55 88
55 156
55 165
55 173
55 174
55 207
55 211
55 232
56 37
56 119
56 133
56 163
56 225
56 238
57 18
57 28
57 46
57 49
57 54
57 55
57 65
57 75
57 86
57 141
57 157
57 164
57 172
57 186
57 189
57 205
57 208
57 220
57 232
58 1
58 17
58 29
58 32
58 71
58 92
58 95
58 103
58 112
58 115
58 129
58 135
58 140
58 151
58 176
58 189
58 201
59 1
59 15
59 23
59 41
59 47
59 56
59 86
59 101
59 123
59 144
59 176
59 198
59 210
59 212
60 58
60 116
60 121
60 140
60 163
60 165
60 172
60 191
60 201
60 225
61 3
61 38
61 49
61 124
61 126
61 140
61 149
61 153
61 181
61 216
61 237
61 238
61 241
62 19
62 28
62 51
62 67
62 76
62 105
62 116
62 161
62 166
62 190
62 227
63 16
63 28
63 51
63 54
63 62
63 99
63 140
63 185
63 197
63 199
63 230
63 238
63 242
64 24
64 29
64 43
64 47
64 48
64 49
64 116
64 134
64 140
64 145
64 154
64 161
64 164
64 169
64 174
64 175
64 178
65 43
65 53
65 85
65 86
65 98
65 110
65 121
65 175
65 200
65 224
65 230
66 8
66 12
66 30
66 57
66 61
66 71
66 98
66 101
66 164
66 188
66 195
66 229
66 239
67 6
67 22
67 44
67 69
67 110
67 119
67 165
67 166
67 183
67 200
67 202
67 226
67 231
68 52
68 111
68 139
68 161
68 168
68 170
68 188
68 221
68 222
68 244
69 9
69 19
69 31
69 40
69 55
69 136
69 156
69 158
69 164
69 170
69 179
69 217
69 223
69 241
69 249
70 1
70 5
70 45
70 86
70 97
70 109
70 113
70 184
70 211
70 219
70 222
71 24
71 102
71 105
71 123
71 136
71 183
71 194
71 221
71 223
71 245
72 3
72 18
72 37
72 51
72 64
72 98
72 115
72 139
72 147
72 167
72 181
72 188
72 194
72 201
73 4
73 31
73 60
73 89
73 132
73 145
73 154
73 157
73 164
73 199
73 214
74 12
74 13
74 26
74 37
74 40
74 53
74 58
74 62
74 90
74 114
74 128
74 129
74 141
74 157
74 162
74 165
74 166
74 204
74 215
74 232
74 235
74 238
75 3
75 42
75 85
75 99
75 118
75 124
75 135
75 142
75 204
75 205
75 235
76 7
76 30
76 33
76 38
76 47
76 70
76 75
76 114
76 116
76 158
76 196
76 198
76 214
76 220
76 249
77 55
77 96
77 100
77 102
77 118
77 132
77 141
77 161
77 176
77 234
77 236
77 241
78 7
78 13
78 14
78 27
78 35
78 38
78 60
78 83
78 107
78 120
78 157
78 173
78 188
78 237
78 243
79 33
79 40
79 47
79 55
79 63
79 70
79 73
79 80
79 94
79 110
79 119
79 121
79 123
79 155
79 159
79 174
79 202
79 204
79 213
79 243
80 21
80 26
80 68
80 123
80 124
80 130
80 134
80 156
80 188
80 218
80 225
80 226
80 236
80 241
81 11
81 14
81 16
81 49
81 100
81 151
81 160
81 173
81 179
81 204
81 211
81 220
81 243
82 20
82 36
82 67
82 73
82 89
82 121
82 124
82 137
82 141
82 148
82 176
83 5
83 24
83 27
83 63
83 68
83 91
83 113
83 120
83 121
83 156
83 174
83 200
83 203
83 207
83 222
84 11
84 16
84 39
84 118
84 128
84 129
84 160
84 177
84 190
84 223
84 246
84 247
85 17
85 33
85 64
85 99
85 126
85 127
85 182
85 192
85 196
85 206
85 220
85 242
85 245
86 21
86 64
86 100
86 112
86 127
86 206
86 220
87 32
87 53
87 84
87 143
87 156
87 177
87 226
88 15
88 33
88 72
88 81
88 83
88 86
88 87
88 101
88 123
88 132
88 136
88 140
88 144
88 162
88 165
88 170
88 181
88 188
88 190
88 214
89 50
89 102
89 109
89 111
89 115
89 129
89 143
89 163
89 222
89 238
90 3
90 7
90 37
90 139
90 192
90 198
90 200
90 201
90 205
90 240
90 246
91 46
91 50
91 84
91 105
91 117
91 137
91 141
91 145
91 152
91 167
91 205
92 14
92 28
92 48
92 60
92 95
92 106
92 116
92 117
92 170
92 172
92 187
92 190
93 19
93 43
93 83
93 146
93 155
93 157
93 193
93 201
93 226
93 245
94 2
94 12
94 18
94 20
94 61
94 65
94 83
94 133
94 142
94 180
94 211
95 36
95 45
95 67
95 76
95 78
95 84
95 108
95 177
95 187
95 220
96 34
96 49
96 90
96 116
96 171
96 219
96 234
97 12
97 41
97 45
97 55
97 56
97 98
97 136
97 138
97 153
97 155
97 211
98 45
98 52
98 81
98 93
98 111
98 113
98 141
98 185
98 188
98 196
98 204
98 210
98 219
98 220
99 3
99 9
99 37
99 39
99 71
99 76
99 77
99 84
99 120
99 128
99 133
99 165
99 227
100 13
100 25
100 79
100 99
100 165
100 169
100 184
100 208
100 221
100 230
100 233
101 3
101 24
101 41
101 47
101 65
101 105
101 106
101 111
101 135
101 162
101 181
101 182
101 214
101 234
102 5
102 19
102 20
102 29
102 45
102 106
102 141
102 184
102 190
102 191
102 212
102 215
102 222
102 250
103 32
103 95
103 106
103 111
103 132
103 155
103 167
103 186
104 22
104 33
104 49
104 67
104 78
104 79
104 80
104 87
104 92
104 96
104 103
104 132
104 166
104 195
105 27
105 39
105 43
105 54
105 56
105 96
105 98
105 123
105 125
105 138
105 155
105 162
105 168
105 181
105 186
105 196
105 230
105 247
106 1
106 5
106 19
106 40
106 55
106 60
106 71
106 78
106 87
106 119
106 127
106 148
106 228
106 229
106 240
106 250
107 7
107 26
107 35
107 62
107 66
107 91
107 92
107 100
107 137
107 181
107 183
107 204
107 217
107 227
107 235
107 249
108 4
108 5
108 18
108 20
108 37
108 58
108 96
108 99
108 127
108 159
108 232
109 25
109 32
109 48
109 73
109 135
109 148
109 217
109 244
110 6
110 63
110 75
110 115
110 162
110 174
110 185
110 190
110 206
110 231
111 10
111 75
111 78
111 81
111 92
111 102
111 147
111 167
111 186
111 187
111 205
111 233
111 242
112 1
112 18
112 20
112 38
112 49
112 52
112 54
112 66
112 69
112 90
112 147
112 154
112 157
112 159
112 233
113 23
113 40
113 61
113 66
113 72
113 76
113 92
113 102
113 139
113 182
113 193
113 228
113 237
114 23
114 36
114 93
114 123
114 141
114 151
114 152
114 163
114 190
114 201
114 227
115 23
115 25
115 33
115 37
115 48
115 95
115 108
115 128
115 143
115 146
115 156
115 190
115 196
115 205
115 206
115 212
115 220
115 227
115 231
115 234
115 236
116 19
116 38
116 61
116 80
116 95
116 106
116 135
116 204
116 232
116 240
117 30
117 36
117 102
117 111
117 129
117 138
117 158
117 160
117 194
117 205
117 211
118 12
118 16
118 30
118 42
118 79
118 110
118 147
118 152
118 156
118 163
118 207
118 226
118 228
119 46
119 77
119 104
119 155
119 210
120 36
120 38
120 45
120 69
120 71
120 89
120 93
120 169
120 191
120 241
121 10
121 12
121 75
121 87
121 99
121 147
121 160
121 162
121 165
121 229
122 23
122 57
122 65
122 70
122 111
122 129
122 134
122 146
122 150
122 154
122 208
123 19
123 78
123 92
123 139
123 145
123 159
123 169
123 209
123 220
123 235
123 238
124 14
124 37
124 54
124 68
124 81
124 113
124 160
124 175
124 179
124 219
124 229
125 24
125 66
125 129
125 143
125 161
125 163
125 173
125 178
125 210
125 217
125 245
126 19
126 29
126 34
126 38
126 55
126 72
126 79
126 88
126 117
126 131
126 191
126 194
126 201
126 212
126 219
127 42
127 56
127 58
127 112
127 157
127 185
127 192
127 205
127 241
128 10
128 28
128 60
128 79
128 82
128 88
128 100
128 126
128 165
128 194
128 205
128 239
129 30
129 37
129 45
129 47
129 76
129 92
129 93
129 111
129 172
129 178
129 182
129 192
129 200
130 1
130 37
130 41
130 50
130 67
130 105
130 108
130 134
130 145
130 154
130 221
130 222
131 2
131 38
131 43
131 54
131 82
131 119
131 151
131 161
131 174
131 203
132 13
132 22
132 56
132 96
132 98
132 162
132 169
132 172
132 196
132 222
132 235
132 240
132 241
133 17
133 97
133 118
133 134
133 137
133 169
133 203
133 221
133 229
134 26
134 27
134 35
134 73
134 79
134 101
134 169
134 173
134 180
134 190
134 208
134 217
134 246
135 27
135 87
135 145
135 164
135 204
136 2
136 7
136 12
136 79
136 92
136 106
136 127
136 154
136 200
136 206
136 218
136 226
136 249
137 58
137 74
137 77
137 78
137 106
137 119
137 132
137 141
137 142
137 172
137 201
137 206
137 228
137 245
138 2
138 31
138 34
138 41
138 66
138 79
138 121
138 130
138 153
138 159
138 178
138 181
138 184
138 213
138 219
138 221
138 222
139 3
139 13
139 23
139 27
139 31
139 36
139 39
139 43
139 102
139 110
139 137
139 138
139 168
139 172
139 215
139 219
140 76
140 121
140 146
140 159
140 178
140 183
140 204
140 221
140 226
140 241
141 6
141 15
141 20
141 30
141 35
141 41
141 51
141 71
141 76
141 107
141 116
141 132
141 144
141 148
141 175
141 214
141 242
141 247
142 8
142 31
142 54
142 76
142 88
142 89
142 109
142 117
142 125
142 203
142 206
142 234
142 250
143 5
143 40
143 45
143 95
143 103
143 118
143 130
143 170
143 183
143 190
143 206
143 217
143 248
144 7
144 31
144 34
144 48
144 66
144 108
144 142
144 149
144 177
144 190
144 225
144 244
145 25
145 26
145 41
145 49
145 55
145 67
145 97
145 117
145 160
145 175
145 200
145 235
145 240
146 41
146 58
146 89
146 171
146 217
146 225
146 239
147 16
147 60
147 82
147 88
147 89
147 130
147 142
147 158
147 194
147 220
147 226
147 230
147 241
148 3
148 34
148 104
148 132
148 161
148 210
148 233
149 27
149 60
149 70
149 79
149 96
149 111
149 135
149 136
149 150
149 212
150 9
150 23
150 32
150 33
150 34
150 53
150 72
150 75
150 87
150 114
150 124
150 126
150 144
150 209
150 225
150 227
151 13
151 25
151 34
151 49
151 71
151 77
151 113
151 121
151 135
151 138
151 153
151 164
151 175
151 176
151 249
152 20
152 27
152 28
152 54
152 65
152 94
152 103
152 126
152 134
152 148
152 165
152 207
152 239
153 9
153 44
153 52
153 71
153 72
153 84
153 95
153 111
153 128
153 158
153 169
153 184
153 186
153 206
154 25
154 59
154 78
154 82
154 142
154 149
154 157
154 195
154 200
154 204
154 217
155 82
155 109
155 127
155 151
155 152
155 194
155 241
155 247
156 29
156 34
156 49
156 52
156 76
156 81
156 85
156 102
156 183
156 194
156 200
156 231
157 30
157 102
157 110
157 113
157 130
157 138
157 164
157 168
157 170
157 200
157 235
157 249
158 38
158 41
158 42
158 68
158 150
158 170
158 182
158 202
158 235
159 43
159 46
159 66
159 72
159 100
159 115
159 129
159 167
159 173
159 177
159 195
159 196
159 208
159 239
160 10
160 40
160 107
160 109
160 111
160 119
160 140
160 177
160 182
160 189
160 193
160 208
160 222
160 239
161 11
161 14
161 43
161 49
161 71
161 84
161 97
161 126
161 166
161 185
161 210
161 227
161 247
162 1
162 26
162 27
162 44
162 59
162 119
163 8
163 18
163 19
163 23
163 35
163 64
163 65
163 77
163 91
163 110
163 122
163 127
163 155
163 181
163 185
163 186
163 190
163 217
163 238
164 30
164 35
164 103
164 115
164 121
164 141
164 150
164 153
164 156
164 209
164 220
164 229
165 38
165 73
165 80
165 87
165 90
165 135
165 142
165 175
165 184
165 221
165 234
165 245
166 4
166 12
166 135
166 168
166 176
166 177
166 189
166 199
166 201
166 211
166 222
166 226
166 250
167 39
167 69
167 83
167 173
167 181
167 202
167 210
167 220
168 54
168 63
168 69
168 84
168 108
168 134
168 148
168 164
168 165
168 200
169 7
169 16
169 22
169 79
169 102
169 117
169 162
169 170
169 175
169 203
169 204
169 221
169 223
169 238
170 16
170 40
170 54
170 63
170 108
170 111
170 118
170 119
170 120
170 122
170 134
170 162
170 164
170 178
170 186
170 209
170 214
170 221
170 227
170 236
170 242
170 249
171 3
171 22
171 41
171 86
171 110
171 114
171 121
171 124
171 137
171 154
171 167
171 181
171 224
171 236
171 238
171 244
172 23
172 41
172 52
172 75
172 117
172 131
172 135
172 148
172 153
172 221
172 229
173 5
173 30
173 31
173 32
173 48
173 59
173 62
173 75
173 110
173 124
173 131
173 140
174 17
174 67
174 89
174 132
174 140
174 158
174 192
174 203
174 228
174 249
175 71
175 86
175 100
175 119
175 144
175 157
175 183
175 189
175 198
176 4
176 9
176 11
176 23
176 27
176 34
176 57
176 73
176 74
176 111
176 175
177 60
177 152
177 170
177 175
177 197
177 208
177 224
178 24
178 49
178 60
178 94
178 109
178 115
178 130
178 132
178 141
178 180
178 189
178 197
178 201
178 235
179 6
179 17
179 19
179 39
179 41
179 52
179 63
179 76
179 82
179 147
179 151
179 172
179 177
179 200
179 229
180 4
180 7
180 13
180 47
180 74
180 144
180 150
180 153
180 165
180 206
180 235
181 38
181 53
181 70
181 79
181 80
181 126
181 179
182 25
182 73
182 80
182 87
182 132
182 146
182 186
182 193
182 200
183 4
183 149
183 162
183 163
183 195
183 218
183 242
184 1
184 54
184 87
184 91
184 111
184 114
184 117
184 135
184 137
184 157
184 244
184 250
185 39
185 62
185 65
185 93
185 104
185 129
185 131
185 140
185 145
185 172
185 184
185 210
185 217
185 227
186 24
186 25
186 42
186 46
186 104
186 121
186 154
186 162
186 169
186 181
186 236
187 18
187 58
187 61
187 66
187 85
187 108
187 121
187 127
187 161
187 163
187 168
187 193
187 199
187 220
187 225
187 241
188 23
188 24
188 42
188 73
188 95
188 115
188 136
188 159
188 164
188 203
188 249
189 10
189 38
189 141
189 205
189 249
190 33
190 56
190 109
190 113
190 120
190 128
190 168
190 169
191 1
191 4
191 27
191 41
191 87
191 93
191 132
191 145
191 202
191 236
192 14
192 64
192 74
192 79
192 84
192 125
192 138
192 179
192 218
192 227
192 231
192 240
193 19
193 24
193 26
193 32
193 58
193 59
193 62
193 117
193 141
193 158
193 205
193 212
193 234
194 47
194 100
194 148
194 162
194 170
194 205
194 209
194 232
195 5
195 33
195 73
195 75
195 88
195 91
195 115
195 118
195 121
195 141
195 153
195 160
195 172
195 178
195 206
195 242
196 14
196 18
196 67
196 72
196 78
196 110
196 135
196 138
196 142
196 161
196 190
196 220
196 243
197 45
197 58
197 62
197 93
197 108
197 143
197 203
197 205
197 223
197 248
198 21
198 46
198 67
198 100
198 164
198 185
198 200
198 213
198 217
199 3
199 93
199 114
199 131
199 140
199 141
199 162
199 219
199 225
200 23
200 27
200 51
200 54
200 61
200 84
200 89
200 108
200 120
200 127
200 130
200 149
200 174
200 185
200 222
200 224
200 239
201 30
201 43
201 46
201 48
201 120
201 163
201 215
201 241
201 248
202 77
202 116
202 119
202 177
202 188
202 205
202 226
202 227
202 233
202 238
203 6
203 64
203 71
203 94
203 103
203 151
203 225
203 231
204 13
204 31
204 37
204 44
204 61
204 78
204 90
204 111
204 115
204 122
204 127
204 133
204 168
204 210
204 228
204 235
205 8
205 12
205 19
205 20
205 37
205 61
205 87
205 95
205 101
205 120
205 138
205 139
205 147
205 157
205 169
205 187
205 188
205 212
205 214
205 219
206 24
206 26
206 27
206 36
206 67
206 88
206 104
206 130
206 169
206 201
206 207
206 211
206 221
206 240
207 10
207 20
207 30
207 38
207 53
207 58
207 78
207 102
207 120
207 126
207 161
207 166
207 177
207 178
207 230
208 6
208 18
208 32
208 46
208 54
208 95
208 109
208 165
208 192
208 204
208 221
208 224
209 49
209 77
209 80
209 81
209 103
209 106
210 64
210 88
210 155
210 201
210 206
210 208
210 225
210 240
211 41
211 48
211 50
211 54
211 91
211 98
211 139
211 168
211 176
211 222
211 225
212 5
212 65
212 98
212 120
212 136
212 138
212 150
212 151
212 160
212 208
212 209
212 240
213 31
213 55
213 67
213 84
213 85
213 86
213 95
213 99
213 107
213 135
213 136
213 155
213 167
213 176
213 191
213 225
213 232
213 240
214 4
214 15
214 22
214 28
214 46
214 47
214 90
214 99
214 135
214 139
214 154
214 165
214 181
214 201
214 202
214 207
215 16
215 17
215 34
215 63
215 85
215 89
215 97
215 119
215 120
215 128
215 165
215 170
215 186
215 195
215 202
215 228
215 237
215 249
216 36
216 56
216 78
216 81
216 83
216 100
216 103
216 110
216 124
216 164
216 183
216 225
217 11
217 12
217 82
217 92
217 144
217 148
217 150
217 159
217 172
217 179
218 126
218 202
218 205
218 208
218 228
218 229
218 239
218 241
218 242
219 54
219 57
219 81
219 89
219 104
219 120
219 128
219 148
219 159
219 165
219 236
220 14
220 58
220 61
220 74
220 143
220 155
220 202
220 205
220 208
220 214
221 11
221 108
221 128
221 142
221 175
221 220
221 223
221 224
221 235
221 236
222 22
222 45
222 87
222 91
222 106
222 118
222 120
222 125
222 129
222 167
222 171
222 174
222 188
223 25
223 40
223 51
223 58
223 101
223 110
223 113
223 116
223 119
223 167
223 220
223 246
224 6
224 57
224 62
224 79
224 82
224 137
224 155
224 163
224 170
224 181
224 205
224 211
224 228
224 236
225 15
225 54
225 69
225 87
225 89
225 108
225 128
225 179
225 193
225 200
225 207
225 208
225 209
226 24
226 88
226 98
226 103
226 116
226 144
226 163
226 180
226 195
226 203
226 214
226 234
226 241
227 3
227 9
227 89
227 104
227 118
227 180
227 221
228 139
228 170
228 201
228 213
228 237
228 240
229 19
229 31
229 69
229 84
229 108
229 122
229 126
229 137
229 138
229 149
229 151
229 213
229 250
230 23
230 33
230 35
230 48
230 66
230 71
230 82
230 84
230 99
230 108
230 162
230 173
230 192
230 222
231 12
231 79
231 113
231 145
231 149
231 164
231 219
231 221
231 224
232 50
232 69
232 89
232 100
232 132
232 178
232 212
232 235
232 238
232 242
233 16
233 29
233 82
233 119
233 121
233 127
233 135
233 160
233 175
233 187
233 188
233 193
233 201
233 214
233 219
233 223
233 231
233 246
234 22
234 26
234 28
234 48
234 74
234 109
234 128
234 146
234 232
234 236
235 66
235 81
235 102
235 104
235 106
235 112
235 126
235 141
235 143
235 148
235 165
235 192
235 210
235 220
235 241
235 249
236 3
236 4
236 37
236 119
236 213
236 217
236 233
236 244
237 29
237 47
237 55
237 99
237 117
237 124
237 126
237 128
237 139
237 144
237 146
237 162
237 245
238 161
238 165
238 203
238 210
238 219
238 220
239 6
239 11
239 44
239 51
239 60
239 72
239 79
239 101
239 113
239 137
239 154
239 163
239 201
239 225
239 243
240 10
240 22
240 70
240 76
240 82
240 103
240 143
240 148
240 151
240 171
240 172
240 182
240 209
240 229
240 249
241 23
241 24
241 26
241 28
241 118
241 121
241 128
241 143
241 162
241 169
241 205
241 206
241 215
241 231
241 234
241 244
242 35
242 50
242 147
242 159
242 187
242 204
242 217
243 10
243 44
243 68
243 75
243 104
243 135
243 137
243 188
243 217
243 221
244 12
244 17
244 35
244 46
244 49
244 69
244 105
244 106
244 137
244 140
244 147
244 181
244 191
244 192
244 197
244 237
244 250
245 1
245 33
245 63
245 66
245 86
245 101
245 104
245 111
245 116
245 128
245 133
245 139
245 146
245 147
245 175
245 249
246 45
246 76
246 86
246 107
246 125
246 155
246 181
246 209
246 232
246 240
246 245
247 7
247 21
247 29
247 51
247 114
247 115
247 132
247 157
247 172
247 201
248 19
248 66
248 98
248 113
248 116
248 125
248 133
248 155
248 157
248 176
248 193
248 230
248 232
248 233
248 247
249 6
249 47
249 55
249 62
249 63
249 75
249 92
249 122
249 137
249 166
249 193
249 197
249 223
249 237
250 6
250 12
250 55
250 104
250 109
250 178
250 179
250 205
250 216
250 223

