300 300
79 70 72 35 104 62 105 62 39 103 88 64 104 61 86 111 78 120 67 51 93 55 82 65 51 50 42 42 112 99 34 25 72 39 119 20 94 30 99 53 61 71 106 59 64 55 62 36 72 113 112 71 35 96 101 26 46 111 116 44 100 118 47 108 35 27 30 93 81 50 45 119 100 115 83 82 66 60 50 48 80 98 33 91 92 88 107 42 87 111 69 64 106 25 34 80 80 49 38 61 25 73 117 106 98 105 103 65 87 81 106 83 22 75 36 72 33 43 94 65 69 106 49 24 98 120 66 50 109 47 117 34 68 104 57 105 44 102 30 64 95 65 93 30 95 88 110 36 109 113 119 64 108 112 60 86 25 105 38 114 93 42 98 75 100 41 109 117 90 33 84 35 100 77 100 104 92 104 33 53 42 23 31 24 95 44 29 47 84 24 64 43 42 91 24 90 44 23 51 58 88 69 98 99 20 75 21 51 62 81 107 26 29 74 76 94 98 91 104 76 89 76 80 73 20 41 58 47 35 26 70 72 98 41 85 113 25 39 111 26 74 104 47 38 43 108 103 115 68 58 70 37 86 95 57 85 98 24 42 109 65 28 46 47 87 119 115 106 63 58 98 47 98 116 88 35 31 62 119 35 74 33 62 76 40 110 33 62 65 46 42 28 41 109 86 53 62 28 35 31 
1 92
1 118
3 179
5 97
5 233
6 259
7 106
8 63
10 70
11 188
13 260
16 56
17 287
21 213
22 53
24 132
25 142
25 162
25 209
26 228
27 223
27 228
28 216
30 118
31 19
31 187
31 240
35 183
35 293
36 266
39 245
40 21
43 253
45 214
45 247
47 298
48 283
49 175
50 93
52 72
52 223
56 216
57 67
57 254
58 11
59 57
59 217
60 129
60 134
60 198
62 184
63 180
63 253
64 236
64 262
65 175
66 47
66 82
66 162
67 263
68 105
70 251
71 28
72 79
74 57
74 248
75 248
76 123
81 106
81 212
82 282
83 252
84 252
85 87
85 218
87 53
87 173
88 10
88 89
89 39
89 63
91 51
92 43
93 145
93 264
96 137
97 157
97 225
98 249
98 295
99 28
100 260
103 7
103 54
105 206
106 52
106 184
108 158
109 131
110 24
110 25
110 40
110 43
111 94
111 95
112 74
113 23
114 65
115 103
117 11
117 128
119 36
119 160
121 18
121 40
122 45
122 113
122 260
124 144
124 228
125 194
126 7
126 23
126 48
128 130
129 62
129 65
129 75
131 57
131 215
131 288
133 66
138 105
138 126
138 252
140 87
141 2
142 105
143 156
146 93
146 293
147 158
150 137
152 18
154 15
154 39
154 157
154 245
155 43
155 202
156 105
156 200
156 206
157 10
158 278
159 197
160 103
163 62
163 139
163 230
164 27
165 19
167 67
167 139
167 177
169 143
169 160
171 299
173 132
174 157
174 187
175 220
176 83
179 26
181 185
182 102
182 147
182 205
184 92
184 228
187 1
187 248
187 260
188 61
188 71
189 10
189 49
193 114
194 183
195 7
195 18
196 220
200 76
202 91
202 237
203 159
204 20
205 40
205 202
210 257
210 278
211 146
211 206
211 215
211 227
211 295
212 107
214 64
218 74
218 238
219 15
219 224
221 243
221 273
221 291
223 248
224 50
224 278
225 264
226 41
227 123
228 89
229 204
229 246
230 46
230 70
231 196
231 260
232 191
233 72
233 174
234 158
235 251
238 69
239 10
240 153
240 247
240 259
241 127
241 137
241 194
244 66
244 161
244 223
245 119
245 294
246 81
246 132
246 152
246 247
247 13
247 255
247 288
249 234
250 180
252 197
252 208
254 141
255 15
258 12
258 87
258 228
259 89
259 268
260 281
261 9
261 44
262 127
262 159
265 104
265 293
266 116
266 188
267 37
267 207
269 89
269 288
270 196
274 130
274 287
277 135
278 191
279 110
282 81
283 18
283 130
283 229
283 299
288 178
289 9
289 132
289 175
289 184
290 137
291 139
291 259
292 272
292 276
295 16
295 223

