100 250
107 35 104 104 76 33 35 109 114 61 53 114 21 48 116 27 114 59 107 119 83 20 95 40 68 35 41 36 64 53 53 56 100 41 25 120 40 95 23 51 108 75 35 56 88 53 48 107 62 24 62 41 101 84 54 90 100 42 34 81 94 40 52 33 72 94 95 38 20 49 34 21 59 33 116 82 80 37 84 35 109 39 32 65 27 45 81 55 90 86 90 31 58 32 98 25 82 106 59 53 
1 28
2 18
3 57
4 12
4 55
4 76
4 92
5 92
6 96
7 38
7 58
8 65
9 34
10 1
10 21
10 48
10 54
11 6
11 10
11 87
11 99
12 59
12 78
13 19
13 64
13 99
14 58
14 69
15 18
16 78
16 83
17 1
17 25
17 67
18 12
18 16
18 30
18 59
18 88
19 15
19 37
19 64
19 71
19 84
19 89
19 90
20 9
20 14
20 18
20 44
20 96
21 93
22 4
22 85
22 86
22 91
23 13
23 71
23 88
24 79
25 37
26 4
27 46
28 13
28 17
28 36
28 38
28 54
28 73
29 82
30 11
30 94
30 99
31 6
32 23
33 16
33 24
33 35
33 75
33 79
34 13
34 38
35 54
35 70
35 87
35 90
36 3
36 4
36 19
36 40
36 52
36 72
36 94
37 65
38 4
38 36
38 46
39 47
40 16
40 78
40 96
41 40
41 90
42 15
42 34
42 47
43 1
43 21
43 60
43 64
44 19
44 52
44 80
44 95
45 6
45 88
45 96
46 34
46 37
46 56
46 61
47 24
47 40
47 51
47 89
48 35
48 54
48 67
49 15
49 23
49 85
50 10
50 15
50 58
50 71
50 74
50 78
51 21
51 84
52 76
52 87
52 92
52 93
53 17
53 31
53 32
53 85
54 66
55 34
55 48
55 60
55 71
55 84
55 97
56 58
56 79
57 71
58 41
58 55
59 9
60 28
60 53
60 78
61 6
61 56
62 4
62 20
62 23
62 70
62 78
62 97
63 14
63 22
63 64
63 86
64 5
64 14
64 45
65 15
65 25
68 58
69 20
69 41
70 28
70 71
71 27
71 34
71 76
72 15
72 43
72 57
72 63
72 91
73 25
73 68
74 44
74 51
74 88
74 91
75 14
76 28
76 85
76 94
77 33
78 37
78 72
80 49
81 16
81 19
82 23
82 45
83 56
84 57
84 69
85 2
85 11
85 27
86 27
86 46
87 40
88 15
88 17
89 72
89 77
90 5
90 69
90 71
91 3
91 12
91 56
91 70
92 24
92 39
92 45
92 82
93 16
93 18
93 60
93 63
93 76
95 89
96 38
96 83
96 98
97 76
98 87
99 38
99 50
99 98
100 66

