200 750
36 104 109 104 92 96 103 110 40 82 79 102 80 98 65 45 101 55 63 40 45 24 97 114 76 109 20 36 40 100 78 114 46 87 51 89 112 96 98 107 105 107 119 35 50 100 109 25 35 95 120 103 41 108 107 118 51 43 68 58 43 75 36 78 96 72 109 93 27 60 78 56 92 56 28 114 109 62 58 78 95 82 75 41 53 67 109 97 74 100 32 93 33 54 37 76 74 57 84 45 98 34 50 34 114 41 64 94 108 57 61 114 22 56 40 31 53 98 54 65 92 89 75 30 20 42 28 40 106 106 58 86 56 118 48 80 29 72 28 33 46 30 113 51 59 70 69 92 101 100 35 58 112 120 105 63 53 35 108 37 75 20 25 30 43 119 105 86 68 31 101 115 90 76 59 111 52 118 119 102 25 105 64 92 38 97 27 36 108 96 117 40 32 45 106 33 55 29 98 110 
1 33
1 48
1 73
1 76
1 114
2 20
2 161
3 31
3 94
3 141
4 94
4 104
4 119
4 139
4 160
4 174
4 185
5 56
5 164
6 42
7 34
7 46
7 163
7 174
8 19
8 32
8 158
9 14
9 15
9 29
9 46
9 52
9 89
9 92
9 136
9 159
9 173
9 200
10 25
11 2
11 26
11 72
11 130
11 146
11 172
12 56
12 69
12 167
12 192
13 101
13 127
13 169
13 180
14 30
14 159
14 179
15 21
15 154
16 31
16 53
16 120
16 172
17 48
17 122
17 200
18 37
18 76
18 111
18 126
18 200
19 113
19 132
19 199
20 5
20 9
20 76
20 89
20 104
20 109
20 164
21 30
21 76
21 135
21 173
22 28
22 34
22 38
22 85
22 98
22 185
23 55
23 195
24 133
24 182
24 188
25 33
26 78
26 120
26 198
27 86
27 140
27 165
27 174
27 191
27 195
28 75
28 156
29 12
29 72
30 8
30 73
30 80
30 166
30 168
31 109
31 124
31 151
32 7
33 62
33 107
33 156
33 192
34 40
34 98
34 156
35 4
35 122
35 146
36 71
36 97
36 108
36 141
36 193
37 49
37 86
37 187
38 4
38 68
38 71
39 143
40 33
40 37
40 108
40 109
40 111
40 116
40 186
41 98
41 138
41 163
42 181
43 13
43 34
43 52
43 136
44 82
44 99
44 177
44 196
45 6
45 38
45 61
45 177
45 181
46 57
46 63
46 65
46 66
48 37
48 120
48 129
48 179
49 103
49 139
49 187
50 62
51 21
51 66
51 72
52 75
52 84
52 154
53 71
53 105
53 194
54 33
54 76
54 95
55 16
55 44
56 3
56 6
56 41
56 65
56 128
57 104
57 185
58 14
58 88
58 98
59 24
59 27
59 154
60 33
60 117
60 159
61 8
61 68
61 103
61 131
62 16
62 20
62 79
62 106
62 154
62 161
63 47
63 70
63 167
63 168
64 185
65 134
65 142
65 165
65 168
65 182
66 4
66 50
66 57
66 80
66 88
66 107
66 121
66 178
66 197
67 26
67 64
67 78
67 96
67 125
67 133
68 27
68 161
68 191
70 49
70 59
70 78
70 102
70 163
70 175
71 37
71 65
71 68
71 90
71 96
71 126
72 79
72 157
73 8
73 68
73 90
73 99
73 106
73 125
73 137
73 151
74 3
74 47
74 91
75 97
75 200
76 142
76 147
76 165
76 182
76 193
76 196
77 40
77 83
77 91
78 82
79 4
79 119
79 143
79 165
79 193
80 13
80 27
80 57
80 82
80 117
80 131
80 193
81 12
81 15
82 29
82 40
82 50
82 165
82 167
82 185
83 60
83 156
83 196
84 2
84 102
84 167
85 5
85 139
85 188
86 64
86 81
86 82
86 199
87 23
87 45
87 77
87 159
88 12
88 30
88 106
88 191
89 34
89 55
89 128
90 42
90 51
90 167
91 29
91 87
91 174
92 195
93 88
93 123
94 63
94 87
94 115
94 129
95 29
95 119
95 125
95 134
95 150
95 196
96 41
96 58
96 118
97 88
97 155
98 75
98 100
98 136
98 154
98 159
99 70
99 77
99 87
99 120
100 17
101 29
101 128
101 154
102 36
102 164
102 171
103 20
103 172
103 173
104 125
104 146
105 111
105 175
105 179
106 49
106 60
106 128
106 193
107 48
107 89
107 94
107 98
107 104
107 157
107 184
108 13
108 66
108 110
108 175
109 25
109 64
109 79
109 102
110 78
110 142
110 169
111 9
111 32
111 34
111 127
111 193
112 24
112 50
112 72
112 153
112 157
113 1
113 15
113 88
113 121
113 182
113 188
114 166
115 21
115 176
115 196
116 13
116 88
116 97
116 179
116 198
117 7
117 73
117 77
117 187
118 28
118 66
118 78
118 91
118 109
118 119
118 126
118 141
119 35
119 78
119 131
119 135
120 28
120 35
120 149
121 25
121 81
122 48
122 91
122 107
122 109
124 68
124 163
125 18
125 36
125 58
125 143
126 12
126 76
126 147
126 191
126 195
127 34
127 71
127 142
127 156
127 165
128 154
128 180
129 23
129 67
129 73
129 121
129 189
130 31
130 75
130 122
130 144
130 173
131 25
131 36
131 106
131 177
132 42
133 34
133 88
134 10
134 19
134 90
134 156
134 165
134 189
134 197
135 72
135 158
135 174
135 199
136 28
136 84
136 103
136 161
137 24
137 86
137 122
137 128
138 89
138 105
138 131
138 137
138 152
138 180
139 29
140 112
141 19
141 51
141 55
141 133
141 164
142 7
142 11
142 16
142 104
142 134
142 137
142 146
142 172
143 61
143 86
143 148
144 20
144 70
144 73
144 106
144 111
144 175
144 198
145 34
145 49
145 53
146 85
146 106
146 113
146 129
146 167
147 22
147 24
147 26
147 168
148 44
148 75
148 89
148 146
148 171
148 198
149 37
149 48
149 97
149 110
149 133
149 189
150 25
150 113
150 144
151 29
151 130
151 132
151 135
152 29
152 113
152 150
153 32
153 36
153 71
153 94
153 100
154 140
155 1
155 35
155 77
155 187
155 189
155 190
155 191
156 39
156 72
156 109
156 137
156 200
157 2
158 144
158 145
158 166
158 171
159 64
159 80
159 90
159 133
160 6
160 8
160 25
160 36
160 177
161 32
161 80
161 129
161 172
161 190
162 62
162 71
162 96
162 117
163 2
163 77
163 87
163 118
164 79
164 124
164 152
164 157
165 60
165 112
165 124
165 146
165 148
165 167
165 177
166 102
166 124
166 162
166 171
166 178
167 1
167 5
167 15
167 105
168 25
168 67
168 130
168 170
169 19
169 62
169 152
170 3
170 117
171 81
172 14
172 64
173 29
173 45
173 94
173 139
173 185
174 52
174 81
174 188
175 8
175 43
175 53
175 136
175 183
176 4
176 54
176 97
176 102
176 104
176 120
176 137
176 195
177 69
177 119
177 122
177 153
177 183
178 43
178 72
178 83
178 157
178 187
179 23
179 115
180 150
180 154
180 168
181 115
181 130
181 173
182 42
182 49
182 191
182 198
183 21
184 162
185 19
185 94
186 57
186 67
186 131
186 147
187 91
187 172
187 173
188 63
188 154
189 4
189 97
190 129
190 140
190 152
190 169
190 181
190 184
191 4
191 35
191 50
191 100
191 128
191 129
191 140
191 143
191 167
192 73
192 185
192 196
193 131
193 179
193 182
193 192
194 6
194 34
194 82
194 86
194 111
194 146
195 94
195 100
195 160
196 17
196 62
197 10
197 36
197 79
197 138
198 48
198 108
198 155
199 17
199 67
199 68
199 79
199 100
199 116
199 164
199 193
200 60
200 142
200 164

