50 500
105 55 59 119 79 33 69 40 108 56 118 56 94 23 65 112 43 61 83 41 49 87 58 89 119 95 67 55 115 96 32 93 35 48 41 73 78 47 105 82 74 90 46 53 77 88 90 28 70 23 
1 2
1 4
1 14
1 22
1 34
1 38
1 41
1 42
1 45
1 49
2 3
2 11
2 20
2 21
2 23
2 24
2 25
2 30
2 31
2 33
2 38
2 41
2 48
3 1
3 7
3 15
3 21
3 23
3 24
3 27
3 28
3 33
3 40
3 41
3 42
3 43
3 48
3 50
4 3
4 7
4 10
4 15
4 18
4 22
4 26
4 31
4 37
4 39
4 41
4 45
5 3
5 4
5 13
5 18
5 23
5 25
5 26
5 29
5 34
5 40
5 42
5 44
5 48
6 8
6 12
6 27
6 33
6 34
6 35
6 42
7 1
7 5
7 9
7 12
7 25
7 26
7 28
7 30
7 31
7 32
7 35
7 47
7 50
8 10
8 18
8 21
8 23
8 28
8 29
8 32
8 37
8 38
8 41
8 44
9 2
9 5
9 11
9 12
9 17
9 24
9 26
9 29
9 31
9 39
10 2
10 5
10 12
10 19
10 48
10 50
11 3
11 6
11 10
11 13
11 15
11 19
11 21
11 25
11 26
11 30
11 34
11 39
11 41
11 45
11 47
12 1
12 5
12 11
12 14
12 22
12 33
12 36
12 37
12 44
12 50
13 1
13 2
13 8
13 10
13 20
13 21
13 22
13 23
13 32
13 35
13 36
13 44
14 8
14 13
14 27
14 36
14 48
15 5
15 7
15 9
15 10
15 14
15 19
15 21
15 29
15 38
15 40
15 48
15 50
16 3
16 4
16 6
16 9
16 10
16 13
16 14
16 22
16 24
16 28
16 32
16 34
16 38
16 40
16 44
16 45
17 14
17 21
17 23
17 36
17 38
17 40
17 46
17 48
17 50
18 3
18 12
18 14
18 16
18 23
18 24
18 32
18 38
19 12
19 20
19 42
19 49
20 1
20 4
20 9
20 17
20 18
20 24
20 25
20 26
20 40
20 42
20 47
20 48
21 16
21 35
21 38
21 42
21 43
21 44
21 45
21 46
21 47
21 48
22 3
22 15
22 17
22 20
22 25
22 26
22 29
22 45
23 10
23 11
23 16
23 19
23 25
23 37
23 39
23 48
24 4
24 10
24 17
24 35
24 37
24 42
24 44
24 46
24 49
25 4
25 9
25 13
25 30
25 35
25 46
25 47
25 48
26 3
26 18
26 27
26 30
26 36
26 37
26 39
26 41
26 46
26 47
27 8
27 9
27 18
27 23
27 28
27 29
27 39
27 49
28 4
28 11
28 24
28 34
29 2
29 3
29 17
29 18
29 23
29 24
29 37
29 44
29 48
30 5
30 9
30 12
30 18
30 21
30 29
30 32
30 35
30 39
30 44
30 46
31 14
31 15
31 21
31 24
31 29
31 33
31 39
31 41
31 49
31 50
32 1
32 3
32 9
32 10
32 14
32 21
32 22
32 23
32 28
32 31
32 43
32 44
32 47
33 7
33 8
33 10
33 16
33 17
33 19
33 37
33 38
33 39
33 40
33 41
33 43
33 47
33 49
34 2
34 14
34 20
34 22
34 32
34 37
35 1
35 3
35 8
35 9
35 14
35 15
35 18
35 22
35 27
35 32
35 44
35 47
36 7
36 8
36 11
36 19
36 21
36 27
36 29
36 32
36 50
37 1
37 7
37 27
37 32
37 35
37 41
37 43
37 44
37 47
38 3
38 4
38 5
38 6
38 9
38 29
38 30
38 32
39 7
39 16
39 17
39 18
39 20
39 22
39 25
39 34
39 36
39 40
39 41
40 7
40 18
40 28
40 31
40 36
40 44
40 45
40 46
40 47
40 50
41 7
41 13
41 15
41 18
41 19
41 30
41 32
41 42
41 43
42 7
42 10
42 12
42 15
42 18
42 27
42 35
42 39
42 48
42 49
43 2
43 6
43 16
43 18
43 23
43 26
43 27
43 30
44 3
44 14
44 17
44 20
44 25
44 28
44 38
44 41
44 42
44 43
44 48
45 19
45 20
45 30
45 32
45 34
45 37
45 47
46 1
46 2
46 4
46 6
46 9
46 23
46 27
46 32
46 33
46 34
46 35
46 41
46 48
47 1
47 4
47 13
47 14
47 15
47 16
47 18
47 22
48 4
48 9
48 12
48 32
48 33
48 34
48 35
48 47
49 6
49 9
49 13
49 14
49 20
49 22
49 23
49 32
49 35
49 37
49 40
49 41
49 43
49 45
49 47
49 50
50 1
50 4
50 19
50 26
50 27
50 30
50 32
50 42
50 43
50 48

