150 3000
37 114 105 57 86 112 78 77 82 41 107 82 112 109 113 51 116 50 32 111 98 37 79 114 92 83 42 37 58 26 120 49 69 118 101 58 58 29 46 23 99 70 88 51 86 59 47 25 79 25 21 73 79 95 108 54 66 51 87 100 44 90 114 66 75 74 93 32 37 59 115 87 25 74 58 113 39 101 21 107 114 60 67 52 71 117 24 114 83 61 118 52 117 22 75 42 50 72 63 64 102 55 118 53 93 85 109 75 48 71 26 42 23 65 22 86 66 84 105 108 54 65 27 56 82 91 38 108 104 52 27 108 104 37 33 88 59 107 102 54 34 49 106 53 56 51 92 110 92 59 
1 2
1 20
1 22
1 24
1 39
1 46
1 48
1 50
1 54
1 67
1 71
1 73
1 85
1 88
1 97
1 100
1 109
1 118
1 119
1 120
1 125
1 135
1 136
1 137
1 138
1 141
1 148
2 3
2 8
2 21
2 24
2 25
2 37
2 39
2 45
2 46
2 54
2 60
2 70
2 78
2 79
2 81
2 91
2 104
2 112
2 114
2 116
2 117
2 122
2 129
2 130
3 5
3 6
3 8
3 15
3 19
3 29
3 30
3 35
3 42
3 46
3 49
3 63
3 65
3 89
3 95
3 97
3 102
3 114
3 118
3 129
3 131
3 133
3 135
3 137
3 140
3 147
4 1
4 3
4 43
4 48
4 52
4 55
4 56
4 67
4 69
4 74
4 76
4 84
4 91
4 94
4 111
4 123
4 126
5 24
5 29
5 32
5 43
5 44
5 53
5 55
5 71
5 78
5 84
5 90
5 103
5 114
5 115
5 127
5 130
5 136
6 2
6 7
6 17
6 20
6 24
6 39
6 40
6 54
6 57
6 59
6 60
6 67
6 72
6 74
6 84
6 91
6 92
6 124
6 131
6 149
6 150
7 5
7 10
7 17
7 18
7 27
7 31
7 32
7 35
7 41
7 47
7 56
7 57
7 61
7 64
7 65
7 66
7 67
7 83
7 86
7 88
7 89
7 91
7 92
7 96
7 101
7 120
7 121
7 125
7 140
7 146
7 147
8 21
8 43
8 49
8 50
8 53
8 55
8 62
8 77
8 92
8 96
8 103
8 110
8 123
8 127
8 133
8 143
9 24
9 28
9 30
9 46
9 49
9 52
9 56
9 61
9 73
9 80
9 81
9 117
9 124
9 129
9 132
9 133
9 148
10 1
10 9
10 15
10 34
10 42
10 44
10 47
10 49
10 59
10 77
10 81
10 91
10 92
10 96
10 98
10 121
10 131
10 143
11 3
11 29
11 41
11 49
11 53
11 78
11 99
11 100
11 110
11 120
11 121
12 2
12 10
12 15
12 16
12 17
12 18
12 24
12 61
12 65
12 72
12 79
12 96
12 106
12 107
12 125
12 136
13 3
13 5
13 16
13 21
13 34
13 47
13 63
13 64
13 74
13 78
13 92
13 93
13 99
13 102
13 107
13 115
13 122
13 129
13 144
13 148
14 13
14 15
14 17
14 27
14 43
14 52
14 59
14 60
14 71
14 95
14 108
14 118
14 126
14 133
14 137
14 143
14 148
14 150
15 6
15 7
15 18
15 25
15 43
15 46
15 48
15 57
15 62
15 68
15 83
15 87
15 91
15 99
15 105
15 120
15 123
15 124
15 125
15 135
15 144
16 21
16 24
16 29
16 30
16 40
16 45
16 46
16 64
16 75
16 83
16 93
16 94
16 95
16 106
16 107
16 109
16 121
16 130
16 134
16 138
16 149
17 2
17 8
17 11
17 21
17 33
17 42
17 44
17 52
17 55
17 80
17 83
17 84
17 88
17 90
17 93
17 96
17 98
17 99
17 127
17 134
17 150
18 11
18 26
18 30
18 37
18 50
18 61
18 66
18 80
18 84
18 92
18 102
18 107
18 131
18 137
19 17
19 24
19 30
19 31
19 32
19 41
19 45
19 52
19 55
19 57
19 60
19 69
19 71
19 78
19 80
19 87
19 90
19 101
19 102
19 107
19 109
19 113
19 128
19 130
19 140
20 24
20 34
20 36
20 47
20 54
20 61
20 64
20 65
20 75
20 76
20 81
20 88
20 93
20 97
20 102
20 115
20 120
20 136
20 150
21 12
21 15
21 18
21 25
21 35
21 44
21 52
21 54
21 61
21 64
21 73
21 77
21 87
21 89
21 100
21 103
21 104
21 115
21 121
21 129
22 2
22 20
22 41
22 53
22 59
22 64
22 66
22 67
22 81
22 82
22 87
22 95
22 98
22 99
22 103
22 106
22 112
22 119
22 137
22 140
22 145
22 148
23 29
23 31
23 33
23 38
23 40
23 45
23 46
23 49
23 58
23 61
23 62
23 67
23 69
23 71
23 92
23 96
23 98
23 101
23 108
23 116
23 131
23 133
23 137
23 145
24 14
24 15
24 17
24 31
24 44
24 52
24 57
24 63
24 85
24 90
24 92
24 108
24 136
24 145
24 149
25 6
25 32
25 34
25 57
25 87
25 100
25 101
25 103
25 104
25 108
25 111
25 115
25 124
25 133
25 135
25 138
25 142
25 146
25 150
26 1
26 4
26 12
26 19
26 21
26 24
26 29
26 32
26 33
26 35
26 40
26 42
26 49
26 54
26 71
26 82
26 87
26 91
26 92
26 102
26 104
26 106
26 117
26 139
26 141
26 144
27 2
27 9
27 10
27 11
27 18
27 36
27 37
27 48
27 54
27 62
27 67
27 73
27 83
27 88
27 89
27 107
27 110
27 114
27 115
27 116
27 118
27 123
27 127
27 144
28 13
28 16
28 20
28 26
28 44
28 65
28 67
28 72
28 78
28 82
28 90
28 98
28 103
28 115
28 119
28 131
28 139
28 145
29 2
29 7
29 13
29 14
29 19
29 33
29 34
29 36
29 37
29 40
29 43
29 55
29 60
29 76
29 85
29 106
29 111
29 114
29 115
29 119
29 121
29 127
29 128
29 130
29 133
29 139
29 140
29 144
29 146
30 8
30 14
30 15
30 20
30 37
30 42
30 63
30 87
30 94
30 96
30 116
30 133
30 149
31 5
31 12
31 13
31 22
31 27
31 30
31 53
31 61
31 63
31 71
31 78
31 82
31 83
31 90
31 93
31 95
31 106
31 111
31 139
31 146
32 10
32 13
32 15
32 42
32 44
32 45
32 60
32 64
32 75
32 82
32 88
32 96
32 104
32 107
32 123
32 126
32 128
32 140
32 146
33 5
33 22
33 37
33 43
33 48
33 52
33 58
33 77
33 89
33 90
33 91
33 103
33 104
33 108
33 110
33 124
33 145
34 1
34 11
34 21
34 36
34 47
34 51
34 63
34 65
34 68
34 71
34 78
34 82
34 87
34 96
34 99
34 103
34 112
34 114
34 127
34 129
34 131
34 135
34 143
34 149
35 12
35 17
35 25
35 29
35 32
35 34
35 46
35 50
35 69
35 71
35 74
35 75
35 97
35 106
35 108
35 120
35 124
35 145
36 3
36 6
36 15
36 26
36 30
36 46
36 51
36 80
36 85
36 90
36 99
36 100
36 107
36 108
36 111
36 121
36 125
36 126
36 130
36 143
37 1
37 4
37 8
37 10
37 13
37 39
37 55
37 77
37 83
37 84
37 93
37 103
37 108
37 112
37 135
37 137
37 138
37 147
38 1
38 8
38 10
38 24
38 25
38 32
38 42
38 53
38 55
38 64
38 77
38 78
38 83
38 86
38 93
38 97
38 115
38 116
38 124
38 128
38 143
38 145
39 7
39 9
39 33
39 35
39 47
39 52
39 73
39 75
39 76
39 89
39 104
39 105
39 107
39 111
39 114
39 119
39 121
39 132
39 148
40 12
40 13
40 34
40 39
40 62
40 70
40 72
40 83
40 89
40 95
40 96
40 98
40 121
40 123
40 124
40 128
40 134
40 139
41 16
41 23
41 25
41 32
41 33
41 40
41 45
41 51
41 62
41 63
41 64
41 81
41 83
41 88
41 90
41 91
41 94
41 108
41 117
41 122
41 134
41 136
41 138
41 140
41 144
41 148
42 4
42 5
42 15
42 25
42 28
42 44
42 46
42 51
42 65
42 68
42 71
42 75
42 76
42 77
42 83
42 99
42 117
42 121
42 125
42 132
42 142
42 147
43 2
43 6
43 16
43 18
43 36
43 44
43 54
43 55
43 57
43 58
43 59
43 73
43 92
43 109
43 113
43 125
43 131
43 132
43 133
43 139
43 141
43 146
43 150
44 3
44 30
44 39
44 67
44 92
44 98
44 100
44 114
44 115
44 120
44 130
44 133
44 141
44 144
45 1
45 8
45 9
45 13
45 28
45 44
45 47
45 60
45 76
45 77
45 85
45 86
45 89
45 95
45 108
45 109
45 110
45 111
45 112
45 124
45 135
45 137
45 142
46 45
46 64
46 75
46 86
46 95
46 100
46 108
46 114
46 124
46 140
47 3
47 9
47 17
47 40
47 60
47 62
47 69
47 70
47 80
47 89
47 97
47 99
47 109
47 113
47 114
47 119
47 142
48 3
48 6
48 10
48 12
48 17
48 18
48 20
48 32
48 37
48 38
48 39
48 40
48 61
48 66
48 76
48 78
48 80
48 83
48 88
48 92
48 101
48 116
48 126
48 129
48 134
48 147
48 148
49 39
49 48
49 69
49 72
49 74
49 79
49 84
49 90
49 96
49 97
49 98
49 99
49 102
49 108
49 115
49 130
49 132
49 146
49 148
50 2
50 21
50 25
50 66
50 67
50 71
50 72
50 96
50 101
50 108
50 123
50 125
50 135
51 3
51 10
51 11
51 14
51 26
51 33
51 44
51 47
51 68
51 82
51 96
51 120
51 121
51 128
51 129
51 137
51 138
51 144
52 2
52 5
52 7
52 22
52 30
52 31
52 34
52 45
52 56
52 65
52 69
52 77
52 88
52 103
52 122
52 124
52 125
52 128
52 130
52 133
52 144
53 4
53 21
53 24
53 26
53 39
53 50
53 64
53 66
53 74
53 75
53 78
53 79
53 85
53 89
53 101
53 102
53 120
53 125
53 126
53 150
54 14
54 16
54 19
54 40
54 42
54 44
54 47
54 58
54 59
54 74
54 81
54 84
54 87
54 88
54 92
54 110
54 111
54 122
54 124
54 125
54 135
54 137
54 142
54 144
55 1
55 3
55 13
55 16
55 26
55 40
55 49
55 53
55 61
55 66
55 68
55 69
55 75
55 77
55 83
55 84
55 88
55 89
55 90
55 100
55 117
55 121
55 136
55 141
55 145
56 21
56 23
56 35
56 41
56 42
56 51
56 68
56 74
56 82
56 88
56 89
56 106
56 108
56 126
56 137
56 142
56 148
57 10
57 14
57 53
57 63
57 64
57 71
57 74
57 82
57 84
57 106
57 109
57 110
57 122
57 133
57 137
58 10
58 12
58 21
58 24
58 31
58 44
58 45
58 52
58 55
58 74
58 77
58 81
58 85
58 90
58 95
58 96
58 103
58 104
58 134
58 135
58 140
58 148
58 150
59 5
59 15
59 19
59 27
59 36
59 37
59 39
59 46
59 57
59 61
59 87
59 99
59 101
59 120
59 135
59 136
59 145
59 148
60 3
60 4
60 5
60 12
60 27
60 37
60 41
60 65
60 77
60 81
60 89
60 92
60 103
60 119
60 120
60 126
60 128
60 135
60 142
61 4
61 8
61 17
61 22
61 24
61 28
61 42
61 45
61 65
61 66
61 71
61 75
61 78
61 89
61 97
61 109
61 114
61 115
61 119
61 122
61 123
61 126
61 140
62 11
62 14
62 38
62 57
62 64
62 66
62 69
62 101
62 104
62 107
62 122
62 131
62 132
62 142
62 146
62 147
62 150
63 10
63 35
63 42
63 54
63 61
63 66
63 72
63 78
63 82
63 86
63 90
63 103
63 106
63 118
63 122
63 124
63 137
63 138
63 140
63 142
63 145
64 4
64 18
64 19
64 30
64 35
64 40
64 44
64 49
64 58
64 71
64 75
64 76
64 81
64 83
64 90
64 91
64 93
64 99
64 100
64 101
64 111
64 117
64 143
65 8
65 24
65 31
65 35
65 38
65 40
65 50
65 53
65 54
65 58
65 66
65 73
65 84
65 85
65 96
65 101
65 107
65 117
65 124
65 126
65 128
65 133
65 140
65 147
66 14
66 60
66 67
66 70
66 86
66 96
66 99
66 111
66 119
66 127
66 130
66 136
66 142
66 144
67 8
67 9
67 12
67 25
67 29
67 35
67 38
67 43
67 52
67 89
67 92
67 96
67 98
67 111
67 112
67 115
67 120
67 123
67 127
67 131
67 134
67 150
68 2
68 7
68 8
68 10
68 14
68 18
68 20
68 21
68 29
68 30
68 32
68 37
68 49
68 54
68 57
68 66
68 69
68 80
68 95
68 99
68 107
68 108
68 109
68 134
68 141
69 16
69 17
69 18
69 22
69 25
69 42
69 50
69 61
69 63
69 70
69 78
69 82
69 91
69 100
69 107
69 121
69 131
69 135
69 148
69 150
70 7
70 26
70 58
70 64
70 86
70 90
70 94
70 101
70 102
70 138
70 144
71 18
71 39
71 40
71 41
71 43
71 47
71 51
71 53
71 67
71 70
71 74
71 78
71 81
71 88
71 93
71 106
71 108
71 115
71 132
71 136
71 137
71 143
72 7
72 14
72 24
72 30
72 36
72 39
72 43
72 44
72 45
72 53
72 54
72 66
72 67
72 75
72 78
72 80
72 88
72 94
72 104
72 114
72 119
72 128
72 133
73 2
73 7
73 12
73 18
73 28
73 38
73 40
73 48
73 61
73 74
73 76
73 89
73 98
73 106
73 108
73 121
73 124
73 139
73 147
73 149
74 2
74 3
74 5
74 9
74 25
74 40
74 50
74 68
74 77
74 86
74 91
74 105
74 122
74 125
74 126
74 132
74 144
75 6
75 14
75 18
75 47
75 66
75 71
75 79
75 82
75 90
75 98
75 100
75 121
75 126
75 127
75 129
75 141
75 146
76 8
76 9
76 17
76 23
76 27
76 32
76 40
76 47
76 50
76 54
76 69
76 70
76 82
76 87
76 97
76 100
76 115
76 123
76 124
76 127
76 133
76 140
76 144
76 145
76 147
76 148
77 29
77 39
77 41
77 48
77 69
77 73
77 94
77 99
77 127
77 138
77 139
77 140
77 149
78 42
78 60
78 64
78 65
78 66
78 74
78 81
78 84
78 90
78 105
78 107
78 113
78 120
78 136
78 146
79 5
79 13
79 14
79 17
79 21
79 24
79 26
79 27
79 28
79 32
79 34
79 42
79 62
79 67
79 69
79 74
79 78
79 84
79 92
79 95
79 98
79 102
79 106
79 139
79 140
79 145
79 147
79 149
80 2
80 6
80 7
80 8
80 11
80 13
80 23
80 25
80 38
80 52
80 64
80 67
80 74
80 104
80 112
80 113
80 128
80 148
81 18
81 19
81 21
81 25
81 28
81 46
81 48
81 52
81 57
81 63
81 65
81 82
81 84
81 87
81 91
81 94
81 98
81 99
81 105
81 107
81 111
81 121
81 125
81 128
81 130
81 137
81 141
82 7
82 19
82 27
82 35
82 39
82 61
82 77
82 94
82 103
82 112
82 114
82 119
82 129
82 130
82 146
82 149
83 14
83 26
83 28
83 32
83 33
83 45
83 47
83 49
83 57
83 62
83 71
83 76
83 92
83 94
83 99
83 105
83 133
83 134
84 7
84 11
84 20
84 39
84 47
84 68
84 86
84 89
84 114
84 121
84 122
84 124
84 147
85 2
85 8
85 19
85 25
85 57
85 79
85 81
85 86
85 93
85 98
85 104
85 109
85 110
85 119
85 122
85 139
85 146
86 21
86 23
86 30
86 43
86 52
86 55
86 61
86 67
86 78
86 80
86 99
86 118
86 119
86 130
86 132
86 133
87 4
87 17
87 27
87 35
87 40
87 42
87 49
87 51
87 70
87 82
87 94
87 100
87 112
87 120
87 127
87 128
87 139
87 140
88 6
88 23
88 24
88 25
88 33
88 43
88 46
88 61
88 62
88 68
88 81
88 87
88 93
88 94
88 102
88 121
88 122
88 133
88 138
88 149
89 8
89 10
89 24
89 32
89 35
89 36
89 37
89 44
89 51
89 63
89 66
89 70
89 76
89 93
89 95
89 96
89 111
89 126
89 130
89 131
89 134
89 137
89 145
90 2
90 4
90 12
90 15
90 16
90 25
90 40
90 43
90 44
90 46
90 54
90 56
90 60
90 61
90 68
90 74
90 77
90 80
90 125
90 128
90 130
90 131
90 133
90 136
90 139
90 145
90 147
91 1
91 5
91 11
91 22
91 35
91 40
91 42
91 44
91 59
91 61
91 71
91 76
91 85
91 103
91 109
91 117
91 120
91 121
91 125
91 127
91 129
91 132
91 139
91 140
91 145
91 149
92 16
92 21
92 45
92 49
92 56
92 69
92 71
92 78
92 88
92 89
92 102
92 109
92 129
92 131
92 132
92 135
92 140
93 5
93 19
93 24
93 27
93 44
93 46
93 47
93 60
93 61
93 65
93 66
93 68
93 82
93 86
93 92
93 102
93 104
93 112
93 116
93 128
93 138
93 140
93 142
94 15
94 19
94 23
94 34
94 39
94 40
94 48
94 50
94 54
94 57
94 68
94 69
94 74
94 79
94 85
94 91
94 100
94 103
94 105
94 119
94 130
94 131
94 140
94 147
95 8
95 10
95 23
95 29
95 39
95 48
95 54
95 55
95 72
95 73
95 75
95 88
95 90
95 108
95 112
95 116
95 118
95 122
95 132
95 134
95 142
95 147
96 5
96 9
96 14
96 15
96 29
96 38
96 39
96 56
96 69
96 74
96 95
96 101
96 105
96 124
96 126
96 128
96 142
96 147
97 10
97 11
97 16
97 26
97 40
97 45
97 48
97 50
97 68
97 78
97 90
97 91
97 93
97 95
97 96
97 99
97 109
97 111
97 118
97 122
97 130
97 145
98 18
98 25
98 27
98 32
98 33
98 38
98 56
98 62
98 66
98 91
98 94
98 95
98 103
98 108
98 111
98 115
98 123
98 131
98 142
98 149
99 1
99 7
99 10
99 24
99 33
99 40
99 50
99 58
99 63
99 65
99 74
99 85
99 89
99 93
99 102
99 104
99 115
99 117
99 125
99 126
99 130
99 135
99 143
99 145
99 147
100 5
100 12
100 40
100 60
100 92
100 99
100 104
100 113
100 115
100 121
100 130
100 132
100 134
100 140
100 145
101 5
101 8
101 9
101 11
101 13
101 26
101 35
101 43
101 52
101 81
101 83
101 84
101 93
101 115
101 118
101 140
102 23
102 25
102 34
102 51
102 55
102 61
102 64
102 65
102 71
102 73
102 97
102 98
102 134
102 141
103 10
103 17
103 24
103 27
103 31
103 43
103 71
103 101
103 125
103 128
103 131
104 10
104 14
104 47
104 50
104 54
104 95
104 101
104 103
104 108
104 142
104 145
104 149
105 2
105 9
105 12
105 21
105 26
105 29
105 42
105 47
105 48
105 52
105 56
105 59
105 60
105 61
105 68
105 71
105 73
105 84
105 90
105 95
105 100
105 103
105 104
105 108
105 114
105 115
105 122
105 123
105 124
105 126
105 130
105 131
105 143
105 146
106 11
106 34
106 51
106 60
106 62
106 64
106 81
106 95
106 102
106 112
106 113
106 114
106 125
106 136
107 3
107 10
107 11
107 37
107 38
107 41
107 43
107 44
107 45
107 47
107 49
107 51
107 63
107 67
107 91
107 93
107 95
107 98
107 99
107 105
107 106
107 120
107 123
107 129
107 137
107 138
108 7
108 12
108 21
108 40
108 52
108 53
108 54
108 57
108 65
108 81
108 82
108 88
108 89
108 106
108 109
108 119
108 121
108 128
108 146
108 150
109 5
109 8
109 28
109 29
109 35
109 42
109 44
109 48
109 50
109 51
109 59
109 69
109 74
109 86
109 89
109 118
109 123
109 126
109 137
109 138
109 148
110 3
110 4
110 12
110 18
110 35
110 38
110 42
110 60
110 61
110 86
110 91
110 96
110 103
110 105
110 108
110 112
110 122
110 126
110 130
110 138
110 139
110 141
110 147
110 150
111 2
111 5
111 16
111 24
111 30
111 43
111 69
111 83
111 86
111 92
111 100
111 104
111 106
111 107
111 108
111 113
111 116
111 117
111 130
111 138
111 141
111 148
111 150
112 5
112 23
112 24
112 30
112 31
112 32
112 33
112 35
112 38
112 44
112 47
112 57
112 59
112 107
112 113
112 123
112 146
113 1
113 10
113 27
113 30
113 34
113 39
113 48
113 51
113 53
113 64
113 69
113 71
113 89
113 99
113 131
113 147
114 6
114 9
114 10
114 16
114 21
114 24
114 33
114 35
114 42
114 57
114 59
114 66
114 68
114 77
114 78
114 83
114 88
114 93
114 97
114 104
114 118
114 122
114 123
114 126
114 137
114 147
115 10
115 17
115 37
115 40
115 64
115 72
115 78
115 82
115 87
115 95
115 96
115 112
115 121
115 132
115 133
115 144
115 149
116 1
116 3
116 4
116 37
116 41
116 49
116 53
116 57
116 60
116 67
116 82
116 86
116 89
116 90
116 98
116 107
116 112
116 123
116 124
116 129
116 141
117 11
117 17
117 21
117 25
117 32
117 33
117 45
117 46
117 47
117 49
117 51
117 57
117 58
117 63
117 69
117 73
117 84
117 85
117 92
117 94
117 109
117 119
117 126
117 133
118 24
118 33
118 39
118 40
118 72
118 84
118 100
118 122
118 123
118 129
118 134
118 136
118 150
119 5
119 8
119 15
119 25
119 36
119 41
119 44
119 48
119 52
119 58
119 59
119 65
119 67
119 69
119 73
119 74
119 83
119 87
119 88
119 90
119 91
119 100
119 101
119 103
119 111
119 114
119 126
119 131
119 134
119 137
119 139
120 22
120 23
120 24
120 25
120 27
120 28
120 37
120 48
120 54
120 55
120 58
120 65
120 66
120 71
120 75
120 79
120 81
120 89
120 90
120 97
120 102
120 103
120 112
120 115
120 126
120 130
120 137
120 140
120 148
121 4
121 30
121 43
121 63
121 67
121 78
121 83
121 95
121 114
121 137
121 148
121 149
122 1
122 25
122 28
122 37
122 39
122 43
122 55
122 60
122 65
122 76
122 87
122 90
122 94
122 98
122 106
122 111
122 113
122 115
122 127
122 132
122 136
122 140
122 144
123 33
123 37
123 46
123 78
123 80
123 97
123 101
123 110
123 129
123 135
124 7
124 14
124 21
124 28
124 44
124 67
124 80
124 81
124 85
124 122
124 125
124 126
124 139
124 140
125 8
125 10
125 13
125 18
125 22
125 23
125 29
125 31
125 37
125 38
125 44
125 64
125 70
125 72
125 77
125 79
125 83
125 87
125 92
125 97
125 114
125 120
125 122
125 137
125 146
125 150
126 12
126 19
126 23
126 34
126 45
126 63
126 69
126 76
126 81
126 92
126 97
126 107
126 115
126 123
126 131
126 140
127 11
127 23
127 37
127 54
127 63
127 73
127 103
127 110
127 111
127 112
127 114
127 118
127 121
127 126
127 144
128 1
128 3
128 7
128 8
128 13
128 27
128 30
128 55
128 70
128 99
128 104
128 105
128 109
128 115
128 116
128 119
128 123
128 124
128 125
128 130
128 149
129 14
129 16
129 17
129 20
129 33
129 42
129 43
129 53
129 59
129 65
129 67
129 93
129 133
129 136
129 145
129 146
129 147
129 148
130 4
130 9
130 26
130 32
130 37
130 53
130 55
130 58
130 64
130 70
130 77
130 101
130 131
131 5
131 9
131 11
131 16
131 22
131 52
131 56
131 71
131 75
131 78
131 96
131 108
131 110
131 117
131 120
131 124
131 125
131 128
131 133
131 138
131 143
131 145
131 146
131 150
132 3
132 10
132 13
132 17
132 22
132 24
132 44
132 45
132 47
132 52
132 64
132 69
132 75
132 80
132 98
132 101
132 102
132 118
132 120
132 124
132 125
132 136
132 139
132 141
133 1
133 16
133 24
133 28
133 36
133 37
133 47
133 61
133 97
133 98
133 118
133 119
133 124
133 132
133 135
133 149
134 5
134 8
134 15
134 34
134 38
134 39
134 47
134 59
134 61
134 65
134 74
134 76
134 82
134 91
134 92
134 93
134 105
134 110
134 131
134 144
134 148
134 150
135 7
135 17
135 18
135 21
135 36
135 46
135 56
135 61
135 64
135 65
135 71
135 78
135 82
135 89
135 94
135 105
135 108
135 114
135 122
135 126
135 132
136 2
136 4
136 6
136 31
136 61
136 89
136 97
136 100
136 124
136 127
136 128
136 133
136 143
136 148
136 149
137 2
137 5
137 10
137 12
137 17
137 32
137 35
137 38
137 50
137 52
137 58
137 60
137 61
137 62
137 67
137 68
137 76
137 77
137 78
137 80
137 97
137 115
137 123
137 130
137 144
137 149
138 9
138 45
138 69
138 82
138 84
138 86
138 89
138 99
138 114
138 120
138 142
139 2
139 3
139 5
139 19
139 30
139 33
139 41
139 45
139 67
139 70
139 78
139 80
139 103
139 123
139 134
139 140
139 143
139 150
140 11
140 13
140 18
140 23
140 31
140 36
140 43
140 64
140 67
140 70
140 82
140 84
140 97
140 102
140 111
140 116
140 118
140 119
140 123
140 130
140 132
140 142
140 147
141 12
141 15
141 28
141 33
141 34
141 35
141 38
141 41
141 45
141 52
141 65
141 86
141 90
141 92
141 100
141 121
141 127
141 139
141 146
142 2
142 4
142 9
142 11
142 15
142 24
142 27
142 33
142 36
142 38
142 44
142 64
142 80
142 84
142 88
142 99
142 102
142 116
142 117
142 118
142 123
142 131
142 134
142 139
142 143
143 2
143 4
143 15
143 17
143 28
143 33
143 39
143 47
143 55
143 59
143 60
143 63
143 66
143 68
143 73
143 75
143 79
143 85
143 88
143 90
143 100
143 101
143 102
143 114
143 118
143 122
143 128
143 144
144 2
144 3
144 8
144 10
144 14
144 18
144 25
144 36
144 38
144 46
144 57
144 62
144 69
144 77
144 79
144 86
144 93
144 96
144 102
144 105
144 107
144 114
144 116
144 119
144 132
145 17
145 25
145 30
145 36
145 37
145 42
145 48
145 49
145 50
145 61
145 73
145 74
145 83
145 84
145 93
145 95
145 98
145 103
145 106
145 109
145 116
145 117
145 141
145 148
146 10
146 13
146 23
146 38
146 40
146 45
146 47
146 48
146 60
146 67
146 72
146 80
146 102
146 107
146 114
146 115
146 127
146 128
146 147
147 2
147 10
147 12
147 14
147 16
147 22
147 23
147 28
147 32
147 53
147 61
147 63
147 68
147 72
147 78
147 88
147 89
147 102
147 106
147 108
147 122
147 144
147 150
148 2
148 4
148 38
148 44
148 54
148 64
148 71
148 72
148 87
148 89
148 95
148 103
148 104
148 108
148 114
148 116
148 117
148 118
148 125
148 137
148 147
149 14
149 18
149 19
149 60
149 62
149 63
149 85
149 113
149 114
149 120
149 122
149 124
149 130
150 1
150 10
150 16
150 27
150 31
150 48
150 50
150 54
150 55
150 56
150 71
150 74
150 84
150 85
150 95
150 98
150 115
150 127
150 141
150 143
150 146

