250 2000
109 64 71 98 94 120 47 101 108 63 80 93 24 103 36 116 70 25 40 97 30 40 32 20 70 35 87 76 86 41 33 38 114 92 89 30 88 42 31 65 47 69 59 100 58 108 43 40 112 74 74 80 58 90 36 63 118 37 103 67 110 107 39 36 54 80 109 56 106 83 45 56 101 67 68 112 88 105 73 117 54 99 39 71 37 95 108 24 58 43 102 67 23 115 111 103 40 94 55 25 71 119 53 90 100 45 104 59 107 57 53 24 115 91 62 75 57 33 79 77 120 44 59 76 101 85 29 85 104 27 79 61 54 49 58 89 61 49 24 59 74 37 97 40 92 94 85 24 76 67 72 92 76 114 99 36 59 73 80 115 83 31 28 98 82 102 45 68 61 111 113 86 45 26 103 106 103 34 44 29 120 99 66 109 81 75 80 36 91 93 95 99 29 74 60 102 99 101 98 23 47 91 70 103 83 112 102 83 62 109 46 62 78 120 75 48 29 33 71 116 116 64 58 102 110 89 80 74 86 60 113 38 30 62 28 102 92 86 109 63 70 51 74 93 47 21 41 41 40 46 
1 9
1 43
1 51
1 183
1 187
1 229
2 17
2 57
2 121
2 171
2 201
2 211
3 29
3 71
3 104
3 110
3 147
3 177
4 8
4 12
4 71
4 90
4 91
4 149
4 172
4 173
4 189
4 203
5 43
5 47
5 80
5 109
5 155
5 160
5 179
5 241
6 50
6 94
6 95
6 101
6 106
6 171
6 205
6 250
7 10
7 61
7 109
7 128
7 140
7 225
7 241
8 16
8 22
8 40
8 60
8 182
8 193
8 230
9 3
9 42
9 50
9 59
9 113
9 125
9 128
10 11
10 32
10 55
10 189
10 225
11 31
11 60
11 77
11 84
11 98
11 105
11 206
11 250
12 25
12 31
12 98
12 100
12 122
12 173
12 183
12 193
12 199
12 217
13 15
13 16
13 25
13 26
13 57
13 72
13 74
13 113
13 122
13 168
13 185
13 190
13 205
13 237
14 28
14 54
14 58
14 83
14 93
14 126
14 155
14 189
14 195
14 214
14 243
15 7
15 9
15 30
15 46
15 88
15 134
15 158
15 159
15 172
15 174
15 196
15 240
16 39
16 51
16 75
16 119
16 151
17 20
17 39
17 43
17 66
17 67
17 74
17 100
17 120
17 138
17 151
17 231
18 25
18 50
18 52
18 62
18 84
18 118
18 148
18 168
18 175
18 214
19 13
19 24
19 67
19 99
19 123
19 131
19 144
20 6
20 102
20 127
20 158
20 167
20 227
21 51
21 72
21 82
21 94
21 106
21 116
21 139
21 168
21 179
21 191
21 215
21 223
22 59
22 73
22 95
22 100
22 163
22 175
22 218
22 220
22 240
23 18
23 37
23 38
23 57
23 110
23 175
23 190
23 195
23 206
23 224
24 80
24 113
24 138
24 176
24 212
24 214
24 215
25 24
25 33
25 112
25 117
25 191
25 201
26 7
26 20
26 39
26 45
26 82
26 110
26 120
26 157
26 169
27 1
27 46
27 132
27 156
27 180
27 199
27 205
27 224
28 83
28 127
28 165
28 182
28 209
28 229
28 235
29 12
29 17
29 21
29 78
29 96
29 164
29 198
29 250
30 28
30 31
30 75
30 83
30 110
30 119
30 123
30 181
30 193
30 228
30 242
30 243
31 34
31 47
31 153
31 163
31 204
31 244
32 7
32 8
32 21
32 89
32 93
32 99
32 105
32 115
32 121
32 147
32 200
32 211
33 1
33 23
33 88
33 115
33 193
33 208
34 11
34 13
34 39
34 54
34 82
34 110
34 113
34 139
34 215
34 249
35 10
35 24
35 53
35 60
35 84
35 88
35 167
35 168
35 171
35 175
35 178
35 200
35 218
35 250
36 69
36 190
36 244
37 15
37 63
37 96
37 105
37 116
37 166
38 21
38 31
38 112
38 125
38 156
38 160
38 189
38 225
38 230
38 235
39 10
39 59
39 65
39 171
39 189
39 225
40 43
40 59
40 67
40 90
40 92
41 15
41 45
41 50
41 56
41 75
41 82
41 89
41 99
41 102
41 115
41 118
41 153
41 204
41 220
41 250
42 72
42 80
42 97
42 102
42 103
42 115
42 163
42 176
42 206
42 213
43 8
43 49
43 78
43 105
43 209
43 238
43 240
44 26
44 31
44 32
44 34
44 134
44 219
45 48
45 61
45 134
45 184
45 223
45 234
45 237
46 29
46 70
46 102
46 113
46 136
46 169
46 209
46 240
47 4
47 225
47 238
47 244
48 23
48 82
48 102
48 108
48 180
48 182
48 217
48 225
49 1
49 28
49 53
49 57
49 78
49 93
49 119
49 155
49 157
49 192
49 208
49 216
50 66
50 134
50 149
50 183
50 205
50 228
51 13
51 35
51 75
51 113
51 122
51 145
51 148
51 151
51 198
51 209
52 62
53 33
53 65
53 116
53 240
54 16
54 110
54 113
54 164
54 220
54 231
55 7
55 11
55 31
55 44
55 52
55 75
55 85
55 103
55 126
55 141
55 181
55 204
55 231
56 11
56 17
56 29
56 61
56 231
56 237
56 239
57 16
57 17
57 34
57 72
57 111
57 243
57 248
58 4
58 89
58 91
58 141
58 162
58 181
59 29
59 44
59 47
59 58
59 78
59 83
59 135
59 139
59 142
59 164
59 180
59 203
59 237
60 55
60 112
60 136
60 198
60 217
60 218
61 44
61 167
61 188
61 191
61 241
62 187
62 188
62 199
63 64
63 84
63 119
63 124
63 134
63 137
63 205
64 4
64 25
64 60
64 101
64 104
64 105
64 136
64 147
64 220
64 231
64 240
64 249
65 7
65 58
65 97
65 100
65 166
65 171
65 192
66 45
66 68
66 70
66 160
66 166
66 189
66 198
66 200
66 249
67 7
67 26
67 47
67 63
67 83
67 101
67 111
67 188
67 189
67 214
67 233
67 242
68 15
68 50
68 59
68 87
68 93
68 100
68 109
68 113
68 174
68 189
69 12
69 93
69 103
69 105
69 143
69 182
69 232
70 9
70 28
70 107
70 118
70 156
70 178
70 190
70 211
71 30
71 42
71 54
71 57
71 67
71 74
71 97
71 109
71 115
71 163
71 189
72 64
72 65
72 103
72 114
72 238
72 239
72 250
73 33
73 51
73 62
73 76
73 100
73 175
73 240
74 1
74 3
74 97
74 106
74 110
74 136
74 176
74 194
75 49
75 85
75 171
75 177
75 182
75 183
75 216
76 220
77 6
77 15
77 38
77 78
77 85
77 90
77 98
77 140
77 156
77 158
77 194
77 241
78 70
78 98
78 111
78 131
78 204
78 214
78 231
78 234
78 238
79 37
79 66
79 85
79 92
79 119
79 120
79 183
79 205
79 226
79 228
80 17
80 23
80 32
80 38
80 41
80 102
80 131
80 137
80 219
80 230
81 32
81 80
81 82
81 106
81 153
81 243
82 29
82 51
82 75
82 106
82 142
82 165
82 166
82 222
83 5
83 27
83 104
83 105
83 130
83 169
83 248
84 67
84 93
84 103
84 135
84 138
84 145
84 151
84 188
84 227
85 16
85 45
85 46
85 54
85 58
85 66
85 146
85 178
86 1
86 22
86 63
86 81
86 110
86 141
86 167
86 225
87 55
87 84
87 183
87 203
87 213
87 221
87 232
87 249
88 133
88 224
88 232
88 240
89 47
89 107
89 137
89 148
89 187
89 202
89 214
89 231
89 244
90 5
90 49
90 56
90 61
90 93
90 138
90 155
90 192
90 195
90 198
90 200
90 250
91 23
91 63
91 85
91 87
91 90
91 101
91 141
91 146
92 43
92 109
92 119
92 131
92 176
92 194
92 233
93 18
93 22
93 133
93 150
93 190
93 196
93 198
93 218
93 238
94 11
94 45
94 46
94 229
95 16
95 36
95 69
95 72
95 84
95 85
95 153
95 173
95 184
96 17
96 18
96 31
96 74
96 150
96 160
96 166
96 167
96 183
96 193
96 224
97 119
97 121
97 163
98 30
98 44
98 46
98 135
98 139
98 194
98 195
98 198
99 7
99 20
99 23
99 42
99 44
99 124
99 126
99 210
99 237
100 51
100 53
100 59
100 93
100 179
100 207
100 210
100 241
100 245
101 10
101 38
101 42
101 59
101 74
101 96
101 153
101 245
102 55
102 77
102 103
102 152
102 187
103 23
103 46
103 61
103 106
103 109
103 169
103 239
104 25
104 72
104 118
104 135
104 161
104 173
104 180
104 249
105 99
105 106
105 224
105 233
105 234
106 4
106 19
106 61
106 88
106 127
106 200
106 250
107 15
107 25
107 58
107 68
107 92
107 145
107 161
107 242
108 4
108 76
108 78
108 89
108 90
108 99
108 100
108 188
108 209
108 221
109 3
109 17
109 121
109 191
109 214
109 220
109 229
109 246
110 31
110 106
110 112
110 180
110 181
110 187
110 192
110 197
110 233
110 248
111 2
111 34
111 79
111 94
111 126
111 142
111 176
111 223
111 233
112 122
112 190
112 197
113 73
113 89
113 102
113 116
113 151
113 224
113 237
114 41
114 165
114 169
114 174
114 195
114 203
114 209
114 211
114 222
114 224
115 54
115 70
115 100
115 111
115 129
115 140
115 220
115 242
116 11
116 16
116 32
116 49
116 72
116 122
116 129
116 144
116 173
116 220
116 222
117 9
117 72
117 182
117 244
118 7
118 16
118 26
118 49
118 157
118 169
118 172
118 173
118 181
118 189
119 11
119 45
119 78
119 170
119 190
119 196
119 230
120 1
120 28
120 39
120 103
120 163
121 22
121 46
121 59
121 62
121 78
121 82
121 130
121 156
121 219
121 222
121 244
121 247
122 6
122 59
122 77
122 97
122 102
122 205
122 209
122 215
122 232
122 242
123 33
123 82
123 129
123 162
123 182
123 208
123 221
124 4
124 22
124 52
124 117
124 134
124 166
124 172
124 223
124 231
124 235
125 22
125 44
125 46
125 102
125 167
125 191
126 28
126 48
126 52
126 64
126 65
126 104
126 138
126 160
126 161
126 172
126 241
126 243
127 72
127 109
127 110
127 122
127 126
127 177
127 181
127 226
127 233
128 19
128 21
128 33
128 52
128 110
128 141
128 191
128 231
129 2
129 53
129 63
129 70
129 91
129 94
129 112
129 122
129 132
130 11
130 96
130 99
130 123
130 124
130 131
130 203
130 218
130 229
130 248
131 64
131 69
131 102
131 138
131 139
131 148
131 158
131 161
131 169
131 220
132 16
132 18
132 32
132 33
132 91
132 180
132 196
132 237
133 41
133 69
133 174
133 227
133 247
134 8
134 27
134 32
134 42
134 46
134 80
134 93
134 98
134 100
134 111
134 120
134 149
134 162
134 164
134 174
135 46
135 55
135 57
135 63
135 71
135 91
135 94
135 97
135 107
135 161
135 199
135 210
136 4
136 53
136 96
136 246
137 22
137 24
137 62
137 77
137 83
137 100
137 127
137 184
137 188
138 37
138 76
138 86
138 93
138 98
138 172
138 173
139 41
139 96
139 154
139 190
139 206
139 210
139 242
140 6
140 50
140 54
140 59
140 73
140 75
140 76
140 144
140 160
140 162
140 188
140 202
140 208
140 240
141 6
141 45
141 49
141 93
141 136
141 179
141 204
141 208
142 121
142 124
142 141
142 150
142 169
142 233
143 13
143 17
143 28
143 29
143 60
143 70
143 116
143 135
143 147
143 179
143 226
144 1
144 3
144 105
144 119
144 167
144 249
145 5
145 6
145 32
145 94
145 98
145 110
145 179
145 201
145 203
145 212
146 11
146 145
146 182
146 225
146 241
147 15
147 60
147 78
147 119
147 195
147 245
147 249
148 43
148 47
148 107
148 124
148 126
148 143
148 221
148 229
148 247
149 65
149 74
149 93
149 102
149 117
149 123
149 145
149 148
149 156
149 165
149 197
149 241
149 244
149 246
150 24
150 51
150 73
150 88
150 102
150 172
150 174
150 220
151 15
151 28
151 77
151 163
151 193
151 240
152 49
152 65
152 74
152 85
152 107
152 122
152 125
152 148
153 4
153 16
153 26
153 30
153 79
153 121
153 132
153 210
153 231
153 247
153 250
154 38
154 120
154 146
154 149
154 176
154 180
155 41
155 99
155 111
155 138
155 212
155 214
155 229
156 72
156 81
156 147
156 160
156 207
156 208
157 6
157 11
157 16
157 61
157 84
157 152
157 159
157 190
157 207
157 228
158 35
158 45
158 124
158 175
159 18
159 39
159 61
159 90
159 144
159 150
159 180
159 194
160 33
160 112
160 145
160 162
160 173
160 185
160 212
160 223
161 19
161 23
161 45
161 48
161 87
161 89
161 114
161 134
161 162
161 229
161 239
162 15
162 23
162 43
162 44
162 96
162 100
162 133
162 136
162 156
162 163
162 168
162 170
162 174
162 212
163 24
163 25
163 63
163 86
163 136
163 178
163 237
163 241
164 17
164 65
164 108
164 183
165 26
165 38
165 59
165 123
165 135
165 148
165 166
165 234
165 242
166 51
166 69
166 99
166 173
167 11
167 46
167 60
167 64
167 65
167 69
167 88
167 160
167 198
168 12
168 59
168 109
168 147
168 152
168 231
168 233
169 11
169 60
169 85
169 176
169 201
169 250
170 17
170 22
170 51
170 87
170 90
170 151
170 194
170 241
170 246
171 25
171 53
171 59
171 79
172 2
172 11
172 12
172 17
172 68
172 91
172 94
172 114
172 180
172 222
173 127
173 184
173 215
173 249
174 107
174 109
174 140
175 28
175 47
175 48
175 91
175 96
175 123
175 143
175 210
176 29
176 32
176 64
176 162
176 177
176 181
176 194
176 231
177 154
177 167
177 219
177 243
178 62
178 71
178 196
178 235
179 20
179 180
179 192
180 34
180 69
180 81
180 101
180 138
180 167
180 222
180 228
180 246
181 33
181 111
181 169
181 172
181 218
181 235
181 238
182 5
182 72
182 82
182 95
182 159
182 219
182 223
182 248
183 7
183 9
183 191
183 223
184 67
184 98
184 124
184 150
184 164
184 219
185 6
185 10
185 16
185 28
185 33
185 51
185 75
185 100
185 152
185 180
185 223
186 54
186 62
186 100
186 119
186 133
186 199
186 235
186 240
187 2
187 15
187 24
187 52
187 59
187 68
187 121
187 132
187 140
187 152
187 230
188 69
188 133
188 142
188 203
189 12
189 25
189 95
189 136
189 139
189 143
189 151
189 170
189 205
189 217
189 226
190 95
190 109
190 172
190 177
191 19
191 105
191 130
191 149
191 203
191 209
192 6
192 97
192 108
192 124
192 155
192 176
192 177
192 211
192 249
193 29
193 51
193 117
193 123
193 133
193 139
193 164
193 213
193 236
194 99
194 113
194 135
194 168
194 205
194 218
195 140
195 161
195 194
195 202
196 30
196 71
196 73
196 100
196 111
196 118
196 141
196 143
196 186
196 206
196 237
197 5
197 6
197 44
197 143
197 144
197 150
197 154
197 157
197 172
197 239
198 70
198 84
198 99
198 124
198 161
198 231
198 233
198 242
198 244
198 249
199 16
199 36
199 37
199 64
199 75
199 98
199 113
199 121
199 125
199 180
199 201
199 235
199 242
200 39
200 59
200 89
200 122
200 225
201 4
201 16
201 80
201 94
201 98
201 111
201 130
201 179
201 186
201 198
201 206
202 12
202 48
202 96
202 99
202 129
202 160
202 173
202 223
202 233
202 243
203 13
203 103
203 168
203 184
203 185
203 231
204 46
204 53
204 81
204 136
204 147
204 155
204 170
204 248
205 9
205 47
205 117
205 215
205 231
205 242
206 3
206 48
206 74
206 85
206 116
206 169
206 194
206 230
207 7
207 59
207 102
207 117
207 122
207 128
207 136
207 149
207 182
207 185
207 189
207 191
207 194
207 226
207 238
207 245
208 21
208 92
208 121
208 147
208 151
208 170
208 193
209 42
209 58
209 62
209 64
209 78
209 123
209 128
209 136
209 139
209 196
209 197
209 223
209 231
210 16
210 27
210 107
210 138
210 172
210 179
210 181
210 204
210 218
210 220
210 245
211 43
211 140
211 164
211 171
211 183
211 218
211 233
212 1
212 26
212 83
212 85
212 117
212 139
212 187
212 195
212 249
213 26
213 92
213 145
213 192
214 7
214 33
214 116
214 169
214 208
214 234
214 242
214 244
215 1
215 7
215 10
215 16
215 32
215 57
215 77
215 90
215 107
215 151
215 198
215 223
215 230
215 237
216 5
216 11
216 34
216 53
216 80
216 100
216 147
216 185
216 222
216 226
217 123
217 205
217 221
218 14
218 90
218 186
218 243
219 97
219 126
219 138
219 154
219 232
219 236
220 49
220 58
220 139
220 169
220 171
221 48
221 54
221 99
221 117
221 125
221 176
221 177
221 196
221 226
222 3
222 48
222 65
222 136
222 234
222 241
223 12
223 32
223 49
223 97
223 105
223 126
223 151
223 154
223 232
223 250
224 10
224 21
224 25
224 44
224 71
224 74
224 76
224 182
224 193
225 11
225 32
225 49
225 94
225 102
225 127
225 128
225 188
225 221
226 35
226 39
226 41
226 45
226 54
226 103
226 146
226 159
226 195
226 206
226 215
227 37
227 40
227 70
227 142
227 241
227 248
228 36
228 46
228 56
228 62
228 68
228 82
228 89
228 98
228 147
228 170
228 175
228 181
228 220
228 249
229 60
229 97
229 126
229 131
229 160
229 175
229 218
229 241
230 27
230 35
230 47
230 54
230 59
230 86
230 168
230 218
231 10
231 26
231 58
231 81
231 101
231 102
231 111
231 112
231 183
231 244
231 245
232 12
232 34
232 62
232 96
232 107
232 113
232 157
232 226
232 249
233 64
233 126
233 150
233 157
233 161
233 169
233 174
233 204
234 4
234 29
234 115
234 116
234 117
234 118
234 192
234 194
234 231
235 21
235 34
235 35
235 52
235 55
235 75
235 80
235 126
235 159
235 164
235 193
235 204
236 29
236 34
236 43
236 148
236 195
236 228
236 243
237 2
237 14
237 33
237 35
237 94
237 131
237 184
237 227
237 235
238 5
238 25
238 65
238 116
238 117
239 1
239 22
239 57
239 149
239 191
239 210
239 240
240 77
240 130
240 134
240 148
240 156
240 220
241 13
241 78
241 239
242 93
242 109
242 147
242 148
242 176
242 193
242 249
243 12
243 38
243 83
243 92
243 112
243 149
243 151
243 171
243 174
243 227
243 244
244 12
244 18
244 23
244 64
244 70
244 80
244 83
244 161
244 189
244 199
245 54
245 70
245 76
245 89
245 109
245 110
245 116
245 208
245 215
245 235
246 93
246 158
246 201
246 217
247 10
247 20
247 104
247 118
247 146
247 164
247 231
247 243
248 2
248 75
248 84
248 89
248 117
248 200
248 220
248 246
249 33
249 79
249 85
249 137
250 125
250 129
250 168
250 186
250 234

