150 1000
90 96 33 28 28 39 55 36 73 93 89 70 58 89 23 82 28 34 23 97 117 106 45 53 118 53 111 48 65 37 68 84 88 86 116 120 98 115 33 55 67 104 75 102 46 37 32 20 34 65 79 73 97 59 76 77 100 45 73 113 24 34 101 103 21 40 69 61 96 49 100 23 29 40 56 55 38 20 23 95 54 27 96 89 113 116 64 58 94 57 84 46 118 24 107 48 45 43 87 46 62 38 98 118 35 66 25 85 109 25 58 30 88 30 50 54 100 120 24 39 46 25 72 50 119 103 34 99 100 115 98 61 105 50 62 48 57 83 114 59 22 56 26 98 31 46 93 23 68 64 
1 10
1 26
1 28
1 33
1 86
1 133
1 140
1 141
2 58
2 91
2 123
3 48
3 49
3 61
4 27
4 32
4 62
4 82
4 93
4 98
4 128
4 148
5 9
5 14
5 96
5 128
5 137
6 8
6 42
6 70
6 106
6 122
7 19
7 22
7 68
7 81
8 25
8 60
8 68
8 75
8 103
8 114
8 132
9 33
9 58
9 94
10 28
10 30
10 54
10 62
10 75
10 95
10 112
10 131
10 141
10 148
11 4
11 22
11 51
11 93
11 116
11 124
11 142
11 143
12 22
12 41
12 47
12 54
12 62
12 64
12 72
12 100
13 3
13 4
13 16
13 18
13 34
13 35
13 68
13 83
13 94
13 126
13 127
13 135
14 48
14 144
15 34
15 71
15 114
15 124
15 128
15 148
16 1
16 4
16 65
16 90
17 4
17 38
17 83
17 92
17 101
18 67
18 80
18 114
18 116
18 118
18 128
18 134
19 17
19 20
19 26
19 40
19 99
19 118
19 123
19 126
20 76
20 106
20 112
21 13
21 36
21 60
21 98
21 128
21 141
22 13
22 21
22 37
22 73
22 74
22 98
23 8
23 67
23 80
23 106
23 120
24 33
24 82
24 102
24 103
24 149
25 22
25 31
25 41
25 43
25 90
25 104
25 147
26 46
26 100
26 121
26 126
27 26
27 49
27 117
27 126
27 134
27 136
27 149
28 9
28 33
28 57
28 70
28 84
28 86
28 108
28 123
29 4
29 32
29 66
29 68
29 86
29 123
29 134
29 139
29 145
30 36
30 52
30 88
30 96
31 49
31 54
31 76
31 103
32 9
32 10
32 33
32 35
32 53
32 109
32 146
33 4
33 12
33 46
33 88
33 90
33 129
33 134
33 145
33 147
34 39
34 53
34 55
34 56
34 72
34 81
34 86
34 92
34 94
34 140
34 146
35 16
35 19
35 23
35 26
35 36
35 54
35 74
35 122
35 130
35 145
36 33
36 89
36 92
36 133
37 62
37 75
37 119
38 30
38 119
39 37
39 51
39 78
39 92
39 112
40 43
40 71
40 104
40 142
41 29
41 37
41 70
41 84
41 126
41 136
41 139
42 84
42 85
42 124
42 127
42 142
43 2
43 4
43 27
43 50
44 32
44 87
44 96
44 98
44 115
44 117
44 131
44 140
45 4
45 13
45 40
45 56
45 66
45 83
45 91
45 105
45 117
45 118
45 122
45 149
46 16
46 28
46 106
46 146
47 64
47 74
47 83
47 104
47 111
47 118
47 126
47 145
47 148
48 8
48 20
48 33
48 134
48 145
49 1
49 18
49 33
49 55
49 79
49 82
49 99
49 124
49 139
50 10
50 14
50 35
50 48
50 82
50 84
50 148
51 22
51 30
51 43
51 54
51 81
51 97
51 104
51 134
52 5
52 6
52 38
52 91
52 113
52 117
52 134
53 12
53 85
53 94
53 100
53 101
53 106
53 120
54 4
54 13
54 59
54 60
54 86
54 97
54 106
54 119
54 121
54 141
55 11
55 18
55 21
55 23
55 42
55 80
55 92
55 139
55 140
55 141
56 15
56 19
56 42
56 96
56 109
57 17
57 41
57 49
57 62
57 107
57 113
57 148
58 3
58 60
58 61
58 73
58 81
58 90
58 92
58 111
58 115
59 35
59 55
59 56
59 76
59 117
59 137
59 144
60 3
60 10
60 12
60 19
60 41
60 92
60 149
61 27
61 45
61 51
61 113
61 129
61 130
61 135
61 145
61 147
62 1
62 16
62 31
62 64
62 70
62 107
62 126
63 2
63 6
63 38
63 58
63 79
63 82
63 98
63 102
63 118
63 127
63 144
63 148
64 5
64 30
64 34
64 51
64 113
64 118
65 23
65 29
65 36
65 60
65 72
65 77
66 18
66 61
66 74
66 75
66 105
66 106
66 140
67 2
67 30
67 66
67 96
67 123
67 125
68 28
68 30
68 63
68 70
68 81
68 85
68 97
68 100
68 129
69 21
69 54
69 57
69 78
69 85
69 110
69 126
70 1
70 3
70 36
70 55
70 86
70 124
71 5
71 57
71 116
71 126
71 141
72 24
72 45
72 109
72 116
72 124
72 133
72 141
72 145
73 1
73 53
73 67
73 81
73 93
73 110
73 136
74 40
74 45
74 75
74 95
74 105
74 106
74 130
75 44
75 86
75 108
75 127
76 2
76 15
76 46
76 65
76 71
76 84
76 91
76 108
76 124
76 127
76 148
76 150
77 3
77 13
77 37
77 63
77 92
77 124
77 149
78 1
78 2
78 12
78 14
78 29
78 68
78 73
78 108
78 124
78 128
79 4
79 37
79 38
79 51
79 58
79 89
79 102
79 123
79 138
79 149
80 15
80 35
80 41
80 77
80 105
80 122
80 134
81 2
81 5
81 8
81 11
81 25
81 146
82 39
82 58
82 112
82 120
82 131
83 6
83 29
83 36
83 41
83 60
83 65
83 90
83 121
84 9
84 30
84 36
84 53
84 60
84 61
84 65
84 69
84 77
84 110
85 12
85 36
85 45
85 66
85 99
85 120
85 124
85 126
85 133
85 147
86 19
86 40
86 64
86 68
86 124
87 20
87 62
87 72
87 142
88 9
88 20
88 25
88 32
88 54
88 76
88 81
88 133
89 1
89 14
89 18
89 34
89 46
89 52
89 102
89 133
89 145
90 53
90 99
90 141
91 3
91 22
91 23
91 32
91 36
91 69
91 82
91 96
91 108
91 124
91 126
91 147
92 16
92 27
92 44
92 76
92 86
93 1
93 10
93 20
93 24
93 37
93 53
93 69
93 81
93 138
93 148
94 12
94 22
94 106
94 108
94 117
94 139
94 141
95 22
95 36
95 71
95 79
95 103
95 109
96 9
96 18
96 54
96 99
96 102
96 106
96 149
97 41
97 67
97 73
97 74
97 90
97 112
97 145
97 150
98 25
98 42
98 57
98 72
98 78
98 97
98 118
98 142
99 16
99 17
99 54
99 58
99 75
99 102
100 56
100 65
100 105
101 24
101 26
101 64
101 76
101 92
101 140
101 144
101 147
102 64
102 94
102 111
102 131
102 141
102 146
103 2
103 19
103 59
103 69
103 73
103 87
103 93
103 107
104 1
104 13
104 21
104 68
104 72
104 108
104 124
105 67
105 70
105 130
105 138
106 7
106 52
106 58
106 73
106 112
106 115
106 129
106 131
107 98
107 118
107 139
108 7
108 56
108 69
108 120
108 146
108 148
109 42
109 51
109 79
109 86
109 108
110 20
110 32
110 36
110 40
110 43
110 100
110 114
110 131
110 142
111 46
111 50
111 64
111 76
111 107
111 134
111 141
111 143
111 144
112 7
112 45
112 52
112 58
112 68
112 84
112 89
112 118
112 122
112 131
112 145
113 17
113 22
113 23
113 36
113 72
113 86
113 104
113 122
113 140
113 149
114 62
114 103
114 141
115 2
115 34
115 86
115 93
115 94
115 133
115 143
116 4
116 51
116 79
116 125
116 132
117 8
117 25
117 38
117 76
117 82
117 92
117 136
118 12
118 33
118 38
118 48
118 97
118 100
118 142
118 144
119 11
119 77
119 126
119 131
119 133
120 9
120 22
120 32
120 57
120 76
120 93
120 95
120 133
120 141
120 143
121 62
121 72
121 78
121 88
121 101
121 129
121 142
122 8
122 27
122 38
122 87
122 88
122 123
122 127
123 47
123 56
123 76
123 90
123 103
123 125
123 140
124 7
124 83
124 96
124 101
124 133
125 38
125 66
125 75
125 82
125 86
125 140
126 92
126 94
126 95
127 2
127 17
127 50
127 69
127 89
127 114
127 143
128 67
128 80
128 92
128 122
128 134
129 2
129 32
129 42
129 45
129 49
129 93
129 94
129 144
130 44
130 96
130 104
130 113
130 123
130 145
131 2
131 3
131 20
131 38
131 84
131 98
131 116
132 15
132 37
132 60
133 20
133 39
133 47
133 55
133 66
133 76
133 135
133 136
133 138
134 11
134 16
134 49
134 68
134 82
134 108
134 109
134 119
134 135
135 5
135 49
135 66
135 85
135 124
135 149
136 24
136 128
136 140
137 58
137 62
137 70
137 87
137 129
137 139
138 53
138 62
138 111
138 112
139 26
139 57
139 76
139 77
139 87
139 128
140 9
140 32
140 39
140 54
140 59
140 78
140 86
140 144
141 44
141 56
141 75
141 133
142 3
142 18
142 31
142 62
142 115
142 123
143 34
143 43
143 66
143 87
143 149
144 7
144 8
144 27
144 28
144 75
144 83
144 94
144 104
144 126
145 12
145 27
145 68
145 76
145 101
145 102
145 109
145 113
145 124
146 66
146 72
146 132
147 11
147 17
147 60
147 66
147 86
147 145
147 149
148 38
148 70
148 89
148 95
148 144
149 21
149 37
149 39
149 119
150 33
150 89
150 91
150 108
150 117
150 123
150 133
150 134
150 139

