300 1000
40 22 70 110 85 33 84 39 27 109 31 76 45 47 24 77 46 23 77 31 42 33 92 59 117 87 65 99 46 28 56 83 77 38 81 67 43 81 34 51 105 42 31 47 62 56 57 24 53 94 43 71 35 112 82 114 74 101 93 115 53 26 93 43 79 63 73 61 92 88 75 31 63 26 55 115 41 29 89 29 94 59 51 26 62 116 82 93 60 66 117 65 66 84 100 88 57 57 85 116 75 107 65 27 24 34 108 85 91 111 21 72 98 68 78 75 21 42 50 21 61 114 84 64 21 45 48 68 107 31 119 75 76 109 26 28 50 98 57 107 98 84 28 53 48 88 40 115 29 58 56 100 119 111 40 49 36 73 53 93 103 51 106 89 46 60 78 46 33 59 51 44 109 37 75 94 25 77 51 69 114 79 79 112 51 69 88 60 40 105 61 84 118 107 46 86 60 87 51 104 25 52 47 38 91 53 50 57 103 93 119 37 72 99 61 80 120 95 39 40 111 87 48 119 76 60 30 89 48 86 21 57 85 21 69 53 89 99 55 82 74 70 106 51 119 102 77 91 74 99 79 85 69 49 104 100 84 82 111 102 53 85 51 43 119 93 103 58 21 64 27 117 28 96 66 25 82 112 120 40 27 104 110 81 39 60 86 50 53 53 33 57 51 116 55 104 77 109 103 107 
1 30
1 78
2 31
2 294
3 73
3 130
3 203
4 30
4 128
5 210
5 233
6 198
6 255
6 265
7 121
7 130
8 78
8 185
8 261
9 4
9 7
9 94
9 95
10 70
10 206
10 285
11 23
11 117
12 47
12 75
12 109
12 193
12 243
13 26
13 254
14 4
14 39
14 151
14 180
15 36
16 95
16 144
16 153
17 120
17 211
17 240
18 121
18 212
18 285
18 294
19 13
19 136
19 174
20 212
20 282
21 26
21 213
21 218
21 240
21 262
22 110
22 196
22 209
23 30
23 269
24 99
24 134
24 161
25 197
26 115
26 186
27 105
27 209
29 20
30 77
30 93
30 119
30 203
30 211
30 234
30 272
32 157
33 38
33 128
33 182
33 200
33 285
35 107
35 163
35 204
35 256
35 266
35 269
36 102
37 225
37 255
37 267
38 16
38 67
38 150
38 194
38 209
38 217
39 17
39 148
39 194
40 7
40 20
40 229
40 246
40 268
41 48
41 75
42 75
42 128
42 176
42 208
43 36
43 91
43 177
43 245
44 108
44 170
44 171
44 214
45 63
45 116
46 129
46 257
47 115
47 116
47 154
47 189
48 97
49 120
49 173
49 238
50 7
50 161
50 212
50 269
51 72
51 85
51 117
51 126
51 187
51 204
51 205
52 175
52 187
52 240
53 113
53 142
53 179
53 284
54 172
54 298
55 75
55 81
55 83
55 88
55 89
55 198
55 258
56 15
56 165
56 187
56 190
56 236
57 152
58 2
58 73
58 197
58 273
58 284
58 294
59 71
59 125
60 69
60 84
60 104
60 121
60 229
61 54
61 146
61 187
61 226
61 227
61 287
62 13
62 83
62 92
63 82
63 293
64 66
64 95
64 162
65 139
65 150
65 218
65 273
66 228
67 83
67 174
67 191
67 222
67 271
67 290
68 20
68 81
68 118
68 220
68 223
69 51
69 204
69 223
69 280
70 46
70 78
70 117
70 233
71 207
71 210
71 231
71 261
71 287
72 202
72 209
72 254
73 68
74 84
74 186
74 219
75 26
75 140
75 184
76 63
76 157
76 170
77 58
77 120
77 223
77 252
77 261
78 76
78 81
79 3
79 39
79 230
80 12
80 28
80 105
80 188
80 213
81 9
81 59
81 72
81 231
83 2
83 26
83 178
83 234
83 240
83 251
84 72
84 83
84 199
84 224
84 300
85 8
85 18
85 110
87 33
87 107
87 209
87 269
88 69
88 119
89 48
89 131
89 238
90 149
90 184
90 218
91 4
91 78
91 217
91 260
92 57
92 70
92 87
92 133
92 161
93 178
93 271
93 280
94 8
94 54
94 103
94 219
94 237
95 195
95 264
95 283
96 59
96 66
96 74
96 77
96 97
96 176
96 245
97 156
97 226
97 227
98 129
98 195
98 296
99 174
99 220
99 296
100 56
100 166
100 220
100 229
101 106
101 176
101 293
101 298
102 172
102 174
102 177
103 86
103 98
103 202
104 170
104 183
104 286
104 296
105 54
105 57
105 79
105 171
105 295
106 84
106 114
107 43
107 141
107 198
107 206
107 230
108 89
109 121
109 201
109 287
110 10
110 36
110 78
110 88
110 241
111 89
111 215
111 276
111 296
112 225
113 98
113 120
113 140
113 162
113 221
113 228
113 260
114 42
114 123
115 160
115 183
115 246
116 21
116 25
116 66
116 132
116 170
116 246
116 282
117 31
117 190
117 217
118 1
118 28
118 71
118 96
118 119
118 122
118 201
119 51
119 197
120 176
120 292
121 80
121 210
121 238
122 35
122 37
122 165
122 278
123 156
124 57
124 72
124 153
124 166
125 77
125 180
125 185
125 262
126 128
128 290
129 49
129 55
129 125
129 179
129 230
129 245
130 56
131 39
131 67
131 83
131 164
131 165
131 210
131 280
132 13
132 254
132 283
133 164
133 241
134 161
134 164
134 211
134 295
134 297
135 79
135 221
136 75
136 88
136 177
136 211
137 160
137 204
138 101
138 217
138 236
138 269
139 88
139 102
139 136
139 181
139 289
140 73
140 121
140 122
140 187
140 261
141 79
141 220
141 260
142 223
143 161
143 163
143 240
143 243
144 217
144 267
144 297
145 8
145 87
145 142
146 2
146 16
146 125
146 139
147 164
147 230
147 276
147 300
148 54
148 120
149 94
149 278
150 36
150 52
150 59
150 90
150 121
150 219
150 246
150 253
150 288
151 145
151 192
151 193
151 225
151 236
152 31
152 60
152 265
153 287
154 98
154 183
154 278
155 37
155 220
157 95
157 230
157 248
158 133
158 286
159 81
159 103
159 153
160 23
160 75
160 108
160 199
160 240
160 255
161 2
161 128
161 252
162 97
162 216
162 231
162 278
163 28
163 153
163 178
163 192
163 259
164 8
165 167
165 171
166 112
166 147
166 205
167 49
167 164
168 137
169 71
169 140
169 170
169 177
169 253
169 274
170 5
170 85
171 69
172 55
172 91
172 119
172 268
172 284
173 22
173 138
173 179
173 205
173 292
174 57
174 80
174 168
175 56
175 160
175 196
175 207
175 278
176 60
176 87
176 214
176 245
176 290
177 49
177 61
177 84
177 223
178 45
178 99
178 131
178 214
179 62
179 128
179 139
179 151
180 30
180 118
180 223
180 230
181 86
181 189
181 236
181 273
183 111
183 198
183 275
184 42
184 65
184 79
184 82
184 121
184 132
184 224
185 108
185 123
185 161
186 242
186 244
187 93
187 133
187 234
188 115
188 189
188 258
189 45
189 51
189 160
189 282
190 13
190 18
190 141
190 201
190 219
190 227
191 21
191 63
191 83
191 182
191 249
192 117
192 134
192 273
192 287
193 17
193 48
193 66
193 69
193 72
193 292
194 178
194 189
194 212
195 116
195 138
195 202
195 261
196 254
196 272
197 86
197 200
198 97
198 218
198 298
199 115
199 133
200 89
200 139
200 172
202 42
202 76
202 131
202 189
203 19
203 75
203 237
203 266
203 272
203 283
204 125
204 276
205 20
205 75
205 274
205 286
206 160
206 162
206 210
206 255
206 275
207 64
207 150
208 57
208 73
208 93
208 203
208 206
208 263
209 20
209 29
209 251
209 283
210 242
211 90
211 102
211 116
212 71
212 122
212 235
213 14
213 69
213 100
213 179
213 241
213 286
214 69
214 208
214 283
215 21
215 162
216 96
216 172
216 174
216 269
217 62
217 113
217 133
217 170
217 240
218 114
218 137
218 246
219 14
220 1
220 26
220 70
221 16
221 184
222 96
222 104
222 150
222 158
222 183
223 64
223 201
223 257
225 36
225 260
226 10
226 94
226 127
226 201
226 274
226 282
227 8
227 231
227 234
228 51
228 116
228 153
229 131
229 191
229 211
229 272
229 297
230 29
230 219
231 22
231 43
231 218
231 224
231 265
232 64
232 82
232 171
232 261
233 12
233 234
233 290
234 5
234 23
234 42
234 122
234 266
235 110
235 210
235 215
235 230
236 88
236 164
236 167
236 204
236 220
237 81
237 117
237 132
238 80
239 190
239 197
240 32
240 43
240 176
240 299
241 231
241 266
242 161
243 75
243 124
243 132
244 13
244 141
244 282
245 23
245 35
245 44
245 157
245 175
245 261
245 279
246 120
246 151
246 168
247 34
247 95
247 176
247 236
248 11
248 78
248 103
248 145
248 280
248 284
249 13
250 91
250 137
250 179
250 264
251 78
251 223
251 254
251 296
252 17
252 99
252 121
253 31
253 42
253 84
253 90
253 155
254 10
254 28
254 105
254 126
254 150
255 9
255 173
255 189
256 109
256 300
257 129
258 48
258 66
258 237
259 139
259 184
259 199
260 26
260 273
261 50
261 142
261 173
261 222
262 241
263 73
264 278
265 42
265 201
265 260
266 28
266 175
266 222
266 257
267 82
267 292
268 78
268 118
268 174
268 203
269 117
269 240
270 109
270 206
270 218
271 24
271 35
271 39
271 60
271 127
271 172
271 235
272 53
272 158
273 87
273 152
273 169
273 171
273 193
273 265
274 26
274 202
274 218
274 273
274 285
275 40
275 263
276 23
276 69
276 110
276 132
276 198
276 262
276 278
276 281
277 4
277 126
277 133
277 210
277 257
278 85
278 158
278 189
279 78
279 115
279 158
279 186
280 21
280 75
280 239
280 266
281 2
282 8
282 108
282 164
283 44
284 18
284 32
284 102
284 203
285 9
285 42
285 60
285 288
286 149
286 265
286 273
287 151
288 142
288 212
288 250
289 160
289 202
289 212
289 287
289 293
290 13
290 73
290 254
291 69
291 87
291 198
291 207
291 259
292 31
292 222
292 284
293 51
293 123
293 209
294 21
294 36
294 37
294 83
294 110
294 168
294 239
295 81
295 114
295 146
295 286
295 290
295 292
296 14
296 110
296 124
297 206
297 222
298 22
298 117
298 210
299 233
299 255
299 262
300 118
300 122
300 148
300 184
300 194

