150 750
61 41 89 105 64 111 68 74 72 79 28 94 63 44 106 41 110 117 96 90 102 100 101 47 92 30 71 43 58 28 40 49 58 76 23 102 88 99 82 44 81 86 43 74 44 116 43 80 52 20 70 106 51 85 90 110 105 44 93 105 32 49 119 115 96 66 49 85 51 98 109 78 91 38 60 84 91 103 113 27 27 68 67 103 107 22 26 116 93 46 22 89 21 67 63 48 84 51 68 53 56 107 37 26 60 74 59 81 23 83 85 28 56 107 41 42 102 47 96 104 105 41 108 44 42 31 89 25 68 111 51 87 59 40 84 108 32 42 25 66 104 49 47 85 117 24 88 62 60 26 
1 123
2 3
2 10
2 23
2 26
2 40
2 87
2 90
2 107
2 113
2 122
2 140
3 43
3 72
3 91
3 102
4 6
4 70
4 109
4 136
5 13
5 22
5 55
5 97
5 105
5 132
5 133
5 140
6 5
6 9
6 11
6 16
6 30
6 135
6 137
6 138
6 147
7 3
7 89
7 92
8 21
8 42
8 75
8 98
8 111
8 146
9 56
9 57
9 85
9 102
9 104
9 109
9 149
10 23
10 59
10 70
10 77
10 85
10 150
11 47
11 57
11 90
11 115
11 120
11 147
12 21
12 81
12 87
12 98
12 126
13 18
13 54
13 103
14 9
14 38
14 53
14 89
14 91
14 94
14 115
14 144
15 31
15 45
15 46
15 66
15 146
16 9
16 82
16 108
17 60
17 71
17 75
18 17
18 82
18 99
18 135
19 5
19 24
19 67
19 83
19 84
19 120
20 1
20 34
21 2
21 23
21 128
22 19
22 36
22 93
23 4
23 11
23 49
23 94
23 105
23 120
23 131
24 81
24 141
25 37
25 85
26 23
26 59
26 65
27 29
27 45
27 72
27 80
27 102
28 44
28 62
28 65
28 77
28 86
28 88
28 92
29 22
29 34
29 50
29 78
29 82
29 117
29 132
30 41
30 55
30 114
31 30
31 32
31 79
31 107
31 112
31 127
32 19
32 53
32 144
32 149
33 2
33 4
33 63
33 95
33 105
33 117
33 144
34 25
34 62
34 77
34 79
35 7
35 33
35 53
35 65
35 82
35 126
35 146
36 27
36 52
36 125
36 138
36 147
37 95
37 117
37 120
37 140
38 19
38 52
38 96
38 105
38 108
39 17
39 19
39 48
39 64
39 83
39 133
40 6
40 16
40 41
40 45
40 53
40 58
40 103
40 124
41 62
41 67
41 74
41 84
41 104
41 118
41 123
42 74
42 75
42 89
42 102
43 12
43 26
43 106
43 116
43 135
43 139
43 148
44 50
44 80
45 4
45 77
45 99
45 109
45 122
46 12
46 32
46 39
47 8
47 73
47 85
47 103
47 112
47 124
47 148
48 28
48 120
49 67
49 92
49 110
49 134
49 138
50 113
50 128
50 132
51 84
51 89
51 102
51 143
51 145
52 31
52 39
52 57
52 119
52 144
53 4
53 45
53 87
53 95
53 136
54 8
54 33
54 51
54 55
54 103
55 45
56 75
56 135
56 149
57 12
57 66
57 93
57 143
58 46
58 81
58 100
58 127
59 38
59 42
59 85
60 34
60 35
60 54
60 116
60 117
60 132
60 142
61 3
61 5
61 52
61 67
61 80
61 95
61 117
61 132
61 136
62 30
62 31
62 48
62 53
62 58
62 101
62 130
62 140
63 23
63 40
63 87
63 104
63 106
63 129
63 136
64 37
64 56
64 66
64 77
64 91
64 92
65 30
65 31
65 84
65 109
65 123
65 149
66 10
66 32
66 149
67 11
67 21
67 25
67 45
67 83
67 107
67 112
67 124
68 26
68 42
68 134
69 41
69 68
69 98
69 135
70 43
70 62
70 83
70 90
70 144
71 40
71 100
72 7
72 13
72 16
72 21
72 28
72 61
72 80
73 41
73 44
73 87
73 121
74 2
74 11
74 23
74 37
74 88
74 100
75 29
75 36
75 63
75 87
75 95
75 107
75 127
75 128
75 130
75 140
76 52
76 61
76 68
76 81
76 107
76 113
77 25
77 32
77 33
77 48
77 74
77 75
77 102
77 110
77 114
77 148
78 95
79 1
79 38
79 150
80 29
80 33
80 37
80 38
80 45
80 49
80 109
81 57
81 89
81 107
81 109
81 135
81 141
81 142
82 9
82 87
82 135
82 144
82 148
83 2
83 6
83 42
83 51
83 71
83 75
83 89
83 146
84 50
84 91
84 149
85 17
85 29
85 49
85 106
85 131
85 139
86 13
86 27
86 89
86 122
87 7
87 37
87 51
87 54
88 5
88 30
88 36
88 61
88 99
88 143
89 28
89 59
89 100
89 126
89 149
90 26
90 89
90 124
90 139
90 150
91 87
91 94
91 106
91 111
92 24
92 47
92 76
92 105
92 133
92 148
93 2
93 5
93 50
93 78
93 99
93 119
93 147
94 56
94 71
94 101
94 126
95 9
95 16
95 35
96 11
96 32
96 36
96 43
96 58
96 85
96 109
96 114
96 116
97 59
97 80
97 85
97 106
98 35
98 40
98 65
98 77
99 9
99 10
99 26
99 87
99 102
99 130
99 135
99 136
100 32
100 52
100 55
100 83
100 102
101 63
101 80
101 90
101 132
102 4
102 39
102 82
102 88
102 129
102 135
103 78
103 81
103 87
103 110
103 117
103 124
103 132
104 31
104 36
104 127
105 62
105 75
105 100
105 118
106 1
106 102
106 140
107 50
107 94
107 134
108 51
108 71
108 116
108 123
108 137
108 139
108 149
109 34
109 47
109 75
109 110
110 38
110 44
110 66
110 95
110 114
110 146
111 49
111 62
111 116
112 46
112 49
112 58
112 81
112 99
112 100
112 123
112 134
113 61
113 115
113 132
114 4
114 11
114 26
114 89
115 32
115 82
115 142
116 20
116 83
116 130
117 18
117 48
117 59
117 69
117 110
117 116
118 61
118 91
118 95
118 96
118 103
118 113
118 134
119 49
119 67
119 69
119 85
119 87
119 95
119 101
119 126
120 29
120 43
120 47
120 69
120 73
120 121
120 135
120 142
121 30
121 41
121 51
121 57
121 83
121 110
121 112
122 10
122 42
122 51
122 81
122 101
122 115
122 150
123 40
123 47
123 52
123 94
124 35
124 37
124 94
124 111
124 135
124 141
125 38
125 45
125 77
125 92
125 120
126 32
126 37
126 57
126 92
127 5
127 22
127 93
127 129
128 31
128 49
128 96
128 141
129 23
129 57
129 65
129 126
130 21
130 58
130 60
130 83
130 150
131 36
131 99
131 118
131 149
132 3
132 110
132 134
133 27
133 56
133 116
133 122
134 14
134 54
134 58
134 129
134 141
135 1
135 26
135 147
136 18
136 38
136 55
136 64
136 76
136 78
136 81
136 97
136 116
137 91
137 106
137 119
137 136
138 13
138 127
139 8
139 149
140 54
140 127
141 36
141 62
141 95
141 106
141 123
141 145
142 3
142 15
142 39
142 46
142 82
142 87
142 116
142 131
142 146
143 9
143 127
144 25
144 58
144 107
145 21
145 87
145 117
145 138
145 143
146 5
146 19
146 25
146 28
146 86
146 105
147 22
147 45
147 72
147 90
147 103
147 113
147 118
148 51
148 68
148 98
148 101
148 106
148 132
149 39
149 57
149 71
149 106
150 7
150 43
150 76

