300 500
110 91 98 42 101 114 100 23 73 82 48 89 102 69 80 53 68 80 25 116 62 51 61 27 70 105 71 34 90 115 108 58 50 55 69 120 109 31 41 101 58 60 76 68 61 118 57 84 31 85 23 44 38 33 96 106 101 95 103 90 86 50 117 104 44 25 31 118 84 23 93 66 50 95 87 23 86 94 80 52 81 59 69 120 80 112 104 53 66 66 29 63 105 60 61 85 53 59 52 71 59 25 111 67 74 120 116 102 60 72 87 119 55 40 81 75 47 95 49 118 64 53 46 28 32 30 37 44 22 28 28 104 73 111 105 106 76 20 65 41 112 23 71 21 102 51 80 82 118 47 90 112 38 34 101 74 104 21 70 95 40 50 30 67 106 77 27 54 37 46 28 59 105 20 42 90 116 111 111 48 54 87 58 25 108 115 103 93 41 38 47 94 58 104 49 30 57 74 69 57 94 66 74 79 110 108 101 85 91 112 83 39 79 110 33 104 103 77 23 90 98 22 23 51 113 101 113 95 50 105 87 88 60 118 87 65 62 46 32 92 91 114 72 118 65 118 25 77 109 65 102 116 93 66 120 34 88 74 54 64 107 51 87 84 81 42 115 83 49 21 42 75 61 41 69 72 91 95 116 89 42 107 76 38 40 67 78 99 21 58 105 36 61 55 116 26 51 31 32 80 
1 141
1 197
1 212
1 234
2 23
3 80
3 106
3 107
3 153
3 291
3 300
4 214
4 219
5 7
5 241
6 284
7 57
7 231
8 204
9 213
9 279
10 19
10 22
10 175
10 189
10 245
11 152
11 203
12 163
13 12
13 129
14 12
14 154
15 5
15 40
15 166
15 183
15 272
16 113
16 277
17 162
18 12
18 210
18 276
19 128
20 125
20 258
21 113
21 122
22 5
22 139
25 82
25 154
25 195
27 289
28 51
28 270
30 14
30 64
31 74
31 124
31 174
31 228
32 27
32 62
32 96
34 113
34 133
34 173
34 277
35 162
35 240
37 92
37 126
38 173
38 212
40 75
40 100
41 168
42 84
42 185
42 251
42 295
44 55
45 300
46 130
47 159
47 281
48 186
48 250
48 266
49 35
50 231
51 75
51 164
55 72
56 81
57 157
57 289
58 37
58 56
58 182
59 231
60 97
61 153
61 272
62 18
62 161
62 203
62 236
63 36
63 97
63 123
63 175
63 185
63 194
63 245
64 38
64 173
65 106
65 290
66 21
66 169
66 182
66 223
66 259
67 220
67 246
68 71
68 125
69 150
69 168
69 249
70 274
71 106
72 129
72 182
73 35
73 146
73 148
74 77
74 199
75 56
75 88
75 158
75 227
76 154
77 73
77 190
78 143
79 23
79 72
80 87
82 132
82 142
83 193
84 245
85 4
85 49
85 73
85 275
86 188
87 45
87 177
87 241
89 209
90 59
90 202
91 84
93 124
93 155
93 275
94 53
94 150
95 46
95 248
96 143
96 165
96 254
97 1
97 135
98 40
98 43
98 278
99 29
99 118
100 233
101 217
102 130
102 241
103 11
104 261
106 116
106 223
108 165
108 216
109 203
109 259
110 17
110 200
110 227
110 232
110 296
111 250
112 47
112 51
112 276
114 121
114 199
114 212
115 121
115 274
116 44
116 77
116 164
117 91
117 142
118 114
119 296
120 102
121 131
121 134
121 220
121 289
122 99
122 265
123 105
123 114
123 191
124 17
125 189
126 185
126 218
126 234
126 254
128 66
129 37
129 81
132 13
132 113
132 156
133 258
135 218
136 107
137 37
137 284
138 166
139 234
140 45
140 65
140 138
140 210
141 230
142 80
142 150
143 87
143 190
143 211
146 197
146 215
147 159
148 40
148 277
150 51
150 248
152 89
153 76
155 260
156 280
157 92
158 47
159 99
160 30
160 93
160 97
161 38
161 199
161 252
162 266
163 187
163 274
164 181
166 29
166 199
167 31
167 43
167 61
167 104
168 136
169 94
169 111
170 130
171 300
172 12
172 94
172 223
173 246
175 191
175 292
176 43
176 75
176 115
176 286
177 74
177 234
178 32
178 142
178 192
179 71
179 213
179 230
179 255
181 4
181 130
181 203
182 13
184 31
184 121
184 197
184 259
185 275
186 121
186 191
187 30
187 34
188 89
189 75
189 82
191 114
191 270
192 144
192 294
193 39
194 260
196 91
196 159
196 232
197 80
197 114
197 165
198 28
198 168
199 139
199 269
201 259
202 124
202 197
203 2
203 101
203 288
204 45
205 102
205 250
207 181
207 251
208 39
209 159
209 218
210 4
210 51
210 120
210 206
210 257
212 41
212 100
212 116
214 67
214 118
214 161
214 198
215 24
217 8
217 40
217 120
217 221
219 30
219 213
221 176
221 201
221 279
222 189
223 186
224 213
225 199
226 39
226 193
226 239
226 293
228 164
229 42
230 69
230 233
231 27
231 107
231 118
231 160
232 10
233 4
233 25
234 265
235 169
236 126
236 186
238 271
239 17
239 169
240 102
240 155
242 165
243 278
244 68
244 150
244 233
244 270
245 5
245 12
245 129
245 231
246 206
246 258
248 10
249 183
249 243
250 72
250 224
252 272
253 159
254 124
254 196
255 12
255 247
255 283
256 186
256 240
257 81
257 118
257 150
257 192
259 205
260 107
260 151
262 42
262 146
262 293
263 201
264 85
264 214
265 40
265 74
265 196
265 209
269 129
269 266
271 154
272 123
272 226
273 9
273 11
273 40
273 52
273 293
274 64
275 20
276 3
276 250
277 118
277 236
278 231
279 103
279 300
280 148
282 162
283 240
284 4
284 95
286 114
287 174
287 269
288 164
289 160
289 168
289 173
289 247
289 264
290 293
291 4
291 27
291 91
292 104
292 183
293 26
293 178
294 174
295 244
297 35
297 165
297 203
298 144
299 68
299 219

