300 500
32 93 40 83 74 56 23 117 68 73 66 80 49 21 20 38 75 92 42 77 84 57 48 53 89 41 83 75 71 78 108 95 108 86 43 78 26 80 112 57 70 113 73 113 106 117 106 65 36 21 104 28 71 48 46 27 20 73 96 80 49 35 111 101 97 22 37 47 20 46 67 98 100 42 42 90 96 68 52 106 106 28 30 78 116 81 23 104 111 81 100 37 86 39 84 40 89 117 31 80 77 46 70 71 59 102 86 69 41 66 61 88 70 58 38 105 59 64 111 34 35 85 40 35 76 93 52 36 55 76 66 58 31 56 21 76 44 31 112 20 110 104 50 118 47 53 91 42 52 78 38 46 62 79 33 52 117 26 62 68 23 61 37 35 94 38 119 80 20 31 44 36 54 76 70 100 93 53 71 119 93 115 84 34 91 39 49 35 28 100 103 69 112 76 45 61 92 20 22 33 63 25 78 41 74 43 44 104 23 89 79 52 23 69 96 110 52 83 63 97 69 38 80 119 66 44 60 82 30 83 112 29 29 78 56 52 74 22 27 120 53 52 73 84 118 38 68 100 68 105 47 76 32 21 98 20 46 42 20 116 73 93 30 101 111 32 63 46 114 99 89 46 96 92 24 55 112 94 29 106 48 47 20 82 108 48 96 43 45 56 35 87 76 97 100 75 119 21 32 84 
1 136
1 146
1 195
1 233
1 253
1 264
3 10
4 300
5 17
5 279
6 208
6 226
7 193
8 57
8 246
9 55
10 110
10 142
10 226
11 143
11 168
11 294
13 99
13 112
14 83
14 248
15 145
16 139
16 207
17 87
18 4
18 202
19 35
19 39
20 95
21 35
22 98
22 126
25 195
26 106
29 164
30 122
30 247
31 170
32 87
32 181
32 295
33 5
33 169
35 205
37 32
37 211
40 21
40 84
40 243
41 4
41 59
41 150
42 138
42 224
43 221
44 154
44 247
45 199
46 51
46 66
46 94
47 68
47 192
48 12
48 186
51 92
52 255
52 296
53 27
53 296
55 2
55 189
56 105
56 120
56 152
56 245
57 100
57 132
59 10
59 247
60 275
61 5
61 24
63 220
65 56
65 66
67 38
67 72
67 188
68 6
68 48
69 126
69 289
70 246
71 66
71 92
71 183
72 124
72 283
73 271
74 94
74 126
74 148
76 41
76 116
77 104
78 14
78 259
79 67
79 88
81 62
81 226
82 46
85 10
85 125
85 167
87 155
88 14
88 53
88 250
89 188
90 70
91 42
91 193
92 190
92 270
96 64
96 234
96 247
99 46
99 101
99 133
99 162
99 184
103 59
103 128
103 147
103 199
104 100
104 155
105 81
105 82
105 274
107 42
107 83
109 39
109 134
110 7
111 70
111 101
111 173
112 256
113 88
113 124
114 50
115 35
115 66
116 278
117 28
118 19
118 108
118 272
119 165
119 220
119 225
120 160
120 263
122 209
123 165
123 258
124 82
124 127
127 88
128 50
128 134
129 229
129 284
129 289
129 294
130 98
132 103
132 118
133 27
133 47
133 130
134 204
135 157
136 236
136 275
137 73
139 51
139 259
139 283
141 59
142 127
143 75
143 108
144 67
146 235
147 17
147 92
147 271
147 282
149 40
149 43
149 78
149 85
149 183
150 66
150 274
151 56
152 116
152 149
152 168
152 181
152 236
153 7
153 37
153 113
153 279
155 154
155 179
155 255
156 65
157 63
157 88
158 252
160 154
160 216
160 283
161 204
162 109
163 112
163 151
163 175
163 290
164 71
164 270
166 59
166 107
166 167
167 96
168 151
169 2
169 214
170 95
171 291
172 1
172 34
172 207
172 215
173 47
173 250
174 46
174 188
174 248
174 281
175 177
176 98
176 120
176 179
176 274
176 293
178 48
178 95
178 107
179 49
179 71
180 69
181 11
182 43
182 168
182 180
183 136
184 96
184 258
185 204
185 277
186 138
186 159
186 272
187 44
187 291
188 102
188 112
188 118
188 299
189 300
190 8
190 179
191 83
192 98
192 246
192 271
192 280
193 35
194 43
194 58
194 184
195 4
196 195
197 148
197 174
197 281
198 251
199 150
201 95
201 105
202 50
202 179
202 237
203 3
203 16
203 67
203 156
203 206
204 196
204 198
204 279
205 128
205 265
206 117
207 55
207 123
208 83
209 119
210 100
210 110
211 81
211 121
211 226
212 15
212 281
213 49
213 170
213 212
213 226
214 21
214 148
214 215
214 272
216 100
216 127
216 276
217 141
217 290
219 120
219 228
219 255
219 258
220 126
221 141
221 189
222 55
222 77
222 174
223 44
223 68
224 250
225 17
225 153
225 184
226 166
227 282
228 63
229 62
230 207
230 251
231 2
231 50
232 291
234 55
234 214
234 254
235 165
235 258
235 280
236 29
236 276
237 91
237 152
237 211
237 258
238 188
238 232
239 94
239 290
239 291
240 123
240 129
240 239
241 31
243 38
243 150
244 15
245 264
247 178
247 190
247 238
248 10
248 136
249 30
249 97
250 2
250 57
251 121
252 193
252 285
253 88
253 213
254 72
254 248
255 242
256 45
256 82
256 269
256 290
257 76
260 39
260 180
261 72
261 140
261 262
262 166
263 147
263 197
263 201
263 295
264 285
266 103
266 224
267 127
268 85
268 196
268 282
269 221
269 234
269 240
270 6
270 190
270 265
273 237
274 184
275 19
275 153
276 237
276 250
276 277
277 78
279 247
279 289
280 165
280 173
280 291
281 101
281 191
281 260
281 286
282 88
283 229
285 145
286 56
287 14
287 243
287 254
289 135
289 212
289 215
289 260
290 2
290 141
290 278
292 269
293 13
293 188
293 255
294 10
294 35
294 226
294 256
295 106
295 112
295 179
295 284
296 20
297 10
297 25
297 211
298 235
299 115
299 127
299 141
299 168
300 176

