150 1000
111 120 67 45 27 58 21 55 84 117 106 32 112 33 45 49 82 87 118 54 109 29 104 45 84 29 117 85 38 73 78 83 115 83 52 50 51 91 31 51 88 108 118 39 104 42 113 98 42 94 71 78 43 118 84 93 71 43 23 76 78 109 79 115 82 30 77 49 108 82 55 101 58 95 50 23 45 33 106 22 74 82 71 118 59 38 95 118 21 47 91 88 34 119 54 94 31 33 49 22 109 48 74 82 94 55 49 112 82 22 63 35 98 72 78 37 107 60 87 106 91 77 77 67 68 33 85 96 80 65 118 44 63 51 104 78 78 36 32 47 110 47 109 52 72 63 118 30 72 96 
1 4
1 40
1 75
1 83
1 113
1 115
2 43
2 53
2 102
2 103
3 17
3 29
3 85
3 87
3 100
3 101
3 117
4 26
4 44
4 79
4 119
5 50
5 54
5 68
5 84
5 100
5 104
5 108
5 123
5 124
5 142
5 144
6 3
6 50
6 58
6 100
6 116
6 134
7 9
7 39
7 95
7 145
7 149
8 60
8 79
8 80
8 98
8 99
8 117
8 119
8 124
9 26
9 38
9 59
9 68
9 81
9 86
9 109
9 116
9 118
9 127
9 137
9 140
10 40
10 51
10 64
10 88
11 13
11 30
11 60
11 102
11 108
11 112
11 146
12 67
12 83
12 91
12 99
12 113
12 123
13 100
13 112
14 59
14 80
14 81
14 86
14 150
15 31
15 38
15 69
15 73
15 78
15 103
15 109
15 111
15 140
16 9
16 73
16 92
16 101
16 127
16 130
16 146
16 150
17 10
17 95
17 111
17 115
18 34
18 47
18 51
18 52
18 55
18 69
18 71
18 76
18 84
18 105
19 17
19 21
19 58
19 76
19 87
19 144
20 9
20 66
20 123
20 129
20 145
21 2
21 5
21 97
21 112
21 135
22 26
22 72
22 90
22 104
22 120
22 146
22 149
23 10
23 37
23 38
23 54
23 75
23 84
23 89
23 115
23 117
23 146
24 32
24 45
24 46
24 131
24 145
25 10
25 17
25 55
25 97
25 108
26 60
26 88
26 103
27 31
27 64
27 65
27 135
28 30
28 37
28 87
28 91
28 94
28 100
29 33
29 39
29 68
29 79
29 99
29 121
29 132
30 18
30 39
30 146
31 21
31 55
31 59
31 86
31 105
31 118
32 8
32 30
32 33
32 45
32 68
32 123
33 11
33 49
33 121
33 127
34 9
34 23
34 28
34 33
34 52
34 69
34 95
34 99
34 115
35 36
35 55
35 77
35 80
35 114
35 128
35 132
36 37
36 38
36 39
36 87
36 107
37 34
37 53
37 62
37 87
37 105
37 116
38 13
38 57
38 62
38 108
38 114
38 150
39 5
39 38
39 89
39 97
39 129
40 17
40 23
40 44
40 56
40 85
40 97
40 140
41 5
41 12
41 62
41 79
41 86
41 112
42 4
42 64
42 73
42 93
43 23
43 24
43 28
43 30
43 42
43 57
43 100
43 128
43 137
44 10
44 27
44 38
44 42
44 58
44 62
44 91
44 95
44 132
44 142
45 33
45 38
45 53
45 58
45 61
45 69
45 80
45 83
45 143
46 17
46 65
46 74
46 125
47 7
47 12
47 14
47 67
47 79
47 82
47 117
48 12
48 25
48 29
48 30
48 45
48 46
48 117
48 126
48 127
48 134
48 150
49 50
49 94
49 97
49 99
49 101
49 123
49 124
49 142
50 26
50 62
50 67
50 105
50 115
50 130
50 149
51 3
51 8
51 17
51 21
51 71
51 130
52 14
52 40
52 59
52 82
52 93
52 129
53 11
53 13
53 28
53 32
53 52
53 66
53 67
53 89
53 103
53 123
53 139
53 141
54 4
54 59
54 81
54 94
54 96
54 137
55 28
55 41
55 78
55 88
55 97
55 103
55 114
55 137
56 7
56 17
56 18
56 35
56 67
56 79
56 85
56 88
56 105
56 144
57 23
57 76
57 117
57 118
57 121
57 132
58 37
58 47
58 66
58 98
59 6
59 10
59 29
59 40
59 65
59 90
59 103
59 121
59 123
59 124
59 147
60 3
60 13
60 29
60 42
60 46
60 110
60 121
61 20
61 22
61 25
61 32
61 34
61 39
61 94
62 14
62 24
62 68
62 79
62 99
62 117
63 14
63 15
63 23
63 33
63 49
63 86
63 144
64 9
64 15
64 22
64 29
64 32
64 40
64 51
64 98
65 44
65 93
65 101
65 118
65 125
65 144
66 22
66 49
66 82
66 94
66 112
67 21
67 30
67 65
67 79
67 87
67 135
68 3
68 22
68 24
68 95
68 100
68 143
69 75
69 81
69 88
69 98
69 143
69 148
70 5
70 35
70 45
70 117
70 131
71 7
71 19
71 25
71 31
71 79
71 126
71 128
71 132
71 142
72 24
72 62
72 71
72 74
72 95
73 106
73 109
73 146
74 4
74 13
74 54
75 29
75 53
75 59
75 79
75 119
76 17
76 45
76 101
76 128
76 130
76 139
77 36
77 51
77 91
78 19
78 42
78 96
78 105
78 107
79 18
79 26
79 54
79 76
79 83
79 96
79 104
79 121
79 132
79 144
80 68
80 73
80 104
80 116
80 124
80 134
80 144
81 23
81 26
81 44
81 56
81 64
81 71
81 128
82 2
82 3
82 10
82 31
82 38
82 61
82 109
83 25
83 44
83 92
83 102
83 112
83 138
84 24
84 34
84 61
84 64
84 71
84 73
84 90
84 96
85 25
85 46
85 59
85 127
85 133
85 147
86 49
86 91
86 99
86 150
87 22
87 27
87 47
87 51
87 86
87 96
87 124
87 144
87 145
88 84
88 115
88 135
88 144
89 1
89 17
89 36
89 50
89 113
89 117
89 119
89 127
89 140
89 150
90 7
90 13
90 43
90 110
90 120
91 16
91 83
91 90
91 113
91 120
91 130
92 4
92 84
92 101
92 111
92 122
92 147
93 39
93 45
93 60
93 72
93 77
93 79
93 95
93 114
93 121
93 139
93 147
94 48
94 57
94 76
94 82
94 86
94 90
94 150
95 16
95 19
95 50
95 91
95 101
95 117
95 125
95 134
95 141
95 146
96 3
96 29
96 56
96 58
96 82
96 92
96 105
96 108
96 116
96 123
96 132
96 135
97 12
97 42
97 45
97 52
97 78
97 109
97 117
98 16
98 27
98 31
98 73
98 79
98 87
98 108
98 126
98 148
99 37
99 83
99 100
99 137
100 14
100 20
100 49
100 90
101 12
101 30
101 50
101 115
101 134
101 141
101 145
102 8
102 78
102 89
102 96
102 97
102 103
102 114
102 120
102 125
102 140
103 4
103 31
103 128
103 139
103 142
104 1
104 16
104 31
104 54
104 83
104 105
104 112
104 121
104 132
104 145
105 23
105 40
105 62
105 72
105 76
105 77
105 110
106 1
106 6
106 60
106 65
107 6
107 27
107 63
107 79
107 80
107 85
107 93
107 122
107 127
108 4
108 13
108 34
108 49
108 57
108 72
108 95
108 120
109 3
109 31
109 122
110 1
110 21
110 48
110 93
110 95
110 140
111 2
111 54
111 85
111 86
111 106
112 37
112 98
112 128
112 131
112 134
113 15
113 25
113 44
113 48
113 59
113 71
113 73
113 114
114 6
114 12
114 18
114 56
114 76
114 105
114 112
114 116
114 122
115 16
115 19
115 81
115 106
115 108
115 122
116 12
116 74
116 87
116 145
117 35
117 60
117 74
117 98
117 123
117 124
118 2
118 73
118 75
118 94
118 137
119 77
119 105
119 106
119 134
119 145
120 8
120 39
120 78
120 81
120 112
121 9
121 13
121 15
121 25
121 32
121 49
121 130
121 135
121 137
122 23
122 38
122 52
122 110
122 112
122 132
122 135
122 148
123 25
123 27
123 29
123 61
123 67
123 92
123 99
123 129
123 133
123 141
124 36
124 44
124 47
124 101
124 110
124 135
125 10
125 20
125 36
125 49
125 50
125 60
125 68
125 78
125 85
125 88
125 93
125 118
125 128
126 31
126 44
126 75
126 97
126 103
126 107
127 29
127 37
127 42
127 52
127 65
127 108
128 5
128 22
128 23
128 28
128 31
128 53
128 64
128 65
128 78
128 86
128 95
128 98
128 106
128 113
128 115
128 127
128 142
129 61
129 70
129 80
129 102
129 145
130 6
130 14
130 27
130 40
130 92
131 10
131 13
131 21
131 29
131 30
131 35
131 45
131 51
131 91
131 97
131 120
132 10
132 61
132 84
132 85
132 99
132 129
132 144
133 16
133 20
133 44
133 77
133 90
133 92
133 104
133 117
133 126
133 136
133 139
134 33
134 55
134 85
134 86
134 88
134 105
134 110
134 123
135 13
135 28
135 49
135 50
135 125
136 10
136 12
136 33
136 42
136 82
136 84
137 27
137 51
137 52
137 98
137 136
138 10
138 12
138 31
138 36
138 40
138 51
138 61
138 101
138 109
138 130
139 25
139 27
139 85
139 121
139 124
139 137
140 10
140 25
140 47
140 105
140 122
140 143
141 12
141 27
141 45
141 60
141 77
141 96
141 112
141 124
142 6
142 10
142 12
142 24
142 38
142 59
142 86
142 107
142 138
143 38
143 43
143 48
143 83
143 84
143 97
144 120
144 135
144 145
145 38
145 86
145 90
145 107
145 108
145 111
146 13
146 60
146 61
146 112
146 118
147 8
147 26
147 32
147 35
147 61
147 88
147 139
148 53
148 115
148 131
149 134
149 145
149 148
150 23
150 26
150 52
150 56
150 84
150 96
150 110

