300 3000
36 75 20 30 51 102 30 51 84 27 42 104 23 46 27 35 73 45 80 100 32 21 54 110 51 20 104 101 92 60 91 32 66 35 94 36 112 120 34 22 81 111 28 77 94 86 87 77 48 108 93 107 36 25 42 107 100 30 22 84 43 52 65 100 57 48 85 78 69 50 27 52 109 51 110 24 120 69 47 94 25 88 75 25 51 65 111 80 34 72 114 107 92 55 117 45 25 62 69 66 51 116 44 38 50 59 94 82 90 115 47 53 49 78 24 54 85 44 77 61 24 60 21 32 112 100 32 45 92 83 113 115 105 28 99 74 59 87 33 75 111 35 80 105 70 60 75 92 50 78 82 97 82 43 25 72 35 79 119 108 65 23 117 26 110 91 98 116 59 87 57 58 112 54 118 82 50 116 58 53 91 34 58 68 114 83 100 117 118 86 71 25 27 86 53 62 39 81 71 99 113 30 78 88 71 24 41 63 69 45 29 23 52 118 119 80 108 24 62 37 120 119 110 56 113 116 97 74 37 52 114 98 58 114 94 54 46 36 96 74 57 94 55 73 54 86 60 97 61 81 88 110 42 46 69 113 31 64 100 75 59 103 48 83 35 74 24 112 110 98 113 77 103 111 101 45 42 35 39 98 20 69 29 99 41 94 84 46 29 83 93 96 68 69 45 69 83 58 109 119 
1 13
1 63
1 74
1 79
1 171
1 264
1 269
2 4
2 23
2 42
2 109
2 150
2 202
3 2
3 29
3 33
3 71
3 149
3 177
3 229
3 255
3 275
4 32
4 39
4 56
4 141
4 166
4 237
4 299
5 37
5 41
5 87
5 122
5 186
5 187
5 194
5 199
5 203
5 205
5 267
5 296
6 1
6 131
6 182
6 222
6 231
6 253
6 290
6 291
7 17
7 20
7 51
7 61
7 117
7 181
8 12
8 119
8 214
8 228
8 249
8 263
8 297
9 4
9 6
9 7
9 30
9 39
9 106
9 163
9 240
9 246
9 265
9 277
10 20
10 81
10 239
10 269
11 40
11 55
11 73
11 100
11 103
11 159
11 207
11 227
11 250
11 262
11 263
11 272
11 291
12 13
12 40
12 65
12 72
12 82
12 163
12 204
12 237
12 241
12 249
12 285
13 24
13 37
13 53
13 61
13 83
13 168
13 171
13 179
13 189
14 34
14 52
14 73
14 83
14 93
14 134
14 261
14 276
14 295
15 50
15 83
15 105
15 150
15 180
15 182
15 208
15 230
16 5
16 62
16 67
16 92
16 99
16 124
16 129
16 138
16 198
16 203
16 204
16 231
16 232
17 2
17 14
17 53
17 88
17 102
17 140
17 151
17 162
17 168
17 179
17 250
17 264
17 274
18 7
18 14
18 24
18 103
18 150
18 177
18 200
19 7
19 53
19 82
19 86
19 95
19 118
19 147
19 189
19 264
20 2
20 30
20 37
20 52
20 72
20 130
20 131
20 137
20 143
20 204
20 218
20 244
20 268
20 284
21 29
21 32
21 61
21 122
21 160
21 215
21 249
21 267
21 282
21 287
22 37
22 70
22 72
22 79
22 90
22 105
22 119
22 126
22 143
22 210
22 230
22 261
22 289
23 27
23 43
23 44
23 53
23 78
23 115
23 120
23 153
23 207
23 210
23 287
24 31
24 70
24 94
24 100
24 166
24 219
24 242
24 244
25 10
25 12
25 26
25 44
25 50
25 86
25 88
25 97
25 149
25 240
25 257
25 265
26 22
26 24
26 27
26 69
26 107
26 146
26 213
26 214
26 222
26 227
26 228
26 258
26 268
27 13
27 21
27 24
27 33
27 55
27 64
27 106
27 115
27 119
27 147
27 162
27 211
27 268
28 17
28 22
28 29
28 53
28 123
28 127
28 153
28 211
28 247
28 255
28 281
29 18
29 45
29 68
29 112
29 118
29 159
29 164
29 198
29 200
29 204
29 216
29 220
29 240
29 259
30 5
30 34
30 40
30 77
30 105
30 137
30 169
30 199
30 227
30 233
30 255
30 261
31 65
31 178
31 235
31 278
31 281
31 285
32 34
32 69
32 71
32 96
32 98
32 164
32 220
32 221
32 247
32 265
32 270
33 82
33 165
33 232
34 22
34 24
34 61
34 66
34 103
34 116
34 117
34 126
34 141
34 178
34 203
34 238
34 268
34 287
34 295
35 10
35 47
35 85
35 87
35 91
35 97
35 220
35 253
35 278
35 296
36 7
36 10
36 27
36 46
36 58
36 87
36 88
36 167
36 215
37 17
37 48
37 62
37 79
37 273
38 14
38 32
38 63
38 86
38 107
38 118
38 119
38 141
38 165
38 166
38 168
38 182
38 236
39 2
39 11
39 30
39 49
39 120
39 144
39 160
39 162
39 197
39 266
39 268
40 13
40 32
40 160
40 202
40 205
40 206
40 241
40 275
40 297
41 6
41 47
41 92
41 117
41 121
41 235
41 241
42 18
42 40
42 120
42 164
42 168
42 257
43 7
43 42
43 86
43 108
43 148
43 152
43 256
44 27
44 32
44 72
44 130
44 148
44 149
44 194
44 204
44 233
44 238
44 262
44 288
45 6
45 23
45 76
45 112
45 117
45 138
45 143
45 162
45 170
45 204
46 22
46 80
46 111
46 124
46 153
46 175
46 191
46 300
47 25
47 149
47 155
47 194
47 262
48 57
48 102
48 176
48 190
48 196
48 210
48 254
48 293
49 28
49 36
49 106
49 149
49 164
49 170
49 180
50 30
50 68
50 99
50 116
50 117
50 168
50 201
50 202
50 213
50 224
50 249
50 264
51 27
51 105
51 148
51 169
51 189
51 211
51 250
51 290
52 27
52 41
52 42
52 85
52 99
52 111
52 126
52 148
52 222
52 230
53 1
53 43
53 118
53 227
53 237
53 241
53 249
53 254
53 276
54 18
54 87
54 224
54 225
54 234
54 280
55 10
55 142
55 143
55 174
55 235
55 254
56 2
56 10
56 45
56 65
56 67
56 78
56 100
56 101
56 143
56 156
56 177
56 181
56 186
56 212
56 225
56 230
56 253
56 263
56 279
57 21
57 26
57 41
57 71
57 90
57 99
57 111
57 142
57 149
57 196
57 249
57 253
57 275
58 24
58 97
58 118
58 125
58 129
58 130
58 231
58 242
58 252
58 257
58 267
58 279
58 283
58 293
59 25
59 47
59 65
59 76
59 79
59 141
59 159
59 167
59 175
59 176
59 178
59 183
59 225
59 227
59 264
59 272
59 280
59 291
60 94
60 166
60 176
60 215
60 223
60 299
61 9
61 101
61 127
61 158
61 169
61 172
61 177
61 198
61 199
61 239
61 269
62 29
62 124
62 167
62 179
62 182
62 183
62 247
63 34
63 126
63 134
63 137
63 183
63 199
63 206
63 217
63 254
63 263
64 4
64 5
64 30
64 39
64 56
64 94
64 139
64 176
64 181
64 188
64 236
64 240
64 262
64 282
65 6
65 47
65 69
65 70
65 94
65 129
65 164
65 166
65 177
65 272
65 300
66 72
66 108
66 141
66 144
66 147
66 171
66 200
66 228
66 253
67 33
67 55
67 77
67 113
67 191
67 226
67 252
67 287
68 35
68 39
68 41
68 90
68 101
68 102
68 106
68 124
68 158
68 197
68 218
68 220
68 236
68 242
68 255
69 20
69 22
69 24
69 92
69 126
69 145
69 174
69 175
69 177
69 206
69 207
69 225
69 237
69 254
69 256
69 272
70 32
70 80
70 140
70 193
70 205
70 219
70 233
70 246
71 29
71 39
71 42
71 51
71 65
71 225
71 230
72 40
72 71
72 86
72 129
72 157
72 196
72 208
72 214
72 281
72 284
73 27
73 29
73 43
73 100
73 138
73 139
73 153
73 156
73 191
73 214
73 218
73 223
73 238
73 279
73 292
74 31
74 62
74 89
74 90
74 119
74 244
74 245
74 247
74 282
75 5
75 10
75 49
75 54
75 61
75 139
75 146
75 159
75 187
75 229
76 69
76 74
76 89
76 99
76 123
76 155
76 223
76 239
76 241
76 259
76 266
76 274
77 15
77 60
77 104
77 118
77 120
77 129
77 155
77 176
77 186
77 223
77 257
77 261
77 282
77 286
78 80
78 91
78 112
78 121
78 123
78 192
78 218
78 236
78 264
79 9
79 27
79 30
79 43
79 49
79 65
79 128
79 153
79 173
79 178
79 228
79 240
79 243
79 263
80 73
80 86
80 94
80 128
80 140
80 149
80 191
80 204
80 232
80 273
80 281
81 34
81 106
81 132
81 159
81 168
81 176
81 180
81 187
81 215
81 232
81 256
81 259
81 280
82 13
82 14
82 15
82 27
82 36
82 88
82 130
82 137
82 246
82 257
82 291
83 1
83 8
83 63
83 72
83 104
83 109
83 149
83 167
83 200
83 239
83 264
83 287
83 288
84 28
84 46
84 64
84 105
84 153
84 199
84 208
84 265
84 294
85 49
85 88
85 107
85 168
85 258
86 5
86 18
86 67
86 191
86 262
86 298
87 10
87 43
87 85
87 94
87 97
87 163
87 210
87 236
87 268
88 27
88 60
88 71
88 87
88 94
88 117
88 125
88 154
88 179
88 219
88 289
89 94
89 104
89 116
89 118
89 120
89 151
89 160
89 180
89 238
89 288
89 293
90 6
90 59
90 202
90 209
90 220
90 223
91 26
91 30
91 58
91 59
91 69
91 81
91 155
91 296
92 11
92 57
92 99
92 154
92 206
92 207
92 217
92 241
92 265
92 267
93 23
93 30
93 59
93 88
93 115
93 128
93 151
93 212
93 214
93 243
93 280
94 38
94 41
94 63
94 75
94 116
94 139
94 166
94 172
94 179
94 190
94 204
94 216
94 255
94 281
95 32
95 50
95 68
95 78
95 79
95 152
95 168
95 178
95 181
95 191
95 206
95 245
95 247
95 248
95 274
95 284
95 297
95 300
96 21
96 53
96 142
96 183
96 188
96 212
96 227
96 296
97 11
97 30
97 46
97 73
97 138
97 155
97 158
97 206
97 215
97 250
97 287
98 36
98 42
98 78
98 155
98 160
98 209
98 224
98 226
98 254
98 263
98 295
99 39
99 77
99 78
99 110
99 130
99 150
99 201
99 206
99 209
99 261
99 265
100 18
100 98
100 139
100 141
100 167
100 169
100 263
100 286
101 36
101 42
101 54
101 89
101 109
101 154
101 157
101 170
101 180
101 224
101 248
101 264
101 284
102 10
102 31
102 50
102 67
102 72
102 176
102 181
102 187
102 224
102 243
102 245
102 251
102 254
102 256
102 291
103 26
103 32
103 135
103 148
103 183
103 193
103 202
104 4
104 30
104 52
104 146
104 202
104 226
104 279
105 23
105 49
105 106
105 110
105 149
105 158
105 174
105 216
105 227
105 267
105 281
106 20
106 25
106 43
106 44
106 66
106 69
106 96
106 121
106 160
106 168
106 176
106 259
106 287
107 49
107 73
107 119
107 141
107 230
108 7
108 23
108 25
108 77
108 99
108 122
109 26
109 66
109 110
109 113
109 130
109 227
109 245
109 264
109 288
109 297
109 300
110 22
110 66
110 81
110 120
110 223
110 231
110 241
110 294
111 27
111 37
111 40
111 45
111 129
111 148
111 161
111 181
111 188
111 200
111 228
111 258
111 274
111 289
111 291
112 49
112 50
112 63
112 121
112 122
112 136
112 153
112 161
112 171
112 252
112 257
112 270
113 14
113 39
113 49
113 52
113 112
113 146
113 181
113 187
113 189
113 208
113 242
113 251
113 293
114 10
114 71
114 79
114 100
114 128
114 159
114 288
114 298
115 39
115 51
115 69
115 74
115 83
115 99
115 184
115 187
115 203
115 212
115 213
115 221
115 241
115 254
115 263
116 27
116 39
116 53
116 103
116 110
116 118
116 209
117 14
117 26
117 53
117 71
117 109
117 116
117 118
117 156
117 212
117 231
117 271
118 5
118 27
118 69
118 70
118 71
118 72
118 79
118 162
118 171
118 259
118 280
118 283
119 1
119 12
119 18
119 142
119 148
119 186
119 189
119 200
119 209
119 238
119 243
119 298
120 2
120 11
120 21
120 51
120 72
120 115
120 139
120 147
120 164
120 165
120 220
120 265
120 269
120 274
121 13
121 35
121 47
121 51
121 61
121 86
121 93
121 137
121 139
121 211
121 231
121 262
121 270
121 277
121 279
122 34
122 73
122 147
122 151
122 153
122 160
122 219
122 240
122 245
123 17
123 42
123 109
123 139
123 193
123 233
124 1
124 25
124 42
124 81
124 150
124 179
124 210
124 212
125 5
125 42
125 47
125 83
125 102
125 108
125 119
125 122
125 130
125 139
125 153
125 200
125 296
126 31
126 36
126 102
126 145
126 168
126 204
126 246
126 251
126 256
126 278
126 296
127 6
127 12
127 21
127 23
127 71
127 94
127 134
127 137
127 158
127 212
128 44
128 73
128 144
128 165
128 183
128 232
128 241
128 263
128 265
129 52
129 57
129 93
129 117
129 142
129 144
129 151
129 163
129 176
129 228
129 231
129 247
130 34
130 116
130 188
130 206
130 226
130 227
130 250
130 253
130 276
131 19
131 23
131 53
131 64
131 125
131 180
131 211
131 243
131 248
131 284
132 7
132 24
132 68
132 79
132 119
132 140
132 148
132 187
132 288
133 8
133 15
133 37
133 70
133 152
133 185
133 213
133 255
133 280
134 97
134 109
134 113
134 153
134 156
134 224
134 245
134 249
134 281
134 293
135 21
135 58
135 66
135 73
135 100
135 110
135 141
135 179
135 194
135 196
135 210
135 248
136 2
136 42
136 59
136 60
136 82
136 129
136 139
136 150
136 239
136 279
136 290
136 295
137 2
137 5
137 64
137 74
137 192
137 210
137 236
137 250
137 280
137 283
137 285
137 298
137 300
138 56
138 64
138 81
138 92
138 120
138 124
138 146
138 171
138 175
138 185
138 226
138 248
138 256
138 285
139 12
139 16
139 33
139 46
139 57
139 107
139 112
139 134
139 177
139 186
139 187
139 207
139 260
139 269
140 11
140 24
140 87
140 126
140 156
140 218
140 223
140 247
141 36
141 51
141 87
141 95
141 118
141 143
141 161
141 212
141 249
141 280
142 13
142 32
142 64
142 123
142 150
142 235
142 237
142 270
142 280
142 294
143 125
143 136
143 192
143 232
143 240
143 268
143 276
143 280
143 281
144 3
144 36
144 64
144 82
144 189
144 202
144 258
145 47
145 53
145 75
145 79
145 129
145 130
145 173
145 177
145 235
145 236
145 240
145 272
145 281
145 295
146 30
146 31
146 83
146 97
146 115
146 123
146 194
146 226
146 256
146 263
146 300
147 2
147 8
147 14
147 49
147 94
147 119
147 157
147 235
147 249
148 1
148 3
148 4
148 10
148 15
148 55
148 70
148 112
148 164
148 226
148 235
148 237
149 13
149 66
149 67
149 89
149 131
149 221
149 232
149 259
149 272
150 10
150 23
150 69
150 104
150 117
150 265
150 270
151 14
151 15
151 63
151 109
151 111
151 137
151 150
151 157
151 186
151 202
151 217
151 225
152 45
152 50
152 57
152 68
152 92
153 34
153 36
153 54
153 78
153 121
153 132
153 189
153 206
154 77
154 81
154 84
154 108
154 143
154 228
154 267
154 281
155 12
155 34
155 60
155 73
155 79
155 108
155 168
155 249
155 271
155 286
155 292
155 299
155 300
156 67
156 79
156 162
156 172
156 205
156 206
156 252
157 34
157 79
157 127
157 224
157 235
157 237
157 286
157 297
158 23
158 37
158 45
158 48
158 96
158 111
158 120
158 154
158 178
158 185
158 203
158 227
158 229
159 44
159 142
159 143
159 168
159 192
159 213
159 220
159 259
160 32
160 64
160 138
160 171
160 200
160 280
161 7
161 96
161 126
161 143
161 185
161 191
161 298
162 28
162 62
162 66
162 119
162 160
162 268
162 283
163 66
163 139
163 155
163 161
163 210
163 213
163 292
164 2
164 4
164 19
164 39
164 47
164 124
164 132
164 172
164 182
164 230
164 242
164 261
164 282
165 41
165 106
165 138
165 181
165 232
165 286
166 93
166 112
166 168
166 244
166 253
166 255
166 283
166 298
167 2
167 9
167 77
167 87
167 141
167 185
167 214
167 220
167 252
167 259
167 277
168 60
168 65
168 104
168 118
168 131
168 135
168 156
168 197
168 227
168 292
169 26
169 37
169 38
169 42
169 53
169 62
169 90
169 112
169 275
170 30
170 47
170 65
170 104
170 200
170 221
170 238
170 243
170 248
170 256
171 6
171 31
171 76
171 224
172 19
172 27
172 54
172 60
172 85
172 105
172 162
172 237
172 268
172 277
172 297
173 7
173 114
173 124
173 139
173 200
173 206
173 220
173 225
173 229
173 231
173 270
174 43
174 68
174 71
174 122
174 181
174 188
174 214
174 215
174 251
174 284
175 15
175 22
175 120
175 140
175 150
175 166
175 183
175 222
175 226
175 260
175 269
175 280
176 57
176 61
176 82
176 139
176 184
176 203
176 225
176 226
176 236
176 243
176 248
176 291
176 293
177 7
177 110
177 123
177 161
177 164
177 170
177 202
177 221
177 253
178 17
178 26
178 56
178 109
178 166
178 167
178 182
178 208
178 228
178 245
179 21
179 70
179 80
179 146
179 158
179 289
179 290
180 60
180 77
180 196
181 41
181 69
181 84
181 107
181 171
181 225
181 257
181 262
181 264
181 276
182 10
182 60
182 121
182 127
182 197
182 207
182 258
182 264
182 293
183 3
183 6
183 116
183 126
183 141
183 156
183 193
183 218
184 31
184 105
184 120
184 136
184 158
184 249
184 279
184 291
185 13
185 17
185 87
185 92
185 104
185 127
185 128
185 134
185 150
185 165
185 166
185 173
185 213
185 217
185 252
186 13
186 41
186 55
186 68
186 93
186 97
186 122
186 135
186 155
186 171
186 177
186 223
186 224
186 241
186 248
186 254
186 266
186 267
186 282
186 283
186 300
187 36
187 137
187 155
187 164
187 181
187 237
188 26
188 36
188 55
188 61
188 62
188 123
188 128
188 129
188 143
188 156
188 199
188 225
188 235
188 253
188 297
189 7
189 15
189 32
189 107
189 163
189 177
189 215
189 267
189 283
189 286
190 12
190 104
190 160
190 211
190 220
190 222
190 257
190 288
190 299
191 19
191 42
191 44
191 52
191 108
191 152
191 166
191 172
191 229
191 243
191 258
191 281
192 18
192 69
192 86
192 123
192 146
192 187
192 197
192 238
192 264
193 10
193 34
193 75
193 130
193 141
193 220
194 15
194 26
194 61
194 70
194 163
194 208
194 209
194 220
194 261
194 286
194 292
195 11
195 41
195 47
195 75
195 82
195 86
195 97
195 107
195 154
195 190
195 212
195 218
195 259
196 68
196 75
196 140
196 159
196 167
196 191
196 223
196 234
196 253
196 270
196 277
197 97
197 144
197 145
197 199
197 208
197 226
197 233
197 239
197 251
198 10
198 68
198 129
198 132
198 160
198 171
198 176
198 200
198 209
198 233
198 243
198 250
198 253
198 287
198 290
199 42
199 139
199 140
199 186
199 215
199 244
199 275
200 2
200 43
200 50
200 78
200 90
200 97
200 100
200 207
200 264
200 274
200 299
201 4
201 6
201 19
201 37
201 41
201 47
201 67
201 94
201 98
201 154
201 161
201 166
201 200
201 213
201 267
201 282
201 290
201 297
202 30
202 70
202 106
202 225
202 232
202 277
203 56
203 82
203 142
203 150
203 161
203 237
203 240
203 275
203 277
204 3
204 14
204 21
204 64
204 77
204 79
204 92
204 103
204 118
204 238
204 262
204 271
204 286
205 45
205 56
205 65
205 73
205 104
205 152
205 182
205 190
205 201
205 218
205 222
205 234
205 239
205 240
205 266
205 290
206 25
206 53
206 103
206 143
206 175
206 255
207 26
207 54
207 55
207 56
207 88
207 89
207 135
207 170
207 172
207 234
208 12
208 36
208 77
208 96
208 125
208 151
208 162
208 218
208 239
208 251
208 254
208 298
209 4
209 88
209 107
209 132
209 183
209 191
209 260
209 279
209 288
210 42
210 83
210 108
210 129
210 134
210 150
210 167
210 168
210 171
210 239
210 249
211 99
211 197
211 201
211 252
212 24
212 51
212 52
212 137
212 148
212 179
212 193
212 274
213 11
213 67
213 74
213 214
213 228
213 240
213 261
213 271
214 4
214 6
214 34
214 71
214 92
214 132
214 136
214 155
214 219
214 271
215 3
215 18
215 25
215 84
215 110
215 130
215 169
215 180
215 185
215 206
215 272
216 24
216 39
216 110
216 127
216 193
216 194
216 205
216 298
217 3
217 43
217 44
217 72
217 149
217 177
217 196
217 206
217 215
217 219
217 244
217 290
218 8
218 13
218 150
218 187
218 193
218 201
218 250
218 260
218 261
218 268
218 271
219 57
219 73
219 101
219 116
219 119
219 233
219 242
219 261
219 264
219 274
219 295
219 299
220 75
220 77
220 96
220 101
220 112
220 119
220 139
220 140
220 145
220 152
220 156
220 160
220 197
220 284
221 20
221 49
221 68
221 103
221 105
221 150
221 174
221 197
221 248
222 2
222 37
222 93
222 131
222 161
222 170
222 218
222 259
222 289
223 24
223 31
223 33
223 38
223 58
223 105
223 154
223 165
223 213
223 243
223 268
223 283
223 284
224 109
224 153
224 269
224 282
224 287
224 293
225 55
225 67
225 72
225 119
225 144
225 220
225 241
225 249
225 281
226 1
226 10
226 29
226 35
226 40
226 49
226 154
226 184
226 190
226 207
226 213
227 34
227 40
227 60
227 124
227 140
227 141
227 205
227 222
227 238
228 25
228 59
228 81
228 104
228 153
228 155
228 159
228 160
228 208
228 258
228 263
228 277
228 280
228 297
229 9
229 29
229 62
229 88
229 132
229 153
229 168
229 188
229 189
229 241
229 266
230 8
230 28
230 43
230 49
230 76
230 80
230 94
230 104
230 124
230 132
230 185
230 186
230 193
230 200
230 237
230 258
230 290
231 3
231 40
231 44
231 72
231 112
231 130
231 147
231 194
231 200
231 203
231 251
232 98
232 171
232 193
232 248
232 287
233 14
233 108
233 146
233 167
233 176
233 216
233 236
234 26
234 36
234 48
234 82
234 124
234 129
234 154
234 159
234 174
234 216
234 266
234 284
235 6
235 23
235 43
235 52
235 56
235 66
235 139
235 155
235 161
235 212
235 213
235 267
236 31
236 50
236 56
236 125
236 181
236 187
236 227
236 237
236 242
236 288
237 51
237 92
237 107
237 112
237 123
237 225
237 252
238 60
238 61
238 76
238 141
238 186
238 215
238 245
238 254
238 262
238 279
239 29
239 103
239 118
239 140
239 143
239 144
239 148
239 154
239 166
239 230
239 262
239 264
239 279
239 290
240 94
240 102
240 159
240 161
240 173
240 224
240 232
241 20
241 27
241 31
241 46
241 51
241 52
241 79
241 99
241 103
241 141
241 170
241 217
241 235
241 238
241 269
242 4
242 9
242 35
242 57
242 77
242 96
242 116
242 140
242 141
242 144
242 176
242 255
242 300
243 28
243 32
243 33
243 47
243 54
243 59
243 85
243 114
243 116
243 118
243 125
243 136
243 188
243 269
244 22
244 45
244 50
244 79
244 87
244 103
244 107
244 141
244 162
244 186
244 221
244 227
244 260
244 267
244 270
245 115
245 124
245 141
245 159
245 162
245 165
245 168
245 180
245 197
245 224
245 283
245 300
246 4
246 31
246 46
246 48
246 124
246 128
246 136
246 156
246 161
246 221
246 247
246 277
246 295
247 40
247 44
247 162
247 274
248 43
248 63
248 71
248 105
248 113
248 114
248 124
248 145
248 193
248 239
248 270
248 280
248 293
249 18
249 22
249 73
249 114
249 135
249 179
249 217
249 292
250 7
250 19
250 22
250 93
250 94
250 119
250 175
250 298
250 300
251 19
251 50
251 108
251 195
251 206
251 214
251 267
251 288
252 49
252 89
252 106
252 124
252 134
252 164
252 191
252 194
252 203
252 208
252 219
252 253
252 269
253 33
253 53
253 94
253 151
253 152
253 293
254 34
254 58
254 108
254 124
254 181
254 226
254 278
255 2
255 14
255 69
255 76
255 136
255 179
255 270
255 274
255 281
256 26
256 36
256 109
256 248
256 253
256 262
257 23
257 44
257 46
257 134
257 147
257 245
257 266
258 9
258 55
258 71
258 84
258 98
258 123
258 153
258 162
258 188
258 206
258 216
258 227
258 283
259 12
259 24
259 53
259 70
259 108
259 112
259 146
259 170
259 248
259 252
259 291
260 55
260 81
260 83
260 103
260 115
260 165
260 174
260 186
260 265
260 270
260 275
261 106
261 127
261 156
261 193
261 248
261 252
261 293
261 294
262 6
262 51
262 79
262 129
262 188
262 223
262 246
262 255
262 288
263 164
263 191
263 193
263 244
263 268
264 20
264 30
264 94
264 96
264 140
264 178
264 201
264 203
264 295
265 8
265 22
265 43
265 86
265 88
265 105
265 143
265 233
265 238
265 250
266 36
266 88
266 91
266 92
266 132
266 182
266 281
267 9
267 10
267 26
267 73
267 112
267 159
267 218
267 225
267 262
267 284
267 294
267 297
268 65
268 66
268 96
268 116
268 119
268 125
268 197
269 81
269 93
269 208
269 226
269 248
269 249
269 259
269 289
270 43
270 93
270 98
270 134
270 135
270 148
270 152
270 175
270 190
270 216
270 233
270 279
271 35
271 58
271 62
271 67
271 70
271 129
271 181
271 219
271 241
271 290
272 3
272 84
272 87
272 108
272 125
272 153
272 157
272 178
272 214
272 217
272 233
272 237
272 279
273 2
273 42
273 147
273 221
273 256
273 260
274 20
274 36
274 51
274 52
274 124
274 130
274 187
274 250
274 277
275 49
275 52
275 113
275 121
275 143
275 164
275 196
275 255
275 262
276 24
276 56
276 119
276 246
276 254
276 256
276 258
277 69
277 175
277 195
277 198
277 201
277 291
277 298
278 63
278 68
278 77
278 84
278 141
278 145
278 217
278 225
278 232
278 283
278 285
279 1
279 19
279 27
279 87
279 139
279 144
279 151
279 187
279 216
279 248
279 266
280 69
280 110
280 152
280 164
280 168
280 201
280 250
281 11
281 63
281 108
281 128
281 150
281 156
281 186
281 187
282 42
282 47
282 145
282 216
282 231
282 238
282 244
282 268
282 293
283 16
283 52
283 71
283 161
283 222
283 279
283 284
283 300
284 7
284 106
284 124
284 165
284 281
285 53
285 70
285 80
285 81
285 83
285 91
285 136
285 142
285 195
285 245
286 38
286 48
286 152
286 156
286 158
286 168
286 259
286 264
287 5
287 6
287 15
287 41
287 77
287 86
287 134
287 153
287 200
287 219
287 237
287 282
288 13
288 115
288 134
288 140
288 144
288 246
288 254
288 260
289 18
289 19
289 39
289 51
289 105
289 113
289 124
289 223
289 241
289 245
289 275
290 37
290 45
290 62
290 82
290 84
290 97
290 116
290 188
290 214
290 218
290 235
290 272
290 285
290 295
291 44
291 48
291 71
291 84
291 106
291 108
291 120
291 129
292 70
292 148
292 161
292 170
292 206
292 243
292 244
292 251
292 277
293 12
293 21
293 29
293 70
293 79
293 114
293 223
293 257
293 283
294 18
294 19
294 34
294 40
294 54
294 143
294 212
294 226
294 234
294 258
295 17
295 43
295 65
295 99
295 140
295 260
295 262
295 282
296 14
296 224
296 289
297 11
297 30
297 46
297 65
297 68
297 79
297 89
297 125
297 170
297 173
297 194
297 196
297 217
297 220
297 234
297 237
297 249
297 252
297 263
297 298
298 7
298 13
298 29
298 62
298 84
298 118
298 148
298 189
298 204
298 226
298 247
298 254
298 261
299 25
299 88
299 89
299 98
299 148
299 239
299 274
300 1
300 33
300 52
300 58
300 59
300 97
300 162
300 206
300 208
300 216
300 248

