300 5000
73 36 90 40 65 91 80 42 63 50 90 66 20 57 69 106 75 56 72 114 51 94 57 77 116 26 35 37 70 49 60 33 84 34 89 103 27 67 39 90 35 50 68 120 57 20 113 93 104 70 105 34 117 47 82 75 94 109 44 49 42 90 47 40 101 55 33 101 90 35 30 101 64 101 45 67 54 22 80 108 43 36 28 41 85 68 110 96 84 108 20 90 61 83 47 92 30 99 101 103 111 39 56 103 36 118 50 75 41 46 64 23 29 71 114 77 95 23 63 107 67 70 101 49 48 104 41 37 111 58 97 66 25 62 78 69 96 24 60 86 104 22 33 74 37 107 82 28 107 63 117 100 55 90 55 87 98 116 65 67 27 58 105 101 63 117 28 117 63 112 74 98 101 77 71 26 111 70 62 48 59 47 48 113 101 36 40 119 57 45 78 118 103 50 100 102 39 40 50 103 85 21 43 104 119 84 35 85 23 80 97 21 40 119 49 36 78 75 64 31 109 73 78 62 51 77 104 28 86 103 42 28 96 41 91 24 102 85 100 65 71 96 59 28 112 29 28 22 109 66 91 71 115 26 80 21 42 60 57 49 79 26 41 78 112 101 70 31 43 41 78 64 57 100 115 84 103 100 90 66 22 70 67 71 65 69 66 27 30 92 108 25 77 97 94 119 103 86 63 33 
1 21
1 46
1 48
1 53
1 65
1 84
1 90
1 112
1 132
1 143
1 149
1 180
1 185
1 199
1 207
1 212
1 213
1 227
1 278
2 14
2 35
2 38
2 107
2 157
2 193
2 198
2 212
2 227
2 247
2 264
2 275
2 288
3 34
3 36
3 60
3 62
3 64
3 83
3 94
3 133
3 137
3 152
3 157
3 179
3 182
3 184
3 193
3 239
3 254
3 282
4 32
4 39
4 51
4 57
4 72
4 81
4 122
4 138
4 142
4 180
4 193
4 204
4 210
4 211
4 214
4 246
5 76
5 96
5 100
5 139
5 190
5 198
5 200
5 206
5 233
5 234
5 268
5 285
5 289
6 12
6 20
6 24
6 26
6 35
6 44
6 48
6 54
6 106
6 113
6 117
6 148
6 158
6 179
6 192
6 196
6 198
6 199
6 244
6 280
6 290
7 5
7 11
7 24
7 32
7 33
7 58
7 59
7 80
7 91
7 102
7 104
7 111
7 116
7 118
7 150
7 172
7 174
7 185
7 208
7 254
7 260
7 281
7 286
7 292
8 1
8 16
8 22
8 33
8 53
8 64
8 133
8 142
8 164
8 177
8 196
8 244
8 247
9 12
9 18
9 33
9 69
9 89
9 95
9 96
9 131
9 142
9 176
9 185
9 200
9 206
9 209
9 234
9 237
9 247
9 254
9 299
10 34
10 42
10 57
10 60
10 76
10 86
10 106
10 110
10 126
10 202
10 213
10 220
10 241
10 244
10 251
10 268
10 282
10 294
11 14
11 39
11 90
11 93
11 110
11 125
11 188
11 191
11 238
11 240
11 261
11 264
11 268
11 273
11 277
11 280
12 18
12 23
12 34
12 45
12 78
12 96
12 97
12 130
12 164
12 170
12 185
12 293
13 50
13 106
13 126
13 156
13 166
13 181
13 196
13 224
13 229
13 243
13 271
13 273
13 274
13 294
14 16
14 35
14 72
14 78
14 110
14 119
14 164
14 198
14 207
14 212
14 264
14 273
14 297
15 1
15 40
15 44
15 57
15 101
15 118
15 142
15 151
15 156
15 169
15 182
15 211
15 214
15 269
15 294
16 36
16 47
16 86
16 91
16 108
16 110
16 136
16 142
16 143
16 148
16 170
16 224
16 235
16 280
17 32
17 44
17 120
17 130
17 136
17 146
17 148
17 210
17 223
17 256
17 299
18 32
18 71
18 95
18 101
18 139
18 191
18 227
18 291
19 20
19 22
19 34
19 130
19 182
19 186
19 222
19 233
19 249
19 283
19 299
20 14
20 16
20 56
20 148
20 174
20 190
20 193
20 214
20 230
20 245
20 248
20 252
20 265
21 3
21 16
21 17
21 22
21 33
21 39
21 61
21 99
21 102
21 110
21 115
21 134
21 140
21 191
21 222
21 251
21 272
22 1
22 14
22 15
22 28
22 70
22 84
22 88
22 94
22 110
22 125
22 162
22 204
22 244
22 251
22 281
22 288
23 17
23 24
23 31
23 40
23 48
23 71
23 81
23 146
23 157
23 181
23 184
23 209
23 215
23 220
23 236
23 277
23 280
24 1
24 26
24 60
24 74
24 98
24 100
24 110
24 122
24 146
24 148
24 203
24 221
24 227
24 229
24 246
24 279
25 22
25 59
25 66
25 96
25 159
25 169
25 218
25 231
25 245
25 250
25 258
25 285
25 295
26 2
26 3
26 17
26 47
26 84
26 86
26 91
26 100
26 176
26 189
26 198
26 213
26 228
26 281
27 15
27 17
27 24
27 36
27 70
27 72
27 86
27 96
27 106
27 139
27 184
27 209
27 261
27 272
27 281
27 282
27 287
27 292
28 10
28 13
28 40
28 42
28 72
28 80
28 82
28 98
28 99
28 102
28 158
28 161
28 178
28 191
28 260
28 271
28 274
29 19
29 36
29 45
29 58
29 67
29 85
29 106
29 139
29 144
29 167
29 173
29 182
29 205
29 232
29 246
29 280
29 298
30 9
30 14
30 19
30 49
30 55
30 60
30 65
30 85
30 108
30 114
30 146
30 149
30 160
30 167
30 172
30 199
30 220
30 224
31 56
31 57
31 80
31 81
31 141
31 160
31 185
31 202
31 254
31 263
31 283
32 5
32 6
32 10
32 30
32 31
32 44
32 68
32 80
32 101
32 114
32 120
32 121
32 134
32 150
32 223
32 227
32 230
32 244
32 259
32 291
33 6
33 12
33 55
33 77
33 90
33 97
33 145
33 156
33 170
33 198
33 202
33 205
33 224
33 227
33 266
33 276
33 293
34 13
34 20
34 52
34 129
34 137
34 139
34 146
34 157
34 164
34 168
34 170
34 194
34 197
34 203
34 219
34 279
34 293
35 10
35 13
35 16
35 26
35 31
35 60
35 81
35 91
35 98
35 178
35 180
35 185
35 186
35 210
35 259
35 277
36 46
36 65
36 74
36 85
36 96
36 113
36 122
36 131
36 135
36 142
36 148
36 162
36 180
36 203
36 226
36 230
36 247
36 249
36 250
36 254
36 268
36 273
36 284
37 17
37 23
37 45
37 46
37 53
37 68
37 93
37 131
37 145
37 155
37 218
37 257
37 258
37 268
37 277
37 281
38 7
38 60
38 170
38 183
38 200
38 203
38 211
38 218
38 226
38 227
38 293
39 42
39 96
39 97
39 133
39 145
39 154
39 170
39 190
39 202
39 206
39 214
39 230
39 241
39 269
39 279
39 284
40 82
40 88
40 115
40 160
40 164
40 174
40 179
40 198
40 210
40 217
40 241
40 243
40 253
40 275
40 283
40 287
40 288
40 292
41 17
41 46
41 77
41 91
41 110
41 112
41 213
41 218
41 219
41 229
41 247
41 261
41 269
41 272
41 293
41 297
42 21
42 23
42 26
42 77
42 130
42 165
42 175
42 186
42 194
42 211
42 236
42 258
42 287
42 298
43 13
43 17
43 28
43 38
43 104
43 121
43 126
43 167
43 168
43 176
43 228
43 232
43 234
43 245
43 250
43 254
43 255
44 16
44 28
44 65
44 66
44 111
44 113
44 133
44 154
44 155
44 169
44 178
44 200
44 225
44 248
44 251
44 288
45 3
45 33
45 102
45 134
45 154
45 159
45 163
45 170
45 235
45 240
45 260
45 283
46 6
46 8
46 11
46 15
46 17
46 31
46 40
46 42
46 48
46 51
46 83
46 87
46 100
46 102
46 104
46 111
46 114
46 119
46 120
46 131
46 133
46 140
46 146
46 153
46 186
46 188
46 224
46 245
46 268
46 281
46 296
47 22
47 29
47 36
47 50
47 86
47 89
47 98
47 119
47 130
47 143
47 181
47 195
47 234
47 239
47 244
47 264
47 276
47 295
48 51
48 114
48 121
48 132
48 179
48 187
48 191
48 230
48 241
48 251
48 255
48 258
48 260
48 265
48 270
48 281
48 285
48 295
49 1
49 19
49 39
49 40
49 46
49 53
49 63
49 74
49 93
49 108
49 126
49 147
49 209
49 219
49 245
49 266
49 271
49 294
50 5
50 19
50 34
50 97
50 100
50 128
50 134
50 143
50 150
50 161
50 165
50 172
50 189
50 195
50 213
50 247
50 259
51 8
51 45
51 60
51 71
51 102
51 105
51 106
51 141
51 149
51 177
51 195
51 226
51 235
51 281
52 11
52 17
52 22
52 58
52 104
52 120
52 142
52 164
52 199
52 227
52 234
52 259
52 260
52 264
52 266
52 282
53 28
53 45
53 48
53 54
53 56
53 71
53 74
53 88
53 90
53 110
53 126
53 199
53 288
53 298
54 45
54 51
54 61
54 63
54 87
54 101
54 149
54 183
54 190
54 226
54 241
55 25
55 37
55 42
55 48
55 54
55 64
55 78
55 105
55 112
55 120
55 127
55 133
55 140
55 155
55 156
55 166
55 205
56 35
56 43
56 57
56 82
56 143
56 149
56 152
56 173
56 187
56 213
56 230
56 246
56 251
56 263
57 30
57 122
57 145
57 157
57 168
57 179
57 180
57 183
57 206
57 219
57 233
57 234
57 265
57 268
57 269
57 272
58 6
58 31
58 39
58 64
58 110
58 117
58 129
58 130
58 201
58 203
58 258
58 260
59 117
59 143
59 174
59 220
59 239
59 241
59 252
59 268
59 272
59 277
59 293
59 296
60 39
60 74
60 209
60 253
60 273
61 1
61 35
61 73
61 80
61 90
61 98
61 104
61 123
61 124
61 128
61 137
61 145
61 152
61 184
61 213
61 218
61 226
61 239
61 248
61 252
61 255
61 282
62 2
62 47
62 52
62 138
62 156
62 183
62 190
62 195
62 216
62 218
62 220
62 252
62 262
62 271
62 278
62 297
62 298
62 300
63 11
63 86
63 90
63 99
63 117
63 122
63 130
63 145
63 148
63 151
63 159
63 166
63 182
63 235
63 239
64 4
64 30
64 49
64 61
64 65
64 68
64 138
64 160
64 165
64 179
64 186
64 195
64 203
64 226
64 229
64 231
64 269
64 273
64 276
64 295
65 24
65 33
65 55
65 67
65 82
65 106
65 114
65 130
65 155
65 171
65 183
65 191
65 196
65 198
65 222
65 238
65 253
65 264
66 34
66 65
66 67
66 87
66 113
66 145
66 183
66 193
66 213
66 237
66 242
66 254
66 275
66 299
67 22
67 42
67 48
67 50
67 61
67 72
67 86
67 89
67 100
67 106
67 120
67 121
67 122
67 133
67 134
67 167
67 192
67 196
67 221
67 236
67 248
67 276
67 278
67 284
68 5
68 71
68 121
68 151
68 203
68 227
68 257
68 287
69 23
69 26
69 30
69 51
69 60
69 62
69 63
69 105
69 124
69 130
69 205
69 211
69 215
69 250
69 271
69 296
70 2
70 4
70 15
70 16
70 42
70 51
70 61
70 82
70 128
70 142
70 148
70 159
70 200
70 210
70 267
70 281
70 285
70 287
70 290
71 27
71 46
71 55
71 136
71 139
71 168
71 170
71 198
71 199
71 208
71 240
71 243
71 255
71 291
72 21
72 50
72 62
72 87
72 98
72 103
72 110
72 118
72 134
72 136
72 165
72 175
72 208
72 211
72 273
72 280
72 294
73 4
73 12
73 14
73 23
73 107
73 143
73 160
73 165
73 167
73 177
73 182
73 183
73 232
73 249
73 260
73 289
74 5
74 16
74 33
74 57
74 80
74 81
74 109
74 132
74 136
74 182
74 198
74 199
74 203
74 256
74 293
75 11
75 33
75 35
75 52
75 83
75 90
75 96
75 104
75 121
75 208
75 211
75 225
75 228
75 236
75 249
75 255
75 258
75 279
76 1
76 6
76 8
76 27
76 51
76 52
76 66
76 96
76 145
76 176
76 186
76 194
76 211
76 212
76 214
76 266
76 275
76 283
76 285
77 47
77 53
77 72
77 153
77 179
77 191
77 194
77 211
77 215
77 263
77 277
77 284
77 293
78 8
78 18
78 28
78 38
78 40
78 43
78 67
78 75
78 77
78 112
78 116
78 120
78 215
78 253
78 258
78 263
78 283
78 292
78 294
79 18
79 46
79 58
79 59
79 75
79 96
79 97
79 98
79 99
79 117
79 189
79 198
79 214
79 220
79 227
79 236
79 282
79 297
80 72
80 131
80 172
80 191
80 200
80 212
80 240
80 282
80 288
81 2
81 17
81 28
81 30
81 37
81 57
81 64
81 162
81 163
81 182
81 186
81 204
81 210
81 212
81 224
81 236
81 276
81 281
82 5
82 48
82 59
82 103
82 138
82 155
82 159
82 162
82 185
82 187
82 211
82 230
82 249
82 256
82 265
82 297
83 2
83 14
83 17
83 24
83 25
83 33
83 41
83 58
83 60
83 73
83 77
83 97
83 104
83 119
83 146
83 151
83 181
83 192
83 205
83 223
83 256
84 17
84 30
84 40
84 41
84 43
84 47
84 55
84 60
84 62
84 97
84 108
84 128
84 135
84 146
84 149
84 153
84 197
84 204
84 214
84 253
84 285
85 5
85 9
85 16
85 24
85 31
85 40
85 51
85 65
85 68
85 84
85 99
85 109
85 116
85 117
85 191
85 214
85 229
85 272
85 285
85 294
85 295
86 11
86 12
86 29
86 45
86 65
86 66
86 85
86 103
86 133
86 152
86 164
86 214
86 227
86 232
86 239
86 281
86 291
86 300
87 3
87 18
87 80
87 93
87 100
87 143
87 152
87 159
87 162
87 181
87 182
87 208
87 217
87 282
88 6
88 42
88 57
88 73
88 86
88 105
88 126
88 129
88 149
88 162
88 192
88 202
88 252
88 269
88 273
89 20
89 24
89 40
89 64
89 87
89 95
89 137
89 151
89 154
89 160
89 168
89 170
89 203
89 205
89 218
89 268
89 293
89 295
90 27
90 67
90 92
90 99
90 123
90 176
90 179
90 250
90 296
91 28
91 63
91 89
91 114
91 115
91 142
91 162
91 194
91 217
91 218
91 230
91 236
91 240
91 251
91 269
92 7
92 18
92 29
92 36
92 43
92 62
92 94
92 113
92 116
92 122
92 134
92 136
92 140
92 144
92 165
92 204
92 227
92 230
92 267
93 18
93 92
93 128
93 164
93 176
93 187
93 197
93 216
93 231
93 263
93 296
94 50
94 68
94 86
94 96
94 115
94 145
94 147
94 164
94 168
94 174
94 175
94 189
94 220
94 228
94 268
94 284
95 4
95 17
95 67
95 70
95 79
95 106
95 121
95 158
95 161
95 178
95 192
95 196
95 217
95 251
95 286
95 298
95 299
96 47
96 55
96 81
96 86
96 122
96 132
96 134
96 159
96 183
96 228
96 238
96 258
96 259
96 275
96 285
96 287
97 19
97 68
97 92
97 96
97 133
97 161
97 164
97 172
97 187
97 190
97 197
97 202
97 226
97 253
97 283
98 2
98 4
98 30
98 73
98 75
98 89
98 139
98 140
98 151
98 161
98 178
98 218
98 237
98 250
98 255
98 272
98 286
99 73
99 82
99 97
99 103
99 123
99 139
99 199
99 202
99 240
99 264
99 267
99 268
100 47
100 53
100 84
100 90
100 118
100 151
100 154
100 169
100 218
100 224
100 227
100 229
100 289
100 297
101 24
101 30
101 50
101 66
101 69
101 92
101 96
101 142
101 145
101 155
101 164
101 165
101 218
101 256
101 281
101 283
102 9
102 31
102 35
102 60
102 62
102 73
102 91
102 92
102 95
102 106
102 109
102 151
102 200
102 202
102 217
102 255
102 264
102 286
102 297
103 30
103 33
103 67
103 74
103 93
103 104
103 138
103 176
103 203
103 228
103 238
103 247
103 248
103 249
104 8
104 22
104 62
104 72
104 81
104 87
104 97
104 99
104 105
104 117
104 171
104 190
104 191
104 193
104 236
104 244
104 267
105 22
105 27
105 58
105 81
105 124
105 125
105 129
105 133
105 139
105 145
105 151
105 164
105 166
105 212
105 217
105 264
105 279
105 285
106 5
106 8
106 15
106 16
106 19
106 57
106 62
106 75
106 124
106 139
106 144
106 153
106 168
106 186
106 220
106 227
106 250
106 269
107 21
107 22
107 29
107 34
107 56
107 69
107 72
107 122
107 162
107 179
107 232
107 267
108 4
108 15
108 27
108 46
108 47
108 71
108 77
108 125
108 155
108 177
108 202
108 204
108 212
108 218
108 248
108 265
108 286
109 3
109 4
109 5
109 11
109 86
109 104
109 124
109 141
109 159
109 163
109 181
109 226
110 27
110 43
110 48
110 55
110 87
110 114
110 164
110 200
110 236
110 244
110 253
110 255
110 276
110 285
110 286
110 295
111 21
111 26
111 62
111 63
111 78
111 81
111 84
111 92
111 112
111 115
111 137
111 139
111 140
111 209
111 217
111 242
111 243
111 250
111 258
112 46
112 71
112 88
112 148
112 157
112 182
112 198
112 239
112 256
112 268
113 19
113 29
113 37
113 39
113 82
113 141
113 143
113 151
113 161
113 169
113 181
113 182
113 185
113 191
113 205
113 218
113 221
113 227
113 228
113 238
113 248
113 281
114 4
114 10
114 20
114 26
114 53
114 70
114 107
114 109
114 131
114 145
114 148
114 151
114 213
114 220
114 248
114 282
114 293
114 295
115 23
115 86
115 99
115 100
115 109
115 112
115 117
115 131
115 133
115 142
115 161
115 174
115 190
115 229
115 259
116 10
116 28
116 43
116 83
116 112
116 144
116 154
116 171
116 230
116 246
116 272
116 278
116 298
117 17
117 18
117 29
117 33
117 48
117 49
117 50
117 55
117 68
117 83
117 90
117 112
117 119
117 163
117 183
117 193
118 28
118 42
118 44
118 61
118 97
118 121
118 123
118 164
118 171
118 185
118 219
118 241
118 244
118 255
118 256
118 257
118 287
119 29
119 33
119 40
119 45
119 149
119 161
119 191
119 222
119 229
119 298
120 5
120 6
120 14
120 36
120 124
120 129
120 144
120 145
120 185
120 205
120 220
120 250
120 269
120 283
120 286
121 19
121 23
121 25
121 31
121 104
121 106
121 107
121 114
121 125
121 132
121 136
121 160
121 162
121 176
121 204
121 209
121 232
121 233
121 262
121 266
121 268
121 279
122 1
122 18
122 29
122 30
122 49
122 72
122 142
122 146
122 179
122 181
122 184
122 202
122 233
122 244
122 260
123 18
123 31
123 39
123 42
123 57
123 64
123 71
123 82
123 93
123 104
123 111
123 113
123 121
123 149
123 164
123 188
123 190
123 210
123 214
123 257
123 268
123 283
123 286
123 288
123 295
124 28
124 67
124 72
124 163
124 164
124 173
124 186
124 227
124 234
124 237
124 240
124 244
124 247
124 250
124 254
124 283
125 10
125 23
125 27
125 39
125 46
125 66
125 79
125 88
125 102
125 143
125 151
125 171
125 175
125 206
125 228
125 273
125 285
126 14
126 27
126 42
126 94
126 125
126 165
126 170
126 191
126 209
126 223
126 230
126 248
126 271
126 278
127 27
127 36
127 50
127 64
127 97
127 108
127 149
127 185
127 191
127 212
127 232
127 250
127 261
127 276
127 300
128 12
128 28
128 46
128 47
128 55
128 63
128 74
128 81
128 105
128 117
128 123
128 124
128 135
128 137
128 143
128 149
128 154
128 161
128 162
128 163
128 175
128 186
128 209
128 214
128 236
128 241
128 252
128 270
128 286
128 289
129 4
129 11
129 25
129 35
129 45
129 50
129 85
129 97
129 160
129 194
129 224
129 230
129 236
129 237
129 238
129 280
130 1
130 7
130 27
130 50
130 51
130 57
130 79
130 100
130 102
130 113
130 116
130 121
130 128
130 135
130 145
130 168
130 251
130 259
130 264
131 63
131 64
131 75
131 76
131 110
131 118
131 129
131 158
131 207
131 224
131 235
131 241
131 260
131 273
132 22
132 42
132 57
132 94
132 99
132 117
132 119
132 170
132 185
132 193
132 219
132 229
132 250
132 254
132 273
132 274
132 280
133 6
133 56
133 61
133 81
133 111
133 118
133 146
133 154
133 215
133 224
133 256
133 268
134 22
134 29
134 71
134 75
134 107
134 112
134 113
134 118
134 144
134 169
134 201
134 216
134 220
134 256
134 266
135 3
135 38
135 60
135 68
135 79
135 82
135 106
135 147
135 149
135 165
135 168
135 177
135 183
135 195
135 199
135 203
135 234
135 245
135 253
135 262
135 272
135 285
136 10
136 14
136 21
136 54
136 82
136 105
136 110
136 123
136 125
136 156
136 172
136 178
136 179
136 181
136 273
136 280
137 43
137 45
137 92
137 97
137 129
137 168
137 196
137 200
137 208
137 211
137 227
137 250
137 265
138 5
138 10
138 14
138 31
138 46
138 71
138 107
138 139
138 233
138 248
138 257
138 260
138 284
139 25
139 81
139 82
139 104
139 118
139 119
139 122
139 133
139 134
139 135
139 147
139 157
139 191
139 195
139 205
139 208
139 211
139 214
139 239
139 248
139 251
139 255
139 256
139 269
139 272
139 295
140 13
140 16
140 18
140 126
140 132
140 136
140 147
140 148
140 149
140 150
140 155
140 175
140 206
140 235
140 236
140 252
140 256
140 273
140 279
141 6
141 23
141 42
141 53
141 54
141 64
141 75
141 91
141 104
141 119
141 125
141 146
141 162
141 177
141 187
141 216
141 264
141 274
141 276
141 286
141 287
142 5
142 6
142 25
142 35
142 41
142 51
142 69
142 85
142 94
142 104
142 105
142 123
142 179
142 187
142 191
142 192
142 210
142 220
142 224
142 234
142 256
142 279
142 286
143 2
143 5
143 11
143 44
143 62
143 68
143 77
143 80
143 92
143 93
143 94
143 96
143 127
143 149
143 160
143 161
143 172
143 182
143 239
143 241
143 246
143 251
143 265
143 275
143 285
144 7
144 12
144 91
144 128
144 136
144 186
144 190
144 195
144 206
144 227
144 288
145 5
145 11
145 85
145 97
145 116
145 123
145 132
145 154
145 167
145 170
145 186
145 190
145 195
145 199
145 205
145 230
145 234
145 258
145 296
146 3
146 28
146 53
146 67
146 86
146 88
146 93
146 117
146 118
146 187
146 196
146 214
146 239
146 250
146 263
147 7
147 17
147 29
147 63
147 72
147 73
147 78
147 83
147 97
147 125
147 146
147 177
147 178
147 218
147 220
147 225
147 285
148 5
148 28
148 39
148 42
148 58
148 66
148 87
148 101
148 145
148 149
148 157
148 165
148 189
148 200
148 204
148 268
148 270
148 278
148 281
148 284
148 287
149 7
149 8
149 60
149 64
149 118
149 132
149 134
149 168
149 177
149 180
149 292
149 299
150 41
150 46
150 55
150 74
150 145
150 160
150 176
150 191
150 196
150 208
150 218
150 251
150 279
151 22
151 31
151 46
151 50
151 115
151 120
151 181
151 188
151 248
151 254
151 259
151 274
151 282
152 21
152 63
152 66
152 72
152 150
152 157
152 158
152 198
152 206
152 214
152 218
152 233
152 269
152 296
153 8
153 11
153 18
153 32
153 94
153 109
153 110
153 137
153 174
153 194
153 203
153 271
154 25
154 61
154 75
154 88
154 134
154 181
154 197
154 205
154 238
154 246
154 266
154 272
154 274
154 282
155 2
155 3
155 10
155 46
155 53
155 92
155 107
155 125
155 141
155 152
155 156
155 160
155 175
155 181
155 190
155 204
155 208
155 210
155 253
155 257
155 290
156 2
156 5
156 11
156 18
156 50
156 60
156 70
156 88
156 97
156 119
156 123
156 126
156 139
156 151
156 157
156 170
156 194
156 219
156 220
156 240
157 11
157 30
157 67
157 85
157 90
157 102
157 111
157 124
157 155
157 197
157 200
157 211
157 230
157 252
157 260
157 262
157 264
158 5
158 36
158 40
158 56
158 58
158 65
158 84
158 94
158 108
158 166
158 169
158 172
158 176
158 216
158 218
158 242
158 244
158 267
158 270
158 276
158 277
158 282
158 283
158 298
159 1
159 3
159 16
159 18
159 23
159 32
159 34
159 48
159 79
159 98
159 116
159 161
159 176
159 177
159 191
159 194
159 206
159 220
159 265
160 7
160 14
160 27
160 58
160 94
160 107
160 166
160 204
160 209
160 227
160 279
160 291
161 38
161 47
161 67
161 68
161 74
161 82
161 84
161 96
161 101
161 105
161 117
161 121
161 134
161 135
161 165
161 179
161 184
161 185
161 192
161 212
161 222
161 230
161 255
161 279
161 285
161 288
161 289
162 2
162 4
162 21
162 45
162 56
162 74
162 119
162 120
162 135
162 140
162 146
162 164
162 168
162 179
162 190
162 207
162 212
162 219
162 234
162 258
162 279
162 290
163 18
163 44
163 73
163 98
163 116
163 122
163 125
163 139
163 174
163 181
163 206
163 210
163 217
163 224
163 248
163 250
163 253
163 262
163 286
163 289
163 297
164 85
164 104
164 109
164 126
164 160
164 260
164 270
164 289
164 296
165 57
165 129
165 133
165 149
165 157
165 181
165 228
165 229
165 233
165 238
165 253
165 271
165 280
165 288
165 293
166 1
166 68
166 107
166 138
166 188
166 218
166 247
166 250
166 262
166 273
166 292
166 293
167 5
167 41
167 56
167 74
167 77
167 83
167 86
167 94
167 121
167 174
167 177
167 197
167 228
167 231
167 260
167 271
167 289
167 297
167 298
168 13
168 59
168 66
168 78
168 124
168 125
168 127
168 136
168 141
168 151
168 166
168 183
168 217
168 240
168 244
168 268
168 269
168 291
168 292
168 299
169 8
169 24
169 72
169 73
169 122
169 168
169 187
169 194
169 196
169 222
169 226
169 233
169 238
169 254
169 271
169 276
169 297
170 14
170 17
170 28
170 64
170 70
170 79
170 96
170 100
170 105
170 123
170 128
170 131
170 147
170 154
170 155
170 173
170 223
170 241
170 242
170 272
170 276
170 290
171 44
171 45
171 55
171 61
171 63
171 91
171 137
171 178
171 184
171 195
171 203
171 218
171 220
171 261
171 288
171 300
172 11
172 15
172 35
172 90
172 154
172 157
172 217
172 238
172 271
173 2
173 7
173 22
173 39
173 48
173 76
173 106
173 120
173 141
173 220
173 231
173 245
173 251
173 296
174 10
174 11
174 60
174 102
174 111
174 116
174 118
174 121
174 125
174 132
174 173
174 211
174 234
174 262
174 273
174 276
175 34
175 35
175 38
175 63
175 88
175 118
175 122
175 134
175 194
175 198
175 226
175 234
175 240
175 279
175 299
176 21
176 40
176 41
176 46
176 68
176 79
176 105
176 138
176 146
176 156
176 180
176 183
176 209
176 218
176 232
176 263
176 274
176 292
176 296
176 299
177 5
177 44
177 49
177 57
177 85
177 102
177 111
177 156
177 158
177 186
177 196
177 197
177 199
177 218
177 232
177 240
177 253
177 270
177 272
178 1
178 14
178 19
178 58
178 75
178 87
178 120
178 124
178 139
178 152
178 161
178 168
178 190
178 196
178 199
178 209
178 223
178 228
178 263
178 273
178 300
179 14
179 17
179 28
179 42
179 62
179 74
179 93
179 104
179 123
179 151
179 165
179 168
179 174
179 183
179 270
179 274
180 5
180 6
180 32
180 49
180 51
180 56
180 80
180 82
180 108
180 130
180 133
180 152
180 157
180 188
180 194
180 200
180 228
180 232
180 263
180 268
180 275
180 289
181 14
181 75
181 77
181 79
181 103
181 110
181 111
181 139
181 173
181 196
181 230
181 240
181 290
181 296
181 300
182 13
182 24
182 31
182 57
182 69
182 79
182 83
182 95
182 136
182 172
182 192
182 194
182 261
182 279
182 282
183 21
183 37
183 42
183 108
183 126
183 127
183 164
183 172
183 206
183 219
183 254
183 295
184 7
184 21
184 25
184 28
184 39
184 42
184 77
184 101
184 117
184 119
184 128
184 147
184 148
184 170
184 173
184 194
184 205
184 242
184 243
185 46
185 55
185 77
185 85
185 97
185 110
185 138
185 139
185 156
185 211
185 235
185 239
185 245
185 259
186 25
186 34
186 50
186 66
186 102
186 107
186 115
186 141
186 142
186 149
186 159
186 170
186 203
186 205
186 219
186 225
186 243
186 256
186 263
186 269
186 281
187 44
187 92
187 112
187 156
187 173
187 202
187 224
187 263
188 1
188 8
188 14
188 16
188 64
188 83
188 110
188 136
188 141
188 159
188 225
188 226
188 232
188 242
188 245
188 254
188 256
188 260
188 267
188 283
188 285
188 298
189 3
189 9
189 28
189 32
189 71
189 77
189 80
189 82
189 92
189 93
189 96
189 123
189 142
189 157
189 169
189 183
189 195
189 197
189 215
189 228
189 246
189 263
189 282
190 67
190 137
190 140
190 166
190 183
190 184
190 187
190 202
190 208
190 262
190 275
190 297
191 3
191 7
191 70
191 71
191 81
191 89
191 106
191 109
191 121
191 122
191 158
191 173
191 183
191 209
191 213
191 266
192 2
192 28
192 38
192 42
192 55
192 58
192 77
192 113
192 128
192 158
192 185
192 186
192 239
192 250
192 253
192 258
192 270
193 12
193 15
193 26
193 28
193 43
193 54
193 64
193 78
193 84
193 93
193 123
193 136
193 169
193 171
193 176
193 178
193 192
193 218
193 226
193 243
193 249
193 256
193 263
193 282
193 299
193 300
194 22
194 133
194 139
194 142
194 143
194 150
194 164
194 178
194 199
194 203
194 248
195 16
195 20
195 24
195 38
195 54
195 63
195 99
195 101
195 137
195 225
195 243
195 273
195 290
196 10
196 12
196 30
196 40
196 41
196 49
196 62
196 116
196 147
196 168
196 186
196 209
196 223
196 226
196 240
196 256
196 279
196 292
197 2
197 16
197 33
197 45
197 49
197 56
197 76
197 124
197 127
197 132
197 231
197 234
197 241
197 252
197 279
197 282
197 291
198 25
198 47
198 51
198 54
198 61
198 64
198 75
198 80
198 84
198 92
198 98
198 105
198 113
198 134
198 138
198 148
198 156
198 170
198 177
198 224
198 235
198 238
198 277
199 24
199 36
199 44
199 55
199 69
199 78
199 82
199 87
199 92
199 97
199 104
199 133
199 185
199 187
199 203
199 248
199 254
199 267
200 10
200 11
200 13
200 24
200 49
200 85
200 139
200 155
200 181
200 184
200 198
200 204
200 205
200 226
200 236
200 259
200 272
200 278
200 282
200 294
201 33
201 51
201 59
201 69
201 80
201 87
201 124
201 154
201 173
201 195
201 227
201 236
201 264
201 273
201 276
201 278
201 280
201 292
202 3
202 9
202 17
202 27
202 41
202 56
202 72
202 77
202 110
202 118
202 120
202 121
202 128
202 129
202 132
202 138
202 177
202 183
202 193
202 257
202 259
202 260
203 11
203 14
203 28
203 42
203 45
203 46
203 48
203 75
203 81
203 156
203 223
203 229
203 259
204 15
204 54
204 94
204 104
204 140
204 157
204 165
204 167
204 169
204 212
204 236
204 245
204 248
204 259
204 266
204 274
204 277
204 289
204 290
205 38
205 47
205 49
205 51
205 59
205 65
205 71
205 103
205 105
205 122
205 132
205 157
205 163
205 219
205 221
205 229
205 244
205 250
205 273
206 3
206 10
206 30
206 34
206 51
206 63
206 66
206 70
206 99
206 121
206 131
206 149
206 178
206 188
206 200
206 218
206 242
206 247
206 255
206 257
206 275
206 280
206 292
206 294
206 298
207 17
207 28
207 29
207 44
207 50
207 100
207 103
207 107
207 108
207 117
207 123
207 157
207 197
207 199
207 217
207 230
207 244
207 261
207 278
208 16
208 20
208 42
208 44
208 48
208 50
208 53
208 99
208 105
208 134
208 138
208 160
208 166
208 169
208 174
208 179
208 204
208 209
208 211
208 263
208 281
208 286
208 292
208 293
208 297
209 10
209 22
209 73
209 84
209 90
209 102
209 106
209 127
209 132
209 148
209 182
209 199
209 213
209 235
209 251
209 255
210 3
210 16
210 19
210 28
210 34
210 55
210 72
210 128
210 192
210 198
210 235
210 239
210 249
210 262
211 3
211 12
211 20
211 50
211 126
211 150
211 154
211 217
211 232
211 252
211 267
211 284
212 12
212 95
212 103
212 131
212 133
212 154
212 158
212 197
212 205
212 215
212 259
212 269
212 283
213 2
213 25
213 36
213 38
213 54
213 85
213 113
213 155
213 167
213 170
213 186
213 189
213 201
213 219
213 282
213 296
213 297
213 300
214 19
214 24
214 56
214 64
214 66
214 100
214 104
214 108
214 228
214 247
214 257
215 11
215 14
215 68
215 72
215 81
215 87
215 91
215 98
215 100
215 119
215 150
215 167
215 168
215 173
215 194
215 229
215 231
215 246
215 247
215 261
215 273
216 1
216 36
216 53
216 83
216 273
216 298
217 33
217 48
217 57
217 59
217 64
217 98
217 109
217 134
217 165
217 203
217 232
217 252
217 269
217 279
217 298
217 300
218 9
218 31
218 48
218 54
218 87
218 107
218 133
218 144
218 153
218 154
218 173
218 188
218 208
218 223
218 235
218 248
218 254
218 284
219 25
219 65
219 72
219 83
219 140
219 166
219 184
219 194
219 198
219 211
219 235
219 246
219 251
219 253
219 281
219 296
219 298
220 18
220 27
220 65
220 71
220 127
220 133
220 153
220 160
220 170
220 189
220 230
220 239
220 242
220 258
220 278
221 10
221 12
221 18
221 73
221 104
221 128
221 139
221 140
221 174
221 192
221 193
221 245
221 250
221 254
221 288
221 292
222 17
222 25
222 100
222 115
222 137
222 146
222 164
222 194
222 206
222 225
222 229
222 256
222 266
223 22
223 78
223 103
223 106
223 111
223 128
223 140
223 155
223 163
223 184
223 212
223 234
223 244
223 257
223 276
223 290
224 1
224 18
224 23
224 32
224 65
224 71
224 77
224 106
224 111
224 113
224 114
224 124
224 132
224 191
224 192
224 199
224 228
224 241
224 245
224 292
225 5
225 22
225 45
225 65
225 67
225 102
225 130
225 135
225 139
225 148
225 153
225 169
225 214
225 237
225 245
226 13
226 32
226 49
226 91
226 95
226 98
226 144
226 187
226 210
226 234
226 280
226 293
227 7
227 10
227 13
227 41
227 63
227 73
227 107
227 138
227 152
227 154
227 161
227 163
227 178
227 228
227 238
227 275
227 285
228 12
228 14
228 20
228 59
228 134
228 141
228 143
228 164
228 170
228 171
228 177
228 221
228 232
228 233
228 238
228 248
228 275
228 289
229 2
229 30
229 33
229 68
229 96
229 103
229 109
229 121
229 133
229 137
229 183
229 207
229 218
229 236
229 254
229 261
229 278
229 285
229 287
230 6
230 9
230 34
230 35
230 53
230 131
230 136
230 147
230 164
230 168
230 169
230 172
230 176
230 190
230 231
230 253
230 278
230 296
231 21
231 42
231 127
231 132
231 138
231 143
231 150
231 163
231 165
231 188
231 190
231 223
231 236
231 297
232 3
232 34
232 36
232 61
232 64
232 98
232 99
232 227
232 254
232 280
232 286
232 300
233 29
233 35
233 41
233 49
233 64
233 84
233 89
233 91
233 105
233 189
233 199
233 208
233 210
233 227
233 231
233 236
234 12
234 15
234 18
234 36
234 70
234 73
234 82
234 116
234 151
234 157
234 170
234 173
234 214
234 218
234 237
234 257
234 260
234 262
234 268
234 287
235 4
235 7
235 8
235 34
235 42
235 59
235 85
235 124
235 152
235 153
235 155
235 157
235 158
235 176
235 177
235 221
235 243
235 269
235 277
235 279
236 35
236 44
236 61
236 105
236 147
236 148
236 155
236 173
236 185
236 191
236 208
236 216
236 223
236 235
236 240
236 247
236 266
236 270
236 278
236 281
236 300
237 7
237 34
237 46
237 51
237 58
237 65
237 104
237 113
237 121
237 139
237 165
237 184
237 248
237 261
237 262
237 274
237 294
238 2
238 40
238 42
238 46
238 51
238 62
238 130
238 140
238 152
238 155
238 204
238 208
238 215
238 230
238 244
238 248
238 263
238 269
238 278
238 281
238 292
239 28
239 116
239 122
239 125
239 142
239 171
239 174
239 179
239 187
239 200
239 203
239 206
239 215
239 230
239 231
239 232
239 243
239 277
239 282
239 296
240 2
240 19
240 35
240 52
240 57
240 70
240 106
240 112
240 115
240 145
240 146
240 147
240 148
240 185
240 207
240 225
240 230
240 233
240 238
240 245
240 261
240 264
240 268
241 1
241 6
241 24
241 42
241 47
241 51
241 61
241 78
241 91
241 96
241 99
241 115
241 141
241 167
241 195
241 202
241 207
241 235
241 257
241 258
241 285
242 7
242 20
242 31
242 39
242 48
242 57
242 61
242 118
242 133
242 139
242 154
242 161
242 182
242 185
242 219
242 247
242 250
242 252
242 265
242 281
242 282
243 7
243 12
243 15
243 21
243 42
243 55
243 77
243 86
243 104
243 123
243 140
243 174
243 179
243 191
243 192
243 206
243 266
243 277
243 280
244 14
244 23
244 48
244 62
244 106
244 234
244 239
244 243
244 248
244 275
245 4
245 8
245 10
245 14
245 33
245 92
245 113
245 121
245 170
245 171
245 176
245 203
245 218
245 219
245 228
245 230
245 232
246 34
246 40
246 52
246 78
246 82
246 85
246 96
246 99
246 106
246 120
246 141
246 162
246 169
246 181
246 201
246 206
246 214
246 217
246 220
246 225
246 227
246 234
246 254
246 258
246 261
246 279
246 286
246 298
246 299
247 11
247 24
247 93
247 98
247 117
247 129
247 136
247 150
247 168
247 171
247 245
247 274
247 281
247 294
247 298
248 23
248 57
248 71
248 85
248 130
248 132
248 153
248 169
248 173
248 203
248 219
248 279
248 295
249 6
249 25
249 39
249 58
249 81
249 112
249 118
249 123
249 162
249 170
249 180
249 187
249 194
249 195
249 223
249 236
249 239
249 248
249 266
249 268
249 276
249 284
249 293
250 18
250 39
250 55
250 83
250 95
250 110
250 128
250 133
250 136
250 158
250 160
250 161
250 169
250 191
250 195
250 201
250 210
250 262
250 278
250 286
250 287
250 290
250 294
250 297
250 299
251 12
251 43
251 65
251 88
251 92
251 105
251 127
251 141
251 159
251 160
251 171
251 172
251 175
251 177
251 192
251 216
251 280
252 34
252 74
252 89
252 107
252 109
252 111
252 170
252 198
252 265
252 271
252 282
252 295
253 25
253 94
253 103
253 104
253 123
253 127
253 172
253 190
253 197
253 200
253 218
253 235
253 258
254 19
254 38
254 64
254 78
254 92
254 95
254 99
254 125
254 133
254 137
254 161
254 175
254 189
254 203
254 212
254 214
254 228
254 264
254 273
255 7
255 78
255 92
255 114
255 119
255 126
255 181
255 182
255 231
255 234
255 235
255 246
255 272
255 292
255 294
256 25
256 31
256 33
256 35
256 50
256 128
256 137
256 151
256 183
256 203
256 226
256 255
256 277
256 282
256 288
256 300
257 15
257 18
257 50
257 76
257 77
257 82
257 91
257 101
257 126
257 132
257 146
257 162
257 243
257 291
258 8
258 9
258 46
258 50
258 57
258 69
258 99
258 104
258 151
258 154
258 163
258 180
258 188
258 191
258 238
258 240
258 256
258 263
258 285
258 290
259 6
259 44
259 54
259 70
259 73
259 92
259 127
259 148
259 152
259 199
259 210
259 217
259 255
259 286
259 299
260 13
260 15
260 66
260 79
260 95
260 110
260 132
260 145
260 147
260 149
260 184
260 187
260 196
260 218
260 219
260 252
260 256
260 272
260 294
260 298
261 1
261 5
261 97
261 113
261 162
261 184
261 188
261 196
261 198
261 256
261 257
261 263
261 286
262 40
262 45
262 48
262 71
262 76
262 77
262 78
262 92
262 108
262 115
262 129
262 142
262 144
262 155
262 187
262 197
262 202
262 216
262 251
263 8
263 22
263 39
263 46
263 59
263 138
263 154
263 172
263 215
263 237
263 239
263 251
263 256
263 278
263 291
264 1
264 16
264 39
264 87
264 119
264 134
264 176
264 182
264 184
264 188
264 190
264 192
264 195
264 231
264 234
264 244
264 251
264 253
264 265
264 275
264 280
264 299
265 52
265 72
265 77
265 96
265 114
265 122
265 155
265 156
265 169
265 192
265 233
265 249
265 274
265 297
266 7
266 37
266 72
266 75
266 77
266 82
266 94
266 106
266 117
266 125
266 133
266 159
266 160
266 161
266 171
266 183
266 213
266 218
266 226
266 227
266 252
266 255
266 267
266 275
266 285
266 299
267 14
267 31
267 77
267 87
267 145
267 160
267 162
267 165
267 178
267 179
267 190
267 210
267 222
267 252
267 270
268 41
268 48
268 67
268 69
268 82
268 124
268 137
268 178
268 194
268 218
268 264
268 273
268 293
269 14
269 24
269 62
269 105
269 108
269 160
269 171
269 173
269 208
269 251
269 253
269 270
269 272
269 287
269 292
269 300
270 4
270 8
270 49
270 59
270 75
270 92
270 100
270 101
270 108
270 111
270 118
270 162
270 163
270 176
270 211
270 241
270 277
270 290
271 1
271 27
271 70
271 72
271 111
271 119
271 120
271 124
271 125
271 159
271 162
271 225
271 230
271 238
271 257
271 265
271 292
272 30
272 90
272 132
272 136
272 147
272 191
272 196
272 209
272 214
272 220
272 258
272 283
272 294
272 297
273 15
273 28
273 31
273 105
273 115
273 123
273 124
273 126
273 145
273 176
273 177
273 197
273 202
273 214
273 225
273 250
273 264
273 286
273 288
274 10
274 35
274 40
274 81
274 100
274 121
274 153
274 158
274 172
274 219
274 221
274 261
274 264
274 270
274 277
274 287
275 19
275 20
275 31
275 65
275 73
275 83
275 85
275 98
275 144
275 171
275 176
275 187
275 201
275 245
275 274
275 280
275 289
276 7
276 35
276 44
276 45
276 84
276 124
276 140
276 152
276 177
276 217
276 257
276 259
276 261
276 296
277 46
277 52
277 71
277 81
277 86
277 99
277 118
277 124
277 126
277 130
277 141
277 164
277 168
277 173
277 184
277 189
277 194
277 228
277 250
277 293
278 32
278 45
278 74
278 86
278 87
278 88
278 104
278 122
278 123
278 144
278 151
278 152
278 159
278 195
278 242
278 297
279 2
279 9
279 36
279 41
279 50
279 53
279 56
279 61
279 73
279 78
279 80
279 81
279 96
279 109
279 125
279 180
279 208
279 234
279 241
279 255
279 265
279 273
280 12
280 32
280 39
280 71
280 118
280 120
280 123
280 127
280 153
280 191
280 240
280 242
280 258
280 272
280 286
280 289
281 1
281 32
281 36
281 40
281 73
281 74
281 80
281 90
281 108
281 151
281 155
281 181
281 184
281 199
281 206
281 232
281 248
281 274
281 286
282 11
282 24
282 60
282 137
282 140
282 195
282 220
282 277
282 278
282 296
283 15
283 26
283 29
283 52
283 61
283 84
283 86
283 91
283 135
283 140
283 149
283 189
283 192
283 211
283 223
283 250
283 279
283 292
284 20
284 26
284 72
284 74
284 144
284 154
284 166
284 170
284 179
284 206
284 258
284 264
284 266
284 273
284 278
285 55
285 71
285 83
285 123
285 134
285 195
285 203
285 249
285 252
286 16
286 40
286 45
286 46
286 52
286 64
286 83
286 91
286 100
286 124
286 129
286 133
286 143
286 156
286 164
286 169
286 184
286 223
286 242
286 247
286 253
286 277
286 297
287 6
287 41
287 46
287 59
287 102
287 110
287 123
287 131
287 168
287 178
287 184
287 189
287 190
287 192
287 247
287 273
287 292
288 47
288 112
288 174
288 176
288 178
288 270
288 290
288 294
288 298
288 299
289 3
289 12
289 27
289 36
289 47
289 79
289 81
289 84
289 98
289 130
289 133
289 154
289 187
289 193
289 232
289 244
289 262
289 265
289 296
290 3
290 7
290 11
290 67
290 98
290 109
290 205
290 206
290 237
290 239
290 244
291 24
291 37
291 78
291 130
291 140
291 153
291 175
291 216
291 231
291 276
292 44
292 49
292 59
292 86
292 148
292 177
292 185
292 202
292 217
292 264
292 266
292 282
293 17
293 25
293 27
293 63
293 95
293 106
293 108
293 112
293 130
293 145
293 148
293 158
293 176
293 182
293 183
293 193
293 218
293 227
293 243
293 262
293 263
293 266
293 267
293 271
294 6
294 28
294 48
294 60
294 61
294 113
294 171
294 178
294 207
294 210
294 246
294 249
294 266
294 270
295 5
295 15
295 16
295 26
295 38
295 45
295 80
295 94
295 107
295 115
295 124
295 129
295 141
295 168
295 171
295 179
295 206
295 287
295 289
295 293
296 10
296 13
296 21
296 23
296 57
296 64
296 104
296 107
296 131
296 162
296 184
296 222
296 228
296 252
296 284
296 299
297 10
297 64
297 72
297 99
297 101
297 109
297 125
297 144
297 146
297 161
297 206
297 264
297 269
297 290
298 21
298 28
298 31
298 51
298 67
298 82
298 124
298 127
298 156
298 181
298 197
298 200
298 230
298 263
298 279
298 281
298 285
298 299
299 22
299 41
299 49
299 53
299 54
299 64
299 68
299 74
299 76
299 90
299 100
299 102
299 116
299 137
299 143
299 151
299 182
299 187
299 219
299 229
299 237
299 294
300 10
300 67
300 77
300 82
300 120
300 135
300 141
300 147
300 148
300 150
300 162
300 175
300 188
300 189
300 195
300 224
300 230
300 253
300 275
300 280
300 285

