300 750
22 87 101 23 46 86 85 42 23 58 79 93 50 27 116 103 40 67 57 49 84 49 20 91 66 30 98 50 76 48 110 58 46 100 104 25 48 76 100 101 103 39 23 52 50 106 78 102 49 76 35 72 102 60 100 22 38 58 89 44 111 109 48 59 80 59 34 66 65 63 117 29 46 56 83 98 21 30 32 50 112 78 73 93 32 68 68 117 68 69 79 103 60 76 105 102 53 95 26 107 85 41 75 95 61 67 80 79 33 95 59 88 43 67 113 112 64 68 104 112 81 25 57 98 33 28 20 32 117 46 36 75 114 102 100 75 34 75 69 34 65 41 102 75 59 33 87 34 44 62 27 61 93 92 43 29 97 67 27 22 74 80 93 103 49 94 48 41 48 112 52 53 79 84 29 113 114 92 29 119 36 22 56 25 113 36 119 62 78 31 84 56 120 44 31 99 110 118 50 77 92 76 99 73 37 85 42 81 40 37 81 85 119 90 67 20 83 34 109 37 45 21 44 97 57 102 52 93 51 28 81 53 69 54 118 57 40 57 105 77 30 55 97 98 69 118 88 70 22 22 40 80 90 74 61 84 49 84 30 98 70 97 28 36 72 43 34 39 78 48 63 88 74 22 46 105 42 78 96 34 22 91 53 57 41 49 26 109 85 45 93 109 74 78 58 86 53 67 38 71 
1 44
1 119
1 233
2 138
2 166
2 179
2 231
3 91
3 141
3 224
3 272
3 297
4 26
4 27
4 180
4 211
5 56
5 77
5 84
5 165
5 209
6 8
6 256
7 262
7 274
7 278
8 34
8 47
8 137
8 214
9 44
9 132
9 173
10 147
11 39
11 76
12 151
12 219
13 33
13 223
14 297
15 39
15 70
15 234
15 285
16 2
16 113
16 218
17 28
17 139
17 237
18 60
18 84
18 196
19 42
19 224
20 96
20 152
20 187
20 195
20 199
21 46
21 65
22 94
23 89
24 7
24 163
24 228
24 251
25 291
26 251
27 72
27 169
27 264
28 172
28 266
29 84
29 89
29 237
30 26
30 83
31 64
32 62
32 75
32 133
32 271
33 9
33 154
33 237
33 286
34 68
34 112
34 167
34 178
34 294
35 151
36 89
38 4
38 11
38 251
40 16
40 81
40 207
41 61
41 137
41 175
41 246
42 34
42 169
43 131
43 243
44 133
44 269
45 6
45 39
45 70
45 205
45 206
45 263
45 267
46 189
47 102
48 124
48 239
49 42
49 75
49 222
50 178
51 7
53 64
53 183
54 73
54 149
54 205
55 136
55 242
55 264
55 272
56 32
56 204
56 240
57 56
57 143
57 278
57 296
58 235
59 45
59 66
59 196
59 269
59 295
60 111
61 57
61 84
61 125
61 175
62 23
62 129
62 176
63 2
63 37
63 48
63 202
64 18
65 81
65 116
66 171
66 173
67 130
67 142
67 145
67 216
68 8
68 13
69 57
69 278
70 295
71 82
71 88
72 295
73 11
73 154
73 197
73 208
73 221
73 300
74 14
74 295
75 76
75 81
75 99
75 204
76 126
77 4
77 237
77 271
78 49
78 241
78 271
79 47
79 183
79 191
79 291
80 27
81 97
81 283
82 156
82 237
82 250
82 263
83 211
84 97
84 183
85 69
85 80
86 184
87 187
87 272
88 54
88 256
89 34
89 99
89 296
90 260
91 97
91 125
92 147
92 190
92 297
93 1
93 169
93 205
93 242
93 264
94 52
94 74
94 95
94 260
94 262
95 99
95 101
95 160
96 14
97 142
97 287
98 205
98 241
99 228
100 40
101 30
101 52
101 152
101 271
102 44
102 87
102 169
102 262
103 16
103 89
103 105
104 30
104 254
104 259
105 5
106 44
107 71
107 142
107 276
108 115
108 170
109 28
109 79
109 165
109 232
110 31
110 198
111 107
111 173
111 220
111 223
112 98
112 127
112 231
113 36
113 160
113 193
113 235
113 272
114 10
114 19
115 89
115 93
115 275
116 96
116 97
117 135
117 292
119 57
119 222
119 288
119 300
120 39
120 94
120 118
120 218
121 165
121 233
121 242
122 129
122 150
122 236
123 63
123 79
123 101
123 209
124 82
124 184
124 251
125 249
125 271
125 297
127 138
127 193
127 230
127 242
128 30
128 48
128 200
128 234
130 126
130 252
130 285
131 188
132 15
132 115
132 124
132 141
133 29
133 36
133 70
133 205
133 257
134 259
135 18
135 79
135 237
135 247
135 288
137 48
138 26
138 221
139 21
139 71
139 183
139 184
140 62
140 119
140 298
142 44
142 234
143 114
143 252
144 242
144 293
145 68
146 152
146 299
147 57
147 195
148 150
149 27
149 58
149 79
149 179
149 185
150 8
150 22
150 110
150 236
151 49
151 78
151 92
151 124
151 208
152 161
152 250
152 272
153 130
153 295
154 32
154 296
155 64
155 71
156 78
156 215
156 241
156 245
157 5
157 172
157 209
157 229
158 62
158 145
159 65
160 292
161 48
161 59
162 25
162 259
163 50
163 93
163 157
164 84
164 125
164 231
164 261
165 211
166 115
166 251
167 83
167 122
168 12
168 76
168 182
168 299
169 158
170 2
170 18
170 115
170 149
170 164
170 297
171 151
172 38
172 127
172 128
172 236
172 282
173 54
173 188
173 217
173 251
173 256
174 141
174 230
174 269
175 141
176 21
176 179
176 257
177 97
177 210
177 212
178 40
178 113
178 155
179 6
179 139
179 142
179 231
180 167
180 262
181 107
181 276
182 93
182 120
182 259
182 268
183 68
183 109
185 271
185 273
185 274
186 83
186 170
186 171
186 187
186 196
186 297
187 150
187 179
189 116
189 123
189 150
190 72
190 193
191 2
191 209
192 50
192 75
192 92
192 210
193 64
193 196
193 204
194 37
194 133
195 25
195 141
196 135
196 221
196 298
197 288
198 36
198 137
199 175
199 231
199 281
200 114
202 124
202 172
202 185
203 55
204 41
204 230
206 167
207 10
207 54
207 79
208 280
210 20
210 287
211 18
211 26
211 56
211 64
212 34
212 124
212 281
213 12
213 58
213 270
214 134
214 264
215 10
215 29
215 106
216 23
216 143
216 240
217 20
217 93
218 209
219 111
220 25
220 117
220 154
220 209
221 293
222 57
222 113
223 284
223 290
224 91
225 6
225 190
226 3
226 13
226 165
226 204
227 139
228 107
228 118
228 214
229 133
230 229
231 32
231 166
231 208
231 256
232 182
232 292
233 176
234 20
234 84
235 6
235 128
235 170
236 42
236 120
237 62
237 160
237 223
237 224
237 251
237 262
237 292
238 101
238 117
239 124
239 182
239 246
239 286
240 98
240 202
240 278
241 64
241 82
241 121
242 161
243 68
243 110
243 271
243 280
243 299
244 67
244 293
244 295
245 32
245 41
245 123
245 216
245 280
246 30
248 202
248 277
248 290
249 138
249 198
249 274
250 94
250 197
250 244
251 46
251 115
251 192
251 203
251 270
251 298
252 279
252 296
253 19
253 60
253 114
253 151
253 210
253 255
255 30
255 79
255 246
256 216
256 243
256 258
256 290
258 228
259 13
260 191
261 54
261 63
261 220
261 289
262 19
262 24
262 89
262 181
262 244
263 56
263 71
265 41
265 125
267 58
267 86
267 161
267 167
267 185
267 235
268 275
269 113
269 115
269 215
269 293
270 77
270 235
271 58
271 225
271 241
272 106
272 148
272 153
272 201
272 285
272 289
273 262
274 119
274 159
274 215
274 243
275 50
275 76
275 88
275 272
276 40
276 50
276 168
276 174
276 199
277 14
277 119
278 12
278 21
278 212
278 222
279 47
280 52
280 126
280 133
280 158
280 272
281 136
282 110
283 8
283 12
283 84
283 182
283 202
283 217
284 62
284 231
284 237
285 209
285 230
286 60
287 46
287 219
287 241
288 114
288 299
289 278
290 251
291 91
293 40
293 52
293 210
294 30
294 254
294 291
295 32
295 112
295 158
295 256
296 265
298 279
298 297
299 58
299 75
299 77
299 132
300 132
300 147
300 178

