300 3000
63 109 25 36 61 108 53 25 56 46 113 83 85 67 35 120 80 85 82 112 27 26 42 40 38 102 43 103 99 33 55 85 25 32 20 33 20 27 87 95 117 79 96 21 37 104 38 55 56 97 57 64 78 26 55 20 61 78 28 95 64 45 38 28 91 101 39 91 25 43 68 119 99 29 55 59 120 92 120 40 92 109 38 108 75 34 45 107 71 22 116 55 20 31 105 110 42 80 33 37 116 112 27 62 63 105 114 43 21 95 88 91 70 113 72 90 70 47 92 102 50 70 28 38 46 22 118 106 81 35 52 86 115 113 75 84 75 90 23 100 84 51 69 93 54 46 26 78 81 63 110 44 42 107 102 50 38 20 117 106 105 83 113 61 55 59 56 61 74 51 21 71 26 116 38 85 65 61 114 25 105 37 54 77 103 89 81 112 94 104 97 96 107 51 88 73 105 64 36 66 54 117 65 37 58 67 20 71 75 71 88 49 54 57 21 23 92 21 57 48 103 82 52 97 83 67 100 59 63 61 114 37 90 30 102 86 85 20 90 91 93 111 68 102 77 75 69 53 37 21 94 83 75 45 88 52 51 23 75 67 116 50 93 21 41 23 40 42 87 99 74 94 88 80 52 79 61 98 26 50 117 86 93 67 47 28 112 33 23 71 59 82 75 20 55 96 44 116 54 110 
1 7
1 9
1 27
1 31
1 53
1 87
1 121
1 180
1 204
1 218
1 239
1 244
1 274
2 69
2 75
2 82
2 155
2 159
2 210
3 86
3 88
3 96
3 118
3 120
3 142
3 216
3 224
3 284
3 296
3 299
4 44
4 59
4 73
4 132
4 136
4 212
4 253
4 264
4 269
5 23
5 27
5 66
5 189
5 206
5 227
5 245
5 275
5 276
6 38
6 40
6 41
6 119
6 187
6 194
6 228
6 299
7 2
7 4
7 13
7 24
7 56
7 59
7 69
7 108
7 110
7 116
7 166
7 193
7 233
7 276
7 300
8 27
8 28
8 40
8 51
8 57
8 98
8 212
8 238
8 263
9 12
9 19
9 20
9 39
9 108
9 172
9 179
9 203
9 204
9 251
10 4
10 26
10 28
10 42
10 49
10 59
10 82
10 135
10 217
10 222
10 243
10 267
10 269
10 274
11 4
11 39
11 68
11 95
11 97
11 107
11 134
11 144
11 148
11 201
11 229
11 237
11 273
11 279
11 283
11 289
12 25
12 35
12 47
12 58
12 60
12 66
12 72
12 75
12 288
13 2
13 31
13 50
13 102
13 107
13 131
13 137
13 143
13 153
13 232
13 244
13 266
13 279
13 282
14 111
14 131
14 138
14 208
14 244
14 249
15 3
15 55
15 131
15 149
15 225
16 10
16 21
16 33
16 60
16 95
16 97
16 99
16 108
16 111
16 174
16 208
16 236
16 261
16 297
17 11
17 54
17 98
17 100
17 244
18 5
18 10
18 58
18 73
18 98
18 130
18 199
18 217
18 254
18 289
18 294
19 106
19 113
19 151
19 259
20 27
20 50
20 60
20 64
20 169
20 187
20 205
20 211
20 230
20 252
20 253
20 259
20 284
20 300
21 3
21 8
21 109
21 118
21 134
21 148
21 149
21 222
21 229
21 279
21 284
21 288
22 12
22 14
22 44
22 51
22 57
22 111
22 124
22 125
22 168
22 209
22 229
22 246
23 48
23 95
23 112
23 116
23 133
23 175
23 203
23 204
23 271
24 26
24 38
24 58
24 103
24 123
24 173
24 225
24 227
24 278
24 293
25 32
25 46
25 51
25 53
25 58
25 74
25 87
25 114
25 124
25 218
25 247
25 292
26 23
26 41
26 177
26 187
26 200
26 209
26 237
26 274
27 9
27 29
27 62
27 103
27 110
27 116
27 141
27 216
27 219
27 224
27 267
27 298
28 5
28 44
28 68
28 86
28 99
28 107
28 135
28 145
28 161
28 199
28 215
28 225
28 232
28 268
28 285
28 297
29 9
29 91
29 96
29 99
29 105
29 119
29 129
29 131
29 154
29 193
29 198
29 274
29 281
29 290
29 297
30 26
30 28
30 33
30 68
30 102
30 157
30 160
30 169
30 219
30 227
30 268
31 2
31 116
31 126
31 176
31 185
31 197
31 203
31 221
31 254
31 287
32 5
32 65
32 120
32 134
32 144
32 153
32 176
32 190
32 211
32 220
32 231
32 260
32 289
32 293
32 299
33 19
33 88
33 126
33 195
33 217
33 239
33 300
34 50
34 145
34 224
34 248
34 268
35 17
35 78
35 82
35 91
35 125
35 142
35 159
35 179
35 199
35 215
35 233
35 289
36 6
36 16
36 50
36 139
36 158
36 159
36 173
36 184
36 281
37 12
37 60
37 67
37 97
37 130
37 245
37 261
37 298
38 64
38 176
38 196
38 219
38 237
38 249
38 275
39 14
39 16
39 19
39 51
39 69
39 96
39 102
39 103
39 139
39 163
39 172
39 224
39 225
40 41
40 46
40 87
40 163
40 167
40 253
40 297
41 14
41 36
41 43
41 68
41 147
41 162
41 172
41 189
41 195
41 205
41 210
42 16
42 53
42 97
42 214
42 221
42 247
42 279
43 20
43 123
43 230
43 262
43 266
44 50
44 63
44 71
44 107
44 114
44 128
44 148
44 198
44 248
45 102
45 108
45 112
45 117
45 229
45 253
45 255
45 265
45 285
45 295
46 19
46 26
46 36
46 106
46 122
46 192
46 200
46 219
46 231
47 21
47 32
47 40
47 57
47 72
47 78
47 91
47 100
47 134
47 180
47 190
47 198
47 211
47 233
48 27
48 103
48 120
48 161
48 177
48 233
48 235
48 255
48 290
49 1
49 15
49 43
49 121
49 125
49 218
49 232
49 276
49 284
49 297
50 81
50 120
50 160
50 228
50 261
50 264
50 279
51 17
51 32
51 79
51 99
51 115
51 157
51 177
51 210
51 243
51 279
52 3
52 48
52 92
52 147
52 194
52 246
52 296
53 50
53 54
53 77
53 88
53 110
53 134
53 173
53 205
53 216
53 242
53 269
54 5
54 39
54 125
54 197
54 201
54 228
54 274
54 283
55 29
55 33
55 46
55 47
55 78
55 116
55 126
55 157
55 215
55 250
55 292
55 295
56 30
56 51
56 78
56 126
56 130
56 153
56 155
56 211
56 223
56 259
56 277
56 280
56 281
57 13
57 43
57 89
57 156
57 186
57 194
57 255
57 264
57 281
57 288
58 13
58 50
58 71
58 112
58 129
58 134
58 188
58 198
58 217
59 15
59 85
59 88
59 101
59 115
59 168
59 190
59 266
59 295
60 4
60 17
60 57
60 89
60 98
60 120
60 154
60 187
60 213
60 248
60 294
61 86
61 91
61 92
61 95
61 182
61 184
61 195
61 238
61 253
61 272
61 294
62 3
62 23
62 29
62 103
62 143
62 200
62 246
63 5
63 107
63 126
63 138
63 152
63 176
63 242
63 268
64 14
64 15
64 52
64 56
64 163
64 173
64 195
64 206
64 224
65 14
65 60
65 91
65 139
65 179
65 255
65 265
66 43
66 58
66 149
66 154
66 243
66 251
66 276
66 292
67 62
67 102
67 161
67 244
67 247
68 12
68 63
68 94
68 142
68 153
68 185
68 241
68 291
69 18
69 19
69 63
69 94
69 125
69 141
69 179
69 232
69 254
69 255
69 297
70 36
70 164
70 198
70 216
70 231
70 253
71 6
71 21
71 49
71 77
71 247
71 277
71 298
72 8
72 52
72 99
72 103
72 165
72 174
72 179
72 223
72 258
72 277
72 298
73 23
73 59
73 77
73 100
73 135
73 139
73 154
73 208
73 228
74 47
74 79
74 96
74 104
74 110
74 152
74 162
74 196
74 198
74 215
74 277
74 279
75 8
75 48
75 62
75 96
75 136
75 138
75 152
75 184
75 196
75 243
75 247
75 249
76 28
76 93
76 99
76 129
76 165
76 168
76 235
77 21
77 76
77 89
77 103
77 159
77 218
77 260
77 262
77 265
78 6
78 18
78 45
78 71
78 163
78 181
78 190
78 226
79 38
79 53
79 80
79 96
79 122
79 125
79 152
79 160
79 267
79 292
80 59
80 76
80 130
80 131
80 150
80 160
80 275
81 20
81 30
81 37
81 39
81 128
81 135
81 148
81 149
81 151
81 167
81 185
81 211
81 224
81 231
81 240
81 242
81 250
81 256
81 267
82 4
82 8
82 42
82 67
82 77
82 129
82 134
82 158
82 162
82 184
82 191
82 194
82 198
82 210
82 228
82 234
82 239
82 253
83 4
83 29
83 36
83 66
83 113
83 115
83 132
83 135
83 168
83 193
83 196
83 253
84 11
84 21
84 23
84 34
84 89
84 93
84 110
84 131
84 163
84 167
84 182
84 191
84 232
84 243
84 286
85 67
85 79
85 104
85 112
85 117
85 138
85 154
85 163
85 183
85 192
85 201
85 266
85 291
86 72
86 135
86 157
87 15
87 35
87 109
87 111
87 113
87 185
87 201
87 238
87 241
87 275
87 300
88 27
88 28
88 38
88 95
88 140
88 175
88 205
88 214
88 246
89 4
89 12
89 36
89 66
89 80
89 94
89 154
89 191
89 220
89 227
89 240
89 283
90 9
90 26
90 32
90 53
90 71
90 131
90 164
90 176
91 6
91 83
91 142
91 151
91 193
91 195
91 235
91 259
91 261
91 264
91 282
91 284
92 18
92 30
92 34
92 42
92 144
92 153
92 170
92 204
92 253
92 264
92 288
92 289
93 1
93 32
93 41
93 125
93 158
93 159
93 172
93 175
93 255
93 274
94 49
94 53
94 190
94 214
94 233
94 294
94 298
95 14
95 47
95 144
95 146
95 195
95 238
95 248
95 268
95 269
95 286
96 30
96 52
96 81
96 104
96 128
96 192
96 196
96 231
96 234
96 235
96 275
96 287
96 298
97 39
97 75
97 81
97 88
97 99
97 174
97 212
97 275
97 283
98 14
98 103
98 110
98 114
98 115
98 195
98 224
99 67
99 80
99 93
99 105
99 120
99 124
99 132
99 189
99 276
100 13
100 41
100 62
100 104
100 209
100 230
100 258
101 25
101 121
101 142
101 153
101 188
101 192
101 201
101 215
101 217
101 229
101 231
101 246
101 270
102 5
102 29
102 129
102 139
102 172
102 189
102 230
102 236
102 249
102 252
102 298
103 71
103 91
103 105
103 111
103 235
104 8
104 21
104 35
104 54
104 110
104 176
104 208
104 216
104 240
104 297
105 2
105 13
105 22
105 28
105 123
105 132
105 156
105 284
105 293
106 35
106 41
106 66
106 70
106 80
106 110
106 134
106 160
106 258
106 293
107 14
107 31
107 72
107 82
107 88
107 182
107 236
107 266
107 294
108 6
108 10
108 31
108 32
108 49
108 66
108 87
108 92
108 127
108 140
108 190
108 215
108 223
108 248
108 259
108 266
109 38
109 106
109 128
109 137
109 158
109 221
109 251
109 273
109 274
109 291
110 58
110 117
110 199
110 271
110 283
110 284
111 5
111 35
111 63
111 85
111 172
111 207
111 220
111 288
112 15
112 25
112 34
112 43
112 100
112 187
112 216
112 226
112 229
112 252
112 292
113 31
113 111
113 143
113 169
113 233
113 263
113 295
114 7
114 76
114 84
114 90
114 109
114 115
114 148
114 157
114 172
114 198
114 210
114 229
114 274
115 2
115 43
115 72
115 104
115 153
115 172
115 193
115 200
115 213
115 221
115 254
115 269
115 273
116 26
116 36
116 58
116 98
116 120
116 150
116 168
116 188
116 223
116 242
117 95
117 129
117 141
117 166
117 174
117 220
117 238
117 250
117 263
117 278
117 295
118 9
118 14
118 114
118 155
118 176
118 183
118 185
118 264
118 267
119 35
119 52
119 100
119 205
119 234
119 268
119 279
119 280
119 290
119 293
119 296
120 2
120 20
120 40
120 59
120 71
120 98
120 127
120 178
120 257
121 38
121 86
121 90
121 124
121 142
121 166
121 176
121 181
121 186
121 212
121 225
121 250
121 281
122 12
122 75
122 140
122 154
122 169
122 172
122 204
122 213
122 268
122 294
123 19
123 80
123 85
123 115
123 145
123 164
123 183
123 221
123 249
123 258
123 260
124 6
124 83
124 95
124 128
124 130
125 30
125 56
125 58
125 60
125 84
125 97
125 150
125 239
125 257
126 42
126 47
126 48
126 64
126 69
126 85
126 109
126 114
126 169
126 216
126 217
127 17
127 32
127 46
127 65
127 116
127 177
127 178
127 196
127 246
127 272
127 280
128 26
128 66
128 76
128 117
128 210
128 223
128 297
129 30
129 80
129 84
129 122
129 242
129 271
129 288
130 1
130 28
130 29
130 42
130 43
130 67
130 70
130 107
130 118
130 119
130 135
130 150
130 155
130 173
130 241
130 263
131 45
131 59
131 69
131 109
131 162
131 191
131 240
131 241
132 37
132 43
132 55
132 131
132 164
132 212
132 216
132 240
132 270
132 299
133 102
133 140
133 157
133 158
133 161
133 215
134 24
134 40
134 41
134 60
134 66
134 77
134 119
134 125
134 142
134 149
134 210
134 222
134 270
134 285
134 290
135 41
135 69
135 80
135 118
135 158
135 166
135 184
135 210
135 214
135 243
135 257
135 283
136 52
136 58
136 63
136 68
136 94
136 121
136 130
136 177
136 180
136 202
136 272
136 279
136 282
137 8
137 21
137 54
137 65
137 79
137 91
137 105
137 158
137 209
137 214
137 234
137 266
137 281
137 293
137 298
138 44
138 89
138 168
138 175
138 189
138 194
138 217
138 222
138 263
139 97
139 113
139 134
139 144
139 178
139 220
139 272
140 62
140 67
140 119
140 124
140 130
140 144
140 180
140 182
140 253
141 19
141 30
141 48
141 50
141 57
141 66
141 183
141 186
141 233
141 256
141 257
141 269
141 285
142 32
142 60
142 103
142 135
142 145
142 156
142 157
142 218
142 262
142 281
143 40
143 57
143 95
143 110
143 195
143 216
143 249
143 251
143 269
143 273
143 299
144 35
144 65
144 69
144 136
144 164
144 194
144 279
145 49
145 114
145 120
145 199
145 205
145 207
145 232
145 268
145 296
145 297
146 70
146 85
146 111
146 134
146 173
146 174
146 177
146 194
146 196
146 209
146 291
147 8
147 51
147 124
147 127
147 139
147 278
147 292
148 17
148 23
148 27
148 45
148 51
148 125
148 135
148 140
148 159
148 172
148 197
148 217
148 258
148 290
149 4
149 8
149 48
149 57
149 60
149 89
149 107
149 115
149 199
149 279
150 45
150 137
150 193
150 279
151 13
151 94
151 125
151 166
151 175
151 231
151 243
151 244
151 255
151 289
152 38
152 136
152 141
152 146
152 197
152 239
152 244
152 252
152 290
153 26
153 41
153 55
153 97
153 109
153 116
153 126
153 131
153 195
153 204
153 230
153 235
153 274
153 291
154 11
154 53
154 106
154 107
154 120
154 123
154 136
154 145
155 3
155 19
155 102
155 189
155 199
155 238
155 271
155 281
155 288
156 23
156 60
156 188
156 190
157 14
157 46
157 50
157 52
157 57
157 91
157 109
157 120
157 190
157 209
157 227
157 235
157 240
157 246
157 300
158 2
158 51
158 52
158 60
158 70
158 91
158 139
158 142
158 152
158 196
158 214
158 235
158 289
159 23
159 94
159 147
159 163
159 240
159 260
159 278
160 29
160 44
160 94
160 97
160 101
160 159
160 173
160 195
160 217
160 244
160 270
160 273
161 15
161 32
161 73
161 78
161 81
161 128
161 145
161 189
161 199
161 200
161 265
162 5
162 34
162 140
162 157
162 158
162 220
162 257
162 258
162 275
162 288
163 18
163 28
163 46
163 143
163 171
163 176
163 183
163 219
163 226
163 290
164 48
164 79
164 147
164 152
164 195
164 219
164 253
164 261
164 277
165 11
165 19
165 36
165 58
165 132
165 204
165 236
165 264
165 266
165 290
166 9
166 21
166 94
166 100
166 147
166 159
166 247
167 13
167 46
167 64
167 99
167 107
167 143
167 198
167 216
167 217
167 226
167 246
167 267
167 280
168 35
168 36
168 98
168 102
168 127
168 142
168 186
168 211
168 232
168 256
168 259
168 266
168 274
168 279
168 283
168 289
168 294
169 18
169 61
169 85
169 93
169 120
169 171
169 180
169 183
169 190
169 207
170 1
170 25
170 35
170 57
170 94
170 104
170 109
170 113
170 148
170 179
170 187
170 193
170 220
170 279
171 9
171 90
171 144
171 217
171 219
171 256
172 18
172 47
172 58
172 73
172 77
172 92
172 118
172 154
172 161
172 179
172 226
172 252
172 258
172 269
172 280
173 104
173 170
173 196
173 275
174 26
174 100
174 124
174 213
174 237
174 289
175 53
175 71
175 82
175 121
175 161
175 197
175 217
175 227
175 228
175 256
176 137
176 175
176 223
176 226
176 238
176 258
176 271
176 292
177 13
177 20
177 69
177 81
177 149
177 160
177 219
177 242
177 264
177 290
178 90
178 130
178 131
178 146
178 152
178 155
178 188
178 211
178 229
178 234
178 262
178 274
178 296
179 23
179 42
179 61
179 175
179 231
179 270
180 60
180 62
180 81
180 153
180 255
180 277
180 289
181 62
181 125
181 156
181 163
181 228
181 243
181 259
182 46
182 87
182 112
182 113
182 128
182 136
182 171
182 179
182 192
182 210
182 217
183 17
183 25
183 48
183 55
183 79
183 96
183 181
183 194
183 205
183 244
183 297
184 17
184 35
184 65
184 126
184 167
184 207
184 225
185 11
185 84
185 135
185 166
185 171
185 198
185 215
185 224
185 269
185 283
185 294
185 299
186 11
186 87
186 112
186 125
186 135
186 147
186 154
186 160
186 206
186 212
186 226
186 252
186 269
187 87
187 91
187 102
187 109
187 272
187 275
187 300
188 17
188 27
188 51
188 80
188 87
188 131
188 138
188 179
188 190
188 199
188 230
188 243
188 245
188 276
188 283
188 286
189 10
189 51
189 64
189 72
189 97
189 124
189 168
189 224
190 29
190 103
190 136
190 144
190 170
190 219
190 220
190 266
190 271
190 280
190 294
191 8
191 54
191 59
191 65
191 116
191 144
191 171
191 300
192 5
192 11
192 24
192 37
192 51
192 138
192 165
192 209
192 222
192 267
192 272
193 121
193 122
193 132
193 155
193 157
193 222
193 228
193 281
194 53
194 71
194 142
194 145
194 186
194 213
195 17
195 60
195 63
195 105
195 106
195 135
195 137
195 152
195 197
195 240
195 241
195 264
196 16
196 29
196 31
196 63
196 79
196 159
196 165
196 166
196 205
196 229
197 12
197 24
197 42
197 79
197 128
197 151
197 164
197 229
198 9
198 43
198 46
198 84
198 104
198 141
198 163
198 183
198 190
198 193
198 201
198 202
198 256
198 278
198 291
199 6
199 10
199 128
199 133
199 151
199 190
199 196
199 214
199 236
199 246
199 278
200 3
200 45
200 89
200 139
200 162
200 163
200 199
200 211
200 218
200 222
201 86
201 90
201 112
201 140
201 145
201 151
201 169
201 177
201 213
201 220
201 232
201 236
201 247
201 254
202 24
202 76
202 95
202 135
202 147
202 151
202 200
202 208
202 232
202 292
203 2
203 21
203 104
203 129
203 183
203 191
203 195
203 197
203 239
203 242
203 271
203 274
203 280
204 12
204 76
204 86
204 160
204 233
204 272
204 273
204 285
204 286
205 17
205 204
205 278
206 6
206 26
206 32
206 78
206 146
206 205
206 210
206 224
206 244
207 113
207 116
207 191
207 213
207 224
207 254
207 266
207 282
207 288
208 21
208 24
208 34
208 36
208 43
208 61
208 133
208 155
208 171
208 221
208 261
208 287
209 4
209 25
209 32
209 55
209 74
209 76
209 98
209 114
209 116
209 121
209 162
209 245
209 248
209 274
210 32
210 73
210 103
210 106
210 138
210 142
210 150
210 179
210 185
210 192
210 197
210 247
210 290
211 9
211 86
211 90
211 93
211 106
211 114
211 137
211 155
211 185
211 266
211 271
211 297
212 16
212 31
212 43
212 88
212 119
212 135
212 138
212 140
212 210
212 291
212 298
213 80
213 139
213 158
213 183
213 292
214 7
214 37
214 90
214 148
214 180
214 241
215 2
215 43
215 57
215 71
215 117
215 119
215 120
215 146
215 153
215 161
215 217
215 294
215 297
215 299
216 37
216 58
216 76
216 98
216 125
216 136
216 175
216 206
216 236
217 5
217 19
217 88
217 150
217 173
217 180
217 198
217 228
217 236
217 241
217 279
218 140
218 158
218 162
218 167
218 204
218 250
218 259
219 61
220 22
220 59
220 84
220 155
220 157
220 166
220 175
220 182
220 184
220 210
220 236
220 242
220 254
220 289
221 13
221 30
221 106
221 157
221 161
221 183
221 199
221 204
221 225
221 251
222 25
222 33
222 46
222 81
222 90
222 100
222 113
222 116
222 117
222 135
222 143
222 161
222 199
222 225
222 247
222 251
223 38
223 65
223 68
223 77
223 106
223 107
223 115
223 143
223 152
223 173
223 182
223 190
223 237
224 6
224 16
224 44
224 72
224 136
224 159
224 163
224 169
224 253
224 291
225 51
225 77
225 84
225 91
225 155
225 173
225 242
225 300
226 2
226 20
226 29
226 32
226 60
226 89
226 102
226 135
226 168
226 211
226 258
226 264
227 23
227 33
227 70
227 74
227 81
227 143
227 152
227 165
227 216
227 223
227 258
227 286
227 296
228 19
228 23
228 32
228 94
228 122
228 146
228 161
228 182
228 219
228 234
228 255
228 292
229 50
229 71
229 91
229 107
229 116
229 154
229 231
229 245
229 258
229 281
230 39
230 137
230 157
230 158
230 286
230 298
231 22
231 77
231 78
231 105
231 133
231 174
231 217
231 237
231 238
231 243
231 266
231 273
231 276
232 43
232 130
232 185
232 234
232 257
233 105
233 132
233 157
233 169
233 173
233 218
233 251
233 258
234 29
234 45
234 55
234 58
234 76
234 97
234 168
234 195
234 278
234 293
235 8
235 172
235 182
235 196
235 205
235 248
235 275
235 279
235 298
236 29
236 69
236 74
236 129
236 167
236 196
237 18
237 53
237 77
237 154
237 179
237 185
237 218
237 226
237 258
237 276
238 1
238 34
238 36
238 41
238 46
238 59
238 76
238 120
238 128
239 4
239 70
239 102
239 126
239 161
239 179
239 180
239 184
239 204
239 244
239 265
239 284
240 46
240 77
240 113
240 123
240 139
240 141
240 175
240 188
240 202
240 291
241 11
241 59
241 165
241 207
241 208
241 223
241 243
241 247
241 249
241 299
242 10
242 27
242 35
242 51
242 52
242 71
242 121
242 128
242 150
242 153
242 164
242 182
242 204
242 224
242 232
242 298
243 55
243 154
243 155
243 166
243 210
243 219
243 261
243 264
243 276
243 297
243 300
244 29
244 48
244 53
244 68
244 83
244 92
244 198
244 204
244 214
244 268
244 286
245 16
245 17
245 25
245 104
245 114
245 124
245 142
245 145
245 239
245 261
246 15
246 74
246 93
246 117
246 131
246 143
246 162
246 175
246 231
246 234
246 243
246 256
246 270
247 34
247 38
247 69
247 99
247 130
247 143
247 156
247 162
247 260
247 286
247 290
247 296
248 37
248 51
248 68
248 78
248 130
248 132
248 150
248 159
248 167
248 185
248 198
248 212
248 231
248 247
248 258
249 22
249 53
249 91
249 124
249 159
249 161
249 173
249 212
249 282
249 284
249 296
250 2
250 13
250 19
250 63
250 80
250 103
250 134
250 145
250 187
250 190
250 213
250 226
250 242
250 271
250 285
250 293
251 27
251 59
251 79
251 81
251 86
251 91
251 128
251 155
251 217
251 252
251 275
251 292
252 15
252 19
252 23
252 75
252 93
252 95
252 110
252 135
252 187
252 213
252 260
252 298
253 43
253 68
253 95
253 162
253 234
253 279
254 2
254 3
254 34
254 67
254 86
254 112
254 134
254 228
254 247
254 264
254 289
255 47
255 58
255 71
255 73
255 92
255 96
255 122
255 139
255 147
255 195
255 199
255 231
255 234
255 245
255 276
256 39
256 67
256 69
256 107
256 154
256 186
256 193
256 194
256 202
256 218
256 229
256 247
256 289
257 8
257 43
257 71
257 108
257 196
257 262
257 271
258 31
258 127
258 170
258 189
258 196
258 246
258 264
258 276
259 40
259 103
259 113
259 120
259 140
259 166
259 171
259 180
259 200
259 203
259 231
259 275
259 292
260 71
260 97
260 146
260 148
260 155
260 156
260 164
260 167
260 215
260 255
260 269
261 51
261 70
261 184
261 199
261 212
261 263
261 270
262 60
262 69
262 84
262 108
262 149
262 161
262 168
262 220
262 237
262 277
262 300
263 76
263 77
263 103
263 115
263 119
263 128
263 225
263 241
263 266
263 269
263 280
264 84
264 95
264 138
264 142
264 216
264 234
264 251
264 263
264 272
264 275
265 5
265 16
265 86
265 109
265 120
265 178
265 181
265 220
265 266
265 280
266 4
266 33
266 49
266 71
266 106
266 157
266 200
266 214
266 245
266 269
266 284
266 286
267 6
267 80
267 89
267 114
267 145
267 213
267 236
267 254
267 276
268 11
268 48
268 157
268 172
268 175
268 185
268 229
268 260
268 264
268 276
268 279
269 29
269 50
269 71
269 82
269 122
269 126
269 140
269 262
270 10
270 11
270 28
270 46
270 72
270 176
270 228
270 230
270 234
270 245
270 249
270 272
271 27
271 79
271 109
271 166
271 208
271 253
272 46
272 77
272 133
272 263
272 295
272 298
273 19
273 53
273 65
273 72
273 102
273 136
273 144
273 157
273 186
273 271
274 49
274 62
274 76
274 99
274 105
274 125
274 245
274 247
274 251
274 257
274 294
275 61
275 180
275 184
275 261
275 282
276 54
276 80
276 124
276 165
276 166
276 178
276 226
276 264
277 23
277 36
277 79
277 119
277 123
277 126
277 141
277 142
277 183
277 189
277 252
277 286
278 9
278 150
278 155
278 172
278 259
278 285
279 100
279 118
279 120
279 169
279 172
280 19
280 30
280 31
280 48
280 116
280 145
280 193
280 202
280 214
280 248
280 276
281 2
281 31
281 46
281 52
281 60
281 89
281 152
281 204
281 209
281 262
282 7
282 56
282 96
282 125
282 144
282 160
282 162
282 208
282 215
282 227
282 241
282 242
282 295
283 12
283 16
283 68
283 71
283 75
283 105
283 132
283 139
283 225
283 229
283 251
283 254
284 39
284 40
284 46
284 132
284 137
284 165
284 242
284 286
284 297
284 300
285 38
285 60
285 77
285 95
285 104
285 120
285 168
285 179
285 189
285 200
285 213
285 236
285 256
285 282
286 16
286 22
286 89
286 146
286 166
286 210
286 228
286 253
287 35
287 47
287 72
287 84
287 90
287 95
287 102
287 150
287 158
287 206
287 221
287 227
287 247
287 259
287 270
288 19
288 55
288 73
288 121
288 125
288 144
288 176
288 182
288 187
288 202
288 255
289 3
289 21
289 23
289 61
289 112
289 115
289 137
289 143
289 145
289 170
289 172
289 181
289 206
289 218
289 221
289 264
290 4
290 118
290 120
290 184
291 6
291 9
291 37
291 71
291 92
291 117
291 160
291 191
291 244
291 252
291 254
291 273
292 5
292 16
292 91
292 93
292 129
292 137
292 174
292 283
292 296
292 299
292 300
293 43
293 165
293 176
293 187
293 261
294 69
294 146
294 163
294 193
294 251
295 51
295 135
295 170
295 197
295 260
296 46
296 68
296 80
296 85
296 104
296 112
296 136
296 159
296 207
296 220
296 225
296 244
296 245
297 51
297 102
297 149
297 179
298 48
298 132
298 173
298 182
298 183
298 213
298 221
298 277
298 284
299 4
299 23
299 50
299 82
299 87
299 93
299 99
299 116
299 141
299 186
299 260
300 32
300 150
300 151
300 188
300 202
300 223
300 253
300 263

