150 750
68 60 89 93 118 86 23 63 35 111 91 34 29 74 88 102 46 23 76 31 110 116 26 47 54 102 77 84 71 107 112 21 33 27 32 104 60 60 42 111 118 45 110 56 95 80 102 35 93 54 77 95 65 117 111 39 35 67 76 96 48 56 22 106 108 51 86 43 89 111 96 96 115 53 119 38 38 36 102 90 101 93 69 83 99 84 88 44 65 63 31 60 41 82 86 117 21 90 62 62 96 111 74 63 71 25 27 62 56 39 108 87 49 22 23 89 48 106 54 37 119 98 59 70 93 21 49 110 94 29 38 52 88 107 91 90 59 28 51 81 74 48 87 84 20 38 108 92 20 57 
1 102
2 43
2 70
2 89
2 138
4 55
4 66
5 3
5 61
5 69
5 76
5 86
5 126
6 49
6 106
6 134
6 137
6 146
7 5
7 11
7 14
7 22
7 32
7 61
7 64
7 73
7 80
8 3
8 44
8 62
8 111
8 113
9 31
10 8
10 28
10 67
10 114
10 118
10 124
10 138
11 80
11 102
11 112
12 3
12 23
12 34
12 40
12 116
13 4
13 20
13 30
13 77
13 78
13 111
13 127
13 131
13 149
14 9
14 35
14 86
14 104
14 109
15 34
15 43
15 99
15 140
16 2
16 10
16 19
16 50
16 92
17 10
17 55
17 81
18 2
18 20
18 44
18 58
18 116
18 129
18 136
19 34
19 43
19 89
19 112
19 118
20 8
20 12
20 21
20 34
20 68
20 87
20 135
21 31
21 44
21 53
21 89
21 113
21 148
22 53
22 97
23 17
23 61
23 99
23 137
24 64
24 72
25 20
25 29
25 38
25 54
25 84
25 86
25 102
25 109
26 75
26 142
26 145
27 110
28 7
28 14
28 32
28 87
29 30
29 44
29 58
29 63
29 67
29 68
29 142
30 9
30 38
30 73
30 91
30 130
30 138
30 144
31 26
31 36
31 40
31 71
31 74
31 94
32 8
32 30
32 49
32 78
32 79
32 101
33 2
33 30
33 66
33 82
33 84
33 88
33 129
34 9
34 43
34 59
34 94
34 109
34 112
34 115
34 117
34 119
34 143
34 146
35 30
35 37
35 53
35 61
35 62
35 67
35 69
35 83
35 140
36 69
37 22
38 21
38 32
38 50
38 77
38 133
38 141
39 22
39 23
39 42
39 53
39 121
40 23
41 17
41 46
41 78
41 96
41 111
42 49
42 77
42 78
42 125
42 139
42 143
43 14
43 48
43 87
43 117
43 150
44 28
44 32
44 36
44 120
44 123
45 1
45 23
45 74
45 86
45 102
45 133
45 142
46 16
46 88
47 28
47 37
47 82
47 89
47 94
48 2
48 14
48 26
48 38
48 86
48 87
48 97
48 141
48 145
49 22
49 63
49 72
49 103
49 141
50 30
51 12
51 132
52 16
52 27
52 39
52 80
53 34
53 69
53 85
53 112
54 46
54 99
54 116
54 124
54 135
55 14
55 25
55 150
56 80
56 86
57 15
57 46
57 93
57 97
57 99
57 129
57 138
57 142
58 5
58 30
58 38
58 68
58 70
58 80
58 93
58 94
58 101
58 107
58 119
58 144
59 11
59 20
59 85
59 102
59 105
59 117
59 141
59 143
60 7
60 71
61 4
61 27
61 102
61 108
61 111
61 125
62 85
62 87
63 17
63 32
63 62
63 92
63 100
63 101
63 130
63 141
64 41
64 69
64 75
64 78
64 137
64 140
65 39
65 41
65 55
65 75
65 90
65 138
66 14
66 76
66 78
66 80
66 126
67 2
67 16
67 62
67 143
68 2
68 14
68 65
68 83
68 113
68 114
69 20
69 22
69 46
69 74
69 108
69 142
69 143
69 148
69 150
70 57
70 98
70 149
71 37
71 38
71 67
71 92
71 109
71 130
72 15
72 17
72 65
72 75
73 4
73 34
73 49
73 76
73 107
73 122
73 129
73 139
74 6
74 26
74 44
74 64
74 77
74 89
74 111
74 147
75 47
75 50
75 59
75 136
76 23
76 32
76 47
76 60
76 79
76 107
76 126
77 36
77 39
77 76
77 84
78 1
78 4
78 5
78 65
79 18
79 35
79 51
79 84
79 133
80 21
80 47
80 94
80 116
80 127
80 141
81 9
81 53
81 72
81 107
81 118
82 12
82 46
82 88
82 103
82 121
82 131
82 147
83 53
83 77
83 106
83 112
84 3
84 18
84 53
84 70
85 2
85 32
85 113
85 126
85 136
85 143
86 21
86 49
86 55
86 65
86 73
86 78
86 135
86 137
86 146
87 53
87 54
87 57
87 59
87 74
87 120
87 132
87 135
88 29
88 44
88 75
88 99
88 107
88 150
89 28
89 34
89 92
89 118
89 136
89 146
90 3
90 17
90 19
90 34
90 36
90 70
91 14
91 35
91 44
91 68
91 80
91 97
91 114
91 118
91 126
92 29
92 54
92 81
92 99
92 127
93 33
93 113
93 138
94 109
94 111
94 114
94 130
95 33
95 51
95 60
95 94
95 125
95 132
95 133
96 31
96 70
96 75
96 137
96 146
96 148
97 14
98 11
98 41
98 50
98 57
98 62
98 129
99 4
99 12
99 58
99 74
99 143
100 119
100 149
101 8
101 21
101 30
101 31
101 41
101 44
101 70
101 109
101 135
102 23
102 24
103 54
103 65
103 72
103 89
103 101
103 136
104 7
104 26
104 120
104 142
105 53
105 67
105 76
105 94
106 25
106 86
106 121
106 127
107 52
107 59
107 117
107 135
108 41
108 50
108 138
108 147
108 150
109 15
109 66
109 72
109 128
110 7
110 12
110 71
111 22
111 23
111 25
111 70
111 90
111 112
111 114
112 74
112 81
113 5
113 40
113 60
114 61
114 115
114 144
115 15
115 84
116 6
116 41
116 96
116 110
116 123
116 142
117 1
117 96
117 98
117 111
117 129
118 9
118 55
118 56
118 80
118 128
119 3
119 8
119 42
119 46
119 47
119 76
119 77
119 111
120 130
120 135
120 139
120 143
121 57
121 63
121 144
121 149
122 15
122 30
122 50
122 81
123 73
123 113
124 5
124 18
124 47
124 106
124 113
124 123
124 139
125 12
125 44
125 74
125 82
125 108
125 135
126 48
126 54
126 111
126 123
126 130
126 135
127 6
127 10
127 57
128 126
128 135
129 9
129 13
129 19
129 32
129 36
129 39
129 71
130 16
130 17
130 29
130 117
130 131
131 22
131 148
132 15
132 22
132 70
132 80
132 96
132 134
132 140
132 147
133 32
133 36
133 54
133 74
133 147
134 16
134 64
134 89
134 97
134 102
134 106
135 16
135 84
135 104
136 24
136 93
136 115
136 121
136 127
137 24
137 36
137 48
138 19
138 45
138 63
138 103
138 119
139 27
139 50
139 88
139 89
140 4
140 24
140 29
140 44
140 56
140 72
140 100
140 137
140 144
141 16
141 62
141 116
141 125
141 127
142 8
142 31
142 50
142 67
142 68
142 113
142 130
143 26
143 54
143 63
143 127
143 132
143 144
143 148
144 7
144 19
144 61
144 86
144 87
144 90
144 96
144 123
145 135
146 13
146 63
146 149
147 10
147 17
147 81
147 96
147 122
148 9
148 40
148 41
148 43
148 85
148 100
148 109
148 139
148 141
149 57
149 67
149 88
149 132
149 140
150 12
150 20
150 68
150 93

