100 2000
38 47 30 21 59 80 77 79 120 37 60 77 54 75 70 96 74 37 63 77 88 118 99 118 41 31 92 70 58 75 20 80 62 45 56 100 61 34 111 43 71 94 41 89 26 114 49 99 108 99 63 107 68 29 65 43 75 103 56 21 86 45 71 117 28 95 28 59 92 42 78 114 70 27 55 82 104 41 26 24 81 65 113 80 61 30 95 110 22 114 90 83 108 25 47 67 73 58 99 27 
1 4
1 9
1 21
1 25
1 27
1 36
1 42
1 50
1 55
1 56
1 57
1 63
1 67
1 73
1 76
1 77
1 78
1 81
1 87
1 90
1 97
1 99
2 8
2 16
2 19
2 25
2 27
2 28
2 29
2 31
2 34
2 35
2 55
2 58
2 63
2 71
2 72
2 83
2 84
2 86
2 89
2 93
2 95
2 98
2 99
2 100
3 9
3 17
3 22
3 26
3 44
3 46
3 53
3 57
3 58
3 66
3 67
3 68
3 74
3 78
3 80
3 81
3 84
3 100
4 2
4 6
4 10
4 11
4 19
4 22
4 25
4 41
4 44
4 49
4 56
4 57
4 59
4 61
4 66
4 67
4 69
4 74
4 79
4 81
4 85
4 86
4 90
4 93
4 95
4 96
4 100
5 1
5 2
5 4
5 9
5 13
5 15
5 30
5 34
5 45
5 47
5 57
5 58
5 60
5 65
5 75
5 82
5 86
5 88
5 99
5 100
6 8
6 16
6 17
6 27
6 30
6 46
6 47
6 50
6 56
6 60
6 61
6 62
6 63
6 65
6 77
6 83
6 88
6 92
6 93
6 97
7 2
7 8
7 19
7 21
7 24
7 27
7 33
7 36
7 42
7 43
7 46
7 47
7 48
7 59
7 62
7 69
7 70
7 74
7 85
7 87
7 90
7 96
7 99
7 100
8 3
8 5
8 10
8 13
8 21
8 25
8 35
8 42
8 44
8 48
8 55
8 58
8 64
8 65
8 67
8 70
8 79
8 81
8 84
8 89
8 94
8 97
8 98
8 99
9 2
9 6
9 7
9 24
9 52
9 53
9 58
9 61
9 66
9 69
9 74
9 77
9 80
9 81
9 86
9 90
9 92
9 93
10 13
10 27
10 30
10 34
10 38
10 50
10 63
10 71
10 89
10 90
10 91
10 94
10 99
11 5
11 15
11 18
11 27
11 36
11 38
11 39
11 41
11 43
11 45
11 47
11 48
11 51
11 64
11 66
11 70
11 79
11 94
11 99
11 100
12 1
12 4
12 5
12 8
12 11
12 13
12 26
12 27
12 39
12 57
12 60
12 65
12 78
12 79
12 87
12 99
13 4
13 6
13 18
13 23
13 27
13 29
13 30
13 32
13 58
13 71
13 95
13 100
14 5
14 20
14 23
14 27
14 40
14 41
14 42
14 44
14 48
14 50
14 56
14 60
14 62
14 69
14 71
14 85
14 86
14 93
14 95
15 8
15 9
15 10
15 12
15 17
15 31
15 32
15 35
15 43
15 44
15 46
15 54
15 60
15 64
15 66
15 67
15 73
15 74
15 79
15 90
15 94
15 98
16 3
16 4
16 13
16 19
16 21
16 31
16 39
16 40
16 45
16 48
16 59
16 60
16 75
16 79
16 84
16 94
17 1
17 10
17 11
17 12
17 14
17 21
17 22
17 23
17 24
17 27
17 33
17 40
17 41
17 44
17 55
17 56
17 57
17 61
17 62
17 67
17 75
17 83
17 91
17 92
18 2
18 4
18 16
18 19
18 27
18 28
18 33
18 38
18 41
18 45
18 52
18 55
18 56
18 58
18 61
18 65
18 71
18 77
18 79
18 97
18 99
19 6
19 9
19 13
19 20
19 30
19 31
19 37
19 39
19 41
19 45
19 48
19 51
19 53
19 56
19 57
19 59
19 61
19 70
19 71
19 74
19 76
19 81
19 87
19 95
20 1
20 9
20 12
20 13
20 16
20 18
20 21
20 25
20 31
20 34
20 36
20 38
20 50
20 60
20 62
20 63
20 66
20 81
20 84
20 85
20 89
20 92
21 3
21 5
21 6
21 9
21 12
21 13
21 14
21 18
21 19
21 32
21 34
21 35
21 41
21 52
21 60
21 61
21 63
21 64
21 90
21 97
21 100
22 1
22 2
22 8
22 9
22 23
22 26
22 28
22 31
22 32
22 44
22 46
22 47
22 59
22 63
22 78
22 82
22 89
22 95
22 99
23 1
23 6
23 7
23 9
23 11
23 21
23 25
23 26
23 33
23 35
23 38
23 39
23 43
23 48
23 51
23 58
23 64
23 68
23 84
23 85
23 98
24 8
24 11
24 18
24 19
24 29
24 31
24 35
24 49
24 53
24 59
24 61
24 64
24 65
24 75
24 88
24 91
24 92
25 18
25 22
25 31
25 32
25 35
25 36
25 38
25 49
25 55
25 56
25 57
25 61
25 68
25 70
25 83
25 85
25 87
25 92
25 94
26 2
26 4
26 13
26 14
26 18
26 19
26 20
26 21
26 27
26 32
26 36
26 48
26 49
26 50
26 53
26 58
26 68
26 69
26 78
26 79
26 85
26 89
26 92
26 98
26 99
27 4
27 15
27 16
27 20
27 21
27 29
27 31
27 39
27 42
27 44
27 52
27 53
27 70
27 71
27 76
27 79
27 84
28 1
28 5
28 6
28 9
28 10
28 21
28 27
28 29
28 40
28 41
28 44
28 66
28 68
28 69
28 70
28 82
28 84
28 87
28 94
28 97
28 98
29 1
29 4
29 11
29 22
29 26
29 34
29 42
29 48
29 51
29 52
29 64
29 65
29 68
29 69
29 71
29 75
29 83
29 84
29 91
29 93
30 2
30 7
30 8
30 11
30 20
30 28
30 37
30 38
30 39
30 40
30 47
30 51
30 56
30 62
30 64
30 65
30 66
30 84
30 87
30 94
30 95
30 97
31 1
31 4
31 6
31 7
31 13
31 17
31 36
31 43
31 45
31 49
31 52
31 54
31 57
31 61
31 74
31 76
31 78
31 95
31 97
31 98
32 8
32 18
32 35
32 46
32 47
32 50
32 51
32 54
32 56
32 77
32 80
32 84
32 86
32 87
32 88
32 96
32 98
33 2
33 5
33 10
33 14
33 16
33 20
33 21
33 25
33 26
33 28
33 36
33 40
33 44
33 46
33 56
33 58
33 97
33 100
34 7
34 8
34 15
34 25
34 28
34 31
34 37
34 39
34 54
34 56
34 60
34 64
34 69
34 70
34 71
34 73
34 75
34 80
34 83
34 84
34 87
34 92
35 14
35 19
35 29
35 38
35 41
35 51
35 53
35 59
35 60
35 70
35 74
35 75
35 82
35 84
35 93
35 94
35 98
35 99
35 100
36 10
36 14
36 15
36 16
36 17
36 27
36 34
36 35
36 52
36 57
36 58
36 59
36 67
36 69
36 76
36 78
36 84
36 92
36 93
37 1
37 3
37 9
37 11
37 12
37 18
37 21
37 27
37 29
37 35
37 38
37 46
37 47
37 54
37 55
37 60
37 64
37 65
37 68
37 71
37 74
37 76
37 89
37 90
37 91
37 94
37 96
37 99
38 5
38 12
38 13
38 14
38 15
38 16
38 28
38 32
38 36
38 39
38 42
38 51
38 52
38 53
38 56
38 57
38 61
38 65
38 74
38 80
38 82
38 84
38 86
38 87
38 91
38 95
38 98
38 99
39 7
39 10
39 25
39 26
39 28
39 33
39 37
39 40
39 43
39 61
39 63
39 65
39 84
39 89
39 95
40 2
40 4
40 5
40 9
40 15
40 20
40 23
40 27
40 32
40 49
40 54
40 73
40 82
40 98
40 100
41 13
41 15
41 25
41 40
41 43
41 44
41 51
41 55
41 58
41 62
41 65
41 79
41 80
41 82
41 84
41 89
41 90
41 91
41 92
41 97
42 11
42 17
42 18
42 22
42 24
42 35
42 37
42 41
42 45
42 47
42 52
42 62
42 65
42 67
42 83
42 85
43 4
43 9
43 12
43 16
43 25
43 27
43 33
43 36
43 40
43 42
43 47
43 51
43 52
43 61
43 62
43 83
43 92
43 93
43 100
44 6
44 9
44 12
44 18
44 26
44 29
44 31
44 34
44 50
44 51
44 53
44 54
44 55
44 68
44 69
44 71
44 82
44 95
44 100
45 3
45 8
45 14
45 23
45 38
45 39
45 43
45 50
45 51
45 53
45 57
45 59
45 64
45 65
45 67
45 72
45 78
45 86
45 87
45 91
45 92
45 94
45 96
45 99
45 100
46 2
46 8
46 16
46 20
46 21
46 25
46 28
46 34
46 38
46 44
46 49
46 51
46 52
46 53
46 54
46 62
46 66
46 71
46 74
46 77
46 84
46 85
46 88
46 89
46 93
46 95
46 96
46 100
47 8
47 13
47 21
47 34
47 45
47 48
47 51
47 52
47 57
47 61
47 62
47 64
47 73
47 76
47 77
47 79
47 91
47 92
47 99
48 4
48 6
48 10
48 15
48 24
48 25
48 27
48 32
48 33
48 39
48 40
48 42
48 46
48 57
48 61
48 65
48 75
48 76
48 83
48 89
48 95
48 98
48 100
49 8
49 15
49 20
49 28
49 30
49 32
49 43
49 48
49 52
49 53
49 57
49 58
49 62
49 70
49 75
49 78
49 84
49 88
49 94
49 97
49 99
50 5
50 8
50 19
50 21
50 24
50 25
50 28
50 30
50 33
50 37
50 38
50 39
50 41
50 52
50 61
50 69
50 72
50 75
50 76
50 80
50 85
50 92
51 7
51 33
51 39
51 42
51 48
51 61
51 66
51 68
51 72
51 79
51 80
51 84
51 85
51 97
52 8
52 10
52 17
52 24
52 30
52 33
52 35
52 37
52 39
52 40
52 51
52 58
52 72
52 74
52 83
52 90
52 91
53 2
53 6
53 7
53 17
53 21
53 29
53 39
53 41
53 43
53 47
53 50
53 54
53 74
53 78
53 79
53 90
53 92
53 95
53 99
54 1
54 5
54 6
54 13
54 14
54 17
54 18
54 21
54 33
54 39
54 42
54 55
54 61
54 64
54 69
54 72
54 73
54 75
54 89
54 99
54 100
55 4
55 10
55 12
55 21
55 22
55 28
55 30
55 33
55 38
55 40
55 45
55 47
55 48
55 50
55 53
55 62
55 74
55 79
55 90
55 92
55 93
55 97
56 27
56 35
56 41
56 46
56 54
56 55
56 58
56 64
56 66
56 73
56 80
56 82
56 89
56 90
56 99
57 2
57 6
57 28
57 51
57 52
57 56
57 58
57 61
57 64
57 66
57 68
57 72
57 92
57 93
57 99
58 1
58 11
58 16
58 30
58 35
58 40
58 46
58 48
58 51
58 60
58 64
58 65
58 69
58 74
58 79
58 80
58 81
58 84
58 85
58 94
59 5
59 6
59 8
59 10
59 12
59 13
59 17
59 23
59 27
59 29
59 32
59 33
59 48
59 60
59 64
59 71
59 79
59 83
59 91
59 95
59 98
60 2
60 4
60 9
60 28
60 30
60 41
60 46
60 47
60 53
60 57
60 64
60 74
60 75
60 77
60 83
60 84
60 96
60 97
60 98
61 10
61 11
61 23
61 27
61 40
61 44
61 52
61 53
61 56
61 59
61 68
61 72
61 73
61 80
61 81
61 87
61 92
61 98
62 1
62 2
62 21
62 22
62 23
62 26
62 32
62 34
62 39
62 44
62 48
62 56
62 58
62 59
62 60
62 61
62 65
62 71
62 77
62 81
62 90
62 96
62 99
63 3
63 5
63 9
63 15
63 19
63 26
63 30
63 33
63 41
63 46
63 48
63 52
63 53
63 54
63 55
63 57
63 61
63 64
63 65
63 67
63 83
63 91
63 95
64 3
64 7
64 26
64 36
64 48
64 52
64 65
64 66
64 83
64 87
64 88
64 91
65 9
65 14
65 15
65 20
65 36
65 50
65 51
65 52
65 53
65 56
65 60
65 61
65 66
65 91
65 95
66 8
66 19
66 22
66 23
66 24
66 26
66 40
66 48
66 49
66 69
66 70
66 71
66 74
66 82
66 86
66 88
66 90
66 91
66 94
66 95
67 5
67 7
67 10
67 11
67 16
67 22
67 23
67 24
67 32
67 34
67 39
67 44
67 49
67 50
67 55
67 59
67 62
67 77
67 78
67 82
67 86
67 96
68 4
68 11
68 13
68 17
68 19
68 24
68 27
68 34
68 36
68 39
68 47
68 50
68 55
68 60
68 62
68 65
68 72
68 79
68 84
68 85
68 90
68 95
68 97
69 2
69 3
69 8
69 19
69 20
69 22
69 23
69 33
69 38
69 39
69 46
69 53
69 60
69 64
69 65
69 67
69 68
69 70
69 71
69 74
69 94
69 99
70 6
70 9
70 13
70 15
70 16
70 18
70 21
70 26
70 30
70 33
70 38
70 41
70 44
70 47
70 50
70 55
70 56
70 57
70 65
70 77
70 82
70 94
70 97
70 99
70 100
71 1
71 3
71 9
71 20
71 21
71 26
71 33
71 43
71 45
71 49
71 51
71 60
71 73
71 79
71 84
71 86
71 91
71 99
72 3
72 6
72 10
72 11
72 18
72 30
72 35
72 36
72 40
72 49
72 67
72 73
72 78
72 79
72 84
72 89
72 92
72 94
72 95
72 99
73 5
73 6
73 9
73 16
73 23
73 28
73 52
73 53
73 63
73 64
73 68
73 85
73 86
73 91
73 95
73 99
74 1
74 6
74 18
74 36
74 39
74 42
74 48
74 49
74 50
74 51
74 57
74 63
74 73
74 76
74 82
74 85
74 86
74 88
74 94
74 96
74 100
75 4
75 6
75 8
75 11
75 13
75 18
75 23
75 30
75 33
75 39
75 55
75 64
75 71
75 73
75 79
75 89
75 91
75 96
75 99
75 100
76 3
76 4
76 11
76 14
76 17
76 22
76 26
76 41
76 44
76 51
76 52
76 55
76 56
76 60
76 63
76 72
76 77
76 81
76 88
76 99
76 100
77 2
77 3
77 13
77 19
77 26
77 27
77 28
77 30
77 33
77 34
77 37
77 38
77 39
77 48
77 52
77 53
77 55
77 65
77 79
77 85
77 90
77 92
77 93
77 95
77 96
78 7
78 8
78 11
78 18
78 20
78 25
78 29
78 30
78 33
78 40
78 48
78 50
78 57
78 60
78 65
78 69
78 71
78 73
78 74
78 76
78 79
78 80
78 84
78 87
78 88
78 94
78 95
78 99
79 6
79 7
79 9
79 10
79 20
79 21
79 23
79 31
79 33
79 48
79 49
79 52
79 63
79 69
79 74
79 81
79 82
79 88
79 97
80 2
80 13
80 15
80 16
80 22
80 26
80 28
80 31
80 42
80 57
80 66
80 69
80 72
80 84
80 86
80 89
80 97
80 99
80 100
81 10
81 11
81 15
81 16
81 17
81 18
81 27
81 28
81 31
81 35
81 36
81 37
81 38
81 44
81 45
81 49
81 51
81 52
81 56
81 68
81 73
81 74
81 80
81 89
81 92
81 97
81 98
82 6
82 8
82 9
82 12
82 13
82 21
82 26
82 29
82 32
82 33
82 37
82 50
82 60
82 61
82 64
82 69
82 76
82 81
82 90
82 98
83 4
83 7
83 8
83 14
83 15
83 19
83 32
83 33
83 46
83 54
83 57
83 58
83 61
83 65
83 66
83 67
83 68
83 70
83 71
83 73
83 74
83 75
83 95
83 96
84 5
84 7
84 9
84 12
84 19
84 43
84 45
84 57
84 62
84 64
84 86
84 87
85 6
85 9
85 10
85 15
85 16
85 31
85 32
85 37
85 45
85 52
85 59
85 72
85 81
85 87
85 89
85 90
85 91
85 93
85 99
85 100
86 1
86 13
86 18
86 20
86 24
86 29
86 31
86 34
86 35
86 40
86 50
86 51
86 52
86 57
86 61
86 63
86 87
86 99
87 5
87 15
87 21
87 23
87 31
87 36
87 37
87 40
87 41
87 46
87 47
87 53
87 56
87 60
87 65
87 67
87 71
87 74
87 75
87 89
87 91
87 97
87 99
88 4
88 9
88 21
88 30
88 34
88 43
88 51
88 52
88 55
88 58
88 59
88 69
88 75
88 87
88 90
88 94
88 99
88 100
89 5
89 9
89 13
89 14
89 23
89 32
89 34
89 38
89 44
89 51
89 64
89 70
89 79
89 86
89 93
89 94
90 11
90 12
90 13
90 17
90 19
90 23
90 24
90 31
90 32
90 36
90 38
90 54
90 67
90 72
90 74
90 86
90 87
90 92
90 95
91 1
91 6
91 11
91 15
91 23
91 28
91 39
91 42
91 49
91 51
91 61
91 76
91 78
91 81
91 82
91 92
91 93
91 94
91 96
92 7
92 16
92 27
92 38
92 39
92 42
92 44
92 52
92 54
92 56
92 73
92 75
92 78
92 84
93 5
93 16
93 20
93 22
93 23
93 24
93 34
93 39
93 50
93 52
93 53
93 59
93 68
93 74
93 79
93 83
93 84
93 92
93 96
94 4
94 24
94 27
94 29
94 36
94 38
94 42
94 60
94 64
94 65
94 68
94 77
94 82
94 87
94 92
94 93
94 100
95 3
95 11
95 18
95 20
95 23
95 24
95 29
95 42
95 43
95 51
95 52
95 54
95 56
95 60
95 62
95 71
95 79
95 80
95 85
95 87
95 92
95 96
95 97
95 100
96 1
96 8
96 10
96 14
96 16
96 17
96 23
96 26
96 28
96 35
96 36
96 40
96 43
96 44
96 47
96 48
96 52
96 53
96 55
96 59
96 87
96 100
97 5
97 12
97 15
97 16
97 17
97 23
97 27
97 36
97 42
97 63
97 64
97 66
97 67
97 76
97 77
97 83
97 92
97 93
97 99
98 7
98 10
98 13
98 14
98 25
98 30
98 47
98 49
98 51
98 52
98 56
98 57
98 62
98 63
98 66
98 67
98 69
98 70
98 71
98 77
98 89
98 91
98 96
99 9
99 19
99 20
99 30
99 31
99 32
99 36
99 42
99 43
99 46
99 52
99 58
99 65
99 67
99 74
99 77
99 81
99 89
99 92
99 93
100 8
100 10
100 12
100 20
100 25
100 51
100 63
100 65
100 69
100 84
100 98
100 99

