150 1000
51 25 62 112 82 71 30 117 97 68 120 44 32 40 58 33 100 40 83 107 80 29 75 74 37 47 88 68 41 61 115 34 120 52 23 109 59 64 33 81 43 75 71 70 32 58 83 49 83 79 116 102 46 120 61 72 72 44 56 105 70 60 116 74 27 65 76 38 42 104 93 20 45 107 68 47 61 113 36 34 60 49 117 29 28 24 90 70 44 102 92 39 102 20 54 108 89 118 110 26 54 54 26 71 27 21 59 35 34 25 36 29 50 50 69 36 115 72 88 63 49 71 22 102 42 89 62 100 113 88 109 47 118 65 34 20 48 62 57 68 74 53 32 23 118 31 101 58 43 64 
1 23
1 132
1 138
1 144
2 27
2 38
2 110
2 118
2 121
2 133
3 18
3 24
3 40
3 79
3 97
3 106
3 114
3 135
4 6
4 32
4 69
4 80
4 103
4 130
4 133
5 92
5 104
5 110
5 121
6 16
6 28
6 70
6 71
6 102
6 106
7 6
7 8
7 20
7 45
7 73
7 85
7 122
7 131
7 134
8 3
8 34
8 40
8 70
8 96
8 115
8 128
8 133
8 143
9 70
9 103
9 141
10 43
10 79
10 81
11 57
11 77
11 96
11 108
11 117
11 145
12 1
12 30
12 37
12 39
12 52
12 65
12 79
12 96
12 108
12 109
12 130
13 1
13 80
13 82
13 83
13 112
13 117
13 129
13 137
14 16
14 53
14 67
14 102
15 1
15 3
15 5
15 13
15 21
15 27
15 29
15 56
15 85
15 142
16 4
16 8
16 40
16 70
16 76
16 81
16 93
16 97
16 141
17 4
17 7
17 37
17 99
17 121
17 139
18 4
18 20
18 36
18 46
18 71
18 81
18 86
18 107
18 111
18 117
18 119
19 6
19 17
19 25
19 28
19 30
19 55
19 68
19 84
19 126
19 136
20 32
20 40
20 46
20 79
20 114
20 116
20 137
21 82
21 98
21 107
21 136
22 23
22 67
22 73
22 99
22 105
22 117
22 129
22 146
23 16
23 47
23 59
23 63
23 71
23 72
23 102
23 136
23 138
23 141
24 106
24 116
24 141
24 146
25 26
25 56
25 58
25 63
25 87
25 103
26 12
26 66
26 71
26 107
26 112
26 115
26 136
26 142
26 148
26 150
27 1
27 65
27 71
27 83
27 91
27 101
27 115
27 132
28 41
28 46
28 81
29 70
29 100
29 119
29 127
30 10
30 40
30 41
30 60
30 65
30 87
30 128
30 136
31 29
31 40
31 53
31 70
31 73
31 80
31 82
31 96
31 97
31 109
31 137
32 1
32 17
32 35
32 38
32 46
32 77
32 106
32 108
32 109
32 119
32 150
33 20
33 61
33 80
33 95
33 118
34 3
34 9
34 45
34 46
34 52
34 112
34 140
34 143
34 146
35 1
35 48
35 118
36 32
36 42
36 50
36 69
36 74
36 93
36 118
37 20
37 39
37 65
37 102
37 109
37 129
37 147
38 33
38 53
38 55
38 77
38 128
39 66
39 69
39 102
39 104
39 107
39 126
39 132
39 138
39 149
40 78
40 106
40 120
40 133
40 141
40 148
41 32
41 70
41 90
41 94
41 109
42 19
42 25
42 29
42 37
42 69
42 77
42 90
42 92
42 102
42 109
42 124
42 135
43 3
43 17
43 39
43 47
43 48
43 49
43 57
43 93
43 98
43 105
44 63
44 91
44 113
44 114
45 6
45 25
45 43
45 59
45 87
45 114
46 12
46 33
46 35
46 55
46 101
46 109
46 118
46 123
46 131
47 17
47 28
47 95
47 132
48 22
48 85
48 105
48 149
49 31
49 40
49 55
49 67
49 73
49 99
49 143
50 7
50 33
50 49
50 87
50 120
51 15
51 33
51 42
51 49
51 52
51 65
51 90
51 122
52 8
52 16
52 20
52 43
52 47
52 71
52 119
52 143
53 19
53 29
53 36
53 40
53 56
53 61
53 104
53 122
53 131
54 8
54 64
54 69
54 90
54 125
55 8
55 11
55 65
55 130
56 10
56 28
56 33
56 46
56 70
56 80
57 6
57 22
57 24
57 39
57 93
57 112
57 118
57 120
58 2
58 93
58 108
59 20
59 25
59 30
59 62
59 78
59 81
59 88
59 115
59 140
60 29
60 75
60 78
61 20
61 27
61 30
61 32
61 52
61 54
61 85
61 125
62 43
62 54
62 96
62 108
62 122
62 137
62 139
63 3
63 10
63 50
63 78
63 147
64 7
64 25
64 42
64 55
64 58
64 59
64 69
64 74
64 124
64 133
64 150
65 50
65 89
65 99
65 144
65 149
66 18
66 38
66 47
66 100
66 105
66 129
66 143
67 11
67 15
67 47
67 65
67 132
68 35
68 92
68 101
69 40
69 58
69 82
69 100
69 105
69 115
69 118
69 129
70 60
70 68
70 84
70 98
70 114
70 138
71 30
71 109
71 118
72 14
72 28
72 87
72 114
73 51
73 98
74 26
74 45
74 48
74 70
74 71
74 113
74 116
74 125
75 6
75 8
75 48
75 50
75 70
75 71
75 99
75 120
75 123
76 31
76 39
76 73
76 103
76 110
76 120
76 143
77 36
77 73
77 106
77 121
77 126
77 136
78 5
78 38
78 77
78 82
78 92
79 43
79 117
79 138
79 148
80 57
80 116
80 118
80 138
81 93
81 105
82 6
82 8
82 45
82 64
82 65
82 115
82 121
83 25
83 44
83 54
83 69
83 85
83 89
83 103
83 135
84 29
84 47
84 49
84 52
84 77
84 95
84 107
84 112
84 113
85 27
85 28
85 35
85 78
85 88
85 112
85 119
85 138
86 47
86 98
86 137
87 17
87 21
87 56
87 79
87 86
88 6
88 8
88 16
88 18
88 20
88 28
88 33
88 49
88 60
88 61
89 5
89 17
89 22
89 109
89 142
90 27
90 34
90 79
90 105
90 106
91 14
91 21
91 30
91 32
91 79
91 105
91 110
91 121
91 137
91 138
91 140
92 64
92 80
92 98
92 100
92 129
93 7
93 12
93 40
93 56
93 59
93 130
93 143
94 4
94 40
94 77
94 102
95 8
95 22
95 35
95 56
95 74
95 78
95 129
96 24
96 35
96 117
96 123
97 15
97 21
97 56
97 62
97 132
97 150
98 26
98 32
98 139
99 125
99 129
99 144
99 145
99 149
100 25
100 72
100 76
100 89
101 26
101 72
101 86
101 107
101 120
101 132
101 134
102 5
102 7
102 26
102 61
102 82
103 6
103 36
103 50
103 75
103 108
104 65
104 73
104 89
104 98
104 115
104 127
105 11
105 14
105 67
105 74
105 80
105 114
105 137
106 8
106 15
106 31
106 61
106 62
106 114
106 137
106 142
106 143
107 13
107 47
107 115
107 119
107 141
108 17
108 74
108 104
108 125
108 129
109 2
109 33
109 38
109 48
109 90
109 93
109 98
109 119
109 132
110 59
110 86
110 103
110 123
110 124
110 125
110 129
110 132
111 50
111 55
111 69
111 72
111 142
112 12
112 21
112 61
112 73
112 104
112 111
112 144
112 146
113 17
113 22
113 25
113 32
113 62
113 70
113 98
113 144
114 24
114 75
114 89
114 98
114 107
114 108
114 127
114 147
115 63
115 86
116 36
116 55
116 68
116 111
116 140
117 127
117 139
118 11
118 29
118 40
118 45
118 70
118 140
119 14
119 62
119 82
119 97
119 117
119 123
119 143
119 145
120 9
120 48
120 51
120 52
120 65
120 71
120 83
120 89
120 126
120 139
121 14
121 19
121 24
121 81
121 85
121 90
121 106
121 137
122 17
122 52
122 65
122 72
122 88
122 89
122 96
122 106
122 131
123 13
123 54
123 62
123 120
123 129
123 138
124 11
124 69
124 74
124 91
124 99
124 104
124 127
124 144
124 148
125 1
125 8
125 13
125 14
125 25
125 32
125 43
125 84
125 118
125 143
126 21
126 24
126 74
126 78
126 108
126 138
127 12
127 30
127 47
127 54
127 59
127 111
128 12
128 18
128 28
128 74
128 75
128 87
128 114
128 115
128 122
128 148
129 10
129 48
129 68
129 90
129 97
129 130
130 15
130 21
130 37
130 79
130 108
130 113
130 120
130 139
130 145
131 17
131 22
131 29
131 45
131 62
131 81
132 16
132 26
132 34
132 40
132 43
132 50
132 81
132 86
132 88
133 11
133 15
133 18
133 30
133 47
133 111
134 25
134 29
134 32
134 48
134 60
134 62
134 72
134 77
134 92
134 99
134 113
134 122
135 21
135 33
135 36
135 67
135 93
135 102
135 114
135 138
135 146
136 8
136 16
136 38
136 57
136 80
136 114
136 132
137 49
137 64
137 71
137 78
137 129
138 18
138 25
138 27
138 32
138 89
138 112
139 7
139 8
139 13
139 34
139 64
139 82
139 92
139 103
139 110
140 14
140 54
140 96
140 121
140 131
141 42
141 110
141 150
142 22
142 49
142 65
142 80
142 131
142 136
142 150
143 5
143 22
143 65
143 69
143 80
143 117
144 7
144 18
144 26
144 42
144 73
144 109
144 125
145 8
145 33
145 42
145 81
145 106
145 111
145 113
146 2
146 25
146 31
146 42
146 50
146 67
146 75
146 109
146 118
146 144
146 145
147 25
147 45
147 79
147 116
147 126
147 139
147 140
147 141
147 148
148 3
148 4
148 20
148 34
148 48
148 58
148 63
148 77
148 115
148 130
148 143
149 2
149 22
149 31
149 51
149 68
149 79
149 84
149 103
149 116
149 131
150 7
150 46
150 102
150 115
150 148

