100 750
30 115 115 101 87 77 113 25 111 74 61 60 93 23 60 26 34 51 91 89 90 58 74 59 28 62 59 80 104 67 58 113 55 81 85 69 80 108 81 25 91 29 58 30 46 68 50 25 58 40 109 93 69 29 89 80 49 59 47 22 117 71 101 59 42 45 29 81 41 102 72 81 53 119 82 45 29 119 86 46 118 32 116 83 42 92 37 111 57 106 90 22 87 74 105 108 112 110 81 70 
1 3
1 9
1 19
1 39
1 40
1 56
1 66
2 3
2 12
2 14
2 37
2 39
2 41
2 67
2 73
2 74
2 82
2 88
3 31
3 46
3 55
3 76
3 84
4 12
4 29
4 59
4 62
4 85
5 3
5 55
5 73
5 100
6 1
6 5
6 25
6 36
6 43
6 60
6 70
6 78
6 97
7 5
7 31
7 64
7 67
7 71
7 87
8 30
8 32
8 39
8 40
8 47
8 48
8 50
8 61
8 70
9 25
9 31
9 39
9 44
9 45
9 46
9 52
9 72
9 86
9 89
10 46
10 68
10 78
10 82
10 83
10 91
11 10
11 19
11 27
11 41
11 43
11 47
11 56
11 74
11 82
12 18
12 35
12 58
12 79
12 96
13 29
13 43
13 54
13 62
13 66
13 70
13 96
13 100
14 16
14 23
14 47
14 54
14 55
14 66
14 69
14 71
14 75
14 88
15 3
15 23
15 36
15 49
15 84
15 96
15 97
16 10
16 19
16 35
16 49
16 79
17 6
17 7
17 19
17 37
17 67
17 75
17 93
17 95
18 5
18 14
18 15
18 16
18 23
18 26
18 42
18 50
18 52
18 64
18 72
19 2
19 34
19 39
19 48
19 59
19 71
19 92
20 9
20 14
20 17
20 19
20 44
20 54
20 59
20 65
20 83
20 96
20 99
21 5
21 6
21 23
21 34
21 86
21 98
22 5
22 15
22 23
22 29
22 37
22 38
22 49
22 74
22 78
22 87
22 92
23 79
23 88
24 4
24 7
24 14
24 23
24 34
24 48
24 78
24 79
24 80
24 94
25 2
25 7
25 22
25 37
25 60
25 66
25 87
26 6
26 9
26 31
26 45
26 76
26 78
26 79
26 86
27 2
27 31
27 39
27 87
27 89
28 1
28 9
28 13
28 15
28 48
28 62
28 66
28 68
28 76
29 21
29 70
30 2
30 3
30 21
30 24
30 25
30 26
30 36
30 44
30 45
30 53
30 64
31 19
31 23
31 24
31 38
31 46
31 71
32 2
32 12
32 15
32 23
32 26
32 68
32 86
32 97
33 10
33 21
33 34
33 45
33 49
34 31
34 47
34 50
35 17
35 18
35 47
35 59
35 60
35 66
35 82
35 84
35 92
36 11
36 25
36 32
36 40
36 47
36 76
36 78
36 80
36 82
36 92
36 99
37 11
37 15
37 26
37 51
37 72
37 98
37 99
38 2
38 8
38 14
38 17
38 21
38 48
38 63
38 64
38 67
39 11
39 25
39 80
39 83
40 14
40 49
40 52
40 56
40 97
41 1
41 3
41 4
41 16
41 35
41 39
41 47
41 58
41 62
41 63
41 84
41 90
42 5
42 21
42 33
42 37
42 45
42 58
42 79
43 18
43 48
43 92
43 96
44 4
44 7
44 18
44 29
44 47
44 48
44 51
44 55
44 85
44 91
44 98
44 100
45 2
45 7
45 8
45 35
45 37
45 52
45 95
46 32
46 47
46 69
46 85
47 4
47 31
47 62
47 82
48 16
48 17
48 21
48 22
48 29
48 51
49 4
49 14
49 20
49 45
49 58
49 64
50 2
50 14
50 32
50 37
50 38
50 40
50 51
50 66
51 5
51 15
51 19
51 22
51 24
51 39
51 47
51 57
52 14
52 24
52 31
52 42
52 55
52 76
52 85
53 4
53 7
53 34
53 47
53 64
53 85
53 89
53 90
53 98
54 9
54 12
54 19
54 31
54 59
54 60
54 61
54 78
55 16
55 22
55 71
56 29
56 46
56 89
56 96
57 1
57 6
57 30
57 31
57 58
57 59
57 71
57 76
57 99
58 3
58 36
58 44
58 56
58 64
58 68
58 71
58 78
58 80
58 92
59 1
59 7
59 41
59 45
59 49
59 55
59 68
59 84
59 92
59 97
60 1
60 4
60 8
60 15
60 18
60 38
60 50
60 58
60 75
60 76
60 91
60 100
61 3
61 31
61 32
61 63
61 64
61 73
61 78
61 85
61 87
62 5
62 14
62 21
62 57
62 85
62 89
62 92
62 96
63 1
63 11
63 19
63 44
63 47
63 60
63 62
63 71
63 83
63 84
64 11
64 25
64 35
64 41
64 44
64 63
64 86
64 97
65 14
65 24
65 25
65 35
65 59
65 67
65 70
66 20
66 44
66 75
66 84
66 90
66 97
67 6
67 11
67 13
67 37
67 58
67 78
67 95
68 2
68 19
68 21
68 23
68 94
69 15
69 23
69 42
69 54
69 57
69 67
69 78
69 82
70 7
70 46
70 47
70 49
70 71
70 83
71 5
71 6
71 12
71 45
71 50
71 87
71 95
72 7
72 41
72 55
72 62
72 74
72 76
72 86
72 93
73 41
73 43
73 46
73 50
73 84
73 85
73 86
73 89
74 12
74 13
74 18
74 38
74 57
74 71
74 82
74 83
74 94
75 3
75 5
75 11
75 26
75 48
75 56
75 57
75 64
75 74
75 81
75 82
75 96
76 15
76 47
76 53
76 66
76 74
76 80
76 81
76 88
77 5
77 16
77 38
77 41
77 44
77 73
77 88
77 98
78 38
78 66
78 68
78 73
79 4
79 17
79 18
79 36
79 37
79 38
79 53
79 57
79 70
79 75
79 92
79 98
80 14
80 19
80 20
80 23
80 31
80 54
80 78
81 1
81 6
81 13
81 25
81 34
81 62
81 68
81 70
81 77
81 82
82 6
82 90
83 8
83 23
83 25
83 51
83 56
83 57
83 64
83 80
83 82
84 6
84 8
84 14
84 28
84 51
84 65
84 81
85 24
85 27
85 57
85 58
85 59
85 79
85 94
85 96
86 16
86 20
86 38
86 39
86 41
86 55
86 62
86 81
86 83
87 9
87 50
87 79
87 99
88 13
88 42
88 44
88 56
88 66
88 100
89 6
89 14
89 19
89 39
89 47
89 66
89 83
89 85
90 10
90 28
90 40
90 68
90 74
90 76
90 85
91 6
91 23
91 34
91 41
91 49
91 56
91 79
92 14
92 29
92 30
92 42
92 57
92 71
92 75
92 81
92 84
93 1
93 14
93 15
93 16
93 21
93 45
94 5
94 25
94 41
94 52
94 75
94 77
94 80
94 83
94 84
94 87
95 4
95 10
95 18
95 53
95 59
95 84
96 9
96 11
96 22
96 26
96 36
96 49
96 61
96 69
96 94
96 100
97 7
97 16
97 22
97 26
97 42
97 56
97 62
97 75
97 81
97 92
98 3
98 10
98 20
98 32
98 35
98 91
98 94
99 2
99 12
99 14
99 28
99 38
99 49
99 58
99 75
99 98
100 4
100 28
100 41
100 51
100 63
100 69
100 79
100 90

