300 1000
22 54 98 83 96 73 115 29 120 24 29 93 111 116 83 103 40 103 113 93 82 66 23 49 64 39 54 61 66 71 50 76 49 84 90 35 91 106 109 43 73 51 30 104 73 72 58 55 50 52 37 120 110 112 92 54 40 113 41 118 104 25 51 116 84 91 33 37 28 113 110 99 23 81 38 68 96 114 26 39 46 58 95 26 113 82 99 71 56 36 41 114 116 31 36 50 50 85 30 37 31 117 65 26 42 89 76 103 32 120 109 50 40 20 58 33 50 20 69 34 90 120 26 82 78 29 27 39 38 100 66 84 65 119 34 48 35 61 49 75 53 64 78 76 62 117 59 29 28 98 28 32 49 41 114 67 96 30 91 102 20 87 52 90 113 58 49 22 48 28 94 58 34 95 48 23 96 58 68 86 51 114 120 80 112 105 32 54 92 49 100 65 119 117 101 73 60 47 106 76 69 84 92 41 98 98 46 114 107 63 85 94 104 88 46 51 95 52 106 113 40 117 52 66 47 22 119 53 55 70 59 102 74 26 107 60 92 69 53 58 106 55 48 46 74 61 24 21 23 64 89 113 33 22 37 103 48 58 29 24 117 104 87 91 70 25 23 111 33 23 41 75 59 107 79 72 73 24 35 117 114 51 31 90 93 73 82 43 58 20 28 39 73 99 35 42 24 74 27 120 
1 63
1 74
1 270
3 53
3 92
3 178
4 19
5 120
5 280
6 115
6 128
6 243
6 267
7 152
7 262
7 267
8 36
8 289
9 86
9 295
9 299
9 300
10 44
10 259
10 298
11 88
11 144
11 213
12 83
12 271
13 67
13 162
13 231
13 260
13 280
14 166
14 183
14 262
15 27
15 71
15 73
15 166
15 265
16 68
16 121
16 205
17 4
17 260
18 32
18 134
19 66
19 93
19 99
19 103
20 9
20 209
21 102
21 123
21 143
21 152
21 158
22 60
22 101
22 159
22 253
22 256
23 159
23 248
24 2
24 155
24 176
24 181
24 270
25 293
26 135
26 148
26 211
26 223
26 250
27 55
27 78
27 126
27 249
28 79
28 85
28 117
28 171
28 213
28 252
28 257
28 264
29 9
29 60
29 81
29 96
29 131
29 151
29 166
29 225
29 298
30 32
30 160
30 185
30 255
31 218
32 12
32 187
32 204
33 278
34 10
34 122
34 207
34 213
35 37
35 60
35 70
35 94
36 37
36 135
36 252
36 266
37 6
37 8
37 61
37 102
37 152
37 247
37 269
38 9
38 58
38 160
38 274
39 46
39 200
40 16
40 43
40 62
40 259
40 288
40 295
41 57
41 129
41 206
41 234
41 290
42 153
42 178
42 183
42 274
43 42
43 268
43 281
44 72
44 275
45 50
45 85
45 267
46 85
46 136
46 170
47 18
47 153
47 198
47 262
47 288
48 39
48 156
48 166
48 242
49 51
49 205
49 263
49 264
49 292
50 54
50 150
51 16
51 110
51 146
51 255
51 287
52 86
53 60
53 153
53 225
53 250
54 5
54 18
54 38
54 122
54 141
55 21
55 285
56 63
56 112
56 149
56 293
57 103
57 190
58 69
58 91
58 175
59 138
60 44
60 101
60 106
60 192
60 288
61 39
61 45
61 56
61 113
61 264
62 10
62 56
62 70
62 119
62 149
62 181
62 200
62 270
62 286
63 154
63 228
63 279
64 177
65 26
65 44
65 231
66 92
66 144
66 165
66 198
66 214
66 246
67 44
67 51
67 206
67 229
68 168
69 139
69 227
70 16
70 45
70 115
70 142
70 286
71 66
71 82
71 195
72 143
72 209
72 222
73 209
73 212
73 287
74 166
74 207
74 208
74 250
75 3
75 90
75 124
75 259
75 283
76 19
76 82
77 49
77 83
77 123
78 114
78 152
79 197
79 217
79 218
79 251
79 260
80 212
80 229
80 274
81 1
81 136
81 142
81 284
82 58
82 123
82 231
82 290
83 9
83 35
83 40
83 178
84 99
84 180
85 3
85 114
85 159
85 170
85 237
86 128
86 163
86 232
87 164
87 215
87 229
88 180
89 111
90 67
90 96
91 41
91 50
91 138
91 289
92 16
92 130
92 222
92 245
92 294
93 152
93 157
94 72
94 79
94 183
94 227
94 252
95 42
95 47
95 109
96 51
96 244
96 249
96 261
97 37
97 62
97 104
97 143
97 227
98 161
98 264
99 116
99 147
99 148
99 208
100 74
100 95
100 280
101 104
101 224
101 252
101 283
101 290
102 56
103 195
104 13
104 196
104 217
104 270
105 3
105 88
105 215
105 252
105 281
106 1
106 8
106 119
106 125
106 148
106 189
106 299
107 184
107 299
108 42
108 150
109 23
109 35
109 123
109 237
109 249
111 115
112 48
112 195
112 218
113 56
113 134
113 183
113 284
113 287
114 172
115 95
115 167
115 200
116 163
117 113
117 149
117 262
118 197
118 208
119 45
119 190
119 206
119 289
120 175
120 227
121 216
122 136
122 223
123 9
123 88
123 283
124 194
124 280
124 284
125 178
125 199
126 17
126 144
126 151
126 165
127 244
127 261
128 34
128 244
129 45
129 83
129 290
130 42
130 81
130 237
131 5
131 146
131 197
131 274
132 21
132 34
132 93
132 224
133 16
133 90
133 102
134 168
135 27
135 57
135 139
135 269
136 53
136 106
136 160
137 12
137 204
137 288
138 106
138 126
138 177
139 144
139 177
139 182
139 204
140 116
141 71
141 139
142 13
142 40
142 111
143 113
144 254
144 294
145 10
145 23
145 110
145 168
145 280
146 56
146 121
146 187
146 276
147 14
147 25
147 175
148 48
148 80
148 96
148 140
148 218
149 3
149 107
149 128
149 219
149 223
150 186
150 238
150 291
151 294
152 34
152 284
153 136
153 229
153 259
153 299
154 35
154 45
154 72
154 73
154 103
154 109
154 166
155 170
155 179
155 201
155 216
155 226
155 234
156 2
156 57
156 71
156 133
156 177
156 273
157 11
157 21
157 121
157 260
157 267
158 107
158 109
158 208
158 247
158 253
158 283
159 207
159 281
160 118
160 175
161 17
161 55
161 85
161 103
161 151
162 60
162 153
162 213
162 224
163 14
163 70
163 217
163 278
164 43
164 50
164 151
164 224
165 13
165 53
166 9
166 101
166 127
166 253
166 292
167 130
167 151
167 205
167 229
168 78
168 123
168 138
168 287
169 143
170 65
170 87
170 92
170 161
171 160
171 248
171 296
172 224
172 228
172 232
172 233
173 31
173 246
173 265
174 94
174 188
174 250
175 31
175 124
175 224
176 66
176 184
176 234
176 278
178 84
178 145
178 190
178 219
179 26
179 53
179 73
179 81
179 180
179 192
180 38
180 101
180 218
181 155
181 256
181 260
182 179
182 189
182 205
182 249
183 8
183 76
183 151
183 171
184 42
184 43
184 49
185 14
185 67
185 199
185 298
186 25
186 27
186 76
186 129
186 208
187 27
187 206
188 31
188 100
188 222
188 296
189 23
189 25
189 67
190 81
190 95
190 123
190 228
190 245
191 252
191 263
192 34
192 40
192 105
192 142
192 152
192 155
192 180
193 155
193 240
194 8
194 92
194 155
195 28
195 73
195 81
195 141
195 257
196 9
196 25
196 89
196 171
196 179
196 247
197 18
197 26
197 220
197 268
197 273
198 33
198 103
198 137
198 259
198 295
199 198
199 258
200 66
200 119
200 243
201 150
201 202
201 203
201 245
201 246
201 263
201 284
202 17
202 27
202 43
202 80
202 244
203 51
203 72
203 74
203 184
203 217
204 77
204 226
205 3
206 16
206 254
206 283
207 2
207 26
207 170
208 72
208 126
208 152
208 276
209 93
209 294
210 57
211 109
211 188
212 92
212 121
212 153
212 232
212 244
213 192
214 65
214 82
214 102
214 120
214 147
215 45
215 119
215 147
215 184
215 194
215 195
215 228
216 25
216 51
216 100
216 169
216 191
216 224
217 65
217 120
217 282
218 6
218 103
218 274
219 97
219 261
219 281
220 141
221 14
221 80
221 139
222 29
222 34
222 41
222 189
222 215
222 221
223 15
223 52
223 170
223 172
223 183
224 2
224 215
224 285
225 2
225 60
225 137
225 179
225 231
226 62
227 181
227 273
228 16
228 70
228 177
228 182
228 252
229 12
229 35
229 181
229 232
230 6
230 19
230 58
230 281
231 103
231 260
231 261
231 297
232 220
233 72
233 211
234 168
234 188
235 129
236 243
237 213
238 254
238 289
238 295
239 45
239 231
240 35
240 236
241 19
241 25
241 60
241 160
242 57
242 78
242 252
242 254
242 264
242 285
243 11
243 43
243 85
243 159
243 198
243 239
244 99
244 134
244 147
244 165
244 178
244 198
244 243
245 88
245 272
245 274
246 28
246 41
246 181
247 101
247 125
247 128
248 242
249 133
249 169
250 300
251 96
251 219
251 277
252 6
253 78
253 81
253 118
253 244
253 245
253 278
254 21
254 209
254 298
255 106
255 122
256 26
256 27
256 41
256 298
257 87
257 90
258 30
258 109
258 120
258 279
259 115
259 181
259 287
259 289
260 224
261 18
261 67
261 97
262 15
262 37
262 207
262 221
262 247
262 249
264 7
264 77
264 260
265 34
265 259
266 203
267 22
267 98
267 211
267 239
267 284
268 26
268 189
269 32
269 88
269 156
269 159
269 222
269 284
270 241
271 6
271 37
271 198
272 58
272 60
272 128
272 178
272 220
272 243
272 270
272 274
272 284
273 6
273 277
274 16
274 41
274 59
275 1
276 5
276 192
276 254
277 154
278 126
278 285
279 24
279 66
279 85
279 160
280 18
280 19
280 108
280 169
280 216
280 250
281 17
281 61
281 63
281 97
281 201
282 26
282 133
282 136
283 27
283 80
283 106
283 111
285 220
286 83
286 106
286 180
286 277
286 299
288 79
288 118
288 185
288 195
289 29
289 161
289 231
290 2
290 152
290 217
290 238
290 267
290 299
291 17
291 50
291 123
291 189
291 208
291 249
291 299
292 11
292 36
292 259
292 272
293 110
293 213
294 2
294 23
294 61
294 122
294 128
294 193
295 104
295 131
295 166
295 217
295 223
296 210
296 293
298 90
298 108
298 162
299 192
300 19
300 104
300 113
300 180
300 206

