100 250
93 67 20 97 49 81 92 63 60 48 31 85 48 83 36 21 85 86 87 43 68 49 32 119 48 39 40 112 111 103 110 31 99 42 67 93 112 91 56 117 71 33 38 57 42 55 55 46 21 55 53 59 48 38 65 28 71 30 109 109 78 113 28 110 25 58 107 115 24 60 79 37 62 99 101 107 102 86 84 77 97 92 109 33 112 100 54 75 120 105 43 44 48 63 87 48 75 60 53 36 
1 7
1 72
2 33
2 70
2 93
2 99
3 17
4 11
4 15
4 20
4 24
4 32
5 12
5 41
6 52
7 22
7 65
7 92
8 13
9 20
10 23
10 29
10 99
11 62
11 91
12 29
12 53
12 93
13 26
13 38
13 92
14 76
15 40
15 81
17 32
17 72
18 5
18 19
19 36
19 59
19 63
19 65
19 94
19 99
20 23
21 67
21 80
22 36
22 55
22 69
22 90
23 29
23 41
23 88
24 18
24 83
25 28
25 36
25 100
26 53
27 2
27 13
27 96
28 37
28 59
29 68
30 8
30 79
31 52
31 93
31 97
32 31
32 34
32 44
32 48
33 16
33 21
33 67
33 96
34 22
34 100
36 17
36 72
37 65
37 96
38 39
39 25
39 47
39 53
40 21
41 55
41 66
41 79
41 97
42 1
42 9
43 15
43 78
44 3
44 58
44 79
44 96
44 97
44 100
45 57
45 58
45 70
46 19
46 36
46 70
47 19
47 30
47 40
47 52
47 66
47 72
48 74
49 3
49 6
49 40
50 17
50 93
51 21
51 30
51 36
51 87
52 84
53 1
54 1
55 46
55 68
55 75
56 50
57 12
57 18
58 13
58 28
58 30
58 37
58 79
58 81
58 100
59 35
59 80
59 82
60 45
60 53
60 78
60 96
61 59
61 70
61 94
61 98
62 15
62 45
62 57
62 87
63 56
65 16
65 84
66 53
66 54
66 60
66 64
66 71
67 28
67 45
68 8
68 91
69 29
69 65
69 97
70 6
70 26
71 18
71 70
71 95
72 9
72 68
72 71
73 42
73 74
74 20
74 51
74 82
75 59
75 69
75 94
76 27
76 43
77 37
79 69
79 96
80 62
80 66
80 74
80 98
81 24
81 34
81 38
81 41
81 62
81 77
81 82
82 3
82 37
82 57
82 62
84 57
84 99
85 94
86 27
86 53
87 71
88 24
89 21
90 27
90 66
90 67
90 89
91 22
91 81
92 54
93 41
93 45
93 68
94 44
94 59
94 78
94 79
94 100
95 27
95 54
95 56
96 34
96 81
96 85
97 45
97 58
97 66
97 76
98 13
98 32
98 33
98 47
99 49
99 54
99 95
100 7
100 41

