200 3000
84 53 99 109 60 67 23 93 66 89 87 50 57 47 112 47 36 107 85 64 108 23 26 105 66 111 117 60 112 75 36 20 76 115 67 25 96 33 112 87 90 22 66 50 22 107 86 63 22 56 104 73 108 91 100 65 44 76 21 97 115 92 108 87 38 94 39 34 81 78 86 74 48 33 71 78 115 84 106 50 24 111 76 78 101 44 120 74 98 84 87 49 109 38 27 115 40 23 68 37 104 81 30 32 45 116 103 115 28 98 40 47 68 32 94 106 87 109 78 68 77 22 65 118 69 77 95 100 51 57 26 114 67 74 78 77 102 28 57 36 56 24 91 53 40 76 110 105 98 66 92 29 109 112 94 42 51 42 70 61 82 79 33 70 42 96 23 114 87 87 39 99 88 66 75 37 103 112 67 57 90 84 68 25 49 33 86 60 29 78 85 109 92 43 85 69 77 35 107 35 
1 15
1 28
1 39
1 51
1 60
1 64
1 87
1 96
1 99
1 109
1 116
1 123
1 130
1 133
1 147
1 164
1 166
2 3
2 8
2 11
2 15
2 36
2 62
2 79
2 86
2 100
2 116
2 142
2 165
2 200
3 7
3 21
3 28
3 35
3 41
3 54
3 65
3 69
3 70
3 73
3 75
3 88
3 109
3 124
3 126
3 128
3 136
3 146
3 157
3 164
3 181
3 195
4 1
4 11
4 45
4 59
4 61
4 63
4 68
4 81
4 120
4 155
4 166
4 167
4 179
4 191
5 2
5 23
5 34
5 52
5 68
5 72
5 99
5 100
5 103
5 114
5 138
5 163
5 170
5 181
5 183
5 196
6 56
6 64
6 83
6 84
6 98
6 118
6 123
6 165
6 169
6 175
6 185
6 198
7 5
7 18
7 37
7 56
7 57
7 59
7 78
7 84
7 98
7 100
7 115
7 139
7 154
7 186
7 199
8 12
8 39
8 63
8 105
8 106
8 115
8 117
8 120
8 131
8 156
8 172
8 176
8 179
8 181
9 50
9 61
9 77
9 100
9 105
9 123
9 147
9 150
9 171
9 174
9 184
10 5
10 28
10 62
10 73
10 93
10 111
10 120
10 136
10 164
10 181
10 190
10 193
10 195
11 1
11 5
11 17
11 37
11 42
11 44
11 51
11 79
11 84
11 92
11 99
11 105
11 134
11 144
12 11
12 21
12 35
12 54
12 64
12 66
12 71
12 72
12 78
12 80
12 97
12 107
12 108
12 119
12 124
12 128
12 136
12 139
12 156
12 162
12 178
13 1
13 14
13 50
13 77
13 82
13 90
13 104
13 133
13 151
13 160
13 179
13 186
14 7
14 11
14 12
14 55
14 74
14 75
14 77
14 81
14 104
14 128
14 136
14 146
14 151
14 156
14 159
14 165
14 176
15 3
15 5
15 35
15 39
15 51
15 76
15 99
15 129
15 131
15 132
15 144
15 148
15 152
15 162
15 163
15 188
15 200
16 18
16 40
16 69
16 71
16 85
16 94
16 112
16 115
16 144
16 177
16 179
16 180
16 182
16 185
16 195
17 20
17 22
17 28
17 34
17 39
17 51
17 57
17 68
17 73
17 75
17 94
17 100
17 109
17 138
17 151
17 168
17 174
18 5
18 8
18 15
18 41
18 53
18 74
18 77
18 89
18 97
18 124
18 158
18 159
18 163
18 167
18 171
18 177
19 7
19 44
19 57
19 73
19 89
19 116
19 122
19 140
19 144
19 156
20 4
20 5
20 6
20 8
20 36
20 37
20 38
20 39
20 73
20 75
20 79
20 88
20 91
20 100
20 109
20 128
20 137
20 139
20 146
20 175
20 183
21 4
21 10
21 18
21 45
21 47
21 50
21 63
21 87
21 112
21 128
21 129
21 142
21 159
21 168
21 173
21 180
22 11
22 18
22 27
22 49
22 53
22 72
22 87
22 93
22 110
22 113
22 118
22 119
22 127
22 137
22 151
22 193
23 10
23 14
23 39
23 58
23 62
23 72
23 105
23 154
23 169
23 172
23 176
23 182
24 22
24 26
24 31
24 57
24 58
24 73
24 80
24 81
24 83
24 88
24 89
24 92
24 93
24 101
24 109
24 136
24 145
24 153
24 170
24 172
24 173
24 188
25 3
25 6
25 38
25 49
25 51
25 66
25 67
25 72
25 126
25 133
25 134
25 141
25 148
25 170
25 183
25 185
25 192
26 14
26 17
26 18
26 32
26 56
26 59
26 64
26 72
26 73
26 76
26 94
26 113
26 146
26 162
26 165
26 167
27 47
27 51
27 73
27 108
27 110
27 115
27 128
27 130
27 136
27 139
27 147
27 169
27 171
28 13
28 21
28 22
28 39
28 45
28 92
28 100
28 115
28 141
28 156
28 187
28 190
29 18
29 25
29 44
29 51
29 74
29 92
29 132
29 134
29 149
29 175
29 176
29 184
30 7
30 26
30 36
30 53
30 59
30 70
30 74
30 102
30 135
30 182
30 185
31 27
31 44
31 46
31 54
31 60
31 69
31 86
31 102
31 110
31 134
31 145
31 146
31 162
31 165
31 199
32 13
32 47
32 60
32 77
32 80
32 86
32 96
32 104
32 114
32 120
32 177
33 24
33 28
33 56
33 71
33 88
33 96
33 139
33 158
33 167
33 173
33 174
33 181
33 189
34 4
34 10
34 25
34 30
34 35
34 47
34 55
34 69
34 71
34 76
34 83
34 102
34 110
34 114
34 143
34 151
34 156
34 162
34 199
35 16
35 76
35 79
35 114
35 122
35 124
35 150
35 168
35 176
35 180
35 190
35 194
36 27
36 28
36 34
36 39
36 49
36 57
36 67
36 94
36 107
36 112
36 113
36 114
36 125
36 130
36 137
36 159
36 179
36 184
37 10
37 14
37 25
37 30
37 36
37 58
37 87
37 102
37 110
37 132
37 136
37 146
37 149
37 152
37 155
37 169
37 170
37 172
37 184
37 190
37 199
38 5
38 7
38 9
38 27
38 63
38 68
38 79
38 89
38 96
38 99
38 126
38 177
38 191
39 12
39 35
39 38
39 47
39 69
39 76
39 86
39 105
39 120
39 127
39 128
39 137
39 141
39 144
39 165
39 174
39 189
39 198
40 5
40 17
40 21
40 26
40 29
40 37
40 39
40 43
40 49
40 71
40 97
40 129
40 177
40 195
40 199
41 7
41 10
41 17
41 38
41 47
41 80
41 83
41 135
41 149
41 161
41 174
41 191
41 198
42 3
42 17
42 26
42 29
42 48
42 67
42 87
42 101
42 127
42 133
42 164
42 184
42 195
43 20
43 59
43 71
43 77
43 79
43 87
43 94
43 136
43 154
44 42
44 51
44 61
44 63
44 127
44 153
44 157
44 170
44 178
44 181
44 198
45 1
45 10
45 19
45 31
45 33
45 50
45 76
45 77
45 80
45 95
45 100
45 116
45 132
45 146
45 148
45 154
46 22
46 26
46 29
46 71
46 75
46 79
46 102
46 108
46 110
46 130
46 145
46 160
46 172
46 181
46 196
47 44
47 46
47 52
47 53
47 66
47 80
47 92
47 109
47 116
47 124
47 137
47 142
47 146
47 153
47 154
47 156
47 157
47 158
47 159
47 174
48 2
48 10
48 20
48 27
48 31
48 57
48 65
48 67
48 69
48 83
48 108
48 148
48 162
48 190
49 3
49 13
49 15
49 37
49 51
49 67
49 80
49 116
49 175
49 194
49 195
49 199
50 2
50 46
50 69
50 83
50 95
50 101
50 102
50 103
50 130
50 133
50 137
50 146
50 155
50 167
50 169
50 171
51 55
51 73
51 81
51 104
51 132
51 154
51 169
51 170
51 183
51 194
52 9
52 23
52 31
52 49
52 57
52 61
52 96
52 98
52 108
52 138
52 161
52 169
52 172
52 177
52 185
53 1
53 62
53 84
53 110
53 136
53 139
53 141
53 168
53 178
53 195
53 199
54 17
54 23
54 32
54 36
54 39
54 74
54 78
54 98
54 105
54 136
54 140
54 171
55 9
55 28
55 30
55 36
55 62
55 69
55 79
55 80
55 88
55 122
55 130
55 163
55 166
55 176
55 193
56 13
56 15
56 16
56 21
56 42
56 51
56 55
56 58
56 69
56 85
56 114
56 124
56 127
56 139
56 153
56 159
56 166
56 173
56 189
56 191
56 192
57 9
57 10
57 22
57 26
57 39
57 62
57 90
57 91
57 97
57 103
57 124
57 131
57 143
57 153
57 188
58 15
58 42
58 83
58 84
58 87
58 102
58 117
58 137
58 152
58 161
58 174
58 177
58 186
59 9
59 25
59 39
59 48
59 67
59 72
59 90
59 94
59 99
59 125
59 135
59 147
59 176
59 177
59 200
60 8
60 16
60 37
60 39
60 44
60 45
60 48
60 67
60 81
60 91
60 110
60 123
60 136
60 148
60 155
61 18
61 25
61 49
61 59
61 65
61 69
61 77
61 93
61 95
61 134
61 164
61 166
61 173
61 180
61 193
62 5
62 6
62 16
62 17
62 18
62 45
62 46
62 76
62 93
62 114
62 117
62 119
62 120
62 137
62 143
62 160
62 164
62 165
62 175
63 16
63 17
63 26
63 30
63 48
63 71
63 73
63 81
63 85
63 92
63 102
63 128
63 130
63 138
63 166
63 190
64 4
64 32
64 51
64 60
64 67
64 82
64 92
64 97
64 108
64 113
64 128
64 150
64 160
65 12
65 28
65 38
65 45
65 63
65 95
65 113
65 118
65 142
65 143
65 144
65 173
65 199
66 1
66 38
66 50
66 67
66 73
66 120
66 133
66 178
66 191
67 7
67 19
67 21
67 27
67 29
67 73
67 74
67 99
67 118
67 121
67 135
67 154
67 166
67 175
67 188
68 2
68 23
68 40
68 51
68 61
68 75
68 93
68 94
68 97
68 104
68 114
68 115
68 122
68 123
68 124
68 137
68 143
68 162
68 180
68 188
68 190
68 194
68 197
68 199
69 6
69 30
69 35
69 36
69 49
69 71
69 92
69 98
69 100
69 129
69 131
69 136
69 143
69 157
69 177
70 6
70 8
70 39
70 61
70 68
70 91
70 97
70 103
70 109
70 117
70 127
70 131
70 143
70 158
70 161
70 163
70 175
71 3
71 8
71 14
71 23
71 37
71 42
71 57
71 85
71 98
71 104
71 111
71 164
71 170
71 185
71 194
72 7
72 33
72 34
72 38
72 44
72 48
72 53
72 61
72 65
72 70
72 93
72 98
72 104
72 107
72 109
72 110
72 126
72 140
72 149
72 153
72 166
72 177
72 183
73 6
73 16
73 34
73 56
73 69
73 72
73 78
73 85
73 108
73 115
73 129
73 143
73 146
73 192
73 195
73 196
74 11
74 35
74 56
74 62
74 102
74 108
74 114
74 132
74 136
74 143
74 147
74 154
74 174
74 187
74 188
74 189
74 190
75 5
75 42
75 66
75 102
75 122
75 127
75 142
75 196
76 12
76 37
76 55
76 57
76 60
76 78
76 91
76 113
76 115
76 126
76 132
76 139
76 148
76 170
76 183
76 185
76 195
77 6
77 7
77 26
77 51
77 69
77 86
77 87
77 116
77 128
78 3
78 33
78 37
78 44
78 60
78 63
78 69
78 72
78 79
78 85
78 106
79 62
79 64
79 84
79 86
79 102
79 118
79 130
79 140
79 142
79 162
79 177
79 179
79 184
80 9
80 13
80 14
80 26
80 31
80 42
80 48
80 61
80 72
80 75
80 100
80 108
80 117
80 130
80 133
80 199
81 2
81 15
81 16
81 56
81 65
81 68
81 70
81 108
81 124
81 126
81 139
81 166
81 177
81 194
81 196
82 23
82 36
82 68
82 76
82 86
82 96
82 97
82 106
82 129
82 138
82 158
82 177
82 181
82 194
83 30
83 43
83 54
83 86
83 101
83 109
83 117
83 134
83 139
83 160
83 161
83 186
84 2
84 51
84 90
84 116
84 117
84 119
84 120
84 127
84 130
84 152
84 157
84 179
85 6
85 26
85 35
85 69
85 74
85 89
85 104
85 106
85 126
85 151
85 154
85 162
85 168
85 178
85 185
86 4
86 6
86 18
86 20
86 25
86 33
86 58
86 63
86 70
86 109
86 129
86 134
86 144
86 147
86 152
86 173
86 184
86 186
86 189
86 193
87 6
87 11
87 20
87 27
87 36
87 40
87 48
87 79
87 80
87 91
87 100
87 105
87 108
87 110
87 151
87 156
87 160
87 163
87 167
87 168
88 26
88 27
88 50
88 51
88 66
88 92
88 99
88 164
88 177
88 178
88 184
88 186
88 191
88 200
89 3
89 7
89 29
89 71
89 75
89 78
89 96
89 98
89 101
89 124
89 132
89 157
89 169
89 171
89 172
89 181
89 186
89 192
90 31
90 74
90 83
90 91
90 95
90 112
90 113
90 153
90 166
90 177
90 179
90 181
91 11
91 14
91 18
91 22
91 47
91 52
91 62
91 82
91 124
91 143
91 160
91 188
91 197
91 200
92 35
92 44
92 50
92 52
92 67
92 98
92 146
92 151
92 155
92 161
92 173
92 179
92 187
92 193
93 11
93 18
93 26
93 34
93 39
93 52
93 73
93 81
93 94
93 114
93 116
93 119
93 137
93 183
93 187
94 15
94 25
94 33
94 38
94 46
94 50
94 82
94 97
94 122
94 132
94 137
94 154
95 31
95 33
95 57
95 104
95 108
95 129
95 131
95 166
95 176
95 179
95 189
96 3
96 29
96 34
96 45
96 67
96 73
96 104
96 105
96 106
96 119
96 129
96 151
96 160
96 167
96 180
96 183
96 184
97 5
97 16
97 24
97 39
97 45
97 58
97 66
97 85
97 108
97 173
97 182
97 192
98 16
98 21
98 30
98 40
98 55
98 63
98 65
98 95
98 107
98 125
98 191
98 195
99 30
99 121
99 144
99 175
99 189
99 194
100 11
100 18
100 33
100 34
100 50
100 58
100 81
100 91
100 112
100 114
100 130
100 132
100 139
100 140
100 161
100 164
100 172
100 178
100 183
101 35
101 44
101 105
101 125
101 156
101 183
101 190
102 25
102 32
102 36
102 40
102 43
102 45
102 66
102 96
102 107
102 111
102 121
102 164
102 170
102 193
102 200
103 24
103 37
103 52
103 54
103 107
103 112
103 118
103 123
103 130
103 146
103 164
103 178
104 8
104 9
104 15
104 22
104 26
104 38
104 55
104 84
104 107
104 108
104 123
104 132
104 148
104 150
104 151
104 163
104 165
104 172
104 191
104 200
105 1
105 10
105 24
105 33
105 57
105 60
105 63
105 78
105 103
105 113
105 117
105 128
105 140
105 145
105 147
105 158
105 162
106 11
106 17
106 20
106 56
106 64
106 69
106 113
106 125
106 127
106 128
106 130
106 141
106 155
106 160
106 165
106 167
106 177
106 189
106 191
106 195
106 198
107 9
107 20
107 24
107 40
107 46
107 68
107 80
107 88
107 116
107 117
107 124
107 129
107 152
107 155
107 156
107 157
107 177
107 185
108 11
108 17
108 20
108 31
108 66
108 70
108 98
108 103
108 106
108 119
108 133
108 154
108 163
108 198
109 8
109 38
109 51
109 54
109 84
109 100
109 103
109 106
109 125
109 147
109 168
109 187
109 200
110 12
110 21
110 45
110 48
110 51
110 75
110 79
110 106
110 116
110 128
110 133
110 147
111 2
111 17
111 23
111 25
111 30
111 34
111 54
111 79
111 90
111 105
111 180
111 184
111 191
111 193
111 194
112 10
112 23
112 30
112 31
112 33
112 42
112 45
112 47
112 54
112 64
112 78
112 85
112 125
112 148
112 151
112 164
112 169
112 170
112 172
112 197
113 29
113 45
113 48
113 63
113 84
113 91
113 97
113 101
113 115
113 126
113 128
113 129
113 148
113 149
113 166
113 167
113 180
113 185
113 198
114 20
114 21
114 26
114 50
114 55
114 90
114 103
114 105
114 118
114 121
114 122
114 125
114 129
114 169
114 181
114 184
114 187
114 194
115 9
115 13
115 21
115 29
115 30
115 37
115 49
115 52
115 87
115 95
115 116
115 136
115 144
115 150
115 168
115 177
115 182
115 186
116 20
116 25
116 30
116 59
116 67
116 69
116 70
116 83
116 97
116 114
116 123
116 151
116 154
116 164
116 166
116 189
116 196
117 6
117 23
117 49
117 89
117 91
117 94
117 100
117 110
117 114
117 127
117 141
117 170
117 173
117 177
117 186
117 187
117 194
118 2
118 35
118 41
118 45
118 46
118 59
118 64
118 70
118 72
118 73
118 98
118 101
118 105
118 125
118 130
118 143
118 147
118 171
118 182
118 190
119 4
119 70
119 86
119 90
119 116
119 120
119 147
119 152
119 155
119 157
119 159
119 161
119 197
120 20
120 27
120 43
120 50
120 51
120 60
120 61
120 81
120 82
120 112
120 130
120 131
120 137
120 161
120 183
121 1
121 7
121 10
121 17
121 19
121 21
121 42
121 43
121 46
121 50
121 63
121 64
121 85
121 92
121 96
121 106
121 108
121 109
121 131
121 135
121 139
121 156
121 165
121 172
121 185
121 195
122 4
122 18
122 36
122 41
122 42
122 46
122 57
122 65
122 101
122 124
122 142
122 152
122 153
122 172
122 173
122 187
123 21
123 32
123 53
123 81
123 122
123 132
123 142
123 154
123 184
124 5
124 6
124 23
124 45
124 64
124 70
124 72
124 73
124 75
124 117
124 129
124 135
124 137
124 149
124 161
124 168
124 198
124 199
125 10
125 16
125 17
125 48
125 55
125 62
125 81
125 82
125 100
125 119
125 122
125 168
125 177
126 10
126 17
126 31
126 36
126 44
126 50
126 52
126 73
126 86
126 95
126 96
126 106
126 107
126 115
126 120
126 147
126 178
127 14
127 16
127 19
127 79
127 89
127 90
127 91
127 116
127 118
127 157
128 8
128 28
128 30
128 32
128 42
128 71
128 90
128 103
128 109
128 126
128 135
128 154
128 168
128 182
128 188
129 4
129 17
129 23
129 29
129 30
129 43
129 49
129 80
129 102
129 115
129 119
129 125
129 131
129 142
129 146
129 156
129 159
129 163
129 179
129 181
129 198
130 7
130 14
130 29
130 39
130 43
130 52
130 68
130 73
130 90
130 107
130 127
130 152
130 157
130 160
131 80
131 85
131 86
131 93
131 96
131 99
131 110
131 111
131 124
131 125
131 154
131 182
132 8
132 24
132 42
132 60
132 72
132 79
132 103
132 119
132 150
132 161
132 165
132 183
132 199
133 14
133 23
133 27
133 30
133 93
133 101
133 125
133 145
133 168
133 169
133 170
133 171
133 176
134 1
134 27
134 30
134 32
134 38
134 62
134 73
134 77
134 82
134 112
134 143
134 153
134 166
134 167
134 178
134 181
134 191
135 4
135 5
135 37
135 58
135 60
135 71
135 74
135 79
135 89
135 105
135 126
135 129
135 136
135 165
135 173
135 179
135 182
135 197
136 39
136 48
136 62
136 65
136 94
136 118
136 143
136 149
136 150
136 179
136 188
137 9
137 16
137 27
137 45
137 46
137 49
137 52
137 54
137 55
137 63
137 65
137 74
137 90
137 106
137 107
137 117
137 143
137 147
137 148
137 150
137 155
137 159
137 164
137 181
137 194
138 18
138 33
138 46
138 49
138 66
138 83
138 124
138 125
138 146
138 173
138 191
138 193
139 6
139 41
139 51
139 82
139 88
139 94
139 105
139 128
139 161
139 181
139 193
140 15
140 21
140 22
140 24
140 28
140 31
140 37
140 38
140 41
140 52
140 73
140 78
140 119
140 127
140 148
140 149
140 188
140 190
141 12
141 15
141 21
141 30
141 52
141 54
141 62
141 64
141 69
141 76
141 77
141 78
141 85
141 105
141 124
141 132
141 137
141 151
141 165
141 172
141 187
142 20
142 37
142 52
142 69
142 84
142 91
142 106
142 121
142 127
142 173
142 174
142 180
143 2
143 5
143 18
143 19
143 50
143 53
143 121
143 141
143 145
143 150
143 157
143 160
143 166
143 186
144 3
144 17
144 21
144 22
144 26
144 33
144 37
144 60
144 61
144 67
144 72
144 100
144 112
144 116
144 117
144 124
144 126
144 132
144 135
144 139
144 145
144 148
144 151
144 160
144 191
145 6
145 14
145 36
145 49
145 51
145 67
145 80
145 100
145 106
145 119
145 120
145 129
145 132
145 137
145 148
145 165
145 169
145 172
145 177
145 180
146 8
146 41
146 55
146 66
146 67
146 79
146 101
146 104
146 143
146 145
147 15
147 16
147 99
147 107
147 122
147 131
147 158
147 159
147 178
147 186
148 22
148 32
148 36
148 62
148 86
148 92
148 107
148 110
148 118
148 125
148 129
148 132
148 135
148 151
148 173
148 187
149 19
149 30
149 55
149 62
149 69
149 79
149 89
149 101
149 103
149 178
149 183
149 197
150 12
150 14
150 31
150 41
150 44
150 72
150 74
150 78
150 121
150 135
150 167
150 177
150 178
150 179
150 194
151 2
151 8
151 11
151 21
151 31
151 50
151 57
151 65
151 73
151 102
151 109
151 143
151 157
151 169
152 11
152 46
152 51
152 56
152 67
152 113
152 120
152 128
152 131
152 156
152 162
152 180
152 198
153 5
153 14
153 22
153 25
153 67
153 81
153 82
153 87
153 94
153 102
153 104
153 106
153 120
153 123
153 142
153 161
153 167
153 172
153 176
154 40
154 48
154 78
154 88
154 92
154 93
154 107
154 114
154 132
154 146
154 151
154 155
154 161
154 169
154 186
155 1
155 12
155 29
155 39
155 55
155 102
155 118
155 128
155 132
155 138
155 141
155 178
155 198
156 18
156 35
156 53
156 60
156 102
156 103
156 116
156 132
156 134
156 136
156 157
156 160
156 175
156 185
156 190
156 195
157 10
157 13
157 25
157 26
157 37
157 71
157 74
157 80
157 92
157 97
157 159
157 187
157 189
157 197
158 9
158 16
158 57
158 66
158 111
158 115
158 117
158 136
158 153
158 167
158 182
158 187
158 188
158 195
159 20
159 30
159 32
159 38
159 51
159 63
159 64
159 67
159 75
159 81
159 85
159 86
159 97
159 99
159 112
159 141
159 152
159 161
159 164
159 166
159 196
159 197
160 8
160 27
160 54
160 94
160 119
160 132
160 133
160 148
160 176
161 5
161 14
161 29
161 63
161 68
161 73
161 82
161 117
161 121
161 127
161 148
161 150
161 162
161 192
161 193
161 197
162 23
162 47
162 64
162 71
162 86
162 92
162 118
162 120
162 124
162 133
162 134
162 136
162 144
162 148
162 153
162 185
162 186
163 4
163 47
163 48
163 86
163 91
163 109
163 120
163 132
163 151
163 158
163 161
163 168
163 172
164 8
164 22
164 26
164 31
164 35
164 40
164 48
164 101
164 106
164 108
164 110
164 119
164 120
164 126
164 166
164 185
165 10
165 22
165 56
165 67
165 71
165 74
165 143
165 152
165 153
165 162
165 169
165 183
166 16
166 24
166 33
166 37
166 84
166 136
166 145
166 147
166 153
166 173
166 174
166 178
166 185
166 193
167 2
167 5
167 8
167 20
167 21
167 48
167 65
167 69
167 84
167 92
167 97
167 133
167 154
167 155
167 157
167 182
168 4
168 13
168 16
168 19
168 32
168 36
168 55
168 63
168 65
168 74
168 92
168 119
168 150
168 151
168 153
168 191
168 192
169 2
169 43
169 61
169 68
169 73
169 85
169 94
169 97
169 99
169 110
169 117
169 121
169 122
169 129
169 178
170 2
170 59
170 61
170 85
170 90
170 92
170 100
170 110
170 116
170 126
170 155
170 177
170 195
171 3
171 21
171 26
171 31
171 32
171 36
171 46
171 66
171 67
171 71
171 103
171 114
171 143
171 144
171 158
171 162
171 187
171 188
171 189
171 200
172 3
172 9
172 17
172 53
172 66
172 70
172 76
172 78
172 82
172 94
172 99
172 113
172 116
172 143
172 148
172 150
172 158
172 175
172 190
172 197
173 6
173 19
173 28
173 29
173 35
173 52
173 54
173 55
173 58
173 62
173 85
173 89
173 103
173 105
173 128
173 137
173 155
173 175
173 185
174 11
174 37
174 56
174 66
174 71
174 92
174 104
174 105
174 110
174 148
175 5
175 16
175 18
175 21
175 43
175 53
175 75
175 86
175 87
175 100
175 110
175 118
175 120
175 127
175 131
175 135
175 138
175 152
175 161
175 171
175 177
175 195
176 19
176 41
176 42
176 86
176 87
176 89
176 96
176 98
176 100
176 117
176 136
176 137
176 142
176 145
176 156
176 162
176 187
177 10
177 34
177 42
177 51
177 95
177 101
177 109
177 128
177 161
177 165
178 9
178 16
178 26
178 31
178 57
178 63
178 73
178 90
178 96
178 127
178 128
178 189
179 31
179 42
179 88
179 97
179 102
179 109
179 111
179 114
179 116
179 134
179 148
179 165
179 169
179 177
179 198
180 13
180 24
180 27
180 28
180 36
180 46
180 52
180 95
180 103
180 104
180 160
180 164
180 173
180 181
180 184
180 192
180 194
181 42
181 71
181 110
181 141
181 163
181 187
181 189
182 15
182 32
182 35
182 84
182 86
182 105
182 110
182 112
182 117
182 143
182 144
182 153
182 170
182 177
182 188
182 189
183 7
183 37
183 54
183 75
183 79
183 83
183 98
183 99
183 104
183 108
183 139
183 148
183 156
183 159
183 175
183 184
183 196
183 200
184 8
184 23
184 33
184 63
184 102
184 105
184 124
184 143
184 148
184 157
184 164
184 174
184 179
184 181
184 190
185 3
185 7
185 24
185 29
185 31
185 32
185 34
185 47
185 59
185 81
185 82
185 83
185 142
185 151
185 170
185 193
185 198
185 199
186 5
186 10
186 12
186 14
186 60
186 64
186 67
186 100
186 103
186 110
186 133
186 139
186 163
186 189
187 30
187 35
187 40
187 49
187 88
187 111
187 119
187 143
187 149
187 153
187 155
187 179
187 194
188 3
188 5
188 30
188 61
188 76
188 99
188 109
188 122
188 126
188 173
188 176
189 2
189 6
189 12
189 17
189 70
189 72
189 84
189 92
189 121
189 124
189 134
189 143
189 149
189 158
189 160
189 170
189 185
189 197
190 13
190 27
190 56
190 60
190 62
190 79
190 87
190 88
190 137
190 154
190 181
190 186
191 42
191 43
191 52
191 60
191 71
191 74
191 77
191 119
191 121
191 124
191 127
191 137
191 149
192 6
192 13
192 49
192 58
192 59
192 67
192 81
192 90
192 98
192 113
192 128
192 130
192 131
192 132
192 134
192 162
192 188
193 23
193 47
193 97
193 108
193 110
193 118
193 129
193 132
193 164
193 169
194 1
194 16
194 21
194 25
194 42
194 64
194 69
194 79
194 83
194 95
194 109
194 135
194 136
194 147
194 174
194 178
194 195
195 8
195 19
195 23
195 37
195 47
195 48
195 58
195 101
195 107
195 138
195 151
195 161
195 168
195 181
195 182
195 185
195 192
196 28
196 32
196 34
196 38
196 56
196 72
196 84
196 87
196 88
196 102
196 121
196 130
196 149
196 161
196 186
196 188
197 40
197 49
197 53
197 72
197 83
197 131
197 143
197 156
197 158
197 178
197 179
197 192
197 198
198 4
198 5
198 12
198 33
198 34
198 78
198 82
198 165
198 177
198 196
199 16
199 28
199 58
199 66
199 82
199 88
199 138
199 141
199 186
200 41
200 52
200 61
200 75
200 76
200 94
200 95
200 105
200 120
200 127
200 144
200 147
200 151
200 155
200 179
200 189

