150 2000
39 83 73 81 93 42 120 91 114 98 30 43 93 57 114 43 45 45 114 84 100 62 74 28 43 80 80 96 92 84 23 61 82 30 76 59 91 109 65 86 116 38 108 28 72 56 63 65 34 36 87 91 48 58 37 85 39 48 79 64 22 116 68 90 50 69 30 72 64 70 100 36 77 50 107 33 105 89 37 57 87 96 78 96 84 66 20 60 79 33 117 110 81 36 39 105 21 22 42 82 47 91 20 45 102 59 96 106 38 54 104 114 99 53 115 95 96 35 94 64 27 120 27 53 88 118 88 42 101 112 52 99 50 61 69 87 63 67 114 84 87 118 45 120 58 20 35 100 98 78 
1 23
1 24
1 27
1 37
1 50
1 61
1 63
1 74
1 77
1 83
1 91
1 93
1 100
1 108
1 122
1 134
2 33
2 43
2 51
2 58
2 75
2 94
2 97
2 101
2 112
2 116
2 134
2 137
2 142
3 14
3 23
3 43
3 95
3 100
3 119
3 135
4 3
4 10
4 13
4 45
4 52
4 66
4 72
4 80
5 6
5 15
5 16
5 21
5 33
5 102
5 136
6 7
6 23
6 36
6 38
6 39
6 67
6 73
6 77
6 91
6 96
6 99
6 117
6 133
6 137
6 138
6 142
6 148
6 150
7 12
7 16
7 29
7 40
7 41
7 55
7 63
7 91
7 123
7 127
7 133
7 139
7 141
7 143
8 2
8 6
8 20
8 26
8 28
8 52
8 55
8 59
8 62
8 77
8 98
8 126
8 143
9 19
9 41
9 51
9 75
9 76
9 81
9 83
9 86
9 107
9 116
9 140
9 142
10 19
10 23
10 46
10 53
10 58
10 72
10 75
10 104
11 33
11 47
11 57
11 60
11 62
11 66
11 73
11 83
11 105
11 108
11 135
11 144
11 145
12 13
12 24
12 27
12 37
12 40
12 42
12 50
12 51
12 61
12 69
12 86
12 88
12 89
12 104
12 105
12 109
12 148
13 8
13 22
13 31
13 45
13 49
13 63
13 66
13 70
13 83
13 91
13 98
13 105
13 131
13 135
13 138
13 140
13 148
13 149
14 2
14 10
14 17
14 44
14 45
14 48
14 62
14 84
14 106
14 112
14 115
14 133
14 141
14 144
14 149
14 150
15 4
15 6
15 9
15 19
15 50
15 63
15 82
15 95
15 97
15 105
15 114
15 131
15 135
15 139
15 144
16 2
16 9
16 14
16 20
16 23
16 29
16 37
16 47
16 57
16 60
16 62
16 70
16 72
16 83
16 90
16 99
16 108
16 110
16 120
16 127
17 1
17 24
17 26
17 31
17 70
17 72
17 79
17 92
17 100
17 101
17 118
17 123
17 124
17 125
17 126
17 141
18 15
18 33
18 54
18 55
18 66
18 67
18 77
18 84
18 93
18 114
18 117
18 123
18 124
18 126
19 12
19 24
19 28
19 34
19 40
19 62
19 74
19 100
19 102
19 117
19 139
19 148
19 150
20 15
20 27
20 30
20 51
20 56
20 69
20 72
20 96
20 100
20 101
20 114
20 125
20 143
20 149
21 17
21 44
21 48
21 66
21 68
21 70
21 71
21 88
21 105
21 109
21 133
21 140
21 142
22 17
22 30
22 33
22 56
22 59
22 66
22 91
22 95
22 109
22 121
22 126
22 127
22 135
22 149
23 14
23 34
23 42
23 46
23 74
23 97
23 107
23 117
23 119
23 131
23 145
24 4
24 6
24 15
24 26
24 36
24 40
24 46
24 62
24 68
24 84
24 94
24 100
24 101
24 104
24 132
24 135
24 145
25 6
25 8
25 10
25 11
25 12
25 13
25 18
25 26
25 40
25 41
25 43
25 45
25 79
25 99
25 106
25 116
25 121
25 129
26 2
26 16
26 33
26 38
26 46
26 53
26 72
26 73
26 80
26 86
26 89
26 118
26 127
27 4
27 8
27 9
27 10
27 14
27 29
27 45
27 59
27 65
27 70
27 74
27 75
27 84
27 98
27 119
27 146
28 14
28 35
28 39
28 40
28 48
28 53
28 67
28 84
28 86
28 92
28 123
28 127
28 135
29 6
29 12
29 13
29 15
29 23
29 34
29 37
29 68
29 84
29 87
29 94
29 119
30 27
30 50
30 51
30 52
30 59
30 61
30 76
30 104
30 112
30 139
30 146
30 149
31 20
31 21
31 22
31 38
31 42
31 44
31 46
31 55
31 56
31 73
31 79
31 80
31 81
31 90
31 104
31 126
31 127
32 28
32 33
32 43
32 52
32 54
32 60
32 70
32 76
32 78
32 103
32 124
32 136
32 150
33 21
33 36
33 40
33 42
33 45
33 51
33 57
33 64
33 68
33 71
33 73
33 82
33 110
33 120
33 136
33 146
34 3
34 6
34 14
34 17
34 21
34 32
34 36
34 42
34 44
34 79
34 87
34 91
34 99
34 115
34 121
34 132
35 4
35 5
35 16
35 30
35 39
35 60
35 64
35 71
35 80
35 122
35 129
35 135
36 12
36 13
36 14
36 28
36 38
36 48
36 66
36 73
36 82
36 96
36 106
36 113
36 115
37 5
37 25
37 55
37 72
37 74
37 97
37 130
37 132
38 1
38 5
38 7
38 13
38 32
38 47
38 54
38 92
38 99
38 107
38 108
38 124
38 131
38 133
38 137
38 141
39 18
39 22
39 23
39 32
39 65
39 87
39 111
39 119
39 127
39 142
40 20
40 34
40 36
40 59
40 69
40 101
40 123
40 126
41 13
41 36
41 45
41 50
41 64
41 74
41 78
41 83
41 87
41 125
41 135
42 3
42 4
42 5
42 7
42 44
42 56
42 64
42 69
42 75
42 84
42 94
42 137
42 149
43 7
43 14
43 19
43 30
43 33
43 48
43 50
43 63
43 95
43 99
43 108
43 115
43 117
43 119
43 124
43 132
43 148
44 7
44 9
44 28
44 29
44 40
44 67
44 70
44 110
44 132
44 138
45 5
45 19
45 36
45 47
45 48
45 58
45 72
45 92
45 93
45 98
45 116
45 124
45 126
45 140
45 142
45 147
46 18
46 22
46 33
46 34
46 49
46 59
46 71
46 85
46 94
46 96
46 102
46 108
46 120
46 132
47 19
47 22
47 46
47 69
47 90
47 99
47 119
47 122
47 125
47 137
47 142
47 150
48 5
48 8
48 25
48 67
48 68
48 74
48 88
48 95
48 114
48 118
48 122
48 125
48 145
49 5
49 20
49 48
49 81
49 83
49 85
49 91
49 105
49 113
49 114
49 121
49 124
49 125
50 11
50 19
50 20
50 24
50 38
50 54
50 56
50 58
50 66
50 69
50 85
50 118
50 143
50 144
50 148
51 18
51 19
51 24
51 26
51 34
51 35
51 69
51 72
51 80
51 99
51 116
51 125
51 142
52 7
52 18
52 19
52 27
52 38
52 43
52 49
52 69
52 71
52 99
52 100
52 111
52 126
52 138
53 18
53 23
53 38
53 58
53 63
53 82
53 88
53 104
53 107
53 108
53 114
53 125
53 140
54 35
54 39
54 45
54 47
54 68
54 70
54 73
54 82
54 118
54 121
54 136
54 137
55 25
55 40
55 43
55 46
55 49
55 51
55 53
55 66
55 76
55 82
55 93
55 104
55 111
55 134
56 6
56 51
56 55
56 57
56 78
56 98
56 138
56 139
57 30
57 36
57 75
57 77
57 86
57 89
57 90
57 92
57 94
57 95
57 98
57 103
57 105
57 108
57 139
57 150
58 6
58 26
58 29
58 42
58 52
58 61
58 66
58 78
58 83
58 88
58 98
58 99
58 138
58 139
58 144
58 147
59 58
59 61
59 75
59 76
59 83
59 84
59 85
59 93
60 44
60 58
60 63
60 98
60 103
60 110
60 133
61 2
61 11
61 14
61 36
61 53
61 54
61 65
61 75
61 84
61 95
61 98
61 109
61 129
61 137
62 21
62 23
62 25
62 32
62 41
62 56
62 69
62 71
62 110
62 113
62 120
62 138
63 17
63 28
63 46
63 54
63 67
63 79
63 104
63 122
63 125
63 127
63 142
63 147
64 8
64 10
64 22
64 30
64 39
64 40
64 53
64 73
64 85
64 110
64 119
64 122
64 123
64 127
65 3
65 6
65 14
65 18
65 26
65 33
65 38
65 43
65 51
65 64
65 67
65 72
65 79
65 111
65 131
65 132
66 7
66 29
66 41
66 46
66 54
66 63
66 75
66 90
66 93
66 99
66 116
66 117
66 122
66 125
66 130
66 139
67 17
67 26
67 39
67 47
67 61
67 64
67 97
67 113
67 121
67 142
68 5
68 22
68 27
68 50
68 53
68 55
68 58
68 62
68 75
68 82
68 115
68 119
68 125
68 130
69 9
69 10
69 22
69 41
69 70
69 76
69 89
69 91
69 105
69 118
69 128
69 137
70 3
70 15
70 24
70 53
70 59
70 60
70 86
70 97
70 100
70 105
70 117
70 131
70 150
71 5
71 7
71 19
71 24
71 41
71 69
71 72
71 83
71 93
71 102
71 106
71 108
71 122
71 123
71 126
71 141
71 148
72 1
72 11
72 23
72 28
72 31
72 40
72 41
72 73
72 91
72 98
72 101
72 141
72 142
72 143
72 147
73 3
73 12
73 14
73 17
73 21
73 32
73 44
73 57
73 59
73 76
73 84
73 105
73 110
73 123
74 9
74 11
74 14
74 15
74 29
74 50
74 52
74 59
74 60
74 65
74 140
74 146
74 148
75 36
75 46
75 85
75 93
75 101
75 106
75 117
75 123
75 130
75 136
76 27
76 29
76 53
76 60
76 70
76 83
76 94
76 96
76 115
76 120
76 122
76 135
77 7
77 15
77 32
77 33
77 34
77 40
77 61
77 67
77 82
77 98
77 109
77 121
77 123
78 16
78 24
78 30
78 31
78 47
78 49
78 63
78 83
78 94
78 96
78 123
78 124
78 148
79 4
79 6
79 29
79 59
79 81
79 82
79 89
79 91
79 108
79 112
79 118
79 143
80 6
80 16
80 21
80 22
80 89
80 90
80 102
80 104
80 113
80 132
80 137
80 143
80 146
81 6
81 8
81 15
81 52
81 83
81 107
81 126
81 146
82 9
82 18
82 25
82 27
82 29
82 30
82 50
82 101
82 105
82 123
82 133
82 139
82 140
82 142
83 24
83 73
83 84
83 89
83 102
83 106
83 125
83 137
83 141
83 143
84 3
84 20
84 25
84 37
84 49
84 51
84 55
84 57
84 93
84 101
84 105
84 126
84 128
84 138
84 150
85 36
85 58
85 63
85 66
85 72
85 76
85 82
85 96
85 110
85 118
85 123
85 146
85 148
85 149
86 20
86 23
86 25
86 49
86 66
86 76
86 79
86 92
86 96
86 106
86 111
86 136
86 137
87 7
87 15
87 21
87 32
87 38
87 48
87 49
87 56
87 68
87 73
87 74
87 80
87 100
87 103
87 104
87 119
87 128
87 150
88 9
88 10
88 11
88 14
88 15
88 16
88 28
88 33
88 34
88 52
88 57
88 74
88 82
88 94
88 103
88 104
88 113
89 11
89 31
89 43
89 47
89 54
89 61
89 65
89 67
89 85
89 94
89 110
89 130
89 133
89 149
90 26
90 62
90 71
90 95
90 98
90 118
90 131
90 147
91 11
91 25
91 27
91 39
91 48
91 54
91 57
91 58
91 75
91 101
91 102
91 114
91 119
91 120
91 148
92 6
92 9
92 19
92 21
92 26
92 30
92 32
92 35
92 52
92 55
92 58
92 62
92 72
92 89
92 107
92 113
92 143
92 144
93 3
93 28
93 35
93 40
93 57
93 68
93 70
93 104
93 127
93 136
93 144
94 7
94 16
94 36
94 37
94 53
94 71
94 82
94 107
94 118
95 2
95 14
95 16
95 27
95 35
95 42
95 44
95 47
95 74
95 77
95 78
95 83
95 86
95 87
95 92
95 105
95 108
95 111
95 117
95 119
95 136
95 144
96 16
96 19
96 21
96 24
96 31
96 35
96 42
96 73
96 80
96 92
96 102
96 110
96 119
96 127
96 136
96 139
96 140
96 143
97 5
97 36
97 43
97 50
97 56
97 60
97 66
97 72
97 81
97 95
97 96
97 98
97 102
97 108
97 109
97 136
97 140
97 149
98 5
98 39
98 50
98 54
98 71
98 83
98 120
99 21
99 24
99 26
99 32
99 68
99 69
99 78
99 98
99 100
99 102
99 104
99 115
99 124
99 125
99 147
100 14
100 26
100 28
100 32
100 36
100 39
100 76
100 78
100 81
100 86
100 93
100 95
100 109
100 114
100 122
100 124
100 128
100 136
100 143
100 147
101 4
101 36
101 52
101 71
101 76
101 92
101 96
101 98
101 129
101 137
102 21
102 35
102 40
102 44
102 45
102 48
102 67
102 77
102 93
102 94
102 103
102 106
102 114
102 115
102 117
102 123
102 141
102 145
102 146
102 150
103 4
103 38
103 50
103 74
103 89
103 112
104 20
104 33
104 48
104 61
104 64
104 70
104 75
104 95
104 129
104 139
104 143
105 4
105 8
105 31
105 54
105 79
105 94
105 117
105 138
105 140
105 141
106 26
106 28
106 43
106 50
106 51
106 59
106 77
106 99
106 108
106 109
106 122
106 127
106 144
107 5
107 7
107 18
107 21
107 30
107 41
107 60
107 73
107 78
107 79
107 87
107 97
107 109
107 117
107 140
107 142
107 147
108 20
108 47
108 49
108 52
108 70
108 81
108 94
108 101
108 105
108 107
108 119
108 122
108 127
108 142
109 30
109 72
109 87
109 95
109 147
109 150
110 10
110 41
110 45
110 53
110 92
110 95
110 107
110 130
110 131
110 133
111 24
111 25
111 29
111 35
111 54
111 63
111 66
111 75
111 82
111 87
111 97
111 104
111 105
111 110
111 124
111 127
111 132
111 136
112 25
112 54
112 65
112 71
112 95
112 96
112 101
112 111
112 116
112 140
113 3
113 43
113 46
113 64
113 81
113 90
113 105
113 106
113 136
113 141
114 26
114 33
114 38
114 59
114 75
114 85
114 96
114 104
114 107
114 112
114 116
114 137
114 138
114 148
115 26
115 28
115 39
115 41
115 49
115 51
115 56
115 78
115 92
115 107
115 119
115 122
115 131
115 146
116 3
116 5
116 13
116 14
116 49
116 80
116 107
116 129
116 130
116 139
117 12
117 61
117 62
117 67
117 73
117 78
117 89
117 96
117 104
117 115
117 123
117 124
117 149
118 2
118 7
118 15
118 19
118 24
118 60
118 97
118 99
118 104
118 117
118 121
118 123
118 128
118 135
118 143
119 17
119 18
119 25
119 53
119 56
119 70
119 81
119 88
119 123
119 124
119 133
119 134
119 145
119 147
120 2
120 17
120 44
120 56
120 87
120 92
120 96
120 99
120 103
120 105
120 109
120 110
120 136
120 139
120 140
120 141
120 146
121 17
121 38
121 41
121 57
121 58
121 59
121 79
121 82
121 111
121 116
121 127
121 138
122 13
122 14
122 24
122 29
122 58
122 70
122 72
122 87
122 92
122 94
122 105
122 114
122 133
122 135
122 137
122 141
123 42
123 49
123 58
123 60
123 62
123 79
123 112
123 114
123 129
123 139
123 149
124 3
124 16
124 25
124 37
124 41
124 53
124 61
124 67
124 81
124 84
124 90
124 96
124 112
124 118
124 123
124 130
124 142
124 143
125 2
125 42
125 43
125 54
125 60
125 91
125 97
125 102
125 103
125 105
125 114
125 126
125 131
125 142
125 143
126 1
126 19
126 20
126 53
126 65
126 73
126 74
126 79
126 102
126 103
126 111
126 122
127 4
127 36
127 41
127 44
127 46
127 72
127 75
127 90
127 92
128 12
128 38
128 43
128 45
128 52
128 54
128 56
128 70
128 76
128 81
128 97
128 105
128 139
129 22
129 29
129 33
129 51
129 57
129 63
129 82
129 83
129 85
129 91
129 100
129 103
129 112
129 115
129 133
129 145
130 1
130 31
130 32
130 46
130 61
130 81
130 95
130 98
130 138
130 147
131 19
131 37
131 41
131 45
131 49
131 54
131 75
131 86
131 91
131 114
131 127
132 9
132 23
132 26
132 30
132 35
132 48
132 59
132 69
132 71
132 77
132 91
132 96
132 135
132 136
132 145
133 9
133 13
133 20
133 27
133 30
133 51
133 68
133 73
133 111
133 113
133 123
133 124
133 135
134 9
134 11
134 35
134 63
134 72
134 81
134 95
134 96
134 108
134 118
134 121
134 124
134 131
135 2
135 10
135 14
135 44
135 55
135 57
135 83
135 101
135 117
135 126
135 127
135 130
135 138
136 4
136 6
136 12
136 24
136 57
136 67
136 68
136 83
136 85
136 87
136 119
136 140
136 141
137 5
137 31
137 46
137 68
137 77
137 79
137 87
137 93
137 108
137 121
137 133
137 141
137 145
137 147
138 21
138 26
138 32
138 40
138 43
138 69
138 74
138 90
138 92
138 106
139 2
139 10
139 26
139 33
139 34
139 35
139 41
139 46
139 50
139 51
139 68
139 88
139 110
139 118
139 133
139 140
140 2
140 11
140 39
140 48
140 66
140 83
140 84
140 94
140 98
140 119
140 122
140 132
140 145
141 3
141 12
141 18
141 27
141 40
141 41
141 44
141 57
141 74
141 76
141 80
141 109
141 114
141 128
142 14
142 19
142 28
142 35
142 59
142 60
142 76
142 83
142 85
142 112
142 115
142 127
142 135
142 144
142 148
143 16
143 19
143 39
143 45
143 46
143 60
143 95
143 97
143 106
143 133
144 12
144 21
144 31
144 34
144 71
144 77
144 81
144 94
144 103
144 104
144 111
144 130
144 138
145 4
145 21
145 36
145 37
145 44
145 55
145 61
145 91
145 95
145 101
145 108
145 121
145 122
145 139
145 142
145 150
146 4
146 5
146 22
146 24
146 38
146 60
146 68
146 72
146 75
146 78
146 122
146 125
146 126
146 127
146 128
146 133
146 142
146 148
147 15
147 17
147 38
147 48
147 49
147 55
147 57
147 67
147 75
147 78
147 95
147 113
147 131
148 17
148 25
148 32
148 55
148 62
148 72
148 75
148 110
148 127
148 130
148 134
148 138
149 1
149 16
149 35
149 36
149 49
149 62
149 71
149 75
149 84
149 93
149 101
149 128
149 132
149 139
149 140
149 145
150 2
150 4
150 20
150 25
150 28
150 41
150 43
150 51
150 90
150 96
150 99
150 131
150 132
150 142

