100 100
105 27 92 95 53 72 90 73 98 61 115 60 113 29 49 89 119 81 54 115 103 62 91 93 105 61 72 42 98 111 41 53 49 73 86 41 28 90 32 86 37 57 21 23 56 23 114 36 114 55 32 47 117 103 56 99 23 49 108 93 65 99 118 40 25 43 56 59 88 88 61 101 40 73 100 110 106 103 47 73 25 93 98 65 47 85 119 112 32 87 82 114 29 103 74 104 51 99 114 48 
1 6
2 6
2 97
4 44
4 53
5 47
5 98
7 57
8 26
8 29
8 39
8 86
10 30
11 29
11 54
12 6
14 1
14 61
17 58
18 15
18 87
19 98
22 86
23 20
23 42
24 73
26 29
29 95
30 35
30 72
32 29
32 45
32 88
34 33
34 88
38 27
38 75
41 52
41 87
43 86
44 83
45 79
46 73
48 71
48 89
48 95
49 91
50 47
51 15
53 32
53 67
55 99
57 30
57 47
57 62
57 75
57 88
58 52
59 4
60 24
63 37
63 44
67 76
68 11
70 11
74 21
74 24
74 49
76 13
76 26
76 71
82 87
82 91
83 13
83 24
83 76
83 85
84 14
84 75
85 13
85 21
85 47
87 20
89 3
90 77
91 23
91 71
92 40
94 80
94 82
95 91
96 71
97 29
97 72
98 54
98 74
99 7
99 79
100 14
100 79

