100 1000
27 44 50 51 63 94 23 42 96 104 30 103 71 70 113 106 24 100 22 103 36 106 55 118 116 53 30 113 108 99 30 77 45 42 91 20 87 55 46 61 63 96 36 51 109 63 81 20 97 97 106 32 56 118 69 82 50 54 78 90 64 56 36 58 62 44 106 57 85 106 75 32 85 64 108 43 96 59 95 81 57 116 79 114 80 39 105 72 63 38 106 53 25 94 89 113 37 22 53 35 
1 2
1 23
1 24
1 25
1 33
1 38
1 39
1 45
1 72
1 81
1 83
1 96
2 16
2 32
2 40
2 53
2 64
2 74
2 94
2 96
2 99
3 12
3 27
3 31
3 43
3 71
3 82
3 94
3 98
4 6
4 21
4 44
4 48
4 73
4 95
4 98
5 13
5 24
5 40
5 43
5 48
5 49
5 58
5 61
5 73
5 86
5 87
5 89
5 95
5 97
6 22
6 26
6 28
6 32
6 54
6 86
6 89
7 2
7 9
7 15
7 16
7 22
7 28
7 32
7 33
7 44
7 48
7 49
7 77
7 84
7 97
8 2
8 16
8 22
8 28
8 47
8 53
8 68
8 73
8 79
8 80
8 87
8 97
8 99
9 27
9 34
9 36
9 49
9 51
9 57
9 59
9 61
9 74
9 80
9 81
9 82
9 84
9 88
9 95
9 96
9 98
10 11
10 12
10 39
10 49
10 62
10 67
10 96
10 100
11 4
11 39
11 49
11 55
11 57
11 66
11 69
12 9
12 11
12 26
12 33
12 44
12 47
12 61
12 78
13 3
13 6
13 10
13 14
13 42
13 50
13 56
13 72
13 77
13 84
14 6
14 11
14 19
14 37
14 42
14 48
14 67
14 69
14 73
14 80
14 85
14 91
14 94
15 4
15 10
15 25
15 32
15 38
15 40
15 47
15 53
15 61
15 69
15 83
15 85
15 86
16 5
16 13
16 27
16 31
16 33
16 35
16 40
16 43
16 49
16 65
16 71
16 75
16 78
16 82
16 96
17 8
17 9
17 10
17 27
17 34
17 51
17 98
18 2
18 7
18 14
18 19
18 28
18 45
18 46
18 70
18 80
18 85
18 94
19 26
19 35
19 38
19 55
19 58
19 62
19 67
19 81
19 92
20 12
20 14
20 31
20 40
20 45
20 52
20 64
20 85
20 88
20 95
21 19
21 44
21 73
21 83
21 90
21 91
21 99
22 17
22 31
22 36
22 59
22 60
22 61
22 64
22 87
22 89
22 90
22 92
23 14
23 25
23 34
23 40
23 44
23 46
23 53
23 78
23 79
23 82
23 87
23 100
24 12
24 14
24 19
24 35
24 60
24 64
24 81
24 91
24 92
24 98
25 5
25 24
25 34
25 44
25 65
25 70
25 76
25 81
25 82
25 97
26 9
26 54
26 66
26 70
26 71
26 81
26 84
26 94
27 14
27 15
27 28
27 32
27 38
27 76
27 80
27 84
27 100
28 3
28 35
28 38
28 44
28 48
28 51
28 52
28 55
28 60
28 69
28 72
28 85
28 86
28 96
29 21
29 37
29 64
29 82
29 89
29 93
29 98
30 15
30 17
30 38
30 50
30 53
30 55
30 63
30 69
31 13
31 24
31 44
31 47
31 50
31 53
31 62
31 69
31 74
31 75
31 82
31 83
31 85
31 93
32 3
32 5
32 24
32 25
32 33
32 35
32 37
32 42
32 63
32 64
32 66
32 78
32 91
32 92
32 96
33 2
33 4
33 5
33 6
33 17
33 22
33 23
33 25
33 34
33 35
33 56
33 57
33 59
33 62
33 71
33 81
33 83
33 87
33 90
33 98
34 3
34 10
34 11
34 29
34 39
34 46
34 62
34 71
34 72
34 76
34 77
35 6
35 15
35 22
35 23
35 26
35 42
35 48
35 76
35 77
35 83
35 86
36 7
36 14
36 17
36 26
36 27
36 41
36 67
36 74
36 93
37 6
37 18
37 19
37 28
37 49
37 60
37 63
37 67
37 71
37 72
37 73
37 80
37 86
37 92
37 97
38 9
38 21
38 25
38 29
38 58
38 66
38 77
38 90
39 16
39 18
39 47
39 58
39 68
39 80
39 90
39 92
40 10
40 17
40 46
40 47
40 48
40 52
40 61
40 88
40 96
40 97
41 16
41 20
41 21
41 34
41 43
41 50
41 55
41 56
41 67
41 80
41 93
41 95
42 3
42 17
42 36
42 39
42 48
42 86
42 90
42 97
43 28
43 40
43 44
43 45
43 67
43 83
43 91
44 11
44 19
44 29
44 33
44 38
44 39
44 47
44 61
44 65
44 76
44 86
44 97
45 15
45 37
45 38
45 52
45 63
45 76
45 77
45 78
45 87
46 7
46 12
46 21
46 32
46 38
46 49
46 63
47 3
47 7
47 10
47 25
47 26
47 50
47 53
47 59
47 64
47 69
47 88
47 96
47 97
48 18
48 29
48 39
48 47
48 49
48 64
48 67
48 74
48 86
48 91
49 8
49 12
49 15
49 19
49 39
49 43
49 70
49 79
50 2
50 4
50 9
50 10
50 12
50 14
50 23
50 26
50 40
50 43
50 51
50 61
50 76
50 85
50 90
51 5
51 14
51 19
51 21
51 32
51 35
51 39
51 66
51 73
51 96
52 3
52 5
52 25
52 32
52 43
52 49
52 67
52 82
52 89
52 97
53 1
53 17
53 27
53 39
53 57
53 58
53 63
53 64
53 68
53 74
53 75
53 79
53 87
53 90
53 96
54 17
54 18
54 34
54 57
54 70
54 83
54 96
55 1
55 16
55 35
55 48
55 50
55 53
55 84
55 89
55 98
56 24
56 26
56 59
56 67
56 69
56 74
56 78
56 84
56 88
56 94
57 1
57 5
57 6
57 12
57 35
57 36
57 39
57 52
57 55
57 58
57 65
57 78
57 85
57 92
57 98
58 17
58 28
58 30
58 31
58 37
58 41
58 44
58 50
58 59
58 66
58 77
58 80
58 96
59 2
59 5
59 18
59 21
59 29
59 44
59 50
59 79
59 81
59 89
59 99
60 6
60 7
60 23
60 29
60 30
60 38
60 56
60 58
60 97
60 98
61 13
61 16
61 17
61 25
61 34
61 35
61 37
61 43
61 55
61 56
61 59
61 69
62 3
62 28
62 44
62 59
62 79
62 93
63 12
63 17
63 19
63 31
63 71
63 82
63 91
64 7
64 8
64 26
64 34
64 52
64 71
64 85
64 94
64 99
65 20
65 23
65 26
65 30
65 43
65 53
65 55
65 58
65 60
65 92
65 95
66 12
66 22
66 33
66 59
66 76
66 77
66 80
66 90
66 98
67 22
67 39
67 53
67 57
67 81
67 88
67 92
68 27
68 33
68 34
68 42
68 43
68 55
68 58
68 60
68 76
68 81
68 91
69 9
69 77
69 79
69 80
70 10
70 12
70 21
70 22
70 28
70 35
70 59
70 69
70 74
70 84
70 92
70 96
71 14
71 19
71 25
71 43
71 51
71 59
71 62
71 67
71 74
71 78
71 79
72 6
72 7
72 12
72 35
72 36
72 42
72 57
72 82
72 87
72 91
73 2
73 9
73 24
73 38
73 46
73 59
73 88
73 97
74 26
74 37
74 39
74 52
74 73
74 82
74 88
74 97
75 22
75 25
75 44
75 89
75 90
76 20
76 40
76 52
76 54
76 58
76 69
76 74
76 81
76 86
76 93
76 94
77 5
77 25
77 27
77 31
77 37
77 43
77 64
77 79
77 84
77 89
77 94
77 99
78 21
78 31
78 41
78 54
78 65
78 75
78 84
78 99
79 5
79 10
79 67
79 68
79 83
79 98
80 13
80 20
80 42
80 57
80 63
80 64
80 74
80 96
80 97
80 99
81 52
81 58
81 60
81 73
82 7
82 15
82 43
82 51
82 65
82 76
82 86
83 70
83 76
83 86
83 87
83 91
83 92
83 94
84 1
84 6
84 14
84 24
84 32
84 37
84 44
84 47
84 58
84 80
84 81
84 83
84 87
84 91
84 95
84 98
85 3
85 17
85 21
85 26
85 27
85 29
85 32
85 42
85 55
85 56
85 81
85 83
85 90
85 91
86 12
86 39
86 40
86 49
86 72
86 79
86 90
87 25
87 39
87 62
87 79
87 89
88 6
88 26
88 41
88 48
88 51
88 63
88 64
88 84
88 87
88 89
89 1
89 3
89 7
89 15
89 23
89 50
89 70
89 72
89 93
90 12
90 24
90 29
90 40
90 58
90 64
90 74
90 78
90 96
91 9
91 12
91 33
91 50
91 51
91 53
91 67
91 80
92 4
92 10
92 13
92 20
92 21
92 35
92 52
92 59
92 75
92 77
92 81
92 85
92 99
92 100
93 8
93 17
93 20
93 65
93 78
93 79
93 81
94 9
94 20
94 21
94 43
94 51
94 59
94 63
94 71
94 82
94 91
95 2
95 3
95 40
95 44
95 51
95 55
95 66
95 78
95 79
95 80
95 86
95 89
95 91
95 93
95 99
96 52
96 61
96 63
96 66
96 71
97 4
97 6
97 14
97 16
97 30
97 36
97 56
97 70
97 82
97 98
98 6
98 14
98 19
98 26
98 45
98 63
98 68
98 91
98 93
99 31
99 38
99 82
99 83
99 93
100 24
100 36
100 40
100 41
100 50
100 52
100 53
100 63
100 78
100 81
100 82
100 86

