150 500
36 21 50 24 37 108 69 107 82 80 73 21 91 47 22 40 48 92 58 76 65 28 42 104 77 55 77 97 53 46 104 67 32 56 49 83 56 27 23 33 77 112 107 24 96 49 99 85 70 66 80 69 118 80 41 112 83 109 85 52 71 21 28 53 82 73 39 33 100 70 52 20 111 114 65 39 30 80 102 86 98 96 117 114 28 30 69 25 42 104 105 59 48 32 120 117 117 40 87 74 41 115 57 108 97 33 103 98 120 22 114 97 74 104 118 57 105 44 54 96 109 111 45 83 115 58 108 96 43 67 67 119 105 49 70 62 82 20 70 38 118 92 116 42 93 107 107 120 64 43 
1 51
1 109
1 120
2 30
2 117
3 11
3 28
3 99
3 148
4 41
4 61
4 86
4 107
5 26
5 30
5 68
6 28
6 43
6 144
6 148
7 120
7 140
8 70
8 89
8 111
9 3
9 94
9 114
10 74
10 104
10 105
11 9
11 27
11 91
11 123
11 127
12 132
13 117
13 121
14 33
14 41
14 48
14 55
15 123
16 1
16 9
16 87
16 102
16 115
17 28
17 61
17 77
17 100
17 148
18 57
18 126
19 15
19 86
19 100
19 107
19 119
20 40
20 62
20 125
21 19
21 47
21 146
22 23
22 60
22 70
22 77
22 126
22 128
23 40
23 54
23 56
23 62
23 76
23 85
23 97
23 110
23 113
23 132
24 23
24 83
24 95
24 116
24 120
25 46
25 53
25 54
25 88
25 141
26 11
26 22
26 24
26 40
26 106
26 141
27 16
27 50
27 104
28 1
28 11
28 27
29 53
29 64
29 143
30 46
30 130
30 133
31 34
31 114
31 115
31 128
33 12
33 50
33 88
33 146
34 18
34 22
34 43
34 91
34 126
34 127
35 73
35 88
35 115
35 129
36 8
36 136
37 2
37 15
37 51
37 146
38 25
38 59
39 8
39 22
39 48
40 94
40 106
40 107
40 120
41 27
41 96
42 36
42 46
42 90
42 99
42 113
42 138
43 91
43 133
44 114
44 138
44 144
45 49
45 63
45 104
46 145
47 49
47 68
47 71
47 84
48 10
48 26
48 60
49 52
49 78
49 88
49 106
49 113
49 146
50 2
50 77
50 79
50 126
50 129
50 135
51 47
51 137
51 149
52 4
52 30
52 116
53 50
53 83
53 116
53 142
54 82
54 84
54 124
55 36
55 71
55 94
56 70
56 78
56 115
57 36
57 86
57 130
57 136
57 146
58 139
59 16
59 17
59 32
59 74
59 84
59 128
59 135
60 16
61 1
61 9
61 45
61 49
62 93
63 23
63 29
63 48
64 79
65 4
65 64
65 76
65 108
66 16
66 86
66 91
66 136
68 51
68 59
68 91
69 16
69 60
70 7
70 93
70 99
70 136
71 24
71 52
71 65
71 150
72 42
72 59
72 67
73 101
74 93
74 132
75 26
75 28
75 65
75 71
75 111
75 116
75 132
76 41
76 126
76 128
77 16
77 38
77 64
77 88
78 40
78 55
78 73
78 87
78 104
79 41
79 77
79 110
80 1
80 21
80 96
80 107
81 18
81 41
81 113
81 120
81 146
82 5
82 45
83 26
83 64
83 129
83 144
83 147
84 8
84 44
85 1
85 13
85 107
85 130
86 58
86 63
86 75
86 80
86 121
86 129
86 134
86 143
87 48
87 59
87 68
87 109
88 51
88 55
88 123
88 150
89 4
89 94
89 98
89 104
89 111
89 114
90 26
90 43
90 59
90 142
91 21
91 135
92 19
92 51
92 79
93 34
93 75
93 89
93 90
94 63
94 79
94 138
95 26
95 63
95 123
96 5
97 42
97 56
98 15
98 44
98 127
99 34
99 44
99 90
101 35
101 46
102 5
102 26
102 53
102 97
103 73
103 99
103 130
103 144
104 121
105 50
105 140
106 28
106 34
107 36
107 147
108 25
108 96
108 102
108 136
109 26
109 65
109 72
110 2
110 5
110 9
110 20
110 41
110 46
110 49
111 10
111 74
111 84
111 113
112 3
112 4
113 95
113 104
113 116
113 137
114 27
114 92
114 100
115 148
116 86
116 121
117 26
117 62
117 81
117 105
117 106
117 108
118 27
118 35
118 73
118 77
118 142
119 106
119 145
120 52
120 62
120 110
120 113
121 12
121 47
121 59
121 101
122 9
122 46
123 13
123 46
123 90
123 107
124 85
124 149
125 17
125 26
125 58
125 81
125 124
125 150
126 56
127 1
127 20
127 33
127 83
127 88
127 102
127 125
128 1
128 66
128 101
128 121
129 7
129 52
129 67
130 87
131 54
131 123
131 146
132 49
132 73
132 102
132 149
133 2
133 80
133 120
134 61
134 74
134 97
134 150
135 86
136 58
136 64
136 104
137 79
137 85
137 107
137 116
138 10
138 97
139 79
139 102
139 119
139 130
140 99
141 64
141 83
141 124
142 6
143 32
143 65
143 78
143 105
143 116
144 7
144 89
144 126
145 103
146 98
147 25
147 66
147 82
147 114
147 148
148 22
148 38
148 56
148 70
148 71
149 58
149 61
149 99
149 115
150 12
150 143

