200 500
52 82 98 103 103 29 105 54 120 89 40 76 66 70 100 64 85 56 30 52 64 106 64 113 100 86 63 26 52 57 81 45 72 43 108 72 43 77 100 68 24 116 64 106 67 21 78 81 96 95 30 95 108 20 67 118 117 69 51 21 34 110 62 112 108 61 52 84 70 39 23 38 64 84 105 39 59 94 55 24 99 26 69 92 89 109 72 60 78 120 106 120 100 60 70 20 111 32 111 95 72 79 61 24 119 112 29 112 117 24 74 85 86 52 101 56 79 90 90 117 35 59 58 34 41 90 102 25 69 90 72 58 96 65 64 117 99 29 94 70 77 31 55 46 51 119 89 28 20 101 92 52 57 95 101 120 62 100 66 91 75 116 72 116 87 116 68 94 83 25 26 69 36 57 92 102 24 54 95 66 89 53 47 29 109 75 79 48 101 73 79 39 83 85 24 76 77 52 83 73 
1 31
1 53
1 71
1 90
1 147
1 175
2 29
2 58
2 98
3 70
3 80
3 171
4 98
4 182
5 28
5 89
5 128
5 185
6 114
7 31
7 56
7 113
7 132
7 133
8 17
8 61
10 15
10 27
10 196
12 159
13 33
13 87
13 108
14 100
14 108
15 148
16 33
16 89
16 145
17 98
17 177
17 198
18 138
19 27
20 174
21 168
23 40
23 66
24 32
24 81
24 136
24 171
25 153
26 11
26 34
26 38
26 90
26 127
27 91
27 93
27 123
27 126
27 185
28 13
28 72
28 164
31 126
32 90
32 100
32 112
32 137
33 42
34 187
35 11
35 130
35 140
36 21
36 188
36 198
37 65
37 104
37 199
38 15
38 21
38 144
38 186
39 2
39 29
39 146
39 161
40 95
40 146
40 171
41 24
41 82
41 164
42 63
42 123
42 179
43 35
43 61
43 79
43 111
43 179
43 192
44 84
44 156
45 67
45 158
47 119
47 131
48 38
48 71
48 77
48 127
49 37
49 102
49 122
50 88
51 13
51 30
51 144
52 5
52 97
52 172
53 16
53 56
53 95
53 136
53 149
54 21
54 124
55 83
55 176
56 91
57 10
57 39
57 172
58 64
58 93
58 156
59 4
59 9
59 40
59 126
59 152
60 28
60 135
61 19
61 27
61 31
61 79
61 165
61 175
62 21
62 49
62 178
63 106
64 34
64 186
65 62
65 78
65 79
65 185
66 184
67 96
67 187
68 14
68 54
68 74
68 184
69 39
69 136
69 171
69 195
70 13
70 47
70 82
70 166
71 7
73 11
73 96
73 142
73 177
74 78
74 142
74 149
74 163
74 167
77 95
77 111
77 133
78 7
78 80
78 93
78 111
78 140
78 160
79 54
79 83
80 12
80 39
80 40
80 131
80 150
80 172
81 28
82 35
82 134
83 100
83 161
84 55
84 87
85 171
85 177
86 47
86 82
86 132
86 187
87 15
87 36
87 120
87 123
87 128
87 132
87 150
87 154
87 173
89 37
91 13
91 39
91 71
91 94
92 13
92 18
92 88
92 121
92 185
93 8
94 49
94 64
95 113
95 156
95 194
96 31
97 69
97 73
97 84
98 20
98 32
98 113
98 140
101 133
102 55
102 135
102 181
102 190
103 37
103 130
103 177
103 193
104 38
104 42
104 121
104 165
106 31
106 47
106 156
107 102
107 189
108 28
108 86
108 103
109 29
110 11
110 32
110 61
110 62
110 66
111 186
112 29
112 31
112 58
112 61
112 86
112 145
112 155
113 85
113 101
115 144
115 147
117 3
117 73
118 45
118 98
119 31
119 78
119 164
119 168
119 184
120 2
121 1
121 33
121 67
121 112
122 53
122 59
122 139
122 160
123 34
123 37
123 41
124 83
124 84
125 110
125 171
126 69
126 71
126 125
126 149
126 164
127 22
127 39
127 174
128 139
128 179
129 12
129 24
129 68
129 81
129 143
130 20
130 58
130 60
130 197
131 66
131 85
131 95
131 98
131 165
131 197
133 72
133 76
133 82
134 137
134 170
134 185
135 165
135 171
136 48
137 69
137 183
138 58
138 172
139 66
139 84
139 101
139 149
139 151
139 157
141 47
141 104
141 106
141 108
142 119
142 193
143 11
143 20
143 80
143 81
143 82
143 100
145 2
145 35
145 109
146 45
146 131
146 139
146 176
146 193
147 24
147 62
147 64
147 98
147 162
147 189
147 194
148 62
148 104
149 40
149 66
150 14
150 45
150 83
150 100
151 1
151 77
151 186
152 14
152 92
152 125
153 95
153 200
154 103
154 104
154 106
154 190
155 171
156 17
156 114
156 135
157 86
157 193
158 25
158 72
158 184
159 44
159 55
159 71
159 136
160 75
161 144
163 33
163 90
163 173
163 177
164 101
164 129
165 92
165 94
165 129
166 50
166 52
167 31
168 68
168 192
169 143
169 173
169 185
171 101
172 62
172 92
172 144
173 114
173 186
174 27
174 28
175 20
175 62
175 73
175 117
175 146
175 148
175 182
176 102
177 45
177 101
177 132
178 83
178 155
179 26
179 87
179 106
179 126
180 68
180 99
181 38
182 74
183 12
183 88
183 120
183 182
184 107
184 113
185 39
185 137
186 90
186 152
188 90
188 171
188 194
189 13
189 57
189 197
191 128
194 190
194 191
195 1
196 80
197 12
197 33
197 85
198 131
199 77
199 163
199 185
200 32
200 90
200 160
200 178

