150 150
97 84 45 42 27 37 92 57 115 103 32 42 75 54 58 100 81 79 55 40 88 63 22 98 51 41 70 34 90 42 102 63 32 81 76 50 72 27 70 53 46 112 103 70 42 106 105 30 108 64 87 87 30 47 95 34 70 81 97 114 61 120 77 27 66 90 94 67 37 112 64 103 70 101 110 58 74 101 33 72 98 107 56 64 41 42 44 82 61 45 46 30 39 74 56 60 91 115 56 47 57 24 83 51 39 91 75 88 75 26 96 72 29 34 80 38 85 72 86 21 62 69 83 56 109 69 39 26 111 116 32 76 103 67 118 117 117 77 21 61 87 103 69 53 97 29 85 107 89 76 
2 34
2 87
2 143
3 71
3 76
4 67
6 122
8 111
9 22
11 148
12 34
15 60
15 134
19 60
20 43
20 109
21 97
23 59
23 110
24 17
24 18
25 76
25 135
27 5
27 111
28 32
28 35
31 51
31 90
33 6
33 82
38 73
40 22
40 89
40 145
42 119
43 12
45 75
45 111
46 62
46 97
47 150
48 136
51 74
52 138
54 102
55 18
56 5
56 107
57 134
58 20
59 75
60 35
61 15
62 43
62 76
63 93
64 107
65 40
66 82
66 103
66 133
67 42
68 59
68 110
69 17
70 131
72 108
73 93
73 116
75 5
75 87
76 60
77 139
79 85
80 34
81 68
81 96
82 61
84 1
84 137
85 21
85 54
87 80
87 111
87 120
87 149
88 124
89 5
89 27
89 31
90 26
90 119
93 59
94 47
95 4
95 15
95 72
98 3
98 61
99 11
99 28
101 46
101 54
103 39
105 25
105 26
106 82
107 54
108 146
110 20
110 93
110 105
112 150
115 63
115 104
115 137
117 87
117 107
117 113
119 87
119 124
120 1
121 44
121 122
122 47
123 105
123 127
124 11
124 98
127 37
128 90
128 107
129 32
130 4
130 65
131 87
132 38
133 69
133 91
133 140
137 42
141 147
144 65
145 18
145 45
149 54
149 57
149 70
149 104

