100 750
24 83 76 30 83 72 52 57 106 57 118 93 115 96 101 58 118 57 87 76 35 22 97 43 117 112 70 25 52 23 74 54 24 114 22 42 34 106 25 109 51 90 90 104 113 76 23 74 94 57 58 96 40 48 81 109 70 25 99 54 55 90 69 103 104 31 64 78 90 113 58 54 58 56 92 112 37 25 89 79 26 43 113 110 52 57 54 34 106 72 25 97 30 112 112 118 58 94 26 42 
1 9
1 37
1 38
1 55
1 60
1 74
2 33
2 40
2 57
2 70
2 74
2 77
2 82
3 17
3 34
3 43
3 55
3 71
3 90
3 95
3 96
4 5
4 10
4 16
4 29
4 46
4 47
4 55
4 61
4 62
4 69
4 72
4 75
4 77
4 85
4 94
5 42
5 60
5 68
5 74
5 89
5 92
5 94
6 9
6 11
6 34
6 42
6 74
6 87
6 90
6 93
7 9
7 13
7 29
7 44
7 60
7 83
7 98
8 34
8 53
8 56
8 62
8 81
8 87
8 88
9 18
9 21
9 49
9 66
9 73
9 98
10 7
10 8
10 27
10 45
10 58
10 61
10 70
10 97
11 3
11 9
11 14
11 53
11 54
11 73
11 76
11 94
12 5
12 48
12 51
12 61
12 70
12 89
12 97
13 9
13 19
13 20
13 33
13 35
13 38
13 73
13 83
14 5
14 10
14 12
14 15
14 18
14 19
14 62
14 84
14 86
14 94
15 24
15 37
15 44
15 75
15 79
15 83
15 91
16 5
16 39
16 48
16 52
16 61
16 62
16 76
16 81
16 84
16 89
17 26
17 42
17 59
17 70
17 80
17 81
17 83
17 94
18 3
18 5
18 12
18 20
18 30
18 40
18 49
18 70
18 87
19 1
19 2
19 5
19 15
19 22
19 34
19 57
19 67
19 70
19 97
19 99
20 11
20 26
20 28
20 33
20 66
20 75
20 80
20 98
21 15
21 89
21 100
22 9
22 87
23 16
23 18
23 32
23 47
23 74
23 96
23 98
24 2
24 50
24 61
24 89
24 98
25 40
25 65
25 68
25 69
25 87
25 91
26 5
26 8
26 24
26 29
26 31
26 69
26 79
26 81
27 2
27 6
27 18
27 26
27 67
27 68
28 9
28 17
28 35
28 56
28 57
28 64
28 66
28 98
29 30
29 32
29 34
29 41
29 63
29 67
29 87
29 89
30 3
30 49
30 67
30 79
30 95
31 1
31 2
31 7
31 29
31 43
31 46
31 88
32 2
32 19
32 21
32 24
32 41
32 42
32 47
32 48
32 51
32 69
32 84
32 85
32 97
33 16
33 31
33 36
33 50
34 28
34 40
34 41
34 48
34 100
35 1
35 18
35 19
35 26
35 39
35 40
35 46
35 60
35 70
35 78
35 86
35 89
36 7
36 10
36 21
36 23
36 27
36 32
36 43
37 20
37 58
37 66
37 73
37 76
38 11
38 22
38 31
38 32
38 67
38 80
39 25
39 43
39 49
39 50
39 53
39 88
40 5
40 10
40 56
40 59
40 91
41 20
41 39
41 50
41 55
41 56
41 92
42 2
42 10
42 30
42 41
42 62
42 80
42 93
43 5
43 49
43 69
43 71
44 27
44 49
44 50
44 51
44 59
44 66
44 72
44 96
44 98
45 30
45 33
45 35
45 36
45 49
45 50
45 61
45 96
46 2
46 6
46 48
46 83
47 24
47 36
47 51
47 68
47 76
47 94
48 2
48 6
48 19
48 27
48 29
48 33
48 35
48 83
48 89
49 7
49 19
49 28
49 48
49 69
49 73
49 77
49 88
49 98
50 27
50 31
50 75
50 85
50 86
50 98
51 11
51 29
51 42
51 43
51 55
51 100
52 9
52 14
52 23
52 36
52 42
52 44
53 1
53 50
53 51
53 74
53 86
53 97
53 100
54 5
54 13
54 23
54 49
54 52
54 59
55 7
55 29
55 32
55 57
55 62
55 63
55 67
55 72
55 78
56 4
56 5
56 6
56 7
56 42
56 55
56 79
56 84
57 6
57 7
57 15
57 17
57 22
57 51
57 67
58 63
58 72
58 87
58 88
58 92
58 97
59 20
59 21
59 26
59 36
59 39
59 90
60 16
60 27
60 47
60 49
60 53
60 95
60 99
61 1
61 8
61 28
61 32
61 63
61 67
61 74
61 88
62 2
62 11
62 22
62 24
62 36
62 46
62 68
62 70
62 89
62 93
63 9
63 51
63 59
63 65
63 67
63 92
63 97
64 5
64 7
64 21
64 33
64 37
64 41
64 53
64 55
64 58
64 77
64 93
65 10
65 11
65 45
65 51
65 54
65 64
65 82
65 87
66 8
66 27
66 65
66 77
66 84
66 100
67 3
67 4
67 6
67 7
67 9
67 11
67 36
67 47
67 59
68 1
68 12
68 24
68 33
68 65
68 88
68 97
68 98
69 66
69 86
69 97
70 1
70 33
70 50
70 61
70 73
70 81
71 1
71 26
71 44
71 56
71 72
72 1
72 11
72 16
72 25
72 34
72 36
72 75
72 92
73 2
73 10
73 22
73 33
73 35
73 48
73 52
73 64
74 10
74 20
74 47
74 60
74 75
74 85
74 100
75 8
75 24
75 27
75 28
75 46
75 81
75 91
76 14
76 59
76 68
76 69
76 92
77 1
77 11
77 31
77 34
77 35
77 39
77 63
77 73
77 91
78 7
78 27
78 36
78 56
78 71
78 76
78 87
78 96
78 98
78 100
79 1
79 2
79 12
79 28
79 40
79 42
79 51
79 66
79 69
79 71
79 89
79 91
79 99
80 11
80 43
80 51
80 61
80 74
80 100
81 14
81 27
81 32
81 51
81 65
81 72
81 85
81 96
82 3
82 30
82 31
82 32
82 55
82 75
82 85
82 95
83 31
83 38
83 53
83 55
83 67
83 79
83 81
83 84
83 100
84 70
84 76
84 78
84 94
84 96
85 2
85 11
85 25
85 46
85 72
85 79
85 88
85 89
85 95
86 5
86 9
86 28
86 56
86 62
87 11
87 16
87 20
87 66
87 89
88 20
88 51
88 63
88 64
88 71
88 81
88 94
88 96
89 3
89 4
89 13
89 28
89 33
89 36
89 46
89 64
89 90
89 91
90 4
90 18
90 19
90 22
90 24
90 36
90 47
90 63
90 72
90 84
90 92
90 94
90 98
91 4
91 7
91 33
91 34
91 36
91 53
91 88
91 94
91 100
92 9
92 29
92 43
92 74
92 91
92 98
93 3
93 40
93 94
93 96
93 97
94 25
94 51
94 56
94 59
94 60
94 67
94 69
94 79
94 82
94 86
94 87
94 98
95 2
95 14
95 15
95 32
95 35
95 38
95 59
95 65
95 79
95 83
95 92
95 97
96 8
96 35
96 41
96 49
96 55
96 68
96 71
96 73
96 85
96 90
97 17
97 39
97 46
97 61
97 62
97 66
97 86
97 91
97 94
98 10
98 38
98 43
98 45
98 51
98 57
98 69
98 80
99 38
99 39
99 48
99 80
99 92
100 1
100 12
100 25
100 32
100 33
100 46
100 58
100 88
100 89
100 95
100 99

