300 500
39 111 72 30 106 105 70 45 23 37 119 88 25 117 81 46 43 76 45 74 83 40 71 120 42 87 114 67 115 104 97 57 101 28 51 104 100 40 52 102 73 53 118 54 35 119 22 107 46 84 47 111 91 72 66 86 77 92 42 104 116 54 112 24 21 116 73 22 37 58 75 106 53 82 45 25 36 101 41 106 67 102 40 23 45 97 46 35 106 92 27 120 48 51 116 83 108 76 29 83 103 113 92 44 53 33 110 112 76 86 32 92 42 40 95 80 120 81 37 31 103 80 26 20 77 108 113 38 110 56 116 94 80 112 85 113 20 108 66 75 43 49 73 67 51 43 71 114 56 48 37 67 63 54 59 53 120 119 59 110 82 99 85 36 51 93 67 110 54 55 68 29 119 60 60 33 102 47 63 78 74 84 83 88 39 36 86 63 39 52 89 105 52 66 85 86 61 94 78 44 25 100 33 71 88 55 20 55 44 93 21 25 72 100 36 50 59 90 57 78 80 43 112 73 108 82 118 102 74 52 106 104 84 93 48 98 113 60 56 68 108 32 81 50 55 109 97 24 53 30 21 111 68 70 55 30 76 66 86 115 111 101 110 34 57 84 55 81 25 96 91 26 75 93 80 120 80 63 93 35 116 70 20 96 102 107 106 79 44 70 70 69 111 78 20 28 48 76 119 92 
1 202
1 238
2 107
3 239
4 188
4 227
4 268
5 180
6 56
7 173
8 294
9 75
9 143
9 217
10 72
10 138
10 262
11 37
11 230
11 267
12 192
12 239
12 255
12 276
12 297
13 135
13 232
14 134
14 198
14 231
15 192
16 18
16 77
16 267
17 214
18 91
18 110
18 259
19 56
19 163
19 289
20 127
20 133
20 262
21 48
21 126
22 104
23 108
23 145
24 1
24 32
24 103
25 163
25 285
26 67
26 146
29 272
30 150
31 130
32 101
32 150
34 109
34 203
34 262
35 73
35 157
35 188
35 267
36 167
36 181
38 163
39 62
39 174
39 236
39 275
40 237
41 132
42 68
42 133
42 153
42 156
43 4
43 89
43 199
44 7
44 265
45 81
45 199
46 233
46 238
47 48
47 108
47 295
48 37
48 53
48 175
50 239
51 15
51 95
52 62
52 163
53 225
54 164
55 73
55 259
56 272
57 7
57 35
58 38
58 165
58 166
59 112
60 243
60 264
62 51
62 171
65 126
66 231
69 202
70 18
71 253
73 54
73 115
73 188
74 218
76 269
77 41
78 171
79 166
80 31
83 286
86 52
86 79
87 227
87 267
89 105
90 4
90 294
91 245
93 11
93 153
93 275
94 153
95 53
96 70
96 228
96 275
97 85
98 109
98 152
98 233
99 4
99 160
99 176
101 253
102 72
102 88
102 261
102 288
103 147
103 184
104 2
104 57
105 254
107 80
107 275
109 87
109 211
110 50
110 172
111 95
111 130
111 187
113 156
114 93
116 5
117 144
118 90
118 95
119 22
119 154
120 32
120 213
120 259
122 98
122 108
122 212
123 38
123 58
123 75
124 107
125 83
126 237
127 54
128 227
129 151
129 170
131 77
131 248
131 272
132 5
132 145
132 149
132 219
133 188
133 222
133 242
134 4
134 186
134 208
134 266
134 267
135 84
136 17
136 89
136 147
137 12
137 19
137 33
137 113
137 147
138 36
138 269
138 281
139 229
140 44
140 177
140 194
141 56
141 260
141 265
142 134
143 115
143 201
143 251
145 143
146 123
148 52
148 288
149 92
149 270
150 8
150 72
150 110
151 229
152 195
154 71
155 132
155 278
156 123
157 86
157 279
158 163
158 247
159 224
160 55
161 209
162 19
162 93
162 153
162 200
163 220
164 11
164 137
166 21
166 122
166 208
168 126
168 192
168 200
168 234
169 47
170 217
170 227
171 17
172 29
173 67
174 47
174 64
174 82
174 153
174 233
174 244
175 24
175 114
178 95
178 257
179 150
179 185
179 298
181 163
181 237
182 44
182 154
182 210
182 230
183 59
183 173
183 200
183 232
183 288
184 11
184 59
185 183
186 45
186 189
187 200
188 80
189 47
189 107
189 147
191 59
192 30
193 119
193 181
194 239
194 274
195 13
195 227
196 75
196 249
196 258
199 168
199 254
199 283
201 39
201 166
201 214
202 57
202 94
202 283
203 48
203 122
203 126
203 212
204 200
204 247
205 133
206 14
206 117
206 180
206 248
207 257
208 60
208 84
208 241
208 265
208 285
211 51
212 216
212 228
213 145
215 90
216 120
217 159
217 166
217 182
217 297
218 199
220 165
220 259
221 76
221 211
221 223
222 64
223 138
223 194
224 270
225 28
225 64
225 97
225 182
226 85
226 166
228 174
228 231
229 109
230 54
230 242
231 95
231 163
232 89
232 271
233 85
233 136
233 229
233 246
233 293
235 64
235 87
235 220
236 61
236 168
236 201
237 3
237 11
238 36
238 66
238 75
238 184
240 88
240 149
240 158
240 171
240 195
241 197
242 82
242 151
242 286
243 101
245 234
246 72
246 111
247 77
247 88
247 176
249 198
250 15
250 43
250 135
251 110
251 225
252 93
252 168
252 174
253 65
255 223
256 244
257 43
257 64
257 73
257 269
258 168
260 64
261 114
261 165
263 2
263 150
264 41
264 230
264 295
265 237
266 105
268 189
269 23
269 67
269 215
270 29
270 73
270 74
270 165
273 261
275 56
275 106
275 223
277 204
277 299
278 32
278 65
278 144
278 148
278 268
279 105
279 204
279 252
279 300
280 12
280 25
281 137
281 225
281 257
281 297
282 11
282 127
282 186
283 111
284 81
285 247
286 4
286 6
286 201
287 156
287 178
288 76
289 82
290 97
293 17
293 29
293 180
293 294
294 27
294 253
294 268
295 38
295 156
297 193
297 242
299 187
299 228
300 206

