150 250
68 46 114 120 95 113 57 66 104 29 20 84 38 119 110 118 86 78 92 99 103 46 113 46 111 111 88 35 32 119 101 33 53 35 77 67 99 90 105 74 63 52 58 43 120 64 67 61 41 92 28 65 85 75 40 56 109 30 45 92 119 23 53 85 79 64 92 88 40 73 97 35 25 53 71 73 46 23 115 43 63 106 46 107 110 113 43 70 60 63 102 113 33 56 69 94 90 93 53 37 32 25 103 44 99 112 119 59 91 74 27 98 60 101 64 115 75 46 46 105 89 50 107 112 82 35 32 42 26 65 101 24 86 90 40 60 96 48 90 119 45 67 100 105 44 119 92 95 59 49 
1 87
2 30
2 146
4 39
4 54
6 3
6 140
7 43
7 88
7 104
7 145
9 52
10 37
10 79
11 55
11 124
12 25
12 26
12 54
12 109
13 39
13 56
13 61
14 81
15 131
15 134
16 110
16 117
17 94
18 75
19 12
20 22
20 107
20 146
21 59
22 97
24 61
24 74
24 82
24 97
24 126
25 86
25 109
26 47
26 128
27 90
28 63
28 149
29 5
29 80
29 140
30 83
30 85
32 141
33 34
33 46
34 102
34 123
34 140
35 72
36 7
37 92
37 119
38 47
38 107
39 122
42 92
42 115
44 45
44 68
44 144
45 2
46 135
47 86
48 14
50 64
50 74
50 109
51 28
51 71
51 116
52 14
52 80
54 96
55 14
56 90
57 9
59 106
59 138
60 25
60 46
60 137
61 99
62 139
66 1
66 22
66 59
66 62
66 63
68 115
69 2
69 12
69 39
69 98
69 117
70 24
70 58
70 75
70 90
70 131
71 3
72 73
72 93
72 111
73 96
74 70
74 102
75 119
76 32
76 68
76 113
77 39
79 13
79 143
80 28
80 132
81 4
82 14
83 2
84 49
84 56
84 72
84 90
84 102
85 71
86 139
87 65
89 28
89 120
90 17
90 147
92 82
92 90
93 131
94 54
95 30
95 44
95 58
95 72
96 98
97 55
98 56
98 67
98 138
99 11
99 13
99 59
100 30
100 85
101 13
101 55
101 71
102 72
102 91
103 52
104 90
105 22
105 39
105 40
105 46
105 63
105 147
107 25
108 124
109 95
110 23
110 57
111 9
111 86
111 110
112 150
114 6
114 104
115 108
116 124
117 137
118 3
119 47
119 48
119 79
119 132
120 64
120 90
120 102
120 121
121 31
121 51
121 70
122 20
122 31
122 66
122 132
122 139
122 143
122 150
123 149
124 82
125 6
125 43
125 86
125 93
126 14
126 17
129 5
129 97
129 108
129 121
129 123
130 132
131 4
131 8
132 37
132 53
132 105
134 44
134 124
135 142
136 124
136 147
137 131
138 74
140 58
141 21
141 90
142 19
142 84
142 91
142 108
143 133
144 145
145 82
146 91
147 43
147 50
147 111
148 11
148 53
148 66
148 67
150 10

