100 750
66 95 86 37 23 95 105 71 79 44 120 116 92 117 95 47 120 75 71 29 92 52 34 114 114 31 31 107 61 54 23 25 30 98 101 57 118 88 85 106 116 117 93 29 43 34 89 117 33 57 98 82 104 48 86 49 77 50 24 120 61 80 88 31 45 74 115 81 29 40 44 34 89 86 50 23 113 81 50 86 66 108 57 107 112 115 90 96 95 108 108 97 21 99 94 29 63 103 66 111 
1 18
1 21
1 31
1 40
1 41
1 57
1 69
2 4
2 14
2 23
2 34
2 36
2 77
3 10
3 36
3 76
3 85
3 88
3 93
4 8
4 12
4 13
4 16
4 21
4 47
4 66
4 87
5 11
5 16
5 18
5 24
5 34
5 41
5 44
5 48
6 14
6 46
6 55
6 57
7 2
7 4
7 37
7 48
7 62
7 73
7 76
7 77
7 80
7 99
8 5
8 13
8 31
8 37
8 50
8 56
8 74
8 98
9 6
9 15
9 24
9 30
9 36
9 49
9 59
9 65
10 7
10 11
10 33
10 37
10 48
10 77
10 82
10 84
11 6
11 18
11 41
11 46
11 73
11 90
11 95
12 1
12 40
12 48
12 54
12 61
12 62
12 69
12 76
13 5
13 24
13 53
13 68
13 90
13 93
14 1
14 46
14 47
14 48
14 50
14 62
14 70
14 78
15 4
15 13
15 20
15 34
15 42
15 43
15 46
15 66
15 71
15 77
15 83
15 94
16 10
16 13
16 17
16 27
16 38
16 47
16 65
16 72
17 8
17 9
17 18
17 30
17 50
17 52
17 70
17 77
17 81
18 29
18 52
18 80
19 6
19 16
19 27
19 47
19 48
19 52
19 58
19 72
19 76
19 77
19 83
19 97
20 34
20 52
20 65
20 84
21 7
21 11
21 18
21 45
21 46
21 52
21 58
21 60
21 71
21 94
22 10
22 15
22 43
22 45
22 85
22 100
23 18
23 25
23 27
23 46
23 54
23 75
23 80
23 92
24 19
24 33
24 45
24 57
24 64
24 76
24 78
24 85
24 89
24 100
25 1
25 29
25 34
25 40
25 57
25 83
25 92
25 100
26 58
26 69
26 73
27 37
27 39
27 62
27 83
27 91
28 1
28 6
28 11
28 39
28 50
28 67
28 81
29 5
29 47
29 66
29 69
29 72
29 76
29 78
30 1
30 10
30 14
30 25
30 34
30 41
30 61
30 67
31 28
31 39
31 46
31 95
32 3
32 16
32 23
32 31
32 49
32 53
32 59
32 69
32 74
32 84
32 89
32 90
32 94
33 3
33 8
33 21
33 34
33 41
33 49
33 54
33 63
33 65
33 68
33 83
33 91
33 95
34 35
34 40
34 60
34 61
34 65
34 74
34 94
34 96
35 1
35 3
35 5
35 11
35 42
35 47
35 75
35 77
35 80
35 99
36 13
36 15
36 21
36 70
36 75
36 95
37 2
37 6
37 13
37 17
37 18
37 21
37 31
37 38
37 42
37 58
37 80
37 81
37 93
37 95
38 6
38 33
38 40
38 52
38 55
38 57
38 79
38 88
39 9
39 16
39 26
39 38
39 52
39 56
39 72
39 78
39 87
39 89
40 8
40 36
40 53
40 57
40 64
40 70
41 24
41 26
41 42
41 62
41 87
42 1
42 30
42 39
42 80
43 26
43 31
43 64
43 66
43 68
43 70
43 77
43 94
43 99
44 7
44 19
44 24
44 33
44 37
44 56
44 83
45 10
45 11
45 25
45 26
45 28
45 32
45 34
45 38
45 48
45 71
45 78
45 85
45 92
46 17
46 20
46 38
46 67
46 78
46 85
46 90
47 12
47 28
47 36
47 38
47 45
47 58
47 70
48 1
48 3
48 18
48 25
48 50
48 85
48 99
49 15
49 50
49 81
50 35
50 66
50 71
50 76
50 88
50 99
51 24
51 32
52 42
52 53
52 59
52 61
52 97
52 100
53 8
53 19
53 35
53 49
53 57
53 76
53 80
53 82
53 98
54 6
54 14
54 85
54 94
54 98
55 25
55 29
55 58
55 62
55 85
55 97
56 1
56 11
56 18
56 40
56 65
56 79
56 84
57 16
57 17
57 61
57 69
57 77
57 84
57 90
57 93
57 99
58 3
58 15
58 25
58 27
58 28
58 32
58 46
58 48
58 70
58 86
59 15
59 22
59 67
59 79
59 87
59 90
59 92
59 96
60 2
60 5
60 23
60 36
60 75
60 99
61 4
61 7
61 11
61 15
61 44
61 48
61 51
61 68
62 21
62 44
62 51
62 73
62 74
63 18
63 35
63 36
63 38
63 60
63 72
63 95
64 9
64 23
64 42
64 46
64 50
64 59
64 69
64 75
64 84
64 85
64 88
65 19
65 32
65 44
65 85
66 9
66 28
66 37
66 57
66 58
66 75
66 81
67 3
67 16
67 29
67 35
67 56
67 65
67 71
67 74
67 79
67 82
67 89
68 9
68 10
68 23
68 47
68 56
68 58
68 62
68 66
68 77
69 7
69 13
69 20
69 28
69 34
69 41
69 50
69 51
69 63
69 66
69 74
69 82
70 33
70 42
70 61
70 75
71 26
71 37
71 40
71 48
71 61
71 99
72 3
72 4
72 24
72 37
72 43
72 67
72 77
72 97
73 5
73 19
73 27
73 72
73 81
73 91
74 4
74 5
74 17
74 21
74 22
74 55
74 61
74 79
74 97
75 30
75 31
75 62
75 63
75 68
75 69
75 76
75 86
75 91
75 93
75 96
76 6
76 15
76 16
76 33
76 35
76 73
76 96
77 6
77 26
77 30
77 65
77 76
77 85
77 100
78 15
78 31
78 51
78 64
78 67
78 68
78 77
78 82
78 91
78 100
79 1
79 6
79 7
79 18
79 29
79 50
79 60
79 66
80 17
80 84
81 11
81 12
81 18
81 22
81 26
81 29
81 35
81 96
81 97
82 16
82 41
82 43
82 45
82 56
82 63
82 93
83 17
83 96
83 99
84 22
84 25
84 33
84 41
84 62
84 66
84 83
84 90
84 95
85 4
85 40
85 42
85 66
85 96
85 100
86 25
86 44
86 59
86 78
86 79
87 5
87 14
87 17
87 49
87 78
87 93
87 95
87 96
88 4
88 5
88 9
88 31
88 37
88 43
88 73
89 11
89 33
89 46
89 60
89 99
90 30
90 33
90 37
90 61
90 64
90 66
90 72
90 85
91 1
91 10
91 17
91 29
91 45
91 47
91 61
91 72
91 85
91 96
92 5
92 9
92 18
92 30
92 31
92 33
92 38
92 39
92 63
92 66
92 71
92 82
93 25
93 31
93 32
93 56
93 65
93 70
93 92
93 94
94 6
94 14
94 25
94 29
94 49
94 62
94 64
94 68
94 73
94 79
95 4
95 12
95 16
95 61
95 65
95 71
95 94
96 23
96 31
96 51
96 97
97 5
97 36
97 41
97 58
97 63
97 70
98 11
98 23
98 67
98 82
98 85
98 97
99 17
99 23
99 25
99 68
99 72
99 73
99 75
99 94
100 5
100 29
100 30
100 39
100 45
100 56
100 58
100 87
100 97
100 98

