50 500
90 119 35 73 109 102 113 107 112 109 95 50 84 24 87 100 43 52 80 109 65 30 34 114 86 97 35 29 91 48 43 36 119 50 115 75 96 73 69 22 53 25 97 61 73 92 64 118 60 75 
1 12
1 13
1 15
1 16
1 19
1 34
1 36
1 38
1 40
1 42
2 4
2 14
2 17
2 23
2 31
2 34
2 39
2 45
3 1
3 4
3 8
3 16
3 29
3 37
3 40
3 42
3 43
4 1
4 6
4 27
4 30
4 35
4 40
4 42
4 48
4 49
5 1
5 2
5 16
5 20
5 23
5 25
5 26
5 27
5 30
5 31
5 32
5 40
5 41
5 45
5 48
6 2
6 10
6 12
6 14
6 22
6 48
6 50
7 3
7 10
7 17
7 21
7 22
7 27
7 33
7 36
7 39
7 41
8 5
8 6
8 7
8 9
8 12
8 14
8 16
8 17
8 23
8 30
8 35
8 38
8 46
8 48
8 49
9 7
9 10
9 24
9 29
9 30
9 37
9 39
9 43
9 47
10 5
10 13
10 15
10 17
10 18
10 22
10 26
10 30
10 33
10 35
10 36
10 39
11 12
11 14
11 18
11 24
11 28
11 30
11 32
11 33
11 34
11 35
11 44
12 3
12 10
12 16
12 22
12 26
12 28
12 32
12 39
12 40
12 45
12 49
13 2
13 4
13 8
13 11
13 14
13 15
13 24
13 28
13 39
13 43
13 47
14 10
14 19
14 23
14 26
14 27
14 28
14 34
14 41
14 46
15 4
15 8
15 12
15 17
15 24
15 26
15 29
15 34
15 35
15 44
15 46
16 4
16 10
16 11
16 13
16 15
16 20
16 27
16 31
16 32
16 39
16 42
16 45
16 50
17 4
17 5
17 12
17 18
17 25
17 32
17 35
17 36
17 38
17 41
17 45
18 3
18 6
18 7
18 8
18 9
18 12
18 16
18 26
18 28
18 29
18 32
18 45
18 46
18 48
18 49
19 3
19 4
19 5
19 6
19 7
19 8
19 23
19 28
19 30
19 31
19 40
19 42
19 43
20 3
20 4
20 6
20 10
20 18
20 21
20 27
20 30
20 32
20 33
20 36
20 49
21 3
21 5
21 14
21 15
21 24
21 38
21 41
21 45
21 48
22 1
22 4
22 19
22 34
22 40
22 42
22 48
23 10
23 13
23 18
23 21
23 31
23 32
23 35
23 36
23 43
23 46
24 6
24 14
24 26
24 33
24 35
24 36
24 42
24 43
25 3
25 8
25 21
25 33
25 37
25 42
25 44
25 47
25 49
26 6
26 8
26 11
26 34
26 38
26 39
26 45
26 46
27 33
27 43
27 47
28 5
28 6
28 9
28 10
28 15
28 16
28 21
28 23
28 24
28 27
28 29
28 32
28 35
29 2
29 4
29 7
29 10
29 20
29 26
29 40
29 43
29 44
29 48
29 49
30 6
30 14
30 26
30 34
30 45
30 47
30 50
31 9
31 10
31 12
31 14
31 22
31 24
31 27
31 30
31 34
31 35
31 50
32 2
32 3
32 4
32 8
32 9
32 19
32 22
32 26
32 35
32 43
32 49
33 2
33 5
33 14
33 17
33 18
33 19
33 21
33 29
33 42
33 49
34 7
34 19
34 21
34 32
34 33
34 35
35 5
35 7
35 14
35 19
35 20
35 33
35 37
35 43
35 45
35 47
36 2
36 4
36 8
36 9
36 12
36 13
36 14
36 21
36 32
36 33
36 35
36 38
36 40
36 43
36 47
37 1
37 5
37 10
37 12
37 14
37 15
37 20
37 23
37 28
37 40
37 44
37 49
38 2
38 3
38 6
38 11
38 14
38 18
38 23
38 24
38 40
38 41
38 45
38 46
39 1
39 5
39 8
39 18
39 22
39 29
39 30
39 32
39 45
39 47
40 8
40 9
40 10
40 13
40 17
40 18
40 20
40 28
40 30
40 34
40 39
40 43
41 1
41 6
41 8
41 12
41 15
41 18
41 23
41 29
41 35
41 37
41 43
41 45
42 6
42 7
42 9
42 11
42 12
42 13
42 29
42 43
42 45
42 48
42 50
43 7
43 8
43 11
43 14
43 22
43 33
43 37
43 50
44 3
44 5
44 6
44 7
44 10
44 14
44 22
44 40
44 43
45 3
45 23
45 27
45 46
46 5
46 6
46 7
46 27
46 30
46 31
46 34
46 36
46 43
46 48
46 50
47 6
47 14
47 15
47 19
47 34
47 46
48 1
48 11
48 12
48 23
48 30
48 37
48 38
48 44
49 24
49 28
49 30
49 31
49 34
49 36
49 39
49 41
50 13
50 17
50 25
50 32
50 33
50 39
50 44
50 45

