150 500
47 92 44 78 73 61 96 79 56 93 107 117 114 53 55 95 28 72 81 43 84 100 33 30 81 89 47 46 77 87 44 120 25 87 56 72 77 103 80 120 111 75 75 71 84 101 103 101 75 24 75 118 51 38 93 56 100 94 22 43 30 119 73 22 73 24 85 24 102 92 98 28 38 57 118 83 54 45 75 100 99 35 48 72 50 101 90 70 111 97 41 76 49 68 37 69 94 84 103 111 60 45 37 56 27 47 57 62 28 107 117 65 104 95 117 37 60 92 114 69 112 32 49 108 71 107 64 45 70 72 113 35 44 27 21 61 47 72 44 92 80 39 61 61 35 46 85 106 112 109 
1 40
1 46
1 93
1 118
2 19
2 51
2 52
2 103
3 11
3 114
4 27
4 114
4 116
5 99
6 31
6 89
7 80
8 33
8 66
8 77
8 87
8 99
8 123
8 130
9 119
10 24
10 62
10 112
11 56
11 81
11 108
11 118
12 72
12 116
12 122
13 95
13 136
14 47
14 53
14 70
14 82
14 99
15 6
15 38
15 74
15 75
15 126
16 89
16 105
16 124
16 136
17 76
17 114
18 39
18 72
18 74
18 75
18 78
18 125
18 148
19 10
19 62
20 67
20 135
20 140
21 67
21 84
21 117
21 128
22 10
22 126
23 89
24 18
25 6
25 15
25 74
26 5
26 25
26 83
27 7
27 49
27 72
27 116
28 23
28 36
28 45
28 97
28 104
29 68
29 93
29 105
30 17
30 50
31 24
31 37
31 90
31 125
32 40
32 56
32 64
32 143
33 11
33 46
33 137
33 149
35 37
35 50
35 104
35 112
36 114
37 83
38 31
38 59
38 88
38 113
38 137
38 138
39 94
40 60
40 71
40 141
41 89
42 48
42 70
43 9
43 27
43 62
43 74
43 103
43 138
44 9
44 56
44 83
44 106
44 136
44 147
45 4
45 14
45 15
45 23
45 75
46 54
47 2
47 70
47 135
48 56
48 85
48 97
48 118
49 3
49 86
49 116
49 138
50 7
50 23
50 38
50 100
50 130
50 143
50 150
51 95
52 53
52 61
52 113
53 2
53 83
54 4
54 16
54 28
54 118
55 6
55 43
55 88
55 117
55 141
56 17
56 22
56 110
57 16
57 19
57 76
57 109
58 36
58 133
59 37
59 83
59 85
59 108
60 46
60 62
60 64
62 89
63 19
63 22
63 103
63 114
63 133
63 136
65 64
65 75
65 97
65 104
65 142
66 12
66 110
66 116
67 19
67 30
67 32
67 71
67 72
67 96
67 115
67 150
68 69
68 83
68 122
68 127
68 136
68 150
69 53
69 118
70 18
70 24
70 87
70 140
71 17
71 39
71 57
71 84
71 112
71 144
71 145
72 40
72 54
73 28
73 104
73 109
73 110
73 129
74 24
74 36
74 133
75 34
75 39
75 101
75 141
77 35
77 44
78 21
78 40
78 89
79 26
79 74
79 139
80 39
80 144
81 38
81 56
81 112
82 89
82 102
82 111
82 125
82 140
83 17
83 112
83 131
83 135
83 138
83 145
84 12
84 28
84 40
84 41
84 137
85 6
85 109
85 121
87 3
87 31
87 121
88 33
88 36
88 93
88 109
89 9
89 43
89 58
89 80
89 101
89 147
90 75
90 78
90 138
91 2
91 34
91 100
91 119
92 2
92 49
92 88
93 20
93 26
93 60
93 108
93 110
93 111
94 2
94 88
94 103
95 4
95 30
95 82
95 98
95 139
96 26
96 48
96 147
97 13
97 69
97 85
97 101
98 63
98 83
98 121
99 59
99 69
100 8
100 46
100 85
100 116
101 1
101 5
101 67
101 76
101 87
102 36
102 48
102 59
102 104
102 148
103 7
103 74
103 117
103 122
104 145
105 40
105 107
105 110
106 54
106 150
107 8
107 100
107 124
108 16
108 22
108 24
109 32
109 52
109 89
109 98
109 134
110 32
110 83
110 97
111 22
111 53
111 63
111 80
111 92
111 130
111 133
112 22
112 36
112 70
113 96
113 105
114 57
114 60
114 69
114 95
114 112
114 117
114 138
115 5
115 94
116 67
116 107
116 138
116 141
117 45
117 67
118 17
118 19
118 22
118 81
118 99
119 2
119 11
119 99
120 5
121 18
121 77
121 130
121 139
122 11
122 67
122 94
122 110
123 28
123 35
123 94
123 95
124 9
124 29
124 100
124 117
125 19
125 25
125 76
126 56
126 101
126 107
127 65
127 98
128 24
128 37
128 95
128 106
128 115
129 26
130 31
130 46
130 64
130 133
131 2
131 7
131 52
132 15
132 71
132 76
133 6
133 12
133 119
134 12
135 31
136 26
136 40
136 89
136 93
137 48
137 51
137 67
137 87
137 125
138 63
138 122
139 60
140 12
140 97
140 123
140 147
141 18
141 24
141 47
142 23
142 38
142 63
142 71
142 73
142 141
143 19
143 108
143 110
144 29
144 62
144 81
144 138
145 12
145 48
145 115
146 25
146 38
146 72
146 99
146 113
146 130
146 137
146 140
147 126
147 137
148 26
149 14
149 30
149 36
149 46
149 66
150 75
150 104

