100 500
57 35 78 77 27 23 88 36 88 25 61 60 101 25 98 72 95 24 116 73 40 103 28 89 92 32 81 33 68 89 76 53 42 77 52 96 27 27 71 40 92 119 85 49 94 48 33 36 120 53 44 111 20 39 73 51 90 41 112 40 108 81 107 104 97 60 65 95 29 110 70 52 120 105 73 120 95 37 95 71 88 71 38 33 112 40 21 67 47 81 110 102 86 34 21 63 96 80 69 42 
1 60
1 82
1 83
2 5
2 28
2 76
2 88
2 95
2 97
3 14
3 25
3 35
3 38
3 97
4 5
4 7
4 14
4 24
4 35
4 50
4 70
4 97
4 98
5 7
5 45
5 66
5 68
6 53
6 59
6 82
6 83
7 31
7 35
7 46
7 70
7 84
8 6
8 13
8 25
8 26
8 54
8 60
8 72
8 73
8 88
8 98
9 29
9 39
9 64
9 72
9 76
9 84
9 86
10 33
10 43
10 75
10 89
11 18
11 19
11 26
11 40
11 51
11 54
11 94
12 2
12 34
12 55
12 59
12 70
12 85
12 86
13 24
13 76
13 92
13 93
14 29
14 36
15 79
15 84
15 100
16 4
16 18
16 32
16 62
16 66
16 68
17 19
17 22
17 28
17 29
17 37
18 7
18 37
18 43
18 46
18 93
18 96
19 52
19 89
20 17
20 30
20 80
21 8
21 12
21 39
21 60
21 76
21 90
22 2
22 40
22 51
22 67
22 71
22 80
22 85
23 2
23 8
23 42
23 70
23 94
24 2
24 29
25 2
25 7
25 26
25 32
25 35
25 45
25 55
25 86
25 90
26 3
26 69
26 72
26 80
26 89
26 91
27 2
27 8
27 11
27 60
27 96
27 100
28 4
28 5
28 8
28 25
28 58
29 36
29 41
29 45
29 52
29 68
29 80
30 13
30 29
30 42
30 49
30 59
31 59
31 89
31 100
32 8
32 19
32 20
32 53
32 96
33 5
33 11
33 16
33 20
33 31
33 37
33 45
33 47
33 88
33 93
34 6
34 7
34 13
34 25
34 26
34 35
34 67
34 83
35 18
35 21
35 29
35 65
35 77
36 27
36 34
36 44
36 75
37 19
37 25
37 48
37 89
38 13
39 44
39 73
40 13
40 20
40 25
40 54
40 66
40 71
40 77
41 27
41 52
41 76
41 84
41 92
42 6
42 10
42 53
42 71
43 48
43 63
43 76
43 81
43 88
44 16
44 17
44 24
44 41
44 51
44 54
44 84
44 88
44 93
44 95
45 18
45 21
45 85
45 94
46 2
46 33
46 37
46 50
46 74
46 77
46 94
47 52
47 64
47 74
48 1
48 9
48 28
48 56
48 71
48 83
48 97
49 69
49 70
49 97
50 7
50 14
50 20
50 64
50 84
51 1
51 3
51 19
51 21
51 40
51 63
51 73
51 76
52 33
52 49
52 56
52 66
52 99
53 52
53 73
54 31
54 59
54 73
54 82
55 10
55 14
55 15
55 34
55 36
55 57
55 80
55 82
56 3
56 20
56 46
56 51
56 88
57 10
57 11
57 27
57 32
57 78
57 83
57 84
58 57
58 59
58 81
59 65
60 39
60 94
61 13
61 23
61 29
61 41
61 76
61 87
62 53
62 76
63 4
63 6
63 37
63 53
63 65
63 71
64 15
64 76
65 60
65 82
66 51
67 8
67 25
67 26
67 29
67 47
67 60
67 100
68 40
68 41
68 43
68 44
68 49
68 98
69 5
69 14
69 17
69 70
69 88
69 98
69 100
70 35
70 36
70 74
70 77
70 78
71 12
71 62
71 73
71 77
71 94
71 95
72 28
72 30
72 48
72 82
72 99
73 18
73 43
73 61
73 76
73 83
74 2
74 6
74 15
74 54
74 56
74 88
74 92
75 13
75 44
75 79
75 94
76 58
76 67
77 10
77 38
77 53
77 60
78 6
78 10
78 15
78 23
78 28
78 42
78 45
78 50
78 56
78 63
78 93
78 97
79 31
79 38
79 49
79 59
79 62
79 70
79 73
79 93
80 31
80 35
80 36
80 60
80 65
80 89
81 56
81 60
81 61
81 77
82 19
82 45
82 66
82 77
83 20
83 31
83 32
83 64
83 81
83 87
84 21
84 24
84 29
84 55
85 64
85 89
86 43
86 60
86 62
86 92
86 93
86 99
87 3
87 35
87 52
87 86
87 93
88 14
88 75
88 79
88 80
90 46
90 49
90 79
91 22
91 62
91 72
91 76
91 81
91 87
91 97
92 23
92 68
92 71
92 93
93 4
93 6
93 14
93 27
93 31
93 32
93 41
93 55
93 56
94 27
94 31
94 34
95 11
95 24
95 77
95 78
96 14
96 22
96 24
96 30
96 45
96 85
96 99
97 16
97 44
97 45
97 54
97 63
97 69
97 73
97 85
97 92
98 27
98 39
98 44
98 52
98 78
99 34
99 66
99 67
99 68
100 2

