150 3000
103 47 112 78 79 85 42 94 96 101 67 41 84 76 59 46 36 66 118 87 111 97 21 28 51 102 57 80 95 89 89 101 114 74 77 120 47 55 59 90 25 67 35 111 80 102 120 32 39 69 117 96 44 48 118 110 59 97 82 89 96 108 113 46 47 55 81 85 110 24 34 88 58 104 119 106 110 66 114 21 61 22 30 72 82 87 74 56 67 100 24 118 20 96 81 108 38 100 106 38 26 63 95 41 65 37 51 84 42 68 86 22 87 27 65 37 28 105 118 53 101 33 105 86 94 115 104 36 99 73 74 66 52 20 72 100 103 103 78 59 38 31 81 110 72 95 57 55 36 66 
1 4
1 8
1 14
1 25
1 31
1 34
1 37
1 59
1 64
1 72
1 93
1 119
1 120
1 129
1 137
1 138
1 148
2 6
2 12
2 19
2 21
2 26
2 42
2 56
2 68
2 69
2 73
2 85
2 93
2 100
2 103
2 109
2 121
2 128
2 131
2 139
2 141
2 142
2 143
2 145
2 149
3 21
3 22
3 28
3 41
3 58
3 61
3 73
3 76
3 82
3 98
3 109
3 110
3 114
3 115
3 119
4 6
4 10
4 13
4 18
4 25
4 26
4 45
4 46
4 67
4 73
4 74
4 86
4 98
4 101
4 112
4 116
4 125
4 129
4 131
5 6
5 12
5 17
5 18
5 23
5 28
5 42
5 56
5 65
5 87
5 90
5 99
5 104
5 107
5 108
5 109
5 118
5 121
5 122
5 123
6 9
6 11
6 20
6 25
6 33
6 35
6 38
6 58
6 59
6 67
6 68
6 72
6 83
6 94
6 98
6 101
6 123
6 129
6 134
6 138
6 140
6 143
6 145
6 146
7 4
7 8
7 13
7 19
7 22
7 27
7 31
7 33
7 35
7 36
7 38
7 49
7 62
7 66
7 70
7 71
7 82
7 86
7 89
7 99
7 105
7 130
7 140
7 143
8 17
8 32
8 33
8 40
8 45
8 57
8 67
8 75
8 77
8 85
8 88
8 93
8 99
8 102
8 111
8 121
8 127
8 129
9 21
9 27
9 38
9 44
9 71
9 79
9 85
9 98
9 118
9 122
9 125
9 130
9 131
9 145
10 5
10 11
10 38
10 50
10 52
10 59
10 62
10 64
10 97
10 98
10 99
10 106
10 111
10 113
10 118
10 127
10 137
10 143
11 1
11 2
11 29
11 50
11 62
11 76
11 78
11 89
11 100
11 106
11 116
11 127
11 143
12 9
12 29
12 31
12 35
12 40
12 44
12 49
12 55
12 57
12 61
12 74
12 77
12 82
12 86
12 98
12 102
12 105
12 108
12 110
12 113
12 124
12 125
13 17
13 28
13 52
13 56
13 57
13 62
13 68
13 69
13 82
13 85
13 92
13 93
13 110
13 112
13 113
13 116
13 122
14 7
14 22
14 77
14 79
14 80
14 86
14 92
14 94
14 98
14 99
14 111
14 112
14 132
14 140
14 143
15 6
15 19
15 26
15 31
15 38
15 40
15 46
15 69
15 71
15 74
15 77
15 85
15 86
15 91
15 102
15 112
15 122
15 132
15 138
15 140
15 142
15 149
15 150
16 13
16 15
16 22
16 23
16 28
16 39
16 59
16 82
16 84
16 91
16 107
16 115
16 116
16 117
16 118
16 120
16 127
16 128
16 136
16 150
17 6
17 9
17 10
17 23
17 25
17 26
17 32
17 46
17 52
17 62
17 65
17 77
17 78
17 86
17 90
17 95
17 96
17 110
17 122
17 125
17 142
18 24
18 26
18 30
18 36
18 40
18 43
18 49
18 50
18 55
18 66
18 71
18 72
18 73
18 78
18 84
18 87
18 104
18 108
18 109
18 114
18 116
18 117
18 127
18 131
18 136
19 1
19 4
19 9
19 12
19 30
19 50
19 54
19 60
19 64
19 67
19 74
19 82
19 97
19 101
19 107
19 109
19 111
19 112
19 117
19 121
19 148
20 1
20 2
20 14
20 24
20 46
20 51
20 52
20 53
20 55
20 57
20 88
20 95
20 97
20 99
20 100
20 102
20 107
20 117
20 120
20 123
20 124
20 135
21 1
21 6
21 13
21 16
21 27
21 32
21 43
21 53
21 62
21 67
21 81
21 94
21 99
21 101
21 103
21 113
21 119
21 125
21 129
21 138
21 139
21 141
21 148
22 6
22 11
22 17
22 23
22 41
22 43
22 64
22 73
22 83
22 103
22 106
22 109
22 121
22 124
22 134
22 141
23 3
23 6
23 13
23 42
23 45
23 59
23 60
23 88
23 100
23 108
23 115
23 117
23 125
23 132
23 136
23 138
23 139
23 142
24 10
24 25
24 31
24 36
24 46
24 53
24 56
24 60
24 65
24 71
24 73
24 76
24 78
24 81
24 92
24 93
24 95
24 103
24 113
24 118
24 121
24 122
24 124
24 135
24 137
24 143
24 147
25 3
25 5
25 40
25 43
25 50
25 55
25 64
25 71
25 80
25 106
25 145
26 8
26 13
26 36
26 41
26 53
26 54
26 58
26 65
26 66
26 67
26 71
26 74
26 75
26 77
26 79
26 80
26 120
26 138
27 1
27 4
27 5
27 24
27 25
27 32
27 33
27 40
27 43
27 48
27 51
27 71
27 74
27 77
27 88
27 92
27 95
27 96
27 100
27 109
27 118
27 119
27 123
27 126
27 138
27 141
27 149
28 2
28 4
28 6
28 15
28 19
28 29
28 37
28 69
28 70
28 81
28 98
28 104
28 121
28 127
28 130
28 132
28 133
28 137
28 139
28 143
28 146
28 149
29 19
29 27
29 41
29 45
29 48
29 51
29 53
29 59
29 62
29 77
29 85
29 86
29 89
29 93
29 103
29 105
29 114
29 125
29 143
29 150
30 2
30 4
30 7
30 13
30 15
30 20
30 22
30 36
30 45
30 67
30 69
30 73
30 75
30 87
30 88
30 98
30 106
30 117
30 126
31 3
31 16
31 21
31 27
31 35
31 50
31 58
31 76
31 78
31 93
31 94
31 98
31 99
31 102
31 105
31 111
31 122
31 125
31 128
31 129
31 137
31 141
32 14
32 16
32 24
32 26
32 31
32 38
32 39
32 42
32 48
32 55
32 59
32 61
32 91
32 113
32 115
32 116
32 119
32 124
32 127
32 129
32 137
33 10
33 14
33 16
33 18
33 28
33 32
33 36
33 50
33 55
33 57
33 61
33 83
33 86
33 88
33 91
33 117
33 141
34 4
34 16
34 23
34 26
34 27
34 38
34 43
34 44
34 47
34 56
34 58
34 59
34 65
34 77
34 88
34 104
34 130
34 143
34 148
35 10
35 21
35 30
35 32
35 39
35 44
35 45
35 51
35 52
35 60
35 79
35 80
35 84
35 89
35 91
35 93
35 95
35 104
35 107
35 111
35 120
35 123
35 124
35 137
35 140
35 141
35 143
36 2
36 10
36 13
36 31
36 52
36 57
36 60
36 63
36 78
36 84
36 87
36 92
36 99
36 108
36 119
36 146
37 9
37 12
37 17
37 33
37 36
37 38
37 40
37 43
37 45
37 53
37 59
37 63
37 69
37 70
37 76
37 78
37 102
37 103
37 114
37 123
37 127
37 130
37 139
37 140
37 141
37 148
38 1
38 5
38 8
38 22
38 27
38 33
38 40
38 42
38 57
38 64
38 65
38 67
38 77
38 79
38 82
38 84
38 88
38 94
38 99
38 103
38 109
38 113
38 125
38 138
39 1
39 17
39 29
39 48
39 59
39 71
39 77
39 78
39 88
39 100
39 103
39 109
39 117
39 119
39 123
39 125
39 126
39 131
40 5
40 7
40 10
40 20
40 28
40 35
40 44
40 63
40 64
40 68
40 69
40 77
40 80
40 82
40 130
40 131
40 134
40 149
41 1
41 15
41 20
41 27
41 28
41 40
41 49
41 56
41 58
41 70
41 73
41 75
41 77
41 81
41 105
41 116
41 120
41 121
41 125
41 126
41 131
41 132
41 135
41 137
41 142
41 144
41 147
42 3
42 7
42 11
42 14
42 18
42 27
42 31
42 33
42 36
42 37
42 41
42 46
42 47
42 48
42 53
42 62
42 67
42 68
42 81
42 82
42 91
42 99
42 101
42 108
42 121
42 142
42 144
43 2
43 4
43 16
43 23
43 24
43 30
43 35
43 68
43 88
43 91
43 97
43 109
43 113
43 126
43 127
43 133
43 147
44 2
44 13
44 14
44 23
44 28
44 32
44 38
44 41
44 43
44 52
44 66
44 67
44 69
44 76
44 89
44 90
44 107
44 113
44 136
44 137
44 139
44 140
44 143
45 9
45 11
45 20
45 33
45 38
45 44
45 49
45 53
45 60
45 77
45 87
45 98
45 103
45 107
45 120
45 132
45 144
46 1
46 14
46 16
46 18
46 26
46 33
46 37
46 38
46 53
46 61
46 62
46 79
46 80
46 89
46 103
46 105
46 107
46 124
46 125
46 128
46 134
46 145
47 8
47 11
47 20
47 29
47 37
47 55
47 60
47 66
47 69
47 70
47 75
47 82
47 83
47 88
47 100
47 106
47 123
47 129
47 131
47 139
48 5
48 12
48 22
48 23
48 25
48 34
48 51
48 52
48 55
48 56
48 69
48 71
48 80
48 82
48 93
48 100
48 112
48 116
48 129
48 133
48 138
48 145
49 6
49 8
49 14
49 22
49 23
49 24
49 30
49 36
49 37
49 43
49 55
49 79
49 85
49 86
49 90
49 108
49 119
49 133
49 134
49 143
50 3
50 9
50 16
50 21
50 39
50 46
50 49
50 65
50 88
50 95
50 99
50 103
50 108
50 113
50 114
50 124
50 128
50 150
51 2
51 11
51 26
51 33
51 34
51 42
51 43
51 57
51 60
51 69
51 77
51 86
51 109
51 135
51 142
51 150
52 29
52 31
52 34
52 47
52 70
52 71
52 76
52 89
52 94
52 99
52 105
52 108
52 111
52 118
52 121
52 128
52 131
52 139
52 147
53 2
53 12
53 14
53 17
53 35
53 36
53 40
53 43
53 57
53 60
53 63
53 69
53 70
53 78
53 85
53 92
53 111
53 125
53 127
53 137
53 140
53 141
53 149
54 3
54 5
54 9
54 10
54 24
54 35
54 37
54 38
54 43
54 44
54 49
54 59
54 77
54 84
54 91
54 94
54 116
54 120
54 123
54 124
54 125
54 126
54 131
54 135
54 137
54 142
55 5
55 9
55 11
55 27
55 45
55 60
55 67
55 71
55 82
55 84
55 97
55 99
55 103
55 116
55 118
55 122
55 140
55 141
55 142
55 145
56 6
56 14
56 22
56 42
56 43
56 49
56 50
56 61
56 63
56 65
56 66
56 74
56 79
56 89
56 90
56 96
56 97
56 100
56 104
56 105
56 108
56 109
56 120
56 124
56 131
56 146
56 150
57 1
57 16
57 25
57 35
57 46
57 48
57 63
57 68
57 73
57 80
57 81
57 90
57 91
57 111
57 123
57 129
57 142
57 148
58 12
58 19
58 24
58 25
58 32
58 35
58 50
58 53
58 55
58 59
58 71
58 78
58 79
58 80
58 81
58 102
58 110
58 119
58 137
58 140
58 145
58 146
59 17
59 19
59 21
59 27
59 38
59 48
59 50
59 52
59 57
59 73
59 83
59 86
59 108
59 122
59 125
59 136
59 142
59 147
60 3
60 6
60 12
60 32
60 46
60 61
60 63
60 66
60 88
60 99
60 104
60 131
60 139
60 144
61 1
61 2
61 18
61 21
61 37
61 45
61 52
61 53
61 62
61 67
61 84
61 90
61 95
61 111
61 113
61 116
61 118
61 121
61 145
62 5
62 15
62 18
62 35
62 44
62 48
62 55
62 58
62 64
62 65
62 71
62 92
62 102
62 110
62 114
62 120
62 141
63 3
63 4
63 10
63 11
63 15
63 19
63 24
63 26
63 32
63 48
63 49
63 52
63 54
63 59
63 62
63 65
63 69
63 72
63 73
63 78
63 83
63 102
63 103
63 110
63 113
63 120
63 129
63 133
63 144
63 147
64 6
64 13
64 44
64 45
64 61
64 66
64 70
64 79
64 108
64 120
64 121
64 126
64 132
64 137
64 139
64 144
65 22
65 23
65 28
65 37
65 45
65 53
65 57
65 71
65 82
65 83
65 95
65 103
65 106
65 114
65 117
65 120
65 128
65 132
65 141
65 145
66 3
66 9
66 11
66 19
66 27
66 30
66 32
66 33
66 39
66 53
66 89
66 101
66 106
66 113
66 114
66 135
66 140
66 144
66 147
66 148
67 1
67 16
67 25
67 33
67 35
67 45
67 60
67 70
67 72
67 78
67 80
67 90
67 111
67 121
67 138
68 5
68 11
68 19
68 31
68 39
68 44
68 49
68 52
68 67
68 69
68 76
68 82
68 83
68 85
68 100
68 103
68 105
68 129
68 130
68 136
69 3
69 16
69 20
69 24
69 39
69 41
69 46
69 54
69 57
69 77
69 79
69 83
69 106
69 130
69 132
69 146
69 150
70 9
70 17
70 22
70 39
70 44
70 46
70 48
70 49
70 54
70 61
70 79
70 101
70 104
70 109
70 116
70 117
70 118
70 126
70 131
70 139
70 147
70 149
71 12
71 13
71 16
71 20
71 21
71 30
71 32
71 33
71 41
71 42
71 44
71 54
71 56
71 59
71 67
71 77
71 79
71 81
71 83
71 90
71 109
71 124
71 125
71 126
71 132
71 134
71 148
71 149
72 7
72 14
72 16
72 22
72 26
72 30
72 31
72 35
72 39
72 43
72 52
72 73
72 78
72 85
72 92
72 102
72 103
72 109
72 110
72 112
72 115
72 124
72 126
72 129
72 135
72 150
73 14
73 26
73 27
73 68
73 74
73 87
73 88
73 92
73 100
73 135
73 137
74 6
74 16
74 31
74 32
74 48
74 51
74 59
74 60
74 72
74 86
74 87
74 93
74 110
74 116
74 119
74 124
74 128
75 1
75 6
75 12
75 13
75 15
75 17
75 31
75 32
75 36
75 44
75 46
75 52
75 53
75 60
75 71
75 76
75 101
75 120
75 124
75 127
75 129
76 5
76 12
76 17
76 19
76 28
76 29
76 43
76 50
76 60
76 86
76 87
76 96
76 128
76 134
76 143
76 144
77 6
77 32
77 33
77 36
77 52
77 67
77 78
77 81
77 84
77 88
77 90
77 95
77 108
77 137
77 148
78 1
78 4
78 5
78 6
78 7
78 9
78 19
78 33
78 40
78 47
78 61
78 71
78 81
78 89
78 117
78 119
78 122
79 2
79 4
79 13
79 22
79 24
79 29
79 36
79 37
79 55
79 59
79 65
79 75
79 81
79 82
79 83
79 85
79 86
79 93
79 104
79 109
79 114
79 124
79 137
79 144
80 2
80 10
80 17
80 21
80 27
80 47
80 53
80 61
80 63
80 93
80 94
80 99
80 130
80 134
80 144
80 147
81 8
81 11
81 19
81 29
81 35
81 47
81 54
81 55
81 65
81 90
81 93
81 95
81 97
81 106
81 111
81 113
81 120
81 140
81 143
82 8
82 11
82 24
82 34
82 44
82 53
82 57
82 61
82 63
82 64
82 74
82 84
82 90
82 93
82 96
82 103
82 111
82 114
82 132
82 135
83 28
83 29
83 31
83 35
83 44
83 45
83 53
83 56
83 75
83 81
83 92
83 116
83 122
83 133
83 144
84 6
84 11
84 19
84 26
84 33
84 37
84 42
84 44
84 48
84 49
84 64
84 68
84 78
84 80
84 81
84 95
84 104
84 107
84 124
84 129
84 134
84 138
84 140
84 150
85 7
85 16
85 20
85 27
85 37
85 51
85 55
85 57
85 71
85 77
85 80
85 91
85 93
85 102
85 104
85 107
85 111
85 119
85 132
85 136
85 142
85 143
85 149
86 3
86 8
86 9
86 24
86 30
86 35
86 37
86 44
86 48
86 52
86 84
86 85
86 88
86 95
86 96
86 97
86 120
86 122
86 138
86 146
86 147
87 14
87 16
87 23
87 38
87 43
87 62
87 66
87 67
87 86
87 88
87 97
87 98
87 111
87 117
87 119
87 122
87 129
87 139
88 1
88 4
88 7
88 10
88 11
88 26
88 42
88 45
88 53
88 57
88 66
88 70
88 82
88 97
88 99
88 101
88 122
88 124
88 132
88 135
88 137
88 143
89 21
89 40
89 50
89 57
89 58
89 61
89 73
89 75
89 82
89 87
89 90
89 95
89 102
89 104
89 112
89 117
89 122
89 123
89 124
90 2
90 16
90 21
90 30
90 65
90 79
90 83
90 87
90 107
90 112
90 117
90 118
90 125
90 128
90 136
90 145
90 150
91 8
91 9
91 11
91 21
91 37
91 39
91 48
91 49
91 86
91 114
91 123
91 127
91 131
91 134
91 136
91 150
92 7
92 22
92 23
92 26
92 30
92 35
92 39
92 42
92 47
92 54
92 55
92 58
92 59
92 63
92 68
92 74
92 79
92 80
92 89
92 90
92 91
92 100
92 103
92 112
92 116
92 125
92 130
92 134
92 142
92 144
92 147
93 15
93 17
93 18
93 20
93 38
93 45
93 64
93 70
93 71
93 86
93 99
93 101
93 113
93 114
93 117
93 119
93 120
93 127
93 132
93 135
93 139
93 142
93 144
94 18
94 32
94 36
94 42
94 44
94 49
94 53
94 68
94 69
94 77
94 86
94 105
94 113
94 117
94 118
94 124
94 129
94 131
94 147
95 3
95 10
95 11
95 14
95 32
95 33
95 34
95 40
95 44
95 47
95 48
95 54
95 57
95 75
95 108
95 109
95 126
95 127
95 137
95 146
95 148
96 4
96 5
96 16
96 26
96 36
96 41
96 43
96 46
96 49
96 54
96 64
96 78
96 97
96 100
96 104
96 111
96 114
96 120
96 128
96 129
97 4
97 18
97 37
97 51
97 53
97 62
97 63
97 67
97 68
97 76
97 79
97 106
97 111
97 112
97 119
97 125
97 135
97 140
98 18
98 25
98 35
98 37
98 48
98 66
98 72
98 76
98 77
98 91
98 93
98 99
98 110
98 117
98 126
98 127
98 136
98 141
98 145
99 16
99 22
99 30
99 32
99 34
99 45
99 75
99 76
99 79
99 96
99 112
99 130
99 137
99 141
99 150
100 1
100 28
100 29
100 33
100 35
100 41
100 44
100 46
100 62
100 69
100 77
100 78
100 80
100 85
100 101
100 103
100 106
100 110
100 117
100 119
100 130
100 134
100 135
100 147
100 148
101 10
101 31
101 36
101 44
101 47
101 48
101 49
101 57
101 63
101 67
101 78
101 102
101 110
101 114
101 127
102 4
102 5
102 10
102 11
102 21
102 23
102 35
102 38
102 50
102 60
102 67
102 70
102 81
102 84
102 98
102 99
102 103
102 120
102 143
102 150
103 4
103 5
103 6
103 8
103 9
103 16
103 19
103 25
103 33
103 40
103 41
103 42
103 47
103 52
103 54
103 56
103 76
103 87
103 99
103 104
103 108
103 110
103 124
103 146
104 7
104 29
104 50
104 52
104 54
104 58
104 62
104 64
104 65
104 68
104 73
104 83
104 93
104 106
104 109
104 118
104 120
104 123
104 136
104 139
104 141
105 1
105 9
105 21
105 26
105 27
105 36
105 37
105 38
105 44
105 45
105 58
105 60
105 66
105 74
105 81
105 83
105 89
105 91
105 98
105 100
105 106
105 115
105 126
105 131
105 138
105 140
105 144
106 19
106 23
106 26
106 36
106 38
106 42
106 44
106 48
106 49
106 52
106 54
106 58
106 83
106 88
106 94
106 102
106 108
106 111
106 118
106 130
106 132
107 4
107 7
107 8
107 9
107 27
107 30
107 37
107 47
107 50
107 60
107 66
107 69
107 75
107 77
107 89
107 102
107 119
107 122
107 135
107 136
107 144
108 14
108 26
108 27
108 32
108 37
108 60
108 66
108 69
108 82
108 85
108 94
108 96
108 97
108 100
108 101
108 149
109 36
109 45
109 54
109 55
109 63
109 65
109 97
109 107
109 111
109 125
110 2
110 19
110 21
110 22
110 23
110 39
110 45
110 53
110 54
110 55
110 61
110 71
110 75
110 81
110 84
110 87
110 109
110 130
110 131
110 137
110 139
111 1
111 23
111 25
111 28
111 41
111 56
111 60
111 80
111 83
111 88
111 100
111 104
111 114
111 134
112 30
112 34
112 35
112 38
112 45
112 61
112 78
112 82
112 83
112 94
112 100
112 101
112 103
112 110
112 111
112 119
112 127
112 135
112 142
112 150
113 2
113 26
113 27
113 33
113 36
113 49
113 54
113 60
113 69
113 70
113 77
113 82
113 88
113 91
113 92
113 100
113 128
113 130
113 135
113 136
113 137
113 145
114 1
114 6
114 9
114 10
114 12
114 17
114 19
114 25
114 27
114 34
114 39
114 41
114 45
114 63
114 70
114 73
114 81
114 87
114 104
114 136
114 137
114 138
114 140
114 150
115 9
115 13
115 29
115 35
115 46
115 66
115 74
115 75
115 76
115 78
115 79
115 85
115 88
115 91
115 96
115 98
115 106
115 109
115 130
115 132
115 148
116 1
116 2
116 7
116 9
116 17
116 21
116 31
116 36
116 39
116 50
116 58
116 69
116 73
116 80
116 88
116 90
116 91
116 95
116 99
116 118
116 128
116 139
116 142
116 144
116 148
116 150
117 2
117 6
117 25
117 38
117 46
117 47
117 55
117 58
117 66
117 71
117 81
117 107
117 131
117 147
118 2
118 8
118 12
118 14
118 19
118 33
118 51
118 56
118 81
118 86
118 92
118 99
118 101
118 125
118 129
118 130
118 131
118 136
119 11
119 14
119 19
119 20
119 22
119 23
119 29
119 46
119 51
119 60
119 68
119 69
119 73
119 81
119 90
119 91
119 99
119 109
119 110
119 113
119 121
119 140
119 150
120 18
120 24
120 37
120 42
120 52
120 61
120 67
120 68
120 69
120 70
120 78
120 79
120 82
120 98
120 101
120 105
120 148
121 9
121 12
121 37
121 45
121 46
121 49
121 54
121 62
121 66
121 74
121 76
121 79
121 84
121 102
121 104
121 108
121 124
121 138
121 140
121 143
121 144
122 1
122 2
122 3
122 18
122 20
122 21
122 22
122 26
122 29
122 32
122 39
122 41
122 46
122 50
122 57
122 62
122 65
122 74
122 91
122 94
122 105
122 111
122 116
122 140
122 147
122 148
122 150
123 8
123 9
123 15
123 22
123 26
123 31
123 33
123 43
123 60
123 74
123 86
123 94
123 99
123 103
123 106
123 114
123 115
123 119
123 137
123 142
123 147
123 149
124 31
124 34
124 40
124 49
124 55
124 59
124 66
124 80
124 85
124 90
124 98
124 99
124 127
124 133
124 137
124 147
125 3
125 19
125 30
125 56
125 60
125 65
125 70
125 73
125 74
125 83
125 99
125 102
125 106
125 140
125 143
125 149
126 12
126 14
126 19
126 31
126 36
126 42
126 49
126 65
126 77
126 84
126 89
126 96
126 100
126 102
126 104
126 109
126 112
126 119
126 130
126 131
126 132
126 133
126 139
127 2
127 17
127 22
127 23
127 29
127 38
127 39
127 42
127 44
127 45
127 59
127 72
127 92
127 99
127 110
127 115
127 120
127 121
127 122
127 135
127 139
127 143
127 147
128 11
128 18
128 39
128 43
128 56
128 59
128 67
128 81
128 97
128 105
128 108
128 126
128 129
128 136
128 137
128 138
129 17
129 24
129 27
129 34
129 37
129 40
129 46
129 61
129 66
129 102
129 110
129 113
129 116
129 140
129 146
129 150
130 3
130 10
130 19
130 24
130 48
130 62
130 67
130 76
130 89
130 90
130 103
130 111
130 117
130 133
130 135
130 140
131 6
131 7
131 8
131 15
131 38
131 51
131 58
131 64
131 68
131 74
131 76
131 100
131 103
131 112
131 123
131 129
131 137
131 138
131 145
132 17
132 21
132 22
132 37
132 39
132 44
132 48
132 51
132 58
132 62
132 80
132 90
132 112
132 113
132 124
132 138
132 141
132 144
132 148
133 9
133 14
133 19
133 32
133 41
133 54
133 55
133 64
133 65
133 68
133 69
133 79
133 89
133 96
133 101
133 107
133 121
133 122
133 131
133 135
133 136
133 142
133 149
134 9
134 14
134 15
134 18
134 23
134 34
134 36
134 56
134 61
134 69
134 73
134 78
134 81
134 90
134 95
134 104
134 105
134 106
134 113
134 115
134 128
134 131
134 142
134 143
135 2
135 13
135 22
135 28
135 35
135 37
135 39
135 45
135 47
135 61
135 62
135 67
135 80
135 86
135 90
135 91
135 94
135 106
135 109
135 114
135 119
135 121
135 138
135 139
135 140
136 9
136 21
136 27
136 29
136 33
136 45
136 71
136 74
136 75
136 78
136 82
136 95
136 105
136 115
136 121
136 134
136 142
136 144
136 147
137 3
137 5
137 11
137 47
137 49
137 50
137 52
137 56
137 66
137 82
137 86
137 91
137 101
137 105
137 120
137 122
137 126
137 147
137 150
138 9
138 13
138 24
138 40
138 49
138 50
138 54
138 57
138 69
138 90
138 99
138 100
138 103
138 109
138 122
138 126
138 129
138 137
138 139
138 145
139 4
139 8
139 11
139 22
139 30
139 31
139 43
139 50
139 51
139 54
139 55
139 56
139 72
139 81
139 85
139 97
139 111
139 124
139 130
139 137
139 141
139 142
139 144
139 150
140 1
140 4
140 10
140 19
140 24
140 26
140 30
140 41
140 63
140 65
140 79
140 85
140 100
140 111
140 112
140 120
140 138
140 142
140 149
141 3
141 7
141 28
141 29
141 34
141 39
141 40
141 42
141 43
141 48
141 50
141 52
141 54
141 80
141 82
141 92
141 97
141 107
141 115
141 118
141 140
142 21
142 63
142 65
142 67
142 70
142 77
142 84
142 104
142 111
142 114
142 118
142 119
142 122
142 141
143 5
143 20
143 21
143 22
143 23
143 52
143 53
143 59
143 61
143 63
143 86
143 99
143 120
143 132
143 138
143 142
143 149
144 20
144 21
144 27
144 33
144 35
144 57
144 82
144 84
144 86
144 91
144 101
144 108
144 115
144 122
144 126
144 133
145 1
145 4
145 17
145 21
145 22
145 35
145 47
145 68
145 78
145 80
145 83
145 87
145 88
145 92
145 94
145 109
145 124
145 125
145 126
145 130
145 137
146 8
146 14
146 17
146 18
146 20
146 22
146 25
146 29
146 40
146 55
146 60
146 62
146 67
146 91
146 100
146 101
146 106
146 123
146 128
146 132
146 133
146 137
146 140
147 8
147 11
147 38
147 40
147 55
147 62
147 64
147 69
147 71
147 78
147 83
147 90
147 112
147 134
147 143
148 3
148 24
148 29
148 30
148 39
148 42
148 59
148 60
148 65
148 70
148 74
148 79
148 85
148 86
148 89
148 93
148 98
148 105
148 106
148 133
148 142
148 145
149 1
149 7
149 19
149 41
149 43
149 45
149 67
149 68
149 75
149 76
149 97
149 99
149 109
149 118
149 134
149 135
150 5
150 13
150 35
150 36
150 38
150 42
150 54
150 57
150 61
150 71
150 79
150 81
150 96
150 106
150 107
150 111
150 113
150 123
150 136
150 140
150 141
150 142
150 144
150 147

