mpi 100 1000 1 1 5532 0
mpi 100 1000 1 10 5389 0
mpi 100 1000 1 2 4924 0
mpi 100 1000 1 3 5489 0
mpi 100 1000 1 4 5140 0
mpi 100 1000 1 5 5649 0
mpi 100 1000 1 6 5610 0
mpi 100 1000 1 7 4897 0
mpi 100 1000 1 8 5209 0
mpi 100 1000 1 9 5475 0
mpi 100 100 1 1 2501 0
mpi 100 100 1 10 2521 0
mpi 100 100 1 2 2503 0
mpi 100 100 1 3 2634 0
mpi 100 100 1 4 2132 0
mpi 100 100 1 5 2380 0
mpi 100 100 1 6 2700 0
mpi 100 100 1 7 2514 0
mpi 100 100 1 8 2463 0
mpi 100 100 1 9 2450 0
mpi 100 2000 1 1 6474 0
mpi 100 2000 1 10 6614 0
mpi 100 2000 1 2 5559 0
mpi 100 2000 1 3 5764 0
mpi 100 2000 1 4 5460 0
mpi 100 2000 1 5 6162 0
mpi 100 2000 1 6 6010 0
mpi 100 2000 1 7 6218 0
mpi 100 2000 1 8 6296 0
mpi 100 2000 1 9 6609 0
mpi 100 250 1 1 3860 0
mpi 100 250 1 10 3819 0
mpi 100 250 1 2 3548 0
mpi 100 250 1 3 3479 0
mpi 100 250 1 4 3471 0
mpi 100 250 1 5 3517 0
mpi 100 250 1 6 4059 0
mpi 100 250 1 7 3587 0
mpi 100 250 1 8 3543 0
mpi 100 250 1 9 3889 0
mpi 100 500 1 1 4470 0
mpi 100 500 1 10 4383 0
mpi 100 500 1 2 4957 0
mpi 100 500 1 3 4349 0
mpi 100 500 1 4 4778 0
mpi 100 500 1 5 4447 0
mpi 100 500 1 6 4673 0
mpi 100 500 1 7 4540 0
mpi 100 500 1 8 4399 0
mpi 100 500 1 9 4327 0
mpi 100 750 1 1 5137 0
mpi 100 750 1 10 5216 0
mpi 100 750 1 2 5040 0
mpi 100 750 1 3 5104 0
mpi 100 750 1 4 5306 0
mpi 100 750 1 5 5283 0
mpi 100 750 1 6 5660 0
mpi 100 750 1 7 4761 0
mpi 100 750 1 8 4823 0
mpi 100 750 1 9 5046 0
mpi 150 1000 1 1 7221 0
mpi 150 1000 1 10 7564 0
mpi 150 1000 1 2 6886 0
mpi 150 1000 1 3 7080 0
mpi 150 1000 1 4 7346 0
mpi 150 1000 1 5 7666 0
mpi 150 1000 1 6 7570 0
mpi 150 1000 1 7 7667 0
mpi 150 1000 1 8 8749 0
mpi 150 1000 1 9 7502 0
mpi 150 150 1 1 3756 0
mpi 150 150 1 10 3716 0
mpi 150 150 1 2 3843 0
mpi 150 150 1 3 3911 0
mpi 150 150 1 4 3864 0
mpi 150 150 1 5 3635 0
mpi 150 150 1 6 3543 0
mpi 150 150 1 7 3610 0
mpi 150 150 1 8 3723 0
mpi 150 150 1 9 3376 0
mpi 150 2000 1 1 8651 0
mpi 150 2000 1 10 8613 0
mpi 150 2000 1 2 8239 0
mpi 150 2000 1 3 7873 0
mpi 150 2000 1 4 8997 0
mpi 150 2000 1 5 8840 0
mpi 150 2000 1 6 8437 0
mpi 150 2000 1 7 8972 0
mpi 150 2000 1 8 8775 0
mpi 150 2000 1 9 8080 0
mpi 150 250 1 1 4680 0
mpi 150 250 1 10 4588 0
mpi 150 250 1 2 4771 0
mpi 150 250 1 3 4452 0
mpi 150 250 1 4 4767 0
mpi 150 250 1 5 5187 0
mpi 150 250 1 6 4757 0
mpi 150 250 1 7 4329 0
mpi 150 250 1 8 5057 0
mpi 150 250 1 9 4541 0
mpi 150 3000 1 1 8639 0
mpi 150 3000 1 10 8989 0
mpi 150 3000 1 2 8905 0
mpi 150 3000 1 3 8379 0
mpi 150 3000 1 4 8968 0
mpi 150 3000 1 5 8899 0
mpi 150 3000 1 6 9093 0
mpi 150 3000 1 7 8568 0
mpi 150 3000 1 8 8915 0
mpi 150 3000 1 9 8642 0
mpi 150 500 1 1 6191 0
mpi 150 500 1 10 6348 0
mpi 150 500 1 2 5998 0
mpi 150 500 1 3 6182 0
mpi 150 500 1 4 5767 0
mpi 150 500 1 5 6065 0
mpi 150 500 1 6 5901 0
mpi 150 500 1 7 6124 0
mpi 150 500 1 8 5545 0
mpi 150 500 1 9 6521 0
mpi 150 750 1 1 6974 0
mpi 150 750 1 10 7231 0
mpi 150 750 1 2 7228 0
mpi 150 750 1 3 6432 0
mpi 150 750 1 4 7229 0
mpi 150 750 1 5 6295 0
mpi 150 750 1 6 7164 0
mpi 150 750 1 7 6788 0
mpi 150 750 1 8 6852 0
mpi 150 750 1 9 7279 0
mpi 200 1000 1 1 8995 0
mpi 200 1000 1 10 8742 0
mpi 200 1000 1 2 9636 0
mpi 200 1000 1 3 8981 0
mpi 200 1000 1 4 9094 0
mpi 200 1000 1 5 9041 0
mpi 200 1000 1 6 9242 0
mpi 200 1000 1 7 8942 0
mpi 200 1000 1 8 9205 0
mpi 200 1000 1 9 9482 0
mpi 200 2000 1 1 11099 0
mpi 200 2000 1 10 10815 0
mpi 200 2000 1 2 10987 0
mpi 200 2000 1 3 10865 0
mpi 200 2000 1 4 11252 0
mpi 200 2000 1 5 11267 0
mpi 200 2000 1 6 10937 0
mpi 200 2000 1 7 10681 0
mpi 200 2000 1 8 9929 0
mpi 200 2000 1 9 10979 0
mpi 200 250 1 1 5432 0
mpi 200 250 1 10 5662 0
mpi 200 250 1 2 5221 0
mpi 200 250 1 3 5172 0
mpi 200 250 1 4 5123 0
mpi 200 250 1 5 5167 0
mpi 200 250 1 6 5197 0
mpi 200 250 1 7 5625 0
mpi 200 250 1 8 5717 0
mpi 200 250 1 9 5422 0
mpi 200 3000 1 1 11543 0
mpi 200 3000 1 10 11342 0
mpi 200 3000 1 2 11552 1
mpi 200 3000 1 3 11289 0
mpi 200 3000 1 4 11776 0
mpi 200 3000 1 5 11800 0
mpi 200 3000 1 6 11908 0
mpi 200 3000 1 7 11065 0
mpi 200 3000 1 8 11488 0
mpi 200 3000 1 9 11460 0
mpi 200 500 1 1 7308 0
mpi 200 500 1 10 7335 0
mpi 200 500 1 2 6940 0
mpi 200 500 1 3 7104 0
mpi 200 500 1 4 7648 0
mpi 200 500 1 5 7314 0
mpi 200 500 1 6 7183 0
mpi 200 500 1 7 7330 0
mpi 200 500 1 8 7958 0
mpi 200 500 1 9 7759 0
mpi 200 750 1 1 8398 0
mpi 200 750 1 10 8392 0
mpi 200 750 1 2 8503 0
mpi 200 750 1 3 8057 0
mpi 200 750 1 4 8745 0
mpi 200 750 1 5 8346 0
mpi 200 750 1 6 8326 0
mpi 200 750 1 7 8684 0
mpi 200 750 1 8 8218 0
mpi 200 750 1 9 8806 0
mpi 250 1000 1 1 10651 0
mpi 250 1000 1 10 11657 0
mpi 250 1000 1 2 11199 0
mpi 250 1000 1 3 10726 0
mpi 250 1000 1 4 11078 0
mpi 250 1000 1 5 10323 0
mpi 250 1000 1 6 11199 0
mpi 250 1000 1 7 10826 0
mpi 250 1000 1 8 10834 0
mpi 250 1000 1 9 10935 0
mpi 250 2000 1 1 12417 0
mpi 250 2000 1 10 13365 0
mpi 250 2000 1 2 12227 1
mpi 250 2000 1 3 12848 1
mpi 250 2000 1 4 13340 0
mpi 250 2000 1 5 12453 0
mpi 250 2000 1 6 12971 0
mpi 250 2000 1 7 12394 0
mpi 250 2000 1 8 13394 0
mpi 250 2000 1 9 12436 0
mpi 250 250 1 1 5898 0
mpi 250 250 1 10 6426 0
mpi 250 250 1 2 6304 0
mpi 250 250 1 3 5849 0
mpi 250 250 1 4 6379 0
mpi 250 250 1 5 6027 0
mpi 250 250 1 6 6105 0
mpi 250 250 1 7 5923 0
mpi 250 250 1 8 6063 0
mpi 250 250 1 9 6174 0
mpi 250 3000 1 1 14427 1
mpi 250 3000 1 10 13712 1
mpi 250 3000 1 2 13414 1
mpi 250 3000 1 3 14427 2
mpi 250 3000 1 4 14860 1
mpi 250 3000 1 5 13580 0
mpi 250 3000 1 6 14316 1
mpi 250 3000 1 7 13959 0
mpi 250 3000 1 8 13605 0
mpi 250 3000 1 9 13752 1
mpi 250 5000 1 1 15520 1
mpi 250 5000 1 10 15200 1
mpi 250 5000 1 2 14330 0
mpi 250 5000 1 3 14875 0
mpi 250 5000 1 4 15067 0
mpi 250 5000 1 5 14157 0
mpi 250 5000 1 6 14844 1
mpi 250 5000 1 7 15870 0
mpi 250 5000 1 8 15415 1
mpi 250 5000 1 9 13615 1
mpi 250 500 1 1 8434 0
mpi 250 500 1 10 8439 0
mpi 250 500 1 2 8310 0
mpi 250 500 1 3 8637 0
mpi 250 500 1 4 8408 0
mpi 250 500 1 5 8325 0
mpi 250 500 1 6 8540 0
mpi 250 500 1 7 8760 0
mpi 250 500 1 8 8196 0
mpi 250 500 1 9 8792 0
mpi 250 750 1 1 10148 0
mpi 250 750 1 10 10315 0
mpi 250 750 1 2 9459 0
mpi 250 750 1 3 9541 0
mpi 250 750 1 4 9504 0
mpi 250 750 1 5 9573 0
mpi 250 750 1 6 9873 0
mpi 250 750 1 7 9985 0
mpi 250 750 1 8 9856 0
mpi 250 750 1 9 9753 0
mpi 300 1000 1 1 11738 0
mpi 300 1000 1 10 11917 0
mpi 300 1000 1 2 12215 0
mpi 300 1000 1 3 12457 0
mpi 300 1000 1 4 12129 0
mpi 300 1000 1 5 12422 0
mpi 300 1000 1 6 12331 0
mpi 300 1000 1 7 12280 0
mpi 300 1000 1 8 12228 0
mpi 300 1000 1 9 11553 0
mpi 300 2000 1 1 15248 0
mpi 300 2000 1 10 14072 1
mpi 300 2000 1 2 15122 0
mpi 300 2000 1 3 15001 0
mpi 300 2000 1 4 14565 0
mpi 300 2000 1 5 15081 0
mpi 300 2000 1 6 15360 0
mpi 300 2000 1 7 14883 0
mpi 300 2000 1 8 15086 0
mpi 300 2000 1 9 15060 1
mpi 300 3000 1 1 16476 0
mpi 300 3000 1 10 16111 0
mpi 300 3000 1 2 16124 0
mpi 300 3000 1 3 16613 0
mpi 300 3000 1 4 15615 0
mpi 300 3000 1 5 16440 0
mpi 300 3000 1 6 16620 0
mpi 300 3000 1 7 15940 0
mpi 300 3000 1 8 15796 0
mpi 300 3000 1 9 16374 0
mpi 300 300 1 1 7158 0
mpi 300 300 1 10 7329 0
mpi 300 300 1 2 7667 0
mpi 300 300 1 3 7373 0
mpi 300 300 1 4 7106 0
mpi 300 300 1 5 6928 0
mpi 300 300 1 6 7489 0
mpi 300 300 1 7 7829 0
mpi 300 300 1 8 7306 0
mpi 300 300 1 9 7892 0
mpi 300 5000 1 1 17474 1
mpi 300 5000 1 10 17309 2
mpi 300 5000 1 2 17306 0
mpi 300 5000 1 3 18042 1
mpi 300 5000 1 4 16702 0
mpi 300 5000 1 5 17820 0
mpi 300 5000 1 6 17440 0
mpi 300 5000 1 7 18614 0
mpi 300 5000 1 8 17255 1
mpi 300 5000 1 9 16963 1
mpi 300 500 1 1 9129 0
mpi 300 500 1 10 9518 0
mpi 300 500 1 2 10524 0
mpi 300 500 1 3 9283 0
mpi 300 500 1 4 9393 0
mpi 300 500 1 5 8948 0
mpi 300 500 1 6 9567 0
mpi 300 500 1 7 8812 0
mpi 300 500 1 8 9729 0
mpi 300 500 1 9 10168 0
mpi 300 750 1 1 11551 0
mpi 300 750 1 10 10138 0
mpi 300 750 1 2 10944 0
mpi 300 750 1 3 11305 0
mpi 300 750 1 4 11180 0
mpi 300 750 1 5 10775 0
mpi 300 750 1 6 11281 0
mpi 300 750 1 7 11217 0
mpi 300 750 1 8 11522 0
mpi 300 750 1 9 11815 0
mpi 50 1000 1 1 3401 0
mpi 50 1000 1 10 3299 0
mpi 50 1000 1 2 2801 0
mpi 50 1000 1 3 2917 0
mpi 50 1000 1 4 3349 0
mpi 50 1000 1 5 3007 0
mpi 50 1000 1 6 3074 0
mpi 50 1000 1 7 2879 0
mpi 50 1000 1 8 3007 0
mpi 50 1000 1 9 3026 0
mpi 50 100 1 1 1446 0
mpi 50 100 1 10 1576 0
mpi 50 100 1 2 1574 0
mpi 50 100 1 3 1506 0
mpi 50 100 1 4 1533 0
mpi 50 100 1 5 1729 0
mpi 50 100 1 6 1590 0
mpi 50 100 1 7 1644 0
mpi 50 100 1 8 1790 0
mpi 50 100 1 9 1785 0
mpi 50 250 1 1 2430 0
mpi 50 250 1 10 2489 0
mpi 50 250 1 2 2573 0
mpi 50 250 1 3 2184 0
mpi 50 250 1 4 2494 0
mpi 50 250 1 5 1997 0
mpi 50 250 1 6 2179 0
mpi 50 250 1 7 2419 0
mpi 50 250 1 8 2065 0
mpi 50 250 1 9 2096 0
mpi 50 500 1 1 2566 0
mpi 50 500 1 10 2562 0
mpi 50 500 1 2 2848 0
mpi 50 500 1 3 2687 0
mpi 50 500 1 4 2572 0
mpi 50 500 1 5 2763 0
mpi 50 500 1 6 2940 0
mpi 50 500 1 7 2482 0
mpi 50 500 1 8 2785 0
mpi 50 500 1 9 2762 0
mpi 50 50 1 1 1045 0
mpi 50 50 1 10 1200 0
mpi 50 50 1 2 1335 0
mpi 50 50 1 3 1087 0
mpi 50 50 1 4 1379 0
mpi 50 50 1 5 1120 0
mpi 50 50 1 6 1082 0
mpi 50 50 1 7 959 0
mpi 50 50 1 8 1259 0
mpi 50 50 1 9 1670 0
mpi 50 750 1 1 3123 0
mpi 50 750 1 10 2673 0
mpi 50 750 1 2 2954 0
mpi 50 750 1 3 2960 0
mpi 50 750 1 4 3041 0
mpi 50 750 1 5 2851 0
mpi 50 750 1 6 2847 0
mpi 50 750 1 7 3429 0
mpi 50 750 1 8 2726 0
mpi 50 750 1 9 2983 0